-0.544940
-0.545331
-0.545723
-0.546192
-0.546114
-0.546897
-0.546975
-0.547210
-0.547445
-0.547914
-0.548227
-0.548384
-0.548697
-0.548775
-0.549088
-0.549088
-0.549636
-0.549793
-0.550106
-0.550654
-0.550654
-0.551123
-0.551280
-0.551671
-0.552297
-0.552923
-0.552923
-0.553315
-0.553158
-0.553393
-0.553628
-0.554254
-0.554489
-0.554802
-0.555037
-0.555350
-0.555819
-0.556054
-0.556289
-0.556524
-0.557072
-0.556994
-0.557150
-0.557463
-0.558168
-0.558637
-0.558715
-0.558794
-0.559185
-0.559655
-0.559576
-0.559968
-0.560281
-0.560359
-0.561220
-0.561298
-0.561611
-0.562316
-0.562551
-0.562707
-0.563333
-0.563333
-0.563568
-0.563960
-0.564273
-0.564742
-0.564507
-0.565055
-0.565212
-0.565290
-0.565916
-0.566229
-0.566464
-0.566308
-0.566856
-0.567012
-0.567403
-0.567795
-0.568108
-0.568264
-0.568421
-0.568656
-0.569047
-0.569438
-0.569595
-0.569908
-0.570221
-0.570456
-0.570691
-0.570926
-0.571317
-0.571630
-0.572021
-0.572413
-0.572726
-0.573117
-0.573039
-0.573508
-0.573978
-0.574213
-0.574291
-0.574761
-0.575074
-0.575230
-0.575387
-0.575543
-0.575700
-0.576170
-0.576248
-0.576483
-0.576952
-0.577344
-0.577422
-0.577735
-0.578439
-0.578596
-0.578674
-0.578987
-0.579535
-0.579613
-0.580005
-0.580161
-0.580161
-0.580866
-0.581022
-0.581648
-0.581883
-0.582196
-0.582509
-0.582744
-0.583449
-0.583214
-0.583605
-0.583918
-0.584231
-0.584701
-0.585014
-0.585249
-0.585405
-0.585797
-0.586266
-0.586345
-0.586814
-0.586893
-0.587206
-0.587362
-0.587440
-0.588145
-0.588301
-0.588536
-0.589084
-0.589319
-0.589632
-0.589710
-0.589945
-0.590336
-0.590650
-0.590571
-0.591119
-0.591824
-0.592137
-0.592371
-0.592606
-0.592919
-0.593076
-0.593389
-0.593624
-0.593937
-0.593859
-0.594720
-0.594720
-0.594720
-0.595346
-0.595659
-0.596050
-0.596207
-0.596363
-0.596911
-0.597302
-0.597537
-0.597694
-0.597929
-0.598242
-0.598398
-0.598711
-0.598946
-0.599572
-0.599807
-0.599807
-0.600512
-0.600668
-0.600981
-0.601138
-0.601372
-0.602077
-0.602233
-0.602703
-0.602860
-0.603173
-0.603642
-0.603721
-0.604268
-0.604503
-0.604973
-0.604816
-0.605364
-0.605443
-0.605521
-0.605990
-0.606460
-0.606773
-0.607008
-0.607243
-0.607556
-0.607869
-0.607869
-0.608338
-0.608495
-0.608965
-0.609356
-0.609591
-0.609826
-0.610139
-0.610295
-0.610687
-0.610843
-0.611626
-0.611548
-0.612017
-0.612017
-0.612722
-0.612722
-0.613191
-0.613191
-0.613661
-0.613504
-0.614130
-0.614130
-0.614678
-0.614835
-0.615070
-0.615852
-0.615852
-0.616009
-0.616322
-0.616870
-0.617261
-0.617418
-0.617731
-0.618200
-0.618044
-0.618435
-0.618905
-0.619296
-0.619375
-0.619688
-0.620392
-0.620314
-0.620705
-0.620862
-0.621096
-0.621410
-0.621957
-0.622349
-0.622427
-0.622818
-0.623366
-0.623523
-0.623914
-0.624071
-0.624149
-0.624619
-0.625088
-0.625010
-0.625480
-0.625480
-0.626106
-0.626341
-0.626341
-0.626888
-0.627280
-0.627436
-0.627436
-0.627984
-0.628297
-0.628297
-0.628689
-0.629080
-0.629628
-0.629706
-0.629863
-0.630254
-0.630802
-0.631037
-0.631585
-0.631898
-0.631898
-0.632289
-0.632367
-0.632680
-0.632915
-0.633228
-0.633698
-0.633854
-0.634402
-0.634559
-0.634872
-0.635263
-0.635420
-0.635576
-0.635968
-0.636359
-0.636750
-0.637064
-0.637298
-0.637611
-0.637768
-0.638159
-0.638707
-0.638785
-0.639177
-0.639803
-0.640194
-0.640351
-0.640899
-0.640977
-0.641290
-0.641760
-0.642229
-0.642464
-0.642542
-0.642934
-0.643090
-0.643403
-0.643716
-0.644108
-0.644264
-0.644421
-0.644734
-0.645125
-0.645204
-0.645360
-0.645673
-0.646456
-0.646534
-0.647160
-0.647317
-0.647552
-0.647865
-0.648413
-0.648256
-0.648726
-0.648882
-0.649039
-0.649352
-0.649508
-0.650056
-0.650448
-0.650682
-0.650996
-0.651230
-0.651465
-0.651935
-0.652326
-0.652483
-0.652874
-0.652952
-0.653422
-0.653265
-0.654126
-0.654205
-0.654596
-0.654752
-0.655300
-0.655692
-0.655535
-0.656318
-0.656631
-0.656787
-0.657022
-0.657335
-0.657570
-0.658040
-0.658118
-0.658588
-0.658744
-0.658901
-0.659214
-0.659214
-0.659527
-0.659997
-0.660388
-0.660779
-0.661014
-0.661327
-0.661640
-0.661797
-0.662032
-0.662501
-0.662736
-0.663127
-0.663519
-0.663362
-0.663832
-0.663910
-0.663754
-0.664067
-0.663988
-0.663832
-0.664067
-0.663675
-0.663754
-0.663910
-0.663754
-0.663754
-0.663362
-0.663362
-0.663206
-0.662971
-0.663206
-0.662814
-0.662579
-0.662501
-0.661875
-0.661797
-0.661405
-0.661249
-0.661092
-0.660623
-0.660231
-0.660153
-0.659840
-0.659527
-0.659292
-0.658901
-0.658509
-0.658353
-0.658431
-0.657648
-0.657414
-0.657101
-0.656709
-0.656396
-0.656083
-0.655613
-0.655535
-0.655457
-0.655222
-0.654674
-0.654283
-0.653970
-0.653735
-0.653265
-0.652874
-0.652796
-0.652483
-0.652326
-0.651778
-0.651309
-0.651074
-0.650682
-0.650526
-0.649900
-0.649821
-0.649743
-0.649039
-0.648726
-0.648256
-0.648100
-0.647708
-0.647473
-0.647160
-0.646691
-0.646456
-0.646065
-0.645673
-0.645360
-0.645047
-0.645047
-0.644421
-0.644343
-0.643873
-0.643638
-0.643325
-0.643169
-0.642621
-0.642308
-0.642073
-0.641681
-0.641368
-0.641055
-0.640429
-0.640429
-0.640038
-0.639490
-0.639177
-0.638707
-0.638629
-0.638081
-0.637924
-0.637533
-0.637455
-0.636985
-0.636516
-0.636203
-0.635968
-0.635655
-0.635185
-0.634637
-0.634324
-0.634324
-0.633776
-0.633463
-0.633072
-0.632602
-0.632446
-0.631898
-0.631663
-0.631428
-0.631193
-0.630802
-0.630332
-0.630019
-0.629628
-0.629471
-0.629080
-0.628610
-0.628689
-0.628062
-0.627984
-0.627515
-0.627202
-0.626888
-0.626497
-0.625871
-0.625714
-0.625166
-0.625245
-0.625010
-0.624462
-0.624227
-0.623992
-0.623679
-0.623601
-0.622897
-0.622427
-0.622114
-0.622192
-0.621879
-0.620940
-0.620705
-0.620549
-0.620079
-0.620001
-0.619453
-0.619140
-0.618827
-0.618357
-0.617966
-0.617966
-0.617340
-0.617183
-0.616635
-0.616322
-0.616087
-0.615618
-0.615305
-0.615070
-0.614600
-0.614444
-0.613896
-0.613817
-0.613269
-0.612956
-0.612487
-0.612409
-0.611782
-0.611626
-0.611548
-0.611234
-0.610921
-0.610530
-0.609904
-0.609669
-0.609356
-0.608808
-0.608965
-0.608573
-0.608417
-0.607869
-0.607478
-0.607164
-0.606538
-0.606382
-0.605834
-0.605677
-0.605208
-0.604973
-0.604816
-0.604425
-0.604112
-0.603642
-0.603251
-0.602860
-0.602390
-0.601999
-0.601999
-0.601842
-0.600981
-0.600981
-0.600277
-0.599807
-0.599494
-0.599181
-0.598868
-0.598555
-0.598007
-0.597929
-0.597381
-0.597146
-0.596676
-0.596285
-0.595972
-0.595815
-0.595659
-0.595267
-0.594798
-0.594641
-0.594172
-0.593702
-0.593232
-0.593311
-0.592998
-0.592528
-0.592058
-0.591902
-0.591589
-0.591119
-0.590806
-0.590336
-0.590336
-0.590102
-0.589632
-0.589162
-0.588693
-0.588458
-0.588380
-0.588067
-0.587519
-0.587206
-0.586736
-0.586658
-0.586266
-0.585797
-0.585484
-0.585405
-0.584701
-0.584388
-0.583918
-0.583997
-0.583370
-0.582901
-0.582901
-0.582509
-0.581883
-0.581648
-0.581257
-0.581022
-0.580396
-0.580318
-0.580005
-0.579457
-0.578909
-0.578831
-0.578361
-0.578048
-0.577735
-0.577500
-0.576874
-0.576717
-0.576483
-0.576248
-0.575935
-0.575543
-0.575230
-0.574917
-0.574682
-0.574369
-0.574056
-0.573587
-0.573195
-0.573039
-0.572491
-0.572021
-0.572178
-0.571865
-0.571395
-0.571004
-0.570847
-0.570456
-0.570065
-0.569517
-0.569204
-0.568969
-0.568734
-0.568421
-0.568030
-0.568030
-0.567403
-0.567169
-0.566621
-0.566464
-0.565916
-0.565760
-0.565290
-0.564977
-0.564664
-0.564116
-0.564038
-0.563333
-0.563255
-0.562707
-0.562785
-0.562238
-0.562003
-0.561768
-0.561220
-0.560985
-0.560829
-0.560359
-0.559968
-0.559263
-0.559107
-0.558950
-0.558324
-0.558011
-0.557854
-0.557620
-0.557150
-0.556837
-0.556602
-0.556054
-0.555663
-0.555741
-0.555350
-0.554802
-0.554645
-0.554254
-0.553863
-0.553784
-0.553158
-0.552689
-0.552610
-0.552297
-0.551984
-0.551436
-0.551202
-0.551045
-0.550106
-0.550262
-0.549871
-0.549401
-0.548932
-0.548697
-0.548697
-0.548462
-0.547836
-0.547679
-0.547288
-0.546818
-0.546584
-0.546271
-0.545566
-0.545723
-0.545097
-0.544940
-0.544470
-0.544236
-0.543844
-0.543453
-0.543296
-0.543061
-0.542670
-0.542514
-0.542122
-0.541731
-0.541418
-0.541026
-0.540557
-0.540166
-0.539774
-0.539539
-0.539305
-0.538757
-0.538444
-0.538287
-0.537739
-0.537817
-0.537270
-0.537270
-0.537035
-0.536565
-0.536252
-0.536330
-0.535782
-0.535548
-0.535078
-0.534687
-0.534295
-0.534217
-0.533747
-0.533356
-0.533199
-0.532652
-0.532417
-0.531947
-0.531791
-0.531478
-0.531164
-0.530773
-0.530460
-0.530069
-0.529912
-0.529521
-0.529208
-0.528816
-0.528738
-0.528112
-0.527877
-0.527642
-0.527486
-0.527173
-0.526625
-0.526390
-0.525999
-0.525764
-0.525373
-0.524981
-0.525059
-0.524668
-0.524512
-0.524277
-0.523651
-0.523337
-0.523337
-0.523024
-0.522555
-0.521929
-0.521772
-0.521381
-0.521302
-0.520520
-0.520598
-0.519815
-0.519502
-0.519189
-0.518720
-0.518720
-0.518328
-0.518328
-0.517937
-0.517546
-0.517076
-0.516763
-0.516450
-0.516450
-0.515745
-0.515354
-0.515354
-0.515197
-0.514728
-0.514258
-0.513945
-0.513632
-0.513476
-0.513084
-0.513084
-0.512693
-0.512458
-0.512301
-0.511440
-0.511127
-0.510814
-0.510266
-0.509797
-0.509484
-0.509327
-0.509092
-0.508779
-0.508466
-0.508310
-0.507762
-0.507997
-0.507292
-0.506979
-0.506744
-0.506196
-0.506040
-0.505414
-0.505414
-0.505022
-0.504944
-0.504474
-0.503927
-0.503927
-0.503535
-0.503222
-0.502987
-0.502909
-0.502048
-0.501735
-0.501422
-0.501031
-0.500639
-0.500248
-0.500013
-0.499622
-0.499465
-0.499074
-0.498604
-0.498291
-0.498213
-0.498056
-0.497430
-0.496961
-0.496726
-0.496413
-0.496021
-0.495708
-0.495317
-0.495004
-0.494847
-0.494378
-0.494143
-0.493986
-0.493830
-0.493517
-0.493125
-0.492734
-0.491873
-0.491795
-0.491403
-0.490856
-0.491012
-0.490856
-0.490464
-0.489995
-0.489603
-0.489212
-0.488899
-0.488586
-0.488116
-0.487803
-0.487725
-0.487255
-0.486786
-0.486707
-0.486472
-0.486081
-0.485768
-0.485533
-0.485298
-0.484829
-0.484359
-0.484359
-0.484046
-0.483498
-0.482950
-0.483029
-0.482246
-0.482168
-0.481776
-0.481150
-0.480994
-0.480524
-0.480211
-0.479741
-0.479741
-0.479037
-0.478880
-0.478332
-0.478176
-0.477941
-0.477315
-0.477237
-0.477080
-0.476767
-0.476219
-0.475984
-0.475671
-0.475202
-0.475202
-0.474888
-0.474262
-0.474184
-0.473558
-0.473323
-0.473167
-0.472775
-0.472227
-0.471993
-0.471758
-0.471366
-0.470975
-0.470897
-0.470584
-0.470505
-0.469801
-0.469644
-0.469097
-0.468705
-0.468627
-0.468627
-0.467766
-0.467688
-0.467296
-0.466670
-0.466670
-0.466357
-0.465966
-0.465653
-0.465418
-0.465105
-0.464713
-0.464400
-0.464244
-0.463618
-0.463383
-0.462913
-0.462678
-0.462600
-0.462209
-0.461974
-0.461348
-0.461270
-0.460643
-0.460330
-0.460330
-0.459626
-0.459313
-0.459000
-0.458608
-0.458295
-0.458217
-0.457669
-0.457513
-0.457200
-0.456808
-0.456730
-0.456339
-0.455947
-0.455399
-0.455086
-0.454617
-0.454538
-0.454069
-0.453756
-0.453521
-0.452973
-0.452895
-0.452660
-0.452503
-0.451955
-0.451486
-0.451329
-0.451329
-0.450703
-0.450234
-0.450077
-0.449686
-0.449451
-0.449138
-0.448746
-0.448512
-0.448355
-0.448277
-0.447651
-0.447103
-0.447024
-0.446477
-0.446320
-0.445694
-0.445616
-0.445146
-0.444911
-0.444598
-0.444520
-0.444050
-0.443659
-0.443737
-0.443346
-0.443033
-0.442485
-0.441937
-0.441311
-0.440998
-0.440685
-0.440450
-0.440137
-0.439902
-0.439276
-0.438571
-0.438650
-0.438650
-0.438493
-0.437789
-0.437397
-0.437162
-0.436928
-0.436693
-0.436615
-0.435832
-0.435127
-0.435206
-0.434893
-0.434580
-0.434266
-0.433953
-0.433875
-0.433327
-0.432545
-0.432388
-0.432153
-0.432231
-0.431684
-0.431605
-0.431292
-0.430823
-0.430431
-0.430196
-0.429727
-0.429805
-0.429022
-0.428631
-0.428475
-0.428161
-0.427927
-0.427614
-0.427144
-0.426674
-0.426439
-0.426596
-0.425892
-0.425657
-0.425735
-0.425422
-0.424952
-0.424639
-0.424091
-0.423700
-0.423387
-0.423074
-0.422604
-0.422604
-0.422683
-0.422056
-0.421587
-0.421117
-0.421430
-0.420569
-0.420413
-0.420021
-0.419552
-0.419317
-0.419004
-0.418769
-0.418534
-0.418299
-0.417908
-0.417517
-0.417438
-0.416656
-0.416812
-0.416343
-0.415951
-0.415638
-0.415090
-0.414934
-0.414542
-0.414386
-0.413995
-0.413368
-0.413290
-0.412977
-0.412586
-0.412507
-0.412116
-0.411725
-0.411647
-0.411099
-0.410786
-0.410551
-0.410081
-0.409925
-0.409690
-0.409690
-0.408985
-0.408985
-0.408594
-0.407968
-0.407890
-0.407342
-0.407263
-0.406872
-0.406794
-0.406246
-0.406246
-0.406089
-0.405541
-0.405228
-0.404915
-0.404446
-0.403976
-0.403976
-0.403350
-0.403115
-0.402645
-0.402489
-0.402489
-0.402254
-0.401863
-0.401393
-0.400689
-0.400532
-0.399906
-0.400063
-0.399593
-0.399045
-0.398810
-0.398497
-0.398419
-0.398028
-0.397949
-0.397558
-0.397245
-0.396697
-0.396619
-0.396462
-0.395914
-0.395601
-0.395366
-0.395288
-0.394897
-0.394740
-0.394036
-0.394036
-0.394036
-0.393644
-0.393018
-0.392470
-0.392470
-0.392314
-0.391923
-0.391375
-0.391218
-0.390905
-0.390514
-0.390514
-0.390122
-0.389496
-0.389261
-0.389183
-0.389183
-0.388557
-0.388166
-0.387931
-0.387461
-0.387305
-0.386913
-0.386678
-0.386678
-0.385974
-0.386131
-0.385896
-0.385504
-0.385035
-0.384722
-0.384409
-0.384174
-0.384017
-0.383391
-0.383235
-0.382687
-0.382843
-0.382374
-0.381826
-0.381904
-0.381356
-0.380808
-0.380652
-0.380573
-0.380026
-0.379478
-0.379321
-0.379008
-0.378695
-0.378460
-0.378069
-0.377990
-0.377208
-0.377443
-0.376973
-0.376738
-0.376347
-0.375877
-0.375329
-0.375173
-0.375016
-0.374625
-0.374155
-0.374155
-0.373920
-0.373764
-0.373216
-0.373059
-0.372512
-0.371651
-0.371572
-0.371494
-0.371181
-0.370868
-0.370711
-0.370320
-0.370007
-0.369459
-0.369381
-0.369146
-0.368833
-0.368676
-0.368285
-0.367737
-0.367502
-0.367033
-0.367111
-0.366485
-0.366563
-0.366015
-0.365546
-0.365233
-0.364998
-0.364919
-0.364606
-0.364137
-0.363667
-0.363511
-0.363589
-0.362806
-0.362493
-0.362337
-0.362023
-0.361867
-0.361319
-0.360928
-0.360928
-0.360302
-0.359988
-0.359519
-0.359206
-0.358893
-0.358501
-0.358267
-0.357953
-0.357562
-0.357327
-0.356858
-0.356701
-0.356466
-0.355840
-0.355840
-0.355136
-0.355057
-0.354823
-0.354353
-0.354275
-0.354040
-0.353727
-0.353414
-0.353257
-0.352709
-0.352475
-0.351614
-0.351535
-0.351457
-0.350909
-0.350674
-0.350596
-0.349970
-0.349970
-0.349892
-0.349422
-0.349187
-0.349031
-0.348561
-0.348170
-0.347935
-0.347622
-0.347230
-0.346996
-0.346839
-0.346448
-0.346213
-0.345822
-0.345587
-0.345274
-0.344961
-0.345039
-0.344334
-0.344178
-0.343787
-0.343474
-0.343395
-0.342926
-0.342613
-0.342378
-0.342065
-0.341752
-0.341830
-0.341282
-0.341125
-0.340343
-0.340343
-0.339717
-0.339247
-0.339012
-0.338934
-0.338464
-0.338386
-0.338073
-0.337682
-0.337447
-0.337134
-0.337055
-0.336429
-0.336351
-0.335803
-0.335490
-0.335333
-0.334864
-0.334629
-0.334472
-0.334003
-0.333690
-0.333220
-0.332907
-0.332751
-0.332672
-0.332203
-0.332046
-0.331420
-0.330794
-0.330716
-0.330559
-0.330089
-0.330246
-0.329776
-0.329385
-0.329072
-0.328837
-0.328367
-0.328289
-0.327820
-0.327741
-0.327506
-0.327115
-0.326802
-0.326254
-0.326019
-0.325706
-0.325706
-0.325237
-0.324924
-0.324845
-0.324532
-0.324219
-0.323906
-0.323593
-0.323515
-0.323280
-0.322810
-0.322654
-0.322106
-0.322106
-0.321793
-0.321480
-0.321167
-0.320775
-0.320540
-0.319836
-0.319758
-0.319445
-0.319132
-0.319053
-0.318897
-0.318427
-0.318036
-0.317723
-0.317566
-0.317644
-0.316940
-0.316784
-0.316392
-0.316157
-0.316001
-0.315766
-0.315453
-0.314827
-0.314748
-0.314201
-0.314279
-0.313888
-0.313809
-0.313105
-0.313027
-0.313027
-0.312635
-0.312322
-0.311774
-0.311461
-0.311461
-0.311226
-0.310600
-0.310600
-0.310287
-0.309739
-0.309818
-0.309583
-0.309035
-0.308643
-0.308565
-0.308409
-0.308017
-0.307782
-0.307235
-0.307156
-0.307000
-0.306687
-0.306295
-0.305904
-0.305747
-0.305356
-0.305200
-0.305043
-0.304573
-0.304652
-0.304260
-0.303947
-0.303399
-0.303399
-0.303008
-0.302851
-0.302147
-0.302069
-0.301991
-0.301521
-0.301364
-0.301051
-0.300660
-0.300269
-0.300034
-0.299877
-0.299408
-0.299408
-0.299251
-0.299095
-0.298781
-0.298312
-0.298077
-0.297920
-0.297451
-0.297216
-0.297060
-0.296590
-0.296199
-0.296120
-0.295416
-0.295572
-0.295572
-0.295181
-0.294868
-0.294633
-0.294320
-0.293850
-0.293694
-0.293303
-0.293146
-0.292676
-0.292363
-0.292285
-0.292207
-0.291815
-0.291581
-0.290954
-0.290641
-0.290720
-0.290563
-0.290094
-0.289780
-0.289389
-0.289233
-0.289233
-0.288685
-0.288528
-0.288137
-0.287511
-0.287589
-0.287589
-0.287198
-0.287041
-0.286806
-0.286415
-0.285867
-0.285554
-0.285319
-0.285084
-0.284849
-0.284693
-0.284458
-0.284302
-0.283832
-0.283362
-0.283049
-0.282658
-0.282267
-0.282267
-0.282188
-0.281640
-0.281484
-0.281171
-0.281249
-0.280858
-0.280545
-0.279840
-0.279292
-0.279527
-0.278901
-0.278979
-0.278901
-0.278510
-0.278431
-0.278040
-0.277962
-0.277570
-0.277257
-0.276788
-0.276631
-0.276240
-0.275770
-0.275379
-0.275222
-0.275222
-0.274831
-0.274518
-0.274126
-0.274048
-0.273813
-0.273735
-0.273266
-0.272874
-0.272874
-0.272405
-0.272248
-0.272091
-0.272013
-0.271465
-0.271152
-0.271074
-0.271074
-0.270761
-0.270213
-0.270056
-0.269743
-0.269665
-0.269195
-0.269430
-0.268726
-0.268491
-0.268256
-0.268178
-0.267787
-0.267708
-0.267474
-0.267317
-0.266769
-0.266221
-0.266299
-0.266065
-0.265673
-0.265673
-0.265125
-0.265282
-0.264812
-0.264656
-0.264186
-0.263717
-0.263482
-0.263404
-0.263247
-0.262777
-0.262934
-0.262543
-0.262386
-0.261760
-0.261916
-0.261447
-0.261212
-0.260899
-0.260586
-0.260194
-0.259725
-0.259803
-0.259099
-0.259020
-0.258629
-0.258786
-0.258316
-0.258238
-0.257846
-0.257612
-0.257064
-0.256985
-0.256438
-0.256203
-0.256281
-0.256203
-0.255733
-0.255655
-0.255342
-0.255185
-0.254716
-0.254481
-0.254168
-0.253855
-0.253698
-0.253463
-0.253307
-0.252837
-0.252681
-0.252602
-0.252524
-0.252054
-0.251663
-0.251585
-0.251193
-0.251115
-0.250724
-0.250332
-0.250019
-0.250098
-0.249785
-0.249628
-0.249393
-0.248924
-0.248767
-0.248376
-0.248297
-0.248219
-0.247671
-0.247436
-0.247358
-0.246889
-0.246889
-0.246576
-0.246419
-0.246106
-0.245949
-0.245871
-0.245323
-0.245167
-0.244697
-0.244932
-0.244462
-0.244149
-0.244149
-0.243680
-0.243601
-0.243288
-0.242662
-0.242427
-0.242349
-0.242036
-0.241723
-0.241488
-0.241410
-0.241175
-0.240784
-0.240549
-0.240236
-0.239766
-0.239688
-0.239609
-0.238983
-0.238827
-0.238670
-0.238905
-0.238435
-0.238044
-0.238122
-0.237731
-0.237574
-0.237340
-0.237027
-0.236870
-0.236479
-0.236087
-0.235931
-0.235931
-0.235618
-0.235226
-0.235070
-0.235070
-0.234757
-0.234444
-0.234287
-0.234131
-0.233818
-0.233818
-0.233583
-0.233270
-0.233113
-0.232878
-0.232722
-0.232643
-0.232096
-0.231783
-0.232096
-0.231783
-0.231704
-0.231235
-0.231000
-0.230922
-0.230530
-0.230452
-0.230374
-0.230139
-0.230061
-0.229434
-0.229434
-0.229121
-0.228730
-0.228808
-0.228652
-0.228495
-0.228417
-0.228026
-0.227712
-0.227321
-0.227086
-0.226852
-0.227008
-0.226773
-0.226538
-0.226225
-0.226147
-0.225756
-0.225599
-0.225286
-0.225051
-0.224895
-0.224660
-0.224582
-0.224425
-0.224190
-0.223956
-0.223564
-0.223408
-0.223329
-0.223408
-0.223016
-0.222547
-0.222781
-0.222547
-0.222155
-0.222312
-0.221921
-0.221921
-0.221529
-0.221138
-0.220981
-0.220355
-0.220512
-0.220277
-0.220042
-0.219964
-0.219886
-0.219651
-0.219181
-0.219259
-0.218868
-0.218790
-0.218555
-0.218555
-0.218085
-0.217772
-0.217772
-0.217772
-0.217459
-0.217224
-0.217068
-0.216911
-0.216755
-0.216676
-0.216598
-0.216050
-0.215972
-0.216050
-0.216050
-0.215972
-0.215659
-0.215346
-0.215189
-0.214798
-0.214798
-0.214798
-0.214407
-0.214250
-0.213859
-0.213702
-0.213859
-0.213546
-0.213624
-0.212998
-0.213076
-0.213154
-0.212763
-0.212528
-0.212293
-0.212059
-0.212059
-0.211980
-0.211902
-0.211667
-0.211511
-0.211354
-0.211041
-0.210963
-0.210728
-0.210415
-0.210337
-0.210337
-0.210024
-0.210180
-0.209554
-0.209632
-0.209319
-0.209163
-0.208928
-0.208928
-0.208928
-0.208380
-0.208145
-0.208458
-0.208067
-0.207910
-0.207989
-0.207832
-0.207441
-0.207362
-0.207206
-0.206971
-0.206736
-0.206580
-0.206345
-0.206736
-0.206267
-0.206110
-0.206188
-0.205797
-0.205719
-0.205562
-0.205249
-0.205014
-0.205171
-0.205093
-0.204779
-0.204701
-0.204779
-0.204623
-0.204466
-0.204153
-0.204075
-0.203997
-0.204075
-0.203762
-0.203762
-0.203605
-0.203527
-0.203292
-0.203058
-0.203292
-0.202979
-0.202979
-0.202431
-0.202744
-0.201962
-0.202353
-0.201883
-0.201883
-0.201883
-0.201962
-0.201492
-0.201257
-0.201022
-0.201022
-0.200475
-0.200553
-0.200240
-0.200396
-0.200083
-0.200318
-0.200240
-0.199770
-0.199379
-0.199379
-0.198909
-0.199066
-0.198831
-0.198753
-0.198205
-0.198361
-0.198596
-0.198440
-0.198596
-0.198518
-0.198283
-0.198205
-0.197657
-0.197500
-0.197735
-0.197579
-0.197344
-0.197187
-0.197344
-0.197187
-0.197266
-0.196874
-0.196874
-0.196405
-0.196561
-0.196326
-0.196483
-0.196405
-0.196248
-0.196326
-0.196326
-0.196248
-0.196013
-0.195857
-0.195935
-0.195778
-0.195857
-0.195622
-0.195622
-0.195231
-0.195309
-0.195231
-0.195231
-0.195309
-0.194996
-0.194917
-0.194683
-0.194761
-0.194370
-0.194370
-0.194291
-0.194213
-0.194448
-0.194056
-0.194291
-0.194448
-0.193900
-0.193900
-0.193743
-0.193430
-0.193274
-0.193430
-0.193587
-0.193352
-0.193274
-0.193430
-0.193352
-0.192961
-0.192961
-0.192882
-0.192961
-0.192648
-0.192569
-0.192256
-0.192491
-0.192726
-0.192648
-0.192413
-0.192256
-0.192178
-0.192178
-0.191865
-0.192021
-0.192021
-0.191865
-0.192178
-0.192021
-0.192100
-0.192178
-0.191865
-0.192021
-0.192021
-0.191552
-0.191787
-0.192021
-0.191395
-0.191552
-0.191552
-0.191630
-0.191708
-0.191865
-0.191317
-0.191474
-0.191630
-0.191239
-0.191082
-0.191160
-0.191160
-0.191239
-0.190847
-0.191160
-0.191239
-0.191082
-0.190769
-0.190847
-0.190926
-0.190613
-0.190769
-0.190769
-0.191082
-0.190847
-0.191239
-0.191004
-0.190769
-0.190926
-0.190769
-0.190691
-0.190456
-0.190769
-0.190613
-0.190456
-0.190378
-0.190691
-0.190456
-0.190456
-0.190769
-0.190378
-0.190221
-0.190300
-0.190300
-0.190378
-0.190534
-0.190300
-0.190456
-0.190300
-0.190534
-0.190456
-0.190300
-0.190378
-0.190300
-0.190143
-0.190378
-0.190300
-0.190143
-0.190065
-0.190300
-0.190534
-0.190065
-0.189986
-0.189986
-0.189908
-0.189908
-0.190143
-0.189908
-0.190065
-0.189986
-0.190300
-0.190378
-0.190300
-0.190065
-0.190378
-0.189908
-0.190221
-0.190065
-0.190378
-0.190143
-0.190065
-0.190378
-0.190065
-0.190300
-0.190300
-0.190300
-0.190221
-0.190221
-0.190221
-0.190221
-0.190221
-0.190143
-0.190456
-0.190534
-0.190456
-0.190221
-0.190300
-0.190300
-0.190613
-0.190456
-0.190613
-0.190769
-0.190456
-0.190378
-0.190534
-0.190691
-0.190221
-0.190691
-0.190456
-0.190769
-0.190769
-0.190691
-0.190691
-0.190769
-0.191004
-0.190691
-0.191004
-0.190613
-0.190613
-0.190769
-0.190769
-0.190926
-0.190926
-0.190926
-0.190926
-0.190847
-0.190847
-0.190847
-0.190926
-0.190926
-0.191160
-0.191004
-0.191082
-0.191160
-0.191160
-0.191082
-0.191160
-0.191317
-0.191239
-0.191395
-0.191474
-0.191474
-0.191474
-0.191708
-0.191708
-0.191708
-0.191552
-0.191317
-0.191630
-0.191395
-0.191552
-0.191395
-0.191317
-0.191865
-0.192021
-0.191865
-0.191474
-0.191630
-0.191474
-0.191630
-0.191787
-0.191395
-0.191552
-0.191630
-0.191708
-0.191943
-0.191787
-0.191787
-0.191474
-0.191630
-0.191630
-0.191552
-0.191474
-0.191395
-0.191630
-0.191552
-0.191865
-0.191787
-0.191787
-0.191630
-0.192021
-0.191630
-0.191865
-0.191787
-0.191552
-0.191787
-0.191787
-0.191787
-0.191552
-0.191708
-0.191708
-0.191630
-0.191630
-0.191317
-0.191552
-0.191552
-0.191474
-0.191552
-0.191474
-0.191552
-0.191474
-0.191160
-0.190926
-0.191004
-0.190769
-0.190847
-0.191082
-0.191317
-0.191082
-0.190613
-0.190613
-0.190534
-0.190300
-0.190613
-0.190378
-0.190456
-0.190300
-0.190378
-0.190378
-0.190534
-0.190221
-0.190065
-0.189986
-0.189908
-0.190143
-0.189673
-0.189517
-0.189282
-0.189439
-0.189439
-0.189360
-0.189204
-0.188891
-0.188734
-0.188499
-0.188421
-0.188578
-0.188343
-0.188186
-0.188186
-0.188030
-0.188186
-0.188108
-0.187638
-0.187717
-0.187482
-0.186934
-0.187012
-0.186856
-0.187012
-0.186699
-0.186464
-0.186229
-0.186464
-0.186073
-0.185995
-0.185760
-0.185603
-0.185369
-0.185134
-0.184977
-0.184977
-0.184899
-0.184508
-0.184508
-0.184194
-0.183725
-0.183568
-0.183334
-0.183099
-0.182864
-0.182942
-0.182629
-0.182316
-0.182081
-0.182081
-0.181690
-0.181612
-0.181455
-0.181142
-0.180907
-0.180594
-0.180672
-0.180281
-0.179890
-0.179733
-0.179577
-0.179263
-0.179029
-0.178794
-0.178168
-0.178168
-0.178011
-0.177542
-0.177698
-0.177072
-0.177072
-0.176837
-0.176602
-0.175976
-0.175507
-0.175428
-0.174880
-0.174724
-0.174567
-0.174019
-0.173706
-0.173628
-0.173393
-0.172845
-0.172611
-0.172141
-0.171750
-0.171358
-0.170967
-0.170576
-0.170497
-0.170106
-0.170028
-0.169558
-0.169401
-0.168775
-0.168149
-0.167914
-0.167445
-0.166975
-0.166584
-0.166662
-0.166271
-0.166036
-0.165566
-0.165253
-0.164549
-0.164314
-0.163844
-0.163688
-0.162905
-0.162514
-0.162279
-0.161966
-0.161888
-0.161418
-0.160792
-0.159931
-0.159226
-0.158679
-0.158365
-0.157739
-0.157348
-0.157270
-0.156644
-0.156409
-0.155783
-0.155156
-0.154922
-0.154374
-0.153904
-0.153278
-0.152808
-0.152495
-0.152182
-0.151634
-0.151478
-0.150852
-0.149912
-0.149521
-0.149364
-0.148738
-0.148112
-0.147799
-0.147251
-0.146938
-0.146547
-0.145686
-0.145294
-0.144668
-0.144042
-0.143886
-0.143259
-0.142555
-0.142007
-0.141851
-0.141224
-0.140676
-0.140363
-0.139268
-0.138563
-0.138172
-0.138015
-0.137467
-0.136763
-0.136372
-0.136215
-0.135824
-0.135354
-0.134806
-0.133632
-0.133084
-0.132771
-0.132223
-0.131597
-0.131049
-0.130345
-0.129954
-0.129406
-0.128545
-0.127762
-0.127058
-0.126588
-0.126040
-0.125649
-0.124944
-0.124240
-0.124162
-0.123457
-0.122988
-0.122048
-0.121187
-0.120718
-0.120092
-0.119465
-0.118604
-0.117978
-0.117665
-0.117196
-0.116804
-0.116021
-0.115082
-0.114613
-0.113986
-0.113439
-0.112969
-0.112421
-0.111795
-0.111325
-0.110699
-0.110073
-0.109055
-0.108351
-0.107725
-0.107255
-0.106786
-0.106081
-0.105299
-0.104985
-0.104438
-0.103811
-0.103264
-0.102246
-0.101385
-0.100681
-0.100054
-0.099350
-0.098880
-0.098411
-0.097941
-0.097080
-0.096611
-0.095593
-0.094967
-0.094419
-0.094106
-0.093402
-0.092854
-0.092071
-0.091523
-0.091053
-0.090662
-0.089410
-0.088314
-0.087766
-0.087218
-0.086905
-0.086279
-0.085575
-0.084948
-0.084635
-0.083853
-0.082992
-0.081896
-0.081583
-0.081113
-0.080096
-0.079469
-0.078609
-0.078061
-0.077513
-0.076965
-0.076182
-0.075243
-0.074773
-0.073834
-0.073678
-0.072973
-0.072190
-0.071799
-0.071016
-0.070547
-0.069608
-0.068668
-0.067494
-0.067259
-0.066790
-0.065929
-0.065381
-0.064833
-0.064520
-0.063659
-0.063033
-0.062328
-0.061311
-0.060528
-0.059902
-0.058806
-0.058415
-0.057789
-0.057397
-0.056771
-0.055832
-0.054736
-0.054110
-0.053406
-0.053093
-0.052466
-0.051762
-0.050901
-0.050353
-0.049884
-0.049336
-0.048318
-0.047535
-0.046753
-0.046361
-0.045813
-0.045187
-0.044718
-0.043622
-0.042996
-0.042526
-0.041430
-0.040569
-0.040178
-0.039317
-0.038691
-0.038143
-0.036891
-0.036421
-0.036186
-0.035404
-0.034621
-0.033369
-0.033134
-0.032664
-0.032038
-0.031647
-0.030629
-0.030238
-0.029455
-0.029142
-0.027577
-0.027029
-0.026637
-0.026011
-0.025776
-0.024915
-0.023976
-0.023350
-0.022724
-0.022254
-0.021550
-0.020924
-0.019984
-0.019515
-0.018889
-0.018184
-0.017636
-0.017088
-0.016228
-0.015836
-0.015210
-0.014349
-0.013566
-0.013018
-0.012471
-0.012079
-0.011453
-0.010749
-0.010044
-0.009731
-0.008948
-0.007931
-0.007070
-0.006835
-0.006444
-0.006052
-0.005505
-0.004409
-0.003783
-0.003000
-0.002922
-0.002061
-0.001435
-0.000887
-0.000574
-0.000260
0.000366
0.000992
0.001540
0.002244
0.002949
0.003418
0.004044
0.004671
0.005218
0.005453
0.006236
0.006940
0.007723
0.008114
0.008819
0.009288
0.010384
0.010541
0.011010
0.011402
0.012184
0.012654
0.013280
0.013985
0.014689
0.015002
0.015628
0.016333
0.017115
0.017429
0.017898
0.018603
0.019072
0.019855
0.020403
0.021029
0.021655
0.022438
0.023142
0.023534
0.023612
0.024160
0.024942
0.025569
0.026116
0.026977
0.027447
0.027995
0.028621
0.028934
0.029326
0.030030
0.030656
0.031517
0.032300
0.032613
0.033239
0.033787
0.034726
0.034804
0.035587
0.035665
0.036526
0.036761
0.037622
0.038248
0.038640
0.039422
0.040127
0.040909
0.041144
0.041692
0.042631
0.043258
0.043727
0.044197
0.044823
0.045527
0.045762
0.046388
0.047014
0.047249
0.047641
0.048267
0.049206
0.049676
0.050145
0.050928
0.051398
0.051476
0.051867
0.052415
0.053041
0.053589
0.054215
0.055155
0.055233
0.055937
0.056016
0.056407
0.057190
0.057111
0.057659
0.058520
0.059303
0.060007
0.060712
0.060712
0.061807
0.062434
0.062825
0.063138
0.063608
0.063686
0.064703
0.065643
0.065956
0.066269
0.066738
0.067443
0.067521
0.068069
0.068617
0.069087
0.070104
0.070652
0.070965
0.071435
0.071904
0.072687
0.072844
0.073078
0.073548
0.074409
0.075270
0.075583
0.076366
0.076679
0.077148
0.077540
0.078166
0.078401
0.079027
0.079418
0.080592
0.080827
0.081610
0.082158
0.082549
0.083175
0.083566
0.083723
0.084193
0.084897
0.085523
0.085758
0.086541
0.087167
0.087558
0.087950
0.088184
0.088811
0.089045
0.089828
0.090454
0.091002
0.091159
0.091785
0.092254
0.092881
0.093115
0.093585
0.093820
0.094603
0.095072
0.095777
0.096246
0.096794
0.096951
0.097499
0.097812
0.098203
0.098673
0.099220
0.099612
0.100316
0.100864
0.101334
0.101882
0.102273
0.102664
0.102899
0.103212
0.103682
0.104699
0.104934
0.105404
0.106186
0.106500
0.106813
0.107439
0.107595
0.107674
0.108535
0.109082
0.109787
0.110335
0.110570
0.111039
0.111744
0.111822
0.112370
0.112526
0.113152
0.113622
0.114170
0.114718
0.114874
0.115735
0.115892
0.116362
0.116596
0.116909
0.117536
0.118318
0.118944
0.119023
0.120197
0.119805
0.120588
0.121293
0.121606
0.122075
0.122388
0.123249
0.123719
0.124345
0.124580
0.124815
0.125284
0.125519
0.126224
0.126302
0.127084
0.127711
0.128024
0.128337
0.128885
0.129433
0.129824
0.130294
0.130294
0.130920
0.131546
0.132172
0.132798
0.133033
0.133424
0.133737
0.134129
0.134520
0.135146
0.135381
0.136007
0.136399
0.136868
0.137260
0.137729
0.138042
0.138512
0.138825
0.139373
0.139686
0.140469
0.140938
0.141330
0.141799
0.142034
0.142582
0.143052
0.143521
0.143834
0.144147
0.144695
0.145243
0.145478
0.146026
0.146182
0.146574
0.147122
0.147435
0.147904
0.148609
0.148843
0.149470
0.149939
0.150331
0.151035
0.151270
0.151426
0.151818
0.152209
0.152679
0.153383
0.153618
0.154009
0.154714
0.154870
0.155575
0.155888
0.156044
0.156827
0.157218
0.157688
0.158314
0.158471
0.159019
0.159097
0.160114
0.160584
0.160819
0.161054
0.161915
0.162228
0.162541
0.163010
0.163245
0.163715
0.164263
0.164654
0.165045
0.165358
0.165750
0.165985
0.166611
0.166846
0.167237
0.167550
0.168176
0.168411
0.168724
0.169507
0.169742
0.169820
0.170368
0.171072
0.171150
0.171777
0.172168
0.172794
0.172951
0.173420
0.173498
0.174203
0.174203
0.174751
0.175064
0.175690
0.175925
0.176786
0.177099
0.177490
0.177725
0.178195
0.178508
0.178664
0.179056
0.179525
0.179917
0.180543
0.181169
0.181404
0.181795
0.182108
0.182265
0.182578
0.183047
0.183595
0.183674
0.184300
0.184848
0.185474
0.185552
0.186022
0.186335
0.186491
0.186961
0.187744
0.187900
0.188526
0.188448
0.189152
0.189387
0.189466
0.190092
0.189857
0.190796
0.191422
0.191892
0.192283
0.192440
0.192988
0.193379
0.193301
0.193692
0.193770
0.194631
0.195336
0.195649
0.196040
0.196040
0.196588
0.196901
0.197214
0.197449
0.197762
0.198232
0.198936
0.199406
0.199954
0.200110
0.200267
0.200815
0.201128
0.201284
0.201910
0.202458
0.202850
0.203084
0.203789
0.203867
0.204024
0.204259
0.204885
0.205119
0.205589
0.205980
0.206607
0.207311
0.207389
0.207546
0.208094
0.208250
0.208876
0.208955
0.209581
0.210129
0.210598
0.210911
0.211146
0.211851
0.212085
0.212242
0.212399
0.212946
0.213338
0.214042
0.214512
0.214434
0.215216
0.215451
0.215608
0.215764
0.216077
0.216625
0.217095
0.217330
0.217799
0.218269
0.218504
0.218895
0.219208
0.219599
0.219834
0.220382
0.220930
0.221321
0.221947
0.222104
0.222495
0.222887
0.223043
0.223200
0.223435
0.223748
0.224609
0.224765
0.225157
0.225313
0.226174
0.226018
0.226722
0.227192
0.227348
0.227739
0.227974
0.228522
0.228913
0.229148
0.229696
0.230088
0.230088
0.230949
0.231027
0.231575
0.232123
0.232436
0.232984
0.233140
0.233531
0.233766
0.233923
0.234314
0.234784
0.235175
0.235801
0.235958
0.236427
0.237054
0.237210
0.237680
0.237836
0.237915
0.238149
0.238775
0.239167
0.239323
0.240028
0.240732
0.241202
0.241280
0.241358
0.241828
0.242454
0.242924
0.243002
0.243628
0.244020
0.244020
0.244333
0.244646
0.245194
0.245741
0.246133
0.246681
0.247072
0.247385
0.247542
0.247777
0.247933
0.248403
0.248872
0.249185
0.249420
0.250125
0.250203
0.250594
0.250986
0.251612
0.251612
0.252160
0.252394
0.252864
0.253255
0.253647
0.253960
0.254273
0.254821
0.254977
0.255290
0.255603
0.256073
0.256543
0.256856
0.256934
0.257404
0.257717
0.258186
0.258421
0.259047
0.259126
0.259595
0.260143
0.260534
0.260848
0.261239
0.261630
0.262178
0.262413
0.262335
0.263196
0.263430
0.263587
0.263665
0.264057
0.264605
0.264761
0.265309
0.265544
0.266013
0.266248
0.266483
0.266953
0.267344
0.267892
0.268205
0.268596
0.268988
0.269457
0.269849
0.270083
0.270475
0.270710
0.270866
0.271336
0.271649
0.271649
0.272353
0.272588
0.272823
0.273371
0.273762
0.273762
0.274388
0.274545
0.275014
0.275562
0.275954
0.276423
0.276580
0.277049
0.277284
0.277754
0.277910
0.278223
0.278615
0.278850
0.279398
0.279867
0.279945
0.280337
0.280963
0.281119
0.281589
0.282059
0.282685
0.282920
0.283468
0.283468
0.283859
0.284172
0.284329
0.284798
0.285503
0.285737
0.286207
0.286285
0.286442
0.287068
0.287146
0.287616
0.287616
0.288477
0.288555
0.288868
0.289338
0.289729
0.290042
0.290434
0.290590
0.290825
0.291138
0.291608
0.291999
0.292625
0.292938
0.293173
0.293330
0.293408
0.293877
0.294112
0.294895
0.295443
0.295599
0.295912
0.295991
0.296460
0.297086
0.297165
0.297086
0.297791
0.297947
0.298339
0.298574
0.298887
0.298887
0.299278
0.299826
0.300296
0.300217
0.301078
0.301470
0.301704
0.302096
0.302565
0.302722
0.303035
0.303426
0.303583
0.303818
0.304522
0.304679
0.304913
0.305461
0.305540
0.305618
0.305931
0.306166
0.306635
0.306948
0.307575
0.307809
0.307966
0.308357
0.308670
0.308905
0.309062
0.309531
0.310236
0.310471
0.310627
0.310862
0.311332
0.311801
0.311801
0.312349
0.312427
0.312819
0.312897
0.313680
0.314149
0.314149
0.314462
0.315010
0.315089
0.315558
0.315871
0.316419
0.316184
0.316732
0.317437
0.317437
0.317985
0.318376
0.318532
0.318845
0.318845
0.319315
0.319785
0.319863
0.320646
0.320646
0.320880
0.321585
0.322055
0.322368
0.322368
0.322837
0.323463
0.323933
0.324246
0.324324
0.324481
0.324872
0.325185
0.325655
0.325733
0.325968
0.326516
0.326907
0.327220
0.327533
0.327690
0.327847
0.328473
0.328707
0.329021
0.329647
0.330116
0.330273
0.330273
0.330821
0.331447
0.331760
0.331760
0.332386
0.332934
0.333012
0.333638
0.333560
0.334030
0.334108
0.334578
0.334656
0.335126
0.335517
0.335987
0.336143
0.336300
0.336848
0.337239
0.337161
0.337787
0.337943
0.338022
0.338883
0.338883
0.339039
0.339665
0.339665
0.340291
0.340370
0.340683
0.341074
0.341387
0.342092
0.342483
0.342483
0.342953
0.343266
0.343422
0.343579
0.343892
0.344205
0.344909
0.345222
0.345379
0.345770
0.345692
0.346318
0.346710
0.346788
0.347023
0.347727
0.347962
0.347962
0.348666
0.348901
0.349058
0.349606
0.349919
0.350466
0.350701
0.351014
0.351406
0.351875
0.352032
0.352580
0.352736
0.352815
0.353049
0.353519
0.353989
0.354145
0.354615
0.354928
0.355006
0.355632
0.355632
0.356024
0.356337
0.356650
0.357119
0.357511
0.357902
0.358137
0.358372
0.358763
0.358841
0.359233
0.359233
0.359937
0.360172
0.360485
0.361111
0.361033
0.361894
0.361894
0.362520
0.362755
0.362833
0.363224
0.363538
0.363929
0.364320
0.364633
0.364790
0.364633
0.365181
0.365651
0.365651
0.366668
0.366512
0.366981
0.367529
0.367764
0.368312
0.368469
0.368469
0.368625
0.369173
0.369408
0.370190
0.370504
0.370738
0.371051
0.371521
0.371521
0.371991
0.372147
0.372617
0.372852
0.373008
0.373478
0.373713
0.374104
0.374339
0.374495
0.374652
0.375043
0.375513
0.375904
0.376217
0.376452
0.376922
0.377156
0.377235
0.377626
0.378174
0.378565
0.378644
0.378800
0.379113
0.379505
0.379974
0.379974
0.380131
0.380679
0.381070
0.381227
0.381540
0.381931
0.382244
0.382479
0.382948
0.383105
0.383340
0.383496
0.383966
0.384436
0.384983
0.385297
0.385375
0.385844
0.386158
0.386392
0.386549
0.386940
0.386940
0.387723
0.387958
0.388193
0.388427
0.388975
0.388740
0.389132
0.389523
0.389758
0.390384
0.390697
0.390854
0.391558
0.391715
0.392106
0.392106
0.392419
0.392732
0.392967
0.393437
0.393828
0.394454
0.394219
0.394611
0.394532
0.395080
0.395237
0.395785
0.396333
0.396567
0.396802
0.397115
0.397507
0.397585
0.397820
0.397898
0.398446
0.398446
0.398915
0.399620
0.400090
0.400168
0.400324
0.400403
0.400559
0.401264
0.401420
0.401733
0.402203
0.402438
0.402672
0.402907
0.403455
0.403768
0.403925
0.404473
0.404707
0.404786
0.405099
0.405412
0.405803
0.406195
0.406116
0.406508
0.406586
0.407134
0.407447
0.407603
0.408151
0.408151
0.408699
0.409012
0.409247
0.409560
0.410030
0.409952
0.410656
0.410969
0.411282
0.411987
0.411908
0.412613
0.412691
0.412848
0.413552
0.413708
0.413943
0.414413
0.414569
0.415039
0.414883
0.415196
0.415743
0.415743
0.416448
0.416839
0.416918
0.417309
0.417700
0.417857
0.418013
0.418326
0.418874
0.419031
0.419422
0.419892
0.419970
0.420518
0.420674
0.420909
0.421301
0.421692
0.422005
0.422240
0.422475
0.422944
0.423101
0.423492
0.423727
0.423884
0.424275
0.424588
0.425371
0.425058
0.425762
0.426075
0.426310
0.426388
0.426780
0.427014
0.427406
0.427719
0.428188
0.428501
0.428501
0.428658
0.428893
0.429206
0.429597
0.429754
0.430302
0.430693
0.430693
0.431241
0.431554
0.432024
0.432024
0.432493
0.432415
0.432963
0.433276
0.433589
0.433902
0.434528
0.434528
0.434450
0.434841
0.435233
0.435781
0.435781
0.436250
0.436485
0.436876
0.437268
0.437502
0.437581
0.437737
0.438050
0.438285
0.438833
0.439068
0.439381
0.439929
0.440320
0.440477
0.440790
0.440712
0.441729
0.441964
0.442277
0.442199
0.442512
0.443294
0.443373
0.443686
0.443842
0.444468
0.444390
0.444547
0.444938
0.445016
0.445486
0.446034
0.446190
0.446425
0.446425
0.447051
0.447364
0.447756
0.447834
0.447912
0.448225
0.448539
0.448852
0.449478
0.449556
0.449869
0.450495
0.450730
0.451043
0.451435
0.451748
0.452217
0.452061
0.452530
0.452687
0.453156
0.453704
0.453861
0.454017
0.454017
0.454174
0.454565
0.454957
0.455426
0.455426
0.455583
0.456131
0.456287
0.456522
0.456992
0.457383
0.457461
0.457774
0.458009
0.458166
0.458322
0.459183
0.459183
0.459418
0.459496
0.459888
0.460122
0.460592
0.460827
0.461062
0.461688
0.461610
0.462392
0.462471
0.462549
0.462705
0.463018
0.463410
0.463723
0.464036
0.464584
0.464584
0.464897
0.465288
0.465210
0.465836
0.465993
0.466228
0.466541
0.467323
0.467323
0.467558
0.468028
0.468184
0.468106
0.468576
0.468497
0.468732
0.469358
0.469358
0.469984
0.470063
0.470376
0.470454
0.471002
0.471158
0.471550
0.471863
0.472176
0.472567
0.472959
0.472959
0.473194
0.473194
0.473507
0.474054
0.474602
0.474524
0.474837
0.475150
0.475307
0.475620
0.475620
0.475933
0.476324
0.476794
0.476950
0.477577
0.477420
0.477577
0.478046
0.478203
0.478438
0.478438
0.479142
0.479455
0.479846
0.480238
0.480394
0.480942
0.480942
0.481177
0.481803
0.481725
0.482195
0.482742
0.482742
0.483212
0.483369
0.483525
0.483603
0.483916
0.483995
0.484230
0.484934
0.485169
0.485325
0.485638
0.485873
0.486186
0.486499
0.486421
0.486969
0.487282
0.487752
0.487987
0.488221
0.488769
0.488534
0.488847
0.489161
0.489787
0.489474
0.490256
0.490491
0.490804
0.491117
0.491039
0.491509
0.491665
0.491743
0.492213
0.492761
0.493074
0.493074
0.493465
0.493700
0.494013
0.494326
0.494326
0.494561
0.495109
0.495500
0.495892
0.495892
0.496048
0.496518
0.496831
0.496831
0.497144
0.497535
0.497927
0.498083
0.498396
0.498631
0.499179
0.499257
0.499257
0.499649
0.500431
0.500353
0.501371
0.501449
0.501684
0.501919
0.501919
0.502545
0.502623
0.503171
0.503249
0.503797
0.504110
0.504423
0.504501
0.504501
0.505049
0.505441
0.505597
0.506380
0.506302
0.506536
0.506850
0.507241
0.507397
0.507476
0.507867
0.508337
0.508806
0.508963
0.509432
0.509432
0.509824
0.509980
0.510450
0.510528
0.510920
0.511467
0.511546
0.511859
0.512094
0.512328
0.512720
0.512720
0.513424
0.513581
0.513972
0.514363
0.514442
0.514677
0.515224
0.515224
0.515851
0.515851
0.516398
0.516633
0.516868
0.517103
0.517181
0.517572
0.517964
0.518199
0.518512
0.518668
0.518981
0.519529
0.519764
0.519999
0.520390
0.520703
0.520938
0.521016
0.521329
0.521877
0.521799
0.522582
0.522817
0.523130
0.523364
0.523834
0.524069
0.524460
0.524695
0.525008
0.525243
0.525634
0.526026
0.526260
0.526495
0.526574
0.526808
0.527278
0.527669
0.527982
0.527982
0.528765
0.528843
0.529078
0.529313
0.529704
0.530017
0.530174
0.530409
0.530878
0.531191
0.531270
0.531426
0.531818
0.531974
0.532209
0.532913
0.532992
0.533070
0.533461
0.533618
0.533853
0.534557
0.534635
0.534870
0.534870
0.535418
0.535809
0.535888
0.536279
0.536670
0.536905
0.536827
0.537296
0.537688
0.537688
0.538157
0.538157
0.538627
0.539097
0.539097
0.539566
0.539566
0.539801
0.540271
0.540271
0.540897
0.541210
0.541758
0.541993
0.542071
0.542619
0.542932
0.542932
0.543323
0.543636
0.543793
0.544028
0.544497
0.544576
0.544810
0.544889
0.545358
0.545515
0.545828
0.546297
0.546297
0.546376
0.546611
0.546845
0.547002
0.547237
0.547550
0.548019
0.548567
0.549037
0.549272
0.549272
0.549585
0.549898
0.550054
0.550133
0.550602
0.550759
0.551072
0.551463
0.552089
0.552324
0.552324
0.552481
0.552716
0.553107
0.553498
0.553811
0.553890
0.553890
0.554438
0.554751
0.554438
0.555220
0.555377
0.555768
0.556159
0.556394
0.556786
0.556942
0.557177
0.557334
0.557334
0.557803
0.558273
0.558664
0.558977
0.559134
0.559682
0.559838
0.559916
0.559995
0.560308
0.560856
0.561247
0.561560
0.562030
0.562421
0.562578
0.562578
0.562891
0.563204
0.563360
0.563830
0.564300
0.564378
0.564769
0.564691
0.565317
0.565317
0.565708
0.565943
0.566021
0.566648
0.566882
0.567117
0.567274
0.567352
0.567665
0.568213
0.568683
0.569074
0.569309
0.569544
0.569935
0.570092
0.570170
0.570092
0.570639
0.570639
0.571109
0.571657
0.571657
0.572205
0.572127
0.572283
0.572753
0.573066
0.573222
0.573848
0.574240
0.574553
0.574709
0.574866
0.575257
0.575570
0.575727
0.576040
0.576353
0.576744
0.577292
0.577684
0.577762
0.577997
0.578075
0.578075
0.578310
0.578701
0.579171
0.579406
0.579562
0.580110
0.580032
0.580345
0.580345
0.581049
0.581362
0.581519
0.582067
0.582458
0.582536
0.582928
0.583241
0.583319
0.583632
0.584180
0.584728
0.584650
0.585198
0.585432
0.585432
0.585824
0.585902
0.586293
0.586450
0.587154
0.587233
0.587389
0.587702
0.587937
0.588172
0.588563
0.588955
0.589268
0.589346
0.589737
0.590129
0.590363
0.590598
0.590911
0.591459
0.591459
0.591929
0.592555
0.592164
0.592868
0.593103
0.593416
0.593259
0.593494
0.593964
0.594120
0.594825
0.595138
0.595138
0.595216
0.595529
0.596155
0.595999
0.596390
0.596860
0.597095
0.597642
0.597721
0.597799
0.597721
0.598112
0.598269
0.598817
0.598895
0.599364
0.599677
0.599677
0.600069
0.600382
0.600460
0.600852
0.601086
0.601478
0.601791
0.602026
0.602339
0.602339
0.602965
0.603278
0.603748
0.603826
0.603904
0.604687
0.604608
0.605000
0.605235
0.605469
0.605469
0.605548
0.606252
0.606565
0.606800
0.607113
0.607348
0.607348
0.607739
0.607818
0.607896
0.608209
0.608522
0.608522
0.608757
0.609226
0.609696
0.610087
0.610087
0.610322
0.610635
0.611105
0.611418
0.611340
0.611653
0.612122
0.612514
0.612592
0.612514
0.612905
0.613218
0.613610
0.613531
0.613923
0.614236
0.614549
0.614784
0.614940
0.614940
0.615410
0.615488
0.615958
0.615801
0.616271
0.616740
0.616662
0.617053
0.617210
0.617680
0.617836
0.618071
0.618306
0.618541
0.619088
0.619010
0.619323
0.619793
0.619793
0.619949
0.620419
0.620106
0.620732
0.621280
0.621280
0.621593
0.622141
0.622141
0.622376
0.622532
0.622924
0.623315
0.623550
0.624019
0.623863
0.624489
0.624724
0.624802
0.624880
0.624959
0.625820
0.625898
0.626054
0.626054
0.626759
0.626915
0.626915
0.627150
0.627228
0.627698
0.628089
0.628559
0.628716
0.629107
0.629185
0.629342
0.629655
0.630046
0.630359
0.630516
0.630672
0.631142
0.631220
0.631768
0.631768
0.632003
0.632473
0.632629
0.632864
0.633020
0.633412
0.633803
0.634038
0.634351
0.634351
0.634821
0.634977
0.635603
0.635838
0.635838
0.636151
0.636621
0.636386
0.636386
0.636777
0.637247
0.637638
0.637951
0.638421
0.638656
0.638812
0.638891
0.639204
0.639204
0.639517
0.639908
0.640456
0.640613
0.640926
0.641317
0.641552
0.641552
0.641787
0.642178
0.642648
0.643117
0.643274
0.643587
0.643665
0.643978
0.643900
0.644213
0.644839
0.645387
0.645622
0.646013
0.646091
0.646405
0.646091
0.646483
0.646483
0.647109
0.647735
0.648127
0.648205
0.648361
0.648674
0.648674
0.648987
0.649301
0.649692
0.649848
0.650162
0.650162
0.650788
0.650788
0.651179
0.651492
0.651570
0.652275
0.652588
0.652823
0.653214
0.653292
0.653449
0.653449
0.653684
0.654310
0.654545
0.654858
0.655249
0.655406
0.655797
0.655875
0.656188
0.656423
0.657049
0.657284
0.657519
0.657910
0.658067
0.658536
0.658458
0.658693
0.658771
0.659163
0.660180
0.660102
0.660415
0.660884
0.660884
0.661041
0.660963
0.661276
0.661902
0.662606
0.662763
0.663076
0.663076
0.663467
0.663311
0.663311
0.663780
0.664328
0.664641
0.665033
0.665346
0.665346
0.665815
0.665972
0.666129
0.666442
0.666520
0.667068
0.667459
0.667537
0.667459
0.668164
0.668242
0.668320
0.668633
0.669103
0.669651
0.669729
0.669886
0.670199
0.670433
0.670825
0.670981
0.671294
0.671607
0.671999
0.671921
0.672547
0.672860
0.673173
0.673095
0.673564
0.673877
0.673956
0.674425
0.674738
0.675051
0.675443
0.675521
0.675521
0.675677
0.675991
0.676460
0.676930
0.677243
0.677556
0.677634
0.677947
0.678026
0.678182
0.678652
0.678965
0.679513
0.679826
0.680139
0.680374
0.680374
0.680765
0.681000
0.681626
0.682409
0.682487
0.682878
0.682800
0.683270
0.683426
0.683896
0.683818
0.684209
0.684600
0.684913
0.684913
0.685461
0.685774
0.685774
0.686244
0.686635
0.686792
0.687340
0.687340
0.687653
0.688201
0.688201
0.688514
0.688827
0.689218
0.689609
0.689609
0.689844
0.690236
0.690549
0.690705
0.690784
0.691253
0.692036
0.691958
0.692192
0.692505
0.693053
0.693210
0.693601
0.693993
0.693993
0.694540
0.694775
0.695245
0.695088
0.695480
0.695558
0.695871
0.696028
0.696576
0.697280
0.697280
0.697515
0.697828
0.698063
0.698376
0.698689
0.698924
0.699550
0.699706
0.699941
0.700724
0.700880
0.701115
0.701272
0.701585
0.701820
0.702289
0.702681
0.703150
0.703150
0.703463
0.704011
0.704168
0.704402
0.704637
0.705263
0.705420
0.705577
0.705655
0.706046
0.706594
0.706829
0.706751
0.706672
0.706829
0.706672
0.706907
0.706829
0.706516
0.706437
0.706281
0.706281
0.706281
0.706046
0.705890
0.705890
0.705342
0.705107
0.704794
0.704794
0.704402
0.704246
0.704089
0.703933
0.703776
0.703385
0.702994
0.702681
0.702759
0.702367
0.701976
0.701741
0.701507
0.700880
0.700646
0.700646
0.699863
0.699785
0.699393
0.698845
0.698845
0.698454
0.697984
0.697515
0.697358
0.696967
0.696810
0.696419
0.696028
0.695793
0.695793
0.695401
0.695088
0.694540
0.694384
0.693993
0.693523
0.693210
0.693210
0.692662
0.692505
0.692036
0.691645
0.691801
0.691410
0.690627
0.690470
0.690001
0.689688
0.689218
0.688905
0.688905
0.688201
0.688201
0.687574
0.686948
0.686714
0.686557
0.686009
0.685774
0.685539
0.685148
0.684913
0.684600
0.684209
0.684209
0.683583
0.683191
0.683035
0.682800
0.682643
0.682096
0.681783
0.680922
0.680608
0.680452
0.680139
0.679904
0.679200
0.679043
0.678730
0.678260
0.678026
0.677791
0.677634
0.677086
0.676930
0.676617
0.676304
0.675991
0.675677
0.675364
0.674817
0.674660
0.674269
0.674034
0.673095
0.673173
0.672860
0.672547
0.672312
0.672077
0.671607
0.671138
0.670590
0.670355
0.670042
0.669729
0.669651
0.669181
0.668868
0.668164
0.667929
0.667537
0.667146
0.667146
0.666676
0.665972
0.666129
0.665424
0.665502
0.665189
0.664876
0.664720
0.663702
0.663624
0.663154
0.662919
0.662763
0.662450
0.662293
0.661980
0.661824
0.661745
0.660884
0.660571
0.660180
0.659867
0.659163
0.658849
0.658536
0.658145
0.657988
0.657988
0.657128
0.656814
0.656501
0.656423
0.656110
0.656110
0.655562
0.655014
0.654623
0.654388
0.653997
0.653762
0.653684
0.653605
0.652979
0.652744
0.652588
0.652275
0.651414
0.650866
0.650631
0.650318
0.650005
0.649927
0.649770
0.649301
0.648987
0.648440
0.648283
0.647892
0.647813
0.647187
0.646483
0.646561
0.646405
0.646170
0.645309
0.645309
0.644996
0.644917
0.644370
0.644291
0.643743
0.643274
0.642961
0.642569
0.642256
0.642100
0.642021
0.641708
0.641239
0.641082
0.640534
0.640300
0.639752
0.639439
0.639047
0.638656
0.638186
0.638265
0.638108
0.637717
0.637482
0.637090
0.636543
0.636464
0.636229
0.635682
0.635212
0.635055
0.634977
0.634821
0.634429
0.634038
0.633803
0.633647
0.633568
0.632864
0.632238
0.631925
0.631690
0.631533
0.631142
0.631064
0.630594
0.630203
0.630046
0.629498
0.629185
0.628716
0.628481
0.628324
0.627776
0.627620
0.627385
0.627385
0.626915
0.626446
0.626446
0.625820
0.625428
0.625115
0.624724
0.624332
0.624176
0.623785
0.623706
0.623393
0.622924
0.623002
0.622532
0.622063
0.621593
0.621515
0.621045
0.620889
0.620732
0.620262
0.619949
0.619793
0.619558
0.619010
0.618462
0.618384
0.617993
0.617758
0.617366
0.617210
0.616975
0.616897
0.616349
0.616036
0.615958
0.615018
0.614470
0.614549
0.614236
0.613844
0.613610
0.613610
0.613531
0.613296
0.612983
0.612670
0.612044
0.611653
0.611027
0.610792
0.610714
0.609774
0.610087
0.609226
0.609383
0.608992
0.608444
0.608209
0.607661
0.607270
0.607113
0.606878
0.606565
0.606487
0.606252
0.606252
0.605313
0.605235
0.604843
0.604374
0.604295
0.603904
0.603591
0.603434
0.603043
0.602808
0.602417
0.602182
0.601321
0.601399
0.600538
0.600460
0.599912
0.599834
0.599364
0.599443
0.598973
0.598660
0.598112
0.597721
0.597564
0.597173
0.596703
0.596625
0.596468
0.596077
0.595607
0.595451
0.594981
0.594433
0.594120
0.593964
0.593807
0.593572
0.593494
0.592946
0.592477
0.592320
0.592164
0.591616
0.590990
0.590598
0.590129
0.590285
0.589581
0.589346
0.589424
0.589111
0.588563
0.588015
0.587780
0.587389
0.587311
0.587154
0.586763
0.586372
0.586059
0.585745
0.585511
0.585198
0.584571
0.584571
0.584337
0.584024
0.583945
0.583554
0.583241
0.583084
0.582458
0.582458
0.581754
0.581206
0.581128
0.580814
0.580423
0.580267
0.579640
0.579797
0.579249
0.579093
0.578388
0.578232
0.577918
0.577918
0.577605
0.577214
0.576823
0.576431
0.576275
0.575962
0.575649
0.575336
0.574788
0.574709
0.574709
0.574709
0.574240
0.573848
0.573457
0.573301
0.572909
0.572440
0.572127
0.572048
0.571970
0.571735
0.571344
0.571109
0.570718
0.570483
0.569935
0.569544
0.569231
0.568996
0.568839
0.568448
0.568370
0.567978
0.567900
0.567665
0.567352
0.566961
0.566100
0.566335
0.565943
0.565787
0.565552
0.565161
0.565082
0.564691
0.564221
0.564065
0.563830
0.563439
0.563282
0.563047
0.562265
0.561638
0.561795
0.561482
0.561012
0.560543
0.560308
0.559760
0.559682
0.559682
0.558977
0.558586
0.558429
0.558273
0.558038
0.557725
0.557412
0.557020
0.556942
0.556629
0.556159
0.556003
0.555690
0.555455
0.555455
0.554829
0.554359
0.554124
0.554046
0.553733
0.553342
0.553264
0.552950
0.552637
0.552559
0.552011
0.551933
0.551855
0.551385
0.551150
0.550759
0.550289
0.549898
0.549585
0.549272
0.549193
0.548802
0.548724
0.548411
0.547785
0.547315
0.547158
0.547315
0.547080
0.546689
0.546297
0.545828
0.545593
0.545437
0.545202
0.544967
0.544419
0.543949
0.543949
0.543793
0.543558
0.543245
0.542775
0.542541
0.542071
0.541445
0.541367
0.541210
0.540897
0.540427
0.540192
0.540114
0.539566
0.539018
0.538784
0.538549
0.538157
0.538079
0.537610
0.537610
0.537296
0.536670
0.536670
0.536044
0.535966
0.535731
0.535183
0.535027
0.534792
0.534557
0.534322
0.533853
0.533931
0.533070
0.532835
0.532679
0.532287
0.532209
0.531739
0.531583
0.531113
0.530565
0.530487
0.530096
0.529469
0.529469
0.529313
0.528843
0.528530
0.528530
0.528217
0.527982
0.527748
0.527278
0.526887
0.526652
0.525869
0.526182
0.525713
0.525478
0.525165
0.525008
0.524460
0.524225
0.523912
0.523521
0.523599
0.523208
0.522347
0.522112
0.522112
0.521877
0.521095
0.520625
0.520312
0.520077
0.519921
0.519216
0.519294
0.518825
0.518981
0.518590
0.518042
0.517651
0.517494
0.516790
0.516633
0.516477
0.516007
0.515851
0.515537
0.515224
0.514911
0.514207
0.513737
0.513581
0.513424
0.513581
0.513268
0.512798
0.512328
0.512094
0.511781
0.511233
0.510763
0.510920
0.510685
0.510137
0.509824
0.509432
0.509198
0.509041
0.508337
0.507945
0.507476
0.507554
0.507319
0.506693
0.506536
0.506302
0.506067
0.505597
0.505362
0.504971
0.504345
0.504345
0.504423
0.503719
0.503562
0.503171
0.503093
0.502388
0.502153
0.501684
0.501214
0.501292
0.501058
0.500823
0.500040
0.500197
0.499805
0.499257
0.498944
0.498631
0.498162
0.498005
0.497770
0.497379
0.497457
0.497066
0.496831
0.496205
0.495657
0.495266
0.495266
0.494874
0.494639
0.494561
0.494248
0.493935
0.493465
0.492996
0.492526
0.492370
0.491822
0.491822
0.491430
0.491196
0.490882
0.490961
0.490335
0.489708
0.489474
0.489082
0.489161
0.489004
0.488534
0.488221
0.488143
0.487282
0.486812
0.486812
0.486343
0.485951
0.485482
0.485560
0.485247
0.485012
0.484856
0.484464
0.483916
0.483447
0.483290
0.483134
0.483134
0.482508
0.482195
0.482116
0.481881
0.481334
0.480707
0.480394
0.480160
0.479690
0.479768
0.479455
0.478907
0.478751
0.478359
0.478046
0.477577
0.477342
0.477029
0.477107
0.476481
0.476324
0.476246
0.475698
0.475307
0.475072
0.474681
0.474133
0.474211
0.473741
0.473663
0.473272
0.473037
0.473037
0.472489
0.472176
0.471863
0.471706
0.471080
0.470845
0.470689
0.470219
0.470219
0.469906
0.469358
0.468810
0.468889
0.468341
0.467949
0.467636
0.467480
0.467167
0.466697
0.466619
0.466149
0.465914
0.465523
0.465601
0.464975
0.464662
0.464662
0.464271
0.464114
0.463566
0.463566
0.462862
0.462862
0.462627
0.462157
0.461610
0.461610
0.461453
0.460749
0.460357
0.460044
0.459809
0.459575
0.459418
0.458948
0.458792
0.458557
0.458244
0.457853
0.457540
0.457540
0.456835
0.456679
0.456522
0.456131
0.455818
0.455505
0.455191
0.454722
0.454565
0.454409
0.453626
0.453470
0.453235
0.452687
0.452530
0.452139
0.451982
0.451513
0.451278
0.450965
0.450574
0.450339
0.450026
0.449556
0.449556
0.449478
0.449008
0.448617
0.448225
0.447912
0.447991
0.447443
0.447130
0.446738
0.446582
0.446190
0.445956
0.445486
0.445486
0.444860
0.444468
0.444234
0.443842
0.443294
0.443138
0.442747
0.442747
0.442199
0.441886
0.441807
0.441103
0.440712
0.440242
0.439851
0.440007
0.439538
0.439381
0.439068
0.438598
0.438363
0.437894
0.437346
0.437111
0.436798
0.436720
0.436407
0.435937
0.435624
0.435233
0.434920
0.434372
0.434372
0.434059
0.433902
0.433276
0.433354
0.433041
0.432806
0.432337
0.431711
0.431554
0.431084
0.430615
0.430302
0.430536
0.429832
0.429676
0.429284
0.429206
0.428736
0.428345
0.428267
0.428032
0.427640
0.427249
0.427327
0.426780
0.426701
0.425997
0.425762
0.425605
0.424979
0.424588
0.424745
0.424353
0.423884
0.423649
0.423492
0.423023
0.422475
0.422318
0.421849
0.421614
0.421301
0.420909
0.420440
0.420361
0.419892
0.419657
0.419266
0.418796
0.418796
0.418170
0.418013
0.417935
0.417622
0.417465
0.417152
0.416604
0.416526
0.416057
0.415430
0.415587
0.415039
0.414726
0.414569
0.414569
0.414256
0.413630
0.413395
0.412926
0.412691
0.412143
0.412143
0.411987
0.411517
0.411204
0.410891
0.410421
0.410108
0.409717
0.409560
0.409325
0.408777
0.408543
0.408230
0.407838
0.407760
0.406977
0.406821
0.406586
0.406429
0.405881
0.405725
0.405803
0.405490
0.405099
0.404707
0.404394
0.404003
0.403612
0.403455
0.403064
0.402829
0.402751
0.402203
0.401890
0.401342
0.401029
0.400559
0.400716
0.399855
0.399776
0.399698
0.399385
0.399072
0.398446
0.398289
0.397898
0.397507
0.397350
0.397428
0.396724
0.396646
0.396254
0.395941
0.395628
0.395393
0.395002
0.394845
0.394219
0.394219
0.393906
0.393515
0.393124
0.392889
0.392576
0.392263
0.391793
0.391636
0.391636
0.391167
0.391010
0.390619
0.390149
0.389680
0.389367
0.388819
0.388819
0.388662
0.388349
0.388271
0.388036
0.387410
0.387097
0.386705
0.386079
0.385923
0.385688
0.385531
0.385297
0.385062
0.384670
0.384357
0.384201
0.383731
0.383183
0.382792
0.382557
0.382244
0.382087
0.381696
0.381383
0.381070
0.380679
0.380209
0.380052
0.379818
0.379270
0.378878
0.378644
0.378644
0.378252
0.377704
0.377939
0.377391
0.376922
0.376296
0.376452
0.376139
0.375982
0.375669
0.375356
0.375043
0.374887
0.374652
0.374260
0.373947
0.373713
0.373243
0.373008
0.372852
0.372617
0.372382
0.371678
0.371521
0.371208
0.370738
0.370660
0.370582
0.370034
0.369721
0.369486
0.369016
0.368390
0.368155
0.367842
0.367529
0.367138
0.367060
0.366825
0.366512
0.366042
0.365651
0.365181
0.365338
0.364946
0.364164
0.363851
0.364007
0.363459
0.363146
0.362677
0.362285
0.362050
0.361659
0.360876
0.360798
0.360642
0.360172
0.359937
0.359624
0.359076
0.358920
0.358607
0.358215
0.357746
0.357667
0.357511
0.356806
0.356885
0.356337
0.355945
0.355867
0.355476
0.355084
0.354928
0.354537
0.354302
0.353989
0.353754
0.353206
0.352815
0.352580
0.352110
0.351875
0.351484
0.351171
0.350936
0.350780
0.350153
0.349919
0.349762
0.348979
0.348901
0.348510
0.348353
0.347962
0.347805
0.347570
0.346944
0.346710
0.346318
0.345849
0.345849
0.345301
0.345144
0.344831
0.344361
0.344048
0.344205
0.343344
0.343031
0.342874
0.342405
0.341622
0.342092
0.341465
0.340839
0.340526
0.340448
0.340057
0.339665
0.339274
0.338726
0.338413
0.338100
0.338022
0.337709
0.337474
0.337239
0.336848
0.336456
0.335987
0.335595
0.335439
0.334891
0.334734
0.334186
0.334030
0.333952
0.333638
0.333169
0.333012
0.332308
0.331995
0.331838
0.331603
0.331525
0.330977
0.330742
0.330351
0.329412
0.329334
0.328942
0.328551
0.328316
0.328160
0.327533
0.327220
0.326986
0.326907
0.326359
0.325968
0.325733
0.325655
0.325420
0.324951
0.324637
0.324559
0.323855
0.323855
0.323385
0.323150
0.322524
0.322524
0.322133
0.321585
0.321428
0.321194
0.320724
0.320333
0.319785
0.319237
0.319315
0.319159
0.318611
0.318298
0.318141
0.317906
0.317671
0.316889
0.316967
0.316263
0.316028
0.315949
0.315715
0.315167
0.314932
0.314619
0.313993
0.313836
0.313445
0.313523
0.313054
0.312975
0.312349
0.312193
0.311645
0.311332
0.310940
0.310549
0.310079
0.309923
0.309844
0.309531
0.308827
0.308905
0.308514
0.307888
0.307731
0.307340
0.306870
0.306479
0.306635
0.306244
0.305774
0.305618
0.305227
0.304913
0.304366
0.304287
0.303739
0.303739
0.303348
0.302957
0.302487
0.302331
0.302017
0.301626
0.301078
0.300922
0.300609
0.300217
0.299904
0.299669
0.298965
0.298808
0.298652
0.298339
0.298026
0.297947
0.297165
0.296852
0.296852
0.296304
0.296226
0.295912
0.295521
0.295443
0.295051
0.294660
0.294582
0.293877
0.293799
0.293564
0.293251
0.292625
0.292547
0.292155
0.291764
0.291216
0.291060
0.290903
0.290434
0.289886
0.289807
0.289494
0.289025
0.288790
0.288320
0.287929
0.287538
0.287381
0.287146
0.286833
0.286598
0.286598
0.286207
0.285424
0.285189
0.285033
0.284720
0.284485
0.284250
0.283937
0.283468
0.283154
0.282763
0.282450
0.282293
0.281746
0.281119
0.280572
0.280415
0.280102
0.280180
0.279554
0.279006
0.278615
0.278380
0.277989
0.277597
0.277128
0.276893
0.276580
0.276345
0.276188
0.275875
0.275406
0.274936
0.274701
0.274545
0.274153
0.273840
0.273292
0.273136
0.272588
0.272431
0.272197
0.271649
0.271414
0.271101
0.270788
0.270631
0.270162
0.269770
0.269144
0.268988
0.268909
0.268205
0.267970
0.267970
0.267500
0.267266
0.266796
0.266718
0.266092
0.265700
0.265387
0.264996
0.264839
0.264448
0.264213
0.263978
0.263822
0.263509
0.262961
0.262883
0.262491
0.262100
0.261787
0.261239
0.261082
0.260691
0.260534
0.259908
0.259674
0.259439
0.258969
0.258186
0.258030
0.257952
0.257717
0.257325
0.256699
0.256308
0.256073
0.255838
0.255290
0.254977
0.254743
0.254351
0.253882
0.253568
0.253412
0.252708
0.252551
0.252081
0.251768
0.251377
0.251064
0.250672
0.250594
0.250125
0.249812
0.249498
0.249107
0.248951
0.248168
0.247855
0.248090
0.247463
0.247229
0.246524
0.246446
0.246055
0.245820
0.245272
0.244802
0.244724
0.244176
0.243863
0.243628
0.243393
0.243080
0.242924
0.242298
0.242063
0.241750
0.241124
0.240889
0.240810
0.240341
0.239558
0.239167
0.239010
0.238775
0.238228
0.237367
0.237445
0.237288
0.236819
0.236584
0.236036
0.236036
0.235410
0.234940
0.234705
0.234314
0.234079
0.234001
0.233531
0.233218
0.232827
0.232514
0.232044
0.231809
0.230949
0.230949
0.230949
0.230479
0.230166
0.229931
0.229305
0.228992
0.228600
0.228053
0.228053
0.227739
0.227113
0.227113
0.226800
0.226644
0.226018
0.225939
0.225626
0.225000
0.224687
0.224296
0.224139
0.223748
0.223435
0.223043
0.222652
0.222339
0.221869
0.221556
0.221478
0.221087
0.220539
0.220147
0.220304
0.219599
0.219443
0.219051
0.218347
0.218034
0.217564
0.217330
0.216938
0.216469
0.216390
0.216077
0.215451
0.215060
0.214903
0.214512
0.214434
0.214042
0.213573
0.213181
0.212790
0.212790
0.212320
0.211772
0.211459
0.210911
0.210755
0.210598
0.210129
0.209972
0.209737
0.209581
0.208955
0.208720
0.208329
0.208250
0.207859
0.207389
0.206998
0.207154
0.206450
0.206294
0.205667
0.205433
0.205276
0.204728
0.204180
0.203945
0.203789
0.203319
0.203084
0.202850
0.202458
0.201910
0.201676
0.201206
0.201128
0.200736
0.200110
0.199719
0.199641
0.199171
0.198545
0.198153
0.197919
0.197371
0.197292
0.197136
0.196510
0.196118
0.195884
0.195336
0.194788
0.194710
0.194397
0.194162
0.193849
0.193536
0.193222
0.192831
0.192518
0.192127
0.191657
0.191344
0.190796
0.190405
0.190092
0.189857
0.189544
0.188918
0.188761
0.188291
0.188135
0.187665
0.187117
0.186883
0.186648
0.186256
0.186100
0.185865
0.185395
0.184848
0.184613
0.184065
0.183908
0.183360
0.183282
0.183126
0.182813
0.182578
0.181952
0.181873
0.181169
0.181012
0.180778
0.180386
0.179369
0.179682
0.179290
0.178977
0.178508
0.178351
0.177334
0.177255
0.176942
0.176629
0.176238
0.175768
0.175612
0.175220
0.174751
0.174438
0.173968
0.173733
0.173420
0.173029
0.172951
0.172559
0.172246
0.171777
0.171072
0.171072
0.170681
0.170211
0.170055
0.169663
0.169428
0.168881
0.168646
0.168411
0.168176
0.167550
0.167393
0.166924
0.166846
0.165906
0.165828
0.165593
0.165358
0.164732
0.164654
0.164263
0.163636
0.163323
0.162776
0.162619
0.162462
0.162071
0.161445
0.161210
0.160584
0.160427
0.160036
0.159332
0.159175
0.158705
0.158158
0.157845
0.157610
0.157140
0.156984
0.156357
0.156357
0.155731
0.155183
0.154792
0.154401
0.154166
0.153931
0.153305
0.152992
0.152914
0.152287
0.152444
0.151818
0.151661
0.151270
0.150879
0.150487
0.150174
0.149783
0.149235
0.148843
0.148296
0.147748
0.147435
0.146965
0.146808
0.146730
0.146261
0.145791
0.145556
0.145321
0.144695
0.144460
0.143912
0.143443
0.143599
0.142973
0.142660
0.142191
0.141877
0.141408
0.141095
0.140703
0.140156
0.139686
0.139295
0.138981
0.138903
0.138512
0.138042
0.137807
0.137416
0.136790
0.136399
0.136477
0.136086
0.135459
0.135225
0.135068
0.134598
0.134207
0.133894
0.133424
0.132955
0.132563
0.132250
0.131937
0.131624
0.131311
0.130998
0.130841
0.130059
0.129824
0.129041
0.128806
0.128415
0.128180
0.127945
0.127241
0.127084
0.126850
0.126302
0.125754
0.125284
0.125363
0.124893
0.124345
0.124189
0.123954
0.123562
0.123014
0.122701
0.121997
0.121762
0.121293
0.121136
0.120823
0.120197
0.119805
0.119258
0.118788
0.118318
0.117849
0.117614
0.117379
0.116988
0.116675
0.116283
0.115970
0.115501
0.115187
0.114483
0.114327
0.113622
0.113466
0.113231
0.112839
0.112605
0.112370
0.111900
0.111587
0.111039
0.110491
0.109943
0.109787
0.110022
0.109396
0.108769
0.108221
0.107830
0.107595
0.106969
0.106500
0.106343
0.106030
0.106108
0.105404
0.105012
0.104934
0.104308
0.103838
0.103525
0.103056
0.102664
0.102273
0.102038
0.101647
0.101177
0.100786
0.100316
0.099925
0.099299
0.098829
0.098359
0.098438
0.098046
0.097812
0.097185
0.096638
0.096246
0.095933
0.095463
0.095072
0.094837
0.094603
0.094055
0.093663
0.093350
0.093037
0.092646
0.091863
0.091707
0.091393
0.091159
0.090767
0.090376
0.090219
0.089828
0.089437
0.089202
0.088341
0.088028
0.087715
0.087480
0.087245
0.086619
0.086228
0.085993
0.085758
0.084819
0.084427
0.084036
0.083801
0.083410
0.083175
0.082471
0.082158
0.082001
0.081531
0.081062
0.080592
0.079966
0.079496
0.078870
0.078714
0.078479
0.078088
0.077775
0.077305
0.076679
0.076366
0.075818
0.075583
0.075270
0.074879
0.074565
0.074331
0.073861
0.073391
0.073000
0.072374
0.072217
0.071826
0.071435
0.071278
0.070730
0.070574
0.069713
0.069478
0.069165
0.068460
0.067834
0.067599
0.067365
0.066895
0.066425
0.066191
0.065721
0.065173
0.065095
0.064390
0.063842
0.063686
0.063295
0.062982
0.062512
0.061964
0.061729
0.061651
0.060868
0.060320
0.059616
0.059146
0.058598
0.058520
0.057972
0.057503
0.057190
0.057111
0.056642
0.056407
0.055624
0.055546
0.054998
0.054763
0.054137
0.053589
0.053511
0.053041
0.052493
0.051945
0.051632
0.051241
0.050615
0.050615
0.049910
0.049363
0.048971
0.048658
0.048267
0.047875
0.047562
0.047249
0.046780
0.046467
0.045762
0.045214
0.045058
0.044666
0.043962
0.043884
0.043492
0.042944
0.042475
0.042162
0.041692
0.041301
0.040831
0.040362
0.039970
0.039188
0.038874
0.038561
0.038092
0.037622
0.036918
0.036370
0.036057
0.035587
0.035431
0.034726
0.034413
0.034022
0.033474
0.032848
0.032378
0.031830
0.031908
0.031047
0.030578
0.030343
0.029795
0.029169
0.029169
0.028699
0.027917
0.027290
0.027369
0.026664
0.026430
0.025882
0.025177
0.024864
0.024629
0.024238
0.023534
0.022907
0.022673
0.022203
0.021577
0.021185
0.020794
0.020559
0.019698
0.019385
0.019072
0.018446
0.017898
0.017507
0.017272
0.016489
0.016333
0.015941
0.015159
0.014924
0.014298
0.013828
0.013280
0.012889
0.012889
0.012263
0.012028
0.011637
0.011089
0.010306
0.009680
0.009288
0.008975
0.008662
0.008271
0.007801
0.007175
0.007097
0.006706
0.006001
0.005610
0.005218
0.004514
0.004279
0.004123
0.003262
0.003105
0.002714
0.002166
0.001853
0.000992
0.000366
0.000131
-0.000260
-0.000652
-0.001278
-0.001435
-0.001904
-0.002217
-0.002922
-0.003391
-0.003939
-0.004096
-0.004409
-0.004957
-0.005191
-0.005818
-0.006052
-0.006522
-0.007305
-0.008009
-0.008635
-0.008322
-0.009027
-0.009731
-0.010044
-0.010436
-0.011218
-0.011766
-0.012392
-0.013175
-0.013175
-0.013879
-0.014114
-0.014506
-0.015053
-0.015523
-0.015914
-0.016619
-0.016932
-0.017402
-0.017949
-0.018106
-0.018732
-0.019123
-0.019671
-0.020298
-0.020767
-0.020924
-0.021941
-0.022724
-0.023272
-0.023663
-0.024211
-0.024368
-0.024837
-0.025463
-0.025698
-0.026246
-0.026872
-0.027498
-0.027811
-0.028516
-0.028594
-0.029220
-0.030081
-0.030081
-0.030629
-0.031177
-0.031803
-0.032586
-0.032977
-0.033290
-0.033916
-0.034308
-0.034543
-0.034777
-0.035560
-0.036030
-0.036656
-0.037517
-0.037908
-0.038143
-0.038769
-0.039395
-0.039708
-0.039943
-0.040726
-0.041196
-0.041665
-0.042448
-0.043622
-0.043857
-0.044248
-0.044718
-0.045031
-0.045735
-0.046596
-0.046909
-0.047222
-0.048553
-0.049023
-0.049570
-0.050118
-0.050431
-0.050979
-0.051214
-0.051684
-0.052466
-0.053093
-0.054110
-0.054580
-0.054580
-0.055206
-0.055754
-0.056458
-0.056615
-0.057397
-0.057789
-0.058571
-0.059276
-0.059824
-0.060293
-0.060920
-0.061389
-0.062250
-0.062563
-0.063111
-0.063816
-0.064755
-0.065224
-0.065772
-0.066320
-0.066555
-0.066712
-0.067416
-0.068042
-0.068355
-0.068903
-0.069451
-0.070547
-0.071251
-0.071799
-0.072112
-0.072503
-0.073051
-0.073443
-0.073991
-0.074539
-0.075321
-0.075947
-0.076417
-0.076574
-0.077434
-0.077591
-0.078374
-0.079235
-0.079783
-0.080252
-0.081191
-0.082052
-0.082913
-0.083305
-0.083931
-0.083931
-0.084792
-0.085261
-0.086044
-0.086201
-0.086670
-0.087375
-0.088314
-0.088549
-0.089097
-0.089645
-0.090271
-0.090975
-0.091601
-0.092149
-0.092384
-0.093245
-0.093636
-0.094497
-0.094810
-0.095515
-0.095828
-0.096454
-0.097002
-0.097941
-0.098176
-0.098959
-0.099663
-0.100602
-0.100994
-0.101463
-0.101855
-0.102481
-0.103029
-0.104124
-0.104672
-0.105299
-0.106081
-0.106473
-0.106942
-0.107725
-0.108038
-0.108273
-0.109134
-0.109682
-0.110699
-0.111169
-0.111560
-0.112343
-0.112891
-0.113517
-0.113986
-0.114378
-0.114847
-0.115865
-0.116335
-0.116882
-0.117743
-0.118604
-0.119074
-0.119778
-0.120561
-0.120718
-0.121735
-0.122283
-0.123066
-0.123614
-0.124162
-0.125101
-0.125727
-0.126118
-0.126744
-0.127214
-0.127762
-0.128545
-0.129327
-0.129954
-0.130580
-0.131206
-0.131754
-0.132380
-0.133163
-0.133319
-0.133710
-0.134806
-0.135667
-0.136293
-0.136920
-0.137467
-0.138485
-0.139346
-0.139659
-0.139894
-0.140833
-0.141616
-0.142398
-0.143103
-0.143651
-0.144355
-0.144981
-0.145842
-0.146234
-0.146782
-0.147095
-0.148034
-0.148973
-0.149443
-0.149991
-0.150695
-0.151086
-0.152104
-0.152417
-0.153121
-0.153356
-0.154295
-0.155000
-0.155861
-0.156487
-0.157035
-0.157504
-0.158209
-0.158757
-0.159383
-0.160087
-0.160400
-0.161653
-0.162827
-0.163296
-0.163766
-0.164157
-0.164705
-0.165253
-0.165879
-0.166349
-0.167288
-0.167993
-0.168619
-0.169245
-0.170184
-0.170576
-0.171123
-0.171984
-0.172376
-0.172845
-0.173472
-0.174019
-0.175037
-0.175741
-0.176289
-0.176681
-0.177228
-0.178089
-0.178716
-0.179185
-0.179733
-0.180203
-0.181455
-0.182238
-0.182864
-0.183334
-0.183803
-0.184351
-0.184899
-0.185682
-0.186073
-0.186464
-0.187090
-0.188343
-0.189125
-0.189595
-0.189830
-0.190613
-0.190926
-0.191787
-0.192178
-0.192804
-0.193352
-0.194291
-0.195387
-0.196170
-0.196796
-0.197109
-0.197266
-0.198205
-0.198831
-0.199535
-0.200240
-0.200944
-0.201962
-0.202666
-0.203214
-0.203527
-0.204310
-0.204701
-0.205093
-0.205562
-0.206188
-0.206971
-0.207675
-0.208615
-0.209006
-0.209710
-0.209867
-0.210493
-0.211432
-0.211902
-0.212372
-0.212919
-0.213859
-0.214798
-0.215189
-0.215737
-0.216285
-0.216833
-0.217303
-0.217929
-0.218477
-0.218868
-0.219964
-0.220668
-0.221060
-0.221529
-0.222390
-0.222625
-0.223173
-0.224112
-0.224190
-0.224895
-0.225364
-0.226225
-0.227086
-0.227556
-0.227712
-0.228339
-0.228730
-0.229591
-0.229982
-0.230295
-0.231078
-0.231704
-0.232409
-0.232878
-0.233583
-0.234052
-0.234287
-0.234600
-0.235305
-0.235696
-0.236244
-0.236557
-0.237418
-0.238435
-0.238827
-0.239140
-0.239453
-0.239766
-0.240784
-0.241410
-0.241801
-0.242192
-0.242740
-0.243993
-0.244462
-0.244854
-0.245167
-0.245636
-0.245715
-0.246184
-0.246889
-0.247436
-0.247750
-0.248063
-0.249158
-0.249628
-0.249941
-0.250254
-0.250646
-0.251193
-0.251585
-0.252289
-0.252837
-0.253072
-0.253933
-0.254559
-0.254872
-0.255420
-0.255655
-0.255811
-0.256516
-0.256594
-0.257377
-0.257846
-0.258238
-0.258786
-0.259255
-0.259647
-0.260116
-0.260194
-0.260899
-0.261212
-0.261682
-0.262073
-0.262621
-0.263090
-0.263638
-0.263717
-0.264186
-0.264499
-0.264499
-0.264969
-0.265517
-0.265908
-0.266378
-0.266769
-0.267082
-0.267474
-0.268021
-0.268491
-0.268491
-0.269117
-0.269195
-0.269822
-0.270056
-0.270683
-0.270839
-0.271387
-0.271778
-0.272091
-0.272326
-0.272796
-0.273187
-0.273187
-0.273579
-0.273500
-0.274048
-0.274440
-0.274753
-0.275066
-0.275614
-0.275692
-0.275848
-0.276005
-0.276161
-0.276396
-0.276631
-0.277257
-0.277492
-0.278040
-0.278431
-0.278353
-0.278510
-0.278979
-0.279371
-0.279136
-0.279527
-0.279762
-0.280388
-0.280779
-0.281327
-0.281171
-0.281092
-0.281406
-0.281719
-0.282267
-0.282110
-0.282423
-0.282658
-0.282658
-0.283362
-0.283362
-0.283754
-0.283832
-0.284302
-0.283988
-0.284302
-0.284380
-0.284771
-0.284849
-0.285397
-0.285476
-0.285710
-0.286102
-0.286258
-0.286415
-0.286415
-0.286415
-0.286884
-0.286728
-0.287041
-0.287041
-0.287354
-0.287354
-0.287824
-0.287980
-0.288137
-0.287980
-0.288058
-0.288293
-0.288450
-0.288606
-0.288606
-0.288841
-0.289076
-0.289389
-0.289389
-0.289154
-0.289076
-0.289389
-0.289624
-0.289859
-0.289780
-0.289780
-0.290328
-0.290094
-0.290250
-0.290407
-0.290250
-0.290172
-0.290485
-0.290563
-0.290720
-0.290798
-0.290641
-0.290798
-0.290954
-0.291268
-0.291268
-0.291189
-0.291268
-0.291502
-0.291424
-0.291894
-0.291502
-0.291502
-0.291659
-0.291581
-0.291737
-0.291659
-0.291659
-0.291894
-0.291502
-0.291581
-0.291502
-0.291972
-0.291815
-0.291972
-0.291894
-0.291659
-0.291972
-0.291737
-0.291659
-0.291581
-0.291894
-0.291972
-0.291659
-0.291894
-0.291815
-0.291815
-0.292050
-0.292207
-0.291972
-0.291581
-0.291815
-0.291894
-0.291659
-0.291659
-0.291815
-0.291737
-0.291894
-0.291972
-0.291815
-0.292050
-0.291815
-0.291737
-0.292207
-0.291815
-0.292050
-0.291581
-0.291894
-0.292129
-0.292207
-0.292050
-0.291815
-0.291659
-0.291581
-0.291581
-0.291737
-0.291659
-0.291815
-0.291659
-0.291815
-0.291972
-0.291659
-0.292129
-0.291581
-0.291737
-0.291659
-0.291815
-0.291737
-0.291659
-0.291737
-0.291815
-0.291815
-0.291659
-0.291424
-0.291424
-0.291502
-0.291346
-0.291346
-0.291268
-0.291346
-0.290954
-0.291502
-0.290954
-0.291659
-0.291424
-0.291111
-0.291424
-0.291424
-0.291346
-0.291346
-0.291033
-0.290876
-0.291268
-0.291033
-0.291189
-0.290954
-0.290798
-0.290798
-0.291033
-0.291111
-0.290876
-0.290720
-0.290876
-0.290720
-0.291111
-0.290720
-0.290954
-0.290328
-0.290876
-0.291111
-0.290720
-0.290720
-0.290563
-0.290563
-0.290563
-0.290641
-0.290720
-0.290328
-0.290172
-0.290641
-0.290720
-0.290720
-0.290485
-0.290407
-0.290250
-0.290485
-0.290250
-0.290720
-0.290407
-0.290328
-0.290328
-0.290250
-0.290485
-0.290094
-0.290172
-0.290094
-0.290328
-0.290250
-0.289937
-0.289780
-0.290015
-0.289937
-0.290015
-0.289937
-0.289937
-0.289546
-0.289859
-0.289859
-0.289859
-0.289937
-0.289780
-0.289702
-0.289780
-0.289859
-0.289937
-0.290250
-0.289937
-0.289859
-0.290328
-0.289859
-0.289859
-0.289780
-0.289859
-0.289780
-0.289624
-0.289859
-0.290015
-0.289546
-0.289780
-0.289780
-0.289937
-0.289780
-0.289702
-0.289859
-0.289780
-0.289937
-0.290094
-0.289937
-0.290094
-0.289937
-0.289859
-0.289780
-0.290094
-0.290094
-0.289859
-0.289937
-0.290172
-0.289937
-0.290015
-0.290094
-0.290172
-0.289859
-0.290094
-0.290328
-0.290172
-0.290094
-0.290172
-0.290172
-0.290407
-0.290328
-0.290563
-0.290407
-0.290407
-0.290563
-0.290250
-0.290328
-0.290328
-0.290641
-0.290798
-0.290798
-0.290798
-0.290954
-0.290563
-0.290876
-0.290954
-0.290798
-0.290954
-0.291111
-0.290876
-0.291268
-0.291189
-0.291424
-0.291424
-0.291737
-0.291268
-0.291581
-0.291346
-0.291268
-0.291581
-0.291268
-0.291424
-0.291737
-0.291894
-0.291659
-0.291894
-0.291894
-0.291815
-0.292129
-0.292129
-0.292207
-0.292050
-0.292363
-0.292520
-0.292520
-0.292598
-0.292598
-0.292676
-0.292833
-0.292911
-0.293146
-0.292911
-0.293303
-0.293146
-0.293381
-0.293694
-0.293459
-0.293537
-0.293537
-0.293537
-0.293772
-0.293694
-0.294085
-0.293772
-0.294242
-0.294242
-0.294164
-0.294320
-0.294477
-0.294790
-0.294320
-0.294555
-0.294242
-0.294711
-0.294868
-0.295103
-0.295259
-0.295338
-0.295416
-0.295494
-0.295259
-0.295338
-0.295259
-0.295494
-0.295651
-0.295885
-0.296042
-0.296120
-0.296120
-0.296120
-0.296277
-0.296433
-0.296590
-0.296512
-0.296590
-0.296590
-0.296512
-0.296825
-0.296825
-0.297216
-0.297060
-0.297294
-0.297373
-0.297764
-0.297529
-0.297842
-0.297764
-0.298390
-0.298077
-0.298155
-0.298625
-0.298938
-0.298547
-0.298703
-0.298781
-0.298938
-0.298938
-0.299095
-0.299251
-0.299486
-0.299564
-0.299877
-0.300112
-0.300190
-0.300347
-0.300425
-0.300660
-0.300425
-0.300582
-0.301130
-0.300973
-0.300973
-0.301286
-0.301521
-0.301912
-0.302304
-0.301834
-0.301834
-0.302304
-0.302304
-0.302460
-0.302460
-0.302617
-0.302930
-0.302773
-0.303243
-0.303478
-0.303399
-0.303321
-0.303243
-0.303556
-0.303869
-0.304104
-0.304260
-0.304260
-0.304260
-0.304652
-0.304887
-0.304965
-0.304887
-0.304808
-0.305121
-0.305356
-0.305200
-0.305591
-0.305591
-0.305747
-0.306217
-0.306139
-0.306139
-0.306295
-0.306295
-0.306452
-0.306530
-0.306922
-0.307000
-0.306765
-0.306765
-0.307078
-0.307704
-0.307782
-0.307861
-0.307861
-0.307861
-0.308409
-0.308252
-0.308330
-0.308643
-0.308957
-0.309348
-0.309035
-0.309270
-0.309270
-0.309426
-0.309818
-0.309974
-0.310131
-0.310287
-0.310600
-0.310757
-0.310600
-0.311226
-0.311383
-0.311461
-0.311539
-0.311618
-0.312009
-0.312009
-0.312166
-0.312166
-0.312244
-0.312557
-0.312713
-0.312713
-0.313027
-0.313418
-0.313653
-0.313574
-0.313653
-0.313574
-0.313888
-0.314122
-0.314435
-0.314670
-0.314592
-0.314983
-0.315140
-0.315375
-0.314983
-0.315609
-0.315844
-0.316001
-0.315923
-0.316314
-0.316470
-0.316705
-0.316627
-0.316784
-0.317018
-0.317175
-0.317410
-0.317488
-0.317566
-0.317879
-0.318036
-0.318114
-0.318427
-0.318584
-0.319053
-0.319053
-0.319132
-0.319288
-0.319523
-0.319758
-0.319993
-0.320071
-0.320306
-0.320619
-0.320854
-0.321401
-0.321245
-0.321401
-0.321558
-0.321558
-0.321871
-0.322262
-0.322262
-0.322262
-0.322810
-0.323123
-0.322810
-0.323202
-0.323358
-0.323750
-0.323828
-0.324063
-0.324532
-0.324767
-0.324767
-0.324767
-0.325237
-0.325393
-0.325628
-0.325785
-0.325863
-0.326254
-0.326489
-0.326959
-0.326880
-0.327115
-0.327193
-0.327193
-0.327741
-0.327976
-0.328289
-0.328289
-0.328446
-0.328524
-0.328915
-0.329072
-0.329385
-0.329385
-0.329541
-0.329776
-0.329933
-0.329776
-0.329933
-0.330402
-0.330794
-0.330950
-0.331498
-0.331655
-0.331498
-0.331811
-0.332124
-0.332124
-0.332281
-0.332672
-0.332672
-0.333298
-0.333220
-0.333690
-0.333612
-0.333690
-0.333925
-0.334472
-0.334551
-0.335020
-0.334786
-0.335177
-0.335412
-0.335412
-0.335803
-0.335803
-0.336116
-0.336194
-0.336742
-0.337055
-0.337290
-0.337368
-0.337682
-0.337838
-0.338151
-0.338151
-0.338621
-0.338856
-0.339012
-0.339012
-0.339090
-0.339482
-0.339560
-0.339951
-0.340108
-0.340421
-0.340734
-0.341125
-0.341830
-0.341673
-0.341908
-0.341986
-0.342065
-0.342299
-0.342456
-0.342769
-0.343082
-0.343395
-0.343787
-0.344021
-0.344100
-0.344256
-0.344491
-0.344961
-0.344804
-0.345039
-0.345195
-0.345743
-0.346056
-0.345978
-0.346369
-0.347074
-0.347152
-0.347152
-0.347465
-0.347544
-0.347465
-0.347935
-0.348248
-0.348561
-0.348796
-0.348874
-0.349109
-0.349735
-0.349657
-0.350361
-0.350205
-0.350518
-0.350361
-0.350987
-0.351144
-0.351222
-0.351457
-0.351927
-0.352318
-0.352396
-0.352788
-0.352944
-0.353022
-0.353101
-0.353492
-0.353414
-0.353883
-0.354275
-0.354353
-0.354901
-0.354901
-0.355292
-0.355762
-0.355605
-0.355840
-0.356075
-0.356231
-0.356466
-0.356701
-0.357171
-0.357484
-0.357797
-0.357953
-0.357953
-0.358501
-0.358658
-0.359049
-0.359127
-0.359441
-0.359754
-0.359832
-0.360302
-0.360693
-0.361162
-0.361162
-0.361554
-0.361867
-0.362023
-0.361945
-0.362415
-0.362571
-0.362650
-0.362963
-0.363276
-0.363589
-0.364058
-0.364293
-0.364606
-0.364919
-0.365154
-0.365311
-0.365389
-0.365702
-0.366328
-0.366093
-0.366093
-0.366720
-0.367111
-0.367502
-0.367502
-0.367581
-0.367737
-0.368050
-0.368207
-0.368598
-0.368598
-0.369068
-0.369616
-0.369459
-0.370164
-0.370320
-0.370711
-0.370711
-0.370946
-0.371103
-0.371181
-0.371651
-0.372042
-0.372277
-0.372355
-0.372825
-0.373138
-0.373059
-0.373451
-0.373686
-0.373920
-0.374155
-0.374077
-0.374390
-0.374781
-0.375095
-0.375408
-0.375486
-0.375721
-0.376347
-0.376269
-0.376738
-0.376895
-0.376973
-0.377286
-0.377834
-0.377599
-0.377990
-0.378147
-0.378617
-0.378930
-0.378851
-0.379165
-0.379478
-0.379791
-0.379947
-0.380495
-0.380652
-0.380886
-0.381043
-0.381121
-0.381591
-0.382139
-0.382217
-0.382765
-0.382687
-0.382687
-0.383156
-0.383391
-0.383704
-0.384017
-0.384174
-0.384252
-0.384800
-0.385035
-0.385191
-0.385583
-0.385817
-0.385974
-0.386209
-0.385817
-0.386444
-0.387070
-0.387226
-0.387461
-0.387852
-0.388087
-0.387931
-0.388479
-0.388870
-0.389340
-0.389496
-0.389574
-0.389809
-0.390201
-0.390748
-0.390670
-0.390905
-0.391453
-0.391609
-0.392001
-0.391844
-0.392236
-0.392627
-0.392705
-0.393175
-0.393331
-0.393566
-0.393723
-0.394114
-0.394584
-0.394584
-0.395053
-0.395210
-0.395601
-0.395523
-0.396149
-0.396384
-0.396227
-0.396775
-0.396932
-0.397088
-0.397245
-0.397714
-0.397871
-0.397949
-0.398341
-0.398575
-0.398889
-0.399280
-0.399515
-0.399593
-0.399906
-0.400376
-0.400532
-0.400924
-0.401550
-0.401941
-0.401941
-0.402332
-0.402724
-0.402880
-0.402880
-0.403428
-0.403428
-0.403741
-0.403820
-0.404054
-0.404524
-0.404837
-0.405150
-0.405385
-0.405228
-0.405776
-0.406011
-0.406246
-0.406794
-0.406950
-0.407185
-0.407498
-0.407576
-0.408124
-0.408124
-0.408516
-0.408751
-0.409064
-0.409455
-0.409533
-0.409925
-0.410238
-0.410238
-0.410629
-0.410864
-0.411099
-0.411255
-0.411725
-0.411725
-0.412273
-0.412351
-0.412899
-0.412664
-0.413134
-0.413368
-0.413838
-0.414464
-0.414386
-0.414777
-0.414856
-0.415247
-0.415482
-0.415482
-0.415795
-0.416264
-0.416656
-0.416656
-0.416969
-0.417204
-0.417438
-0.417438
-0.418065
-0.418378
-0.418534
-0.418691
-0.418847
-0.419239
-0.419630
-0.419865
-0.420256
-0.420648
-0.420961
-0.421352
-0.421274
-0.421508
-0.421822
-0.422056
-0.422448
-0.422604
-0.423309
-0.423387
-0.423465
-0.423700
-0.424248
-0.424404
-0.424718
-0.425031
-0.425579
-0.425500
-0.425970
-0.426283
-0.426205
-0.426518
-0.426987
-0.427300
-0.427457
-0.428005
-0.428240
-0.428318
-0.428318
-0.429022
-0.428944
-0.429414
-0.429570
-0.429727
-0.430275
-0.430431
-0.430901
-0.431057
-0.431527
-0.431840
-0.432075
-0.432388
-0.432466
-0.432623
-0.433171
-0.433249
-0.433640
-0.433953
-0.434580
-0.434423
-0.434814
-0.435049
-0.435597
-0.435597
-0.435910
-0.436380
-0.436771
-0.437006
-0.437084
-0.437319
-0.437554
-0.438102
-0.438337
-0.438728
-0.439041
-0.439276
-0.439354
-0.439745
-0.440293
-0.440606
-0.440841
-0.441311
-0.441467
-0.441780
-0.442015
-0.442250
-0.442720
-0.443111
-0.443267
-0.443424
-0.443894
-0.444050
-0.444363
-0.444598
-0.445068
-0.445224
-0.445537
-0.445929
-0.446320
-0.446242
-0.446868
-0.446946
-0.447259
-0.447651
-0.447338
-0.447964
-0.448198
-0.448590
-0.448903
-0.449764
-0.449764
-0.449999
-0.450155
-0.450547
-0.450703
-0.450938
-0.451329
-0.451642
-0.451877
-0.452112
-0.452660
-0.452816
-0.453208
-0.453364
-0.453599
-0.453912
-0.454225
-0.454225
-0.454382
-0.455008
-0.455165
-0.455712
-0.455634
-0.456104
-0.456495
-0.456652
-0.456965
-0.457043
-0.457669
-0.457669
-0.458217
-0.458295
-0.458765
-0.459078
-0.459156
-0.459704
-0.460096
-0.460643
-0.460487
-0.460956
-0.461191
-0.461504
-0.461583
-0.462052
-0.462444
-0.462757
-0.463148
-0.463696
-0.463931
-0.463852
-0.464166
-0.464792
-0.464948
-0.465496
-0.465261
-0.465731
-0.465731
-0.466201
-0.466435
-0.466827
-0.467218
-0.467296
-0.467688
-0.467531
-0.468236
-0.468705
-0.468705
-0.469097
-0.469175
-0.469723
-0.470114
-0.470349
-0.470818
-0.470975
-0.471132
-0.471679
-0.471679
-0.471836
-0.472149
-0.472540
-0.472540
-0.473010
-0.473480
-0.474028
-0.473871
-0.473949
-0.474419
-0.474654
-0.475123
-0.475123
-0.475515
-0.475436
-0.475984
-0.476532
-0.476689
-0.476845
-0.477237
-0.477471
-0.477706
-0.478098
-0.478411
-0.478645
-0.479037
-0.478802
-0.479115
-0.479428
-0.479976
-0.480211
-0.480524
-0.481150
-0.481228
-0.481698
-0.481933
-0.482089
-0.482089
-0.482794
-0.482950
-0.483263
-0.483576
-0.483655
-0.483811
-0.484203
-0.484672
-0.484829
-0.485142
-0.485298
-0.485455
-0.485768
-0.486003
-0.486003
-0.486472
-0.486707
-0.487177
-0.487490
-0.487725
-0.488273
-0.488429
-0.488586
-0.488977
-0.489134
-0.489447
-0.489838
-0.490386
-0.490386
-0.490542
-0.491247
-0.491482
-0.491873
-0.492186
-0.492421
-0.492734
-0.492499
-0.492969
-0.493360
-0.493438
-0.493830
-0.494143
-0.494534
-0.494847
-0.494926
-0.495473
-0.495239
-0.495865
-0.496021
-0.496178
-0.496569
-0.496882
-0.497117
-0.497430
-0.497900
-0.498135
-0.498604
-0.498683
-0.498996
-0.499309
-0.499543
-0.500013
-0.499857
-0.500404
-0.500404
-0.500874
-0.501344
-0.501892
-0.502048
-0.502205
-0.502361
-0.502831
-0.503144
-0.503379
-0.503848
-0.504083
-0.504240
-0.504709
-0.504866
-0.505414
-0.505649
-0.505883
-0.506353
-0.506588
-0.506744
-0.507136
-0.507527
-0.507527
-0.507605
-0.508075
-0.508466
-0.508466
-0.508701
-0.509171
-0.509405
-0.509484
-0.510110
-0.510188
-0.510501
-0.510736
-0.511049
-0.511440
-0.511597
-0.511988
-0.512067
-0.512536
-0.512849
-0.513084
-0.513319
-0.513789
-0.514102
-0.514180
-0.514728
-0.515041
-0.515197
-0.515432
-0.515667
-0.515902
-0.516450
-0.516763
-0.516998
-0.517311
-0.517702
-0.517859
-0.518015
-0.518641
-0.518641
-0.519033
-0.519189
-0.519424
-0.519815
-0.520050
-0.520520
-0.520911
-0.521459
-0.521694
-0.522085
-0.522398
-0.522555
-0.522868
-0.523494
-0.523494
-0.523885
-0.524042
-0.524355
-0.524746
-0.524903
-0.525294
-0.525529
-0.525842
-0.526077
-0.526390
-0.526625
-0.526938
-0.527251
-0.527486
-0.527799
-0.528347
-0.528347
-0.528738
-0.529051
-0.528973
-0.529834
-0.529521
-0.530069
-0.530304
-0.531086
-0.531086
-0.531321
-0.531947
-0.532417
-0.532652
-0.532573
-0.533199
-0.533356
-0.533591
-0.533669
-0.533904
-0.534530
-0.534608
-0.534921
-0.535313
-0.535313
-0.535782
-0.536487
-0.536017
-0.536722
-0.536956
-0.537270
-0.537348
-0.537739
-0.537974
-0.538522
-0.538678
-0.539070
-0.539226
-0.539461
-0.539852
-0.540322
-0.540792
-0.540870
-0.541574
-0.541418
-0.542122
-0.542201
-0.542357
-0.542670
-0.543140
-0.543375
-0.543688
-0.543922
-0.544236
-0.544470
-0.544783
-0.545018
-0.545253
-0.545566
-0.545801
-0.546192
-0.546036
-0.546662
-0.546975
-0.547210
-0.547445
-0.547914
-0.548306
-0.548540
-0.548853
-0.549010
-0.549245
-0.549558
-0.549793
-0.550184
-0.550419
-0.550732
-0.551045
-0.551123
-0.551358
-0.551906
-0.552141
-0.552532
-0.552845
-0.553315
-0.553706
-0.553863
-0.553941
-0.554176
-0.554489
-0.555037
-0.555193
-0.555272
-0.555819
-0.556054
-0.556211
-0.556602
-0.556602
-0.557150
-0.557541
-0.557933
-0.558324
-0.558559
-0.558715
-0.558637
-0.559185
-0.559420
-0.559811
-0.560281
-0.560594
-0.560985
-0.561298
-0.561533
-0.561611
-0.562081
-0.562316
-0.562707
-0.562942
-0.563177
-0.563568
-0.563803
-0.564194
-0.564664
-0.564742
-0.564820
-0.565055
-0.565447
-0.565838
-0.565916
-0.566464
-0.566621
-0.566777
-0.567090
-0.567403
-0.567716
-0.567716
-0.568264
-0.568499
-0.568734
-0.568734
-0.569282
-0.569751
-0.569908
-0.569830
-0.570456
-0.570847
-0.571082
-0.571395
-0.571239
-0.571787
-0.572178
-0.572413
-0.572491
-0.572961
-0.573274
-0.573587
-0.573900
-0.574056
-0.574448
-0.574682
-0.574604
-0.575152
-0.575387
-0.575465
-0.575700
-0.576170
-0.576561
-0.576874
-0.577344
-0.577422
-0.577578
-0.578205
-0.578361
-0.578439
-0.578674
-0.578987
-0.579222
-0.579692
-0.580083
-0.580005
-0.580709
-0.580788
-0.581101
-0.581414
-0.581648
-0.582118
-0.582118
-0.582823
-0.582901
-0.583527
-0.583684
-0.583997
-0.584466
-0.584779
-0.584544
-0.585092
-0.585327
-0.585719
-0.585719
-0.585953
-0.586266
-0.586501
-0.586893
-0.587362
-0.587440
-0.587754
-0.587910
-0.588380
-0.588693
-0.589084
-0.589397
-0.589554
-0.589867
-0.589867
-0.590336
-0.590650
-0.590884
-0.591510
-0.591745
-0.591824
-0.592293
-0.592606
-0.592763
-0.593311
-0.593389
-0.593780
-0.593937
-0.594250
-0.594641
-0.594798
-0.595111
-0.595502
-0.595737
-0.595894
-0.596285
-0.596676
-0.596755
-0.597224
-0.597537
-0.597772
-0.597772
-0.598320
-0.598633
-0.598946
-0.599181
-0.599572
-0.599729
-0.600042
-0.600668
-0.600825
-0.601138
-0.601764
-0.601842
-0.602547
-0.602781
-0.602781
-0.603329
-0.603486
-0.603486
-0.604112
-0.604660
-0.604895
-0.604816
-0.605208
-0.605443
-0.605990
-0.605990
-0.605990
-0.606538
-0.607086
-0.607399
-0.607634
-0.607947
-0.608338
-0.608573
-0.608652
-0.609043
-0.609278
-0.609591
-0.609669
-0.610060
-0.610608
-0.610843
-0.611000
-0.611626
-0.611469
-0.611861
-0.612252
-0.612409
-0.612565
-0.613113
-0.613269
-0.613661
-0.613817
-0.614209
-0.614678
-0.614913
-0.615148
-0.615696
-0.616009
-0.616322
-0.616479
-0.616870
-0.617026
-0.617261
-0.617653
-0.618044
-0.618279
-0.618514
-0.618748
-0.619140
-0.619453
-0.619766
-0.619844
-0.620079
-0.620157
-0.620549
-0.620862
-0.621018
-0.621331
-0.621566
-0.622036
-0.622349
-0.623053
-0.623366
-0.623679
-0.624071
-0.624149
-0.624384
-0.624619
-0.624775
-0.625166
-0.625558
-0.625949
-0.626341
-0.626654
-0.626575
-0.627045
-0.627280
-0.627515
-0.627828
-0.628454
-0.628532
-0.628610
-0.629080
-0.629471
-0.629941
-0.629941
-0.630567
-0.630411
-0.630880
-0.631350
-0.631741
-0.631898
-0.632446
-0.632915
-0.632915
-0.633307
-0.633541
-0.633620
-0.634168
-0.634324
-0.634715
-0.634715
-0.635342
-0.635655
-0.635889
-0.636124
-0.636437
-0.636594
-0.636985
-0.637298
-0.637455
-0.638159
-0.638159
-0.638394
-0.638864
-0.639177
-0.639333
-0.639333
-0.639959
-0.640507
-0.640586
-0.640820
-0.641368
-0.641525
-0.641916
-0.642308
-0.642621
-0.642855
-0.643169
-0.643638
-0.643716
-0.644108
-0.644264
-0.644499
-0.644734
-0.645125
-0.645517
-0.645830
-0.645986
-0.646299
-0.646769
-0.647082
-0.647317
-0.647865
-0.647630
-0.648491
-0.648256
-0.648726
-0.648961
-0.649117
-0.649508
-0.649665
-0.650135
-0.650682
-0.650917
-0.651387
-0.651465
-0.651622
-0.652326
-0.652404
-0.652639
-0.653187
-0.653265
-0.653500
-0.653970
-0.654126
-0.654439
-0.654674
-0.655222
-0.655379
-0.655457
-0.656005
-0.656240
-0.656083
-0.656553
-0.657101
-0.657179
-0.657570
-0.657962
-0.658196
-0.658509
-0.658979
-0.658979
