-0.534530
-0.534843
-0.535313
-0.535078
-0.535235
-0.535469
-0.535782
-0.536252
-0.537035
-0.536956
-0.537113
-0.537426
-0.537426
-0.538130
-0.538365
-0.538835
-0.538757
-0.538991
-0.539618
-0.539696
-0.540244
-0.540400
-0.540713
-0.541105
-0.541261
-0.541574
-0.541731
-0.541966
-0.542201
-0.542435
-0.542983
-0.542983
-0.543296
-0.543531
-0.544236
-0.544079
-0.544549
-0.544862
-0.545018
-0.545331
-0.545723
-0.546114
-0.546271
-0.546662
-0.546818
-0.547132
-0.547445
-0.547914
-0.548149
-0.548462
-0.548775
-0.548775
-0.549245
-0.549167
-0.549714
-0.550184
-0.550106
-0.550575
-0.550575
-0.551593
-0.551671
-0.551828
-0.552063
-0.552141
-0.552532
-0.552845
-0.553237
-0.553315
-0.553393
-0.554176
-0.554567
-0.554724
-0.554958
-0.555115
-0.555663
-0.555506
-0.555741
-0.556289
-0.556524
-0.556915
-0.557150
-0.557385
-0.557698
-0.558168
-0.558559
-0.558481
-0.558950
-0.559185
-0.559576
-0.559889
-0.560203
-0.560281
-0.560750
-0.561377
-0.561455
-0.561768
-0.562159
-0.562551
-0.562785
-0.563020
-0.563333
-0.563490
-0.563646
-0.563725
-0.564194
-0.564429
-0.564742
-0.565290
-0.565760
-0.565760
-0.566073
-0.566308
-0.566699
-0.566856
-0.567403
-0.567638
-0.567716
-0.567873
-0.568264
-0.568421
-0.568577
-0.569204
-0.569438
-0.569360
-0.569751
-0.570143
-0.570299
-0.570691
-0.571004
-0.571630
-0.571865
-0.572178
-0.572178
-0.572413
-0.572726
-0.573117
-0.573665
-0.573978
-0.574056
-0.574448
-0.574526
-0.574996
-0.575152
-0.575152
-0.575778
-0.575857
-0.576248
-0.576717
-0.576952
-0.577344
-0.577344
-0.577657
-0.578205
-0.578439
-0.578674
-0.578753
-0.578753
-0.579379
-0.579848
-0.580005
-0.580240
-0.580631
-0.580944
-0.581492
-0.581414
-0.581962
-0.581727
-0.582431
-0.582588
-0.582901
-0.583370
-0.583605
-0.583918
-0.584466
-0.584310
-0.584779
-0.584936
-0.585249
-0.585797
-0.585875
-0.585953
-0.586814
-0.587127
-0.587206
-0.587519
-0.587754
-0.588067
-0.588301
-0.588301
-0.588615
-0.588693
-0.589162
-0.589397
-0.589632
-0.590023
-0.590493
-0.590806
-0.590884
-0.591510
-0.591667
-0.592137
-0.592606
-0.592841
-0.593154
-0.593389
-0.593702
-0.593937
-0.594093
-0.594485
-0.594954
-0.595424
-0.595424
-0.595972
-0.595972
-0.596128
-0.596598
-0.596911
-0.597459
-0.597616
-0.597694
-0.597772
-0.598555
-0.598555
-0.598946
-0.599024
-0.599337
-0.599807
-0.599964
-0.600668
-0.600746
-0.600981
-0.601842
-0.601999
-0.602390
-0.602781
-0.602860
-0.603251
-0.603486
-0.603721
-0.603955
-0.604503
-0.604895
-0.605129
-0.605286
-0.605677
-0.605990
-0.606303
-0.606382
-0.607008
-0.607008
-0.607634
-0.607712
-0.607791
-0.608182
-0.608730
-0.608965
-0.609199
-0.609513
-0.609513
-0.609982
-0.610295
-0.610608
-0.610765
-0.611000
-0.611391
-0.611861
-0.611939
-0.612174
-0.612487
-0.612878
-0.613269
-0.613583
-0.613348
-0.614052
-0.614287
-0.614287
-0.614913
-0.615226
-0.615305
-0.615852
-0.616087
-0.616165
-0.616635
-0.616870
-0.617026
-0.617418
-0.617809
-0.617809
-0.618200
-0.618435
-0.618748
-0.619061
-0.619609
-0.619688
-0.620001
-0.620314
-0.620862
-0.620940
-0.621253
-0.621801
-0.621723
-0.622271
-0.622584
-0.623053
-0.623288
-0.623445
-0.623679
-0.624306
-0.624306
-0.624384
-0.624932
-0.625166
-0.625480
-0.625793
-0.626341
-0.626262
-0.626732
-0.627045
-0.627358
-0.627671
-0.627749
-0.628141
-0.628454
-0.628845
-0.629158
-0.629080
-0.629784
-0.629863
-0.630019
-0.630332
-0.630332
-0.631037
-0.631428
-0.631898
-0.632133
-0.632680
-0.632680
-0.632837
-0.633307
-0.633463
-0.633776
-0.633698
-0.634168
-0.634402
-0.634559
-0.634872
-0.635420
-0.635498
-0.636046
-0.636203
-0.636516
-0.636907
-0.637142
-0.637455
-0.637455
-0.638003
-0.638316
-0.638551
-0.638785
-0.639020
-0.639490
-0.639803
-0.640194
-0.640429
-0.640351
-0.640586
-0.641290
-0.641603
-0.641838
-0.642229
-0.642308
-0.642464
-0.643012
-0.643403
-0.643638
-0.644030
-0.644499
-0.644577
-0.644890
-0.645047
-0.645360
-0.645595
-0.645830
-0.646221
-0.646534
-0.646691
-0.646926
-0.647239
-0.647473
-0.647708
-0.647943
-0.648256
-0.648413
-0.648647
-0.649039
-0.649274
-0.649821
-0.649821
-0.650448
-0.650604
-0.651074
-0.651387
-0.651465
-0.651935
-0.652170
-0.652248
-0.652717
-0.653031
-0.653187
-0.653422
-0.653813
-0.654283
-0.654831
-0.654752
-0.655144
-0.655457
-0.655927
-0.655927
-0.656005
-0.656083
-0.656318
-0.656553
-0.656161
-0.656240
-0.656318
-0.656005
-0.656161
-0.655927
-0.655770
-0.655692
-0.655535
-0.655457
-0.655379
-0.654987
-0.654596
-0.654361
-0.654752
-0.654283
-0.654126
-0.653970
-0.653578
-0.653109
-0.652796
-0.652483
-0.652091
-0.651856
-0.651622
-0.651622
-0.651074
-0.650682
-0.650604
-0.650369
-0.650213
-0.649665
-0.649195
-0.649195
-0.648804
-0.648647
-0.648178
-0.647786
-0.647473
-0.647082
-0.646847
-0.646847
-0.646143
-0.646143
-0.645908
-0.645517
-0.644890
-0.644577
-0.644343
-0.644343
-0.643951
-0.643482
-0.643403
-0.642855
-0.642308
-0.642229
-0.641760
-0.641134
-0.641055
-0.640507
-0.640116
-0.639881
-0.639725
-0.639020
-0.638785
-0.638629
-0.638316
-0.638081
-0.637611
-0.637533
-0.637220
-0.636985
-0.636281
-0.636124
-0.636046
-0.635185
-0.635263
-0.634637
-0.634402
-0.633854
-0.633776
-0.633150
-0.633150
-0.632837
-0.632367
-0.632054
-0.631663
-0.631428
-0.631037
-0.630958
-0.630176
-0.629941
-0.629628
-0.629237
-0.628923
-0.628610
-0.628297
-0.628219
-0.627749
-0.627280
-0.627202
-0.626967
-0.626497
-0.626341
-0.626027
-0.625714
-0.625166
-0.624932
-0.624540
-0.624306
-0.623914
-0.623679
-0.623210
-0.622975
-0.622740
-0.622192
-0.622114
-0.621566
-0.621253
-0.620783
-0.620392
-0.620314
-0.619766
-0.619296
-0.619061
-0.618827
-0.618670
-0.617966
-0.618044
-0.617418
-0.617261
-0.616713
-0.616557
-0.616479
-0.615774
-0.616087
-0.615539
-0.615070
-0.614757
-0.614130
-0.613739
-0.613896
-0.613817
-0.612956
-0.612565
-0.612095
-0.611861
-0.611704
-0.611156
-0.611156
-0.610687
-0.610374
-0.610060
-0.609434
-0.609278
-0.609043
-0.608730
-0.608730
-0.608260
-0.607556
-0.607556
-0.607164
-0.606617
-0.606147
-0.605990
-0.605599
-0.605443
-0.604973
-0.604503
-0.604268
-0.604034
-0.603955
-0.603799
-0.603329
-0.603094
-0.602547
-0.602155
-0.601372
-0.601216
-0.600668
-0.600355
-0.599885
-0.599729
-0.599416
-0.599024
-0.598633
-0.598320
-0.598007
-0.597694
-0.596989
-0.597068
-0.596363
-0.596676
-0.595972
-0.595737
-0.595346
-0.595189
-0.594876
-0.594485
-0.594093
-0.593624
-0.593389
-0.592763
-0.592606
-0.592685
-0.591902
-0.591510
-0.591276
-0.590884
-0.590884
-0.590258
-0.589945
-0.589710
-0.589241
-0.589006
-0.588536
-0.588693
-0.588301
-0.587832
-0.587362
-0.587206
-0.586736
-0.586423
-0.585953
-0.585875
-0.585405
-0.585327
-0.584779
-0.584623
-0.584231
-0.583684
-0.583292
-0.583136
-0.582823
-0.582353
-0.582196
-0.582040
-0.581414
-0.581179
-0.580631
-0.580318
-0.580083
-0.579535
-0.579692
-0.579144
-0.578753
-0.578518
-0.577970
-0.577735
-0.577500
-0.577031
-0.576717
-0.576326
-0.575935
-0.575857
-0.575543
-0.574839
-0.574526
-0.574369
-0.574056
-0.573743
-0.573352
-0.573039
-0.572334
-0.572178
-0.571787
-0.571552
-0.571473
-0.570847
-0.570221
-0.570143
-0.569830
-0.569673
-0.569282
-0.568969
-0.568891
-0.568343
-0.568108
-0.567638
-0.567325
-0.567012
-0.566542
-0.566386
-0.566073
-0.565603
-0.565368
-0.565368
-0.564977
-0.564507
-0.564038
-0.563725
-0.563333
-0.563333
-0.563020
-0.562472
-0.562159
-0.562003
-0.561298
-0.560907
-0.560985
-0.560203
-0.559889
-0.559733
-0.559420
-0.558950
-0.558402
-0.558246
-0.557776
-0.557385
-0.557228
-0.556915
-0.556837
-0.556446
-0.556054
-0.555819
-0.555115
-0.554880
-0.554724
-0.554176
-0.554019
-0.553706
-0.553237
-0.552845
-0.552454
-0.552063
-0.551749
-0.551515
-0.551280
-0.550888
-0.550341
-0.550027
-0.549793
-0.549636
-0.549480
-0.548932
-0.548462
-0.548227
-0.547992
-0.547601
-0.547053
-0.546818
-0.546662
-0.546349
-0.546192
-0.545644
-0.545253
-0.544705
-0.544627
-0.544314
-0.544079
-0.543531
-0.543140
-0.542827
-0.542670
-0.542201
-0.542044
-0.541809
-0.541418
-0.540792
-0.540870
-0.540087
-0.539931
-0.539226
-0.538991
-0.538757
-0.538287
-0.538130
-0.537817
-0.537504
-0.537270
-0.536722
-0.536565
-0.535782
-0.536017
-0.535469
-0.535235
-0.534687
-0.534530
-0.533982
-0.533904
-0.533513
-0.533199
-0.532886
-0.532652
-0.532182
-0.531791
-0.531634
-0.531243
-0.530930
-0.530930
-0.530460
-0.529677
-0.529364
-0.529286
-0.529129
-0.528582
-0.528112
-0.528268
-0.527564
-0.527329
-0.527094
-0.526860
-0.526625
-0.526155
-0.525607
-0.525294
-0.525059
-0.524825
-0.524512
-0.523964
-0.523729
-0.523181
-0.523181
-0.522790
-0.522398
-0.522242
-0.521772
-0.521537
-0.521146
-0.520285
-0.520128
-0.520050
-0.519659
-0.519111
-0.518798
-0.518798
-0.518485
-0.518015
-0.517702
-0.517311
-0.516998
-0.517076
-0.516606
-0.516215
-0.515667
-0.515354
-0.514884
-0.514806
-0.514493
-0.514415
-0.513867
-0.513554
-0.513319
-0.512771
-0.512693
-0.512380
-0.511832
-0.511440
-0.511440
-0.510971
-0.510658
-0.510110
-0.510032
-0.509405
-0.509249
-0.508936
-0.508623
-0.508466
-0.508153
-0.507762
-0.507762
-0.507214
-0.506823
-0.506979
-0.506118
-0.506118
-0.505727
-0.505179
-0.505022
-0.504866
-0.505022
-0.504318
-0.504083
-0.503848
-0.503144
-0.503066
-0.502596
-0.502283
-0.502048
-0.501735
-0.501422
-0.501109
-0.500561
-0.500170
-0.500091
-0.499778
-0.499230
-0.499074
-0.498996
-0.498604
-0.498056
-0.497900
-0.497743
-0.497117
-0.496804
-0.496569
-0.496256
-0.496021
-0.495317
-0.495239
-0.494769
-0.494299
-0.494221
-0.493986
-0.493517
-0.493282
-0.493047
-0.492577
-0.492108
-0.491795
-0.491638
-0.491325
-0.490699
-0.490542
-0.490308
-0.490073
-0.489760
-0.489290
-0.488899
-0.488664
-0.488351
-0.487881
-0.487725
-0.487333
-0.487255
-0.486707
-0.486472
-0.486316
-0.486003
-0.485455
-0.485298
-0.484829
-0.484594
-0.484203
-0.484046
-0.483733
-0.483420
-0.482872
-0.482794
-0.482402
-0.482089
-0.482011
-0.481385
-0.481150
-0.480524
-0.480446
-0.479976
-0.479898
-0.479506
-0.479350
-0.478724
-0.478489
-0.477941
-0.477628
-0.477315
-0.477237
-0.476924
-0.476610
-0.476219
-0.475906
-0.475515
-0.475123
-0.474732
-0.474419
-0.474184
-0.473871
-0.473401
-0.473167
-0.473088
-0.472775
-0.472540
-0.472619
-0.472071
-0.471288
-0.471053
-0.470975
-0.470584
-0.470192
-0.469566
-0.469410
-0.469097
-0.468783
-0.468705
-0.468470
-0.468079
-0.467766
-0.467140
-0.467062
-0.466905
-0.466279
-0.466201
-0.465574
-0.465496
-0.465027
-0.464948
-0.464635
-0.464166
-0.463696
-0.463461
-0.463070
-0.462913
-0.462678
-0.462600
-0.461974
-0.461583
-0.461191
-0.460878
-0.460722
-0.460409
-0.460096
-0.459939
-0.459548
-0.459078
-0.458765
-0.458687
-0.458139
-0.457904
-0.457747
-0.457043
-0.456965
-0.456573
-0.455869
-0.455399
-0.455634
-0.455478
-0.455008
-0.454460
-0.454069
-0.454304
-0.453912
-0.453599
-0.453286
-0.452503
-0.452503
-0.452347
-0.451877
-0.451173
-0.451173
-0.450703
-0.450155
-0.449607
-0.449686
-0.449607
-0.449373
-0.448590
-0.448668
-0.448277
-0.447885
-0.447494
-0.447103
-0.446711
-0.446711
-0.446398
-0.446163
-0.445459
-0.445381
-0.444755
-0.444598
-0.444285
-0.444050
-0.443894
-0.443581
-0.443267
-0.442798
-0.442250
-0.442172
-0.441859
-0.441624
-0.441154
-0.440685
-0.440450
-0.439980
-0.439432
-0.439276
-0.438963
-0.438571
-0.438650
-0.438258
-0.437710
-0.437397
-0.437241
-0.436928
-0.436771
-0.436458
-0.435988
-0.435362
-0.435206
-0.434658
-0.434501
-0.434188
-0.434188
-0.433484
-0.433171
-0.433171
-0.432701
-0.432623
-0.432075
-0.431762
-0.431527
-0.431449
-0.431136
-0.430431
-0.430118
-0.429727
-0.429414
-0.429257
-0.428944
-0.428631
-0.428396
-0.427770
-0.427535
-0.427300
-0.426987
-0.426909
-0.426518
-0.425970
-0.425500
-0.425579
-0.425265
-0.424796
-0.424404
-0.424248
-0.424248
-0.424013
-0.423465
-0.422996
-0.422683
-0.422369
-0.421822
-0.421900
-0.421352
-0.420882
-0.420413
-0.420256
-0.419865
-0.419552
-0.419082
-0.419004
-0.418534
-0.418143
-0.417986
-0.417517
-0.417360
-0.417282
-0.416969
-0.416656
-0.416108
-0.415873
-0.415560
-0.415247
-0.414856
-0.414542
-0.414464
-0.414073
-0.413760
-0.413682
-0.413055
-0.412899
-0.412507
-0.412116
-0.411960
-0.411881
-0.411255
-0.411099
-0.410707
-0.410081
-0.409846
-0.409690
-0.409611
-0.409142
-0.408985
-0.408437
-0.407811
-0.407733
-0.407576
-0.407185
-0.406481
-0.406402
-0.406011
-0.405776
-0.405307
-0.405385
-0.404994
-0.404759
-0.404289
-0.403976
-0.403663
-0.403506
-0.403115
-0.402724
-0.402567
-0.402176
-0.402098
-0.401393
-0.400924
-0.400376
-0.400219
-0.399828
-0.399515
-0.399280
-0.398810
-0.398810
-0.398106
-0.397714
-0.397010
-0.397558
-0.397010
-0.396697
-0.396462
-0.395993
-0.395758
-0.395679
-0.395366
-0.394818
-0.394897
-0.394505
-0.394036
-0.393723
-0.393253
-0.393097
-0.392862
-0.392705
-0.392314
-0.391923
-0.391844
-0.391766
-0.391375
-0.391140
-0.390670
-0.390201
-0.389966
-0.389966
-0.389340
-0.389183
-0.388792
-0.388713
-0.388087
-0.388087
-0.387852
-0.387696
-0.387070
-0.386913
-0.386444
-0.386131
-0.385739
-0.385113
-0.385191
-0.384957
-0.384722
-0.384409
-0.384174
-0.383782
-0.383469
-0.383313
-0.383078
-0.382687
-0.382374
-0.382139
-0.381591
-0.381200
-0.381121
-0.380730
-0.380339
-0.379869
-0.379947
-0.379478
-0.378851
-0.378930
-0.378460
-0.378304
-0.377756
-0.377834
-0.377364
-0.376895
-0.376816
-0.376582
-0.376425
-0.375955
-0.375721
-0.375486
-0.374781
-0.374703
-0.374234
-0.373842
-0.373842
-0.373529
-0.373138
-0.372825
-0.372355
-0.372042
-0.372042
-0.371572
-0.371572
-0.371024
-0.370555
-0.370320
-0.370007
-0.370007
-0.369459
-0.369303
-0.368911
-0.368833
-0.368520
-0.368442
-0.368128
-0.367894
-0.367815
-0.367346
-0.366798
-0.366563
-0.366328
-0.366172
-0.365780
-0.365624
-0.365233
-0.364998
-0.364685
-0.364293
-0.363902
-0.363745
-0.363511
-0.363198
-0.363041
-0.362806
-0.362571
-0.362258
-0.361632
-0.361319
-0.361084
-0.360849
-0.360302
-0.360302
-0.359597
-0.359441
-0.358814
-0.358736
-0.358032
-0.357640
-0.357875
-0.357171
-0.357406
-0.357014
-0.356388
-0.356075
-0.355840
-0.355762
-0.355214
-0.355057
-0.354588
-0.354275
-0.353727
-0.353883
-0.353257
-0.352709
-0.352788
-0.352475
-0.352005
-0.351692
-0.351300
-0.351144
-0.351144
-0.350518
-0.350518
-0.350126
-0.349970
-0.349500
-0.349265
-0.349109
-0.349031
-0.348718
-0.348561
-0.348013
-0.347778
-0.347622
-0.347074
-0.346761
-0.346448
-0.345900
-0.345665
-0.345430
-0.345274
-0.345195
-0.344569
-0.344334
-0.343943
-0.343708
-0.343552
-0.343317
-0.342926
-0.342378
-0.342221
-0.341986
-0.341673
-0.341282
-0.340812
-0.340734
-0.340264
-0.340108
-0.339717
-0.339795
-0.339325
-0.338699
-0.338621
-0.338229
-0.338151
-0.337525
-0.337134
-0.337290
-0.336821
-0.336429
-0.336586
-0.336194
-0.335647
-0.335568
-0.335333
-0.334786
-0.334394
-0.334238
-0.334238
-0.333612
-0.333298
-0.333298
-0.332985
-0.332437
-0.332203
-0.331733
-0.331498
-0.330872
-0.331029
-0.330716
-0.330089
-0.329776
-0.329463
-0.329228
-0.328994
-0.328837
-0.328524
-0.328367
-0.328289
-0.327976
-0.327428
-0.327115
-0.326880
-0.326880
-0.326332
-0.326098
-0.325550
-0.325080
-0.325158
-0.324767
-0.324141
-0.323984
-0.323593
-0.323358
-0.323202
-0.322889
-0.322889
-0.322341
-0.322419
-0.322184
-0.321715
-0.321480
-0.320932
-0.320540
-0.320462
-0.320227
-0.319758
-0.319288
-0.318897
-0.318584
-0.318427
-0.318505
-0.318192
-0.317566
-0.317566
-0.317410
-0.316784
-0.316470
-0.316392
-0.316079
-0.315688
-0.315609
-0.315453
-0.314983
-0.315062
-0.314435
-0.314592
-0.314044
-0.313888
-0.313340
-0.313027
-0.312635
-0.312479
-0.312087
-0.311774
-0.311539
-0.311461
-0.311226
-0.310757
-0.310444
-0.310131
-0.310052
-0.309739
-0.309191
-0.309191
-0.308643
-0.308409
-0.308252
-0.308017
-0.307548
-0.307391
-0.307156
-0.307078
-0.306687
-0.306139
-0.306217
-0.305904
-0.305591
-0.305278
-0.305200
-0.305043
-0.304573
-0.304573
-0.304260
-0.303556
-0.303321
-0.303243
-0.302930
-0.302617
-0.302460
-0.302069
-0.301991
-0.301599
-0.301286
-0.301208
-0.300973
-0.300738
-0.300269
-0.299956
-0.299564
-0.299251
-0.298781
-0.298625
-0.298547
-0.298077
-0.298155
-0.297842
-0.297607
-0.297294
-0.297060
-0.296825
-0.296512
-0.296042
-0.295572
-0.295416
-0.295103
-0.295025
-0.294555
-0.294633
-0.294164
-0.294007
-0.293616
-0.293381
-0.292989
-0.292833
-0.292520
-0.292442
-0.291737
-0.291502
-0.291659
-0.291268
-0.291111
-0.290798
-0.290563
-0.290563
-0.289780
-0.289780
-0.289154
-0.288998
-0.288685
-0.288528
-0.288137
-0.287980
-0.287824
-0.287511
-0.287198
-0.286884
-0.286415
-0.286415
-0.286102
-0.285710
-0.285397
-0.285241
-0.285006
-0.284849
-0.284693
-0.284380
-0.284145
-0.283910
-0.283597
-0.283362
-0.283206
-0.282580
-0.282501
-0.282267
-0.281953
-0.281875
-0.281484
-0.281327
-0.281249
-0.280466
-0.280545
-0.279997
-0.279684
-0.279527
-0.279527
-0.279057
-0.278588
-0.278353
-0.278431
-0.277962
-0.277649
-0.277649
-0.277257
-0.277101
-0.276475
-0.276318
-0.276161
-0.275927
-0.275614
-0.275379
-0.275066
-0.274909
-0.275066
-0.274283
-0.274048
-0.273892
-0.273422
-0.273187
-0.273031
-0.272874
-0.272718
-0.272483
-0.272170
-0.272013
-0.271700
-0.271622
-0.271230
-0.270917
-0.270604
-0.270683
-0.270291
-0.270135
-0.269743
-0.269195
-0.269195
-0.268804
-0.268648
-0.268491
-0.268256
-0.268021
-0.267630
-0.267474
-0.267395
-0.266691
-0.266691
-0.266065
-0.266065
-0.266299
-0.265673
-0.265517
-0.265125
-0.264891
-0.264343
-0.264499
-0.264108
-0.263951
-0.263638
-0.263482
-0.263404
-0.262856
-0.262699
-0.262386
-0.262308
-0.261995
-0.261838
-0.261760
-0.261603
-0.260977
-0.260821
-0.260429
-0.260351
-0.260194
-0.259881
-0.259568
-0.259333
-0.259177
-0.258942
-0.258942
-0.258629
-0.257925
-0.257925
-0.257377
-0.257142
-0.256907
-0.256907
-0.256751
-0.256359
-0.256124
-0.255890
-0.255733
-0.255420
-0.255029
-0.254872
-0.254716
-0.254246
-0.254559
-0.254168
-0.254011
-0.253698
-0.253463
-0.253307
-0.252915
-0.252602
-0.252915
-0.252367
-0.251898
-0.251663
-0.251350
-0.251350
-0.251037
-0.250802
-0.250411
-0.250489
-0.250098
-0.250019
-0.249706
-0.249550
-0.249393
-0.248924
-0.248689
-0.248532
-0.248376
-0.248141
-0.247593
-0.247750
-0.247436
-0.246967
-0.247045
-0.246576
-0.246106
-0.246262
-0.245949
-0.245793
-0.245480
-0.245480
-0.245323
-0.245088
-0.244932
-0.244540
-0.244384
-0.244071
-0.243758
-0.243680
-0.243601
-0.243288
-0.243053
-0.242740
-0.242427
-0.242662
-0.242114
-0.242036
-0.241879
-0.241566
-0.241097
-0.240705
-0.240627
-0.240157
-0.240157
-0.239844
-0.239531
-0.239453
-0.238983
-0.239062
-0.238749
-0.238279
-0.238357
-0.237888
-0.237888
-0.237966
-0.237653
-0.237496
-0.237261
-0.236870
-0.237105
-0.236635
-0.236244
-0.236322
-0.235774
-0.235618
-0.235539
-0.235148
-0.234913
-0.234913
-0.234600
-0.234522
-0.234287
-0.233896
-0.233661
-0.233661
-0.233270
-0.233270
-0.233035
-0.232800
-0.232487
-0.232565
-0.232487
-0.232017
-0.232330
-0.231469
-0.231313
-0.230843
-0.230843
-0.230843
-0.230374
-0.230530
-0.230295
-0.229826
-0.229982
-0.230295
-0.229513
-0.229434
-0.229043
-0.229043
-0.228573
-0.228495
-0.228104
-0.227947
-0.227869
-0.227712
-0.227712
-0.227399
-0.227086
-0.226930
-0.226930
-0.226460
-0.226382
-0.226147
-0.225991
-0.225599
-0.225521
-0.225599
-0.225443
-0.225130
-0.225130
-0.224817
-0.224582
-0.224347
-0.224269
-0.223956
-0.224034
-0.223799
-0.223799
-0.223564
-0.223408
-0.223016
-0.222938
-0.222468
-0.222468
-0.222234
-0.222312
-0.221842
-0.221842
-0.221764
-0.221451
-0.221607
-0.221294
-0.220903
-0.220512
-0.220277
-0.220199
-0.220042
-0.219964
-0.219494
-0.219651
-0.219572
-0.219181
-0.219338
-0.219103
-0.219103
-0.218555
-0.218555
-0.218320
-0.218242
-0.217772
-0.217694
-0.217537
-0.217850
-0.217694
-0.217537
-0.217068
-0.217224
-0.216833
-0.216598
-0.216363
-0.216598
-0.216520
-0.215894
-0.216129
-0.216207
-0.215894
-0.215502
-0.215424
-0.215111
-0.214798
-0.214955
-0.214798
-0.214798
-0.214563
-0.214720
-0.214328
-0.214407
-0.214015
-0.214015
-0.213780
-0.213624
-0.213624
-0.213154
-0.213233
-0.212998
-0.212998
-0.212998
-0.212763
-0.212841
-0.212528
-0.212450
-0.212137
-0.212137
-0.211824
-0.211667
-0.211511
-0.211589
-0.211511
-0.211824
-0.211589
-0.211432
-0.211119
-0.210806
-0.210884
-0.210650
-0.210806
-0.210337
-0.210493
-0.210180
-0.210102
-0.210024
-0.210102
-0.209789
-0.209554
-0.209397
-0.209006
-0.209006
-0.208928
-0.209084
-0.208928
-0.208536
-0.208536
-0.208693
-0.208458
-0.208145
-0.208145
-0.207832
-0.207597
-0.207675
-0.207597
-0.207362
-0.207754
-0.207362
-0.207206
-0.207362
-0.206814
-0.206736
-0.206736
-0.206501
-0.206188
-0.206345
-0.206188
-0.205953
-0.205953
-0.205953
-0.205953
-0.206110
-0.206032
-0.205640
-0.205875
-0.205719
-0.205640
-0.205249
-0.205562
-0.205640
-0.205562
-0.205484
-0.205484
-0.205249
-0.205171
-0.204936
-0.204936
-0.204779
-0.204779
-0.204545
-0.204545
-0.204623
-0.204623
-0.204623
-0.204545
-0.203918
-0.203997
-0.203997
-0.204232
-0.203918
-0.203918
-0.203997
-0.203997
-0.203997
-0.203762
-0.203762
-0.203684
-0.203605
-0.203292
-0.203371
-0.203292
-0.203058
-0.203058
-0.203058
-0.203136
-0.203371
-0.203214
-0.203058
-0.202744
-0.202744
-0.203136
-0.202979
-0.203058
-0.202666
-0.202510
-0.202744
-0.202744
-0.203136
-0.202901
-0.202823
-0.202431
-0.202510
-0.202510
-0.202510
-0.202275
-0.202275
-0.202197
-0.202118
-0.202118
-0.202118
-0.202118
-0.202197
-0.201962
-0.202118
-0.201883
-0.201805
-0.202040
-0.201883
-0.201727
-0.201962
-0.201883
-0.202040
-0.201805
-0.201727
-0.201883
-0.201727
-0.201570
-0.201805
-0.201649
-0.201727
-0.201883
-0.201805
-0.201570
-0.201570
-0.201883
-0.201649
-0.201883
-0.201805
-0.201727
-0.201492
-0.202040
-0.202040
-0.202118
-0.201805
-0.201883
-0.201649
-0.201883
-0.201962
-0.201805
-0.201883
-0.201805
-0.201962
-0.201649
-0.201805
-0.201883
-0.201883
-0.201805
-0.201492
-0.201649
-0.201805
-0.202510
-0.202040
-0.202040
-0.201962
-0.201649
-0.201805
-0.202040
-0.202197
-0.202040
-0.201962
-0.201962
-0.202197
-0.202040
-0.201962
-0.202118
-0.201805
-0.201962
-0.202353
-0.202588
-0.202353
-0.202353
-0.202275
-0.202510
-0.202510
-0.202431
-0.202744
-0.202666
-0.202510
-0.202823
-0.202588
-0.202510
-0.202431
-0.202510
-0.202666
-0.202901
-0.202979
-0.202744
-0.202666
-0.202744
-0.202823
-0.202901
-0.202979
-0.203058
-0.202901
-0.203058
-0.203214
-0.203136
-0.203371
-0.203136
-0.202901
-0.203292
-0.203214
-0.203136
-0.203449
-0.203214
-0.203292
-0.203527
-0.203605
-0.203762
-0.203605
-0.203605
-0.203605
-0.203684
-0.203840
-0.204075
-0.203918
-0.203918
-0.204153
-0.204232
-0.203997
-0.204310
-0.204153
-0.204310
-0.203997
-0.204466
-0.204310
-0.204075
-0.204310
-0.204779
-0.204779
-0.204858
-0.204623
-0.204388
-0.204858
-0.204623
-0.204701
-0.204779
-0.204936
-0.205249
-0.205171
-0.205406
-0.205249
-0.205327
-0.205327
-0.205093
-0.205327
-0.205562
-0.205640
-0.205640
-0.205875
-0.205719
-0.205953
-0.206110
-0.206188
-0.206032
-0.206032
-0.206032
-0.205719
-0.205953
-0.206110
-0.206501
-0.206501
-0.206971
-0.206580
-0.206501
-0.206580
-0.206736
-0.206814
-0.206736
-0.207049
-0.207049
-0.207049
-0.207049
-0.207519
-0.207206
-0.207441
-0.207128
-0.207362
-0.207441
-0.207754
-0.207519
-0.207675
-0.207754
-0.207989
-0.208302
-0.208145
-0.207989
-0.207989
-0.207910
-0.208302
-0.208302
-0.208223
-0.208458
-0.208536
-0.208771
-0.208849
-0.208458
-0.208928
-0.208536
-0.208536
-0.208771
-0.208849
-0.208615
-0.209241
-0.208928
-0.209319
-0.209397
-0.209397
-0.209163
-0.209241
-0.209397
-0.209476
-0.209397
-0.209397
-0.209476
-0.209632
-0.209632
-0.209789
-0.209710
-0.209632
-0.209789
-0.209789
-0.209867
-0.209632
-0.209945
-0.210024
-0.209867
-0.210180
-0.210180
-0.210258
-0.210102
-0.210337
-0.210180
-0.210024
-0.210102
-0.210258
-0.210180
-0.210337
-0.210415
-0.210571
-0.210493
-0.210024
-0.210258
-0.210102
-0.210024
-0.210180
-0.209945
-0.210180
-0.210258
-0.210102
-0.210102
-0.210258
-0.209945
-0.210102
-0.209945
-0.209945
-0.209789
-0.210102
-0.209789
-0.209945
-0.209945
-0.209945
-0.209789
-0.209867
-0.209710
-0.209632
-0.209632
-0.209476
-0.209554
-0.209319
-0.209397
-0.209397
-0.209397
-0.209397
-0.209241
-0.209241
-0.208928
-0.208928
-0.209084
-0.208928
-0.208693
-0.208615
-0.208458
-0.208693
-0.208536
-0.208302
-0.208223
-0.207989
-0.207754
-0.207675
-0.207519
-0.207675
-0.207441
-0.207754
-0.207362
-0.207049
-0.206736
-0.206814
-0.206736
-0.206501
-0.206580
-0.206423
-0.206267
-0.206267
-0.206032
-0.205953
-0.205562
-0.205406
-0.205562
-0.205640
-0.205171
-0.205093
-0.204623
-0.204545
-0.204388
-0.204232
-0.204232
-0.203840
-0.203449
-0.203371
-0.203136
-0.202823
-0.202666
-0.202353
-0.202275
-0.202118
-0.201962
-0.201649
-0.201649
-0.201336
-0.200475
-0.200318
-0.199770
-0.199535
-0.199379
-0.199066
-0.198596
-0.198518
-0.198361
-0.198283
-0.197970
-0.197579
-0.197031
-0.197031
-0.196796
-0.196326
-0.196013
-0.196013
-0.195935
-0.195544
-0.195152
-0.195152
-0.194213
-0.193822
-0.193665
-0.193196
-0.192804
-0.192726
-0.192335
-0.191865
-0.192021
-0.191552
-0.190926
-0.190378
-0.190221
-0.189908
-0.189517
-0.189047
-0.189047
-0.188969
-0.188265
-0.187873
-0.187404
-0.186856
-0.186386
-0.186151
-0.185760
-0.185055
-0.184742
-0.184351
-0.184116
-0.183647
-0.183568
-0.182942
-0.182394
-0.181612
-0.181612
-0.180907
-0.180438
-0.180046
-0.179655
-0.179029
-0.178872
-0.178246
-0.177776
-0.176994
-0.176915
-0.176524
-0.175741
-0.175193
-0.174959
-0.174332
-0.174019
-0.173393
-0.172767
-0.172219
-0.171671
-0.171358
-0.171045
-0.170419
-0.169715
-0.169401
-0.168854
-0.168619
-0.168227
-0.167132
-0.166271
-0.166192
-0.165410
-0.165253
-0.164470
-0.164079
-0.163610
-0.163218
-0.162827
-0.161966
-0.160948
-0.160322
-0.159853
-0.159305
-0.158913
-0.158209
-0.157504
-0.157035
-0.156330
-0.155861
-0.154922
-0.154139
-0.154061
-0.153513
-0.153043
-0.152182
-0.151713
-0.151086
-0.150538
-0.149756
-0.149130
-0.148034
-0.147956
-0.147251
-0.146782
-0.146155
-0.145607
-0.145060
-0.144433
-0.143886
-0.143259
-0.142477
-0.142007
-0.140990
-0.140676
-0.140050
-0.139502
-0.138563
-0.138015
-0.137624
-0.136841
-0.135745
-0.135354
-0.134885
-0.134180
-0.133632
-0.133163
-0.132223
-0.131519
-0.131049
-0.130423
-0.129875
-0.128701
-0.128153
-0.127449
-0.127214
-0.126744
-0.125883
-0.125023
-0.124475
-0.123770
-0.123222
-0.122283
-0.121579
-0.121031
-0.120013
-0.119465
-0.118839
-0.117978
-0.117509
-0.116961
-0.116021
-0.115474
-0.114456
-0.113908
-0.112969
-0.112656
-0.112186
-0.111482
-0.110543
-0.109682
-0.109212
-0.108742
-0.107568
-0.107099
-0.106394
-0.105690
-0.105299
-0.104594
-0.103420
-0.102637
-0.102089
-0.101776
-0.100602
-0.099976
-0.099193
-0.098724
-0.098254
-0.097472
-0.096924
-0.095984
-0.095437
-0.094810
-0.093949
-0.092854
-0.092384
-0.092071
-0.091132
-0.090584
-0.089801
-0.089018
-0.088079
-0.087531
-0.086592
-0.085653
-0.084948
-0.084557
-0.084400
-0.083305
-0.082444
-0.081661
-0.080878
-0.080096
-0.079156
-0.077904
-0.077043
-0.076730
-0.076182
-0.075791
-0.074773
-0.074304
-0.073364
-0.072738
-0.072347
-0.071173
-0.070468
-0.069216
-0.069060
-0.068433
-0.068042
-0.067025
-0.066164
-0.065772
-0.064833
-0.064207
-0.062955
-0.062720
-0.061937
-0.061546
-0.060920
-0.059746
-0.059119
-0.058258
-0.057710
-0.056771
-0.055754
-0.055206
-0.054580
-0.054110
-0.053640
-0.052388
-0.051919
-0.051136
-0.050197
-0.049727
-0.049023
-0.048318
-0.047849
-0.047535
-0.046831
-0.045892
-0.044953
-0.044170
-0.043544
-0.042996
-0.042135
-0.041430
-0.040961
-0.040413
-0.039708
-0.038691
-0.037673
-0.036969
-0.036499
-0.035560
-0.035012
-0.034386
-0.033760
-0.032977
-0.032977
-0.032273
-0.031255
-0.030160
-0.029455
-0.028985
-0.027890
-0.027264
-0.026637
-0.026168
-0.025933
-0.025072
-0.024289
-0.023350
-0.022724
-0.022098
-0.021472
-0.020689
-0.019828
-0.019280
-0.018889
-0.018341
-0.017402
-0.016775
-0.015680
-0.015288
-0.014349
-0.013801
-0.013175
-0.012705
-0.012079
-0.011610
-0.010514
-0.010122
-0.008870
-0.008401
-0.007853
-0.007148
-0.006600
-0.006209
-0.005505
-0.004878
-0.004487
-0.003548
-0.002765
-0.002217
-0.001278
-0.000965
-0.000574
0.000053
0.000366
0.000679
0.001305
0.002322
0.003183
0.003653
0.004279
0.004749
0.005453
0.005923
0.006706
0.007019
0.007567
0.008741
0.009445
0.010071
0.010619
0.011167
0.011871
0.012498
0.012889
0.013358
0.014063
0.014767
0.015472
0.016489
0.016959
0.017194
0.018133
0.018681
0.019150
0.019464
0.020324
0.021342
0.021890
0.022751
0.023377
0.023690
0.024003
0.024629
0.024942
0.025412
0.026351
0.027056
0.028073
0.028308
0.029169
0.029873
0.030656
0.031047
0.031282
0.031830
0.032378
0.033082
0.034178
0.034648
0.035274
0.035744
0.036292
0.036839
0.037309
0.037622
0.038170
0.039109
0.040048
0.040909
0.041223
0.042005
0.042475
0.042788
0.043492
0.043962
0.044119
0.044823
0.045371
0.046075
0.046701
0.047249
0.047954
0.048580
0.048736
0.049441
0.049910
0.050615
0.051554
0.052180
0.052572
0.053198
0.053667
0.054059
0.054685
0.055076
0.055702
0.056250
0.056955
0.057816
0.058520
0.058520
0.059538
0.060007
0.060555
0.061025
0.061886
0.062121
0.062512
0.063373
0.063608
0.064547
0.064782
0.065251
0.065878
0.066425
0.067130
0.067208
0.067756
0.068617
0.069243
0.069948
0.070261
0.070574
0.071591
0.072061
0.072374
0.072922
0.073704
0.074331
0.074800
0.075505
0.076131
0.076287
0.076914
0.077383
0.077853
0.078088
0.078870
0.079653
0.080279
0.080670
0.081453
0.081923
0.082549
0.082940
0.083175
0.083880
0.084662
0.085210
0.085680
0.086228
0.086697
0.086854
0.087871
0.088419
0.088732
0.089515
0.089672
0.090532
0.090924
0.091080
0.091863
0.092176
0.092802
0.093428
0.093820
0.094681
0.095150
0.095542
0.096246
0.096559
0.097107
0.097812
0.098359
0.098516
0.099299
0.099455
0.100316
0.101021
0.101647
0.101647
0.102351
0.102821
0.103212
0.103917
0.104073
0.104699
0.105404
0.105795
0.106265
0.106656
0.106891
0.107282
0.108143
0.108535
0.109317
0.109630
0.110178
0.111117
0.111117
0.111587
0.111900
0.112370
0.113152
0.113466
0.113935
0.114483
0.115266
0.115657
0.115814
0.116205
0.116596
0.117222
0.117770
0.118397
0.118944
0.119023
0.120197
0.120432
0.120275
0.121058
0.121606
0.122153
0.122936
0.123641
0.123641
0.124423
0.124971
0.125128
0.125441
0.126145
0.126693
0.126693
0.127241
0.127945
0.128337
0.128885
0.129433
0.129667
0.130372
0.130841
0.131233
0.131702
0.132172
0.132876
0.133268
0.133503
0.134050
0.134364
0.134677
0.135303
0.135772
0.136086
0.136790
0.137181
0.137729
0.138199
0.138825
0.138981
0.139451
0.139373
0.140234
0.141017
0.141408
0.141956
0.142191
0.143052
0.143286
0.143443
0.143756
0.144147
0.144695
0.145243
0.145869
0.146261
0.146808
0.147122
0.147513
0.147904
0.148139
0.148609
0.149391
0.150018
0.150018
0.150565
0.151035
0.151818
0.152209
0.152131
0.152757
0.152992
0.153618
0.154244
0.154792
0.155183
0.155575
0.155888
0.156436
0.156984
0.157218
0.157610
0.157923
0.158627
0.158862
0.159880
0.160036
0.160506
0.160897
0.161132
0.161758
0.161993
0.162384
0.163245
0.163402
0.164263
0.164497
0.164811
0.165202
0.165437
0.165906
0.166063
0.166767
0.167002
0.167628
0.168020
0.168646
0.168881
0.168959
0.169428
0.169663
0.170211
0.170837
0.171463
0.171542
0.172090
0.172794
0.172872
0.173107
0.173342
0.173968
0.174438
0.174907
0.175377
0.175847
0.176160
0.176629
0.177255
0.177255
0.177647
0.177803
0.178664
0.179369
0.179290
0.180151
0.180073
0.181091
0.181247
0.181325
0.181952
0.182499
0.182891
0.183517
0.183987
0.184143
0.184691
0.185161
0.185395
0.185630
0.186100
0.186413
0.186648
0.187587
0.187744
0.188370
0.188526
0.188918
0.189466
0.189779
0.190483
0.190640
0.191187
0.191657
0.192127
0.192675
0.192909
0.193066
0.193692
0.194005
0.194318
0.194553
0.195257
0.195805
0.196118
0.196432
0.196666
0.197136
0.197606
0.197762
0.198388
0.198388
0.199249
0.199797
0.200502
0.200502
0.201128
0.201128
0.201832
0.201832
0.202223
0.202771
0.203006
0.203945
0.204337
0.204650
0.205276
0.205354
0.205667
0.205902
0.206607
0.206920
0.207311
0.207702
0.208015
0.208407
0.208720
0.208955
0.209972
0.210129
0.210207
0.211068
0.211538
0.211694
0.211929
0.212555
0.212868
0.213494
0.213573
0.214042
0.214277
0.214747
0.215451
0.215686
0.215999
0.216156
0.216469
0.217016
0.217330
0.217564
0.218034
0.218425
0.219208
0.219443
0.219912
0.220460
0.220852
0.221165
0.221634
0.221791
0.222261
0.222574
0.223122
0.223435
0.223748
0.223826
0.224765
0.224765
0.225313
0.225783
0.226096
0.226487
0.226957
0.227035
0.227896
0.227739
0.228366
0.228287
0.228913
0.229540
0.229853
0.230322
0.230714
0.231183
0.231653
0.231888
0.232201
0.232514
0.232827
0.233297
0.233610
0.234236
0.234549
0.235019
0.235645
0.235645
0.235801
0.236036
0.236584
0.236975
0.237054
0.237523
0.238071
0.238306
0.238697
0.239480
0.239793
0.239636
0.240106
0.240967
0.241358
0.241437
0.241985
0.242063
0.242689
0.242924
0.243393
0.243393
0.244098
0.244489
0.244724
0.244959
0.245194
0.245898
0.246133
0.246446
0.246681
0.247542
0.247777
0.247855
0.248324
0.248637
0.249107
0.249420
0.249733
0.250046
0.250829
0.251064
0.251220
0.251847
0.251690
0.252316
0.252708
0.253177
0.253412
0.253803
0.254273
0.254821
0.255134
0.255290
0.255603
0.256151
0.256386
0.256699
0.257247
0.257404
0.257873
0.258108
0.258343
0.258734
0.259126
0.259282
0.259830
0.260456
0.260769
0.260926
0.261552
0.261865
0.261865
0.262413
0.262883
0.263196
0.263430
0.264057
0.264526
0.264526
0.264683
0.265074
0.265231
0.265857
0.266248
0.266718
0.267187
0.267814
0.267814
0.268205
0.268675
0.269144
0.269379
0.269614
0.269770
0.270396
0.270866
0.271101
0.271571
0.271884
0.272431
0.272666
0.272745
0.273214
0.273684
0.274310
0.274623
0.274936
0.274936
0.275327
0.275719
0.276188
0.276188
0.276893
0.277362
0.277754
0.277989
0.278537
0.278458
0.279163
0.279554
0.279867
0.280258
0.280572
0.280885
0.281354
0.281824
0.282372
0.282607
0.282841
0.283154
0.283389
0.283702
0.284250
0.284876
0.285033
0.285659
0.285737
0.286050
0.286285
0.286677
0.287224
0.287224
0.287851
0.288477
0.288868
0.288868
0.289259
0.289807
0.289807
0.290355
0.290668
0.290747
0.291451
0.292077
0.292390
0.292703
0.293095
0.293095
0.293564
0.293799
0.294112
0.294425
0.294973
0.295521
0.295678
0.296304
0.296539
0.296852
0.297165
0.297713
0.297634
0.298261
0.298652
0.299043
0.299200
0.299669
0.299748
0.300061
0.300530
0.300765
0.301626
0.302174
0.302096
0.302722
0.302800
0.303035
0.303583
0.303896
0.304209
0.304444
0.304679
0.305148
0.305774
0.306244
0.306401
0.306479
0.306948
0.307340
0.307575
0.307653
0.308123
0.308670
0.308749
0.309375
0.309766
0.309923
0.310627
0.310314
0.310940
0.311488
0.311879
0.311958
0.312349
0.312740
0.313054
0.313288
0.313367
0.313993
0.314306
0.314619
0.315089
0.315402
0.315871
0.316106
0.316341
0.316419
0.317124
0.317358
0.317828
0.317906
0.318219
0.318767
0.319080
0.319237
0.319393
0.319863
0.320333
0.320411
0.321272
0.321350
0.321976
0.322055
0.322681
0.322916
0.322916
0.323385
0.323542
0.323776
0.324324
0.324716
0.325029
0.325029
0.325577
0.325577
0.325968
0.326359
0.326907
0.327064
0.327768
0.327847
0.328160
0.328629
0.328707
0.329021
0.329255
0.329647
0.329960
0.330664
0.330899
0.331056
0.331447
0.331917
0.332230
0.332464
0.332464
0.332856
0.333247
0.333404
0.333873
0.334108
0.334421
0.334891
0.335204
0.335595
0.335830
0.336300
0.336378
0.336848
0.337161
0.337552
0.337474
0.338178
0.338178
0.338413
0.338804
0.339274
0.339665
0.339978
0.340370
0.340683
0.341074
0.341152
0.341387
0.341700
0.342405
0.342483
0.342718
0.343187
0.343579
0.343970
0.343970
0.344518
0.344831
0.345301
0.345457
0.345770
0.346005
0.346631
0.346866
0.347257
0.347336
0.347962
0.348197
0.348431
0.348666
0.349136
0.349214
0.349684
0.349762
0.350466
0.350623
0.351171
0.351406
0.351562
0.351797
0.352032
0.352188
0.352815
0.353049
0.353362
0.353910
0.354458
0.354537
0.354850
0.355163
0.355319
0.355711
0.356102
0.356806
0.357041
0.357432
0.357980
0.358059
0.358528
0.358763
0.358920
0.359546
0.359859
0.360328
0.360642
0.360720
0.361189
0.361346
0.361816
0.362207
0.362677
0.362911
0.363459
0.363459
0.363851
0.364320
0.364477
0.365103
0.365025
0.365573
0.366120
0.366355
0.366747
0.367060
0.367451
0.367529
0.368077
0.368234
0.368703
0.369173
0.369564
0.369408
0.370190
0.370504
0.370504
0.370895
0.371286
0.371208
0.371991
0.372304
0.372695
0.373008
0.372930
0.373400
0.373556
0.374182
0.374260
0.374730
0.375200
0.375278
0.375669
0.375982
0.376217
0.376687
0.377078
0.377156
0.377704
0.378174
0.378331
0.378644
0.378957
0.379348
0.379661
0.379974
0.380366
0.380835
0.380992
0.381305
0.381853
0.381931
0.382401
0.382635
0.382948
0.383183
0.383653
0.383966
0.384279
0.384514
0.384670
0.385140
0.385297
0.385531
0.385923
0.386314
0.386236
0.386940
0.387097
0.387645
0.388271
0.388193
0.388427
0.388897
0.389053
0.389445
0.389836
0.390149
0.390541
0.390619
0.391245
0.391636
0.391793
0.392263
0.392419
0.392967
0.393202
0.393593
0.393828
0.394141
0.394376
0.394845
0.395080
0.395472
0.395863
0.396254
0.396254
0.396880
0.396880
0.397115
0.397350
0.397898
0.398446
0.398446
0.398759
0.399229
0.399542
0.399542
0.399933
0.400246
0.400559
0.401185
0.401342
0.401733
0.402125
0.402203
0.402751
0.402986
0.402986
0.403377
0.403612
0.403846
0.404394
0.404707
0.405177
0.405490
0.405960
0.405725
0.406116
0.406586
0.406899
0.407134
0.407369
0.407995
0.408386
0.408386
0.408856
0.408777
0.409169
0.409482
0.409638
0.409952
0.410343
0.410734
0.410969
0.411047
0.411439
0.411830
0.412378
0.412534
0.412926
0.413161
0.413474
0.413708
0.413865
0.414256
0.414335
0.414648
0.414961
0.415196
0.415665
0.415743
0.416370
0.416448
0.416839
0.416761
0.417387
0.417465
0.418170
0.418170
0.418561
0.419187
0.419500
0.419500
0.419892
0.419970
0.420361
0.420440
0.421066
0.421692
0.421692
0.422083
0.422631
0.422631
0.422944
0.423414
0.423336
0.423649
0.424197
0.424510
0.424823
0.424901
0.425292
0.425762
0.425919
0.426388
0.426545
0.427014
0.427327
0.427484
0.427797
0.428032
0.428267
0.428501
0.428580
0.428971
0.429362
0.429362
0.429597
0.430067
0.430536
0.430458
0.430771
0.431241
0.431632
0.431867
0.432102
0.432493
0.432571
0.432885
0.433198
0.433354
0.433824
0.433902
0.434215
0.434528
0.434685
0.435076
0.435624
0.435859
0.436172
0.436250
0.436407
0.437033
0.437268
0.437346
0.438050
0.438363
0.438285
0.438520
0.438833
0.439146
0.439381
0.439459
0.439538
0.440320
0.440868
0.440868
0.441807
0.442042
0.442199
0.442355
0.442590
0.442825
0.443216
0.443529
0.443921
0.444390
0.444625
0.444860
0.444860
0.445564
0.445721
0.445799
0.446269
0.446504
0.446738
0.447051
0.447208
0.447756
0.447678
0.448539
0.448539
0.449086
0.449165
0.449399
0.449869
0.450026
0.450417
0.450808
0.450887
0.451043
0.451435
0.452061
0.452217
0.452609
0.453000
0.452922
0.453626
0.453783
0.454252
0.454330
0.454722
0.454957
0.455505
0.455818
0.455818
0.456366
0.456444
0.456757
0.457148
0.457383
0.457540
0.458166
0.458244
0.458557
0.459027
0.458792
0.459183
0.459575
0.460122
0.460436
0.460983
0.460905
0.461766
0.461297
0.461844
0.462001
0.462314
0.462471
0.462705
0.463253
0.463801
0.463958
0.464114
0.464506
0.464897
0.465210
0.465288
0.465601
0.465836
0.466306
0.466932
0.466854
0.467088
0.467323
0.467480
0.467793
0.468028
0.468028
0.468576
0.469358
0.469593
0.469671
0.469750
0.469984
0.470454
0.470219
0.470689
0.471158
0.471706
0.471941
0.472176
0.472489
0.472802
0.472959
0.473507
0.473428
0.473976
0.474524
0.474524
0.474915
0.475072
0.475463
0.475542
0.475698
0.476168
0.476481
0.476794
0.476950
0.477264
0.477342
0.477733
0.478125
0.478281
0.478672
0.478907
0.479299
0.479299
0.479690
0.480081
0.480629
0.480629
0.481020
0.481255
0.481412
0.482038
0.482351
0.482742
0.483056
0.483290
0.483447
0.483760
0.484073
0.483995
0.484777
0.484934
0.485325
0.485169
0.485638
0.485717
0.485873
0.486186
0.486186
0.486812
0.487360
0.487360
0.487830
0.488221
0.488221
0.488378
0.488534
0.488769
0.489161
0.489317
0.489865
0.489865
0.490413
0.490882
0.491196
0.491039
0.491743
0.491430
0.492057
0.492526
0.492918
0.493074
0.493465
0.493309
0.493778
0.494170
0.494326
0.494639
0.495266
0.495422
0.495657
0.495813
0.496283
0.496127
0.496596
0.497222
0.497066
0.497222
0.497535
0.497692
0.498005
0.498553
0.498709
0.498944
0.499257
0.499570
0.500197
0.500510
0.500353
0.500744
0.501371
0.501292
0.501997
0.501997
0.502701
0.502623
0.503093
0.503327
0.503719
0.503954
0.503954
0.504188
0.504580
0.504736
0.505128
0.505519
0.505597
0.505832
0.505989
0.506458
0.506615
0.506928
0.507241
0.507789
0.507945
0.508337
0.508415
0.508885
0.508806
0.509432
0.509746
0.509746
0.510059
0.510372
0.510606
0.511076
0.511233
0.511546
0.511781
0.512172
0.512407
0.512407
0.512798
0.513189
0.513502
0.513737
0.513972
0.514598
0.514677
0.515146
0.515537
0.515694
0.515929
0.516320
0.516477
0.516868
0.517025
0.517259
0.517572
0.517886
0.518199
0.518747
0.518747
0.518981
0.519686
0.520312
0.520312
0.520703
0.520860
0.521173
0.521329
0.521564
0.522425
0.522660
0.522895
0.523286
0.523599
0.523678
0.523756
0.524069
0.524538
0.524852
0.525086
0.525321
0.525713
0.525947
0.526026
0.526260
0.526652
0.527043
0.527200
0.527748
0.528374
0.528295
0.528609
0.528922
0.529156
0.529548
0.529861
0.530252
0.530644
0.530878
0.531035
0.531191
0.531426
0.531818
0.531974
0.532287
0.532522
0.533070
0.533383
0.533540
0.533696
0.534322
0.534322
0.534714
0.534714
0.535027
0.535496
0.536044
0.536201
0.536436
0.536436
0.536905
0.536983
0.537140
0.537844
0.538471
0.538862
0.538940
0.538940
0.539488
0.539566
0.539723
0.539958
0.540427
0.540427
0.541132
0.541445
0.541836
0.541914
0.542149
0.542541
0.542854
0.542697
0.543402
0.543636
0.544028
0.544262
0.544497
0.544732
0.544810
0.545123
0.545437
0.545828
0.546219
0.546611
0.546767
0.547158
0.547393
0.547706
0.548176
0.548176
0.548411
0.548567
0.549350
0.549350
0.549663
0.550054
0.549898
0.550211
0.550602
0.550681
0.551463
0.551933
0.552246
0.552324
0.552559
0.552716
0.553029
0.553185
0.553342
0.553890
0.554359
0.554516
0.554359
0.555064
0.555142
0.554907
0.555377
0.555925
0.556551
0.556942
0.556942
0.557177
0.557490
0.557647
0.557647
0.557881
0.558116
0.558586
0.558899
0.559290
0.559603
0.559838
0.559838
0.559838
0.560151
0.560464
0.560934
0.561325
0.561795
0.562108
0.562656
0.562578
0.563047
0.562969
0.563752
0.563595
0.564378
0.564456
0.564613
0.564847
0.565004
0.565239
0.565552
0.565943
0.566178
0.566882
0.567196
0.567117
0.567117
0.567587
0.567665
0.568057
0.568213
0.568839
0.568996
0.569309
0.569544
0.570170
0.569935
0.569935
0.570405
0.570561
0.570561
0.571344
0.571500
0.571813
0.572205
0.572205
0.572127
0.572596
0.572987
0.573144
0.573535
0.573848
0.573848
0.574240
0.574553
0.575023
0.574866
0.574944
0.575179
0.575805
0.575805
0.576588
0.576510
0.576666
0.576823
0.576979
0.577449
0.577997
0.577997
0.578388
0.578701
0.579093
0.579171
0.579562
0.579406
0.579640
0.580110
0.580736
0.580736
0.581284
0.581284
0.581519
0.581989
0.581989
0.582536
0.582380
0.583084
0.583241
0.583397
0.583867
0.584102
0.584180
0.584415
0.584493
0.584806
0.585432
0.585511
0.586059
0.586215
0.586372
0.586372
0.586920
0.586920
0.586998
0.587624
0.587937
0.588094
0.588407
0.588720
0.589111
0.589033
0.589581
0.589737
0.590129
0.590285
0.590442
0.590911
0.591459
0.591616
0.591459
0.592242
0.592477
0.592555
0.592633
0.593103
0.593572
0.593729
0.593964
0.594433
0.594590
0.594903
0.595138
0.595060
0.595529
0.595686
0.595999
0.596312
0.596703
0.596860
0.597016
0.597408
0.597877
0.598112
0.598269
0.598582
0.599286
0.599443
0.599443
0.599834
0.600382
0.600460
0.600695
0.600773
0.601243
0.601478
0.601478
0.602182
0.602495
0.602573
0.602965
0.603513
0.603434
0.603591
0.604217
0.604608
0.604765
0.604687
0.605313
0.605704
0.605469
0.605783
0.606096
0.606722
0.606957
0.607113
0.607348
0.607739
0.607896
0.608131
0.608052
0.608522
0.608913
0.609226
0.609305
0.610087
0.609774
0.610166
0.610322
0.610714
0.611183
0.611653
0.611888
0.612201
0.612201
0.612357
0.613140
0.613140
0.613453
0.613766
0.613766
0.614314
0.614627
0.614784
0.614940
0.614940
0.615331
0.615410
0.615958
0.616349
0.616662
0.617132
0.617053
0.617601
0.617758
0.617914
0.617758
0.618149
0.618697
0.619167
0.619245
0.619167
0.619323
0.619558
0.619636
0.619949
0.620341
0.620654
0.621045
0.621202
0.621358
0.621515
0.621828
0.622063
0.621828
0.622454
0.622845
0.623237
0.623158
0.623472
0.624098
0.623941
0.623941
0.624098
0.624880
0.625193
0.625741
0.625741
0.626211
0.626133
0.626446
0.626524
0.626837
0.626994
0.627698
0.627933
0.628089
0.628559
0.628559
0.628559
0.628950
0.628950
0.629263
0.629811
0.629890
0.630203
0.630672
0.630594
0.630672
0.631298
0.631220
0.631846
0.632473
0.632394
0.633020
0.632629
0.633255
0.633255
0.633412
0.634038
0.633960
0.634351
0.634508
0.634977
0.634821
0.634977
0.635134
0.635290
0.635916
0.636543
0.637012
0.636777
0.636856
0.637325
0.637482
0.637638
0.637795
0.638421
0.638421
0.638969
0.639125
0.639360
0.639282
0.639360
0.639673
0.639986
0.639986
0.640613
0.641004
0.641239
0.641552
0.641943
0.641865
0.641943
0.642256
0.642569
0.643117
0.643587
0.643665
0.643822
0.644135
0.644291
0.644213
0.644448
0.644917
0.645622
0.645857
0.646248
0.646248
0.646483
0.646483
0.646718
0.646952
0.647266
0.647657
0.648048
0.648127
0.648205
0.648440
0.648674
0.648909
0.649144
0.649535
0.650005
0.650396
0.650396
0.650709
0.651101
0.651101
0.651179
0.651492
0.651962
0.652510
0.652588
0.652823
0.652901
0.653136
0.653684
0.653371
0.653997
0.654466
0.654936
0.655093
0.655406
0.655640
0.655875
0.656188
0.656345
0.656580
0.657049
0.657284
0.657754
0.657910
0.658536
0.658849
0.658771
0.658849
0.659554
0.659867
0.660180
0.660571
0.660337
0.660884
0.660884
0.661198
0.661745
0.662372
0.662606
0.662919
0.663154
0.662919
0.663311
0.663624
0.663702
0.664328
0.664563
0.664955
0.665111
0.665424
0.665659
0.666050
0.666363
0.666285
0.666755
0.666676
0.666911
0.667303
0.667772
0.667772
0.668085
0.668555
0.668790
0.669025
0.669259
0.669886
0.669886
0.670355
0.670668
0.671060
0.671138
0.671373
0.671451
0.672312
0.672390
0.672625
0.673095
0.673016
0.673642
0.673877
0.674269
0.674347
0.674817
0.674738
0.675051
0.675521
0.675677
0.676304
0.676460
0.676695
0.677086
0.677321
0.677634
0.677712
0.678182
0.678339
0.678652
0.678887
0.679200
0.679513
0.680061
0.680452
0.680843
0.681235
0.681313
0.681704
0.682174
0.682096
0.682409
0.682800
0.682800
0.683348
0.683661
0.683896
0.684444
0.684757
0.684913
0.685383
0.685305
0.685696
0.685931
0.686087
0.686948
0.687418
0.687261
0.687809
0.688044
0.688357
0.688435
0.688827
0.688983
0.689375
0.689766
0.689923
0.690157
0.690627
0.690862
0.690470
0.691175
0.691410
0.692114
0.692349
0.692740
0.693053
0.693132
0.693366
0.693758
0.693993
0.694462
0.695010
0.695245
0.695480
0.695793
0.695949
0.696106
0.696262
0.696497
0.696810
0.697123
0.697593
0.697750
0.697984
0.698454
0.698376
0.698924
0.698845
0.699550
0.700489
0.700411
0.700724
0.701115
0.701037
0.701115
0.701663
0.702054
0.702524
0.702837
0.702915
0.703228
0.703542
0.703542
0.703776
0.704089
0.704402
0.704872
0.705342
0.705733
0.706203
0.706437
0.706046
0.706203
0.706594
0.706985
0.707846
0.708238
0.708473
0.708707
0.708707
0.708942
0.709020
0.709647
0.709490
0.710116
0.710273
0.710508
0.710664
0.710821
0.710664
0.710273
0.710508
0.710508
0.710273
0.710429
0.710038
0.709881
0.709803
0.709490
0.709490
0.709490
0.709333
0.709255
0.709020
0.708707
0.708707
0.708394
0.708081
0.707690
0.707533
0.707064
0.706751
0.706359
0.705733
0.705655
0.705185
0.704872
0.704481
0.704559
0.704168
0.703776
0.703542
0.703228
0.702837
0.702759
0.702681
0.702367
0.702054
0.701820
0.701898
0.701585
0.701115
0.700411
0.700332
0.699785
0.699393
0.699237
0.698767
0.698297
0.698297
0.698063
0.697750
0.697123
0.696967
0.696262
0.695949
0.695871
0.695323
0.695010
0.694775
0.694227
0.694306
0.693914
0.693914
0.693366
0.693210
0.692819
0.692271
0.691958
0.691801
0.691488
0.690940
0.690705
0.690157
0.689766
0.689453
0.689062
0.688983
0.688670
0.688357
0.688122
0.687731
0.687496
0.687105
0.686948
0.686557
0.686244
0.685539
0.685305
0.684600
0.684209
0.684209
0.683896
0.683191
0.683270
0.683035
0.682722
0.682409
0.682174
0.682096
0.681313
0.681313
0.681000
0.680295
0.679747
0.679356
0.678808
0.678495
0.678182
0.678260
0.677791
0.677634
0.677243
0.676930
0.676538
0.676069
0.676304
0.675677
0.675443
0.674895
0.674582
0.673877
0.673799
0.673251
0.673173
0.673016
0.672703
0.672390
0.671764
0.671686
0.671294
0.670825
0.670277
0.669964
0.669651
0.669259
0.669259
0.668868
0.668320
0.668007
0.667772
0.667694
0.667224
0.666911
0.666598
0.666363
0.665659
0.665424
0.664955
0.664798
0.664720
0.664172
0.664172
0.663467
0.663859
0.663076
0.662606
0.662450
0.662293
0.661902
0.661432
0.660884
0.660415
0.660102
0.660102
0.659476
0.659319
0.659163
0.658693
0.658302
0.658067
0.657832
0.657362
0.657049
0.656658
0.656267
0.655953
0.655719
0.655562
0.655171
0.654623
0.654623
0.654232
0.653605
0.653527
0.653371
0.652823
0.652275
0.652118
0.651962
0.651649
0.651257
0.651257
0.650475
0.650005
0.649927
0.649535
0.649457
0.648831
0.648283
0.648205
0.647892
0.647579
0.647500
0.646796
0.646483
0.646405
0.645857
0.645857
0.645309
0.644683
0.644370
0.644291
0.643587
0.643430
0.642961
0.642726
0.642569
0.642178
0.641787
0.641708
0.641082
0.640534
0.640300
0.640143
0.639517
0.639595
0.638969
0.638812
0.638265
0.638186
0.638499
0.637404
0.637169
0.637012
0.636621
0.636151
0.636308
0.635760
0.635369
0.634977
0.634586
0.634508
0.634273
0.633803
0.633568
0.633177
0.633020
0.632629
0.632003
0.631220
0.631298
0.630751
0.630438
0.630359
0.629811
0.629733
0.629263
0.629107
0.628716
0.628403
0.628089
0.627698
0.627385
0.626759
0.626837
0.626759
0.626211
0.625741
0.625272
0.624959
0.624646
0.624019
0.623863
0.623472
0.623706
0.623472
0.622924
0.622376
0.622219
0.621671
0.621437
0.621202
0.620497
0.620576
0.620184
0.620106
0.619480
0.619010
0.619010
0.618697
0.618384
0.617993
0.617680
0.617523
0.616975
0.616506
0.615801
0.615645
0.615723
0.615331
0.615253
0.614940
0.614236
0.614236
0.613688
0.613375
0.613375
0.613062
0.612827
0.612514
0.612435
0.611809
0.611575
0.611340
0.610948
0.610166
0.610009
0.609853
0.609383
0.609226
0.608913
0.608679
0.608444
0.608052
0.607661
0.606878
0.606722
0.606565
0.606252
0.606174
0.605783
0.605391
0.605000
0.604922
0.604687
0.604139
0.603669
0.603200
0.602965
0.602730
0.602260
0.602104
0.601791
0.601478
0.601243
0.601008
0.600147
0.599991
0.599756
0.599286
0.598973
0.598973
0.598582
0.598503
0.598190
0.597877
0.597173
0.596782
0.596625
0.595999
0.596077
0.595686
0.595529
0.595373
0.594903
0.594590
0.594277
0.594042
0.593494
0.593259
0.592868
0.592711
0.592868
0.592868
0.592555
0.592242
0.591616
0.591224
0.591068
0.590755
0.590598
0.590129
0.590050
0.589737
0.589424
0.589189
0.588641
0.588485
0.587859
0.587702
0.587311
0.587076
0.587154
0.586763
0.586450
0.586528
0.586293
0.585902
0.585354
0.584806
0.584728
0.584571
0.584180
0.583710
0.583397
0.583241
0.582849
0.582536
0.582380
0.581675
0.581128
0.581128
0.581049
0.580423
0.580501
0.580345
0.580032
0.579562
0.579327
0.578858
0.578545
0.578466
0.578466
0.577840
0.577684
0.577605
0.577136
0.576353
0.576118
0.575727
0.575336
0.575023
0.575101
0.575023
0.574709
0.574631
0.574162
0.573614
0.573457
0.573144
0.572674
0.572831
0.572518
0.572440
0.571970
0.571813
0.571422
0.571187
0.570639
0.570013
0.569778
0.569700
0.569622
0.569700
0.569152
0.568683
0.568526
0.568135
0.567978
0.567509
0.567352
0.567117
0.566726
0.566882
0.566804
0.566100
0.565787
0.565708
0.565317
0.564691
0.564456
0.564221
0.564221
0.563986
0.563908
0.563047
0.562969
0.562969
0.562265
0.561951
0.560777
0.561090
0.560621
0.560230
0.559916
0.560073
0.559603
0.559447
0.558899
0.558664
0.558273
0.558195
0.557803
0.557881
0.557412
0.557334
0.556864
0.556551
0.556003
0.555612
0.555533
0.554829
0.554751
0.554516
0.554203
0.553968
0.553420
0.553185
0.552950
0.552637
0.552481
0.552168
0.551933
0.551855
0.551542
0.551150
0.551228
0.550681
0.550368
0.550054
0.549585
0.548802
0.548959
0.548802
0.548176
0.547785
0.547706
0.547472
0.547158
0.546611
0.546219
0.546141
0.545750
0.545671
0.545437
0.544967
0.544967
0.544576
0.544184
0.543636
0.543402
0.543088
0.542854
0.542462
0.542462
0.541758
0.541445
0.541601
0.540740
0.540427
0.540271
0.540114
0.539723
0.539253
0.538705
0.538627
0.538784
0.538001
0.537844
0.537375
0.537296
0.536905
0.536670
0.536279
0.536201
0.535653
0.535261
0.535183
0.534870
0.534400
0.534087
0.533931
0.533774
0.533226
0.533148
0.532600
0.532209
0.532052
0.531896
0.531348
0.531270
0.530800
0.530565
0.530096
0.529861
0.529313
0.529313
0.529156
0.528687
0.528452
0.527982
0.528061
0.527591
0.527200
0.526652
0.526182
0.526104
0.525791
0.525243
0.525321
0.524852
0.524617
0.524147
0.523991
0.523678
0.523678
0.523208
0.522895
0.522582
0.522269
0.521564
0.520938
0.520703
0.520234
0.519842
0.519451
0.519529
0.518903
0.518981
0.518433
0.518512
0.518120
0.517964
0.517259
0.517259
0.516868
0.516633
0.516320
0.516242
0.515929
0.515851
0.515616
0.514990
0.514520
0.514207
0.513737
0.513894
0.513424
0.513033
0.512798
0.512563
0.512172
0.511702
0.511389
0.511154
0.510763
0.510528
0.510137
0.509980
0.509589
0.509432
0.508963
0.508650
0.508493
0.508102
0.507945
0.507632
0.507319
0.506850
0.506928
0.506145
0.505754
0.505206
0.504971
0.504658
0.504815
0.504423
0.504267
0.504032
0.504032
0.503640
0.503249
0.502623
0.502388
0.502232
0.502075
0.501840
0.501527
0.500901
0.500823
0.500197
0.499884
0.499414
0.499257
0.498866
0.498709
0.498553
0.498396
0.498083
0.497848
0.497379
0.496988
0.496596
0.496518
0.496440
0.495735
0.495579
0.495344
0.494718
0.494718
0.494483
0.494170
0.493700
0.493544
0.493387
0.492996
0.492918
0.492683
0.492370
0.491900
0.491430
0.491117
0.490804
0.490726
0.490569
0.490178
0.489787
0.489474
0.489317
0.488847
0.488221
0.488300
0.487673
0.487517
0.487673
0.487126
0.486812
0.486734
0.486265
0.485482
0.485169
0.485169
0.484621
0.484699
0.484308
0.484151
0.483916
0.483525
0.483056
0.482899
0.482429
0.482116
0.481960
0.481568
0.481412
0.480864
0.481020
0.480316
0.479690
0.479690
0.479377
0.478829
0.478516
0.478438
0.478046
0.478046
0.477811
0.477498
0.477029
0.476637
0.476168
0.475855
0.475698
0.475385
0.475150
0.475072
0.474759
0.474054
0.473898
0.473428
0.473350
0.472880
0.472333
0.472176
0.472176
0.471550
0.470845
0.470454
0.469984
0.469593
0.469593
0.469280
0.469593
0.469202
0.469045
0.468341
0.467871
0.467480
0.467402
0.466775
0.466854
0.466932
0.466228
0.465993
0.465836
0.465445
0.464897
0.464584
0.464114
0.463566
0.463645
0.463879
0.463175
0.462862
0.462784
0.462079
0.462001
0.461218
0.460670
0.460514
0.460201
0.460044
0.459731
0.459261
0.459027
0.458792
0.458557
0.457931
0.457853
0.457305
0.457305
0.456913
0.456835
0.456600
0.455974
0.455583
0.455113
0.454722
0.454487
0.454330
0.454096
0.453548
0.453548
0.452843
0.452687
0.452139
0.451904
0.451513
0.451435
0.451200
0.450417
0.450495
0.450339
0.449634
0.449243
0.449008
0.448539
0.448539
0.447834
0.447991
0.447443
0.447208
0.446660
0.446504
0.445956
0.445721
0.445408
0.445016
0.444703
0.444312
0.444390
0.443999
0.443842
0.443451
0.442903
0.442355
0.442277
0.442199
0.441807
0.440868
0.440946
0.440790
0.440085
0.440007
0.439224
0.439068
0.438755
0.438598
0.438363
0.438129
0.437659
0.437502
0.436955
0.436876
0.436485
0.436407
0.435859
0.435702
0.435076
0.434841
0.434685
0.434137
0.433902
0.433589
0.433511
0.432806
0.432728
0.432415
0.432024
0.431789
0.431163
0.431241
0.430928
0.430693
0.430145
0.429754
0.429910
0.429441
0.429128
0.428815
0.428893
0.428267
0.427875
0.427562
0.427327
0.426858
0.426466
0.426388
0.426075
0.425762
0.425449
0.424901
0.424666
0.424275
0.424040
0.423570
0.423492
0.423023
0.422709
0.422631
0.422475
0.422162
0.421770
0.421457
0.421066
0.420596
0.420518
0.420205
0.420127
0.419109
0.418953
0.418639
0.418639
0.418092
0.418092
0.417778
0.417309
0.417152
0.416683
0.416291
0.416057
0.415900
0.415743
0.415509
0.415196
0.414569
0.414569
0.414100
0.413865
0.413787
0.413317
0.413082
0.412848
0.412300
0.412065
0.412065
0.411204
0.410891
0.410812
0.410499
0.409952
0.409873
0.409404
0.409482
0.408856
0.408543
0.408073
0.407917
0.407838
0.407525
0.407134
0.406742
0.406899
0.406429
0.405881
0.405647
0.405334
0.405177
0.404473
0.404473
0.404316
0.403846
0.403925
0.403220
0.403142
0.402281
0.402281
0.401890
0.401733
0.401577
0.401733
0.401029
0.400559
0.400168
0.399933
0.399385
0.398915
0.398994
0.398759
0.398368
0.398133
0.397898
0.397741
0.397350
0.396959
0.396880
0.396489
0.396489
0.395863
0.395315
0.395315
0.395159
0.394611
0.394298
0.394063
0.393984
0.393671
0.393515
0.393045
0.392576
0.392497
0.392184
0.392184
0.391402
0.391323
0.390854
0.390697
0.389993
0.390149
0.389680
0.389445
0.388897
0.388427
0.388271
0.387645
0.387645
0.387253
0.387018
0.386627
0.386236
0.386471
0.385766
0.385531
0.384749
0.384514
0.384201
0.384201
0.383731
0.383496
0.383496
0.382792
0.382322
0.381774
0.381540
0.381305
0.380992
0.380913
0.380522
0.380444
0.379896
0.379191
0.379270
0.378487
0.378331
0.377783
0.377783
0.377470
0.377156
0.376843
0.376217
0.375904
0.375435
0.374965
0.374730
0.374574
0.374260
0.374104
0.373869
0.373556
0.373400
0.373243
0.372539
0.372225
0.371678
0.371678
0.371365
0.370895
0.370895
0.370504
0.370347
0.369564
0.369251
0.369016
0.368860
0.368234
0.367999
0.367686
0.367529
0.367216
0.366825
0.366277
0.366199
0.365807
0.365494
0.365338
0.365025
0.364398
0.364477
0.364007
0.363694
0.363381
0.363068
0.362911
0.362285
0.362050
0.361659
0.361346
0.360563
0.360485
0.359859
0.359389
0.358920
0.358998
0.358607
0.358215
0.357902
0.357746
0.357354
0.356885
0.356806
0.356337
0.355945
0.355397
0.355241
0.354850
0.354615
0.354458
0.353989
0.353441
0.353284
0.352815
0.352815
0.352267
0.352267
0.351875
0.351327
0.351171
0.350780
0.350466
0.349840
0.349684
0.349058
0.349136
0.348823
0.348510
0.348040
0.347884
0.347414
0.347179
0.346944
0.346631
0.346475
0.346005
0.345770
0.345379
0.344909
0.344753
0.344283
0.344205
0.343344
0.343579
0.343031
0.342639
0.342483
0.342170
0.341700
0.341465
0.340996
0.340761
0.340526
0.340135
0.339900
0.339587
0.339039
0.338569
0.338569
0.338335
0.337709
0.337239
0.337161
0.336926
0.336613
0.335908
0.335908
0.335673
0.335126
0.334969
0.334578
0.334265
0.334108
0.333482
0.333560
0.333091
0.332543
0.332464
0.332230
0.331838
0.331525
0.331212
0.330977
0.330821
0.330116
0.330038
0.329725
0.329412
0.329099
0.328707
0.328316
0.327847
0.327768
0.327142
0.326829
0.326594
0.326203
0.326359
0.325733
0.325577
0.325107
0.324794
0.324637
0.324246
0.323855
0.323463
0.323229
0.322759
0.322837
0.322289
0.321976
0.321898
0.321272
0.321115
0.320489
0.320020
0.319941
0.319706
0.319080
0.318611
0.318532
0.318063
0.317671
0.317671
0.317045
0.317202
0.317045
0.316497
0.316184
0.315558
0.315402
0.315167
0.314775
0.314541
0.314384
0.313914
0.313680
0.313445
0.312740
0.312819
0.312506
0.312114
0.311801
0.311488
0.311175
0.311019
0.310784
0.310392
0.310158
0.309453
0.309062
0.308514
0.308357
0.308201
0.307888
0.307809
0.307340
0.306792
0.306870
0.306166
0.305696
0.305618
0.305070
0.304913
0.304600
0.304366
0.303974
0.303583
0.303426
0.302800
0.302565
0.302096
0.301861
0.301470
0.301078
0.301078
0.300217
0.300296
0.299748
0.299200
0.299121
0.298261
0.298339
0.297869
0.298026
0.297634
0.297008
0.296930
0.296617
0.296226
0.295912
0.295678
0.295051
0.294895
0.294660
0.294269
0.293877
0.293877
0.293251
0.293016
0.292703
0.292155
0.291921
0.291842
0.291451
0.290903
0.290747
0.290199
0.289729
0.289338
0.289103
0.288946
0.288477
0.287929
0.287929
0.287538
0.287224
0.286911
0.286364
0.286207
0.285816
0.285503
0.285346
0.284876
0.284407
0.284172
0.283781
0.283468
0.282920
0.282920
0.282293
0.282137
0.281824
0.281354
0.281041
0.280728
0.280024
0.279554
0.279398
0.279006
0.278615
0.278380
0.277989
0.277441
0.277284
0.276658
0.276267
0.276267
0.275484
0.275484
0.275093
0.274936
0.274467
0.274232
0.273762
0.273214
0.272745
0.272745
0.272040
0.272118
0.271805
0.271336
0.271101
0.270710
0.270475
0.269927
0.269614
0.269379
0.269066
0.268440
0.267970
0.268048
0.267500
0.267187
0.266718
0.266405
0.266170
0.265935
0.265387
0.264996
0.264683
0.264213
0.264213
0.263744
0.263587
0.263117
0.262648
0.262335
0.262335
0.261787
0.261865
0.261317
0.261082
0.260143
0.259987
0.259830
0.259126
0.258969
0.258734
0.258030
0.257717
0.257404
0.256934
0.256934
0.256230
0.255995
0.255447
0.255134
0.254743
0.254508
0.254429
0.253960
0.253647
0.253334
0.253177
0.252708
0.252551
0.252238
0.251612
0.251455
0.250672
0.250438
0.250203
0.249655
0.249577
0.249342
0.248794
0.248559
0.248324
0.247933
0.247463
0.247229
0.246994
0.246994
0.246211
0.245976
0.245741
0.245272
0.244959
0.244567
0.244176
0.244098
0.243706
0.243159
0.243002
0.242689
0.241985
0.241750
0.241593
0.241358
0.240967
0.240732
0.240497
0.239636
0.239323
0.239010
0.238775
0.238228
0.237836
0.237601
0.237132
0.236897
0.236740
0.236584
0.236271
0.235801
0.235566
0.234940
0.234784
0.234236
0.234158
0.233844
0.233531
0.233297
0.232592
0.232436
0.232044
0.231653
0.231183
0.230870
0.230792
0.230401
0.230009
0.229618
0.229383
0.229070
0.228913
0.228366
0.227974
0.227661
0.227505
0.227035
0.226957
0.226409
0.226331
0.226018
0.225470
0.225000
0.224530
0.224296
0.224139
0.223826
0.223435
0.223043
0.222495
0.222339
0.221869
0.221713
0.221321
0.220852
0.220617
0.220304
0.219991
0.219834
0.219208
0.218973
0.218269
0.217956
0.217721
0.217251
0.216938
0.216703
0.216703
0.216156
0.215921
0.215295
0.214903
0.214668
0.214355
0.214120
0.213807
0.213260
0.213103
0.212555
0.212320
0.211851
0.211538
0.210990
0.210442
0.210442
0.210129
0.209737
0.209346
0.208955
0.208720
0.208485
0.207937
0.208015
0.207624
0.207233
0.206998
0.206607
0.206294
0.205746
0.205746
0.204885
0.204650
0.204180
0.204415
0.203632
0.203163
0.203163
0.202537
0.202145
0.201832
0.201206
0.201049
0.200893
0.200423
0.199954
0.199249
0.199171
0.198780
0.198388
0.197840
0.197527
0.196979
0.196588
0.196666
0.196118
0.195727
0.195571
0.195179
0.194710
0.194162
0.193770
0.193536
0.193301
0.192831
0.192283
0.192127
0.191579
0.191266
0.190874
0.190405
0.189935
0.189544
0.189387
0.188996
0.188761
0.188683
0.188370
0.187587
0.187509
0.186726
0.186413
0.186335
0.185943
0.185474
0.185161
0.184769
0.184456
0.183908
0.183360
0.182969
0.182734
0.182343
0.181795
0.181639
0.181169
0.180699
0.180778
0.180073
0.179290
0.179056
0.178899
0.178429
0.177803
0.177960
0.177334
0.177021
0.176473
0.176081
0.175612
0.175377
0.174986
0.174594
0.174281
0.173968
0.173812
0.173342
0.172872
0.172324
0.172168
0.172090
0.171463
0.171072
0.170916
0.170524
0.170133
0.169742
0.169350
0.168959
0.168646
0.168098
0.167863
0.167628
0.167237
0.166767
0.166767
0.166219
0.165828
0.164967
0.165045
0.164732
0.164341
0.164184
0.163871
0.163480
0.162932
0.162541
0.162071
0.161915
0.161523
0.161288
0.160427
0.160271
0.159880
0.159723
0.159097
0.158784
0.158158
0.157688
0.157453
0.157062
0.156749
0.156592
0.155888
0.155731
0.155340
0.154949
0.154244
0.154088
0.153853
0.153461
0.153227
0.153070
0.152444
0.152053
0.151818
0.151661
0.151113
0.150879
0.150331
0.149939
0.149783
0.149157
0.148843
0.148296
0.148061
0.147748
0.147278
0.146965
0.146417
0.146417
0.145713
0.145478
0.145087
0.144695
0.144617
0.143991
0.143599
0.143521
0.143208
0.142582
0.142425
0.142112
0.141486
0.141017
0.140703
0.140312
0.139686
0.139529
0.139138
0.138590
0.138277
0.137807
0.137573
0.137260
0.136712
0.136555
0.135772
0.135616
0.135538
0.134911
0.134364
0.133894
0.133816
0.133346
0.133111
0.132720
0.132563
0.132094
0.131702
0.131546
0.131233
0.130528
0.129980
0.129746
0.129589
0.129198
0.128885
0.128337
0.127789
0.127711
0.127084
0.126850
0.126380
0.125989
0.125989
0.125676
0.125206
0.124658
0.124345
0.123641
0.123562
0.122936
0.122780
0.122388
0.122153
0.121684
0.121214
0.120745
0.120666
0.119962
0.119414
0.118866
0.118553
0.118162
0.118162
0.117222
0.117066
0.116831
0.116362
0.115970
0.115031
0.114796
0.114561
0.114170
0.113935
0.113544
0.112996
0.112683
0.112370
0.112135
0.111665
0.111117
0.111196
0.110648
0.110413
0.109787
0.109317
0.108926
0.108613
0.108143
0.107517
0.107126
0.106969
0.106343
0.106030
0.106030
0.105482
0.105012
0.105012
0.104230
0.103604
0.103682
0.103369
0.102743
0.102430
0.101960
0.101803
0.101099
0.100864
0.100160
0.099612
0.099142
0.099064
0.098516
0.098281
0.098046
0.097577
0.097342
0.096481
0.096090
0.095463
0.095072
0.094916
0.094759
0.094289
0.093820
0.093585
0.093115
0.092802
0.091785
0.091707
0.091237
0.090532
0.090767
0.090141
0.089828
0.089515
0.088889
0.088576
0.087950
0.087323
0.087167
0.087089
0.086384
0.086071
0.085680
0.084975
0.084819
0.084349
0.083880
0.083097
0.082940
0.082549
0.082158
0.082158
0.081610
0.081140
0.080436
0.080123
0.079262
0.078870
0.078479
0.078088
0.077696
0.077227
0.076757
0.076287
0.075974
0.075505
0.075035
0.074644
0.074331
0.074174
0.073704
0.073157
0.072530
0.072687
0.072139
0.071356
0.070730
0.070417
0.069948
0.069869
0.069556
0.069243
0.068382
0.068226
0.067913
0.067208
0.066660
0.066269
0.065643
0.065643
0.065251
0.064860
0.064469
0.064077
0.063608
0.062903
0.062590
0.062355
0.061729
0.061416
0.061103
0.060555
0.060242
0.059616
0.059303
0.058755
0.058442
0.057737
0.057503
0.056955
0.056955
0.056329
0.056250
0.055702
0.055076
0.054450
0.053824
0.053667
0.053198
0.052650
0.052102
0.052337
0.051632
0.051319
0.050771
0.050067
0.049597
0.048736
0.048893
0.048580
0.048032
0.047797
0.047406
0.046701
0.046388
0.045919
0.045293
0.045058
0.044666
0.044275
0.043962
0.043492
0.042944
0.042631
0.042162
0.041536
0.041144
0.040596
0.040127
0.040127
0.039579
0.038718
0.038248
0.037779
0.037309
0.036918
0.036448
0.035978
0.035509
0.035196
0.034726
0.034335
0.034178
0.033630
0.033317
0.032613
0.032143
0.031674
0.031595
0.030891
0.030578
0.030343
0.029326
0.029012
0.028621
0.028308
0.027447
0.027056
0.026586
0.026273
0.026195
0.025725
0.025099
0.024551
0.024160
0.023612
0.023064
0.022751
0.022281
0.021890
0.021812
0.021185
0.020403
0.019933
0.019698
0.019072
0.018524
0.018211
0.017976
0.017350
0.017037
0.016568
0.016020
0.015393
0.015002
0.014376
0.013906
0.013280
0.013045
0.012419
0.012106
0.011637
0.011323
0.010776
0.010149
0.009680
0.009210
0.008427
0.008427
0.007958
0.007410
0.006940
0.006471
0.005688
0.005453
0.004984
0.004436
0.003575
0.003575
0.003105
0.002792
0.002088
0.001696
0.001148
0.000757
0.000522
0.000209
-0.000652
-0.000887
-0.001121
-0.001748
-0.002217
-0.002530
-0.003156
-0.003391
-0.004096
-0.004722
-0.004957
-0.005348
-0.005896
-0.006131
-0.006913
-0.007540
-0.008166
-0.008401
-0.008948
-0.009496
-0.010201
-0.010670
-0.010983
-0.011610
-0.011923
-0.012627
-0.013097
-0.013645
-0.013801
-0.014662
-0.015210
-0.015523
-0.015914
-0.016384
-0.017010
-0.017636
-0.018184
-0.018497
-0.018810
-0.019671
-0.020219
-0.020532
-0.021002
-0.021628
-0.021941
-0.023037
-0.023272
-0.023820
-0.024368
-0.024915
-0.025776
-0.025776
-0.026168
-0.026794
-0.027420
-0.028046
-0.028672
-0.029377
-0.029690
-0.030160
-0.030551
-0.031099
-0.031490
-0.032273
-0.032821
-0.033369
-0.033916
-0.034386
-0.034856
-0.035325
-0.036030
-0.036421
-0.036891
-0.037439
-0.038221
-0.039004
-0.039474
-0.040100
-0.040100
-0.041352
-0.041587
-0.042683
-0.043152
-0.043309
-0.043778
-0.044405
-0.045187
-0.045892
-0.046127
-0.046518
-0.047222
-0.047692
-0.048318
-0.048709
-0.049492
-0.050431
-0.050901
-0.051605
-0.052153
-0.052701
-0.053562
-0.054032
-0.054658
-0.055049
-0.055597
-0.056536
-0.057632
-0.057867
-0.058337
-0.058650
-0.059198
-0.059746
-0.060372
-0.060920
-0.061624
-0.062798
-0.063346
-0.063581
-0.064363
-0.064833
-0.065303
-0.065616
-0.066477
-0.067025
-0.067494
-0.068590
-0.069216
-0.069529
-0.069921
-0.070547
-0.071251
-0.072034
-0.072269
-0.072738
-0.073599
-0.074304
-0.075086
-0.075634
-0.075791
-0.076574
-0.077200
-0.077669
-0.077982
-0.078687
-0.079861
-0.080722
-0.081505
-0.081974
-0.082365
-0.083070
-0.083618
-0.084009
-0.084635
-0.085340
-0.085731
-0.086905
-0.087531
-0.088079
-0.088549
-0.088705
-0.089645
-0.090036
-0.090349
-0.090897
-0.091836
-0.092697
-0.093245
-0.093871
-0.094262
-0.094967
-0.095515
-0.095906
-0.096689
-0.096924
-0.097863
-0.098724
-0.099585
-0.100133
-0.100524
-0.101229
-0.101542
-0.102403
-0.103029
-0.103342
-0.103733
-0.104751
-0.105612
-0.106316
-0.106786
-0.107412
-0.107647
-0.108116
-0.108977
-0.109369
-0.110230
-0.111169
-0.111951
-0.112734
-0.113439
-0.113830
-0.114065
-0.114691
-0.115474
-0.115943
-0.116491
-0.117430
-0.118604
-0.119152
-0.119622
-0.120013
-0.120639
-0.121266
-0.122048
-0.122596
-0.123144
-0.124005
-0.125101
-0.126040
-0.126510
-0.126901
-0.127449
-0.127762
-0.128388
-0.129171
-0.129719
-0.130580
-0.131597
-0.132145
-0.132928
-0.133554
-0.134102
-0.134493
-0.135198
-0.135902
-0.136293
-0.137076
-0.137624
-0.138955
-0.139346
-0.139972
-0.140442
-0.140990
-0.141537
-0.142711
-0.143259
-0.143886
-0.144590
-0.145529
-0.146155
-0.146938
-0.147251
-0.147564
-0.148112
-0.148347
-0.149521
-0.150069
-0.150695
-0.151399
-0.152417
-0.153200
-0.153748
-0.154452
-0.154530
-0.155156
-0.156096
-0.156800
-0.157661
-0.158365
-0.158913
-0.160244
-0.160948
-0.161575
-0.162201
-0.162514
-0.163453
-0.164236
-0.164940
-0.165645
-0.166506
-0.167288
-0.167993
-0.168306
-0.168697
-0.169167
-0.170184
-0.171280
-0.171906
-0.172689
-0.173472
-0.174332
-0.175037
-0.175428
-0.176133
-0.176759
-0.177776
-0.178246
-0.178716
-0.179577
-0.180594
-0.181455
-0.181846
-0.182629
-0.182942
-0.183568
-0.184194
-0.185212
-0.185838
-0.186386
-0.187325
-0.187873
-0.188578
-0.189360
-0.189752
-0.190378
-0.191004
-0.191552
-0.192491
-0.193117
-0.193822
-0.194761
-0.195309
-0.196091
-0.196639
-0.197031
-0.197344
-0.198205
-0.198909
-0.199614
-0.200318
-0.201179
-0.202040
-0.202823
-0.203840
-0.204232
-0.204545
-0.205327
-0.206501
-0.207049
-0.207832
-0.208067
-0.209006
-0.209710
-0.210337
-0.210806
-0.211354
-0.211589
-0.213154
-0.213780
-0.214094
-0.214720
-0.215502
-0.216442
-0.216911
-0.217694
-0.217929
-0.218633
-0.219259
-0.220277
-0.221138
-0.221764
-0.222312
-0.222938
-0.223642
-0.224112
-0.224738
-0.225051
-0.225756
-0.226930
-0.227556
-0.228182
-0.228730
-0.229669
-0.230452
-0.231000
-0.231548
-0.231939
-0.232409
-0.233426
-0.233818
-0.234522
-0.234992
-0.235539
-0.236479
-0.236948
-0.237574
-0.238044
-0.238201
-0.238983
-0.240079
-0.240862
-0.241410
-0.242349
-0.242819
-0.243210
-0.243836
-0.244227
-0.244932
-0.245558
-0.246419
-0.247202
-0.247750
-0.248297
-0.248689
-0.249237
-0.249941
-0.250411
-0.251037
-0.251350
-0.252367
-0.252837
-0.253463
-0.253620
-0.254481
-0.255185
-0.255890
-0.256359
-0.256985
-0.257455
-0.258081
-0.258707
-0.259647
-0.259725
-0.260194
-0.260899
-0.261525
-0.262308
-0.262464
-0.262934
-0.263325
-0.264343
-0.265047
-0.265595
-0.265986
-0.266534
-0.266769
-0.267317
-0.267943
-0.268021
-0.268491
-0.268804
-0.269743
-0.270448
-0.270761
-0.271544
-0.271622
-0.272091
-0.272405
-0.273031
-0.273500
-0.274048
-0.274518
-0.275066
-0.275535
-0.276240
-0.276553
-0.276944
-0.277179
-0.277492
-0.278118
-0.278275
-0.278823
-0.279371
-0.280075
-0.280701
-0.281014
-0.281562
-0.281875
-0.282423
-0.282971
-0.283128
-0.283519
-0.283910
-0.284536
-0.284928
-0.285554
-0.285789
-0.286102
-0.286571
-0.286963
-0.287432
-0.287589
-0.288215
-0.288606
-0.289233
-0.289154
-0.289937
-0.290094
-0.290328
-0.290485
-0.290720
-0.291111
-0.291424
-0.291581
-0.292207
-0.292755
-0.292989
-0.293146
-0.293694
-0.293772
-0.294085
-0.294164
-0.294711
-0.295025
-0.295025
-0.295729
-0.295964
-0.296590
-0.296433
-0.296903
-0.297060
-0.297138
-0.297529
-0.297842
-0.297999
-0.298547
-0.298860
-0.299564
-0.299408
-0.299642
-0.299799
-0.300112
-0.300347
-0.300973
-0.300895
-0.301443
-0.301208
-0.301443
-0.301991
-0.302304
-0.302382
-0.302695
-0.302773
-0.302773
-0.303008
-0.303321
-0.303712
-0.303791
-0.303869
-0.304182
-0.304339
-0.304495
-0.304652
-0.304887
-0.304965
-0.305434
-0.305200
-0.305669
-0.305982
-0.306139
-0.306139
-0.306295
-0.306530
-0.306452
-0.306687
-0.307000
-0.307235
-0.307000
-0.307078
-0.307313
-0.307861
-0.307704
-0.308017
-0.307704
-0.307861
-0.307861
-0.308096
-0.308409
-0.308174
-0.308330
-0.308409
-0.308565
-0.308643
-0.309035
-0.308800
-0.308957
-0.308878
-0.308878
-0.308800
-0.308957
-0.309035
-0.309035
-0.309191
-0.309504
-0.309661
-0.309583
-0.309583
-0.309504
-0.309739
-0.309583
-0.309583
-0.309739
-0.309739
-0.310365
-0.310052
-0.309896
-0.310131
-0.309739
-0.309661
-0.309661
-0.309661
-0.309974
-0.309896
-0.310052
-0.310131
-0.310131
-0.309739
-0.309583
-0.309739
-0.309739
-0.309661
-0.309426
-0.309348
-0.309504
-0.309348
-0.310052
-0.309661
-0.309739
-0.309583
-0.309426
-0.309113
-0.309348
-0.309348
-0.309191
-0.309426
-0.309504
-0.309504
-0.309504
-0.309426
-0.309035
-0.309426
-0.309191
-0.309035
-0.309348
-0.309191
-0.309035
-0.309035
-0.309113
-0.309191
-0.308878
-0.309191
-0.309348
-0.308800
-0.308800
-0.308878
-0.308565
-0.308957
-0.308487
-0.308330
-0.308643
-0.308565
-0.308409
-0.308800
-0.308330
-0.308409
-0.308096
-0.308409
-0.308174
-0.308096
-0.308096
-0.308017
-0.308017
-0.308174
-0.308017
-0.307861
-0.307704
-0.307704
-0.307469
-0.307782
-0.307235
-0.307391
-0.307626
-0.307548
-0.307704
-0.307235
-0.307156
-0.307000
-0.307000
-0.307156
-0.307156
-0.307000
-0.306922
-0.306843
-0.307313
-0.306843
-0.306843
-0.306765
-0.306530
-0.306295
-0.306139
-0.306139
-0.306217
-0.305982
-0.306374
-0.306374
-0.306139
-0.306061
-0.305904
-0.305747
-0.305669
-0.305591
-0.305356
-0.305591
-0.305591
-0.305669
-0.305747
-0.305434
-0.305278
-0.304887
-0.304652
-0.304887
-0.304730
-0.304730
-0.304417
-0.304417
-0.304573
-0.304495
-0.304652
-0.304182
-0.304260
-0.304182
-0.304339
-0.303947
-0.303947
-0.304026
-0.304026
-0.303869
-0.303791
-0.304026
-0.303791
-0.303712
-0.303399
-0.303634
-0.303321
-0.303399
-0.303321
-0.303556
-0.303243
-0.303478
-0.303243
-0.303243
-0.303008
-0.302538
-0.302773
-0.302930
-0.302930
-0.303086
-0.302773
-0.302617
-0.302617
-0.302773
-0.302695
-0.301991
-0.302147
-0.302304
-0.302382
-0.302147
-0.302147
-0.302147
-0.301834
-0.302069
-0.302069
-0.302069
-0.301834
-0.301756
-0.301756
-0.301443
-0.301677
-0.301364
-0.301599
-0.301521
-0.301521
-0.301599
-0.301677
-0.301443
-0.301443
-0.301443
-0.301443
-0.301286
-0.301130
-0.301208
-0.301286
-0.301051
-0.301208
-0.301443
-0.300973
-0.300816
-0.300973
-0.301130
-0.301051
-0.301208
-0.300816
-0.301130
-0.301051
-0.301130
-0.300895
-0.300816
-0.300738
-0.300738
-0.300738
-0.300738
-0.300738
-0.300582
-0.300503
-0.300347
-0.300503
-0.300582
-0.300503
-0.300269
-0.300582
-0.300425
-0.300738
-0.300347
-0.300660
-0.300347
-0.300347
-0.300347
-0.300425
-0.300190
-0.300425
-0.300347
-0.300503
-0.300503
-0.300425
-0.300269
-0.300425
-0.300425
-0.300190
-0.300425
-0.299956
-0.300190
-0.300269
-0.300582
-0.300738
-0.300425
-0.300425
-0.300425
-0.300269
-0.300503
-0.300582
-0.300190
-0.300425
-0.300582
-0.300895
-0.300816
-0.300738
-0.300582
-0.300347
-0.300816
-0.300895
-0.300425
-0.300582
-0.300503
-0.300582
-0.300738
-0.300660
-0.300660
-0.301130
-0.300816
-0.300816
-0.300973
-0.301130
-0.300895
-0.301130
-0.301130
-0.301208
-0.301286
-0.301286
-0.301364
-0.301208
-0.301364
-0.301208
-0.301443
-0.301599
-0.301443
-0.301443
-0.301834
-0.301834
-0.301912
-0.301521
-0.301677
-0.302304
-0.301756
-0.302069
-0.301834
-0.301912
-0.302069
-0.302460
-0.302382
-0.302304
-0.302069
-0.302304
-0.302460
-0.302538
-0.302695
-0.302617
-0.302617
-0.302695
-0.302617
-0.303243
-0.302930
-0.302930
-0.303008
-0.303086
-0.303321
-0.303086
-0.303008
-0.303321
-0.303399
-0.303478
-0.303634
-0.303869
-0.303947
-0.303791
-0.303712
-0.303712
-0.303869
-0.304026
-0.303791
-0.304182
-0.304417
-0.304573
-0.304417
-0.304495
-0.304808
-0.304730
-0.304652
-0.304730
-0.304887
-0.304730
-0.305200
-0.305121
-0.305669
-0.305434
-0.305591
-0.305591
-0.305747
-0.305669
-0.305904
-0.305982
-0.305982
-0.306139
-0.306452
-0.306687
-0.306608
-0.306687
-0.306608
-0.306765
-0.306608
-0.306922
-0.307078
-0.307078
-0.306843
-0.307235
-0.307391
-0.307939
-0.307782
-0.307939
-0.307704
-0.307782
-0.308017
-0.308174
-0.308252
-0.308096
-0.308330
-0.308409
-0.308722
-0.308722
-0.308878
-0.308957
-0.308878
-0.309035
-0.309113
-0.309113
-0.309270
-0.309426
-0.309739
-0.309583
-0.310131
-0.310444
-0.310444
-0.310209
-0.310287
-0.310444
-0.310757
-0.310992
-0.310757
-0.310913
-0.311383
-0.311539
-0.311774
-0.312244
-0.312087
-0.312166
-0.312322
-0.312244
-0.312400
-0.312400
-0.312635
-0.312792
-0.313183
-0.313183
-0.313496
-0.313418
-0.313731
-0.313496
-0.313809
-0.313888
-0.314044
-0.314044
-0.314279
-0.314357
-0.314827
-0.314592
-0.315218
-0.315140
-0.315375
-0.315218
-0.315609
-0.315844
-0.316001
-0.315844
-0.316157
-0.316392
-0.316627
-0.316784
-0.316784
-0.316705
-0.317018
-0.317175
-0.317331
-0.317175
-0.317410
-0.317488
-0.317566
-0.318036
-0.318036
-0.318192
-0.318192
-0.318505
-0.318819
-0.318584
-0.319053
-0.319210
-0.319366
-0.319445
-0.319679
-0.319758
-0.320384
-0.320227
-0.320540
-0.320619
-0.320619
-0.320854
-0.321167
-0.321401
-0.321558
-0.321871
-0.322028
-0.322341
-0.322497
-0.322497
-0.322732
-0.322732
-0.322889
-0.323045
-0.323123
-0.323358
-0.323750
-0.323984
-0.324141
-0.324141
-0.324297
-0.324376
-0.324454
-0.324610
-0.324767
-0.325002
-0.324924
-0.325393
-0.325550
-0.325628
-0.325941
-0.326098
-0.325941
-0.326332
-0.326567
-0.326567
-0.327037
-0.326959
-0.327428
-0.327350
-0.327741
-0.327898
-0.328054
-0.328054
-0.328289
-0.328915
-0.328915
-0.328994
-0.328994
-0.329307
-0.329620
-0.329541
-0.329698
-0.329933
-0.330324
-0.330559
-0.330794
-0.330950
-0.330950
-0.331185
-0.331185
-0.331498
-0.331733
-0.331968
-0.332124
-0.332203
-0.332672
-0.333064
-0.332907
-0.333142
-0.333533
-0.333455
-0.333690
-0.334003
-0.334238
-0.334394
-0.334629
-0.334864
-0.335099
-0.335568
-0.335568
-0.335568
-0.335960
-0.335960
-0.336116
-0.336194
-0.336508
-0.337055
-0.337290
-0.337290
-0.337603
-0.337838
-0.337838
-0.337916
-0.338229
-0.338699
-0.338699
-0.339090
-0.339090
-0.339482
-0.339560
-0.339795
-0.340108
-0.340578
-0.340343
-0.340734
-0.340812
-0.341282
-0.341204
-0.341438
-0.341830
-0.341908
-0.342065
-0.342378
-0.342378
-0.342847
-0.342926
-0.343239
-0.343239
-0.343552
-0.343865
-0.344334
-0.343943
-0.344178
-0.344256
-0.344726
-0.345195
-0.345195
-0.345665
-0.345587
-0.345822
-0.346135
-0.346369
-0.346683
-0.346683
-0.346996
-0.347309
-0.347309
-0.347387
-0.347778
-0.347857
-0.348170
-0.348170
-0.348796
-0.348639
-0.348952
-0.349187
-0.349735
-0.349892
-0.350283
-0.350361
-0.350440
-0.351066
-0.351144
-0.351144
-0.351379
-0.351614
-0.351770
-0.352005
-0.352396
-0.352553
-0.352709
-0.352944
-0.353179
-0.353649
-0.353649
-0.354040
-0.354040
-0.354353
-0.354588
-0.354823
-0.355214
-0.355371
-0.355371
-0.355918
-0.356153
-0.356231
-0.356231
-0.356466
-0.356701
-0.357014
-0.357171
-0.357249
-0.357640
-0.357797
-0.358267
-0.358423
-0.358893
-0.359127
-0.359206
-0.359597
-0.359597
-0.359832
-0.360067
-0.360145
-0.360849
-0.361006
-0.361397
-0.361554
-0.362023
-0.362258
-0.362415
-0.362650
-0.362650
-0.363041
-0.363041
-0.363198
-0.363745
-0.363745
-0.363980
-0.364372
-0.364685
-0.364919
-0.364998
-0.365311
-0.365311
-0.365467
-0.365780
-0.366172
-0.366328
-0.366641
-0.367033
-0.367033
-0.367268
-0.367581
-0.367737
-0.367815
-0.368050
-0.368520
-0.368755
-0.368833
-0.369146
-0.369303
-0.369850
-0.369929
-0.370007
-0.370320
-0.370555
-0.370711
-0.371024
-0.371416
-0.371651
-0.371651
-0.371964
-0.372199
-0.372512
-0.372903
-0.373216
-0.373294
-0.373607
-0.373920
-0.374234
-0.374547
-0.374625
-0.375016
-0.375016
-0.375486
-0.375564
-0.375877
-0.376190
-0.376269
-0.376347
-0.376660
-0.377208
-0.377286
-0.377521
-0.377756
-0.378147
-0.378304
-0.378538
-0.378851
-0.379008
-0.379243
-0.379634
-0.380026
-0.380182
-0.379869
-0.380573
-0.380808
-0.381278
-0.381513
-0.381747
-0.381747
-0.381826
-0.382217
-0.382452
-0.382530
-0.382843
-0.383235
-0.383469
-0.383782
-0.384096
-0.384330
-0.384487
-0.384643
-0.385113
-0.384878
-0.385035
-0.385583
-0.386131
-0.386131
-0.386444
-0.386600
-0.387226
-0.386992
-0.387696
-0.387539
-0.387774
-0.388087
-0.388635
-0.388635
-0.388557
-0.389105
-0.389340
-0.389653
-0.390044
-0.390670
-0.390514
-0.390748
-0.390983
-0.391140
-0.391531
-0.391844
-0.391923
-0.392314
-0.392314
-0.392705
-0.393097
-0.393175
-0.393644
-0.393879
-0.393958
-0.394349
-0.394192
-0.395132
-0.395210
-0.395210
-0.395758
-0.395993
-0.396306
-0.396775
-0.396775
-0.396932
-0.397323
-0.397480
-0.397949
-0.398028
-0.398184
-0.398341
-0.398810
-0.399123
-0.399515
-0.399749
-0.399749
-0.400297
-0.400454
-0.400767
-0.400924
-0.401315
-0.401785
-0.402254
-0.402489
-0.402880
-0.402724
-0.403193
-0.403663
-0.403585
-0.403976
-0.404133
-0.404602
-0.404680
-0.405072
-0.405228
-0.405620
-0.406089
-0.405933
-0.406481
-0.406402
-0.406872
-0.407263
-0.407107
-0.407420
-0.407890
-0.408124
-0.408124
-0.408672
-0.409064
-0.408985
-0.409533
-0.409846
-0.410081
-0.409925
-0.410551
-0.410551
-0.410707
-0.410864
-0.411412
-0.411881
-0.412116
-0.412507
-0.412977
-0.413212
-0.413134
-0.413212
-0.413760
-0.413838
-0.413916
-0.414229
-0.414386
-0.414777
-0.414856
-0.415325
-0.415482
-0.415717
-0.416421
-0.416577
-0.416656
-0.416734
-0.417125
-0.417438
-0.417830
-0.417752
-0.418065
-0.418456
-0.418534
-0.419160
-0.419317
-0.419787
-0.420021
-0.420178
-0.420256
-0.420569
-0.421274
-0.421430
-0.421822
-0.421900
-0.422369
-0.422135
-0.422683
-0.423152
-0.423387
-0.423778
-0.423857
-0.424091
-0.424013
-0.424404
-0.424639
-0.425187
-0.425265
-0.425579
-0.425735
-0.426283
-0.426283
-0.426753
-0.427144
-0.427300
-0.427300
-0.427614
-0.427848
-0.428240
-0.428475
-0.428866
-0.429101
-0.429414
-0.429727
-0.430040
-0.430040
-0.430275
-0.430588
-0.430901
-0.431292
-0.431449
-0.431684
-0.432075
-0.431997
-0.432623
-0.433092
-0.433249
-0.433562
-0.433953
-0.434188
-0.434423
-0.434736
-0.435127
-0.435441
-0.435754
-0.435988
-0.436145
-0.436380
-0.436615
-0.437006
-0.437162
-0.437319
-0.437632
-0.437867
-0.438337
-0.438650
-0.438571
-0.438728
-0.439197
-0.439667
-0.439589
-0.440372
-0.440450
-0.440685
-0.441232
-0.441389
-0.441937
-0.442250
-0.442485
-0.442720
-0.443189
-0.443189
-0.443581
-0.443815
-0.443972
-0.444050
-0.444442
-0.444520
-0.445068
-0.445303
-0.445694
-0.446007
-0.446163
-0.446477
-0.446868
-0.447024
-0.447259
-0.447572
-0.447964
-0.447885
-0.448355
-0.448746
-0.448903
-0.448981
-0.449451
-0.449607
-0.450234
-0.450312
-0.450468
-0.451094
-0.451329
-0.451408
-0.451721
-0.452034
-0.452190
-0.452503
-0.452816
-0.452895
-0.453364
-0.453834
-0.453677
-0.454304
-0.454225
-0.454460
-0.454930
-0.455165
-0.455869
-0.455869
-0.456182
-0.456260
-0.456495
-0.456965
-0.457121
-0.457669
-0.457904
-0.457904
-0.458374
-0.458687
-0.458921
-0.458843
-0.459235
-0.459626
-0.460017
-0.460409
-0.460800
-0.460722
-0.461191
-0.461270
-0.461896
-0.461974
-0.462522
-0.462522
-0.462835
-0.462913
-0.463305
-0.463539
-0.463931
-0.464009
-0.464322
-0.464557
-0.464792
-0.465105
-0.465340
-0.465574
-0.466201
-0.466201
-0.466514
-0.466905
-0.466983
-0.467375
-0.467531
-0.468236
-0.468157
-0.468627
-0.468549
-0.468940
-0.469018
-0.469566
-0.470114
-0.470349
-0.470740
-0.470897
-0.470740
-0.471132
-0.471366
-0.471993
-0.472071
-0.472462
-0.472932
-0.472932
-0.473323
-0.473558
-0.474106
-0.474028
-0.474106
-0.474654
-0.474732
-0.474888
-0.475593
-0.475515
-0.475984
-0.476219
-0.476689
-0.476767
-0.477393
-0.477550
-0.477863
-0.478176
-0.478645
-0.478724
-0.478880
-0.479193
-0.479506
-0.479741
-0.480133
-0.480680
-0.481385
-0.481307
-0.481385
-0.481620
-0.482324
-0.482324
-0.482794
-0.483107
-0.483263
-0.483576
-0.483811
-0.484203
-0.484359
-0.484907
-0.484985
-0.485455
-0.485455
-0.485690
-0.486003
-0.486159
-0.486238
-0.486786
-0.487255
-0.487412
-0.487490
-0.488116
-0.488273
-0.488429
-0.488821
-0.488977
-0.489134
-0.489525
-0.489916
-0.489995
-0.490621
-0.490542
-0.491169
-0.491482
-0.491951
-0.492186
-0.492421
-0.492734
-0.492891
-0.493282
-0.493360
-0.494065
-0.494143
-0.494456
-0.494456
-0.494926
-0.495317
-0.495552
-0.495630
-0.496178
-0.496100
-0.496334
-0.496413
-0.496961
-0.497195
-0.497822
-0.497900
-0.498213
-0.498448
-0.499152
-0.499309
-0.499543
-0.499700
-0.499857
-0.500483
-0.500639
-0.501031
-0.501578
-0.501813
-0.501344
-0.502361
-0.502596
-0.503144
-0.503222
-0.503614
-0.503927
-0.504161
-0.504396
-0.504709
-0.504788
-0.505101
-0.505492
-0.505883
-0.506040
-0.506353
-0.506666
-0.506979
-0.507527
-0.507527
-0.507527
-0.507997
-0.508231
-0.508466
-0.508623
-0.509171
-0.509719
-0.509719
-0.510188
-0.510423
-0.510736
-0.511284
-0.511597
-0.511597
-0.511910
-0.512380
-0.512458
-0.513162
-0.513319
-0.513632
-0.513632
-0.514023
-0.514493
-0.514728
-0.514884
-0.515276
-0.515432
-0.515589
-0.515980
-0.516058
-0.516528
-0.516919
-0.517311
-0.517389
-0.517780
-0.517937
-0.518093
-0.518485
-0.518876
-0.518954
-0.519267
-0.519737
-0.519894
-0.520520
-0.520520
-0.520989
-0.521772
-0.521929
-0.522242
-0.522790
-0.522790
-0.522790
-0.523416
-0.524042
-0.524042
-0.524120
-0.524355
-0.524903
-0.525294
-0.525451
-0.525686
-0.525920
-0.526390
-0.526547
-0.527094
-0.526860
-0.527329
-0.527564
-0.527877
-0.528347
-0.528582
-0.528816
-0.528816
-0.529208
-0.529599
-0.530225
-0.530225
-0.530460
-0.530695
-0.531243
-0.531712
-0.531791
-0.532104
-0.532573
-0.532730
-0.533199
-0.533669
-0.533669
-0.533826
-0.534139
-0.534374
-0.534374
-0.534530
-0.535078
-0.535313
-0.535704
-0.535782
-0.536017
-0.536643
-0.536878
-0.537191
-0.537661
-0.537896
-0.538365
-0.538287
-0.538678
-0.538991
-0.539305
-0.539696
-0.539774
-0.540244
-0.540557
-0.540792
-0.541105
-0.541574
-0.541418
-0.542122
-0.542357
-0.542435
-0.542592
-0.543218
-0.543296
-0.543531
-0.544157
-0.544236
-0.544236
-0.544862
-0.545018
-0.545488
-0.545488
-0.545957
-0.546505
-0.546584
-0.546897
-0.547210
-0.547679
-0.547679
-0.547836
-0.548071
-0.548384
-0.548619
-0.548853
-0.549167
-0.549401
-0.549636
-0.549871
-0.550027
-0.550341
-0.550732
-0.551358
-0.551436
-0.551671
-0.552141
-0.552532
-0.552767
-0.552845
-0.553158
-0.553237
-0.553471
-0.553863
-0.554489
-0.554645
-0.554802
-0.555115
-0.555585
-0.555819
-0.555819
-0.556289
-0.556446
-0.556759
-0.556994
-0.557463
-0.557541
-0.558089
-0.558246
-0.558715
-0.558794
-0.559029
-0.559420
-0.559811
-0.560359
-0.560437
-0.560829
-0.561220
-0.561377
-0.561846
-0.561925
-0.562316
-0.562629
-0.563020
-0.563177
-0.563490
-0.563881
-0.564038
-0.564194
-0.564429
-0.564899
-0.564899
-0.565447
-0.565447
-0.565916
-0.565838
-0.566151
-0.566464
-0.567169
-0.567403
-0.567638
-0.567795
-0.567716
-0.568030
-0.568499
-0.569047
-0.569282
-0.569438
-0.569908
-0.570065
-0.570534
-0.570534
-0.571082
-0.571317
-0.571473
-0.571630
-0.571865
-0.572256
-0.572569
-0.572726
-0.572961
-0.573508
-0.573587
-0.573900
-0.573822
-0.574761
-0.574761
-0.574917
-0.575230
-0.575543
-0.575935
-0.576013
-0.576639
-0.576874
-0.577187
-0.577187
-0.577892
-0.578205
-0.578205
-0.578596
-0.578674
-0.579066
-0.579457
-0.579927
-0.579927
-0.580161
-0.580318
-0.580944
-0.581022
-0.581805
-0.582040
-0.582431
-0.582666
-0.583136
-0.583370
-0.583527
-0.583918
-0.584231
-0.584231
-0.584779
-0.585014
-0.585327
-0.585562
-0.585953
-0.586188
-0.586188
-0.586658
-0.586893
-0.587440
-0.587519
-0.587754
-0.587988
-0.588223
-0.588301
-0.588849
-0.589397
-0.589789
-0.589945
-0.590180
-0.590415
-0.590571
-0.590884
-0.591197
-0.591589
-0.591902
-0.592058
-0.592685
-0.593076
-0.593232
-0.593859
-0.593702
-0.594093
-0.594328
-0.594720
-0.594954
-0.595346
-0.595581
-0.595894
-0.596520
-0.596676
-0.596989
-0.597302
-0.597459
-0.597694
-0.598007
-0.598085
-0.598398
-0.598946
-0.599181
-0.599259
-0.599572
-0.600198
-0.600512
-0.601059
-0.601059
-0.601529
-0.601451
-0.601999
-0.602468
-0.602781
-0.603173
-0.603251
-0.603799
-0.604190
-0.604347
-0.604425
-0.605051
-0.605051
-0.605677
-0.605677
-0.605834
-0.606225
-0.606538
-0.606773
-0.607321
-0.607321
-0.608025
-0.608104
-0.608417
-0.608417
-0.608965
-0.609278
-0.609356
-0.609904
-0.609982
-0.610452
-0.610374
-0.611156
-0.611469
-0.611782
-0.611861
-0.612409
-0.612565
-0.612643
-0.612878
-0.613269
-0.613661
-0.614052
-0.614052
-0.614365
-0.614913
-0.615383
-0.615539
-0.615774
-0.616087
-0.616400
-0.616557
-0.616792
-0.617026
-0.617496
-0.617574
-0.617887
-0.618122
-0.618748
-0.618905
-0.619140
-0.619218
-0.619609
-0.620001
-0.620079
-0.620627
-0.620627
-0.621096
-0.621331
-0.621801
-0.622114
-0.622505
-0.622584
-0.622818
-0.623288
-0.623758
-0.624149
-0.624306
-0.624540
-0.624775
-0.625245
-0.625245
-0.625714
-0.626027
-0.626654
-0.626497
-0.627045
-0.627436
-0.627202
-0.627906
-0.627984
-0.628219
-0.628297
-0.628610
-0.628845
-0.629315
-0.629706
-0.630019
-0.630332
-0.630802
-0.631115
-0.631193
-0.631663
-0.632054
-0.632133
-0.632759
-0.632759
-0.632602
-0.633463
-0.633776
-0.633698
-0.633854
-0.634402
-0.634872
-0.634950
-0.635185
-0.635342
-0.635655
-0.636281
-0.636672
-0.636907
-0.636750
-0.637377
-0.637533
-0.638238
-0.638159
-0.638472
-0.638785
-0.638942
-0.639412
-0.639803
-0.639959
-0.640429
-0.640664
-0.640899
-0.641055
-0.641447
-0.641995
-0.642151
-0.642699
-0.642621
-0.643090
-0.643325
-0.643560
-0.644108
-0.644030
-0.644421
-0.644734
-0.644812
-0.645047
-0.645360
-0.645830
-0.645986
-0.646769
-0.646769
-0.647082
-0.647395
