-0.535078
-0.535469
-0.536174
-0.536095
-0.536409
-0.536722
-0.537035
-0.537504
-0.538130
-0.538052
-0.538522
-0.538522
-0.539148
-0.539539
-0.539539
-0.539774
-0.540009
-0.540087
-0.540322
-0.540713
-0.540948
-0.541261
-0.541809
-0.541966
-0.542201
-0.542357
-0.542827
-0.543218
-0.543531
-0.543844
-0.544079
-0.544236
-0.544549
-0.545018
-0.545175
-0.545566
-0.545957
-0.546114
-0.546271
-0.546662
-0.546897
-0.547210
-0.547445
-0.547758
-0.548149
-0.548384
-0.548540
-0.549323
-0.549245
-0.549401
-0.549949
-0.550027
-0.550341
-0.550732
-0.550732
-0.551123
-0.551436
-0.551593
-0.552297
-0.552610
-0.552845
-0.553080
-0.553471
-0.553315
-0.553706
-0.554176
-0.554176
-0.554254
-0.554724
-0.554802
-0.555193
-0.555663
-0.555976
-0.555976
-0.556446
-0.556915
-0.557150
-0.557385
-0.557776
-0.557854
-0.558481
-0.558559
-0.558950
-0.559263
-0.559342
-0.559733
-0.559733
-0.560203
-0.560281
-0.561220
-0.561142
-0.561690
-0.562003
-0.562316
-0.562707
-0.562629
-0.563020
-0.563568
-0.563646
-0.563803
-0.564038
-0.564273
-0.564664
-0.564977
-0.564899
-0.565290
-0.565916
-0.565995
-0.566151
-0.566699
-0.567012
-0.567169
-0.567325
-0.568030
-0.568108
-0.568343
-0.568499
-0.568656
-0.569282
-0.569360
-0.569595
-0.570221
-0.570143
-0.570691
-0.570769
-0.571473
-0.571160
-0.571552
-0.572178
-0.572569
-0.572647
-0.573039
-0.573274
-0.573587
-0.574056
-0.573900
-0.574448
-0.574682
-0.575152
-0.575309
-0.575700
-0.576013
-0.576013
-0.576404
-0.576874
-0.577187
-0.577187
-0.577735
-0.578048
-0.578283
-0.578518
-0.578596
-0.579222
-0.579457
-0.579770
-0.579770
-0.580005
-0.580083
-0.581022
-0.581257
-0.581648
-0.582040
-0.582509
-0.582588
-0.582901
-0.583136
-0.583449
-0.583605
-0.583762
-0.584075
-0.584779
-0.585171
-0.585327
-0.585719
-0.585797
-0.585875
-0.586345
-0.586501
-0.586971
-0.587440
-0.587440
-0.587910
-0.588301
-0.588536
-0.588928
-0.589241
-0.589475
-0.589397
-0.589945
-0.590180
-0.590336
-0.590806
-0.590963
-0.591276
-0.591824
-0.591902
-0.592293
-0.592528
-0.592998
-0.593154
-0.593624
-0.593859
-0.594015
-0.594406
-0.594720
-0.595267
-0.595346
-0.595659
-0.595894
-0.596128
-0.596441
-0.596755
-0.596989
-0.597616
-0.597929
-0.597929
-0.598711
-0.598476
-0.599024
-0.599103
-0.599494
-0.599964
-0.600120
-0.600512
-0.600981
-0.601059
-0.601372
-0.601764
-0.602155
-0.602547
-0.602938
-0.603173
-0.603642
-0.603721
-0.603955
-0.604503
-0.604660
-0.605051
-0.605364
-0.605756
-0.606069
-0.606069
-0.606851
-0.606930
-0.607399
-0.607712
-0.608025
-0.608260
-0.608104
-0.608808
-0.608886
-0.609356
-0.609826
-0.609669
-0.609982
-0.610452
-0.610608
-0.611078
-0.611469
-0.611782
-0.612330
-0.612174
-0.612565
-0.612878
-0.613035
-0.613348
-0.613739
-0.613974
-0.614600
-0.614678
-0.615070
-0.615305
-0.615461
-0.615618
-0.616165
-0.616322
-0.616400
-0.616792
-0.616948
-0.617105
-0.617574
-0.617887
-0.618435
-0.618592
-0.619140
-0.618748
-0.619218
-0.619453
-0.619688
-0.620314
-0.620470
-0.620705
-0.621096
-0.621331
-0.621566
-0.621801
-0.622114
-0.622505
-0.623053
-0.623288
-0.623366
-0.623914
-0.624071
-0.624619
-0.624697
-0.625245
-0.625088
-0.625480
-0.625949
-0.626106
-0.626654
-0.626654
-0.626810
-0.627358
-0.627358
-0.627828
-0.628532
-0.628767
-0.628923
-0.629002
-0.629315
-0.629550
-0.629863
-0.630097
-0.630411
-0.630567
-0.631037
-0.631115
-0.631585
-0.631898
-0.632054
-0.632602
-0.632915
-0.633307
-0.633463
-0.633620
-0.633933
-0.634324
-0.634481
-0.634715
-0.635185
-0.635498
-0.635889
-0.635968
-0.636359
-0.636985
-0.636750
-0.637533
-0.637690
-0.637924
-0.638238
-0.638394
-0.638551
-0.638864
-0.639177
-0.639490
-0.639646
-0.640038
-0.640351
-0.640742
-0.641134
-0.641368
-0.641681
-0.641760
-0.642229
-0.642777
-0.642934
-0.643482
-0.643638
-0.643873
-0.644030
-0.644421
-0.644812
-0.645125
-0.645282
-0.645595
-0.645751
-0.646221
-0.646456
-0.646769
-0.646691
-0.647004
-0.647552
-0.647786
-0.648100
-0.648100
-0.648726
-0.648647
-0.648961
-0.649352
-0.649743
-0.649821
-0.649821
-0.650526
-0.650839
-0.650996
-0.651152
-0.651543
-0.652091
-0.652170
-0.652561
-0.653031
-0.653109
-0.653500
-0.653657
-0.654048
-0.654361
-0.654518
-0.654674
-0.655066
-0.655379
-0.655535
-0.655692
-0.656396
-0.656005
-0.656161
-0.656318
-0.656240
-0.656396
-0.656083
-0.656318
-0.655770
-0.655613
-0.655613
-0.655770
-0.655535
-0.654909
-0.655066
-0.655144
-0.654831
-0.654674
-0.654283
-0.653892
-0.653657
-0.653657
-0.653265
-0.653265
-0.652639
-0.652404
-0.652326
-0.652091
-0.651700
-0.651465
-0.650839
-0.650917
-0.650526
-0.649978
-0.649743
-0.649821
-0.649352
-0.649117
-0.648882
-0.648569
-0.648100
-0.648021
-0.647630
-0.647395
-0.646847
-0.646612
-0.646221
-0.645986
-0.645595
-0.645517
-0.645047
-0.644812
-0.644421
-0.644343
-0.644108
-0.643795
-0.643247
-0.643403
-0.642777
-0.642464
-0.641995
-0.641760
-0.641447
-0.640820
-0.640899
-0.640586
-0.639959
-0.639490
-0.639333
-0.638942
-0.638707
-0.638394
-0.638003
-0.637768
-0.637220
-0.636985
-0.636750
-0.636359
-0.636203
-0.635576
-0.635185
-0.634950
-0.634715
-0.634481
-0.634089
-0.633620
-0.633385
-0.633228
-0.632837
-0.632289
-0.632211
-0.631741
-0.631193
-0.630567
-0.630567
-0.630332
-0.630019
-0.629550
-0.629393
-0.629002
-0.628767
-0.628689
-0.628141
-0.627906
-0.627515
-0.626967
-0.626888
-0.626419
-0.626106
-0.625793
-0.625323
-0.625166
-0.624697
-0.624306
-0.624071
-0.623914
-0.623601
-0.623366
-0.622740
-0.622584
-0.622427
-0.622036
-0.621331
-0.620862
-0.620549
-0.620392
-0.620001
-0.619453
-0.619218
-0.618748
-0.618827
-0.617966
-0.617887
-0.617731
-0.617496
-0.617026
-0.616792
-0.616713
-0.616322
-0.615852
-0.615383
-0.615305
-0.614757
-0.614365
-0.614365
-0.613583
-0.613583
-0.613113
-0.613035
-0.612565
-0.612409
-0.611782
-0.611548
-0.611078
-0.611078
-0.610374
-0.610295
-0.610060
-0.609591
-0.609199
-0.609043
-0.608495
-0.608260
-0.608182
-0.607791
-0.607478
-0.606930
-0.606382
-0.606382
-0.605990
-0.605599
-0.605521
-0.604973
-0.605286
-0.604582
-0.604268
-0.603877
-0.603329
-0.602938
-0.602860
-0.602468
-0.602077
-0.601294
-0.601216
-0.600825
-0.600512
-0.600042
-0.599572
-0.599337
-0.598946
-0.599024
-0.598398
-0.597929
-0.597381
-0.597146
-0.596911
-0.596755
-0.596363
-0.595972
-0.595659
-0.595267
-0.594876
-0.594563
-0.594328
-0.594172
-0.593780
-0.593232
-0.593154
-0.592841
-0.592685
-0.592293
-0.591589
-0.591432
-0.590884
-0.590650
-0.590258
-0.590258
-0.589789
-0.589475
-0.589006
-0.589006
-0.588380
-0.588067
-0.588067
-0.587440
-0.587440
-0.586736
-0.586579
-0.586423
-0.585953
-0.585484
-0.585249
-0.585405
-0.585014
-0.584701
-0.584310
-0.583762
-0.583684
-0.583214
-0.582744
-0.582744
-0.582353
-0.581727
-0.581414
-0.581257
-0.581022
-0.580318
-0.580240
-0.579927
-0.579300
-0.578909
-0.578909
-0.578518
-0.578048
-0.577970
-0.577500
-0.577344
-0.576796
-0.576639
-0.576170
-0.575622
-0.575230
-0.574839
-0.574761
-0.574213
-0.573978
-0.574056
-0.573587
-0.573195
-0.572726
-0.572334
-0.572178
-0.571865
-0.571317
-0.571082
-0.570456
-0.570456
-0.569986
-0.569360
-0.569204
-0.569047
-0.568656
-0.568186
-0.568030
-0.567873
-0.567325
-0.567012
-0.566856
-0.566229
-0.565916
-0.565525
-0.565055
-0.564899
-0.564742
-0.564273
-0.563803
-0.563412
-0.563177
-0.562942
-0.562707
-0.562003
-0.561846
-0.561298
-0.561142
-0.560907
-0.560281
-0.559811
-0.559342
-0.558794
-0.559029
-0.558559
-0.558481
-0.557933
-0.557385
-0.556994
-0.556915
-0.556133
-0.556211
-0.555898
-0.555663
-0.555193
-0.555037
-0.554489
-0.554332
-0.554176
-0.553941
-0.553158
-0.553002
-0.552610
-0.552376
-0.552063
-0.552063
-0.551749
-0.551123
-0.550497
-0.550419
-0.550341
-0.549714
-0.549401
-0.549401
-0.548462
-0.548149
-0.548306
-0.547836
-0.547288
-0.547053
-0.546818
-0.546427
-0.546036
-0.546036
-0.545488
-0.545253
-0.545018
-0.544314
-0.544314
-0.543922
-0.543688
-0.542983
-0.543296
-0.542592
-0.542435
-0.541653
-0.541731
-0.541496
-0.541026
-0.540792
-0.540713
-0.540009
-0.539618
-0.539148
-0.538991
-0.538678
-0.538052
-0.537817
-0.537504
-0.537191
-0.536878
-0.536643
-0.536174
-0.535939
-0.535939
-0.535548
-0.535235
-0.534843
-0.534530
-0.534139
-0.533982
-0.533513
-0.533043
-0.532808
-0.532104
-0.531947
-0.531478
-0.531556
-0.531243
-0.530930
-0.530382
-0.530304
-0.529912
-0.529599
-0.529286
-0.528895
-0.528268
-0.528190
-0.527877
-0.527486
-0.527016
-0.526625
-0.526390
-0.526155
-0.525607
-0.525451
-0.525138
-0.524746
-0.524668
-0.523885
-0.523572
-0.523103
-0.523024
-0.522398
-0.522242
-0.521850
-0.521381
-0.521302
-0.520755
-0.520442
-0.520363
-0.519894
-0.519502
-0.519189
-0.518798
-0.518328
-0.517859
-0.517624
-0.517311
-0.516919
-0.517076
-0.516685
-0.516058
-0.515824
-0.515432
-0.515276
-0.515041
-0.514963
-0.514336
-0.513867
-0.513632
-0.513789
-0.513162
-0.512849
-0.512536
-0.512536
-0.511754
-0.511362
-0.510814
-0.510423
-0.510032
-0.510032
-0.509562
-0.509249
-0.508858
-0.508545
-0.508310
-0.507997
-0.507840
-0.507605
-0.507292
-0.507214
-0.506901
-0.506666
-0.506196
-0.505883
-0.505179
-0.504866
-0.504944
-0.504709
-0.504005
-0.503692
-0.503222
-0.503300
-0.502831
-0.502361
-0.501578
-0.501578
-0.501109
-0.500796
-0.500404
-0.500013
-0.499857
-0.499387
-0.499465
-0.499230
-0.498839
-0.498604
-0.498291
-0.498056
-0.497665
-0.497352
-0.496882
-0.496569
-0.496647
-0.496334
-0.496021
-0.495552
-0.495004
-0.494926
-0.494612
-0.494221
-0.493595
-0.493517
-0.493282
-0.493047
-0.492499
-0.492264
-0.491873
-0.491873
-0.491403
-0.491169
-0.491012
-0.490621
-0.490151
-0.489603
-0.489368
-0.488742
-0.488977
-0.488664
-0.488273
-0.488038
-0.487725
-0.487412
-0.487177
-0.487099
-0.486551
-0.486394
-0.486003
-0.485690
-0.485298
-0.484985
-0.484516
-0.484124
-0.484124
-0.483576
-0.483498
-0.482950
-0.482637
-0.482168
-0.481541
-0.481385
-0.480837
-0.480602
-0.480367
-0.479898
-0.479428
-0.479272
-0.479115
-0.478489
-0.477941
-0.477784
-0.477393
-0.477393
-0.476845
-0.476845
-0.476376
-0.475749
-0.475593
-0.475358
-0.474810
-0.474967
-0.474575
-0.474419
-0.474106
-0.473714
-0.473245
-0.473088
-0.473010
-0.472384
-0.472149
-0.471679
-0.471366
-0.471210
-0.470975
-0.470349
-0.470036
-0.469644
-0.469488
-0.469410
-0.468940
-0.468627
-0.468236
-0.467688
-0.467531
-0.467296
-0.466748
-0.466748
-0.466435
-0.466201
-0.465966
-0.465340
-0.464792
-0.464948
-0.464479
-0.464087
-0.463696
-0.463696
-0.463226
-0.462835
-0.462678
-0.462287
-0.462287
-0.461661
-0.461270
-0.461191
-0.460878
-0.460330
-0.460252
-0.459861
-0.459469
-0.459156
-0.458843
-0.458452
-0.458295
-0.457982
-0.457513
-0.456965
-0.457278
-0.456573
-0.456260
-0.456104
-0.455791
-0.455399
-0.454930
-0.455086
-0.454538
-0.454304
-0.453990
-0.453364
-0.453051
-0.452895
-0.452816
-0.452269
-0.452347
-0.451877
-0.451486
-0.450938
-0.450703
-0.450625
-0.450390
-0.449842
-0.449607
-0.448981
-0.448668
-0.448590
-0.448355
-0.447885
-0.447494
-0.447338
-0.447103
-0.446711
-0.446555
-0.446007
-0.445772
-0.445303
-0.445068
-0.444911
-0.444598
-0.444050
-0.444207
-0.443659
-0.443424
-0.443111
-0.442720
-0.442015
-0.442015
-0.441702
-0.440998
-0.440450
-0.440137
-0.439902
-0.439511
-0.439197
-0.439354
-0.438571
-0.438337
-0.438102
-0.437789
-0.437397
-0.436771
-0.436615
-0.436380
-0.436067
-0.436145
-0.435597
-0.435284
-0.435049
-0.434580
-0.434266
-0.433953
-0.433875
-0.433171
-0.433249
-0.432779
-0.432310
-0.432075
-0.431840
-0.431762
-0.431449
-0.430666
-0.430666
-0.430588
-0.430040
-0.429649
-0.429492
-0.428944
-0.428475
-0.428161
-0.427692
-0.427614
-0.427222
-0.426831
-0.426674
-0.426439
-0.426205
-0.425970
-0.425422
-0.425422
-0.425031
-0.424639
-0.424170
-0.423778
-0.423465
-0.423074
-0.422761
-0.422526
-0.422448
-0.421978
-0.421352
-0.421117
-0.420804
-0.420256
-0.419943
-0.419708
-0.419239
-0.419082
-0.418926
-0.418378
-0.418378
-0.417752
-0.417282
-0.417438
-0.416891
-0.416499
-0.416264
-0.415717
-0.415560
-0.415090
-0.415012
-0.414699
-0.414308
-0.414151
-0.413916
-0.413995
-0.413290
-0.413055
-0.412821
-0.412429
-0.412116
-0.411881
-0.411647
-0.411099
-0.410864
-0.410629
-0.410316
-0.409846
-0.409611
-0.409533
-0.409064
-0.409064
-0.408359
-0.408203
-0.407811
-0.407420
-0.407029
-0.406794
-0.406402
-0.406089
-0.406089
-0.405541
-0.405307
-0.404994
-0.404680
-0.404289
-0.403898
-0.403741
-0.403272
-0.403115
-0.402724
-0.402567
-0.402098
-0.401628
-0.401158
-0.400924
-0.400376
-0.400376
-0.399906
-0.399828
-0.399045
-0.398889
-0.398654
-0.398262
-0.397871
-0.397793
-0.397480
-0.397167
-0.396775
-0.396384
-0.396149
-0.395836
-0.395523
-0.395132
-0.394975
-0.394349
-0.394114
-0.393879
-0.393879
-0.393488
-0.393175
-0.392705
-0.392392
-0.392079
-0.391923
-0.391531
-0.391140
-0.390983
-0.390905
-0.390357
-0.389888
-0.389653
-0.389261
-0.389105
-0.388870
-0.388870
-0.388166
-0.387774
-0.387618
-0.387383
-0.386913
-0.386913
-0.386522
-0.386444
-0.385974
-0.385661
-0.385270
-0.384643
-0.384643
-0.384487
-0.384487
-0.383939
-0.383626
-0.383313
-0.383313
-0.382608
-0.382295
-0.382452
-0.381591
-0.381513
-0.381513
-0.381121
-0.380808
-0.380417
-0.380026
-0.379478
-0.379321
-0.378851
-0.378773
-0.378147
-0.377834
-0.377756
-0.377599
-0.377286
-0.377051
-0.376660
-0.376660
-0.376112
-0.375877
-0.375564
-0.375251
-0.375016
-0.374781
-0.374547
-0.373999
-0.373607
-0.373451
-0.373216
-0.373059
-0.372825
-0.372277
-0.372042
-0.371729
-0.371572
-0.371181
-0.370946
-0.370242
-0.370242
-0.369850
-0.369381
-0.369146
-0.368989
-0.368676
-0.368442
-0.368128
-0.367737
-0.367346
-0.367111
-0.367033
-0.366798
-0.366250
-0.366015
-0.365546
-0.365546
-0.364998
-0.364685
-0.364450
-0.364215
-0.363824
-0.363589
-0.363276
-0.362884
-0.362493
-0.362493
-0.362023
-0.362023
-0.361397
-0.361397
-0.361006
-0.360693
-0.360302
-0.359832
-0.359362
-0.358893
-0.358658
-0.358736
-0.358267
-0.357719
-0.357562
-0.357249
-0.356858
-0.356545
-0.356310
-0.356388
-0.355840
-0.355762
-0.355605
-0.355057
-0.355057
-0.354510
-0.354275
-0.353962
-0.353570
-0.353179
-0.352944
-0.352475
-0.352318
-0.351848
-0.352083
-0.351535
-0.351222
-0.350987
-0.350831
-0.350440
-0.350283
-0.349892
-0.349500
-0.349109
-0.348718
-0.348952
-0.348248
-0.347935
-0.347622
-0.347387
-0.347074
-0.346996
-0.346683
-0.346213
-0.346291
-0.345509
-0.345274
-0.344726
-0.344648
-0.344569
-0.344178
-0.343787
-0.343317
-0.343395
-0.343474
-0.343082
-0.342769
-0.342534
-0.342299
-0.341830
-0.341673
-0.341204
-0.340812
-0.340499
-0.339951
-0.339717
-0.339482
-0.339247
-0.338856
-0.338386
-0.338073
-0.337760
-0.337525
-0.337368
-0.337212
-0.336821
-0.336508
-0.336429
-0.335803
-0.335568
-0.335412
-0.335333
-0.334942
-0.334786
-0.334394
-0.334316
-0.333925
-0.333455
-0.332829
-0.332985
-0.332516
-0.331890
-0.331968
-0.331498
-0.331498
-0.330950
-0.330716
-0.330402
-0.330168
-0.329855
-0.329307
-0.329228
-0.328759
-0.328524
-0.328211
-0.328054
-0.327741
-0.327506
-0.327428
-0.327037
-0.326880
-0.326489
-0.326332
-0.326254
-0.325628
-0.325237
-0.324767
-0.324376
-0.324219
-0.324219
-0.323750
-0.323515
-0.323280
-0.322654
-0.322497
-0.322184
-0.321949
-0.321480
-0.321167
-0.321088
-0.320775
-0.320697
-0.320384
-0.319914
-0.319445
-0.319210
-0.318975
-0.318349
-0.318271
-0.317801
-0.317723
-0.317488
-0.317175
-0.316627
-0.316627
-0.316392
-0.316236
-0.315844
-0.315688
-0.314905
-0.314983
-0.314514
-0.314357
-0.313966
-0.313574
-0.313574
-0.313418
-0.312870
-0.312713
-0.312635
-0.312635
-0.311853
-0.311539
-0.311305
-0.311148
-0.310522
-0.310444
-0.310287
-0.309896
-0.309739
-0.309661
-0.309426
-0.309348
-0.308643
-0.308565
-0.308252
-0.307939
-0.307861
-0.307469
-0.307000
-0.306765
-0.306452
-0.306295
-0.305904
-0.305904
-0.305513
-0.305043
-0.304887
-0.304730
-0.304104
-0.304026
-0.303634
-0.303399
-0.302930
-0.302930
-0.302695
-0.302382
-0.302382
-0.301991
-0.301599
-0.301286
-0.300973
-0.300738
-0.300425
-0.300425
-0.300269
-0.299642
-0.299408
-0.299016
-0.298703
-0.298155
-0.298077
-0.297999
-0.297294
-0.297060
-0.296746
-0.296746
-0.296277
-0.296042
-0.295964
-0.295572
-0.295807
-0.295338
-0.295025
-0.294633
-0.294555
-0.293929
-0.293929
-0.293537
-0.293616
-0.293303
-0.292833
-0.292833
-0.292598
-0.292050
-0.291894
-0.291659
-0.291111
-0.290720
-0.290563
-0.290250
-0.290094
-0.289546
-0.289233
-0.289154
-0.288528
-0.288372
-0.287824
-0.287824
-0.287824
-0.287511
-0.286806
-0.286728
-0.286571
-0.286415
-0.285945
-0.285476
-0.285632
-0.285397
-0.284928
-0.284849
-0.284771
-0.283910
-0.283675
-0.283675
-0.283597
-0.283362
-0.282893
-0.282580
-0.282580
-0.282110
-0.281875
-0.281640
-0.281406
-0.280936
-0.280545
-0.280310
-0.279840
-0.279371
-0.279214
-0.278901
-0.278979
-0.278744
-0.278197
-0.278118
-0.278040
-0.277727
-0.277257
-0.277022
-0.276866
-0.276788
-0.276553
-0.276396
-0.276005
-0.275535
-0.275535
-0.275301
-0.274596
-0.274518
-0.274205
-0.274205
-0.273892
-0.273970
-0.273500
-0.272952
-0.272952
-0.272639
-0.272639
-0.272405
-0.272091
-0.271778
-0.271465
-0.271230
-0.270917
-0.270761
-0.270683
-0.270291
-0.270213
-0.269900
-0.269509
-0.269195
-0.269117
-0.268726
-0.268335
-0.268100
-0.267865
-0.267630
-0.267630
-0.267239
-0.267160
-0.266926
-0.267082
-0.266534
-0.266299
-0.265830
-0.265673
-0.265439
-0.265204
-0.265125
-0.264812
-0.264264
-0.264499
-0.264186
-0.263795
-0.263404
-0.263090
-0.262856
-0.262777
-0.262386
-0.262464
-0.262229
-0.261760
-0.261603
-0.261212
-0.260977
-0.260351
-0.260273
-0.259960
-0.259960
-0.259647
-0.259255
-0.259177
-0.258864
-0.258629
-0.258473
-0.258316
-0.258159
-0.257690
-0.257455
-0.257455
-0.257064
-0.257142
-0.256751
-0.256359
-0.255733
-0.255733
-0.255498
-0.255263
-0.255185
-0.254950
-0.254637
-0.254402
-0.254168
-0.254168
-0.253855
-0.253463
-0.253385
-0.253072
-0.252915
-0.252994
-0.252524
-0.252289
-0.251976
-0.252054
-0.251820
-0.251428
-0.251037
-0.251037
-0.250332
-0.250332
-0.250489
-0.249941
-0.249706
-0.249393
-0.249237
-0.248924
-0.248845
-0.248611
-0.248141
-0.248376
-0.247671
-0.247671
-0.247436
-0.247202
-0.246967
-0.246967
-0.246419
-0.246497
-0.246184
-0.245949
-0.246028
-0.245401
-0.245323
-0.245010
-0.245245
-0.244775
-0.244227
-0.243993
-0.243914
-0.243758
-0.243445
-0.243210
-0.242975
-0.242584
-0.242584
-0.242349
-0.242271
-0.241879
-0.241566
-0.241488
-0.241097
-0.241331
-0.241018
-0.240705
-0.240862
-0.240470
-0.240392
-0.239688
-0.239453
-0.239218
-0.239140
-0.238670
-0.238514
-0.238357
-0.238122
-0.237966
-0.237731
-0.238122
-0.237418
-0.237105
-0.237027
-0.236557
-0.236244
-0.236322
-0.236166
-0.235931
-0.235853
-0.235383
-0.235070
-0.234913
-0.234678
-0.234287
-0.234365
-0.234365
-0.233818
-0.233504
-0.233661
-0.233426
-0.233270
-0.233113
-0.232800
-0.232565
-0.232409
-0.232017
-0.231939
-0.231783
-0.231469
-0.231391
-0.231469
-0.231156
-0.230687
-0.230765
-0.230295
-0.229982
-0.229748
-0.229513
-0.229356
-0.229121
-0.229043
-0.228808
-0.228808
-0.228887
-0.228495
-0.228104
-0.227947
-0.227399
-0.227321
-0.227321
-0.227086
-0.226852
-0.226773
-0.226538
-0.226695
-0.226225
-0.225912
-0.225991
-0.225912
-0.225364
-0.225130
-0.225051
-0.224973
-0.224582
-0.224660
-0.224582
-0.224269
-0.224034
-0.224034
-0.223721
-0.223564
-0.223251
-0.223016
-0.222547
-0.222625
-0.222625
-0.222390
-0.222234
-0.221999
-0.221921
-0.221607
-0.221451
-0.221138
-0.220746
-0.220825
-0.220512
-0.220355
-0.220590
-0.220355
-0.220120
-0.219886
-0.219729
-0.219807
-0.219416
-0.219259
-0.218946
-0.218946
-0.218477
-0.218633
-0.218711
-0.218398
-0.218477
-0.218242
-0.217929
-0.217772
-0.217694
-0.217303
-0.216990
-0.216911
-0.216911
-0.216598
-0.216598
-0.216755
-0.216442
-0.215972
-0.216129
-0.215972
-0.215894
-0.215581
-0.215502
-0.215189
-0.215502
-0.215268
-0.215111
-0.215346
-0.214876
-0.214798
-0.214641
-0.214250
-0.213859
-0.214172
-0.213859
-0.213467
-0.213859
-0.213311
-0.213546
-0.213233
-0.213154
-0.212919
-0.212841
-0.212763
-0.212372
-0.212528
-0.212137
-0.212059
-0.211667
-0.211824
-0.211902
-0.211667
-0.211354
-0.211119
-0.210884
-0.210493
-0.210806
-0.210337
-0.210415
-0.210102
-0.210180
-0.210415
-0.209945
-0.209867
-0.209632
-0.209710
-0.209084
-0.209163
-0.209084
-0.209006
-0.208928
-0.209084
-0.209163
-0.208615
-0.209006
-0.208536
-0.208380
-0.208380
-0.208536
-0.208223
-0.208067
-0.207754
-0.207754
-0.207754
-0.207754
-0.207519
-0.207441
-0.207441
-0.206971
-0.207128
-0.206814
-0.207049
-0.206971
-0.206814
-0.207049
-0.206736
-0.206814
-0.206658
-0.206423
-0.206188
-0.206267
-0.206188
-0.205875
-0.205719
-0.206032
-0.205953
-0.206032
-0.205797
-0.205640
-0.205484
-0.205406
-0.205249
-0.205171
-0.205093
-0.205249
-0.205093
-0.204936
-0.204779
-0.205014
-0.205093
-0.204936
-0.204779
-0.204701
-0.204623
-0.204388
-0.204232
-0.204388
-0.204153
-0.204153
-0.204232
-0.203997
-0.204075
-0.203840
-0.203605
-0.203684
-0.203527
-0.203605
-0.203527
-0.203371
-0.203292
-0.203371
-0.203136
-0.203527
-0.203371
-0.203371
-0.202823
-0.203058
-0.202823
-0.202744
-0.202823
-0.202744
-0.202510
-0.202901
-0.202901
-0.202744
-0.202666
-0.202197
-0.202588
-0.202666
-0.202510
-0.202431
-0.202353
-0.202197
-0.202353
-0.202510
-0.202118
-0.202197
-0.201962
-0.201649
-0.201727
-0.201962
-0.201649
-0.201805
-0.201883
-0.201883
-0.202040
-0.202197
-0.201883
-0.202040
-0.201649
-0.201649
-0.201805
-0.201570
-0.201962
-0.201570
-0.201570
-0.201492
-0.201492
-0.201805
-0.201492
-0.201336
-0.201414
-0.201336
-0.201727
-0.201492
-0.201570
-0.201414
-0.201492
-0.201570
-0.201649
-0.201570
-0.201101
-0.201179
-0.201492
-0.201727
-0.201805
-0.201492
-0.201492
-0.201727
-0.201492
-0.201336
-0.201414
-0.201336
-0.201492
-0.201492
-0.201649
-0.201727
-0.201805
-0.201805
-0.201570
-0.201570
-0.201649
-0.201649
-0.201492
-0.201492
-0.201570
-0.201883
-0.201805
-0.201805
-0.201962
-0.201962
-0.201649
-0.201883
-0.201805
-0.201805
-0.201883
-0.201727
-0.201962
-0.201727
-0.201962
-0.201727
-0.201805
-0.202275
-0.202040
-0.201805
-0.202040
-0.202197
-0.201883
-0.201962
-0.201962
-0.202353
-0.202510
-0.202353
-0.202275
-0.202353
-0.202040
-0.202431
-0.202353
-0.202510
-0.202510
-0.202510
-0.202510
-0.202744
-0.202666
-0.202588
-0.202275
-0.202588
-0.202744
-0.202666
-0.202353
-0.202588
-0.202823
-0.202901
-0.203214
-0.203058
-0.202901
-0.202901
-0.203058
-0.202979
-0.203058
-0.202901
-0.203214
-0.203058
-0.203292
-0.203449
-0.203605
-0.203371
-0.203527
-0.203762
-0.203840
-0.203684
-0.203684
-0.203762
-0.203605
-0.204075
-0.204153
-0.204153
-0.203997
-0.204075
-0.204075
-0.203840
-0.204388
-0.203997
-0.203918
-0.204310
-0.204545
-0.204779
-0.204936
-0.204701
-0.204858
-0.204779
-0.204701
-0.204623
-0.204623
-0.204623
-0.204858
-0.205249
-0.205327
-0.205171
-0.205406
-0.205327
-0.205327
-0.205249
-0.205562
-0.205327
-0.205406
-0.205797
-0.206188
-0.206345
-0.206110
-0.206188
-0.206188
-0.206110
-0.206188
-0.206423
-0.206501
-0.206501
-0.206658
-0.206736
-0.206971
-0.206814
-0.206814
-0.206893
-0.206658
-0.206893
-0.206658
-0.206814
-0.207049
-0.207049
-0.207362
-0.207362
-0.207519
-0.207206
-0.207519
-0.207441
-0.207362
-0.207441
-0.207675
-0.207519
-0.207675
-0.207910
-0.207910
-0.207832
-0.208145
-0.207989
-0.207597
-0.207910
-0.208223
-0.208223
-0.208302
-0.208067
-0.208615
-0.208380
-0.208536
-0.208458
-0.208067
-0.208302
-0.208536
-0.208458
-0.208536
-0.208693
-0.208458
-0.208928
-0.209084
-0.209084
-0.209006
-0.209241
-0.208928
-0.208928
-0.208928
-0.209006
-0.209084
-0.209006
-0.209163
-0.209084
-0.209554
-0.209476
-0.209319
-0.209397
-0.209319
-0.209397
-0.208928
-0.209476
-0.209476
-0.209319
-0.209554
-0.209554
-0.209554
-0.209554
-0.209632
-0.209397
-0.209163
-0.209397
-0.209241
-0.209319
-0.209867
-0.209632
-0.209710
-0.209319
-0.209241
-0.209319
-0.209241
-0.209476
-0.209476
-0.209397
-0.209397
-0.209319
-0.209319
-0.209319
-0.209241
-0.209397
-0.209163
-0.209084
-0.208928
-0.208849
-0.208771
-0.208849
-0.209006
-0.208771
-0.208458
-0.208615
-0.208536
-0.208615
-0.208380
-0.208223
-0.208615
-0.208145
-0.208145
-0.208302
-0.208223
-0.207832
-0.208067
-0.207910
-0.207754
-0.207519
-0.207206
-0.207362
-0.207128
-0.207049
-0.207049
-0.206658
-0.206658
-0.206893
-0.206971
-0.206501
-0.206345
-0.206188
-0.206110
-0.205953
-0.205640
-0.205797
-0.205719
-0.205562
-0.205327
-0.205014
-0.204936
-0.204701
-0.204701
-0.204388
-0.204075
-0.203997
-0.203605
-0.203762
-0.203605
-0.203371
-0.203058
-0.202901
-0.202588
-0.202040
-0.202118
-0.202197
-0.201805
-0.201883
-0.201805
-0.201492
-0.201257
-0.200709
-0.200553
-0.199848
-0.199770
-0.199614
-0.199066
-0.198674
-0.198831
-0.198753
-0.198518
-0.197970
-0.197735
-0.197344
-0.197031
-0.196874
-0.196483
-0.196326
-0.196091
-0.195935
-0.195387
-0.195152
-0.194839
-0.194604
-0.194135
-0.193665
-0.193509
-0.193196
-0.192882
-0.192648
-0.192569
-0.192178
-0.191787
-0.191865
-0.191239
-0.190456
-0.190300
-0.189830
-0.189595
-0.189047
-0.188969
-0.188343
-0.188265
-0.187795
-0.187169
-0.186856
-0.186464
-0.185838
-0.185916
-0.185134
-0.184899
-0.184664
-0.184194
-0.183568
-0.183412
-0.182707
-0.181925
-0.182081
-0.181612
-0.180751
-0.180672
-0.180124
-0.179811
-0.179263
-0.178794
-0.178481
-0.177776
-0.177463
-0.177072
-0.176368
-0.175820
-0.175585
-0.175272
-0.174567
-0.174332
-0.173706
-0.173158
-0.172297
-0.171984
-0.172141
-0.171671
-0.171123
-0.170419
-0.169715
-0.169480
-0.169401
-0.168541
-0.167758
-0.167132
-0.166506
-0.166036
-0.165488
-0.165566
-0.164470
-0.164236
-0.163688
-0.163218
-0.162827
-0.162044
-0.161183
-0.160870
-0.160087
-0.159618
-0.158992
-0.158365
-0.158052
-0.157270
-0.156800
-0.156252
-0.155078
-0.154843
-0.154374
-0.153904
-0.153356
-0.152808
-0.152260
-0.152026
-0.151556
-0.150773
-0.149521
-0.148973
-0.148503
-0.147877
-0.147173
-0.146860
-0.145999
-0.145686
-0.145294
-0.144590
-0.143651
-0.142790
-0.142477
-0.141772
-0.141303
-0.140207
-0.139424
-0.139033
-0.138250
-0.138015
-0.137311
-0.136372
-0.135902
-0.135276
-0.134571
-0.134180
-0.133710
-0.132536
-0.132302
-0.131597
-0.130971
-0.130188
-0.129406
-0.128779
-0.128466
-0.127762
-0.127214
-0.126431
-0.125727
-0.125101
-0.124475
-0.124005
-0.123066
-0.122518
-0.121735
-0.120639
-0.120561
-0.119622
-0.118839
-0.118057
-0.117665
-0.116882
-0.116021
-0.115161
-0.114456
-0.113908
-0.113282
-0.112812
-0.112030
-0.110934
-0.110308
-0.109447
-0.108977
-0.108195
-0.107490
-0.106864
-0.106316
-0.105690
-0.104907
-0.103968
-0.103420
-0.102794
-0.102246
-0.100994
-0.100446
-0.099663
-0.099115
-0.098959
-0.098333
-0.097393
-0.096611
-0.096063
-0.095515
-0.094497
-0.094106
-0.093402
-0.092775
-0.092306
-0.091523
-0.090584
-0.089645
-0.088940
-0.088392
-0.087610
-0.086357
-0.086044
-0.085261
-0.084479
-0.084244
-0.083070
-0.082365
-0.081426
-0.080957
-0.079783
-0.078452
-0.077904
-0.077434
-0.076808
-0.076104
-0.075321
-0.074539
-0.073991
-0.072973
-0.072190
-0.071643
-0.070938
-0.070547
-0.069764
-0.068747
-0.068199
-0.067259
-0.066712
-0.066007
-0.065303
-0.064129
-0.063502
-0.062876
-0.062720
-0.061859
-0.060763
-0.060215
-0.059198
-0.058728
-0.057867
-0.057084
-0.056458
-0.055989
-0.055597
-0.054971
-0.053954
-0.053014
-0.052310
-0.051762
-0.051136
-0.050275
-0.049336
-0.049179
-0.048318
-0.048005
-0.047066
-0.046127
-0.045579
-0.045109
-0.044248
-0.043465
-0.042918
-0.042135
-0.041978
-0.041117
-0.040335
-0.039239
-0.038300
-0.037673
-0.036969
-0.036343
-0.035482
-0.034856
-0.034621
-0.034073
-0.033290
-0.032195
-0.031490
-0.030942
-0.030316
-0.029299
-0.028829
-0.028125
-0.027655
-0.027107
-0.026872
-0.026168
-0.025072
-0.024211
-0.023820
-0.023037
-0.022489
-0.021785
-0.021080
-0.020611
-0.020063
-0.019280
-0.018341
-0.017402
-0.017088
-0.016228
-0.015445
-0.014662
-0.014349
-0.013801
-0.013332
-0.012705
-0.011610
-0.010905
-0.010201
-0.009653
-0.008792
-0.008087
-0.007774
-0.007305
-0.006600
-0.005818
-0.004957
-0.004330
-0.003626
-0.002843
-0.002217
-0.001826
-0.001278
-0.000887
-0.000417
0.000287
0.001070
0.001931
0.002792
0.003105
0.003731
0.004436
0.004671
0.005375
0.005766
0.006784
0.007488
0.008193
0.008741
0.009445
0.010228
0.010697
0.011402
0.011637
0.012028
0.012967
0.013672
0.014611
0.014846
0.015707
0.016489
0.016959
0.017272
0.017663
0.018055
0.018524
0.019777
0.021029
0.021342
0.021655
0.022281
0.023142
0.023534
0.024238
0.024629
0.025334
0.025882
0.026899
0.027447
0.027838
0.028465
0.029091
0.029952
0.030108
0.030500
0.031047
0.031987
0.032613
0.033474
0.033943
0.034413
0.034726
0.035196
0.035744
0.036213
0.036839
0.037152
0.038327
0.038953
0.039657
0.040596
0.040988
0.041536
0.042162
0.042788
0.043336
0.043492
0.044588
0.045136
0.045840
0.046467
0.046858
0.047249
0.048032
0.048502
0.048815
0.049441
0.050302
0.051163
0.051945
0.052102
0.052806
0.053276
0.053824
0.053980
0.054763
0.055311
0.056094
0.057033
0.057424
0.057659
0.058207
0.058833
0.059538
0.059929
0.060164
0.060633
0.061729
0.062121
0.062903
0.063216
0.063842
0.064312
0.064860
0.065173
0.065799
0.066347
0.066660
0.067678
0.068382
0.068617
0.069243
0.069556
0.070261
0.070652
0.071200
0.071356
0.072139
0.072922
0.073626
0.074018
0.074409
0.075113
0.075818
0.076131
0.076522
0.077148
0.077931
0.078792
0.079105
0.079575
0.080201
0.080827
0.081845
0.082001
0.082314
0.082862
0.083566
0.084271
0.084427
0.084897
0.085601
0.085993
0.086306
0.087010
0.087402
0.087715
0.088341
0.089124
0.089280
0.089985
0.090689
0.090924
0.091628
0.091941
0.092724
0.092959
0.093350
0.093898
0.094524
0.094994
0.095542
0.096011
0.096403
0.097029
0.097499
0.098046
0.098359
0.099299
0.099768
0.100160
0.100629
0.101255
0.101647
0.101882
0.102664
0.103212
0.103917
0.104230
0.105012
0.105091
0.105560
0.105952
0.106813
0.107047
0.107595
0.108456
0.108769
0.109317
0.110022
0.110491
0.110648
0.111196
0.111665
0.112370
0.112683
0.113387
0.114013
0.114483
0.114796
0.115501
0.115814
0.116205
0.116753
0.117614
0.117770
0.117927
0.118631
0.119101
0.119336
0.120040
0.120510
0.120901
0.121527
0.122232
0.122623
0.123093
0.123484
0.124032
0.124110
0.124423
0.124815
0.125206
0.125832
0.126145
0.126850
0.127241
0.127867
0.128415
0.128650
0.129120
0.129667
0.130059
0.130372
0.131233
0.131702
0.132015
0.132407
0.133033
0.133190
0.133346
0.133894
0.134598
0.134990
0.135303
0.136320
0.136399
0.136790
0.137181
0.137573
0.137807
0.138434
0.138747
0.139608
0.139999
0.140390
0.140547
0.141251
0.141721
0.142034
0.142191
0.142895
0.143286
0.143912
0.144460
0.144695
0.145321
0.145556
0.145948
0.146574
0.146965
0.147278
0.147669
0.148296
0.148687
0.149313
0.149391
0.149783
0.150487
0.150800
0.151035
0.151426
0.151974
0.152600
0.152992
0.153148
0.153618
0.154244
0.154714
0.154870
0.155027
0.155731
0.156279
0.156905
0.157531
0.157845
0.158158
0.158784
0.158940
0.159253
0.159410
0.160036
0.160897
0.160975
0.161915
0.162149
0.162619
0.163010
0.163480
0.163793
0.164184
0.164497
0.165124
0.165593
0.165906
0.166611
0.167080
0.167159
0.167628
0.168176
0.168333
0.168881
0.169663
0.169976
0.170446
0.171307
0.171463
0.171698
0.172246
0.172403
0.172794
0.173577
0.173733
0.174125
0.174673
0.175142
0.175533
0.175377
0.176160
0.176081
0.176786
0.177255
0.178038
0.178508
0.178743
0.178899
0.179525
0.179917
0.180073
0.180543
0.180856
0.181717
0.182499
0.182656
0.182813
0.183282
0.183830
0.184378
0.184378
0.184926
0.185317
0.186256
0.186726
0.186961
0.187430
0.187665
0.188370
0.188605
0.188996
0.188839
0.189857
0.190561
0.190796
0.191187
0.191501
0.191814
0.192283
0.192909
0.193301
0.193457
0.193849
0.194475
0.194710
0.195179
0.195805
0.195962
0.196275
0.196432
0.197136
0.197449
0.197919
0.198701
0.198780
0.199484
0.199875
0.200110
0.200502
0.200971
0.201206
0.201832
0.202302
0.202693
0.203319
0.203319
0.203789
0.204102
0.204180
0.204650
0.204963
0.205824
0.206528
0.206607
0.206763
0.207468
0.207859
0.208015
0.208329
0.208563
0.208955
0.209581
0.210129
0.210520
0.210833
0.211068
0.211225
0.211772
0.212007
0.212242
0.212868
0.213573
0.214120
0.214120
0.214355
0.215060
0.215295
0.215529
0.215999
0.216469
0.217251
0.217799
0.217877
0.218112
0.218660
0.219051
0.219286
0.219756
0.219912
0.220460
0.221321
0.221400
0.221634
0.222182
0.222261
0.222808
0.223043
0.223513
0.223513
0.223826
0.224609
0.225078
0.225470
0.225861
0.226018
0.226565
0.226722
0.227192
0.227426
0.227661
0.228366
0.229070
0.229148
0.229227
0.229931
0.230166
0.230401
0.230870
0.231105
0.231653
0.232123
0.232279
0.233062
0.233062
0.233218
0.233766
0.233923
0.234314
0.234940
0.235410
0.235879
0.236114
0.236349
0.236897
0.237288
0.237836
0.237993
0.238149
0.238775
0.239089
0.239245
0.239793
0.240263
0.240810
0.241358
0.241593
0.242063
0.242219
0.242689
0.243080
0.243393
0.243706
0.244254
0.244333
0.244646
0.245115
0.245585
0.245507
0.246211
0.246602
0.246994
0.247385
0.247463
0.247933
0.248090
0.248559
0.248951
0.248951
0.249577
0.250046
0.250281
0.250516
0.251377
0.251612
0.251847
0.252003
0.252629
0.252864
0.253334
0.253725
0.253960
0.254273
0.254821
0.255290
0.255603
0.255995
0.256230
0.257012
0.257169
0.257325
0.257639
0.258108
0.258578
0.259126
0.259439
0.259752
0.259752
0.260221
0.260378
0.261082
0.261161
0.261709
0.262100
0.262256
0.262804
0.262961
0.263430
0.263430
0.264057
0.264291
0.264526
0.264839
0.265387
0.265935
0.266092
0.266561
0.267109
0.267031
0.267735
0.268048
0.268127
0.268518
0.269066
0.269457
0.269770
0.270631
0.270710
0.271101
0.271101
0.271414
0.271884
0.272197
0.272979
0.273058
0.273606
0.273919
0.274232
0.274545
0.274545
0.275327
0.275484
0.275875
0.276267
0.276815
0.276971
0.277206
0.277989
0.278145
0.278380
0.278458
0.279084
0.279319
0.279945
0.280102
0.280728
0.281354
0.281433
0.282059
0.282137
0.282528
0.283076
0.283233
0.283859
0.284094
0.284250
0.284642
0.284798
0.285111
0.285503
0.285972
0.286755
0.286990
0.287459
0.287851
0.287929
0.288164
0.288320
0.288790
0.289181
0.289651
0.290277
0.290512
0.290747
0.291373
0.291842
0.291842
0.292155
0.292390
0.292703
0.293486
0.293643
0.294190
0.294582
0.294817
0.294973
0.295365
0.295678
0.295991
0.296304
0.296773
0.297243
0.297791
0.297713
0.298261
0.298182
0.298730
0.299043
0.299278
0.299982
0.300452
0.301000
0.301235
0.301783
0.302096
0.302174
0.302252
0.302957
0.303348
0.303583
0.304052
0.304522
0.304913
0.304992
0.305383
0.305696
0.305853
0.306479
0.306792
0.307105
0.307340
0.308044
0.308201
0.308592
0.308670
0.309140
0.309375
0.310314
0.310392
0.310471
0.310784
0.310862
0.311410
0.311645
0.311879
0.312349
0.312819
0.313054
0.313523
0.313758
0.314071
0.314228
0.314697
0.315323
0.315245
0.315949
0.316184
0.316576
0.316889
0.317280
0.317515
0.317828
0.318063
0.318454
0.318532
0.318845
0.319472
0.319863
0.320254
0.320724
0.320959
0.321115
0.321663
0.321898
0.322602
0.322994
0.323150
0.323698
0.323698
0.324324
0.324324
0.324403
0.325029
0.325342
0.325655
0.325811
0.326594
0.326751
0.327064
0.327455
0.327690
0.327612
0.328003
0.328394
0.328786
0.329099
0.329490
0.330038
0.330273
0.330273
0.330977
0.331056
0.330977
0.331525
0.332230
0.332386
0.332699
0.333169
0.333404
0.333638
0.333873
0.334108
0.334499
0.334578
0.334813
0.335204
0.335752
0.335908
0.336378
0.337004
0.336926
0.337395
0.337630
0.338178
0.338335
0.338413
0.338883
0.339039
0.339509
0.339744
0.340213
0.340291
0.340839
0.341387
0.341387
0.341700
0.342405
0.342326
0.342953
0.342953
0.343187
0.343735
0.344048
0.344440
0.344675
0.344988
0.345457
0.345770
0.346005
0.345849
0.346240
0.346710
0.347179
0.347727
0.347727
0.348118
0.348510
0.348510
0.348901
0.349058
0.349449
0.350075
0.350153
0.350545
0.350936
0.351249
0.351641
0.351719
0.352345
0.352501
0.352893
0.353206
0.353519
0.353519
0.354223
0.354458
0.354850
0.355397
0.355397
0.355789
0.356337
0.356415
0.356806
0.357276
0.357354
0.357746
0.358137
0.358450
0.358372
0.358920
0.359233
0.359859
0.359937
0.360407
0.360642
0.361268
0.361424
0.361503
0.362050
0.362598
0.362911
0.363224
0.363381
0.363851
0.364085
0.364633
0.364712
0.365103
0.365494
0.365651
0.366042
0.366434
0.366747
0.366981
0.367138
0.367373
0.367686
0.367921
0.368469
0.368625
0.368938
0.369329
0.369721
0.370112
0.370190
0.370347
0.371051
0.371051
0.371678
0.371756
0.372304
0.372617
0.373086
0.373321
0.373713
0.373869
0.374339
0.374495
0.374965
0.375278
0.375748
0.376374
0.376530
0.377000
0.377313
0.377470
0.377783
0.378174
0.378565
0.378487
0.379270
0.379505
0.379818
0.380287
0.380209
0.380522
0.380913
0.381305
0.381540
0.381774
0.382166
0.382557
0.382948
0.383340
0.383183
0.383966
0.384122
0.384436
0.384827
0.385140
0.385766
0.386001
0.386079
0.386549
0.386862
0.387253
0.387410
0.387723
0.388271
0.388662
0.388740
0.388740
0.389367
0.389367
0.389758
0.389993
0.390697
0.390697
0.391402
0.391402
0.391949
0.392106
0.392419
0.392810
0.392889
0.393202
0.393671
0.394063
0.394454
0.395002
0.395080
0.395550
0.395472
0.395863
0.395941
0.396411
0.396959
0.397585
0.397663
0.398368
0.398681
0.398602
0.398681
0.399385
0.399620
0.399855
0.400011
0.400794
0.401107
0.401420
0.401577
0.401811
0.402359
0.402672
0.403142
0.403377
0.403768
0.404003
0.404707
0.404786
0.404864
0.405177
0.405490
0.405881
0.406195
0.406429
0.406742
0.407134
0.407447
0.407682
0.407917
0.408386
0.408621
0.408934
0.409247
0.409404
0.409795
0.409873
0.410343
0.410108
0.410734
0.411047
0.411595
0.412143
0.411987
0.412300
0.412769
0.412926
0.412926
0.413474
0.413630
0.413943
0.414335
0.414413
0.414961
0.414726
0.415352
0.415587
0.415822
0.416370
0.416448
0.416918
0.417074
0.417465
0.417857
0.417778
0.418092
0.418483
0.418718
0.419109
0.419187
0.419344
0.419735
0.420440
0.420596
0.420831
0.421144
0.421379
0.421379
0.421927
0.422162
0.422553
0.422788
0.423023
0.423492
0.423727
0.423805
0.423805
0.424510
0.424666
0.425214
0.425527
0.425527
0.426075
0.426310
0.426466
0.426545
0.426780
0.426858
0.427484
0.427797
0.427875
0.428267
0.428815
0.428893
0.429128
0.429676
0.429519
0.429910
0.430067
0.430536
0.430771
0.430928
0.431476
0.431789
0.432024
0.432102
0.432415
0.432728
0.432885
0.433198
0.433746
0.433902
0.434059
0.434293
0.434763
0.434920
0.435076
0.435311
0.435781
0.435937
0.436250
0.436563
0.437033
0.436955
0.437268
0.437581
0.437972
0.438285
0.438598
0.438990
0.439146
0.439694
0.440085
0.440477
0.440633
0.441025
0.441494
0.441964
0.441964
0.442277
0.442903
0.442825
0.442981
0.443294
0.443686
0.443999
0.444312
0.444468
0.444782
0.445486
0.445329
0.445721
0.446425
0.446504
0.446660
0.447051
0.447443
0.447912
0.448147
0.448539
0.449008
0.449008
0.449086
0.449556
0.449634
0.450104
0.450574
0.450965
0.451356
0.451356
0.451669
0.451982
0.451982
0.452374
0.452609
0.452843
0.453235
0.453626
0.454017
0.454174
0.454644
0.455035
0.455270
0.455583
0.455583
0.455896
0.456131
0.456757
0.456992
0.456913
0.457461
0.457853
0.458087
0.458401
0.458635
0.459027
0.459261
0.459731
0.460122
0.460279
0.460279
0.460749
0.461062
0.461375
0.462157
0.462157
0.462549
0.463253
0.463253
0.463488
0.463566
0.464114
0.464662
0.464584
0.465053
0.465445
0.465523
0.465601
0.465993
0.466149
0.466384
0.467010
0.467402
0.467715
0.467949
0.467949
0.468341
0.468889
0.468967
0.469123
0.469437
0.469984
0.470376
0.470376
0.470611
0.471237
0.471080
0.471472
0.471706
0.472098
0.472489
0.473115
0.473507
0.473507
0.473820
0.473976
0.474368
0.474133
0.474759
0.475307
0.475933
0.475620
0.476246
0.476716
0.476637
0.477029
0.476950
0.477185
0.477342
0.477890
0.478281
0.478751
0.478829
0.479455
0.479377
0.479533
0.479768
0.480316
0.480316
0.480786
0.481020
0.481334
0.481568
0.482038
0.482429
0.482508
0.482821
0.483369
0.483682
0.484073
0.483995
0.484543
0.484777
0.484934
0.485247
0.485404
0.485717
0.485873
0.486265
0.486499
0.486891
0.487126
0.487595
0.487752
0.487830
0.488378
0.488378
0.489082
0.489082
0.489474
0.489630
0.489630
0.490022
0.490178
0.490648
0.491039
0.491117
0.491743
0.491900
0.492291
0.492370
0.492683
0.492918
0.493231
0.493231
0.493857
0.494013
0.494248
0.494561
0.494718
0.494953
0.495422
0.495579
0.495892
0.496048
0.496596
0.496831
0.496988
0.497222
0.497301
0.497614
0.497927
0.498240
0.498240
0.498709
0.499023
0.499649
0.499570
0.499805
0.500197
0.500510
0.500901
0.501214
0.501136
0.501840
0.501997
0.502232
0.502623
0.502936
0.503249
0.503327
0.503484
0.503875
0.504032
0.504345
0.504736
0.504971
0.504893
0.505597
0.505675
0.506067
0.506223
0.506536
0.506850
0.507319
0.507397
0.507632
0.507945
0.508415
0.508806
0.508885
0.509119
0.509276
0.509902
0.509824
0.510059
0.510528
0.510685
0.510841
0.511233
0.511624
0.511624
0.511937
0.512328
0.512641
0.512798
0.513502
0.513424
0.513424
0.513972
0.514363
0.514677
0.515146
0.515224
0.515851
0.515851
0.516320
0.516398
0.516555
0.517025
0.517494
0.517729
0.517886
0.518355
0.518433
0.518903
0.518981
0.519529
0.519529
0.519842
0.520312
0.520703
0.520860
0.521095
0.521643
0.521799
0.522112
0.522503
0.522973
0.523286
0.523443
0.523756
0.524069
0.524304
0.524852
0.524773
0.525321
0.525399
0.525869
0.526417
0.526574
0.526887
0.526887
0.527513
0.527434
0.527748
0.527982
0.528295
0.528530
0.529156
0.529391
0.529469
0.529783
0.530017
0.530252
0.530722
0.531191
0.531739
0.531583
0.532131
0.532131
0.532365
0.532679
0.533070
0.533148
0.533618
0.534087
0.534635
0.534479
0.534792
0.534870
0.535105
0.535496
0.536044
0.536514
0.537062
0.537296
0.537453
0.537766
0.537923
0.538157
0.538471
0.538705
0.539488
0.539410
0.539958
0.540349
0.540662
0.540897
0.540897
0.541288
0.541680
0.541836
0.542619
0.542854
0.543245
0.543323
0.543402
0.543636
0.543949
0.544341
0.544497
0.545045
0.545437
0.545515
0.545828
0.546063
0.546532
0.546532
0.547080
0.547472
0.548019
0.548176
0.548489
0.548959
0.548880
0.548802
0.549428
0.549585
0.549898
0.550211
0.550837
0.551228
0.551228
0.551228
0.551620
0.551933
0.552089
0.552559
0.552794
0.553264
0.553498
0.553498
0.553890
0.554046
0.554203
0.554203
0.554751
0.555299
0.555612
0.555768
0.556159
0.556316
0.556551
0.556786
0.556473
0.557177
0.557647
0.558195
0.558116
0.558586
0.558586
0.558664
0.558899
0.559369
0.559525
0.560230
0.560386
0.560543
0.560386
0.561247
0.561090
0.561325
0.561638
0.562186
0.562578
0.563126
0.563204
0.563204
0.563517
0.563673
0.563673
0.564143
0.564456
0.564691
0.565004
0.565317
0.565865
0.565943
0.565943
0.566335
0.566413
0.566569
0.567352
0.567509
0.567743
0.567978
0.568135
0.568213
0.568213
0.568683
0.568996
0.569700
0.569622
0.570013
0.570248
0.570405
0.570639
0.570561
0.571031
0.571657
0.571813
0.572127
0.572283
0.572518
0.572674
0.573144
0.572987
0.572987
0.573535
0.573927
0.574396
0.574866
0.574788
0.574944
0.575257
0.575570
0.575649
0.575883
0.576197
0.576431
0.576901
0.576979
0.576823
0.577684
0.577449
0.577840
0.578153
0.578623
0.578545
0.578779
0.579327
0.579484
0.579719
0.579875
0.580188
0.580580
0.580814
0.581206
0.581675
0.581832
0.581989
0.581989
0.582536
0.582693
0.582693
0.583319
0.583789
0.583945
0.584650
0.584728
0.585119
0.585041
0.585276
0.585745
0.585902
0.586215
0.586293
0.586372
0.586920
0.587311
0.587546
0.587467
0.587624
0.588015
0.588407
0.588876
0.588876
0.589502
0.589659
0.589737
0.589972
0.590285
0.590363
0.590676
0.591224
0.591146
0.591537
0.592007
0.592398
0.592555
0.592711
0.593025
0.593416
0.593572
0.593729
0.593964
0.594512
0.594668
0.595138
0.595451
0.595294
0.595921
0.595921
0.596155
0.596547
0.596860
0.597251
0.597721
0.597877
0.598190
0.598582
0.598503
0.598895
0.599130
0.599677
0.600069
0.600382
0.600617
0.601086
0.601086
0.601243
0.601399
0.601947
0.602260
0.602652
0.602808
0.602887
0.603434
0.603434
0.603982
0.604530
0.604452
0.604687
0.604922
0.605078
0.605391
0.605626
0.605861
0.606174
0.606565
0.606722
0.606878
0.607348
0.607896
0.608365
0.608365
0.608757
0.608600
0.609148
0.609383
0.609931
0.610087
0.610322
0.610635
0.611027
0.611418
0.611105
0.611731
0.611809
0.612435
0.612514
0.612827
0.613140
0.613375
0.613844
0.613844
0.613923
0.613923
0.614470
0.614705
0.615331
0.615566
0.615645
0.616036
0.616114
0.616584
0.616506
0.616819
0.617523
0.617601
0.617601
0.618071
0.618071
0.618071
0.618541
0.618775
0.619088
0.619558
0.619949
0.620028
0.620262
0.620419
0.620654
0.620341
0.621045
0.621671
0.621828
0.622141
0.622454
0.622611
0.622611
0.622767
0.623002
0.623393
0.624019
0.624254
0.624724
0.624567
0.624959
0.624959
0.625428
0.625428
0.625741
0.626211
0.626524
0.626524
0.626915
0.627150
0.627228
0.627463
0.627542
0.627855
0.628324
0.628716
0.628950
0.629185
0.629185
0.629420
0.629577
0.629577
0.630124
0.630516
0.630985
0.631220
0.631220
0.631533
0.631690
0.632003
0.632081
0.632316
0.632707
0.633020
0.633490
0.633647
0.633647
0.633960
0.634116
0.634194
0.634586
0.635212
0.635682
0.635682
0.635760
0.635995
0.635838
0.635995
0.636151
0.636543
0.637090
0.637482
0.637482
0.637795
0.638186
0.638421
0.638499
0.638656
0.638891
0.639595
0.639673
0.639595
0.639908
0.640221
0.640534
0.640769
0.640769
0.641160
0.641395
0.641865
0.642021
0.642491
0.642569
0.642569
0.642961
0.643274
0.643430
0.643900
0.644526
0.644291
0.644683
0.644683
0.644839
0.645152
0.645622
0.646248
0.646170
0.646874
0.647266
0.647344
0.647422
0.647970
0.647813
0.647813
0.648283
0.648596
0.648909
0.648831
0.649379
0.649535
0.649692
0.649848
0.650083
0.650318
0.650475
0.650944
0.651570
0.651492
0.651492
0.651962
0.651962
0.652510
0.652979
0.653136
0.653605
0.653527
0.653918
0.654310
0.654075
0.654779
0.655327
0.655406
0.655640
0.655875
0.656110
0.656423
0.656736
0.656893
0.657206
0.657597
0.657988
0.658145
0.658302
0.658458
0.658849
0.659241
0.659554
0.659867
0.660337
0.660884
0.660884
0.661511
0.661511
0.661589
0.661745
0.661902
0.662528
0.662763
0.663154
0.663311
0.663311
0.664015
0.664250
0.664485
0.664485
0.665189
0.665581
0.665972
0.665972
0.666050
0.666363
0.666911
0.667146
0.667224
0.667459
0.668085
0.668320
0.668398
0.668633
0.668946
0.669494
0.669572
0.669807
0.670199
0.670825
0.670590
0.671060
0.671216
0.671686
0.672155
0.672312
0.672468
0.672938
0.673095
0.673173
0.673877
0.673877
0.674112
0.674738
0.675364
0.675521
0.675677
0.675912
0.676460
0.676617
0.676617
0.677086
0.677634
0.678104
0.678104
0.678808
0.678573
0.679043
0.679200
0.679669
0.680295
0.680530
0.680687
0.681000
0.681313
0.681626
0.681861
0.681783
0.682409
0.683035
0.683035
0.683348
0.683818
0.683974
0.684444
0.684522
0.684992
0.685305
0.685696
0.686009
0.686400
0.686479
0.686792
0.687105
0.687340
0.687888
0.688201
0.688279
0.688670
0.688983
0.689531
0.689140
0.689531
0.689766
0.690236
0.690470
0.690940
0.691331
0.691645
0.691801
0.692114
0.692114
0.692427
0.692975
0.693366
0.694071
0.694227
0.694384
0.695010
0.694854
0.695010
0.695480
0.695793
0.696106
0.696576
0.696967
0.697280
0.697280
0.697671
0.697593
0.697906
0.698376
0.698767
0.699002
0.698845
0.699550
0.699706
0.699785
0.700254
0.700332
0.700646
0.701193
0.701507
0.701898
0.702133
0.702446
0.702211
0.702837
0.703072
0.703542
0.704011
0.704246
0.704559
0.705029
0.704950
0.705263
0.705263
0.705655
0.706203
0.706829
0.707064
0.707142
0.707533
0.707612
0.707612
0.708081
0.708473
0.708942
0.708942
0.709412
0.709412
0.709412
0.709490
0.709647
0.709333
0.709333
0.709568
0.709647
0.709647
0.709568
0.709725
0.709490
0.709647
0.709177
0.709020
0.708864
0.708786
0.708864
0.708316
0.708238
0.708003
0.707690
0.707846
0.707298
0.707142
0.706672
0.706672
0.706046
0.705811
0.705498
0.705185
0.705029
0.704794
0.704559
0.704402
0.704089
0.703385
0.703150
0.702994
0.702681
0.702367
0.701976
0.701193
0.700880
0.700332
0.700098
0.699785
0.699628
0.699315
0.699158
0.698611
0.698141
0.698219
0.697984
0.697906
0.697358
0.696967
0.696889
0.696497
0.696419
0.695793
0.695793
0.695245
0.695088
0.694306
0.694149
0.693680
0.693210
0.692740
0.692349
0.691958
0.691879
0.691801
0.691410
0.691018
0.690940
0.690627
0.690079
0.689923
0.689766
0.689062
0.688592
0.688201
0.687966
0.687574
0.686870
0.686479
0.686087
0.686166
0.686009
0.685696
0.685461
0.684835
0.684600
0.684365
0.684131
0.683818
0.683583
0.683191
0.682722
0.682252
0.681939
0.681156
0.681078
0.680608
0.680530
0.680217
0.680061
0.679591
0.679200
0.679278
0.678652
0.678339
0.677556
0.677634
0.677086
0.677086
0.676225
0.675912
0.675599
0.675756
0.675677
0.675521
0.674895
0.674503
0.674269
0.673877
0.673877
0.673408
0.672468
0.671921
0.671764
0.671607
0.671060
0.670746
0.670668
0.670355
0.669729
0.669416
0.669338
0.669103
0.668790
0.667929
0.667772
0.667303
0.666911
0.666911
0.666598
0.666207
0.666050
0.665972
0.665346
0.664955
0.664876
0.664485
0.664485
0.663780
0.663467
0.662998
0.662685
0.662606
0.662137
0.662137
0.661824
0.661276
0.661041
0.660571
0.660415
0.660102
0.659397
0.658928
0.658849
0.658458
0.658302
0.657910
0.658067
0.657597
0.657128
0.656736
0.656501
0.656267
0.655797
0.655171
0.654701
0.654466
0.654075
0.653918
0.653449
0.653449
0.652823
0.652588
0.652353
0.651883
0.651414
0.651022
0.650396
0.650162
0.649927
0.649770
0.649301
0.649301
0.648518
0.648283
0.647813
0.647735
0.647657
0.646874
0.646639
0.646248
0.645935
0.645544
0.645465
0.644996
0.644917
0.644526
0.643978
0.643822
0.643587
0.643117
0.642726
0.642413
0.642256
0.642021
0.641708
0.641082
0.640847
0.640847
0.640221
0.639986
0.639439
0.639047
0.638969
0.638343
0.638030
0.637951
0.637717
0.637012
0.637325
0.636621
0.636464
0.635995
0.635838
0.635212
0.635369
0.634586
0.634586
0.634273
0.633803
0.633412
0.633255
0.632864
0.632394
0.632081
0.631846
0.631377
0.631064
0.630751
0.630438
0.629733
0.629577
0.629342
0.628950
0.628481
0.628246
0.628324
0.627385
0.627385
0.627072
0.626837
0.626524
0.626054
0.625585
0.625585
0.625193
0.624880
0.624646
0.623941
0.623785
0.623315
0.623237
0.622845
0.622297
0.622219
0.621828
0.621437
0.621045
0.620889
0.620341
0.620262
0.619871
0.619480
0.619167
0.618697
0.618149
0.618306
0.617680
0.617523
0.616975
0.616897
0.616349
0.616036
0.615645
0.615566
0.615331
0.614627
0.614314
0.614079
0.614157
0.613610
0.613218
0.612983
0.612749
0.612827
0.612435
0.612044
0.611418
0.611261
0.611027
0.610322
0.610244
0.609853
0.609383
0.609461
0.609148
0.608522
0.608365
0.607974
0.607739
0.607583
0.607191
0.606722
0.606644
0.606487
0.606174
0.605548
0.605626
0.605000
0.604608
0.604217
0.603982
0.603748
0.603356
0.603043
0.602887
0.602417
0.602260
0.601947
0.601165
0.601243
0.601086
0.600304
0.599991
0.599756
0.599443
0.599443
0.599051
0.598269
0.598034
0.598034
0.597486
0.597408
0.597173
0.596625
0.596547
0.595921
0.595764
0.595294
0.594981
0.594590
0.594277
0.594199
0.594199
0.593886
0.594120
0.593807
0.593416
0.593259
0.592477
0.592164
0.591772
0.591694
0.591537
0.591381
0.590833
0.590755
0.590598
0.590285
0.589424
0.589111
0.588876
0.588720
0.588641
0.588250
0.588015
0.587859
0.587389
0.587154
0.586372
0.586293
0.585980
0.585589
0.585354
0.585276
0.585276
0.584806
0.584571
0.584024
0.583710
0.583397
0.582928
0.582849
0.582693
0.582536
0.582067
0.581910
0.581519
0.581206
0.580501
0.580110
0.580267
0.579954
0.579484
0.579249
0.579562
0.579014
0.578936
0.578388
0.577840
0.577527
0.577136
0.576979
0.576666
0.576431
0.576275
0.575962
0.575727
0.575805
0.575101
0.574866
0.574475
0.574083
0.573770
0.573535
0.573848
0.573301
0.572987
0.572596
0.572518
0.571970
0.571735
0.571657
0.570952
0.570952
0.571422
0.570483
0.570170
0.569778
0.569309
0.568839
0.568683
0.568370
0.568370
0.568213
0.568135
0.567822
0.567743
0.567274
0.567274
0.566491
0.566100
0.565865
0.565630
0.565630
0.565239
0.565317
0.564926
0.564300
0.564300
0.563752
0.563360
0.563204
0.562891
0.562343
0.562265
0.562108
0.561638
0.561404
0.561247
0.560543
0.559995
0.559369
0.559369
0.558899
0.558899
0.558586
0.558508
0.558351
0.557803
0.557490
0.557020
0.556786
0.556238
0.556238
0.555768
0.555846
0.555377
0.554907
0.554516
0.554359
0.553811
0.553577
0.553185
0.553107
0.552481
0.552559
0.552246
0.552324
0.551776
0.551385
0.551072
0.550524
0.550602
0.550054
0.549898
0.549663
0.549507
0.549115
0.548724
0.548411
0.548098
0.547472
0.547237
0.547002
0.546767
0.546532
0.546063
0.546063
0.545750
0.545045
0.544889
0.544341
0.544106
0.544028
0.543793
0.543480
0.543167
0.542775
0.542306
0.541993
0.541836
0.541288
0.541053
0.540584
0.540349
0.540114
0.539723
0.539331
0.539253
0.538784
0.538392
0.538001
0.537923
0.537688
0.537375
0.537375
0.536827
0.536436
0.536044
0.535888
0.535340
0.535027
0.534870
0.534400
0.534166
0.534009
0.533461
0.533461
0.532992
0.532679
0.532365
0.531896
0.531896
0.531505
0.531191
0.530957
0.530644
0.530409
0.530017
0.529548
0.529704
0.529156
0.528843
0.528530
0.527904
0.527748
0.527356
0.527278
0.526652
0.526652
0.526026
0.525713
0.525399
0.525165
0.525165
0.524773
0.524382
0.524304
0.523834
0.523443
0.522973
0.522738
0.522503
0.521877
0.521799
0.521329
0.520938
0.520938
0.520390
0.519842
0.519921
0.519294
0.518903
0.518668
0.518355
0.518199
0.518199
0.517572
0.517259
0.516946
0.516712
0.516398
0.515851
0.515381
0.515459
0.515303
0.514677
0.514520
0.514207
0.513816
0.513424
0.513424
0.512798
0.512485
0.512328
0.511937
0.511546
0.511467
0.511076
0.510841
0.510763
0.510450
0.509902
0.509511
0.509511
0.509276
0.508963
0.508650
0.508258
0.508024
0.507789
0.507476
0.507241
0.506771
0.506536
0.506145
0.505910
0.505832
0.505362
0.505128
0.504736
0.504423
0.504032
0.503562
0.503562
0.503484
0.502858
0.502936
0.502701
0.502310
0.501840
0.501371
0.501214
0.500901
0.500901
0.500510
0.500275
0.499727
0.499492
0.499257
0.498553
0.498240
0.498005
0.497770
0.497614
0.497535
0.497222
0.496909
0.496674
0.496205
0.495735
0.495266
0.494953
0.494483
0.494561
0.494170
0.494248
0.493857
0.493544
0.492996
0.492761
0.492448
0.492135
0.492057
0.491900
0.491978
0.491196
0.490961
0.490648
0.490178
0.490100
0.489708
0.489082
0.489161
0.488769
0.488847
0.488456
0.487830
0.487673
0.487517
0.486969
0.486265
0.486186
0.486030
0.485873
0.485482
0.485247
0.484777
0.484308
0.484230
0.483916
0.483682
0.483525
0.483290
0.483290
0.483056
0.482429
0.482038
0.481725
0.481334
0.481177
0.480786
0.480081
0.479925
0.479768
0.479455
0.479377
0.478751
0.478125
0.477890
0.477420
0.477264
0.477029
0.476950
0.476168
0.476324
0.475776
0.475620
0.474759
0.474681
0.474289
0.473976
0.473820
0.473898
0.473272
0.473115
0.472802
0.472567
0.471941
0.471315
0.471237
0.471237
0.470689
0.470611
0.470219
0.470063
0.469671
0.468967
0.468732
0.468341
0.468263
0.468106
0.467871
0.467402
0.467167
0.466775
0.466462
0.466071
0.465601
0.465053
0.464975
0.464819
0.464506
0.464114
0.463879
0.463723
0.462862
0.462705
0.462392
0.462079
0.461923
0.461688
0.461453
0.460905
0.460514
0.460357
0.459653
0.459418
0.458948
0.458870
0.458479
0.458166
0.457774
0.457618
0.457383
0.456679
0.456679
0.456209
0.455818
0.455583
0.455191
0.454957
0.454878
0.454409
0.454017
0.453704
0.453235
0.453000
0.453000
0.452374
0.451982
0.451669
0.451513
0.451121
0.450574
0.450260
0.449634
0.449478
0.449321
0.449243
0.448617
0.448382
0.448225
0.447912
0.447756
0.447208
0.446817
0.446269
0.445956
0.445799
0.445643
0.445095
0.445095
0.444547
0.444390
0.444234
0.443608
0.443373
0.442981
0.442825
0.442277
0.442199
0.441886
0.441651
0.440946
0.440790
0.440398
0.439929
0.439459
0.439146
0.438833
0.438598
0.438129
0.438129
0.437581
0.437268
0.437111
0.436720
0.436407
0.436250
0.435859
0.435624
0.435546
0.435233
0.434685
0.434059
0.433980
0.433746
0.433354
0.433198
0.432963
0.432571
0.432102
0.431711
0.431554
0.431084
0.430771
0.430771
0.430223
0.429910
0.429989
0.429441
0.429519
0.429128
0.428501
0.428501
0.428110
0.428188
0.427640
0.427327
0.426858
0.426936
0.426701
0.426232
0.425762
0.425371
0.424901
0.424823
0.424588
0.424431
0.424040
0.423884
0.423414
0.423336
0.422944
0.422788
0.422396
0.422083
0.421692
0.421614
0.420831
0.420596
0.420283
0.419814
0.419500
0.419266
0.419187
0.418874
0.418483
0.418170
0.417622
0.417778
0.417544
0.417152
0.417074
0.416526
0.416135
0.415743
0.415509
0.415352
0.415352
0.414883
0.414569
0.414256
0.413865
0.413474
0.413161
0.412691
0.412456
0.412300
0.411987
0.411595
0.411360
0.410969
0.410578
0.410421
0.410186
0.409795
0.409482
0.409091
0.409091
0.408543
0.408386
0.407995
0.407447
0.407369
0.406899
0.406821
0.406429
0.406273
0.405881
0.405725
0.405255
0.405021
0.404864
0.404003
0.403846
0.403846
0.403690
0.403142
0.402986
0.402986
0.402438
0.402281
0.401577
0.401342
0.401264
0.400716
0.400559
0.400011
0.399385
0.399542
0.398915
0.398446
0.397976
0.397820
0.397428
0.397037
0.396959
0.396959
0.396646
0.396333
0.395941
0.395472
0.395080
0.394924
0.394845
0.394454
0.393984
0.394063
0.393593
0.393358
0.393280
0.392341
0.392263
0.391949
0.391871
0.391558
0.391088
0.391010
0.390619
0.390306
0.390228
0.389523
0.389445
0.388740
0.388662
0.388584
0.388271
0.388114
0.387645
0.387332
0.387097
0.386314
0.386314
0.386001
0.385297
0.385140
0.385062
0.384749
0.384436
0.384436
0.383888
0.383418
0.383340
0.383027
0.382401
0.382244
0.382322
0.381696
0.381383
0.380992
0.380600
0.380209
0.379896
0.379896
0.379348
0.378957
0.378878
0.378565
0.378331
0.377783
0.377313
0.376765
0.376296
0.376139
0.375982
0.375513
0.375356
0.375278
0.374887
0.374417
0.373791
0.373713
0.373478
0.373321
0.372930
0.372617
0.372539
0.371834
0.371678
0.371051
0.370738
0.370347
0.370034
0.369877
0.369329
0.368860
0.368625
0.368469
0.367842
0.367451
0.367216
0.367060
0.366668
0.366512
0.366277
0.365886
0.365338
0.365181
0.364790
0.364555
0.364085
0.363694
0.363459
0.363224
0.362755
0.362755
0.362363
0.361816
0.361503
0.360798
0.360798
0.360328
0.359781
0.359233
0.359311
0.358763
0.358293
0.358137
0.357824
0.357824
0.357511
0.356806
0.356572
0.356337
0.356102
0.355789
0.355632
0.355241
0.354693
0.354223
0.353910
0.353754
0.353362
0.353362
0.353128
0.352658
0.352345
0.352110
0.351719
0.351327
0.350701
0.350388
0.350232
0.349997
0.349997
0.349292
0.349136
0.348588
0.348197
0.347805
0.347805
0.347414
0.347179
0.346788
0.346475
0.346240
0.345849
0.345692
0.345379
0.344909
0.344518
0.344127
0.343735
0.343579
0.343187
0.342796
0.342326
0.342170
0.341857
0.341465
0.341231
0.340918
0.340291
0.340057
0.339900
0.339744
0.339196
0.338726
0.338569
0.338256
0.337943
0.337787
0.337395
0.337317
0.336848
0.336691
0.335987
0.335830
0.335517
0.335047
0.334891
0.334499
0.334343
0.334108
0.333638
0.333169
0.333012
0.332543
0.332073
0.332151
0.331603
0.331134
0.331056
0.331056
0.330821
0.330351
0.330038
0.329803
0.329647
0.328942
0.328786
0.328473
0.328003
0.327847
0.327377
0.326986
0.326986
0.326751
0.326281
0.325968
0.325811
0.325264
0.325264
0.324951
0.324403
0.324090
0.323855
0.323542
0.322994
0.322837
0.322681
0.322524
0.322133
0.322055
0.321507
0.321037
0.320959
0.320333
0.319863
0.319237
0.319472
0.319080
0.318532
0.318689
0.318141
0.317906
0.317515
0.317437
0.316810
0.316654
0.316106
0.316028
0.315636
0.315402
0.315089
0.314619
0.314541
0.314071
0.313680
0.313445
0.313132
0.312975
0.312271
0.311723
0.311801
0.311566
0.311097
0.310940
0.310471
0.310236
0.309610
0.309531
0.309218
0.308749
0.308357
0.308044
0.307653
0.307496
0.307027
0.306870
0.306479
0.306088
0.306009
0.305540
0.305070
0.304600
0.304757
0.304287
0.303974
0.303661
0.303348
0.302957
0.302722
0.302487
0.302174
0.301626
0.301391
0.300843
0.300061
0.300139
0.299669
0.299435
0.298887
0.298808
0.298339
0.298026
0.297791
0.297321
0.297008
0.296852
0.296539
0.296226
0.295756
0.295286
0.294895
0.294895
0.294817
0.293877
0.293799
0.293564
0.293330
0.292938
0.292625
0.292390
0.291999
0.291764
0.291216
0.290512
0.290434
0.290042
0.289807
0.289416
0.289103
0.288477
0.288242
0.288085
0.287459
0.287068
0.286755
0.286598
0.286285
0.286050
0.285503
0.285111
0.284642
0.284329
0.284172
0.284015
0.283624
0.283389
0.282998
0.282528
0.282293
0.281824
0.281511
0.281198
0.280728
0.280337
0.280024
0.279945
0.279554
0.279163
0.278693
0.278223
0.277989
0.277597
0.277362
0.276815
0.276736
0.276502
0.276110
0.275562
0.275171
0.274858
0.274310
0.274075
0.273684
0.273292
0.272901
0.272745
0.272275
0.271962
0.271649
0.271101
0.270866
0.270396
0.270083
0.270083
0.269457
0.269222
0.269066
0.268596
0.267970
0.267814
0.267422
0.267422
0.266953
0.266796
0.266248
0.266092
0.265622
0.264996
0.264839
0.264135
0.264135
0.263665
0.263509
0.263196
0.263039
0.262726
0.262178
0.261943
0.261239
0.260848
0.260613
0.260378
0.259595
0.259674
0.259126
0.258813
0.258186
0.258343
0.257952
0.257325
0.256856
0.256778
0.256308
0.255995
0.255838
0.255525
0.254977
0.254743
0.254508
0.253882
0.253803
0.253490
0.252864
0.252942
0.252551
0.252081
0.251533
0.251377
0.251142
0.250438
0.250125
0.249890
0.249733
0.249342
0.249029
0.248403
0.248403
0.248011
0.247777
0.247463
0.246994
0.246524
0.246446
0.245976
0.245507
0.245350
0.244959
0.244567
0.244254
0.243863
0.243315
0.243393
0.243080
0.242767
0.242376
0.241828
0.241828
0.241437
0.241045
0.240732
0.240184
0.239793
0.239558
0.239010
0.238384
0.238071
0.237836
0.237680
0.237523
0.236897
0.236662
0.236427
0.235879
0.235645
0.235801
0.235253
0.234705
0.234471
0.234079
0.233844
0.233375
0.233062
0.232905
0.232592
0.232123
0.232123
0.231888
0.231496
0.230792
0.230635
0.230166
0.230088
0.230009
0.229461
0.229070
0.228444
0.228366
0.228053
0.227818
0.227348
0.226722
0.226722
0.226644
0.225783
0.225626
0.225235
0.225313
0.224452
0.224609
0.223904
0.223591
0.223043
0.222730
0.222417
0.222574
0.221947
0.221947
0.221165
0.220617
0.220304
0.220069
0.219756
0.219051
0.218738
0.218269
0.218191
0.217956
0.217721
0.217016
0.216625
0.216390
0.215999
0.215686
0.215295
0.214668
0.214590
0.214434
0.213886
0.213573
0.213260
0.213260
0.212868
0.212399
0.212007
0.211851
0.211851
0.211381
0.210833
0.210364
0.209972
0.209737
0.209424
0.209111
0.208798
0.208250
0.208015
0.207624
0.207076
0.207076
0.206528
0.206294
0.205824
0.205667
0.205276
0.204806
0.204650
0.204102
0.203711
0.203084
0.202693
0.202380
0.202458
0.202145
0.201597
0.201128
0.200815
0.200423
0.199954
0.199641
0.199328
0.198936
0.198858
0.197919
0.197840
0.197527
0.197449
0.196745
0.195962
0.195805
0.195492
0.195649
0.194866
0.194710
0.194318
0.193849
0.193536
0.192988
0.192675
0.191892
0.191735
0.191501
0.191266
0.190874
0.190405
0.189935
0.189309
0.188918
0.188683
0.188370
0.188135
0.187744
0.187509
0.186961
0.186491
0.186100
0.185630
0.185317
0.184926
0.184769
0.184221
0.183908
0.183830
0.183047
0.182578
0.182343
0.182030
0.181482
0.181325
0.180934
0.180543
0.180073
0.179760
0.179369
0.179134
0.178821
0.178116
0.177882
0.177412
0.177177
0.176786
0.176394
0.176003
0.175768
0.175299
0.174907
0.174438
0.174203
0.173968
0.173577
0.173107
0.172716
0.172716
0.172168
0.171777
0.171307
0.170837
0.170446
0.170055
0.169898
0.169350
0.168724
0.168411
0.168411
0.167941
0.167315
0.167080
0.166689
0.166532
0.166376
0.166063
0.165437
0.164967
0.164419
0.164341
0.164106
0.163323
0.163402
0.163089
0.163010
0.162541
0.162071
0.161523
0.161288
0.160740
0.160114
0.159645
0.159488
0.159253
0.158549
0.158392
0.157923
0.157375
0.157297
0.156592
0.156436
0.155809
0.155731
0.155183
0.154870
0.154635
0.154479
0.153853
0.153461
0.153305
0.152757
0.152287
0.152053
0.152053
0.151192
0.150800
0.150722
0.150096
0.149861
0.149391
0.148687
0.148374
0.148530
0.148061
0.147591
0.147200
0.146887
0.146495
0.146261
0.145634
0.145321
0.144930
0.144695
0.144460
0.144069
0.143443
0.143365
0.142738
0.142738
0.141956
0.141564
0.141251
0.140860
0.140703
0.139921
0.139999
0.139529
0.139138
0.138668
0.138434
0.138199
0.137573
0.137573
0.137103
0.136712
0.136242
0.136007
0.135616
0.135538
0.135225
0.134442
0.134285
0.133894
0.133424
0.132876
0.132798
0.132485
0.132172
0.131702
0.131546
0.131233
0.130920
0.130450
0.130059
0.129433
0.129041
0.128650
0.128650
0.128180
0.127711
0.127163
0.126928
0.126693
0.126302
0.125754
0.125284
0.125049
0.124658
0.124502
0.123954
0.123562
0.123093
0.122780
0.122388
0.121919
0.121684
0.121371
0.120979
0.120588
0.119962
0.119962
0.119258
0.118866
0.118397
0.118083
0.117614
0.117066
0.117066
0.116518
0.116205
0.115657
0.115187
0.114874
0.114327
0.113622
0.113622
0.112996
0.112683
0.112370
0.112213
0.111587
0.111117
0.110883
0.110335
0.109865
0.109630
0.109082
0.108769
0.108535
0.108065
0.107595
0.107595
0.106891
0.106186
0.105952
0.105873
0.105639
0.105091
0.104778
0.104386
0.103838
0.103604
0.103056
0.102586
0.101960
0.101725
0.101569
0.101099
0.100629
0.099925
0.099768
0.099142
0.098594
0.098359
0.097655
0.097264
0.096951
0.096716
0.096638
0.096090
0.095777
0.095463
0.094524
0.094133
0.093976
0.093507
0.093428
0.093115
0.092646
0.092098
0.091628
0.091472
0.090846
0.090141
0.089906
0.089985
0.089437
0.088732
0.088341
0.088028
0.087637
0.087245
0.086462
0.086228
0.085601
0.085601
0.085288
0.084975
0.084427
0.084114
0.083723
0.083175
0.082706
0.082001
0.081845
0.082001
0.081218
0.080592
0.080201
0.079731
0.079105
0.078557
0.077853
0.077540
0.076992
0.076914
0.076287
0.076131
0.075740
0.075661
0.074644
0.074174
0.073704
0.073470
0.073157
0.072687
0.072217
0.071826
0.071669
0.071043
0.070574
0.070182
0.069556
0.069165
0.068852
0.068539
0.068147
0.067521
0.067208
0.066660
0.066112
0.065721
0.065095
0.064703
0.064234
0.064077
0.063529
0.063373
0.062982
0.062590
0.062277
0.061494
0.060947
0.060868
0.060320
0.059929
0.059225
0.058990
0.058520
0.057972
0.057346
0.057033
0.056642
0.056172
0.056094
0.055468
0.055389
0.054920
0.054607
0.053824
0.053433
0.052885
0.052415
0.052024
0.052259
0.051241
0.051085
0.050928
0.050537
0.049754
0.049050
0.048345
0.047954
0.047719
0.047406
0.047249
0.046623
0.046075
0.045840
0.045371
0.044901
0.044275
0.043649
0.043571
0.043023
0.042710
0.042475
0.042083
0.041536
0.041223
0.040518
0.039579
0.039266
0.038796
0.038327
0.038013
0.037622
0.037152
0.036683
0.036448
0.036057
0.035352
0.034883
0.034961
0.034178
0.033709
0.033474
0.033239
0.032769
0.031674
0.031595
0.030734
0.030421
0.030108
0.029717
0.029247
0.029012
0.028621
0.027995
0.027604
0.027212
0.026586
0.026038
0.025960
0.025255
0.024942
0.024786
0.024160
0.023768
0.023142
0.022829
0.022594
0.021890
0.021342
0.020951
0.020638
0.019777
0.019620
0.018916
0.018603
0.018055
0.017272
0.016881
0.016254
0.016254
0.015628
0.015237
0.014689
0.014298
0.013906
0.013202
0.012889
0.012419
0.011793
0.011480
0.011167
0.010776
0.010306
0.009602
0.009132
0.008819
0.008584
0.007801
0.007332
0.006862
0.006706
0.006392
0.005845
0.005062
0.004671
0.004357
0.003653
0.003183
0.003105
0.002557
0.002009
0.001853
0.001383
0.000522
0.000444
-0.000417
-0.000808
-0.001278
-0.001748
-0.001904
-0.002295
-0.002922
-0.003391
-0.003861
-0.004722
-0.004722
-0.005270
-0.005974
-0.006366
-0.006600
-0.007070
-0.007461
-0.008087
-0.008714
-0.009183
-0.009809
-0.010436
-0.010905
-0.011297
-0.011923
-0.012236
-0.012705
-0.013097
-0.013879
-0.014427
-0.014819
-0.015210
-0.015680
-0.016462
-0.017010
-0.017323
-0.017636
-0.018263
-0.018967
-0.019515
-0.019984
-0.020454
-0.021080
-0.021785
-0.022333
-0.022646
-0.022724
-0.023507
-0.024289
-0.024994
-0.025307
-0.025620
-0.026168
-0.026637
-0.027420
-0.027498
-0.027968
-0.028516
-0.029690
-0.030003
-0.030551
-0.031412
-0.031568
-0.032116
-0.032821
-0.033134
-0.033290
-0.033916
-0.034777
-0.035325
-0.035560
-0.036186
-0.036656
-0.037126
-0.037987
-0.038534
-0.038613
-0.039239
-0.040178
-0.041117
-0.041587
-0.042135
-0.042448
-0.042996
-0.043465
-0.043778
-0.044483
-0.044874
-0.045735
-0.046361
-0.046909
-0.047770
-0.048005
-0.048553
-0.049179
-0.049884
-0.050275
-0.050744
-0.051840
-0.052545
-0.053014
-0.053406
-0.054032
-0.054971
-0.055284
-0.055441
-0.056380
-0.056771
-0.057710
-0.058258
-0.058728
-0.059119
-0.059511
-0.060450
-0.060841
-0.061467
-0.061781
-0.062485
-0.063268
-0.064598
-0.064911
-0.065537
-0.065929
-0.066320
-0.066790
-0.067416
-0.068199
-0.068747
-0.069529
-0.070312
-0.070782
-0.071408
-0.072034
-0.072503
-0.073208
-0.073364
-0.073756
-0.074304
-0.075008
-0.075478
-0.076104
-0.076652
-0.077200
-0.077904
-0.078687
-0.079235
-0.079783
-0.080644
-0.081661
-0.082913
-0.082913
-0.083461
-0.084087
-0.084714
-0.085027
-0.085653
-0.086122
-0.086670
-0.087688
-0.088471
-0.089018
-0.089488
-0.090192
-0.090506
-0.091367
-0.091680
-0.092227
-0.093088
-0.093793
-0.094576
-0.095123
-0.095671
-0.095906
-0.096689
-0.097237
-0.097706
-0.098254
-0.098959
-0.099820
-0.100759
-0.101542
-0.101933
-0.102168
-0.102950
-0.103655
-0.104281
-0.104829
-0.105533
-0.106473
-0.107412
-0.108038
-0.108429
-0.108977
-0.109212
-0.110073
-0.110856
-0.111247
-0.112265
-0.113204
-0.114143
-0.114378
-0.115004
-0.115239
-0.115787
-0.116569
-0.117196
-0.117822
-0.118448
-0.119309
-0.120561
-0.121109
-0.121579
-0.121970
-0.122596
-0.122988
-0.123848
-0.124240
-0.124709
-0.125570
-0.126510
-0.127292
-0.128075
-0.128466
-0.128936
-0.129327
-0.130110
-0.130893
-0.131441
-0.132380
-0.133397
-0.134024
-0.134415
-0.135041
-0.135667
-0.136137
-0.136841
-0.137389
-0.137937
-0.138720
-0.139659
-0.140676
-0.141303
-0.141851
-0.141851
-0.142711
-0.143338
-0.144120
-0.144433
-0.145294
-0.145999
-0.147016
-0.147564
-0.148034
-0.148660
-0.148895
-0.149678
-0.150617
-0.151321
-0.152104
-0.152495
-0.153591
-0.154217
-0.155078
-0.155469
-0.155939
-0.156565
-0.157113
-0.157661
-0.158365
-0.159148
-0.160009
-0.161575
-0.161809
-0.162357
-0.162749
-0.163218
-0.163610
-0.164549
-0.165253
-0.166192
-0.166662
-0.167758
-0.168306
-0.168932
-0.169323
-0.170106
-0.170810
-0.171671
-0.172219
-0.172924
-0.173315
-0.174411
-0.175350
-0.176211
-0.176681
-0.176994
-0.177542
-0.178324
-0.178872
-0.179498
-0.180438
-0.181220
-0.182081
-0.182864
-0.183099
-0.183725
-0.184194
-0.184664
-0.185682
-0.186308
-0.187012
-0.187717
-0.188656
-0.189673
-0.190221
-0.190613
-0.191082
-0.191787
-0.192882
-0.193430
-0.194135
-0.194839
-0.195622
-0.196718
-0.196796
-0.197500
-0.197500
-0.198440
-0.199614
-0.200709
-0.201257
-0.201883
-0.202666
-0.203762
-0.204232
-0.204466
-0.205093
-0.205562
-0.206423
-0.207519
-0.207910
-0.208458
-0.209084
-0.209945
-0.211041
-0.211354
-0.211980
-0.212528
-0.212841
-0.213702
-0.214641
-0.215346
-0.215972
-0.217068
-0.217929
-0.218085
-0.218711
-0.219025
-0.219729
-0.220590
-0.221686
-0.222234
-0.223016
-0.223486
-0.224582
-0.224973
-0.225364
-0.225991
-0.226695
-0.227321
-0.228652
-0.228808
-0.229356
-0.230295
-0.231156
-0.231704
-0.232096
-0.232487
-0.232957
-0.233583
-0.234600
-0.235305
-0.235774
-0.236244
-0.236870
-0.237418
-0.237966
-0.238592
-0.239140
-0.239453
-0.240001
-0.241253
-0.241958
-0.242505
-0.243132
-0.243993
-0.244384
-0.244775
-0.245480
-0.245871
-0.246419
-0.247280
-0.247906
-0.248532
-0.248924
-0.249863
-0.250411
-0.250880
-0.251428
-0.251820
-0.252211
-0.253150
-0.253776
-0.254481
-0.255185
-0.255420
-0.255811
-0.256751
-0.257064
-0.257298
-0.257768
-0.258081
-0.259020
-0.259647
-0.260351
-0.260664
-0.261368
-0.261760
-0.262229
-0.262777
-0.263482
-0.263951
-0.264108
-0.265047
-0.265595
-0.265830
-0.266378
-0.266926
-0.267474
-0.267943
-0.268256
-0.269039
-0.269509
-0.270135
-0.271074
-0.271544
-0.271935
-0.272405
-0.273031
-0.273187
-0.273892
-0.274048
-0.274674
-0.274831
-0.275770
-0.276318
-0.276631
-0.276944
-0.277101
-0.277649
-0.278040
-0.278431
-0.278744
-0.278979
-0.279527
-0.280545
-0.280936
-0.281249
-0.282032
-0.282032
-0.282501
-0.283049
-0.283362
-0.283675
-0.284223
-0.284615
-0.285241
-0.285710
-0.285945
-0.286258
-0.286650
-0.286806
-0.287041
-0.287511
-0.287745
-0.288137
-0.288528
-0.288998
-0.289311
-0.290015
-0.290250
-0.290407
-0.290641
-0.290954
-0.291346
-0.291659
-0.292129
-0.292911
-0.293224
-0.293459
-0.293772
-0.293929
-0.294085
-0.294477
-0.294555
-0.294790
-0.295259
-0.295572
-0.295885
-0.296042
-0.296746
-0.296746
-0.296668
-0.297216
-0.297607
-0.297842
-0.298077
-0.298155
-0.298390
-0.298938
-0.299329
-0.299408
-0.299564
-0.299956
-0.300347
-0.300269
-0.300269
-0.300660
-0.301130
-0.301677
-0.301834
-0.301756
-0.302304
-0.302069
-0.302069
-0.302460
-0.302851
-0.302773
-0.302851
-0.303321
-0.303478
-0.303869
-0.303869
-0.304182
-0.304182
-0.304026
-0.304495
-0.304730
-0.304808
-0.304887
-0.304573
-0.304730
-0.305278
-0.305356
-0.305434
-0.305747
-0.306139
-0.305982
-0.305982
-0.306452
-0.306295
-0.306452
-0.306530
-0.306765
-0.306765
-0.306922
-0.306922
-0.307313
-0.307313
-0.307469
-0.307548
-0.307626
-0.307782
-0.307626
-0.307939
-0.308096
-0.307782
-0.308017
-0.307939
-0.307939
-0.308017
-0.308330
-0.308096
-0.308487
-0.308174
-0.308643
-0.308487
-0.308565
-0.308565
-0.308565
-0.308643
-0.308722
-0.308722
-0.308800
-0.308878
-0.308878
-0.308957
-0.309035
-0.309113
-0.309270
-0.309035
-0.308957
-0.308957
-0.308722
-0.308878
-0.309113
-0.308957
-0.309113
-0.308878
-0.308957
-0.309035
-0.308800
-0.308800
-0.308643
-0.308643
-0.308487
-0.308722
-0.308722
-0.308800
-0.308800
-0.308565
-0.308722
-0.309035
-0.308487
-0.308565
-0.308487
-0.308409
-0.308487
-0.308409
-0.308565
-0.308330
-0.308565
-0.308409
-0.308487
-0.308330
-0.308330
-0.308174
-0.308330
-0.308174
-0.308174
-0.308330
-0.308330
-0.308330
-0.308174
-0.308017
-0.308096
-0.307861
-0.307939
-0.307782
-0.307782
-0.307704
-0.308017
-0.307782
-0.307939
-0.307861
-0.307782
-0.307626
-0.307548
-0.307626
-0.307313
-0.307313
-0.307391
-0.307391
-0.307235
-0.307548
-0.307235
-0.307235
-0.306843
-0.306687
-0.306608
-0.306374
-0.306374
-0.306452
-0.306452
-0.306608
-0.306608
-0.306608
-0.306217
-0.306217
-0.305982
-0.305904
-0.305747
-0.305826
-0.305669
-0.305826
-0.306061
-0.305904
-0.305826
-0.305356
-0.305669
-0.305356
-0.305513
-0.305434
-0.305278
-0.305356
-0.305200
-0.304965
-0.305434
-0.305121
-0.304887
-0.304573
-0.304887
-0.304573
-0.304260
-0.304495
-0.304260
-0.304417
-0.304260
-0.304182
-0.304495
-0.304104
-0.304026
-0.304104
-0.304104
-0.303712
-0.303556
-0.303556
-0.303869
-0.303478
-0.303869
-0.303947
-0.303712
-0.303321
-0.303556
-0.303399
-0.303086
-0.303321
-0.303243
-0.303321
-0.303243
-0.303243
-0.302851
-0.303165
-0.302930
-0.302930
-0.302851
-0.302695
-0.302695
-0.302617
-0.302617
-0.302773
-0.302851
-0.302538
-0.302460
-0.302538
-0.302147
-0.302382
-0.302225
-0.301912
-0.302147
-0.302225
-0.302147
-0.302147
-0.301912
-0.302069
-0.301834
-0.301677
-0.301521
-0.301443
-0.301443
-0.301130
-0.301599
-0.301834
-0.301521
-0.301208
-0.301208
-0.301286
-0.301286
-0.301286
-0.301130
-0.300895
-0.301286
-0.301130
-0.301130
-0.301208
-0.301130
-0.300738
-0.300582
-0.300660
-0.300582
-0.300503
-0.300738
-0.300816
-0.300816
-0.300816
-0.300973
-0.300816
-0.300738
-0.300738
-0.300347
-0.300503
-0.300347
-0.300347
-0.300269
-0.300347
-0.300269
-0.300582
-0.300503
-0.300269
-0.300112
-0.300269
-0.300269
-0.300347
-0.300269
-0.300112
-0.300425
-0.300425
-0.300582
-0.300503
-0.300425
-0.300112
-0.300425
-0.300190
-0.300269
-0.300190
-0.299956
-0.300269
-0.300347
-0.300190
-0.300425
-0.300190
-0.299956
-0.300190
-0.300425
-0.300112
-0.300269
-0.300112
-0.300190
-0.300425
-0.300269
-0.300347
-0.300425
-0.300269
-0.300190
-0.300738
-0.300190
-0.300269
-0.300503
-0.300503
-0.300425
-0.300425
-0.300425
-0.300269
-0.300112
-0.300738
-0.300503
-0.300738
-0.300738
-0.300425
-0.300660
-0.300347
-0.300503
-0.300973
-0.300816
-0.300816
-0.300895
-0.300973
-0.300973
-0.301051
-0.301051
-0.301130
-0.301130
-0.301208
-0.301443
-0.301208
-0.301364
-0.301286
-0.301286
-0.301521
-0.301443
-0.301130
-0.301130
-0.301443
-0.301599
-0.301286
-0.301364
-0.301521
-0.301521
-0.301756
-0.301912
-0.301834
-0.301991
-0.301991
-0.301834
-0.301991
-0.301991
-0.302069
-0.301912
-0.302147
-0.302147
-0.302460
-0.302538
-0.302695
-0.302617
-0.302773
-0.302851
-0.302695
-0.302617
-0.302617
-0.302695
-0.302851
-0.302930
-0.303243
-0.303321
-0.303243
-0.303243
-0.303321
-0.303321
-0.303634
-0.303556
-0.303556
-0.303947
-0.304182
-0.304260
-0.304260
-0.304182
-0.303712
-0.304026
-0.304417
-0.304339
-0.304260
-0.304182
-0.304573
-0.304808
-0.305121
-0.304808
-0.304965
-0.304887
-0.305121
-0.304808
-0.305121
-0.305200
-0.305434
-0.305356
-0.305591
-0.305669
-0.305982
-0.305591
-0.305669
-0.305904
-0.306139
-0.306139
-0.306061
-0.306217
-0.306061
-0.306608
-0.306608
-0.306843
-0.306765
-0.306843
-0.306922
-0.307000
-0.307313
-0.307469
-0.307313
-0.307391
-0.307548
-0.307782
-0.307939
-0.308096
-0.308017
-0.307861
-0.307939
-0.308017
-0.308409
-0.308252
-0.308487
-0.308643
-0.308957
-0.309113
-0.309191
-0.309348
-0.309348
-0.309504
-0.309739
-0.309739
-0.309739
-0.309739
-0.310052
-0.310522
-0.310757
-0.310835
-0.310913
-0.310913
-0.311070
-0.310992
-0.310992
-0.311148
-0.311226
-0.311696
-0.311774
-0.311853
-0.312244
-0.312166
-0.312400
-0.312166
-0.312557
-0.312635
-0.312870
-0.312948
-0.313027
-0.313183
-0.313418
-0.313496
-0.313809
-0.313888
-0.313888
-0.314201
-0.314201
-0.314201
-0.314122
-0.314357
-0.314905
-0.314905
-0.315140
-0.315296
-0.315296
-0.315453
-0.315923
-0.315766
-0.315766
-0.315923
-0.316157
-0.316236
-0.316627
-0.316705
-0.316705
-0.316784
-0.316784
-0.317175
-0.317097
-0.317488
-0.317253
-0.317644
-0.317723
-0.317879
-0.318114
-0.318505
-0.318584
-0.318897
-0.318897
-0.319366
-0.319210
-0.319445
-0.319758
-0.319679
-0.319679
-0.320071
-0.320540
-0.320697
-0.320854
-0.321010
-0.321167
-0.321245
-0.321323
-0.321715
-0.321715
-0.321871
-0.322341
-0.322184
-0.322654
-0.322732
-0.323123
-0.323358
-0.323436
-0.323593
-0.323750
-0.324063
-0.323828
-0.324219
-0.324063
-0.324532
-0.324689
-0.324845
-0.325002
-0.325315
-0.325393
-0.325471
-0.325471
-0.325550
-0.325628
-0.325941
-0.326176
-0.326098
-0.326646
-0.326959
-0.327037
-0.327350
-0.327037
-0.327350
-0.327585
-0.327898
-0.328211
-0.328289
-0.328524
-0.328602
-0.328915
-0.329307
-0.329150
-0.329463
-0.329307
-0.329620
-0.329933
-0.329855
-0.330324
-0.330637
-0.330950
-0.330794
-0.331577
-0.331107
-0.331420
-0.331811
-0.331968
-0.332124
-0.332437
-0.332751
-0.332907
-0.333298
-0.333377
-0.333612
-0.333768
-0.334003
-0.334159
-0.334238
-0.334472
-0.334629
-0.334551
-0.334942
-0.335177
-0.335568
-0.335881
-0.335960
-0.336194
-0.336038
-0.336508
-0.336742
-0.336821
-0.337055
-0.337290
-0.337290
-0.337447
-0.337603
-0.337760
-0.338151
-0.338464
-0.338543
-0.338621
-0.338856
-0.339090
-0.339169
-0.339560
-0.340108
-0.340186
-0.340343
-0.340656
-0.340656
-0.341125
-0.341517
-0.341125
-0.341517
-0.341517
-0.341986
-0.342299
-0.342769
-0.342769
-0.342926
-0.343395
-0.343395
-0.343630
-0.343630
-0.343787
-0.343943
-0.344256
-0.344569
-0.344726
-0.345195
-0.345274
-0.345430
-0.345665
-0.345822
-0.346213
-0.346448
-0.346369
-0.346917
-0.346996
-0.347074
-0.347309
-0.347465
-0.347857
-0.348091
-0.348326
-0.348326
-0.348718
-0.349031
-0.349109
-0.348796
-0.349422
-0.349579
-0.349735
-0.349970
-0.350126
-0.350440
-0.350831
-0.350987
-0.350987
-0.351379
-0.351535
-0.352161
-0.352083
-0.352005
-0.352396
-0.352631
-0.352944
-0.352944
-0.353257
-0.353492
-0.353962
-0.354040
-0.354275
-0.354510
-0.354666
-0.354666
-0.355449
-0.355527
-0.355762
-0.355684
-0.355840
-0.356075
-0.356545
-0.356779
-0.356936
-0.357171
-0.357406
-0.357406
-0.357406
-0.357875
-0.358110
-0.358345
-0.358501
-0.359049
-0.358971
-0.359206
-0.359597
-0.359988
-0.360067
-0.360458
-0.360771
-0.361241
-0.361319
-0.361867
-0.362023
-0.362493
-0.362415
-0.362728
-0.363198
-0.363432
-0.363354
-0.363745
-0.363745
-0.364372
-0.364450
-0.364841
-0.364841
-0.365467
-0.365311
-0.365702
-0.365937
-0.366015
-0.366563
-0.366798
-0.366876
-0.367268
-0.367111
-0.367502
-0.367581
-0.368128
-0.368285
-0.368442
-0.368833
-0.368755
-0.368676
-0.369146
-0.369224
-0.369772
-0.369929
-0.370320
-0.370555
-0.370790
-0.371181
-0.371494
-0.371572
-0.371729
-0.372042
-0.372199
-0.372355
-0.372668
-0.372903
-0.373294
-0.373529
-0.373842
-0.374312
-0.374155
-0.374312
-0.374781
-0.374860
-0.375016
-0.375564
-0.375486
-0.375877
-0.376269
-0.376269
-0.376425
-0.376816
-0.377051
-0.377208
-0.377599
-0.377521
-0.378069
-0.378225
-0.378382
-0.378617
-0.378851
-0.379399
-0.379399
-0.380026
-0.379947
-0.380260
-0.380104
-0.380652
-0.381278
-0.381513
-0.381434
-0.382139
-0.382295
-0.382217
-0.382608
-0.383078
-0.383313
-0.383313
-0.383704
-0.383782
-0.383782
-0.384174
-0.384643
-0.384878
-0.385035
-0.385348
-0.385583
-0.385817
-0.385974
-0.386365
-0.386600
-0.386678
-0.386913
-0.387305
-0.387461
-0.387774
-0.388087
-0.388479
-0.388635
-0.388870
-0.389105
-0.389653
-0.389653
-0.389731
-0.390357
-0.390357
-0.390748
-0.390748
-0.391375
-0.391453
-0.391609
-0.391923
-0.392001
-0.392549
-0.392705
-0.393097
-0.393253
-0.393175
-0.394036
-0.394036
-0.394427
-0.394662
-0.395053
-0.395210
-0.395210
-0.395758
-0.396149
-0.396149
-0.396619
-0.396932
-0.396619
-0.396854
-0.397480
-0.397636
-0.398028
-0.398341
-0.398419
-0.398341
-0.398889
-0.399202
-0.399436
-0.399984
-0.400141
-0.400219
-0.400689
-0.401237
-0.401706
-0.401785
-0.401941
-0.402489
-0.402802
-0.402489
-0.402880
-0.403350
-0.403663
-0.404054
-0.404367
-0.404759
-0.404759
-0.404915
-0.405307
-0.405072
-0.405698
-0.405855
-0.406168
-0.406246
-0.406716
-0.407107
-0.407263
-0.407576
-0.407655
-0.408203
-0.408046
-0.408594
-0.408907
-0.409064
-0.409611
-0.409690
-0.409690
-0.410159
-0.410394
-0.410786
-0.411177
-0.411412
-0.411647
-0.411647
-0.412038
-0.412116
-0.412586
-0.412742
-0.413368
-0.413525
-0.413603
-0.414229
-0.414386
-0.414542
-0.414856
-0.415247
-0.415169
-0.415560
-0.415717
-0.415717
-0.416108
-0.416499
-0.416812
-0.417360
-0.417360
-0.417752
-0.418065
-0.417908
-0.418221
-0.418769
-0.418847
-0.419160
-0.419239
-0.419630
-0.419865
-0.420178
-0.420804
-0.420726
-0.420961
-0.421274
-0.421665
-0.422056
-0.421900
-0.422369
-0.422761
-0.422917
-0.423309
-0.423387
-0.423622
-0.424170
-0.424404
-0.424483
-0.424561
-0.425265
-0.425657
-0.425892
-0.426048
-0.426361
-0.426361
-0.426518
-0.427144
-0.427614
-0.427692
-0.428005
-0.428161
-0.428475
-0.428709
-0.428866
-0.429257
-0.429414
-0.430040
-0.429883
-0.430588
-0.430431
-0.430744
-0.431057
-0.431918
-0.431918
-0.432466
-0.432075
-0.432310
-0.432701
-0.432936
-0.433327
-0.433562
-0.433640
-0.434032
-0.434580
-0.434658
-0.434893
-0.435127
-0.434971
-0.435519
-0.435832
-0.436223
-0.436380
-0.436615
-0.437084
-0.437084
-0.437476
-0.437632
-0.437867
-0.438023
-0.438337
-0.438728
-0.438963
-0.439276
-0.439354
-0.439980
-0.440528
-0.440606
-0.440763
-0.441311
-0.441780
-0.441859
-0.442015
-0.442328
-0.442798
-0.443346
-0.443189
-0.443189
-0.443737
-0.443972
-0.444442
-0.444598
-0.444911
-0.445303
-0.445537
-0.445850
-0.446085
-0.446477
-0.446711
-0.446790
-0.447024
-0.447181
-0.447416
-0.447807
-0.448042
-0.448433
-0.448590
-0.448825
-0.449138
-0.449373
-0.449607
-0.449920
-0.450234
-0.450547
-0.450860
-0.451408
-0.451486
-0.451642
-0.451799
-0.452347
-0.452660
-0.452895
-0.452895
-0.453129
-0.453677
-0.454147
-0.454147
-0.454538
-0.454930
-0.455086
-0.455321
-0.455791
-0.455791
-0.456025
-0.456495
-0.456573
-0.457043
-0.457121
-0.457513
-0.457904
-0.458295
-0.458530
-0.458530
-0.458765
-0.458765
-0.459235
-0.459626
-0.459939
-0.459939
-0.460487
-0.460878
-0.461270
-0.461661
-0.461348
-0.462131
-0.462209
-0.462287
-0.462444
-0.462913
-0.463226
-0.463539
-0.463852
-0.464087
-0.464400
-0.464948
-0.465261
-0.465731
-0.465653
-0.465809
-0.466514
-0.466514
-0.466748
-0.467140
-0.467453
-0.467766
-0.467922
-0.468157
-0.468470
-0.468783
-0.469018
-0.469253
-0.469644
-0.469957
-0.470271
-0.470505
-0.470818
-0.471132
-0.471288
-0.471523
-0.471993
-0.472227
-0.472384
-0.472775
-0.473010
-0.473636
-0.473636
-0.473871
-0.474106
-0.474654
-0.474967
-0.475436
-0.475593
-0.475358
-0.475906
-0.476063
-0.476610
-0.476767
-0.477315
-0.477706
-0.478176
-0.478332
-0.478411
-0.478802
-0.479037
-0.479506
-0.479506
-0.479819
-0.479663
-0.480211
-0.480680
-0.480837
-0.481150
-0.481541
-0.482246
-0.482402
-0.482637
-0.483029
-0.483263
-0.483420
-0.483420
-0.483498
-0.484203
-0.484281
-0.484672
-0.484907
-0.485220
-0.485220
-0.486003
-0.485846
-0.486472
-0.486786
-0.487177
-0.487255
-0.487568
-0.487725
-0.487881
-0.487881
-0.488273
-0.488742
-0.489368
-0.489603
-0.489838
-0.490151
-0.490542
-0.490699
-0.490856
-0.491247
-0.491482
-0.491560
-0.492343
-0.492421
-0.492812
-0.493125
-0.493595
-0.493673
-0.493986
-0.494221
-0.494534
-0.494769
-0.495160
-0.495473
-0.495552
-0.496021
-0.496178
-0.496491
-0.497117
-0.497274
-0.497508
-0.498135
-0.498135
-0.498213
-0.498917
-0.498839
-0.498996
-0.499230
-0.500013
-0.500170
-0.500404
-0.500718
-0.500952
-0.501187
-0.501422
-0.502205
-0.502126
-0.502361
-0.502987
-0.503144
-0.503535
-0.503457
-0.504005
-0.504005
-0.504709
-0.504866
-0.505492
-0.505649
-0.505805
-0.506196
-0.506040
-0.506353
-0.506823
-0.507370
-0.507605
-0.507997
-0.508231
-0.508310
-0.508701
-0.508701
-0.509171
-0.509405
-0.509640
-0.510032
-0.510501
-0.510501
-0.511049
-0.511597
-0.511675
-0.511832
-0.512223
-0.512301
-0.513084
-0.513084
-0.513162
-0.513632
-0.513632
-0.514023
-0.514258
-0.514336
-0.515197
-0.515119
-0.515667
-0.515980
-0.516215
-0.516606
-0.516606
-0.516919
-0.517389
-0.517702
-0.517937
-0.518172
-0.518641
-0.518641
-0.519581
-0.519581
-0.519581
-0.520128
-0.520755
-0.520755
-0.520911
-0.521302
-0.521537
-0.521772
-0.522477
-0.522790
-0.523181
-0.523181
-0.523729
-0.523964
-0.523964
-0.524355
-0.524512
-0.524825
-0.525216
-0.525294
-0.525920
-0.525920
-0.526155
-0.526625
-0.526860
-0.527173
-0.527408
-0.527799
-0.527955
-0.528582
-0.528660
-0.528895
-0.528816
-0.529208
-0.529677
-0.529756
-0.530382
-0.530695
-0.530930
-0.531243
-0.531634
-0.532104
-0.532339
-0.532417
-0.532808
-0.532730
-0.533278
-0.533356
-0.533904
-0.534060
-0.534217
-0.534687
-0.534921
-0.535000
-0.535391
-0.535548
-0.535704
-0.536095
-0.536800
-0.536643
-0.536956
-0.537504
-0.537739
-0.537739
-0.538287
-0.538678
-0.538757
-0.538835
-0.539148
-0.539539
-0.539852
-0.540009
-0.540479
-0.540870
-0.541183
-0.541418
-0.541574
-0.542044
-0.541966
-0.542435
-0.542514
-0.542983
-0.543061
-0.543531
-0.543531
-0.543922
-0.544392
-0.544940
-0.545018
-0.545097
-0.545253
-0.545801
-0.546271
-0.546505
-0.546584
-0.546975
-0.546975
-0.547366
-0.547758
-0.547836
-0.548227
-0.548540
-0.548853
-0.549010
-0.549401
-0.549480
-0.549793
-0.549949
-0.550497
-0.550810
-0.551280
-0.551436
-0.551828
-0.551906
-0.552297
-0.552689
-0.552767
-0.553158
-0.553080
-0.553237
-0.553784
-0.554019
-0.554254
-0.554567
-0.554880
-0.555193
-0.555663
-0.555819
-0.555976
-0.556446
-0.556680
-0.556837
-0.557072
-0.557307
-0.557933
-0.558089
-0.558559
-0.558559
-0.558715
-0.558950
-0.559498
-0.559811
-0.560437
-0.560750
-0.561064
-0.561220
-0.561455
-0.561925
-0.561925
-0.562551
-0.562707
-0.563020
-0.563490
-0.563725
-0.563960
-0.564194
-0.564742
-0.564586
-0.565290
-0.565290
-0.565447
-0.565681
-0.566229
-0.566073
-0.566699
-0.566934
-0.567325
-0.567560
-0.567873
-0.568108
-0.568577
-0.568421
-0.568734
-0.569360
-0.569438
-0.569595
-0.570065
-0.570378
-0.570612
-0.571004
-0.571317
-0.571630
-0.571708
-0.572178
-0.572491
-0.572569
-0.572804
-0.573274
-0.573508
-0.573822
-0.574448
-0.574761
-0.574604
-0.575230
-0.575309
-0.575465
-0.575935
-0.576483
-0.576483
-0.576952
-0.577187
-0.577657
-0.577813
-0.577970
-0.578596
-0.578831
-0.578831
-0.579379
-0.579692
-0.579613
-0.580083
-0.580474
-0.580866
-0.581257
-0.581335
-0.581805
-0.581962
-0.582431
-0.582666
-0.582588
-0.583214
-0.583370
-0.583997
-0.584075
-0.584466
-0.584623
-0.585092
-0.585171
-0.585640
-0.585797
-0.585953
-0.586345
-0.586971
-0.587049
-0.587206
-0.587206
-0.587675
-0.587910
-0.588067
-0.588536
-0.588771
-0.589162
-0.589319
-0.589710
-0.590258
-0.590336
-0.590728
-0.590963
-0.591276
-0.591902
-0.592137
-0.592371
-0.592215
-0.592685
-0.592919
-0.593546
-0.594093
-0.594485
-0.594406
-0.595111
-0.595267
-0.595346
-0.595972
-0.596050
-0.596207
-0.596285
-0.596755
-0.597146
-0.597459
-0.597616
-0.598163
-0.598398
-0.598868
-0.599103
-0.599494
-0.599885
-0.599807
-0.600042
-0.600433
-0.600903
-0.601372
-0.601686
-0.602155
-0.602625
-0.602547
-0.603094
-0.603564
-0.603799
-0.603877
-0.604268
-0.604425
-0.605051
-0.605286
-0.605756
-0.606069
-0.606382
-0.606460
-0.606695
-0.606851
-0.607243
-0.607399
-0.607869
-0.608104
-0.608573
-0.608730
-0.608965
-0.609199
-0.609513
-0.609669
-0.610139
-0.610217
-0.610843
-0.611313
-0.611704
-0.611548
-0.611861
-0.612487
-0.612722
-0.613035
-0.613035
-0.613661
-0.613583
-0.614287
-0.614287
-0.614209
-0.614678
-0.614835
-0.615461
-0.615539
-0.615774
-0.616009
-0.616479
-0.616713
-0.617105
-0.617418
-0.617653
-0.618200
-0.618435
-0.618592
-0.618748
-0.619061
-0.619375
-0.619766
-0.619922
-0.620470
-0.620627
-0.620940
-0.621253
-0.621566
-0.621879
-0.621957
-0.622584
-0.622897
-0.623131
-0.623131
-0.623758
-0.624071
-0.624227
-0.624697
-0.624853
-0.625166
-0.625558
-0.625871
-0.626262
-0.626341
-0.626732
-0.627045
-0.627358
-0.627749
-0.627906
-0.628141
-0.628610
-0.628767
-0.629002
-0.629315
-0.629471
-0.630176
-0.630254
-0.630332
-0.630880
-0.631350
-0.631506
-0.631898
-0.632054
-0.632446
-0.632680
-0.633072
-0.633385
-0.633620
-0.633854
-0.634168
-0.634481
-0.634637
-0.634950
-0.634950
-0.635420
-0.635655
-0.635733
-0.635968
-0.636437
-0.636750
-0.636829
-0.637142
-0.637298
-0.637611
-0.637924
-0.638003
-0.638472
-0.638707
-0.638785
-0.639255
-0.639568
-0.640038
-0.640351
-0.640664
-0.640742
-0.641368
-0.641368
-0.641995
-0.642308
-0.642621
-0.643012
-0.643090
-0.643247
-0.643638
-0.644030
-0.644186
-0.644499
-0.644656
-0.645125
-0.645360
-0.645438
-0.645986
-0.645986
-0.646769
-0.647004
-0.647317
-0.647395
-0.647630
-0.648178
-0.648256
-0.648882
-0.649039
-0.649430
