-0.533826
-0.534060
-0.534452
-0.534843
-0.534921
-0.535000
-0.535391
-0.535391
-0.535704
-0.536017
-0.536252
-0.536800
-0.536956
-0.537583
-0.537661
-0.537817
-0.538287
-0.538678
-0.538678
-0.539070
-0.539305
-0.539774
-0.539852
-0.540244
-0.540713
-0.540870
-0.541026
-0.541183
-0.541418
-0.542044
-0.541887
-0.542201
-0.542827
-0.543140
-0.543296
-0.543688
-0.543922
-0.543844
-0.544392
-0.544862
-0.544862
-0.545253
-0.545410
-0.545488
-0.545801
-0.546114
-0.546584
-0.546505
-0.546662
-0.547445
-0.547445
-0.547679
-0.547992
-0.548462
-0.548697
-0.549245
-0.549323
-0.549558
-0.549714
-0.549793
-0.550106
-0.550419
-0.551045
-0.551515
-0.551358
-0.552063
-0.552141
-0.552532
-0.552845
-0.552845
-0.553237
-0.553550
-0.554019
-0.554567
-0.554802
-0.554880
-0.554958
-0.555428
-0.555585
-0.555741
-0.556289
-0.556367
-0.556837
-0.556994
-0.557307
-0.557698
-0.557541
-0.558168
-0.558559
-0.558559
-0.559185
-0.559342
-0.559420
-0.560124
-0.560124
-0.560437
-0.560985
-0.561220
-0.561611
-0.561846
-0.562394
-0.562472
-0.562785
-0.563333
-0.563568
-0.563725
-0.564351
-0.564273
-0.564899
-0.564820
-0.565134
-0.565603
-0.565916
-0.566151
-0.566542
-0.566934
-0.567403
-0.567169
-0.567482
-0.567951
-0.568030
-0.568499
-0.568421
-0.568891
-0.569204
-0.569360
-0.569595
-0.569986
-0.570378
-0.571004
-0.570926
-0.571395
-0.571787
-0.571630
-0.572256
-0.572334
-0.572961
-0.573117
-0.573352
-0.573665
-0.574213
-0.574291
-0.574996
-0.575230
-0.575387
-0.575700
-0.576013
-0.576248
-0.576796
-0.577031
-0.577187
-0.577500
-0.577578
-0.578048
-0.578361
-0.578596
-0.578831
-0.578909
-0.579300
-0.579613
-0.580161
-0.580318
-0.580631
-0.580788
-0.581179
-0.581335
-0.581962
-0.582118
-0.582275
-0.582588
-0.582979
-0.583370
-0.583449
-0.583840
-0.584231
-0.584701
-0.585092
-0.585092
-0.585719
-0.585875
-0.586188
-0.586658
-0.586814
-0.587049
-0.587284
-0.587832
-0.587832
-0.588458
-0.588615
-0.588536
-0.589006
-0.589475
-0.589789
-0.590180
-0.590102
-0.590884
-0.590806
-0.591119
-0.591824
-0.591667
-0.592371
-0.592293
-0.592685
-0.593311
-0.593546
-0.593546
-0.594093
-0.594406
-0.594720
-0.594876
-0.595033
-0.595502
-0.595424
-0.595972
-0.596441
-0.596363
-0.596989
-0.597224
-0.597694
-0.597459
-0.598085
-0.598242
-0.598790
-0.599103
-0.599181
-0.599651
-0.600120
-0.600668
-0.600590
-0.600825
-0.601372
-0.601764
-0.602077
-0.602625
-0.602781
-0.603329
-0.603799
-0.603721
-0.603877
-0.604190
-0.604425
-0.604660
-0.605051
-0.605364
-0.605677
-0.606303
-0.606460
-0.606695
-0.607008
-0.607243
-0.607399
-0.607556
-0.608104
-0.608495
-0.608573
-0.609043
-0.609356
-0.609669
-0.609826
-0.610139
-0.610687
-0.610843
-0.611156
-0.611469
-0.611861
-0.612095
-0.612252
-0.612330
-0.612409
-0.613035
-0.613269
-0.613739
-0.614287
-0.614287
-0.614600
-0.614913
-0.615305
-0.615539
-0.615852
-0.616165
-0.616322
-0.616557
-0.616870
-0.616948
-0.617340
-0.617653
-0.617966
-0.618122
-0.618827
-0.618827
-0.618827
-0.619296
-0.619609
-0.620001
-0.620236
-0.620470
-0.620705
-0.621175
-0.621566
-0.621879
-0.622114
-0.622349
-0.622662
-0.623210
-0.623131
-0.623366
-0.623758
-0.624306
-0.624384
-0.624227
-0.624697
-0.625088
-0.625714
-0.626027
-0.626262
-0.626262
-0.626497
-0.626732
-0.626732
-0.627358
-0.627671
-0.627828
-0.628219
-0.628376
-0.628767
-0.629315
-0.629393
-0.629706
-0.630019
-0.630019
-0.630645
-0.630802
-0.631115
-0.631585
-0.632054
-0.632211
-0.632289
-0.632446
-0.633072
-0.633620
-0.633541
-0.633854
-0.633854
-0.634324
-0.634559
-0.634950
-0.635107
-0.635185
-0.635655
-0.636046
-0.636359
-0.636437
-0.637220
-0.637377
-0.637768
-0.638003
-0.638081
-0.638316
-0.638551
-0.638864
-0.639255
-0.639490
-0.639725
-0.640038
-0.640664
-0.640899
-0.641212
-0.641290
-0.641525
-0.642073
-0.642464
-0.642777
-0.642777
-0.643325
-0.643247
-0.643403
-0.643951
-0.644186
-0.644186
-0.644734
-0.645047
-0.645204
-0.645595
-0.646065
-0.646221
-0.645830
-0.646612
-0.647004
-0.647395
-0.647865
-0.647943
-0.648021
-0.648256
-0.648647
-0.648961
-0.649430
-0.649743
-0.649900
-0.650213
-0.650448
-0.650917
-0.651152
-0.651465
-0.651935
-0.652013
-0.652404
-0.652717
-0.653187
-0.653187
-0.653187
-0.653657
-0.654048
-0.654205
-0.654518
-0.654987
-0.655300
-0.655379
-0.655770
-0.656240
-0.656240
-0.656318
-0.656553
-0.656866
-0.656709
-0.656631
-0.656709
-0.657022
-0.656787
-0.656631
-0.656474
-0.656474
-0.656396
-0.656318
-0.656005
-0.656005
-0.655770
-0.655535
-0.655613
-0.655222
-0.654831
-0.654674
-0.654439
-0.654048
-0.654283
-0.653813
-0.653422
-0.653500
-0.653187
-0.652639
-0.652561
-0.652326
-0.651935
-0.651543
-0.651309
-0.651152
-0.650604
-0.650213
-0.650135
-0.649665
-0.649430
-0.648961
-0.648647
-0.648569
-0.648491
-0.647786
-0.647630
-0.647239
-0.646926
-0.646456
-0.646456
-0.646143
-0.645908
-0.645517
-0.645047
-0.644421
-0.644186
-0.644030
-0.643795
-0.643482
-0.642934
-0.642699
-0.642464
-0.641995
-0.641916
-0.641603
-0.640977
-0.640664
-0.640116
-0.639881
-0.639568
-0.639412
-0.639412
-0.639020
-0.638394
-0.638003
-0.637611
-0.637377
-0.637220
-0.637064
-0.636359
-0.636281
-0.635811
-0.635655
-0.635028
-0.635028
-0.634794
-0.634246
-0.634324
-0.633620
-0.633072
-0.632680
-0.632446
-0.631976
-0.631819
-0.631428
-0.631037
-0.630645
-0.630254
-0.630097
-0.629628
-0.629393
-0.629002
-0.628923
-0.628454
-0.628219
-0.627906
-0.627749
-0.627280
-0.626732
-0.626262
-0.625949
-0.625714
-0.625480
-0.625166
-0.624853
-0.624462
-0.624149
-0.623914
-0.623445
-0.623210
-0.622818
-0.622505
-0.622505
-0.622114
-0.621488
-0.621018
-0.620862
-0.620627
-0.620314
-0.620001
-0.619453
-0.618983
-0.618748
-0.618279
-0.618200
-0.617887
-0.617340
-0.617261
-0.617105
-0.616322
-0.616479
-0.616244
-0.615852
-0.615383
-0.614913
-0.614678
-0.614130
-0.613896
-0.613583
-0.613113
-0.612800
-0.612643
-0.612565
-0.611939
-0.611782
-0.611391
-0.610921
-0.610452
-0.610374
-0.610060
-0.609513
-0.609591
-0.609356
-0.608808
-0.608260
-0.608104
-0.607634
-0.607478
-0.607164
-0.606851
-0.606460
-0.605912
-0.605756
-0.605443
-0.605129
-0.604895
-0.604503
-0.604582
-0.603799
-0.603642
-0.603173
-0.602625
-0.602390
-0.602155
-0.601920
-0.601451
-0.600981
-0.600746
-0.600198
-0.599807
-0.599494
-0.599416
-0.599103
-0.598476
-0.598320
-0.597929
-0.597772
-0.597146
-0.596833
-0.596441
-0.596833
-0.595894
-0.595737
-0.595267
-0.595189
-0.594485
-0.594250
-0.594250
-0.593702
-0.593311
-0.592919
-0.592685
-0.592450
-0.591980
-0.591667
-0.591354
-0.591119
-0.590728
-0.590180
-0.590023
-0.589710
-0.589241
-0.589006
-0.588615
-0.588301
-0.587910
-0.587754
-0.587362
-0.587049
-0.586658
-0.586110
-0.586188
-0.585327
-0.585249
-0.584936
-0.584858
-0.584388
-0.583997
-0.583918
-0.583370
-0.583136
-0.582353
-0.582275
-0.582275
-0.582040
-0.581492
-0.580944
-0.580866
-0.580240
-0.580005
-0.579770
-0.579457
-0.579144
-0.579066
-0.578518
-0.578361
-0.578048
-0.577500
-0.576952
-0.576874
-0.576013
-0.576013
-0.575857
-0.575465
-0.575152
-0.574448
-0.574291
-0.574056
-0.573743
-0.573587
-0.573195
-0.573039
-0.572491
-0.572100
-0.571708
-0.571317
-0.571004
-0.571004
-0.570299
-0.570065
-0.569673
-0.569438
-0.569125
-0.568734
-0.568499
-0.568343
-0.567951
-0.567716
-0.567247
-0.566856
-0.566621
-0.566151
-0.565838
-0.565603
-0.565212
-0.564899
-0.564273
-0.563881
-0.563881
-0.563412
-0.563255
-0.563177
-0.562942
-0.562316
-0.562003
-0.561690
-0.561298
-0.560672
-0.560281
-0.559733
-0.559811
-0.559420
-0.559107
-0.558637
-0.558324
-0.557698
-0.557541
-0.556915
-0.556759
-0.556446
-0.556211
-0.555976
-0.555585
-0.555350
-0.554880
-0.554724
-0.554176
-0.553706
-0.553550
-0.553550
-0.553080
-0.552532
-0.552532
-0.551984
-0.551358
-0.551280
-0.551358
-0.550888
-0.550184
-0.550262
-0.549871
-0.549323
-0.549088
-0.548932
-0.548697
-0.548149
-0.547601
-0.547445
-0.546975
-0.546662
-0.546192
-0.546036
-0.545488
-0.545253
-0.544862
-0.544549
-0.544314
-0.544001
-0.543688
-0.543296
-0.543218
-0.542827
-0.542514
-0.542122
-0.541574
-0.541340
-0.541105
-0.540400
-0.540322
-0.540009
-0.539539
-0.539461
-0.538835
-0.538522
-0.538209
-0.537974
-0.537504
-0.537270
-0.536878
-0.536643
-0.536095
-0.536409
-0.536095
-0.535391
-0.535313
-0.534608
-0.534374
-0.534452
-0.533826
-0.533747
-0.533278
-0.532808
-0.532652
-0.531947
-0.531556
-0.531556
-0.531086
-0.530773
-0.530304
-0.530225
-0.529912
-0.529364
-0.529051
-0.528816
-0.528425
-0.527877
-0.527564
-0.527486
-0.527016
-0.526703
-0.526233
-0.526233
-0.525686
-0.525451
-0.524903
-0.524825
-0.524277
-0.523964
-0.523651
-0.523651
-0.523181
-0.522711
-0.522477
-0.521772
-0.521616
-0.521381
-0.520989
-0.520676
-0.520363
-0.519815
-0.519659
-0.519189
-0.519033
-0.518328
-0.518093
-0.517467
-0.517154
-0.516919
-0.516606
-0.516215
-0.516058
-0.515589
-0.515511
-0.515354
-0.514650
-0.514571
-0.514180
-0.513476
-0.513632
-0.513084
-0.513006
-0.512458
-0.512380
-0.512067
-0.511597
-0.511284
-0.510971
-0.510736
-0.510266
-0.509953
-0.509562
-0.509405
-0.509171
-0.509014
-0.508310
-0.507997
-0.507684
-0.507292
-0.507214
-0.506979
-0.506353
-0.505962
-0.505962
-0.505335
-0.504788
-0.505101
-0.504396
-0.504161
-0.503848
-0.503222
-0.503222
-0.502753
-0.502439
-0.502283
-0.501813
-0.501422
-0.501344
-0.500952
-0.500639
-0.500404
-0.499857
-0.499465
-0.498839
-0.498917
-0.498604
-0.498291
-0.497900
-0.497352
-0.496804
-0.496726
-0.496569
-0.496413
-0.496021
-0.495865
-0.495239
-0.494769
-0.494299
-0.494299
-0.493986
-0.493595
-0.493360
-0.493125
-0.492499
-0.492264
-0.491717
-0.491873
-0.491795
-0.491090
-0.490777
-0.490777
-0.489838
-0.489838
-0.489447
-0.489447
-0.489134
-0.488429
-0.488351
-0.488116
-0.487803
-0.487333
-0.487099
-0.486942
-0.486629
-0.486159
-0.485690
-0.485533
-0.485298
-0.485064
-0.484594
-0.484124
-0.483890
-0.484046
-0.483576
-0.483420
-0.482872
-0.482715
-0.482324
-0.481776
-0.481228
-0.481150
-0.480524
-0.480054
-0.479898
-0.479428
-0.479272
-0.479193
-0.478880
-0.478411
-0.478019
-0.477941
-0.477393
-0.477237
-0.477158
-0.476767
-0.476376
-0.476063
-0.475593
-0.475358
-0.475123
-0.475202
-0.474732
-0.474262
-0.473949
-0.473793
-0.473480
-0.472853
-0.472775
-0.472540
-0.472227
-0.471758
-0.471210
-0.471132
-0.470662
-0.470349
-0.469879
-0.469723
-0.469253
-0.468862
-0.468470
-0.468314
-0.468314
-0.467844
-0.467531
-0.467296
-0.466905
-0.466514
-0.466435
-0.466201
-0.465809
-0.465574
-0.465261
-0.464792
-0.464557
-0.464166
-0.463931
-0.463461
-0.462991
-0.462757
-0.462522
-0.462209
-0.461739
-0.461270
-0.461270
-0.461035
-0.460643
-0.460330
-0.459861
-0.459469
-0.459235
-0.458921
-0.458608
-0.458452
-0.457904
-0.457826
-0.457513
-0.457278
-0.457043
-0.457043
-0.456417
-0.456025
-0.455791
-0.455243
-0.454930
-0.454617
-0.454147
-0.453912
-0.453599
-0.453364
-0.452895
-0.452895
-0.452738
-0.452347
-0.452269
-0.451486
-0.451329
-0.450860
-0.450781
-0.450234
-0.449607
-0.449294
-0.449138
-0.449059
-0.448825
-0.448590
-0.448433
-0.447807
-0.447807
-0.447572
-0.447103
-0.446790
-0.446633
-0.446163
-0.445616
-0.445459
-0.445616
-0.444911
-0.444911
-0.444285
-0.443894
-0.443737
-0.443581
-0.442876
-0.442641
-0.442172
-0.442015
-0.441624
-0.441154
-0.440919
-0.440215
-0.439902
-0.439980
-0.439276
-0.439041
-0.439041
-0.438258
-0.437945
-0.437632
-0.437554
-0.437319
-0.436693
-0.436693
-0.436458
-0.435988
-0.435832
-0.435284
-0.435284
-0.434736
-0.434266
-0.434032
-0.433640
-0.433562
-0.433092
-0.432858
-0.432466
-0.432153
-0.431527
-0.431292
-0.431214
-0.430901
-0.430666
-0.430431
-0.429883
-0.429257
-0.429257
-0.428944
-0.428866
-0.428240
-0.428318
-0.428005
-0.427848
-0.427379
-0.426909
-0.426361
-0.426439
-0.425892
-0.425657
-0.425109
-0.425031
-0.424561
-0.424483
-0.424013
-0.423700
-0.423152
-0.422761
-0.422526
-0.422213
-0.421978
-0.421665
-0.421352
-0.420726
-0.420491
-0.420491
-0.419865
-0.419708
-0.419317
-0.418926
-0.418534
-0.418299
-0.418299
-0.417986
-0.417908
-0.417125
-0.416969
-0.416499
-0.416577
-0.415951
-0.415717
-0.415482
-0.415090
-0.414621
-0.414073
-0.414151
-0.413368
-0.413368
-0.412821
-0.412821
-0.412507
-0.412116
-0.411881
-0.411412
-0.411099
-0.411020
-0.410472
-0.409925
-0.409611
-0.409455
-0.409064
-0.408672
-0.408516
-0.408124
-0.407655
-0.407263
-0.407029
-0.406637
-0.406324
-0.406324
-0.405698
-0.405541
-0.405072
-0.404915
-0.404837
-0.404367
-0.403976
-0.403585
-0.403115
-0.403350
-0.402802
-0.402332
-0.402098
-0.402176
-0.401393
-0.401550
-0.400845
-0.400376
-0.399828
-0.399515
-0.399045
-0.398967
-0.398654
-0.398341
-0.397949
-0.397793
-0.397401
-0.397010
-0.396462
-0.396384
-0.396227
-0.395914
-0.395758
-0.395132
-0.395132
-0.394897
-0.394271
-0.394114
-0.393723
-0.393644
-0.392862
-0.392940
-0.392627
-0.392470
-0.392157
-0.391766
-0.391296
-0.390905
-0.390905
-0.390592
-0.390357
-0.389653
-0.389496
-0.388792
-0.388870
-0.388479
-0.388400
-0.388166
-0.388087
-0.387696
-0.387148
-0.386835
-0.386444
-0.386052
-0.385817
-0.385504
-0.385348
-0.385035
-0.384722
-0.384409
-0.383939
-0.383626
-0.383626
-0.383313
-0.382921
-0.382530
-0.382061
-0.381982
-0.381747
-0.381513
-0.381200
-0.380808
-0.380339
-0.380339
-0.379947
-0.379478
-0.379321
-0.379086
-0.378460
-0.378069
-0.377912
-0.377756
-0.377443
-0.377208
-0.377051
-0.376738
-0.376425
-0.375955
-0.375877
-0.375564
-0.375095
-0.374703
-0.374234
-0.374155
-0.373842
-0.373294
-0.372981
-0.373138
-0.372668
-0.372120
-0.371964
-0.371729
-0.371572
-0.371338
-0.370946
-0.370711
-0.370164
-0.369929
-0.369459
-0.369537
-0.368989
-0.368833
-0.368520
-0.368520
-0.367894
-0.367737
-0.367581
-0.367346
-0.367268
-0.366563
-0.366250
-0.365859
-0.365389
-0.364998
-0.364919
-0.364685
-0.364215
-0.364058
-0.363902
-0.363667
-0.363354
-0.362884
-0.362728
-0.362258
-0.362102
-0.361632
-0.361554
-0.361162
-0.360928
-0.360536
-0.360615
-0.359988
-0.359597
-0.359206
-0.358658
-0.358345
-0.357953
-0.357640
-0.357484
-0.357092
-0.357014
-0.356701
-0.356310
-0.356231
-0.356075
-0.355527
-0.355136
-0.355136
-0.354666
-0.354431
-0.353883
-0.353962
-0.353649
-0.353257
-0.352866
-0.352475
-0.352005
-0.351614
-0.351457
-0.351066
-0.350674
-0.350674
-0.350283
-0.349970
-0.349735
-0.349579
-0.349265
-0.348874
-0.348874
-0.348248
-0.348013
-0.347778
-0.347544
-0.347230
-0.346839
-0.346683
-0.346291
-0.346135
-0.345822
-0.345665
-0.345509
-0.345117
-0.344882
-0.344413
-0.344256
-0.343630
-0.343474
-0.342926
-0.342691
-0.342378
-0.342065
-0.342221
-0.341908
-0.341438
-0.341047
-0.340656
-0.340734
-0.340186
-0.340030
-0.339560
-0.339325
-0.339012
-0.338621
-0.338229
-0.337995
-0.337682
-0.337525
-0.337055
-0.337055
-0.336508
-0.336429
-0.336038
-0.335647
-0.335647
-0.335020
-0.334942
-0.334786
-0.334551
-0.334081
-0.334159
-0.333846
-0.333455
-0.332907
-0.332516
-0.332437
-0.331968
-0.331968
-0.331498
-0.331342
-0.330637
-0.330794
-0.330324
-0.330089
-0.329698
-0.329150
-0.329072
-0.328681
-0.328759
-0.328524
-0.328133
-0.327898
-0.327820
-0.327350
-0.327037
-0.327115
-0.326646
-0.326019
-0.325785
-0.325628
-0.325158
-0.324845
-0.324532
-0.324454
-0.324219
-0.323906
-0.323593
-0.323202
-0.322732
-0.322184
-0.322106
-0.321793
-0.321949
-0.321480
-0.321010
-0.320775
-0.320462
-0.320149
-0.319836
-0.319366
-0.319445
-0.318584
-0.318584
-0.318349
-0.317879
-0.317566
-0.317723
-0.317331
-0.317175
-0.316705
-0.316392
-0.316392
-0.315923
-0.315609
-0.315375
-0.314905
-0.314748
-0.314670
-0.314279
-0.313653
-0.313496
-0.313261
-0.313105
-0.312635
-0.312479
-0.312087
-0.312009
-0.311539
-0.311383
-0.310835
-0.310600
-0.310287
-0.309896
-0.309661
-0.309426
-0.309270
-0.308878
-0.308487
-0.308409
-0.308096
-0.307704
-0.307704
-0.307548
-0.307000
-0.306922
-0.306452
-0.306217
-0.305747
-0.305591
-0.305434
-0.304965
-0.304573
-0.304652
-0.304260
-0.303712
-0.303399
-0.303478
-0.303086
-0.302773
-0.302617
-0.301991
-0.301991
-0.301599
-0.301208
-0.300895
-0.300660
-0.300425
-0.300269
-0.300112
-0.299564
-0.299408
-0.299016
-0.298625
-0.298390
-0.298155
-0.297686
-0.297764
-0.297451
-0.297138
-0.296512
-0.296433
-0.296355
-0.295885
-0.295807
-0.295651
-0.295259
-0.295103
-0.295025
-0.294320
-0.294242
-0.294085
-0.293616
-0.293537
-0.292911
-0.292989
-0.292833
-0.292520
-0.292050
-0.291972
-0.291424
-0.291424
-0.291033
-0.290720
-0.290720
-0.290172
-0.289859
-0.289702
-0.289233
-0.288841
-0.288528
-0.288215
-0.288293
-0.287824
-0.287667
-0.287354
-0.287198
-0.286806
-0.286806
-0.286415
-0.286023
-0.285789
-0.285397
-0.285397
-0.285084
-0.284771
-0.284223
-0.283910
-0.283675
-0.283754
-0.283284
-0.283128
-0.282658
-0.282423
-0.282032
-0.281797
-0.281562
-0.281797
-0.281484
-0.280936
-0.280545
-0.280310
-0.279840
-0.279684
-0.279684
-0.279057
-0.278823
-0.278510
-0.278197
-0.277883
-0.277727
-0.277492
-0.277179
-0.277179
-0.276788
-0.276709
-0.276475
-0.276005
-0.275848
-0.275770
-0.275222
-0.275066
-0.274831
-0.274753
-0.274518
-0.274126
-0.273813
-0.273344
-0.273422
-0.273187
-0.272561
-0.272326
-0.272561
-0.272248
-0.271857
-0.271622
-0.271465
-0.271230
-0.270996
-0.270761
-0.270291
-0.270213
-0.269900
-0.269274
-0.269117
-0.269117
-0.268569
-0.268413
-0.268256
-0.268021
-0.267865
-0.267630
-0.267239
-0.267160
-0.266847
-0.266691
-0.266378
-0.266065
-0.265830
-0.265752
-0.265439
-0.264969
-0.264891
-0.264343
-0.264108
-0.263795
-0.263717
-0.263090
-0.263012
-0.263012
-0.263090
-0.262621
-0.262464
-0.262151
-0.261995
-0.261525
-0.261447
-0.261055
-0.260351
-0.260429
-0.260038
-0.259803
-0.259647
-0.259568
-0.259412
-0.259099
-0.259177
-0.258473
-0.258394
-0.257925
-0.257690
-0.257612
-0.257142
-0.257220
-0.257142
-0.256829
-0.256594
-0.256438
-0.255811
-0.255655
-0.255342
-0.255107
-0.254950
-0.254481
-0.254324
-0.254011
-0.253933
-0.253698
-0.253620
-0.253307
-0.252681
-0.252837
-0.252211
-0.251898
-0.251898
-0.251585
-0.251428
-0.251037
-0.251272
-0.251115
-0.250724
-0.250567
-0.250098
-0.250176
-0.249628
-0.249315
-0.249393
-0.249080
-0.248924
-0.248689
-0.248532
-0.248297
-0.248141
-0.248063
-0.247593
-0.247280
-0.247045
-0.246654
-0.246576
-0.246341
-0.246106
-0.246028
-0.245715
-0.245558
-0.245401
-0.245088
-0.245088
-0.244697
-0.244384
-0.244227
-0.244306
-0.244227
-0.243836
-0.243445
-0.243601
-0.243210
-0.243210
-0.242897
-0.242271
-0.242036
-0.241566
-0.241645
-0.241488
-0.241018
-0.240862
-0.240549
-0.240236
-0.240549
-0.239923
-0.239688
-0.239375
-0.239140
-0.238435
-0.238592
-0.238357
-0.238122
-0.238122
-0.237809
-0.237574
-0.237496
-0.237261
-0.236948
-0.236948
-0.236557
-0.236166
-0.236166
-0.235696
-0.235461
-0.235383
-0.235383
-0.234835
-0.234835
-0.234600
-0.234600
-0.233896
-0.233974
-0.233739
-0.233583
-0.233426
-0.233426
-0.233191
-0.232643
-0.232722
-0.232409
-0.232409
-0.232017
-0.232017
-0.231391
-0.231391
-0.231235
-0.231078
-0.230922
-0.230922
-0.230217
-0.230530
-0.229982
-0.229982
-0.229748
-0.229356
-0.229278
-0.228730
-0.228573
-0.228182
-0.228260
-0.227947
-0.227947
-0.227712
-0.227791
-0.227399
-0.227165
-0.226538
-0.226695
-0.226460
-0.226382
-0.226069
-0.225756
-0.225599
-0.225677
-0.225521
-0.225599
-0.224973
-0.224895
-0.224895
-0.224425
-0.224425
-0.224269
-0.223956
-0.224034
-0.223799
-0.223251
-0.223173
-0.223095
-0.222781
-0.222547
-0.222703
-0.222547
-0.222312
-0.221999
-0.221999
-0.221607
-0.221607
-0.221138
-0.220981
-0.221060
-0.220512
-0.220825
-0.220355
-0.220199
-0.219807
-0.219886
-0.219494
-0.219494
-0.219416
-0.218946
-0.219103
-0.218790
-0.218633
-0.218477
-0.218242
-0.218242
-0.218085
-0.217694
-0.217772
-0.217537
-0.217459
-0.217146
-0.217224
-0.216833
-0.216598
-0.216755
-0.216520
-0.216207
-0.215972
-0.216050
-0.215502
-0.215581
-0.215424
-0.215346
-0.215033
-0.214798
-0.215033
-0.214798
-0.214641
-0.214407
-0.214172
-0.214094
-0.214094
-0.213859
-0.213624
-0.213389
-0.213311
-0.213389
-0.213233
-0.212919
-0.212528
-0.212606
-0.212528
-0.212450
-0.212293
-0.211980
-0.211667
-0.211667
-0.211354
-0.211511
-0.211354
-0.211041
-0.211041
-0.210963
-0.210884
-0.210650
-0.210258
-0.210415
-0.210337
-0.209710
-0.209789
-0.210102
-0.209710
-0.209397
-0.209241
-0.209319
-0.209163
-0.208771
-0.208771
-0.208615
-0.208380
-0.208380
-0.208302
-0.208458
-0.208302
-0.208067
-0.207754
-0.207754
-0.207675
-0.207597
-0.207441
-0.207441
-0.207362
-0.207519
-0.207206
-0.207206
-0.206971
-0.206814
-0.206658
-0.206580
-0.206188
-0.206580
-0.206110
-0.206110
-0.206032
-0.205953
-0.206110
-0.205875
-0.205719
-0.205406
-0.205171
-0.205171
-0.205093
-0.205093
-0.204701
-0.205014
-0.205093
-0.204936
-0.204936
-0.204623
-0.204623
-0.204388
-0.204153
-0.204075
-0.204075
-0.203840
-0.203997
-0.203918
-0.203997
-0.203918
-0.203762
-0.203527
-0.203371
-0.203449
-0.203214
-0.203214
-0.202979
-0.202901
-0.203058
-0.202901
-0.203058
-0.202666
-0.202666
-0.202510
-0.202275
-0.202431
-0.202197
-0.202275
-0.202275
-0.202118
-0.202197
-0.202275
-0.202118
-0.201883
-0.201883
-0.201805
-0.201570
-0.201414
-0.201649
-0.201414
-0.201649
-0.201492
-0.201649
-0.201570
-0.201179
-0.201257
-0.200788
-0.200709
-0.200631
-0.200866
-0.200631
-0.200709
-0.200318
-0.200788
-0.200788
-0.200709
-0.200631
-0.200396
-0.200318
-0.200162
-0.200240
-0.199848
-0.199927
-0.200083
-0.200005
-0.200162
-0.200240
-0.199692
-0.200083
-0.199614
-0.199614
-0.199614
-0.199770
-0.199379
-0.199457
-0.199692
-0.199614
-0.199614
-0.199770
-0.199379
-0.198909
-0.199457
-0.199144
-0.198909
-0.199222
-0.199144
-0.199066
-0.199222
-0.198987
-0.198831
-0.198909
-0.198987
-0.199066
-0.198674
-0.199066
-0.199222
-0.198909
-0.199379
-0.199614
-0.199535
-0.199614
-0.199379
-0.198909
-0.199144
-0.199066
-0.199066
-0.199066
-0.198909
-0.199222
-0.199457
-0.199770
-0.199927
-0.199692
-0.199301
-0.199457
-0.199457
-0.198987
-0.198987
-0.199222
-0.199222
-0.199222
-0.199457
-0.199535
-0.199770
-0.199535
-0.199770
-0.199614
-0.199379
-0.199222
-0.199379
-0.199222
-0.198831
-0.199222
-0.199535
-0.199379
-0.199535
-0.199457
-0.199614
-0.199301
-0.199535
-0.199301
-0.199222
-0.199379
-0.199770
-0.199848
-0.199927
-0.200162
-0.199927
-0.200005
-0.199692
-0.199927
-0.199614
-0.199770
-0.200396
-0.200240
-0.199927
-0.200318
-0.200318
-0.200162
-0.200240
-0.200005
-0.199927
-0.200005
-0.200318
-0.200709
-0.200240
-0.200240
-0.200475
-0.200866
-0.200709
-0.200631
-0.200475
-0.200788
-0.201022
-0.200944
-0.201022
-0.201179
-0.201101
-0.201179
-0.201336
-0.201570
-0.201414
-0.201492
-0.201336
-0.201570
-0.201570
-0.201649
-0.201727
-0.201805
-0.201649
-0.202040
-0.201962
-0.201883
-0.201805
-0.202040
-0.201805
-0.202197
-0.201962
-0.202118
-0.202118
-0.202118
-0.202431
-0.202744
-0.202353
-0.202510
-0.202510
-0.202353
-0.202666
-0.202744
-0.202979
-0.202823
-0.202979
-0.203214
-0.203292
-0.203136
-0.203214
-0.203214
-0.203214
-0.203292
-0.203214
-0.203371
-0.203371
-0.203605
-0.203605
-0.203997
-0.203918
-0.203684
-0.203762
-0.203840
-0.203918
-0.203762
-0.203918
-0.204232
-0.204075
-0.204466
-0.204388
-0.204466
-0.204466
-0.204388
-0.204466
-0.204623
-0.204388
-0.204545
-0.204858
-0.204936
-0.205093
-0.204936
-0.204858
-0.205093
-0.204623
-0.205171
-0.204936
-0.205014
-0.204936
-0.205171
-0.205562
-0.205406
-0.205484
-0.205327
-0.205484
-0.205640
-0.205719
-0.205406
-0.205719
-0.205719
-0.205640
-0.205797
-0.206110
-0.206110
-0.205640
-0.205719
-0.205640
-0.205640
-0.205953
-0.206110
-0.206110
-0.206032
-0.205953
-0.206032
-0.206032
-0.206267
-0.205797
-0.206032
-0.205953
-0.206267
-0.206032
-0.206345
-0.206110
-0.206110
-0.206345
-0.206580
-0.206423
-0.206188
-0.206188
-0.206423
-0.206736
-0.206658
-0.206658
-0.206501
-0.206267
-0.206501
-0.206580
-0.206580
-0.206501
-0.206345
-0.206267
-0.206345
-0.206423
-0.206267
-0.206501
-0.206345
-0.206188
-0.206423
-0.206345
-0.206110
-0.206188
-0.206188
-0.206267
-0.206188
-0.206188
-0.206345
-0.205719
-0.205953
-0.206188
-0.206188
-0.205875
-0.205562
-0.205953
-0.205953
-0.205953
-0.205875
-0.205875
-0.205719
-0.205640
-0.205640
-0.205327
-0.205171
-0.205093
-0.205562
-0.205484
-0.205484
-0.205406
-0.204936
-0.205093
-0.204779
-0.204779
-0.204936
-0.204858
-0.204466
-0.204388
-0.204388
-0.204232
-0.204153
-0.203918
-0.203840
-0.203605
-0.203527
-0.203449
-0.203292
-0.203371
-0.203292
-0.202901
-0.202901
-0.202666
-0.202510
-0.202431
-0.202197
-0.202118
-0.201883
-0.202040
-0.202040
-0.201414
-0.201336
-0.200866
-0.200788
-0.200631
-0.200475
-0.199927
-0.199927
-0.199614
-0.199457
-0.199535
-0.199066
-0.199066
-0.198674
-0.198205
-0.198048
-0.197892
-0.197422
-0.197579
-0.197266
-0.197031
-0.196796
-0.196796
-0.196326
-0.195935
-0.196170
-0.195700
-0.195544
-0.195152
-0.194761
-0.194448
-0.194213
-0.194135
-0.193900
-0.193822
-0.193274
-0.193196
-0.192648
-0.192569
-0.192100
-0.191943
-0.191630
-0.191239
-0.191160
-0.191082
-0.190769
-0.190221
-0.190065
-0.189673
-0.189047
-0.188734
-0.188578
-0.188030
-0.187873
-0.187325
-0.187325
-0.186856
-0.186621
-0.185995
-0.185603
-0.185369
-0.185290
-0.184429
-0.184273
-0.184116
-0.183725
-0.183725
-0.183177
-0.182707
-0.182394
-0.181925
-0.181220
-0.180907
-0.180751
-0.179890
-0.179577
-0.179107
-0.178950
-0.178872
-0.178011
-0.177542
-0.176994
-0.176681
-0.176211
-0.175976
-0.175507
-0.175272
-0.174411
-0.174176
-0.173785
-0.173158
-0.172611
-0.172219
-0.171906
-0.171123
-0.170732
-0.170106
-0.170028
-0.169401
-0.168932
-0.168306
-0.167366
-0.167053
-0.166975
-0.166271
-0.165723
-0.164862
-0.164470
-0.164157
-0.163766
-0.163688
-0.162670
-0.162122
-0.161418
-0.161183
-0.160400
-0.159853
-0.159461
-0.158600
-0.157974
-0.157818
-0.157270
-0.156409
-0.155861
-0.155078
-0.154843
-0.154061
-0.153434
-0.153200
-0.152495
-0.152182
-0.151713
-0.151243
-0.150147
-0.149599
-0.149130
-0.148269
-0.147642
-0.147329
-0.146782
-0.146390
-0.145999
-0.145138
-0.144199
-0.143338
-0.143259
-0.142477
-0.141694
-0.141224
-0.140520
-0.139737
-0.139581
-0.138798
-0.138015
-0.137311
-0.136606
-0.136372
-0.135511
-0.134806
-0.134258
-0.133554
-0.133084
-0.132771
-0.132223
-0.131362
-0.130423
-0.129719
-0.129171
-0.128701
-0.127840
-0.127214
-0.126979
-0.126744
-0.126040
-0.125336
-0.124162
-0.123222
-0.122753
-0.122205
-0.121187
-0.120483
-0.119935
-0.119857
-0.119544
-0.118604
-0.117509
-0.116413
-0.115787
-0.115317
-0.114691
-0.113752
-0.113282
-0.112421
-0.112186
-0.111795
-0.111169
-0.109838
-0.109212
-0.108586
-0.107803
-0.107255
-0.106786
-0.106003
-0.105612
-0.104985
-0.104516
-0.103107
-0.102089
-0.101463
-0.100994
-0.100133
-0.099272
-0.098959
-0.098254
-0.098019
-0.097472
-0.096376
-0.095123
-0.094810
-0.094184
-0.093636
-0.092697
-0.091993
-0.091445
-0.091053
-0.090506
-0.089879
-0.088549
-0.087766
-0.087218
-0.086357
-0.085966
-0.085027
-0.084244
-0.083618
-0.083148
-0.082522
-0.081270
-0.080252
-0.079626
-0.078609
-0.077982
-0.077200
-0.076339
-0.075947
-0.075634
-0.074852
-0.073756
-0.072582
-0.071956
-0.071564
-0.070547
-0.069764
-0.069138
-0.068747
-0.068120
-0.067416
-0.066398
-0.065459
-0.064677
-0.064129
-0.063346
-0.062563
-0.062094
-0.061781
-0.060841
-0.060137
-0.058806
-0.057789
-0.057632
-0.056928
-0.056145
-0.055362
-0.054658
-0.054188
-0.053719
-0.052936
-0.051840
-0.051214
-0.050431
-0.050353
-0.049727
-0.048475
-0.048083
-0.047222
-0.046831
-0.045970
-0.045031
-0.044326
-0.043465
-0.043074
-0.042604
-0.041822
-0.041117
-0.040413
-0.039630
-0.039474
-0.038300
-0.037204
-0.036578
-0.035717
-0.035325
-0.034543
-0.033682
-0.033290
-0.032742
-0.032195
-0.031177
-0.029925
-0.029612
-0.029142
-0.028046
-0.027655
-0.026872
-0.026246
-0.025776
-0.025463
-0.024368
-0.023507
-0.023115
-0.022254
-0.021785
-0.021159
-0.020141
-0.019828
-0.019280
-0.018732
-0.017636
-0.016775
-0.016071
-0.015367
-0.014897
-0.014271
-0.013723
-0.013253
-0.012549
-0.012236
-0.011453
-0.010279
-0.009888
-0.009340
-0.008714
-0.007853
-0.007461
-0.006757
-0.006366
-0.005818
-0.004878
-0.004330
-0.003861
-0.003391
-0.002530
-0.002217
-0.001591
-0.000887
-0.000260
-0.000339
0.000600
0.001383
0.002322
0.002949
0.003262
0.003888
0.004436
0.005062
0.005688
0.006627
0.006784
0.007645
0.008271
0.009210
0.009680
0.009680
0.010697
0.011245
0.011950
0.012576
0.013280
0.013906
0.014533
0.015159
0.015550
0.016020
0.016802
0.017585
0.018133
0.018289
0.019072
0.020011
0.020481
0.021342
0.022046
0.022516
0.023142
0.023768
0.024316
0.024864
0.025334
0.026195
0.026821
0.027447
0.027995
0.028151
0.028543
0.029247
0.030108
0.030578
0.031047
0.031830
0.032378
0.033004
0.033709
0.033865
0.034726
0.035274
0.036057
0.036605
0.037152
0.037935
0.038405
0.039266
0.039657
0.040362
0.040988
0.041614
0.042162
0.043023
0.043414
0.044197
0.044823
0.045214
0.045449
0.045997
0.046467
0.047249
0.047484
0.048502
0.048736
0.049363
0.049910
0.050615
0.051241
0.051789
0.052102
0.052572
0.053120
0.053980
0.054450
0.055076
0.055624
0.056172
0.056563
0.057111
0.057424
0.057894
0.058364
0.059303
0.060007
0.060868
0.061416
0.061807
0.062668
0.062982
0.063373
0.063999
0.064390
0.065095
0.065878
0.066269
0.066660
0.067365
0.067678
0.068147
0.068852
0.069243
0.070026
0.070652
0.071200
0.071748
0.072296
0.072844
0.073391
0.073704
0.074018
0.074957
0.075505
0.076209
0.076679
0.077227
0.077853
0.078244
0.078401
0.079262
0.079731
0.080123
0.080984
0.081845
0.082549
0.082862
0.083332
0.084114
0.084741
0.084741
0.085054
0.085601
0.086071
0.087010
0.087871
0.088184
0.088732
0.089202
0.089828
0.090141
0.090454
0.090611
0.091472
0.092020
0.092724
0.093272
0.093898
0.094133
0.094681
0.095072
0.095463
0.095777
0.096246
0.097029
0.097890
0.098359
0.098751
0.099299
0.099690
0.100238
0.100786
0.101021
0.101412
0.102743
0.103290
0.103525
0.104151
0.104543
0.105091
0.105482
0.105795
0.105795
0.106656
0.107360
0.107987
0.108378
0.108848
0.109161
0.109865
0.110178
0.110726
0.110804
0.111665
0.112213
0.112761
0.113152
0.113700
0.114092
0.114327
0.114953
0.115422
0.115814
0.116283
0.117066
0.117692
0.118240
0.118866
0.119258
0.119101
0.120040
0.120353
0.120901
0.121293
0.121919
0.122545
0.123328
0.123562
0.123797
0.124423
0.125049
0.124971
0.125597
0.125754
0.126458
0.126928
0.127398
0.127789
0.128415
0.129276
0.129276
0.129511
0.129980
0.130841
0.131546
0.131937
0.132329
0.132876
0.133190
0.133190
0.133503
0.134285
0.134520
0.135146
0.135851
0.136007
0.136555
0.136868
0.137651
0.137651
0.138042
0.138512
0.138903
0.139373
0.139999
0.140312
0.141017
0.141408
0.141956
0.142034
0.142347
0.142817
0.143521
0.143912
0.144617
0.144852
0.145321
0.145791
0.146026
0.146339
0.146808
0.147043
0.147435
0.148296
0.149000
0.149157
0.149470
0.149861
0.150331
0.150800
0.150879
0.151270
0.151896
0.152522
0.152757
0.153461
0.153461
0.153853
0.154244
0.154714
0.155418
0.155418
0.156201
0.156670
0.157297
0.157453
0.157610
0.158236
0.158549
0.159175
0.159332
0.159958
0.160662
0.161054
0.161680
0.161993
0.162384
0.162619
0.162932
0.163323
0.164184
0.164654
0.164889
0.165515
0.165671
0.165906
0.166376
0.166767
0.167237
0.167472
0.167785
0.168254
0.168881
0.169428
0.169350
0.169742
0.170368
0.170916
0.171463
0.171855
0.171933
0.172559
0.173185
0.173420
0.173890
0.174046
0.174516
0.174673
0.175064
0.175690
0.176081
0.176473
0.177099
0.177255
0.177882
0.178038
0.178586
0.179134
0.179290
0.179838
0.180230
0.180621
0.181325
0.181795
0.182108
0.182186
0.182734
0.183047
0.183204
0.183830
0.184456
0.184535
0.185239
0.185630
0.185709
0.186256
0.186883
0.186961
0.187509
0.187665
0.188291
0.188839
0.189074
0.189700
0.189857
0.190170
0.190874
0.191344
0.191657
0.192205
0.192361
0.192988
0.193379
0.193457
0.194005
0.194318
0.194788
0.195101
0.195571
0.195962
0.196901
0.197214
0.197371
0.197762
0.198075
0.198545
0.198936
0.199484
0.199875
0.200345
0.201128
0.201597
0.201832
0.202223
0.202693
0.203006
0.203554
0.203945
0.204259
0.204728
0.204963
0.205511
0.205824
0.206059
0.206294
0.206920
0.207311
0.207859
0.208250
0.208563
0.208720
0.208955
0.209189
0.209737
0.210285
0.210677
0.211225
0.211851
0.211929
0.212242
0.213025
0.213338
0.213338
0.213886
0.214355
0.214747
0.215295
0.215608
0.216077
0.216390
0.216547
0.216703
0.217173
0.217330
0.218112
0.218504
0.219286
0.219286
0.219756
0.220226
0.220460
0.221321
0.221400
0.221713
0.222104
0.222887
0.223200
0.223748
0.223748
0.224296
0.224374
0.224922
0.225235
0.225470
0.226018
0.226800
0.227192
0.227426
0.227974
0.228131
0.228366
0.228835
0.228992
0.229383
0.229696
0.230401
0.230792
0.231262
0.231496
0.231809
0.232044
0.232514
0.232514
0.233375
0.233844
0.234236
0.234549
0.234784
0.235253
0.235879
0.235958
0.236271
0.236427
0.237054
0.237758
0.237836
0.238306
0.238775
0.239089
0.239245
0.239558
0.240184
0.240341
0.241124
0.241202
0.241671
0.242376
0.242611
0.243002
0.243315
0.243472
0.243472
0.244098
0.244802
0.244881
0.245507
0.245507
0.246211
0.246368
0.246368
0.246681
0.246994
0.247463
0.247777
0.248168
0.248637
0.248794
0.249107
0.249498
0.249577
0.250203
0.250438
0.251064
0.251377
0.251925
0.252473
0.252708
0.253177
0.253490
0.253568
0.253960
0.254038
0.254743
0.255134
0.255369
0.255917
0.256230
0.256464
0.256856
0.256856
0.257404
0.257795
0.258265
0.258578
0.258734
0.259360
0.259439
0.259674
0.260221
0.260378
0.260534
0.261161
0.261552
0.262100
0.262335
0.262804
0.262883
0.263352
0.263352
0.263665
0.263978
0.264448
0.265152
0.265309
0.265700
0.265700
0.266013
0.266248
0.266953
0.267109
0.267657
0.268283
0.268518
0.268753
0.269066
0.269614
0.269849
0.270162
0.270240
0.270710
0.271414
0.271336
0.271884
0.272353
0.272588
0.272901
0.273449
0.273840
0.274153
0.274153
0.274858
0.275171
0.275719
0.276110
0.276110
0.276893
0.276971
0.277128
0.277362
0.277832
0.278145
0.279084
0.278850
0.279319
0.279241
0.280258
0.280337
0.280650
0.281511
0.281746
0.282293
0.282372
0.282920
0.283233
0.283702
0.283781
0.283859
0.284329
0.284876
0.285189
0.285659
0.286207
0.286520
0.286677
0.287146
0.287303
0.287303
0.287772
0.288555
0.288868
0.289181
0.289494
0.289807
0.290042
0.290668
0.291138
0.291451
0.291764
0.292390
0.292782
0.292938
0.293095
0.293956
0.294425
0.294504
0.294817
0.295130
0.295756
0.296069
0.296460
0.296617
0.297243
0.297165
0.297478
0.297869
0.298104
0.298730
0.299121
0.299435
0.299826
0.299904
0.300687
0.301157
0.301626
0.302017
0.302252
0.302409
0.303035
0.303426
0.303818
0.303818
0.304209
0.304522
0.305070
0.305383
0.305461
0.306244
0.306088
0.306635
0.306870
0.307496
0.307653
0.308123
0.308514
0.308670
0.309140
0.309453
0.310001
0.310158
0.310392
0.310940
0.311253
0.311645
0.311801
0.312349
0.312740
0.312819
0.313367
0.313523
0.314149
0.314149
0.314619
0.315089
0.315010
0.315480
0.315949
0.316576
0.316810
0.317045
0.317515
0.317906
0.318298
0.318298
0.318689
0.319315
0.319393
0.319472
0.319863
0.320254
0.320802
0.320802
0.321194
0.321663
0.322055
0.322524
0.322681
0.323150
0.323150
0.323933
0.324168
0.324403
0.324559
0.325029
0.325577
0.325968
0.326046
0.326359
0.326672
0.327142
0.327612
0.327690
0.328081
0.328316
0.328707
0.329177
0.329647
0.329568
0.329882
0.330351
0.330664
0.330977
0.330899
0.331838
0.332151
0.332230
0.332386
0.332543
0.333482
0.333560
0.334030
0.334265
0.334578
0.334656
0.335126
0.335360
0.335673
0.335987
0.336456
0.336848
0.336848
0.337395
0.337865
0.338022
0.338178
0.338335
0.338883
0.339352
0.339900
0.340057
0.340291
0.340761
0.340996
0.341465
0.341700
0.341935
0.342248
0.342483
0.343031
0.343109
0.343579
0.343814
0.343892
0.344440
0.344753
0.345066
0.345535
0.345535
0.345849
0.346083
0.346475
0.347023
0.347101
0.346866
0.347101
0.347962
0.348431
0.348510
0.348745
0.349058
0.349214
0.349449
0.350075
0.349997
0.350701
0.351249
0.351406
0.351875
0.351797
0.351875
0.352345
0.352736
0.352893
0.353441
0.353989
0.354302
0.354302
0.354615
0.355163
0.355476
0.355711
0.356024
0.356337
0.356885
0.357041
0.357511
0.357746
0.357980
0.358450
0.358841
0.358841
0.359154
0.359389
0.359702
0.359781
0.360642
0.360876
0.361189
0.361581
0.361816
0.361972
0.362442
0.362911
0.363381
0.363538
0.363694
0.364085
0.364633
0.364868
0.365103
0.365416
0.365494
0.365964
0.366668
0.366590
0.367138
0.367373
0.367529
0.367764
0.368234
0.368547
0.368469
0.369329
0.369486
0.370269
0.370425
0.370582
0.370817
0.371208
0.371599
0.371991
0.372147
0.372225
0.372695
0.373243
0.373556
0.373634
0.373791
0.374260
0.374652
0.375200
0.375121
0.375669
0.376139
0.376296
0.376609
0.377078
0.377313
0.377470
0.377783
0.377939
0.378565
0.378878
0.379348
0.379818
0.379661
0.380209
0.380366
0.380835
0.380992
0.381540
0.381696
0.381931
0.382166
0.382557
0.382870
0.383027
0.383262
0.383888
0.384279
0.384436
0.384983
0.385140
0.385453
0.385923
0.386079
0.386627
0.386705
0.387097
0.387645
0.388271
0.388506
0.388427
0.388819
0.388975
0.389210
0.389601
0.390071
0.390071
0.390462
0.391010
0.391402
0.391949
0.392184
0.392497
0.392576
0.392889
0.393124
0.393593
0.393593
0.394298
0.394298
0.395237
0.395315
0.395863
0.396176
0.396567
0.396802
0.397115
0.397585
0.397428
0.397741
0.398133
0.397976
0.398759
0.399072
0.399542
0.399698
0.399933
0.400716
0.401264
0.401185
0.401733
0.402046
0.402594
0.402281
0.402829
0.403142
0.403690
0.403846
0.404160
0.404238
0.404473
0.405021
0.404942
0.405568
0.405803
0.406351
0.406899
0.406899
0.407290
0.407369
0.407995
0.407995
0.408308
0.408543
0.409012
0.409247
0.409717
0.409873
0.410186
0.410812
0.410578
0.410891
0.411360
0.411752
0.411987
0.412221
0.412534
0.413161
0.413161
0.413474
0.413943
0.414100
0.414335
0.414569
0.415039
0.415117
0.415352
0.415900
0.416291
0.416291
0.416839
0.416683
0.417387
0.417778
0.417700
0.418248
0.418483
0.418483
0.419031
0.419187
0.419579
0.419892
0.420440
0.420753
0.420753
0.421066
0.421535
0.421849
0.421692
0.422396
0.422318
0.422944
0.423570
0.423649
0.423962
0.423884
0.424118
0.424510
0.424745
0.424901
0.425058
0.425762
0.425997
0.426466
0.426701
0.426623
0.427014
0.427093
0.427327
0.428032
0.428188
0.428501
0.428815
0.429049
0.429441
0.429519
0.429754
0.429989
0.430223
0.430850
0.430928
0.431163
0.432024
0.431867
0.431945
0.432337
0.432728
0.432806
0.433198
0.433746
0.433902
0.434059
0.434372
0.434763
0.434685
0.434841
0.435311
0.435859
0.436172
0.436250
0.436642
0.437111
0.437346
0.437502
0.437659
0.438207
0.438363
0.438677
0.438911
0.439694
0.439616
0.440085
0.440242
0.440712
0.440946
0.441025
0.441494
0.442199
0.441886
0.442433
0.442825
0.442825
0.443216
0.443529
0.443921
0.444155
0.444312
0.444625
0.445016
0.445095
0.445408
0.445564
0.446034
0.446504
0.446660
0.447130
0.447443
0.447521
0.447834
0.448069
0.448304
0.448773
0.448930
0.449243
0.449556
0.450026
0.450339
0.450495
0.450730
0.451121
0.451435
0.451669
0.451591
0.452374
0.452452
0.453078
0.453391
0.453861
0.453939
0.454096
0.454565
0.454722
0.455270
0.455505
0.455583
0.455818
0.456131
0.456679
0.456600
0.457226
0.457305
0.457540
0.458009
0.458166
0.458479
0.458948
0.458870
0.459340
0.459653
0.460044
0.459966
0.460592
0.460983
0.460983
0.461453
0.461923
0.462471
0.462549
0.462705
0.463097
0.463488
0.463723
0.464114
0.464271
0.464349
0.464740
0.465132
0.465367
0.465601
0.465914
0.466306
0.466775
0.467010
0.467245
0.467480
0.467715
0.468263
0.468341
0.468654
0.469045
0.469202
0.469750
0.470141
0.470298
0.470532
0.470689
0.471237
0.471472
0.471785
0.472098
0.472333
0.472489
0.473037
0.473272
0.473585
0.473663
0.474054
0.474054
0.474524
0.474602
0.475150
0.475307
0.475855
0.476168
0.476481
0.476481
0.476637
0.477264
0.477185
0.477577
0.477968
0.478203
0.478594
0.478751
0.478907
0.479533
0.479690
0.480003
0.480160
0.480629
0.481020
0.481803
0.481803
0.482116
0.482508
0.482273
0.482899
0.483290
0.483290
0.483916
0.484073
0.484621
0.484934
0.484621
0.484856
0.485325
0.485482
0.485951
0.486343
0.486734
0.487047
0.487360
0.487360
0.487595
0.487673
0.488143
0.488221
0.488691
0.489004
0.489317
0.489787
0.489943
0.490178
0.490413
0.490569
0.491039
0.491274
0.491665
0.492057
0.492135
0.492683
0.492918
0.493152
0.493387
0.493544
0.493935
0.494248
0.494874
0.494953
0.495266
0.495579
0.495422
0.496205
0.496127
0.496518
0.496674
0.497066
0.497066
0.497379
0.497692
0.497770
0.498396
0.498396
0.498631
0.499257
0.499570
0.499414
0.500040
0.500118
0.500744
0.500979
0.501136
0.501371
0.501605
0.502388
0.502310
0.502936
0.502858
0.503249
0.503327
0.503484
0.503875
0.504345
0.504267
0.504736
0.504815
0.505049
0.505362
0.505597
0.505989
0.505754
0.506380
0.506928
0.507241
0.507397
0.508102
0.507945
0.508180
0.508415
0.508806
0.509119
0.509354
0.509824
0.509824
0.510215
0.510528
0.510841
0.510606
0.511154
0.511467
0.512172
0.512328
0.512641
0.512876
0.512955
0.512876
0.513424
0.513816
0.514363
0.514598
0.514833
0.515146
0.515459
0.515851
0.515772
0.515772
0.516320
0.516633
0.517338
0.517338
0.517729
0.518120
0.518355
0.518277
0.518747
0.519138
0.519138
0.519686
0.519999
0.520155
0.520703
0.521173
0.521408
0.521251
0.521564
0.521799
0.522503
0.522973
0.523130
0.523286
0.523443
0.523991
0.524069
0.524147
0.524695
0.524852
0.525321
0.525556
0.525791
0.526182
0.526260
0.526495
0.526730
0.526965
0.527513
0.527826
0.527982
0.528295
0.528609
0.528687
0.529000
0.529313
0.529548
0.530017
0.530017
0.530644
0.530722
0.531191
0.531583
0.531739
0.531974
0.532209
0.532600
0.533148
0.532992
0.533383
0.533774
0.534009
0.534087
0.534635
0.534792
0.535027
0.535496
0.535966
0.535966
0.536201
0.537062
0.536905
0.537218
0.537610
0.537531
0.537844
0.538079
0.538471
0.538784
0.538784
0.539331
0.539801
0.539879
0.540036
0.540506
0.540975
0.541132
0.541836
0.542071
0.542306
0.542384
0.542541
0.542619
0.543480
0.543480
0.544028
0.544028
0.544184
0.544967
0.545045
0.544967
0.545515
0.545593
0.545828
0.546376
0.546689
0.547080
0.547002
0.547315
0.547628
0.547706
0.548176
0.548724
0.548646
0.549037
0.549663
0.549898
0.549741
0.550211
0.550681
0.551072
0.551385
0.551620
0.552011
0.552089
0.552324
0.552794
0.552950
0.553420
0.553498
0.553655
0.553890
0.554203
0.554672
0.554907
0.555220
0.555768
0.556238
0.556238
0.556707
0.556786
0.557099
0.557568
0.557803
0.558116
0.558351
0.558508
0.559212
0.559055
0.559369
0.559525
0.559995
0.560543
0.560777
0.561169
0.561090
0.561795
0.562030
0.562265
0.562499
0.562656
0.563282
0.563439
0.563752
0.563830
0.564143
0.564378
0.564769
0.565082
0.565239
0.565630
0.566178
0.566335
0.566882
0.566726
0.567117
0.567352
0.567430
0.567822
0.567978
0.568761
0.568683
0.568996
0.569074
0.569622
0.569465
0.569544
0.569935
0.570170
0.570639
0.571109
0.571344
0.571500
0.572205
0.571970
0.572048
0.572674
0.573144
0.573144
0.573535
0.574005
0.574240
0.574083
0.574318
0.574318
0.574475
0.575101
0.575649
0.575962
0.576040
0.576353
0.576666
0.576823
0.576901
0.576979
0.577292
0.577840
0.577918
0.578153
0.578388
0.578858
0.578936
0.579171
0.579249
0.579875
0.580188
0.580736
0.580658
0.580736
0.581206
0.581441
0.581675
0.581675
0.581910
0.582693
0.583163
0.583163
0.583476
0.583632
0.583710
0.583867
0.584180
0.584728
0.584885
0.585589
0.585432
0.585824
0.586293
0.586372
0.586450
0.586606
0.587154
0.587233
0.587624
0.587702
0.588172
0.588328
0.588563
0.588876
0.588876
0.589268
0.589581
0.590207
0.590285
0.590755
0.590520
0.591146
0.591068
0.591459
0.591616
0.592007
0.592555
0.592477
0.593103
0.593103
0.593416
0.593416
0.593651
0.593964
0.594512
0.594981
0.595138
0.595373
0.595451
0.595451
0.595607
0.596077
0.596703
0.597095
0.597486
0.597642
0.597877
0.597956
0.598190
0.598190
0.598425
0.598895
0.599443
0.599677
0.599912
0.600147
0.600460
0.600773
0.600460
0.600852
0.601008
0.602104
0.602260
0.602730
0.602652
0.602965
0.603121
0.603200
0.603278
0.603826
0.604295
0.604765
0.604922
0.605000
0.605156
0.605391
0.605783
0.605626
0.606096
0.606487
0.606957
0.606722
0.607035
0.607191
0.607583
0.607974
0.607739
0.608600
0.608679
0.608913
0.609539
0.609931
0.609774
0.609853
0.610322
0.610400
0.610557
0.611261
0.611575
0.612044
0.612357
0.612670
0.612514
0.613062
0.613453
0.613531
0.613923
0.614001
0.614314
0.614549
0.614470
0.615097
0.615175
0.615566
0.615879
0.616192
0.616506
0.616662
0.617053
0.616897
0.617445
0.617523
0.617758
0.618306
0.618384
0.618932
0.619480
0.619245
0.619636
0.619871
0.619793
0.620184
0.620419
0.620889
0.621358
0.621593
0.621671
0.621906
0.622376
0.622767
0.622689
0.623315
0.623472
0.623550
0.623863
0.624254
0.624489
0.624489
0.624802
0.625350
0.625193
0.625350
0.625663
0.626367
0.626524
0.626759
0.626915
0.627072
0.627072
0.627933
0.628324
0.628324
0.628559
0.628794
0.629107
0.629263
0.629498
0.630203
0.630359
0.630672
0.631064
0.630985
0.631377
0.631690
0.632081
0.632394
0.632551
0.632551
0.633177
0.633177
0.633960
0.633960
0.634429
0.634429
0.634508
0.634664
0.635055
0.635525
0.635525
0.635682
0.636073
0.636464
0.636699
0.636699
0.637090
0.637325
0.637795
0.637560
0.637717
0.638108
0.638499
0.638891
0.639125
0.638969
0.639125
0.639830
0.639830
0.639986
0.640221
0.640613
0.641004
0.641395
0.641474
0.642021
0.642100
0.642256
0.642648
0.642882
0.642882
0.643509
0.643743
0.643900
0.644448
0.644526
0.644683
0.644839
0.645700
0.645778
0.646170
0.646170
0.646796
0.646874
0.646796
0.646796
0.647344
0.647892
0.647813
0.648518
0.648440
0.648518
0.648674
0.648831
0.649222
0.649144
0.649457
0.649848
0.650162
0.650709
0.650866
0.651414
0.651727
0.651805
0.651962
0.652431
0.652744
0.652979
0.653136
0.653136
0.653605
0.653527
0.653684
0.654153
0.654701
0.655014
0.655406
0.655640
0.655640
0.655640
0.656032
0.656032
0.656345
0.656736
0.657128
0.657284
0.657675
0.657519
0.657519
0.657988
0.658145
0.658536
0.658928
0.659397
0.659789
0.659867
0.660024
0.660337
0.660258
0.660571
0.661041
0.661432
0.662059
0.661902
0.662137
0.662372
0.662763
0.662919
0.662998
0.663467
0.663937
0.664250
0.664485
0.664720
0.664955
0.664876
0.664798
0.665189
0.665737
0.666442
0.666676
0.666598
0.667146
0.667459
0.667694
0.667616
0.667850
0.668242
0.668790
0.669025
0.669338
0.669572
0.669729
0.670042
0.669964
0.670277
0.670746
0.671138
0.671216
0.671842
0.671999
0.672468
0.672781
0.672703
0.673016
0.673486
0.673877
0.674190
0.674269
0.675051
0.675130
0.674973
0.675130
0.675286
0.675912
0.676538
0.676773
0.677243
0.677399
0.677556
0.677634
0.677712
0.678182
0.678808
0.679513
0.679513
0.679669
0.680061
0.680530
0.680687
0.681078
0.681078
0.681469
0.682330
0.682722
0.682643
0.683035
0.683348
0.683348
0.683661
0.684131
0.684522
0.685070
0.685383
0.685696
0.685696
0.685931
0.686166
0.686166
0.686948
0.687496
0.687653
0.687966
0.688122
0.688670
0.688905
0.688827
0.688905
0.689453
0.690079
0.690470
0.690627
0.690862
0.691175
0.691331
0.691566
0.692114
0.692662
0.692819
0.693288
0.693523
0.693758
0.694071
0.694227
0.694384
0.694697
0.695401
0.695636
0.696341
0.696419
0.696654
0.697123
0.696967
0.697515
0.697436
0.698297
0.698532
0.698924
0.699080
0.699471
0.699628
0.699706
0.700176
0.700724
0.700959
0.701272
0.701663
0.701898
0.702367
0.702367
0.702837
0.702915
0.703698
0.703855
0.704168
0.704402
0.704716
0.704637
0.704950
0.705107
0.705420
0.705890
0.706516
0.706829
0.706907
0.707220
0.707690
0.707690
0.707846
0.707925
0.708786
0.708864
0.709255
0.709333
0.709647
0.709725
0.709803
0.709881
0.710038
0.709725
0.710351
0.710038
0.710351
0.710116
0.709881
0.709960
0.709881
0.709412
0.709568
0.709490
0.709255
0.709099
0.708942
0.709020
0.708864
0.708316
0.708003
0.707846
0.707298
0.707298
0.706672
0.706359
0.706281
0.705890
0.705811
0.705420
0.705263
0.704950
0.704872
0.704402
0.703776
0.703933
0.703150
0.703150
0.702759
0.702837
0.702524
0.701976
0.701585
0.700959
0.700880
0.700489
0.700254
0.699785
0.699237
0.698924
0.698924
0.698767
0.698219
0.697984
0.698063
0.697358
0.696967
0.696654
0.696184
0.695793
0.695636
0.695401
0.695167
0.694697
0.694384
0.694149
0.693601
0.693132
0.693053
0.692349
0.692349
0.692114
0.691645
0.691253
0.690784
0.690627
0.690157
0.689531
0.689375
0.689296
0.688905
0.688749
0.688670
0.687809
0.687496
0.686714
0.686714
0.686244
0.686009
0.685696
0.685383
0.684992
0.684913
0.684600
0.683818
0.683504
0.683661
0.683191
0.682878
0.682409
0.682017
0.681548
0.680922
0.680608
0.680530
0.680139
0.679747
0.679826
0.679434
0.679043
0.678652
0.678260
0.677869
0.677791
0.677165
0.676538
0.676069
0.675912
0.675756
0.675364
0.674895
0.674347
0.674425
0.674034
0.673799
0.673329
0.672938
0.672703
0.672077
0.671451
0.670981
0.670512
0.670512
0.670042
0.670120
0.669807
0.669572
0.669338
0.668868
0.668868
0.668555
0.668242
0.667694
0.667224
0.666598
0.666363
0.665972
0.665502
0.665581
0.665424
0.665033
0.664407
0.664172
0.664172
0.663937
0.663467
0.662841
0.662372
0.662059
0.662059
0.661589
0.661276
0.661198
0.660884
0.660180
0.660180
0.659632
0.659397
0.658771
0.658615
0.658223
0.657519
0.657049
0.656893
0.656736
0.656501
0.656267
0.655875
0.655719
0.655327
0.655249
0.654623
0.653840
0.653997
0.653292
0.652901
0.652744
0.652666
0.651962
0.651727
0.651727
0.651414
0.650788
0.650553
0.649770
0.649535
0.649144
0.648753
0.648831
0.648518
0.648127
0.647892
0.647735
0.647579
0.646952
0.646718
0.646248
0.645935
0.645309
0.644917
0.644683
0.644448
0.643978
0.643665
0.643352
0.642882
0.642726
0.642491
0.641865
0.641395
0.640847
0.641004
0.640847
0.640221
0.639830
0.639595
0.639439
0.639204
0.638969
0.638343
0.637951
0.637638
0.637247
0.637012
0.636699
0.636621
0.636229
0.636073
0.635682
0.635525
0.635055
0.634586
0.634194
0.633725
0.633490
0.633099
0.633099
0.632786
0.632238
0.632238
0.631768
0.631298
0.630907
0.630516
0.629890
0.629811
0.629342
0.629107
0.629107
0.628950
0.628559
0.628481
0.627855
0.627542
0.627072
0.626837
0.626524
0.626211
0.625663
0.625741
0.625428
0.625350
0.625115
0.624724
0.624489
0.623628
0.623393
0.622924
0.622767
0.622454
0.622454
0.622063
0.621828
0.621515
0.621358
0.620732
0.620106
0.619636
0.619480
0.619401
0.618932
0.618775
0.618541
0.618149
0.617758
0.617523
0.617210
0.616819
0.616192
0.615879
0.615801
0.615723
0.615331
0.615253
0.614627
0.614784
0.614549
0.613766
0.613218
0.612435
0.612592
0.612279
0.612435
0.612044
0.611731
0.611496
0.611261
0.610792
0.610479
0.609696
0.609539
0.609070
0.609070
0.608992
0.608444
0.608522
0.608052
0.607818
0.607504
0.607035
0.606878
0.606644
0.606174
0.606096
0.605783
0.605156
0.605156
0.605078
0.604530
0.604217
0.603904
0.603434
0.603278
0.602887
0.602808
0.602495
0.602182
0.601947
0.601478
0.601008
0.600695
0.600069
0.599912
0.599521
0.599677
0.599286
0.598895
0.598269
0.598190
0.598190
0.597721
0.597173
0.597173
0.596703
0.596312
0.596703
0.595999
0.595764
0.595607
0.594981
0.594747
0.594433
0.594120
0.593651
0.593416
0.593181
0.592790
0.592320
0.592477
0.592164
0.591537
0.591381
0.590911
0.590755
0.590363
0.589972
0.589659
0.589424
0.589111
0.589033
0.588720
0.588328
0.588172
0.587859
0.587624
0.587233
0.586685
0.586528
0.586215
0.586137
0.585824
0.585902
0.585589
0.585198
0.584885
0.584415
0.584258
0.583632
0.583710
0.583632
0.583084
0.582458
0.582223
0.582302
0.581519
0.581519
0.581128
0.580736
0.580501
0.580267
0.579875
0.579719
0.579171
0.579014
0.578858
0.578858
0.578545
0.577997
0.577527
0.577449
0.576823
0.576666
0.576353
0.576040
0.575805
0.575492
0.575179
0.574866
0.574396
0.574396
0.574083
0.573535
0.573301
0.572518
0.572361
0.572361
0.572283
0.571970
0.571500
0.571579
0.571266
0.571031
0.570405
0.570326
0.569778
0.569544
0.569387
0.569231
0.568761
0.568213
0.568135
0.567822
0.567822
0.567352
0.566804
0.566648
0.566491
0.566021
0.565552
0.565317
0.565004
0.564926
0.564769
0.564378
0.563908
0.563752
0.563595
0.563047
0.562656
0.562343
0.562343
0.561795
0.561560
0.560934
0.560464
0.560308
0.559995
0.559212
0.558899
0.558899
0.558351
0.558195
0.557960
0.557803
0.557725
0.557412
0.557255
0.557099
0.556238
0.555612
0.555533
0.555064
0.555064
0.555064
0.554438
0.554281
0.554359
0.553498
0.553029
0.552794
0.552168
0.552324
0.552246
0.551855
0.551776
0.551150
0.550446
0.550759
0.549898
0.549585
0.549272
0.549037
0.548880
0.548646
0.548411
0.548176
0.547706
0.547706
0.547393
0.546845
0.546845
0.546376
0.546141
0.545750
0.545593
0.545358
0.545123
0.544654
0.544184
0.543949
0.543167
0.543245
0.542775
0.542775
0.542462
0.542462
0.541758
0.541053
0.540819
0.540662
0.540427
0.539958
0.539723
0.539801
0.539410
0.539331
0.538940
0.538157
0.538001
0.537531
0.537296
0.537296
0.536670
0.537062
0.536357
0.536201
0.535888
0.535575
0.535105
0.534557
0.534400
0.534009
0.533774
0.533774
0.533461
0.533226
0.532835
0.532600
0.531896
0.531661
0.531348
0.531270
0.530800
0.530722
0.530409
0.530096
0.529626
0.529548
0.528765
0.528843
0.528139
0.527982
0.528061
0.527513
0.527748
0.527200
0.526730
0.526104
0.525869
0.525556
0.525399
0.525321
0.524930
0.524695
0.524304
0.524147
0.523678
0.523286
0.523364
0.522817
0.522112
0.522269
0.522190
0.521721
0.521564
0.521329
0.520860
0.519921
0.519529
0.519529
0.519451
0.518825
0.518590
0.518590
0.518277
0.517807
0.517729
0.517181
0.516790
0.516712
0.516477
0.516085
0.515851
0.515459
0.515459
0.514990
0.514990
0.514207
0.513816
0.513502
0.513581
0.513111
0.512876
0.512720
0.512485
0.512015
0.511702
0.511154
0.510450
0.510606
0.510606
0.510137
0.510137
0.509589
0.509511
0.509198
0.508963
0.508571
0.508258
0.507710
0.507789
0.507554
0.506928
0.506771
0.506302
0.505910
0.505519
0.505049
0.504971
0.504815
0.504501
0.504345
0.504188
0.503875
0.503327
0.502936
0.502936
0.502466
0.502232
0.502153
0.501840
0.501527
0.501136
0.500823
0.500353
0.500040
0.499336
0.499336
0.498866
0.498788
0.498788
0.498318
0.498240
0.497927
0.497301
0.497066
0.496909
0.496674
0.496048
0.496048
0.495579
0.495500
0.495187
0.494874
0.494170
0.493778
0.493622
0.493231
0.492996
0.492839
0.492604
0.492135
0.491900
0.491743
0.491274
0.490648
0.490413
0.490491
0.490100
0.489787
0.489474
0.489082
0.489161
0.488613
0.488300
0.487517
0.487673
0.487517
0.486969
0.486499
0.486265
0.486030
0.485638
0.485404
0.484934
0.484464
0.484073
0.484230
0.483916
0.483760
0.483134
0.482742
0.482273
0.482038
0.481881
0.481177
0.480786
0.480786
0.480629
0.480003
0.479768
0.479533
0.479299
0.478829
0.478438
0.478359
0.477811
0.477655
0.477185
0.477185
0.476324
0.476559
0.476089
0.475542
0.475150
0.475072
0.474681
0.474289
0.473820
0.473663
0.473428
0.473194
0.472959
0.472567
0.472254
0.471863
0.471550
0.471002
0.470845
0.470298
0.470141
0.469750
0.469671
0.469437
0.468810
0.468889
0.468654
0.468184
0.467715
0.467480
0.467088
0.466932
0.466462
0.466228
0.466228
0.465680
0.465132
0.464897
0.464584
0.464036
0.463958
0.463488
0.463097
0.462940
0.462627
0.462392
0.462079
0.461844
0.461140
0.460905
0.460592
0.460514
0.459888
0.459575
0.459418
0.459027
0.458635
0.458244
0.457931
0.457618
0.457540
0.457461
0.457070
0.456600
0.456522
0.456131
0.455583
0.455426
0.454957
0.454957
0.454800
0.454096
0.453704
0.453783
0.453548
0.453000
0.452687
0.452139
0.451591
0.451513
0.451043
0.450808
0.450495
0.450182
0.449556
0.449399
0.449165
0.449008
0.448695
0.448304
0.447912
0.447912
0.447599
0.447208
0.446582
0.446190
0.446034
0.445251
0.445486
0.445408
0.444938
0.444703
0.444312
0.444155
0.443608
0.443216
0.443060
0.442747
0.442825
0.442433
0.442277
0.441807
0.441494
0.441103
0.440555
0.440242
0.439851
0.439459
0.439224
0.438911
0.438442
0.438363
0.437972
0.437502
0.437424
0.437111
0.436798
0.436485
0.436407
0.435937
0.435702
0.435389
0.434920
0.434685
0.434137
0.433746
0.433667
0.433511
0.433198
0.433041
0.432493
0.432493
0.431632
0.431632
0.430850
0.431006
0.430536
0.430536
0.430067
0.429910
0.429597
0.429441
0.428580
0.428580
0.428032
0.427875
0.427484
0.427406
0.427249
0.426780
0.426545
0.426388
0.425840
0.425292
0.425058
0.424666
0.424745
0.424510
0.424197
0.423805
0.423492
0.423101
0.422788
0.422944
0.422788
0.422318
0.421927
0.421770
0.421379
0.421144
0.420988
0.420518
0.419970
0.419579
0.419344
0.419109
0.418874
0.418483
0.418483
0.418013
0.417387
0.417231
0.416761
0.416761
0.416448
0.416370
0.415900
0.415743
0.415587
0.415117
0.414726
0.414335
0.413865
0.413708
0.413708
0.413161
0.412926
0.412926
0.412378
0.411752
0.411282
0.410969
0.410499
0.410343
0.410499
0.410030
0.409873
0.409482
0.409169
0.408856
0.408151
0.408073
0.407760
0.407290
0.407447
0.406899
0.406742
0.406351
0.406273
0.405490
0.405490
0.405021
0.404551
0.404629
0.404160
0.404160
0.403925
0.403533
0.403142
0.402438
0.402203
0.401890
0.401264
0.400950
0.400559
0.400324
0.400324
0.399620
0.399620
0.399150
0.398915
0.398133
0.398289
0.397820
0.397507
0.397115
0.396724
0.396489
0.396411
0.395941
0.395393
0.395159
0.394845
0.395002
0.394298
0.394219
0.394141
0.393671
0.393202
0.393045
0.392810
0.392419
0.392184
0.391715
0.391558
0.391480
0.391088
0.390775
0.390541
0.389836
0.389523
0.389367
0.389367
0.388975
0.388662
0.388271
0.387801
0.387801
0.387175
0.386784
0.386549
0.386001
0.386001
0.385688
0.385375
0.385218
0.384983
0.384279
0.384279
0.383496
0.383262
0.382792
0.382792
0.382244
0.381853
0.381540
0.381305
0.380835
0.380835
0.380131
0.379896
0.379426
0.379191
0.378957
0.378957
0.378644
0.377861
0.377704
0.377548
0.377078
0.376609
0.376374
0.376061
0.375982
0.375278
0.375200
0.374652
0.374182
0.373869
0.373713
0.373321
0.373243
0.372773
0.372695
0.372225
0.372147
0.371521
0.371365
0.370817
0.370425
0.370034
0.369956
0.369329
0.369329
0.368860
0.368547
0.368155
0.367842
0.367608
0.367138
0.366903
0.366512
0.366042
0.366042
0.365964
0.365416
0.364712
0.364477
0.364242
0.364007
0.363616
0.363224
0.362990
0.362677
0.362129
0.362129
0.361424
0.360955
0.360328
0.360094
0.359781
0.359546
0.359233
0.359311
0.359076
0.358293
0.358372
0.357980
0.357589
0.357119
0.356806
0.356650
0.356572
0.356258
0.355711
0.355319
0.354928
0.354771
0.354223
0.353832
0.353597
0.353362
0.353049
0.352580
0.352345
0.352423
0.352032
0.351484
0.351171
0.350701
0.350388
0.349762
0.349762
0.349449
0.349058
0.348901
0.348823
0.348275
0.347884
0.347727
0.347414
0.347179
0.346788
0.346553
0.346318
0.345614
0.345457
0.345144
0.344753
0.344596
0.344361
0.344205
0.343657
0.343422
0.343031
0.342483
0.342092
0.342170
0.341622
0.341152
0.340839
0.340839
0.340213
0.340135
0.339587
0.339274
0.338883
0.338569
0.338335
0.338256
0.337943
0.337395
0.337552
0.337161
0.336613
0.336221
0.335752
0.335439
0.334969
0.334891
0.334734
0.334421
0.333952
0.333873
0.333482
0.333247
0.332621
0.332308
0.332230
0.332151
0.331917
0.331525
0.330977
0.330821
0.330429
0.329803
0.329647
0.329099
0.329099
0.328786
0.328707
0.328316
0.328160
0.327612
0.327064
0.326829
0.326203
0.325968
0.325811
0.325577
0.325342
0.325185
0.324794
0.324403
0.324011
0.323855
0.323542
0.323229
0.322837
0.322524
0.322133
0.322133
0.321507
0.321428
0.321115
0.320802
0.320411
0.319863
0.319628
0.319315
0.318924
0.318611
0.318219
0.317906
0.317515
0.317202
0.316810
0.316654
0.316263
0.315636
0.315558
0.315089
0.314932
0.314462
0.314149
0.313836
0.313758
0.313367
0.313210
0.312662
0.312506
0.312271
0.311723
0.311253
0.310940
0.310862
0.310392
0.310001
0.309610
0.309218
0.309140
0.308749
0.308514
0.308279
0.307888
0.307340
0.307262
0.306401
0.306479
0.306009
0.305853
0.305305
0.305070
0.304757
0.304052
0.303896
0.303739
0.303192
0.302722
0.302800
0.302174
0.301861
0.301470
0.301078
0.300922
0.300217
0.300374
0.299904
0.299513
0.299043
0.298808
0.298339
0.297947
0.297713
0.297634
0.296930
0.296930
0.296382
0.295912
0.295756
0.295130
0.294817
0.294425
0.294190
0.293799
0.293486
0.293173
0.293016
0.292625
0.292312
0.291999
0.291451
0.291138
0.291060
0.290590
0.290434
0.289729
0.289729
0.289416
0.288790
0.288477
0.288085
0.287772
0.287459
0.286990
0.286598
0.286285
0.286285
0.285972
0.285346
0.285189
0.284798
0.284407
0.283937
0.283624
0.283624
0.283311
0.283076
0.282685
0.282450
0.281980
0.281433
0.281119
0.280728
0.280180
0.279789
0.279554
0.279163
0.278850
0.278537
0.277910
0.277832
0.277284
0.276893
0.276893
0.276423
0.276188
0.275875
0.275406
0.275093
0.274936
0.274310
0.274153
0.273449
0.273292
0.272979
0.272823
0.272431
0.272275
0.271727
0.271414
0.270710
0.270318
0.270083
0.269849
0.269457
0.268909
0.268831
0.268518
0.268361
0.267657
0.267344
0.266718
0.266718
0.266326
0.265935
0.265935
0.265779
0.264918
0.264761
0.264526
0.264291
0.263665
0.263430
0.263430
0.263274
0.262804
0.262804
0.262413
0.261865
0.261709
0.261239
0.260534
0.260143
0.259987
0.259752
0.259204
0.259126
0.258656
0.258343
0.257873
0.257560
0.256934
0.256621
0.256386
0.256308
0.255995
0.255682
0.255603
0.255134
0.254429
0.254038
0.253960
0.253647
0.253412
0.253255
0.252942
0.252473
0.252316
0.252003
0.251220
0.250672
0.250438
0.250281
0.250125
0.249890
0.249498
0.249264
0.248794
0.248794
0.247933
0.247698
0.247698
0.247307
0.247150
0.246837
0.246289
0.246133
0.245741
0.245350
0.244881
0.244411
0.244333
0.243706
0.243863
0.243315
0.243159
0.242924
0.242611
0.241906
0.241906
0.241671
0.241202
0.240810
0.240341
0.239871
0.239793
0.239167
0.239089
0.238384
0.237993
0.237993
0.237523
0.237054
0.236897
0.236584
0.236271
0.235801
0.235332
0.235097
0.234784
0.234314
0.233923
0.234158
0.233610
0.233453
0.232827
0.232436
0.232514
0.231888
0.231496
0.231105
0.230792
0.230635
0.230166
0.230166
0.229618
0.229305
0.229148
0.228444
0.228209
0.227583
0.227739
0.227426
0.227192
0.226644
0.226252
0.225783
0.225470
0.225235
0.225000
0.224452
0.224139
0.224061
0.223669
0.223356
0.223122
0.222965
0.222182
0.221713
0.221478
0.221243
0.220930
0.220539
0.220069
0.219678
0.219130
0.218660
0.218504
0.217877
0.217486
0.217330
0.217016
0.216938
0.216625
0.216156
0.215842
0.215216
0.214903
0.214512
0.214277
0.214042
0.213573
0.213416
0.213260
0.212790
0.212164
0.211851
0.211616
0.211068
0.210598
0.210442
0.209894
0.209346
0.209503
0.208563
0.208250
0.208250
0.207546
0.207389
0.207076
0.206763
0.206294
0.206059
0.205433
0.205198
0.204728
0.204259
0.204259
0.203711
0.203398
0.202850
0.202615
0.202067
0.201754
0.201284
0.200893
0.200502
0.199954
0.200110
0.199406
0.198701
0.198701
0.198545
0.197840
0.197684
0.197136
0.196666
0.196353
0.195962
0.195805
0.195257
0.194788
0.194240
0.194318
0.193849
0.193770
0.193144
0.192753
0.192440
0.191970
0.191109
0.191031
0.190483
0.190013
0.189935
0.189231
0.189387
0.188605
0.188448
0.188213
0.187509
0.187352
0.186961
0.186648
0.186022
0.186022
0.185787
0.185239
0.184848
0.184613
0.184378
0.183987
0.183282
0.183204
0.182578
0.182265
0.182108
0.181482
0.180934
0.180699
0.180386
0.179838
0.179525
0.179056
0.178586
0.178508
0.178351
0.177882
0.177255
0.176864
0.176394
0.176394
0.175847
0.175455
0.175064
0.174594
0.174594
0.174046
0.173655
0.173185
0.173107
0.173107
0.172638
0.172324
0.171777
0.171463
0.170916
0.170916
0.170055
0.169742
0.169428
0.169272
0.169037
0.168724
0.168254
0.167941
0.167628
0.167159
0.166767
0.166532
0.166219
0.165750
0.165593
0.165202
0.164889
0.164889
0.164184
0.163715
0.163089
0.162619
0.162384
0.162071
0.161915
0.161915
0.161367
0.160740
0.160740
0.159880
0.159723
0.159175
0.159175
0.158471
0.158471
0.157923
0.157218
0.157062
0.156592
0.156044
0.155575
0.155653
0.155340
0.155027
0.154635
0.154009
0.154009
0.153383
0.152914
0.152679
0.152209
0.152053
0.151661
0.151583
0.151035
0.150879
0.150565
0.150018
0.149470
0.148922
0.148374
0.148061
0.147748
0.147748
0.147122
0.146730
0.146574
0.146339
0.145713
0.145165
0.145165
0.144773
0.144460
0.144069
0.143912
0.143678
0.143365
0.142738
0.142112
0.141721
0.141564
0.141251
0.140625
0.140625
0.140156
0.139764
0.139373
0.138981
0.138590
0.138121
0.137964
0.137651
0.137103
0.136555
0.136477
0.136164
0.135851
0.135538
0.134833
0.134285
0.133816
0.133737
0.133503
0.133190
0.132720
0.132329
0.131859
0.131468
0.130841
0.130528
0.130294
0.129980
0.129824
0.129276
0.129198
0.128806
0.128415
0.127711
0.127554
0.127006
0.126693
0.126224
0.126145
0.125597
0.125128
0.124893
0.124736
0.123954
0.123641
0.123249
0.122936
0.123014
0.122388
0.122232
0.121371
0.121214
0.120588
0.120510
0.119805
0.119414
0.119179
0.118710
0.118397
0.117927
0.117457
0.117066
0.116753
0.115970
0.115814
0.115344
0.115187
0.114796
0.114483
0.114170
0.113857
0.113309
0.112839
0.112526
0.111665
0.111822
0.111509
0.111117
0.110961
0.110256
0.109943
0.109552
0.108926
0.108456
0.107752
0.107674
0.107282
0.106969
0.106421
0.106343
0.106030
0.105482
0.105012
0.104151
0.103995
0.103838
0.103369
0.103056
0.102508
0.102116
0.101960
0.101412
0.100708
0.099847
0.099612
0.099299
0.099064
0.098673
0.098203
0.097733
0.097420
0.097029
0.096481
0.095933
0.095777
0.095150
0.094994
0.094681
0.094133
0.093898
0.093272
0.092881
0.092411
0.091628
0.091785
0.091315
0.090924
0.090141
0.089593
0.089515
0.089280
0.088497
0.088028
0.087480
0.087323
0.087167
0.086619
0.086306
0.085836
0.085523
0.084975
0.084584
0.084114
0.083566
0.083253
0.082940
0.082471
0.082158
0.081610
0.081453
0.080670
0.079888
0.079810
0.078792
0.078479
0.078322
0.078166
0.077305
0.077148
0.076835
0.076600
0.075974
0.075348
0.075113
0.074879
0.074409
0.074252
0.073704
0.073000
0.072687
0.072296
0.071983
0.071513
0.071122
0.070495
0.070574
0.069948
0.069556
0.069087
0.068382
0.068226
0.067834
0.067365
0.066817
0.066738
0.066112
0.065878
0.065643
0.065017
0.064860
0.064312
0.063999
0.063529
0.062825
0.062590
0.062355
0.061807
0.061181
0.060790
0.060555
0.059929
0.059146
0.058911
0.058677
0.057972
0.057816
0.057424
0.057111
0.056563
0.056172
0.055937
0.055546
0.055076
0.054685
0.054059
0.054059
0.053354
0.052728
0.052180
0.051867
0.051789
0.051398
0.050693
0.050380
0.049989
0.049597
0.048893
0.048580
0.047719
0.047641
0.047171
0.046701
0.046310
0.046232
0.045606
0.045214
0.044745
0.044353
0.043649
0.043258
0.042944
0.042475
0.042240
0.041849
0.041849
0.040988
0.040596
0.039735
0.039266
0.038874
0.038327
0.038092
0.037544
0.037074
0.036918
0.036605
0.036135
0.035352
0.035039
0.034570
0.034100
0.033943
0.033474
0.033317
0.032613
0.032143
0.031908
0.030891
0.030734
0.030186
0.029639
0.029639
0.029326
0.028699
0.027917
0.027838
0.027525
0.026586
0.026116
0.025569
0.025569
0.025021
0.024786
0.024081
0.023768
0.023299
0.023064
0.022360
0.022046
0.021733
0.021342
0.021107
0.020872
0.020481
0.019620
0.019307
0.018681
0.018368
0.017507
0.016724
0.016411
0.016176
0.015863
0.015159
0.015080
0.014298
0.014141
0.013202
0.012732
0.012419
0.012184
0.011558
0.010932
0.010776
0.009993
0.009758
0.009367
0.008897
0.007958
0.007488
0.007253
0.007019
0.006549
0.005845
0.005845
0.004827
0.004671
0.004279
0.003418
0.003183
0.002557
0.002322
0.001931
0.001461
0.001227
0.000835
0.000287
-0.000495
-0.001200
-0.001669
-0.002139
-0.002139
-0.002687
-0.003470
-0.003939
-0.004174
-0.004409
-0.005191
-0.005739
-0.006444
-0.006992
-0.007070
-0.007618
-0.008166
-0.008479
-0.008870
-0.009261
-0.010122
-0.010670
-0.011375
-0.011923
-0.012079
-0.012392
-0.013253
-0.013488
-0.013879
-0.014584
-0.015132
-0.016228
-0.016384
-0.016775
-0.017323
-0.017715
-0.018106
-0.018419
-0.019045
-0.019280
-0.020298
-0.021002
-0.021550
-0.022019
-0.022724
-0.023115
-0.023428
-0.023820
-0.024133
-0.025229
-0.025698
-0.026559
-0.027264
-0.027107
-0.027733
-0.028281
-0.028829
-0.029377
-0.029768
-0.030316
-0.031020
-0.032038
-0.032429
-0.032586
-0.032977
-0.033369
-0.034230
-0.034543
-0.035247
-0.035638
-0.036186
-0.036891
-0.037830
-0.037987
-0.038378
-0.039004
-0.039239
-0.040100
-0.040726
-0.041430
-0.042057
-0.042448
-0.043309
-0.043700
-0.043778
-0.044405
-0.045266
-0.045892
-0.046205
-0.046283
-0.047144
-0.047692
-0.048866
-0.049414
-0.049962
-0.050197
-0.051058
-0.051605
-0.052153
-0.052779
-0.053249
-0.053797
-0.054423
-0.055441
-0.055675
-0.055832
-0.056615
-0.057006
-0.057945
-0.058415
-0.059119
-0.059589
-0.060528
-0.060920
-0.061467
-0.062094
-0.062407
-0.063502
-0.063894
-0.064598
-0.065068
-0.065694
-0.066320
-0.066712
-0.067338
-0.067807
-0.068277
-0.068903
-0.069608
-0.070155
-0.070938
-0.071799
-0.072269
-0.072660
-0.073208
-0.073912
-0.074382
-0.075008
-0.075556
-0.076026
-0.076730
-0.077434
-0.078217
-0.078687
-0.079078
-0.079626
-0.080252
-0.081505
-0.082052
-0.082365
-0.082992
-0.083226
-0.083931
-0.084948
-0.085496
-0.085809
-0.086201
-0.087140
-0.087610
-0.088236
-0.088940
-0.089566
-0.090349
-0.090740
-0.091523
-0.091993
-0.092462
-0.093088
-0.093949
-0.094497
-0.094810
-0.095515
-0.096219
-0.096611
-0.097158
-0.097706
-0.098333
-0.099115
-0.100054
-0.100681
-0.100994
-0.101542
-0.102637
-0.103107
-0.103498
-0.103890
-0.104203
-0.104829
-0.106003
-0.106629
-0.107177
-0.107568
-0.108429
-0.109134
-0.109603
-0.109838
-0.110543
-0.111325
-0.111873
-0.112734
-0.113439
-0.113752
-0.114378
-0.115004
-0.115708
-0.116178
-0.116569
-0.117196
-0.118057
-0.119152
-0.120013
-0.120639
-0.121109
-0.122048
-0.122753
-0.123379
-0.123535
-0.124162
-0.124866
-0.125805
-0.126666
-0.127058
-0.127605
-0.128466
-0.129093
-0.129562
-0.130188
-0.130423
-0.131284
-0.132458
-0.132849
-0.133476
-0.134180
-0.134806
-0.135589
-0.135980
-0.136450
-0.136920
-0.137624
-0.138798
-0.139502
-0.140050
-0.140520
-0.141381
-0.141694
-0.142555
-0.143181
-0.143416
-0.144120
-0.145060
-0.145921
-0.146625
-0.147095
-0.147721
-0.148425
-0.148973
-0.149912
-0.150147
-0.150852
-0.151947
-0.152808
-0.153356
-0.153982
-0.154217
-0.154843
-0.155626
-0.156409
-0.156722
-0.157661
-0.158131
-0.159618
-0.160400
-0.161183
-0.161418
-0.162201
-0.162905
-0.163375
-0.164001
-0.164470
-0.165018
-0.166271
-0.167132
-0.167836
-0.167914
-0.168697
-0.169323
-0.169949
-0.170810
-0.171280
-0.171906
-0.173080
-0.173863
-0.174411
-0.174880
-0.175585
-0.176289
-0.176915
-0.177463
-0.177855
-0.178637
-0.179733
-0.180751
-0.181455
-0.182159
-0.182473
-0.183177
-0.183803
-0.184273
-0.184899
-0.185447
-0.185916
-0.187325
-0.188108
-0.188421
-0.189047
-0.189595
-0.190456
-0.191004
-0.191474
-0.192100
-0.192648
-0.193900
-0.194996
-0.195857
-0.196013
-0.196483
-0.197266
-0.197735
-0.198596
-0.198909
-0.199927
-0.201336
-0.202118
-0.202901
-0.203371
-0.203605
-0.204310
-0.204858
-0.205562
-0.206032
-0.206736
-0.207362
-0.208849
-0.209632
-0.210180
-0.210650
-0.210728
-0.211745
-0.212528
-0.212998
-0.213467
-0.214094
-0.215502
-0.216207
-0.216833
-0.217224
-0.217929
-0.218555
-0.218946
-0.219651
-0.220277
-0.221060
-0.221999
-0.223016
-0.223564
-0.224034
-0.224503
-0.224660
-0.225286
-0.226147
-0.226773
-0.227321
-0.227869
-0.228965
-0.229982
-0.230452
-0.230765
-0.231235
-0.231939
-0.232957
-0.233113
-0.233739
-0.234287
-0.234992
-0.235774
-0.236635
-0.237261
-0.237340
-0.238044
-0.238670
-0.238983
-0.239844
-0.240470
-0.241331
-0.242740
-0.243132
-0.243601
-0.244071
-0.244619
-0.245323
-0.245871
-0.246341
-0.246810
-0.247515
-0.248454
-0.248845
-0.249706
-0.250176
-0.250332
-0.250880
-0.251272
-0.252133
-0.252759
-0.253150
-0.253933
-0.254637
-0.255498
-0.255577
-0.256359
-0.256751
-0.257064
-0.257768
-0.258081
-0.258316
-0.259177
-0.260116
-0.260351
-0.260899
-0.261368
-0.261995
-0.262151
-0.262699
-0.263169
-0.263873
-0.264186
-0.264499
-0.265282
-0.265908
-0.266456
-0.266534
-0.267082
-0.267474
-0.267943
-0.268569
-0.269195
-0.269274
-0.270213
-0.270604
-0.271387
-0.271622
-0.271700
-0.272326
-0.272718
-0.273031
-0.273579
-0.273892
-0.274048
-0.274674
-0.275535
-0.275927
-0.276553
-0.276709
-0.277257
-0.277570
-0.277962
-0.278275
-0.278275
-0.279057
-0.279684
-0.280232
-0.280388
-0.280701
-0.281092
-0.281797
-0.282110
-0.282658
-0.282893
-0.283128
-0.283441
-0.284067
-0.284302
-0.284849
-0.285554
-0.285241
-0.285867
-0.286102
-0.286571
-0.286884
-0.287119
-0.287745
-0.287824
-0.288372
-0.288763
-0.289076
-0.289233
-0.289467
-0.289624
-0.290172
-0.290407
-0.290563
-0.291111
-0.291659
-0.291815
-0.292129
-0.292520
-0.292442
-0.292676
-0.292989
-0.293616
-0.293850
-0.294164
-0.294477
-0.295025
-0.294946
-0.295416
-0.295729
-0.295807
-0.295964
-0.296199
-0.296512
-0.296590
-0.296981
-0.296668
-0.297294
-0.297529
-0.297920
-0.297842
-0.297842
-0.298155
-0.298468
-0.298703
-0.298703
-0.298938
-0.299408
-0.299408
-0.299486
-0.299956
-0.299877
-0.300425
-0.300503
-0.300895
-0.300973
-0.301130
-0.301130
-0.301364
-0.301599
-0.301677
-0.301912
-0.302147
-0.302147
-0.302225
-0.302460
-0.302851
-0.302695
-0.302773
-0.302930
-0.303165
-0.302851
-0.303243
-0.303478
-0.303478
-0.303556
-0.303634
-0.304026
-0.303947
-0.304260
-0.304495
-0.304417
-0.304417
-0.304573
-0.304652
-0.304808
-0.304730
-0.304965
-0.304965
-0.305121
-0.304887
-0.305200
-0.305278
-0.305278
-0.305669
-0.305356
-0.305356
-0.305278
-0.305669
-0.306061
-0.305591
-0.305826
-0.305591
-0.305669
-0.305982
-0.305826
-0.306061
-0.305982
-0.305982
-0.306217
-0.306139
-0.305826
-0.306139
-0.306374
-0.306608
-0.306608
-0.306374
-0.306295
-0.306295
-0.306452
-0.306217
-0.305982
-0.306139
-0.306139
-0.306217
-0.305982
-0.305904
-0.306061
-0.305904
-0.305826
-0.305747
-0.305904
-0.305904
-0.305669
-0.305904
-0.305591
-0.305513
-0.306139
-0.306061
-0.305826
-0.305826
-0.305826
-0.305904
-0.305591
-0.305826
-0.305826
-0.305513
-0.305591
-0.305591
-0.305591
-0.305356
-0.305669
-0.305513
-0.305747
-0.305591
-0.305826
-0.305747
-0.305591
-0.305513
-0.305513
-0.305513
-0.305043
-0.305200
-0.305043
-0.305200
-0.305278
-0.305356
-0.305121
-0.305121
-0.305121
-0.304965
-0.304730
-0.305043
-0.304573
-0.305043
-0.304965
-0.304652
-0.304730
-0.304652
-0.304652
-0.304339
-0.304495
-0.304260
-0.304573
-0.304104
-0.304026
-0.304104
-0.304104
-0.304260
-0.303947
-0.304026
-0.303869
-0.304104
-0.303791
-0.303634
-0.303556
-0.303712
-0.303791
-0.303478
-0.303634
-0.303399
-0.303321
-0.303243
-0.303086
-0.302851
-0.302930
-0.302695
-0.302538
-0.302695
-0.302851
-0.303165
-0.303086
-0.302695
-0.302695
-0.302538
-0.302851
-0.302460
-0.302538
-0.302225
-0.302069
-0.302225
-0.302304
-0.302382
-0.302460
-0.301991
-0.301991
-0.302069
-0.301834
-0.301756
-0.301599
-0.301834
-0.301756
-0.301599
-0.301756
-0.301364
-0.301443
-0.301286
-0.301443
-0.301286
-0.301364
-0.300973
-0.300973
-0.300973
-0.300973
-0.300738
-0.300895
-0.300895
-0.300895
-0.300895
-0.300895
-0.300503
-0.300347
-0.300503
-0.300582
-0.300582
-0.300503
-0.300425
-0.300190
-0.299877
-0.300112
-0.300034
-0.300034
-0.299877
-0.299721
-0.299799
-0.299799
-0.300112
-0.299564
-0.299329
-0.299408
-0.299486
-0.299408
-0.299486
-0.299329
-0.299329
-0.299329
-0.299486
-0.299564
-0.299329
-0.299095
-0.299251
-0.299251
-0.299173
-0.299016
-0.298860
-0.299173
-0.299251
-0.299329
-0.299329
-0.298781
-0.299016
-0.298860
-0.298781
-0.298781
-0.298781
-0.298547
-0.298703
-0.298781
-0.298703
-0.299016
-0.298860
-0.298625
-0.298547
-0.298703
-0.298468
-0.298547
-0.298312
-0.298547
-0.298703
-0.298938
-0.298703
-0.298781
-0.298547
-0.298155
-0.298234
-0.298312
-0.298390
-0.298312
-0.298468
-0.298390
-0.298547
-0.298468
-0.298234
-0.298234
-0.298077
-0.298155
-0.298390
-0.297999
-0.297999
-0.298312
-0.298390
-0.298468
-0.298234
-0.298077
-0.297999
-0.298312
-0.298312
-0.298234
-0.298155
-0.298077
-0.298312
-0.298390
-0.298547
-0.298625
-0.298547
-0.298155
-0.298234
-0.298547
-0.298312
-0.298155
-0.298234
-0.298390
-0.298781
-0.298547
-0.298860
-0.298547
-0.298703
-0.298781
-0.298468
-0.298703
-0.298703
-0.298547
-0.298703
-0.298938
-0.299251
-0.299251
-0.299016
-0.299173
-0.299173
-0.298703
-0.299251
-0.299251
-0.299173
-0.299329
-0.299329
-0.299251
-0.299486
-0.299486
-0.299564
-0.299329
-0.299251
-0.299408
-0.299251
-0.299251
-0.299408
-0.299956
-0.300112
-0.300112
-0.300112
-0.299799
-0.299721
-0.299877
-0.300112
-0.300034
-0.300347
-0.300269
-0.300269
-0.300347
-0.300425
-0.300816
-0.300660
-0.300738
-0.300660
-0.301130
-0.300816
-0.300895
-0.300973
-0.301130
-0.301599
-0.301677
-0.301756
-0.301521
-0.301599
-0.301521
-0.301677
-0.301912
-0.301756
-0.301834
-0.301991
-0.302304
-0.302460
-0.302538
-0.302304
-0.302617
-0.302460
-0.302538
-0.302538
-0.302538
-0.302773
-0.302695
-0.302930
-0.303008
-0.303243
-0.303165
-0.303243
-0.303321
-0.303399
-0.303556
-0.303478
-0.303399
-0.303712
-0.304026
-0.303791
-0.304182
-0.304182
-0.304104
-0.304652
-0.304652
-0.304260
-0.304730
-0.304573
-0.304730
-0.305121
-0.305434
-0.305278
-0.305747
-0.305591
-0.305591
-0.305591
-0.305591
-0.305982
-0.306061
-0.305982
-0.306217
-0.306295
-0.306608
-0.306452
-0.306608
-0.306843
-0.307156
-0.307000
-0.307156
-0.307391
-0.307469
-0.307391
-0.307626
-0.307626
-0.307861
-0.307939
-0.307704
-0.307861
-0.308409
-0.308565
-0.308330
-0.308330
-0.308643
-0.309191
-0.308800
-0.309113
-0.309191
-0.309270
-0.308957
-0.309661
-0.309661
-0.309739
-0.310209
-0.310131
-0.310287
-0.310365
-0.310209
-0.310600
-0.310757
-0.310678
-0.311070
-0.311148
-0.311226
-0.311305
-0.311774
-0.311696
-0.312322
-0.312166
-0.312322
-0.312635
-0.312479
-0.312635
-0.312713
-0.313105
-0.312948
-0.313340
-0.313183
-0.313574
-0.313888
-0.313888
-0.314044
-0.314044
-0.313966
-0.314279
-0.314514
-0.314905
-0.314983
-0.314983
-0.315218
-0.315375
-0.315296
-0.315453
-0.315609
-0.315844
-0.316236
-0.316314
-0.316236
-0.316549
-0.316862
-0.316862
-0.316784
-0.317253
-0.317097
-0.317488
-0.317488
-0.317879
-0.318349
-0.318271
-0.318271
-0.318740
-0.318975
-0.318662
-0.318897
-0.319210
-0.319366
-0.319523
-0.319445
-0.319758
-0.320149
-0.320462
-0.320540
-0.320384
-0.320619
-0.321167
-0.321245
-0.321323
-0.321636
-0.321793
-0.322028
-0.322262
-0.322419
-0.322419
-0.322497
-0.322810
-0.323045
-0.323358
-0.323436
-0.323358
-0.323750
-0.323671
-0.324141
-0.324219
-0.324219
-0.324454
-0.324767
-0.324924
-0.325080
-0.325002
-0.325237
-0.325471
-0.325706
-0.325863
-0.326176
-0.326098
-0.326567
-0.326802
-0.326489
-0.326802
-0.327272
-0.327350
-0.327428
-0.327428
-0.327898
-0.327898
-0.328054
-0.328367
-0.328524
-0.328602
-0.328837
-0.329150
-0.329072
-0.329698
-0.329620
-0.329698
-0.330089
-0.330481
-0.330559
-0.330794
-0.330950
-0.330872
-0.331107
-0.331263
-0.331733
-0.331655
-0.332437
-0.332516
-0.332907
-0.332907
-0.332985
-0.333377
-0.333455
-0.333377
-0.333768
-0.333925
-0.334159
-0.334316
-0.334394
-0.334472
-0.334942
-0.335255
-0.335333
-0.335490
-0.335803
-0.335881
-0.335881
-0.336116
-0.336351
-0.336351
-0.336586
-0.337055
-0.337368
-0.337838
-0.338073
-0.338073
-0.338073
-0.338229
-0.338464
-0.338934
-0.338777
-0.339090
-0.339403
-0.340030
-0.339873
-0.340264
-0.340578
-0.340891
-0.340734
-0.341047
-0.341282
-0.341360
-0.341517
-0.342065
-0.342065
-0.342378
-0.342769
-0.342847
-0.342769
-0.343160
-0.343317
-0.343787
-0.343474
-0.343865
-0.343943
-0.344334
-0.344804
-0.344961
-0.345039
-0.345665
-0.345665
-0.345900
-0.345822
-0.345978
-0.346135
-0.346761
-0.346761
-0.347230
-0.347544
-0.347544
-0.347935
-0.347857
-0.347778
-0.348091
-0.348483
-0.348796
-0.348718
-0.349187
-0.349265
-0.349422
-0.349657
-0.349970
-0.350205
-0.350283
-0.350518
-0.350674
-0.350909
-0.350987
-0.351300
-0.351614
-0.351614
-0.352240
-0.352240
-0.352709
-0.352944
-0.353257
-0.353257
-0.353492
-0.353492
-0.354040
-0.354040
-0.354353
-0.354744
-0.354901
-0.355057
-0.355371
-0.355684
-0.355997
-0.355997
-0.356231
-0.356545
-0.356388
-0.357014
-0.357014
-0.357640
-0.357875
-0.357875
-0.358110
-0.358345
-0.358345
-0.358580
-0.358736
-0.358893
-0.359597
-0.359597
-0.359832
-0.360145
-0.360302
-0.360849
-0.361319
-0.361554
-0.361867
-0.362102
-0.362258
-0.362728
-0.362728
-0.363119
-0.363354
-0.363432
-0.363667
-0.364137
-0.364450
-0.364528
-0.364606
-0.364606
-0.364763
-0.365154
-0.365311
-0.365311
-0.365780
-0.366485
-0.366798
-0.366798
-0.366720
-0.367111
-0.367346
-0.367894
-0.367894
-0.368050
-0.368128
-0.368442
-0.368911
-0.369224
-0.369068
-0.369459
-0.369772
-0.369772
-0.370164
-0.370477
-0.370398
-0.370711
-0.371181
-0.371338
-0.371651
-0.371964
-0.372120
-0.372433
-0.372668
-0.372981
-0.373294
-0.373373
-0.373451
-0.373686
-0.373764
-0.374077
-0.374468
-0.374860
-0.375016
-0.375251
-0.375564
-0.375799
-0.376112
-0.376660
-0.376503
-0.377130
-0.377208
-0.377286
-0.377756
-0.377677
-0.378069
-0.378382
-0.378538
-0.378538
-0.379008
-0.379165
-0.379165
-0.379791
-0.380026
-0.380339
-0.380573
-0.381043
-0.381200
-0.381434
-0.381747
-0.382061
-0.382217
-0.382295
-0.382687
-0.382921
-0.383313
-0.383782
-0.383782
-0.383861
-0.384409
-0.384957
-0.384800
-0.384878
-0.385270
-0.385661
-0.385739
-0.386365
-0.386600
-0.386600
-0.386913
-0.387226
-0.387461
-0.387931
-0.388244
-0.388166
-0.388244
-0.388479
-0.388792
-0.389105
-0.389261
-0.389888
-0.390044
-0.390122
-0.390357
-0.390905
-0.391062
-0.391218
-0.391453
-0.391844
-0.392392
-0.392314
-0.392783
-0.393018
-0.393331
-0.393801
-0.394036
-0.394271
-0.394271
-0.394584
-0.394975
-0.395288
-0.395523
-0.395758
-0.395993
-0.396384
-0.396619
-0.396854
-0.396854
-0.397167
-0.397323
-0.397793
-0.398028
-0.398341
-0.398497
-0.398575
-0.398810
-0.399045
-0.399436
-0.399906
-0.399984
-0.400141
-0.400610
-0.400689
-0.401158
-0.401550
-0.401706
-0.401941
-0.402411
-0.402489
-0.403037
-0.403115
-0.403350
-0.403663
-0.403820
-0.404524
-0.404524
-0.404994
-0.405150
-0.405072
-0.405463
-0.405698
-0.405933
-0.405933
-0.406794
-0.406872
-0.406950
-0.407263
-0.407498
-0.407968
-0.408359
-0.408594
-0.408985
-0.408751
-0.409377
-0.409611
-0.409768
-0.409925
-0.410316
-0.410629
-0.410629
-0.411020
-0.411725
-0.411960
-0.411803
-0.412116
-0.412351
-0.412664
-0.413055
-0.413368
-0.413682
-0.414151
-0.414386
-0.414542
-0.415012
-0.414934
-0.415169
-0.415325
-0.415873
-0.416108
-0.416186
-0.416499
-0.416969
-0.417204
-0.417438
-0.417752
-0.418378
-0.418299
-0.418378
-0.418613
-0.418926
-0.419239
-0.419552
-0.419943
-0.420413
-0.420491
-0.420569
-0.421039
-0.421195
-0.421352
-0.421978
-0.421822
-0.422369
-0.422604
-0.422761
-0.422839
-0.423387
-0.423857
-0.424091
-0.424483
-0.424561
-0.424952
-0.424952
-0.425422
-0.425422
-0.425970
-0.426205
-0.426439
-0.426753
-0.426987
-0.427300
-0.427300
-0.427692
-0.428083
-0.428318
-0.428318
-0.428709
-0.428866
-0.429101
-0.429414
-0.429492
-0.430040
-0.430431
-0.430666
-0.431057
-0.431214
-0.431762
-0.431762
-0.431997
-0.432388
-0.432858
-0.433171
-0.433092
-0.433406
-0.433875
-0.434423
-0.434580
-0.435127
-0.434736
-0.435284
-0.435362
-0.435675
-0.435910
-0.436301
-0.436693
-0.437319
-0.437319
-0.437397
-0.437867
-0.438102
-0.438180
-0.438415
-0.438415
-0.439041
-0.439041
-0.439589
-0.439745
-0.440058
-0.440293
-0.440528
-0.441154
-0.441467
-0.441546
-0.442015
-0.442093
-0.442407
-0.442720
-0.443189
-0.443502
-0.443815
-0.444207
-0.444442
-0.444520
-0.444989
-0.444989
-0.445459
-0.445694
-0.445616
-0.446007
-0.446085
-0.446711
-0.446633
-0.446868
-0.447259
-0.447651
-0.447729
-0.448198
-0.448198
-0.448746
-0.448668
-0.449059
-0.449529
-0.449764
-0.449999
-0.450390
-0.450625
-0.450625
-0.451329
-0.451329
-0.451721
-0.451955
-0.452190
-0.452660
-0.452816
-0.452738
-0.453208
-0.453756
-0.453990
-0.454225
-0.454773
-0.454617
-0.454617
-0.455321
-0.455478
-0.455712
-0.455791
-0.456260
-0.456495
-0.456652
-0.457200
-0.457513
-0.458060
-0.458060
-0.458452
-0.458765
-0.458843
-0.459156
-0.459156
-0.459861
-0.460017
-0.460409
-0.460643
-0.461348
-0.461348
-0.461583
-0.461661
-0.461739
-0.462209
-0.462522
-0.462913
-0.462991
-0.463383
-0.463696
-0.464166
-0.464322
-0.464557
-0.465027
-0.465418
-0.465340
-0.465809
-0.466279
-0.466201
-0.466435
-0.466748
-0.467062
-0.467218
-0.467688
-0.468157
-0.468314
-0.468705
-0.468862
-0.469175
-0.469253
-0.469566
-0.469801
-0.470192
-0.470505
-0.471132
-0.471523
-0.471601
-0.471836
-0.472071
-0.472540
-0.472932
-0.472853
-0.473245
-0.473558
-0.473793
-0.473949
-0.474106
-0.474654
-0.474732
-0.475202
-0.475358
-0.475593
-0.476141
-0.476454
-0.476689
-0.476845
-0.477158
-0.477315
-0.477706
-0.478176
-0.478019
-0.478489
-0.478802
-0.478802
-0.479350
-0.479585
-0.479819
-0.480211
-0.480524
-0.480524
-0.481385
-0.481698
-0.481776
-0.482402
-0.482715
-0.482950
-0.483185
-0.483420
-0.483733
-0.483655
-0.484281
-0.484594
-0.484750
-0.485142
-0.485298
-0.485611
-0.485611
-0.486316
-0.486394
-0.486629
-0.486629
-0.487255
-0.487490
-0.487646
-0.488351
-0.488507
-0.488821
-0.488977
-0.489447
-0.489603
-0.489760
-0.490542
-0.490934
-0.491012
-0.491403
-0.491482
-0.491873
-0.491873
-0.492734
-0.492812
-0.493282
-0.493438
-0.493752
-0.494221
-0.494378
-0.494456
-0.495004
-0.495239
-0.495473
-0.495865
-0.495865
-0.496100
-0.496413
-0.496882
-0.497117
-0.497430
-0.497822
-0.498369
-0.498135
-0.498448
-0.498839
-0.498996
-0.499387
-0.499778
-0.500013
-0.500404
-0.500952
-0.501109
-0.501265
-0.501892
-0.502439
-0.502439
-0.502674
-0.502909
-0.503222
-0.503379
-0.503614
-0.504083
-0.504474
-0.504709
-0.505101
-0.505492
-0.505414
-0.505883
-0.506196
-0.506118
-0.506666
-0.507057
-0.506979
-0.507214
-0.507605
-0.507997
-0.508075
-0.508466
-0.508936
-0.509092
-0.509484
-0.509640
-0.509562
-0.510032
-0.510345
-0.510580
-0.511206
-0.511127
-0.511519
-0.512223
-0.512145
-0.512458
-0.512615
-0.513162
-0.513397
-0.513710
-0.513945
-0.514023
-0.514728
-0.514884
-0.515354
-0.515432
-0.515902
-0.515980
-0.516293
-0.516841
-0.516919
-0.517154
-0.517467
-0.517624
-0.517937
-0.518093
-0.518798
-0.518798
-0.519346
-0.519346
-0.519894
-0.520050
-0.520598
-0.521068
-0.521302
-0.521381
-0.521772
-0.522242
-0.522320
-0.522711
-0.522868
-0.523337
-0.523572
-0.523885
-0.524120
-0.524277
-0.524746
-0.524903
-0.525294
-0.525373
-0.525999
-0.525686
-0.526547
-0.526781
-0.527094
-0.527408
-0.527877
-0.528034
-0.527955
-0.528268
-0.528503
-0.528895
-0.529051
-0.529443
-0.529756
-0.529912
-0.530304
-0.530538
-0.530538
-0.531243
-0.531791
-0.531634
-0.531947
-0.532182
-0.532339
-0.532886
-0.533121
-0.533199
-0.533747
-0.534060
-0.534060
-0.534452
-0.534765
-0.535078
-0.535156
-0.535391
-0.535861
-0.536095
-0.536487
-0.536956
-0.537035
-0.537270
-0.537661
-0.538130
-0.538209
-0.538287
-0.538678
-0.539070
-0.539461
-0.539539
-0.539852
-0.540166
-0.540244
-0.540792
-0.541261
-0.541418
-0.542044
-0.542044
-0.542279
-0.542748
-0.543061
-0.543296
-0.543531
-0.543688
-0.544392
-0.544862
-0.544392
-0.545097
-0.545331
-0.545488
-0.545957
-0.546036
-0.546271
-0.546505
-0.546897
-0.547210
-0.547366
-0.547523
-0.547914
-0.548227
-0.548306
-0.548697
-0.549245
-0.549323
-0.549636
-0.549949
-0.550262
-0.550262
-0.551045
-0.551358
-0.551436
-0.552063
-0.552219
-0.552376
-0.552532
-0.553002
-0.553080
-0.553158
-0.553550
-0.554176
-0.554098
-0.554411
-0.554724
-0.555193
-0.555350
-0.555585
-0.555898
-0.556211
-0.556524
-0.556915
-0.556837
-0.557307
-0.557307
-0.557933
-0.558089
-0.558324
-0.558794
-0.559029
-0.559263
-0.559733
-0.560046
-0.559968
-0.560281
-0.560829
-0.561298
-0.561377
-0.561455
-0.561925
-0.562472
-0.562785
-0.563020
-0.563412
-0.563646
-0.563646
-0.564038
-0.564429
-0.564820
-0.565134
-0.565368
-0.565760
-0.565760
-0.566151
-0.566464
-0.566699
-0.566856
-0.567325
-0.567795
-0.567873
-0.568343
-0.568264
-0.568499
-0.568891
-0.568812
-0.569282
-0.569751
-0.569830
-0.570299
-0.570769
-0.571082
-0.571473
-0.572021
-0.572021
-0.572334
-0.572334
-0.572804
-0.573195
-0.573352
-0.573743
-0.574213
-0.574526
-0.575074
-0.574996
-0.575152
-0.575622
-0.575935
-0.576483
-0.576796
-0.576952
-0.577187
-0.577813
-0.577970
-0.577970
-0.578596
-0.578753
-0.578909
-0.579379
-0.579770
-0.579770
-0.579927
-0.580318
-0.580866
-0.580866
-0.581179
-0.581805
-0.582118
-0.582118
-0.582353
-0.582744
-0.582979
-0.583449
-0.583840
-0.583997
-0.584153
-0.584779
-0.584779
-0.585014
-0.585484
-0.585797
-0.586032
-0.586579
-0.586658
-0.586658
-0.587206
-0.587206
-0.588145
-0.587988
-0.588145
-0.588380
-0.588693
-0.589241
-0.589397
-0.589632
-0.589789
-0.590258
-0.590884
-0.590884
-0.591276
-0.591589
-0.591980
-0.592137
-0.592450
-0.593076
-0.593076
-0.593389
-0.593937
-0.594563
-0.594641
-0.594641
-0.595267
-0.595502
-0.595424
-0.596050
-0.596285
-0.596520
-0.596676
-0.597459
-0.597459
-0.597694
-0.598007
-0.598476
-0.598711
-0.598790
-0.599024
-0.599416
-0.599494
-0.600277
-0.600277
-0.600825
-0.600903
-0.601372
-0.602233
-0.602468
-0.602860
-0.603251
-0.603721
-0.603799
-0.604034
-0.604190
-0.604503
-0.604660
-0.604973
-0.605208
-0.605677
-0.606069
-0.606382
-0.606538
-0.606851
-0.607243
-0.607634
-0.607712
-0.607947
-0.608417
-0.608260
-0.608652
-0.609199
-0.609278
-0.609591
-0.610060
-0.610217
-0.610295
-0.610921
-0.611234
-0.611626
-0.612017
-0.612252
-0.612174
-0.612643
-0.613113
-0.613113
-0.613661
-0.613896
-0.614365
-0.614444
-0.614600
-0.615383
-0.615305
-0.615618
-0.615852
-0.615931
-0.616400
-0.616792
-0.617105
-0.617574
-0.617574
-0.618122
-0.618357
-0.618357
-0.618670
-0.619296
-0.619609
-0.619688
-0.619922
-0.620157
-0.620549
-0.620549
-0.621175
-0.621644
-0.621488
-0.621879
-0.622036
-0.622662
-0.623053
-0.623445
-0.623445
-0.623992
-0.624149
-0.624384
-0.625088
-0.625088
-0.625323
-0.625401
-0.625714
-0.626027
-0.626575
-0.626497
-0.626967
-0.627280
-0.627593
-0.627358
-0.627749
-0.627984
-0.628454
-0.628689
-0.629080
-0.629628
-0.629784
-0.629941
-0.630332
-0.630567
-0.630880
-0.630958
-0.631428
-0.631819
-0.632289
-0.632289
-0.632915
-0.632915
-0.633228
-0.633620
-0.633776
-0.633933
-0.634481
-0.634715
-0.635028
-0.635107
-0.635342
-0.635498
-0.636124
-0.636594
-0.637064
-0.637220
-0.637377
-0.637768
-0.638003
-0.638394
-0.638551
-0.639020
-0.639177
-0.639099
-0.639255
-0.639646
-0.640116
-0.640507
-0.640351
-0.641055
-0.641368
-0.642073
-0.641995
-0.642464
-0.642699
-0.642777
-0.643325
-0.643560
-0.643716
-0.644030
-0.644499
-0.644656
-0.644969
-0.645047
-0.645204
-0.645595
-0.646065
-0.646299
-0.646378
-0.646691
-0.647160
-0.647473
-0.647552
