-0.534530
-0.534687
-0.534687
-0.535078
-0.535469
-0.535782
-0.536409
-0.536330
-0.536252
-0.536643
-0.537113
-0.537191
-0.537426
-0.537739
-0.538365
-0.538287
-0.538678
-0.538991
-0.539461
-0.539226
-0.539696
-0.540009
-0.540479
-0.540400
-0.540870
-0.540948
-0.541731
-0.541653
-0.542279
-0.542357
-0.542670
-0.542827
-0.543140
-0.543688
-0.543766
-0.544001
-0.544392
-0.544705
-0.544783
-0.545175
-0.545644
-0.546192
-0.546114
-0.546584
-0.546975
-0.547445
-0.547679
-0.547836
-0.548149
-0.548462
-0.548462
-0.548540
-0.549167
-0.549167
-0.549558
-0.549949
-0.550106
-0.550419
-0.550967
-0.550810
-0.551123
-0.551436
-0.551906
-0.552219
-0.552376
-0.552454
-0.552845
-0.553080
-0.553393
-0.553863
-0.553941
-0.554098
-0.554567
-0.554958
-0.554958
-0.555350
-0.555819
-0.555819
-0.556211
-0.556446
-0.556446
-0.556759
-0.556994
-0.557776
-0.557933
-0.558559
-0.558481
-0.558950
-0.559107
-0.559733
-0.559889
-0.560124
-0.560437
-0.560516
-0.561377
-0.561611
-0.561846
-0.562472
-0.562629
-0.562551
-0.563020
-0.563333
-0.563412
-0.563881
-0.564116
-0.564273
-0.564742
-0.565134
-0.565290
-0.565447
-0.565603
-0.566073
-0.566386
-0.566464
-0.566856
-0.567012
-0.567247
-0.567482
-0.568030
-0.568343
-0.568656
-0.568812
-0.569047
-0.569438
-0.569751
-0.570065
-0.570143
-0.570378
-0.570769
-0.570926
-0.571630
-0.571787
-0.572100
-0.572100
-0.572569
-0.573117
-0.573274
-0.573195
-0.573508
-0.573978
-0.574135
-0.574448
-0.574604
-0.575152
-0.575309
-0.575778
-0.576248
-0.576404
-0.576639
-0.577031
-0.577187
-0.577265
-0.577735
-0.578048
-0.578205
-0.578753
-0.578753
-0.579144
-0.579457
-0.579613
-0.580161
-0.580240
-0.580631
-0.581179
-0.581022
-0.581257
-0.581648
-0.582040
-0.582353
-0.582901
-0.583057
-0.583449
-0.583449
-0.583918
-0.583997
-0.584623
-0.584779
-0.585014
-0.585405
-0.585562
-0.586032
-0.586423
-0.586658
-0.586814
-0.587049
-0.587362
-0.587597
-0.588145
-0.588536
-0.588536
-0.588771
-0.589084
-0.589084
-0.589397
-0.589789
-0.590102
-0.590336
-0.590415
-0.590884
-0.590806
-0.591354
-0.591510
-0.592215
-0.592371
-0.592763
-0.593076
-0.593311
-0.593859
-0.594093
-0.594093
-0.594328
-0.594954
-0.595189
-0.595502
-0.595894
-0.596128
-0.596363
-0.596755
-0.596989
-0.597224
-0.597694
-0.597694
-0.597929
-0.598085
-0.598790
-0.599181
-0.599181
-0.599572
-0.599964
-0.600277
-0.600746
-0.600825
-0.601372
-0.601999
-0.602390
-0.602625
-0.602781
-0.602938
-0.603407
-0.603721
-0.603877
-0.604347
-0.604738
-0.604816
-0.605208
-0.605129
-0.605208
-0.605834
-0.606225
-0.606147
-0.606773
-0.607086
-0.607243
-0.607869
-0.608025
-0.608260
-0.608338
-0.608886
-0.609121
-0.609199
-0.609826
-0.610217
-0.610374
-0.610765
-0.611000
-0.611469
-0.611861
-0.612174
-0.612409
-0.612643
-0.612956
-0.612956
-0.613269
-0.613583
-0.613739
-0.614287
-0.614287
-0.614757
-0.615148
-0.615618
-0.615696
-0.615696
-0.616165
-0.616400
-0.616948
-0.617261
-0.617887
-0.617731
-0.618279
-0.618514
-0.618827
-0.618827
-0.619375
-0.619844
-0.619922
-0.620470
-0.620470
-0.620940
-0.621175
-0.621566
-0.621723
-0.622036
-0.622662
-0.622662
-0.623053
-0.622897
-0.623679
-0.624071
-0.624227
-0.624384
-0.624697
-0.624853
-0.625323
-0.625871
-0.625871
-0.625949
-0.626654
-0.626497
-0.627202
-0.627593
-0.627906
-0.628141
-0.628376
-0.628610
-0.628767
-0.629393
-0.629471
-0.629471
-0.629471
-0.630019
-0.630176
-0.630880
-0.631115
-0.631350
-0.631428
-0.631741
-0.632054
-0.632289
-0.632759
-0.632915
-0.633307
-0.633698
-0.633776
-0.634011
-0.634637
-0.634794
-0.634794
-0.635107
-0.635420
-0.635733
-0.635889
-0.636124
-0.636594
-0.636907
-0.637220
-0.637455
-0.637768
-0.638472
-0.638629
-0.638785
-0.639020
-0.639412
-0.639725
-0.639959
-0.640273
-0.640742
-0.641055
-0.641290
-0.641368
-0.641838
-0.642151
-0.642308
-0.642699
-0.643090
-0.643247
-0.643638
-0.643795
-0.643951
-0.644108
-0.644343
-0.644656
-0.645282
-0.645673
-0.646065
-0.646065
-0.646456
-0.646691
-0.646926
-0.647473
-0.647708
-0.648021
-0.648100
-0.648256
-0.648804
-0.648882
-0.649430
-0.649665
-0.649978
-0.650291
-0.650526
-0.650996
-0.651230
-0.651778
-0.651856
-0.652248
-0.652639
-0.652796
-0.653031
-0.653500
-0.653578
-0.653813
-0.653892
-0.654518
-0.654909
-0.654831
-0.655222
-0.655379
-0.655770
-0.656161
-0.656083
-0.656396
-0.656318
-0.656396
-0.656474
-0.656866
-0.656396
-0.655848
-0.656318
-0.655770
-0.655927
-0.655613
-0.655535
-0.655457
-0.655379
-0.655066
-0.654752
-0.654439
-0.654283
-0.654126
-0.653970
-0.653813
-0.653422
-0.653109
-0.653031
-0.652796
-0.652248
-0.652091
-0.651856
-0.651543
-0.651465
-0.651309
-0.650682
-0.650526
-0.650056
-0.649821
-0.649352
-0.649195
-0.648882
-0.648569
-0.648256
-0.647786
-0.647552
-0.647317
-0.647082
-0.646534
-0.646065
-0.645986
-0.645673
-0.645282
-0.645360
-0.644890
-0.644186
-0.643951
-0.643795
-0.643012
-0.643090
-0.642464
-0.642229
-0.642229
-0.641525
-0.641212
-0.640899
-0.640586
-0.640351
-0.640116
-0.639646
-0.639412
-0.638942
-0.638551
-0.638081
-0.637690
-0.637533
-0.637220
-0.636750
-0.636672
-0.636516
-0.636281
-0.636046
-0.635498
-0.635185
-0.634872
-0.634637
-0.634324
-0.633933
-0.633463
-0.633620
-0.632915
-0.632602
-0.632289
-0.631976
-0.631428
-0.630958
-0.630880
-0.630411
-0.629941
-0.629706
-0.629628
-0.629471
-0.628845
-0.628376
-0.627984
-0.627828
-0.627593
-0.626967
-0.626575
-0.626732
-0.626106
-0.625714
-0.625714
-0.625323
-0.624932
-0.624619
-0.624227
-0.623836
-0.623601
-0.622975
-0.622427
-0.622192
-0.622036
-0.621644
-0.621331
-0.620862
-0.620392
-0.620079
-0.619844
-0.619531
-0.619296
-0.618748
-0.618592
-0.618122
-0.617887
-0.617653
-0.617026
-0.616870
-0.616870
-0.616479
-0.615931
-0.615696
-0.615383
-0.614913
-0.614678
-0.614209
-0.614365
-0.613583
-0.613504
-0.613191
-0.612565
-0.612330
-0.612095
-0.611704
-0.611626
-0.611469
-0.610765
-0.610608
-0.610374
-0.610060
-0.609747
-0.609591
-0.609278
-0.608965
-0.608338
-0.608338
-0.608104
-0.607556
-0.607321
-0.606773
-0.606460
-0.606225
-0.605756
-0.605521
-0.605364
-0.605129
-0.604895
-0.604503
-0.604034
-0.603955
-0.603486
-0.603016
-0.603173
-0.602547
-0.601999
-0.601920
-0.601216
-0.600668
-0.600433
-0.599807
-0.599337
-0.599259
-0.598868
-0.598398
-0.598007
-0.598085
-0.597381
-0.597459
-0.597068
-0.596285
-0.596285
-0.596128
-0.595346
-0.595189
-0.594876
-0.594172
-0.594172
-0.593780
-0.593232
-0.593311
-0.592606
-0.592450
-0.591902
-0.591980
-0.591510
-0.591119
-0.590728
-0.590493
-0.590180
-0.589162
-0.589475
-0.588693
-0.588536
-0.587988
-0.587910
-0.587754
-0.587284
-0.587049
-0.586658
-0.586423
-0.585953
-0.585719
-0.585484
-0.585014
-0.584779
-0.584231
-0.584153
-0.583527
-0.583292
-0.582588
-0.582666
-0.582275
-0.581883
-0.581570
-0.581414
-0.581022
-0.580631
-0.579848
-0.579770
-0.579379
-0.579066
-0.578674
-0.578361
-0.578048
-0.577735
-0.577500
-0.576952
-0.576561
-0.576170
-0.576326
-0.575935
-0.575074
-0.574761
-0.574761
-0.574213
-0.573978
-0.573978
-0.573274
-0.572882
-0.572726
-0.572569
-0.572256
-0.571630
-0.571473
-0.571160
-0.570769
-0.570221
-0.570299
-0.569751
-0.569517
-0.569125
-0.568734
-0.568499
-0.568186
-0.567716
-0.567169
-0.567090
-0.566856
-0.566621
-0.565995
-0.565681
-0.565525
-0.565290
-0.564977
-0.564899
-0.564273
-0.564116
-0.563646
-0.563177
-0.562707
-0.562629
-0.562003
-0.561768
-0.561142
-0.561064
-0.560907
-0.560672
-0.559733
-0.559498
-0.559342
-0.558872
-0.558715
-0.558324
-0.558089
-0.557854
-0.557385
-0.556994
-0.556680
-0.556524
-0.556054
-0.555506
-0.555350
-0.555115
-0.554724
-0.554332
-0.554254
-0.554019
-0.553628
-0.553237
-0.553158
-0.552454
-0.552219
-0.551828
-0.551358
-0.551280
-0.550967
-0.550732
-0.550419
-0.549871
-0.549636
-0.549245
-0.548932
-0.548462
-0.548384
-0.547836
-0.547523
-0.547210
-0.546975
-0.546505
-0.546192
-0.545879
-0.545566
-0.545253
-0.544783
-0.544862
-0.544236
-0.543844
-0.543844
-0.543531
-0.543453
-0.542670
-0.542670
-0.542514
-0.541966
-0.541261
-0.541183
-0.540557
-0.540479
-0.539696
-0.539461
-0.539226
-0.538835
-0.538757
-0.538209
-0.538209
-0.537817
-0.537348
-0.536956
-0.536878
-0.536409
-0.536252
-0.535939
-0.535782
-0.535156
-0.534843
-0.534452
-0.534139
-0.533982
-0.533591
-0.533591
-0.533121
-0.533121
-0.532495
-0.531947
-0.531791
-0.531399
-0.531008
-0.530617
-0.530304
-0.530069
-0.529599
-0.529521
-0.529208
-0.528973
-0.528503
-0.528347
-0.528268
-0.527486
-0.527486
-0.526781
-0.526703
-0.525999
-0.525686
-0.525529
-0.524590
-0.524512
-0.524277
-0.523651
-0.523885
-0.523181
-0.523103
-0.522711
-0.522398
-0.522398
-0.521616
-0.521381
-0.520833
-0.520520
-0.519972
-0.519581
-0.519189
-0.519346
-0.518485
-0.518407
-0.518172
-0.517624
-0.517702
-0.517232
-0.516841
-0.516450
-0.516450
-0.515980
-0.515511
-0.515197
-0.514650
-0.514415
-0.514102
-0.514102
-0.513632
-0.513319
-0.513006
-0.512615
-0.512223
-0.511910
-0.511519
-0.511362
-0.511127
-0.510580
-0.510345
-0.510110
-0.509484
-0.509484
-0.509092
-0.508701
-0.508779
-0.508231
-0.507918
-0.507605
-0.507292
-0.506823
-0.506588
-0.506353
-0.505805
-0.505727
-0.505492
-0.504709
-0.504866
-0.504396
-0.504161
-0.503614
-0.503535
-0.502987
-0.502987
-0.502596
-0.502205
-0.501500
-0.501187
-0.500718
-0.500561
-0.499935
-0.499778
-0.499309
-0.499152
-0.498917
-0.498604
-0.498291
-0.497900
-0.497430
-0.497195
-0.496726
-0.496569
-0.495865
-0.495943
-0.495552
-0.495473
-0.495004
-0.495160
-0.494769
-0.494221
-0.493986
-0.493595
-0.493438
-0.493125
-0.492656
-0.492577
-0.492264
-0.491717
-0.491403
-0.491247
-0.490856
-0.490386
-0.490308
-0.489916
-0.489290
-0.489055
-0.488899
-0.488664
-0.488586
-0.488194
-0.487881
-0.487490
-0.487333
-0.487099
-0.486394
-0.486316
-0.486159
-0.485611
-0.485377
-0.484829
-0.484594
-0.484281
-0.484046
-0.483968
-0.483420
-0.482950
-0.482794
-0.482246
-0.482011
-0.481698
-0.481698
-0.480837
-0.480994
-0.480211
-0.479898
-0.479193
-0.479193
-0.478802
-0.478332
-0.478176
-0.477706
-0.477550
-0.477315
-0.477080
-0.476689
-0.476376
-0.476063
-0.475749
-0.475358
-0.475202
-0.474967
-0.474419
-0.474262
-0.473793
-0.473480
-0.473010
-0.472932
-0.472384
-0.471993
-0.471836
-0.471836
-0.471758
-0.471288
-0.470975
-0.470427
-0.470114
-0.469723
-0.469566
-0.469253
-0.468783
-0.468627
-0.468392
-0.467766
-0.467609
-0.467140
-0.467140
-0.466514
-0.466435
-0.466279
-0.465887
-0.465653
-0.465261
-0.465027
-0.464322
-0.464322
-0.464009
-0.463539
-0.463148
-0.462991
-0.462600
-0.462444
-0.461896
-0.461739
-0.461426
-0.461035
-0.460878
-0.460330
-0.460330
-0.459469
-0.459313
-0.458765
-0.458608
-0.458295
-0.458060
-0.457982
-0.457513
-0.457121
-0.456808
-0.456417
-0.456260
-0.456025
-0.455243
-0.455008
-0.454695
-0.454538
-0.454382
-0.454225
-0.453756
-0.453521
-0.453443
-0.452816
-0.452347
-0.451955
-0.451799
-0.451173
-0.451251
-0.451016
-0.450703
-0.450155
-0.449842
-0.449607
-0.449216
-0.449216
-0.448746
-0.448355
-0.448120
-0.447807
-0.447572
-0.447416
-0.447259
-0.446711
-0.446398
-0.445850
-0.445772
-0.445616
-0.445303
-0.445068
-0.444442
-0.444442
-0.444207
-0.443659
-0.443267
-0.442876
-0.442641
-0.442407
-0.441859
-0.441389
-0.441311
-0.440685
-0.440450
-0.439667
-0.439276
-0.439276
-0.438963
-0.438806
-0.438415
-0.438102
-0.437554
-0.437162
-0.436928
-0.436693
-0.436615
-0.436301
-0.435988
-0.435597
-0.435362
-0.435127
-0.434580
-0.434110
-0.434110
-0.433875
-0.433171
-0.432936
-0.432701
-0.432623
-0.432231
-0.431918
-0.431136
-0.431136
-0.430588
-0.430353
-0.430040
-0.429414
-0.429257
-0.429179
-0.428475
-0.428161
-0.428161
-0.427692
-0.427535
-0.427379
-0.427066
-0.426674
-0.425970
-0.425735
-0.425735
-0.425579
-0.425031
-0.424718
-0.424404
-0.423935
-0.424013
-0.423309
-0.423230
-0.422996
-0.422526
-0.422135
-0.422056
-0.421587
-0.421508
-0.421117
-0.420569
-0.419943
-0.419787
-0.419787
-0.419160
-0.418926
-0.418534
-0.418065
-0.417986
-0.417517
-0.416812
-0.416891
-0.416656
-0.416421
-0.415951
-0.415638
-0.415169
-0.414856
-0.414699
-0.414464
-0.413838
-0.413603
-0.413682
-0.412977
-0.412742
-0.412429
-0.411881
-0.411881
-0.411490
-0.411412
-0.410786
-0.410472
-0.410159
-0.409925
-0.409533
-0.408985
-0.408829
-0.408359
-0.408203
-0.407733
-0.407107
-0.407029
-0.407107
-0.406637
-0.406324
-0.406089
-0.406011
-0.405620
-0.405228
-0.404994
-0.404524
-0.404054
-0.403820
-0.403663
-0.403193
-0.403115
-0.402880
-0.402332
-0.402098
-0.401863
-0.401628
-0.401315
-0.401002
-0.400297
-0.400141
-0.399828
-0.399358
-0.399202
-0.398497
-0.398341
-0.398106
-0.398028
-0.397401
-0.397480
-0.397245
-0.396854
-0.396697
-0.396306
-0.395914
-0.395601
-0.395132
-0.395053
-0.394662
-0.394505
-0.394036
-0.393801
-0.393488
-0.393175
-0.392549
-0.392392
-0.392236
-0.391609
-0.391296
-0.391062
-0.391062
-0.390748
-0.390670
-0.390044
-0.389574
-0.389340
-0.389105
-0.388635
-0.388870
-0.388400
-0.387852
-0.387618
-0.386913
-0.387070
-0.386992
-0.386209
-0.386052
-0.385896
-0.385583
-0.385270
-0.384878
-0.384722
-0.384409
-0.384096
-0.384017
-0.383548
-0.383156
-0.382843
-0.382921
-0.382374
-0.382139
-0.381982
-0.381513
-0.381043
-0.380652
-0.380573
-0.380026
-0.379869
-0.379712
-0.379086
-0.379008
-0.378617
-0.378225
-0.377912
-0.377443
-0.377756
-0.377286
-0.376816
-0.376660
-0.376190
-0.375721
-0.375251
-0.375016
-0.374938
-0.374625
-0.374781
-0.374390
-0.374234
-0.373529
-0.373451
-0.373294
-0.372746
-0.372277
-0.372277
-0.371885
-0.371494
-0.371103
-0.371103
-0.370555
-0.370164
-0.369772
-0.369694
-0.369616
-0.369224
-0.368598
-0.368285
-0.368207
-0.367972
-0.367659
-0.367581
-0.366798
-0.366798
-0.366250
-0.366328
-0.366328
-0.365702
-0.365154
-0.364841
-0.364763
-0.364293
-0.364215
-0.363745
-0.363745
-0.363041
-0.363276
-0.362806
-0.362415
-0.362102
-0.361789
-0.361789
-0.361162
-0.360771
-0.360067
-0.359832
-0.359675
-0.359362
-0.358814
-0.358501
-0.358423
-0.358110
-0.358032
-0.357406
-0.357327
-0.356858
-0.356701
-0.356310
-0.355840
-0.355840
-0.355371
-0.355136
-0.354666
-0.354823
-0.354275
-0.354118
-0.353727
-0.353570
-0.353179
-0.353022
-0.352709
-0.352240
-0.352161
-0.351692
-0.351457
-0.351144
-0.350987
-0.350674
-0.350126
-0.349657
-0.349500
-0.349422
-0.348718
-0.348483
-0.348483
-0.348248
-0.348091
-0.347700
-0.347700
-0.347387
-0.346996
-0.346761
-0.346291
-0.345978
-0.345665
-0.345195
-0.345117
-0.344491
-0.344413
-0.344256
-0.343865
-0.343552
-0.343160
-0.342847
-0.342456
-0.342143
-0.342221
-0.341830
-0.341204
-0.341125
-0.340499
-0.340264
-0.340186
-0.340108
-0.339638
-0.339638
-0.339090
-0.338621
-0.338151
-0.337760
-0.337760
-0.337368
-0.337290
-0.336977
-0.336899
-0.336351
-0.335960
-0.335725
-0.335333
-0.335099
-0.334786
-0.334472
-0.334238
-0.334003
-0.333612
-0.333533
-0.333220
-0.333064
-0.332594
-0.332281
-0.332046
-0.331968
-0.331342
-0.330950
-0.330716
-0.330481
-0.330089
-0.329776
-0.329776
-0.329463
-0.329228
-0.328837
-0.328367
-0.328289
-0.327976
-0.327820
-0.327272
-0.326959
-0.326567
-0.326567
-0.326019
-0.326019
-0.325863
-0.325237
-0.324924
-0.324767
-0.324376
-0.323906
-0.323750
-0.323358
-0.322889
-0.322889
-0.322654
-0.322341
-0.321871
-0.321949
-0.321480
-0.321010
-0.320619
-0.320227
-0.319836
-0.319758
-0.319679
-0.319210
-0.318819
-0.318427
-0.318505
-0.318192
-0.317879
-0.317644
-0.317488
-0.317175
-0.316627
-0.316470
-0.316392
-0.316001
-0.315688
-0.315296
-0.315062
-0.314748
-0.314514
-0.314279
-0.313966
-0.313966
-0.313496
-0.313183
-0.313261
-0.312635
-0.312400
-0.311774
-0.311774
-0.311774
-0.311305
-0.310992
-0.310678
-0.310365
-0.310131
-0.309661
-0.309504
-0.309191
-0.308800
-0.308722
-0.308330
-0.308174
-0.307861
-0.307704
-0.307469
-0.307156
-0.306843
-0.306608
-0.306452
-0.305747
-0.305747
-0.305356
-0.305121
-0.304808
-0.304730
-0.304182
-0.304026
-0.303947
-0.303478
-0.303086
-0.303243
-0.302617
-0.302460
-0.302069
-0.301912
-0.301756
-0.301364
-0.300973
-0.300973
-0.300816
-0.300347
-0.299721
-0.299408
-0.299329
-0.299329
-0.299016
-0.298781
-0.298547
-0.297999
-0.297686
-0.297373
-0.297373
-0.296825
-0.296825
-0.296512
-0.295964
-0.295807
-0.295416
-0.295181
-0.295181
-0.294868
-0.294633
-0.294398
-0.294007
-0.293850
-0.293694
-0.293616
-0.292989
-0.292911
-0.292442
-0.292363
-0.291659
-0.291659
-0.291268
-0.290876
-0.290563
-0.290407
-0.290250
-0.290172
-0.289624
-0.289233
-0.289233
-0.288919
-0.288215
-0.287980
-0.287902
-0.287824
-0.287354
-0.287276
-0.286884
-0.286806
-0.286493
-0.286258
-0.286102
-0.285945
-0.285554
-0.285397
-0.284928
-0.284536
-0.284380
-0.283832
-0.283675
-0.283519
-0.283128
-0.283128
-0.282736
-0.282345
-0.282267
-0.282032
-0.281875
-0.281406
-0.281092
-0.280779
-0.280153
-0.279918
-0.279684
-0.279136
-0.278901
-0.278979
-0.278353
-0.278588
-0.278118
-0.277727
-0.277727
-0.277727
-0.277492
-0.277257
-0.276396
-0.276553
-0.276318
-0.275848
-0.275848
-0.275457
-0.275222
-0.274909
-0.274909
-0.274518
-0.274361
-0.273970
-0.273813
-0.273657
-0.273344
-0.273187
-0.273031
-0.272796
-0.272483
-0.272248
-0.271857
-0.271935
-0.271622
-0.271387
-0.271230
-0.270996
-0.270839
-0.270291
-0.270291
-0.270056
-0.269509
-0.269352
-0.268804
-0.268804
-0.268648
-0.268335
-0.268021
-0.267630
-0.267708
-0.267552
-0.267004
-0.266847
-0.266143
-0.266221
-0.265830
-0.265986
-0.265517
-0.265517
-0.265047
-0.264891
-0.264734
-0.264186
-0.263951
-0.263951
-0.263560
-0.263169
-0.262856
-0.262777
-0.262308
-0.261916
-0.261760
-0.261603
-0.261290
-0.261055
-0.260899
-0.260821
-0.260351
-0.260194
-0.260194
-0.259647
-0.259412
-0.259412
-0.259177
-0.259020
-0.258786
-0.258473
-0.258159
-0.257925
-0.257612
-0.257298
-0.256672
-0.256516
-0.256829
-0.256203
-0.256281
-0.256281
-0.255811
-0.255890
-0.255420
-0.255107
-0.254716
-0.254716
-0.254559
-0.254168
-0.253855
-0.253698
-0.253698
-0.253385
-0.253150
-0.253072
-0.252524
-0.252133
-0.251976
-0.251585
-0.251428
-0.251428
-0.250959
-0.250880
-0.250880
-0.250880
-0.250332
-0.249863
-0.249471
-0.249706
-0.249158
-0.248845
-0.248767
-0.248532
-0.248141
-0.248219
-0.247984
-0.247828
-0.247750
-0.247202
-0.247045
-0.246889
-0.246262
-0.246262
-0.246341
-0.245949
-0.245793
-0.245558
-0.245558
-0.245245
-0.245010
-0.244775
-0.244540
-0.244462
-0.243836
-0.243836
-0.243758
-0.243601
-0.243132
-0.242975
-0.243288
-0.242740
-0.242740
-0.242271
-0.241958
-0.241723
-0.241566
-0.241097
-0.241018
-0.241018
-0.240470
-0.240392
-0.240001
-0.240001
-0.239844
-0.239609
-0.239453
-0.239218
-0.238749
-0.238592
-0.238122
-0.238044
-0.238122
-0.237731
-0.237731
-0.237496
-0.237418
-0.237261
-0.237027
-0.236400
-0.236400
-0.236244
-0.235931
-0.235461
-0.235383
-0.235461
-0.235305
-0.235148
-0.234913
-0.234444
-0.234287
-0.234287
-0.233974
-0.233739
-0.233504
-0.233426
-0.232957
-0.232722
-0.232722
-0.232487
-0.232487
-0.231939
-0.231704
-0.231626
-0.231235
-0.231235
-0.231000
-0.230687
-0.230765
-0.230295
-0.230217
-0.230217
-0.229826
-0.229591
-0.229121
-0.229043
-0.228808
-0.228730
-0.228339
-0.228495
-0.228104
-0.228026
-0.227556
-0.227712
-0.227243
-0.227321
-0.226930
-0.226617
-0.226225
-0.226538
-0.226382
-0.226147
-0.225834
-0.225834
-0.225521
-0.225130
-0.224895
-0.224973
-0.224582
-0.224425
-0.224738
-0.224269
-0.224112
-0.224034
-0.223956
-0.223799
-0.223564
-0.223564
-0.223408
-0.223173
-0.222860
-0.222703
-0.222390
-0.222312
-0.222077
-0.222077
-0.221842
-0.221686
-0.221921
-0.221451
-0.221216
-0.221138
-0.221060
-0.220903
-0.220746
-0.220512
-0.220277
-0.219651
-0.219807
-0.219651
-0.219807
-0.219416
-0.218946
-0.218868
-0.218790
-0.218790
-0.218398
-0.218555
-0.218477
-0.218085
-0.218085
-0.217850
-0.217537
-0.217694
-0.217224
-0.217303
-0.217303
-0.217146
-0.216755
-0.216598
-0.216598
-0.216363
-0.216207
-0.216285
-0.215737
-0.215424
-0.215424
-0.215659
-0.215581
-0.215346
-0.215111
-0.214720
-0.214563
-0.214798
-0.214407
-0.214328
-0.213937
-0.214094
-0.214172
-0.213859
-0.213780
-0.213624
-0.213467
-0.213389
-0.213154
-0.212841
-0.212919
-0.212763
-0.212528
-0.212528
-0.212372
-0.212137
-0.212137
-0.211824
-0.211745
-0.211667
-0.211745
-0.211745
-0.211511
-0.211198
-0.211119
-0.211119
-0.211041
-0.211119
-0.210806
-0.210650
-0.210650
-0.210493
-0.210493
-0.210258
-0.209945
-0.210102
-0.209789
-0.209945
-0.209867
-0.209476
-0.209319
-0.209163
-0.209163
-0.208928
-0.209241
-0.208615
-0.208615
-0.208693
-0.208693
-0.208223
-0.208536
-0.208145
-0.208067
-0.207754
-0.207519
-0.207284
-0.207519
-0.207519
-0.207362
-0.207284
-0.207049
-0.207284
-0.207049
-0.206736
-0.206814
-0.206893
-0.206423
-0.206580
-0.206423
-0.206267
-0.206423
-0.206345
-0.206267
-0.206188
-0.206110
-0.205797
-0.205719
-0.205484
-0.205484
-0.205327
-0.205562
-0.205640
-0.205640
-0.205327
-0.205406
-0.205249
-0.204701
-0.204701
-0.204936
-0.204779
-0.204936
-0.204466
-0.204701
-0.204623
-0.204545
-0.204466
-0.204545
-0.204388
-0.204232
-0.204232
-0.204153
-0.203997
-0.204075
-0.204153
-0.204153
-0.204466
-0.204310
-0.203997
-0.204075
-0.203762
-0.203605
-0.203527
-0.203840
-0.203605
-0.203371
-0.203684
-0.203762
-0.203605
-0.203762
-0.203449
-0.203605
-0.203058
-0.202979
-0.202979
-0.202979
-0.202901
-0.202979
-0.203136
-0.203214
-0.203058
-0.202979
-0.202744
-0.202823
-0.202744
-0.202744
-0.202588
-0.202744
-0.202823
-0.202666
-0.202823
-0.202823
-0.202744
-0.202431
-0.202353
-0.202118
-0.202353
-0.202431
-0.202275
-0.202353
-0.202431
-0.202197
-0.202275
-0.202118
-0.201962
-0.201962
-0.201805
-0.201962
-0.202040
-0.201805
-0.202431
-0.202275
-0.202588
-0.202431
-0.202118
-0.202588
-0.202353
-0.202197
-0.202197
-0.202040
-0.202588
-0.202353
-0.202275
-0.202901
-0.202588
-0.202823
-0.202588
-0.202588
-0.202275
-0.202275
-0.202197
-0.202431
-0.202353
-0.202510
-0.202666
-0.202744
-0.202979
-0.202666
-0.202666
-0.202666
-0.202588
-0.202040
-0.202275
-0.202588
-0.202431
-0.202431
-0.202666
-0.202353
-0.203058
-0.202823
-0.203058
-0.202823
-0.202588
-0.202588
-0.202510
-0.202744
-0.202666
-0.202901
-0.202979
-0.202901
-0.203058
-0.203292
-0.203214
-0.202901
-0.203136
-0.202901
-0.203058
-0.203292
-0.203292
-0.203371
-0.202979
-0.203449
-0.203371
-0.203371
-0.203605
-0.203684
-0.203292
-0.203292
-0.203605
-0.203684
-0.203527
-0.203918
-0.203918
-0.204153
-0.204075
-0.203762
-0.203762
-0.203449
-0.203762
-0.203840
-0.203918
-0.204310
-0.204232
-0.204232
-0.204388
-0.204623
-0.204153
-0.204232
-0.204153
-0.204466
-0.204779
-0.204466
-0.204466
-0.204623
-0.204545
-0.204936
-0.204779
-0.204701
-0.204623
-0.204779
-0.204858
-0.204858
-0.205093
-0.205249
-0.205327
-0.205249
-0.205327
-0.205484
-0.205640
-0.205562
-0.205640
-0.205640
-0.205875
-0.205797
-0.205719
-0.205719
-0.205797
-0.206110
-0.206188
-0.205797
-0.206110
-0.206110
-0.206110
-0.206736
-0.206423
-0.206736
-0.206814
-0.206971
-0.207128
-0.207049
-0.207049
-0.207049
-0.207206
-0.207049
-0.207049
-0.207128
-0.207128
-0.207675
-0.207675
-0.207441
-0.207441
-0.207675
-0.207441
-0.207441
-0.207910
-0.208067
-0.207910
-0.208067
-0.208067
-0.207989
-0.208223
-0.208302
-0.208302
-0.208067
-0.208302
-0.208536
-0.208693
-0.208536
-0.208771
-0.208615
-0.208536
-0.208615
-0.209006
-0.209006
-0.208849
-0.209006
-0.209006
-0.209006
-0.209163
-0.209163
-0.209084
-0.209241
-0.209554
-0.209084
-0.209710
-0.209554
-0.209789
-0.209710
-0.210102
-0.209789
-0.210024
-0.209867
-0.210415
-0.209945
-0.210102
-0.209945
-0.210180
-0.209789
-0.210102
-0.210493
-0.210806
-0.210337
-0.210493
-0.210493
-0.210493
-0.210571
-0.210415
-0.210337
-0.210571
-0.210650
-0.210884
-0.210806
-0.210728
-0.210806
-0.210728
-0.210806
-0.210963
-0.210884
-0.210806
-0.210728
-0.211119
-0.211041
-0.210963
-0.210728
-0.210963
-0.211198
-0.211041
-0.210884
-0.210571
-0.210650
-0.210884
-0.210963
-0.211041
-0.210884
-0.211119
-0.210728
-0.210884
-0.210884
-0.210806
-0.210650
-0.210571
-0.210728
-0.210650
-0.210806
-0.210571
-0.210493
-0.210571
-0.210415
-0.210415
-0.210728
-0.210258
-0.210180
-0.210258
-0.210415
-0.210180
-0.210180
-0.210337
-0.210102
-0.209945
-0.210024
-0.209710
-0.209476
-0.209710
-0.209710
-0.209632
-0.209397
-0.209476
-0.209084
-0.209006
-0.208849
-0.209006
-0.209084
-0.208771
-0.208615
-0.208771
-0.208223
-0.208615
-0.208223
-0.208145
-0.207910
-0.207675
-0.207910
-0.207675
-0.207441
-0.207362
-0.207049
-0.207049
-0.206971
-0.206736
-0.206736
-0.206267
-0.206345
-0.206267
-0.206032
-0.205953
-0.205797
-0.205562
-0.205719
-0.205249
-0.205093
-0.204701
-0.204388
-0.204388
-0.204075
-0.204075
-0.203840
-0.203840
-0.203762
-0.203371
-0.203371
-0.202744
-0.202588
-0.202744
-0.202353
-0.201962
-0.201492
-0.201570
-0.201022
-0.200944
-0.200866
-0.200553
-0.199848
-0.199692
-0.199379
-0.198753
-0.198674
-0.198440
-0.198048
-0.198048
-0.197579
-0.197579
-0.197266
-0.197109
-0.196874
-0.196091
-0.195778
-0.195622
-0.195074
-0.194683
-0.194526
-0.194135
-0.193743
-0.193587
-0.193117
-0.192726
-0.192256
-0.192178
-0.191787
-0.191474
-0.191474
-0.191004
-0.190221
-0.190143
-0.189673
-0.189517
-0.189125
-0.188499
-0.188186
-0.187638
-0.187012
-0.186621
-0.186386
-0.186386
-0.185838
-0.185290
-0.184742
-0.184116
-0.183881
-0.183647
-0.182942
-0.182629
-0.182238
-0.181846
-0.181690
-0.181299
-0.180594
-0.180046
-0.179498
-0.179185
-0.178246
-0.177698
-0.177620
-0.177072
-0.176524
-0.176289
-0.175898
-0.175350
-0.174332
-0.174019
-0.173706
-0.173080
-0.172767
-0.172063
-0.171593
-0.171358
-0.171045
-0.170419
-0.169480
-0.168697
-0.168384
-0.167523
-0.167288
-0.166819
-0.166271
-0.166036
-0.165331
-0.164940
-0.164470
-0.163610
-0.163218
-0.162514
-0.161966
-0.161575
-0.161027
-0.160400
-0.159853
-0.159539
-0.158679
-0.158131
-0.157426
-0.156722
-0.156330
-0.155313
-0.155000
-0.154374
-0.153982
-0.153591
-0.153043
-0.152417
-0.151478
-0.150930
-0.150304
-0.149286
-0.148660
-0.148112
-0.147642
-0.147408
-0.146782
-0.146547
-0.145451
-0.144668
-0.144199
-0.143181
-0.142868
-0.142633
-0.141381
-0.141146
-0.140676
-0.140207
-0.139502
-0.138172
-0.137389
-0.136998
-0.136450
-0.135824
-0.135119
-0.134493
-0.133867
-0.133632
-0.133084
-0.131910
-0.130971
-0.130188
-0.129875
-0.129406
-0.128545
-0.127840
-0.127371
-0.127058
-0.126118
-0.125336
-0.124318
-0.123614
-0.122909
-0.122831
-0.121500
-0.121109
-0.120483
-0.120013
-0.118917
-0.118604
-0.117117
-0.116413
-0.116021
-0.115474
-0.114847
-0.114065
-0.113360
-0.112812
-0.112421
-0.111795
-0.110777
-0.109525
-0.108899
-0.108508
-0.107647
-0.106942
-0.106551
-0.105690
-0.105455
-0.104672
-0.103890
-0.102950
-0.102011
-0.101385
-0.100759
-0.100211
-0.099428
-0.098489
-0.098176
-0.097628
-0.097080
-0.095984
-0.095202
-0.094184
-0.093793
-0.093323
-0.092775
-0.091836
-0.091132
-0.090740
-0.090427
-0.088940
-0.087688
-0.087296
-0.086514
-0.086044
-0.085183
-0.084635
-0.083931
-0.083226
-0.082600
-0.081818
-0.080252
-0.079548
-0.079000
-0.078139
-0.077591
-0.076887
-0.076495
-0.075791
-0.075634
-0.074304
-0.073051
-0.072503
-0.072269
-0.071564
-0.070703
-0.070077
-0.069216
-0.068747
-0.068277
-0.067494
-0.066555
-0.065537
-0.065068
-0.064207
-0.063581
-0.062720
-0.062015
-0.061702
-0.061233
-0.060137
-0.058806
-0.058258
-0.057632
-0.057006
-0.056302
-0.055675
-0.054971
-0.054423
-0.053562
-0.052779
-0.051840
-0.050979
-0.050353
-0.049727
-0.049101
-0.048475
-0.047927
-0.047379
-0.047066
-0.046127
-0.045266
-0.044405
-0.043857
-0.043387
-0.042683
-0.041978
-0.041274
-0.040335
-0.039630
-0.038847
-0.037830
-0.036891
-0.036265
-0.035638
-0.034856
-0.033995
-0.033525
-0.033134
-0.032508
-0.032038
-0.031255
-0.030081
-0.029455
-0.028751
-0.028203
-0.027968
-0.027107
-0.026637
-0.026090
-0.025698
-0.025072
-0.023976
-0.023115
-0.022489
-0.021941
-0.021080
-0.020376
-0.019671
-0.018889
-0.018341
-0.017480
-0.016775
-0.015836
-0.015523
-0.014819
-0.014584
-0.013801
-0.013018
-0.012471
-0.011610
-0.011218
-0.010592
-0.009575
-0.008792
-0.008322
-0.008087
-0.007226
-0.006600
-0.005818
-0.005348
-0.004878
-0.003939
-0.003000
-0.002452
-0.001982
-0.001435
-0.000965
-0.000417
0.000209
0.000679
0.001540
0.001931
0.002949
0.003418
0.003731
0.004436
0.004984
0.005610
0.006392
0.007019
0.007410
0.008271
0.009054
0.009602
0.010071
0.010462
0.011245
0.012028
0.012498
0.013593
0.013906
0.014219
0.015159
0.016020
0.016254
0.017037
0.017194
0.017976
0.018759
0.019542
0.020324
0.020559
0.021812
0.022360
0.022907
0.022986
0.023299
0.024395
0.025177
0.025803
0.026430
0.026821
0.027525
0.027995
0.028778
0.029326
0.029717
0.030421
0.031439
0.031908
0.032535
0.033004
0.033552
0.034491
0.034804
0.035274
0.035822
0.036292
0.036996
0.037779
0.038405
0.039344
0.039892
0.040283
0.041066
0.041379
0.042162
0.042553
0.043492
0.044197
0.044666
0.045214
0.046154
0.046545
0.046858
0.047406
0.047875
0.048110
0.048815
0.049754
0.050302
0.050771
0.051319
0.052180
0.052572
0.053120
0.053433
0.053902
0.054685
0.055389
0.055859
0.056329
0.056798
0.057424
0.058285
0.058364
0.058755
0.059538
0.059929
0.060947
0.061807
0.062121
0.062747
0.063216
0.063529
0.064077
0.064469
0.064860
0.065486
0.066425
0.067130
0.067599
0.067991
0.068695
0.069243
0.069869
0.070261
0.070182
0.070652
0.071904
0.072687
0.073000
0.073391
0.074252
0.074565
0.075113
0.075192
0.075818
0.076522
0.077461
0.077775
0.078557
0.079183
0.079888
0.080592
0.081297
0.081610
0.081923
0.082627
0.083175
0.083645
0.084271
0.084741
0.085367
0.085915
0.086149
0.086462
0.086932
0.087715
0.088497
0.089124
0.089124
0.089985
0.090298
0.091237
0.091472
0.091707
0.092489
0.092959
0.093820
0.093742
0.094368
0.095072
0.095463
0.095777
0.096403
0.096872
0.097107
0.097812
0.098359
0.098907
0.099455
0.099925
0.100160
0.100629
0.101334
0.101569
0.102351
0.102351
0.103369
0.103917
0.104543
0.105012
0.105325
0.105795
0.105873
0.106578
0.106891
0.107752
0.108378
0.108848
0.109552
0.109709
0.110022
0.110413
0.110804
0.111352
0.111900
0.112213
0.113152
0.113935
0.114092
0.114640
0.114953
0.115657
0.115970
0.116518
0.116675
0.117222
0.117849
0.118475
0.118788
0.119571
0.119805
0.120275
0.120745
0.121058
0.121606
0.122153
0.122701
0.123249
0.123641
0.124267
0.124815
0.125206
0.125441
0.125832
0.126224
0.126850
0.127554
0.127711
0.128572
0.128806
0.129354
0.129746
0.130372
0.130528
0.130763
0.131389
0.131937
0.132642
0.133268
0.133581
0.134129
0.134364
0.134677
0.135068
0.135772
0.136399
0.136790
0.137260
0.137416
0.137886
0.138199
0.138981
0.139451
0.139451
0.139999
0.140547
0.141330
0.141799
0.141799
0.142504
0.142973
0.143521
0.143756
0.144147
0.144539
0.144930
0.145713
0.146026
0.146261
0.146652
0.147356
0.147748
0.148061
0.148217
0.148843
0.149470
0.149861
0.150487
0.150879
0.151270
0.151818
0.151896
0.152522
0.152835
0.152914
0.153696
0.153853
0.154479
0.154792
0.155183
0.155731
0.156514
0.156749
0.157062
0.157531
0.158236
0.158705
0.158784
0.159332
0.159645
0.160114
0.160662
0.161288
0.161288
0.162071
0.162462
0.163089
0.163245
0.163636
0.163950
0.164419
0.164967
0.165437
0.165593
0.166063
0.166454
0.167080
0.167315
0.168020
0.168333
0.168724
0.169194
0.169585
0.169898
0.170446
0.170916
0.171463
0.172011
0.172168
0.172403
0.172794
0.173029
0.173498
0.173890
0.174281
0.175064
0.175768
0.175847
0.176081
0.176316
0.177099
0.177334
0.178038
0.178195
0.179056
0.179212
0.179525
0.180386
0.180543
0.180778
0.181091
0.181717
0.182421
0.182578
0.182969
0.183439
0.183908
0.184300
0.184535
0.184769
0.185709
0.185787
0.186570
0.186883
0.187430
0.187665
0.187978
0.188370
0.188839
0.189074
0.189700
0.190092
0.190405
0.190874
0.191422
0.191657
0.192518
0.192831
0.192831
0.193536
0.193536
0.194240
0.194866
0.195257
0.195649
0.195805
0.195884
0.196432
0.196745
0.197371
0.197762
0.198388
0.198388
0.199171
0.199562
0.199875
0.200267
0.200502
0.200971
0.201597
0.202380
0.202693
0.203163
0.203476
0.203867
0.204102
0.204337
0.204728
0.205198
0.205589
0.206450
0.206607
0.206841
0.207311
0.207702
0.207781
0.207859
0.208329
0.209111
0.209737
0.209972
0.210442
0.210911
0.211381
0.211694
0.212007
0.212164
0.212712
0.213260
0.213886
0.213964
0.214668
0.214512
0.215060
0.215451
0.215842
0.216077
0.216234
0.217251
0.217486
0.217799
0.218425
0.218738
0.218895
0.219208
0.219521
0.219912
0.220539
0.221321
0.221478
0.221947
0.222574
0.222887
0.223043
0.223591
0.223748
0.223982
0.224765
0.225470
0.225783
0.226174
0.226252
0.226644
0.226878
0.227113
0.227426
0.227818
0.228209
0.229070
0.229383
0.230009
0.229540
0.230166
0.230322
0.230870
0.231183
0.231731
0.232436
0.232670
0.233062
0.233218
0.233610
0.233688
0.234158
0.234392
0.234784
0.235175
0.235801
0.236271
0.236427
0.236740
0.237132
0.237210
0.237836
0.237758
0.238462
0.239010
0.239402
0.239793
0.240106
0.240497
0.240810
0.241358
0.241593
0.241906
0.242219
0.242924
0.243080
0.243315
0.243706
0.244098
0.244567
0.245037
0.245428
0.245507
0.246368
0.246759
0.247229
0.247542
0.247777
0.248246
0.248324
0.248637
0.248951
0.249264
0.249733
0.250046
0.250438
0.250907
0.251220
0.251533
0.251925
0.252316
0.252394
0.252942
0.253568
0.253960
0.254351
0.254586
0.255056
0.255134
0.255290
0.255682
0.256073
0.256699
0.256934
0.257247
0.257404
0.257952
0.258265
0.258499
0.259126
0.259360
0.259674
0.260221
0.260691
0.261239
0.261395
0.261865
0.262100
0.262335
0.262883
0.263117
0.263587
0.263744
0.264370
0.264526
0.264839
0.265074
0.265700
0.265857
0.266405
0.266718
0.267109
0.267579
0.267735
0.267970
0.268361
0.268675
0.269066
0.269144
0.269692
0.270318
0.270788
0.271257
0.271571
0.271649
0.271884
0.272431
0.272588
0.272901
0.273214
0.273997
0.274153
0.274545
0.275093
0.275327
0.275719
0.276188
0.276345
0.276815
0.277128
0.277754
0.277989
0.278145
0.278458
0.278693
0.278771
0.279789
0.280258
0.280337
0.280728
0.281433
0.281902
0.282293
0.282528
0.282763
0.283311
0.283859
0.284015
0.284563
0.285033
0.285189
0.285424
0.285737
0.285972
0.286677
0.286990
0.287459
0.288007
0.288242
0.288477
0.288790
0.288946
0.289259
0.289729
0.290199
0.290825
0.290825
0.291216
0.291764
0.292312
0.292469
0.292547
0.293173
0.293564
0.293877
0.294347
0.294738
0.295051
0.295599
0.295991
0.296069
0.296226
0.296773
0.297086
0.297165
0.297634
0.297947
0.298495
0.298495
0.298887
0.299278
0.299904
0.300139
0.300530
0.300374
0.300922
0.301704
0.301861
0.302252
0.302487
0.302800
0.303426
0.303661
0.304366
0.304366
0.304757
0.304992
0.305618
0.305618
0.305853
0.306244
0.306714
0.307340
0.307418
0.307731
0.308044
0.308592
0.308905
0.309062
0.309375
0.309923
0.310392
0.310940
0.311175
0.311253
0.311723
0.311801
0.312036
0.312584
0.313054
0.313367
0.313523
0.313993
0.314462
0.314932
0.315010
0.315558
0.315480
0.315871
0.316576
0.317124
0.317202
0.317671
0.317828
0.318219
0.318454
0.318767
0.318767
0.319315
0.319706
0.320254
0.320254
0.320567
0.321115
0.321507
0.322055
0.322133
0.322524
0.322994
0.323542
0.323463
0.323855
0.324168
0.324637
0.324716
0.325029
0.325498
0.325420
0.325968
0.326438
0.326751
0.326986
0.327220
0.327455
0.327847
0.328003
0.328160
0.328707
0.329021
0.329568
0.329960
0.330273
0.330508
0.330586
0.330977
0.331290
0.331447
0.332230
0.332543
0.332699
0.333169
0.333560
0.333717
0.333952
0.334030
0.334578
0.334656
0.335126
0.335439
0.335830
0.336300
0.336613
0.337082
0.337239
0.337474
0.337865
0.338178
0.338569
0.338726
0.338961
0.339274
0.339665
0.339822
0.340135
0.340683
0.341309
0.341309
0.341465
0.341857
0.342248
0.342483
0.342718
0.342874
0.343109
0.343579
0.344048
0.344361
0.344596
0.344988
0.345301
0.345614
0.345692
0.346162
0.346475
0.346866
0.347257
0.347492
0.347727
0.348197
0.348431
0.348666
0.349214
0.349606
0.349684
0.350466
0.350388
0.350780
0.351171
0.351327
0.351719
0.352110
0.352580
0.352736
0.353284
0.353362
0.353597
0.353989
0.354067
0.354537
0.354850
0.355319
0.355476
0.355789
0.356650
0.356806
0.357041
0.357354
0.357667
0.358059
0.358137
0.358607
0.358607
0.359311
0.359781
0.359702
0.360485
0.360642
0.360876
0.361503
0.361659
0.361816
0.362363
0.362911
0.362911
0.363146
0.363538
0.364398
0.364398
0.364790
0.364790
0.365338
0.365494
0.365729
0.366199
0.366668
0.367060
0.367060
0.367216
0.367764
0.368077
0.368625
0.369016
0.369329
0.369329
0.369408
0.370190
0.370504
0.370973
0.371443
0.371521
0.372069
0.372304
0.372617
0.372852
0.373243
0.373556
0.373869
0.374104
0.374339
0.374808
0.375356
0.375669
0.375982
0.376530
0.376922
0.377000
0.377548
0.377470
0.378096
0.378252
0.378957
0.379113
0.379191
0.379505
0.380131
0.380444
0.380913
0.380992
0.381383
0.381618
0.382087
0.382401
0.382557
0.382792
0.382948
0.383262
0.383731
0.384122
0.384279
0.384436
0.384905
0.385297
0.385766
0.386079
0.386392
0.386392
0.386862
0.387097
0.387410
0.387723
0.387958
0.388584
0.388897
0.389053
0.389523
0.389680
0.389993
0.390228
0.390854
0.391088
0.391402
0.391558
0.392028
0.392497
0.392576
0.393124
0.392967
0.393358
0.393671
0.393828
0.394141
0.394767
0.394924
0.395159
0.395002
0.395315
0.395941
0.396176
0.396489
0.396959
0.397428
0.397663
0.397820
0.397976
0.398289
0.398837
0.399307
0.399463
0.399776
0.400011
0.400637
0.401029
0.401029
0.401264
0.401498
0.401968
0.402359
0.402751
0.402907
0.403455
0.403925
0.404003
0.404394
0.404551
0.404864
0.405177
0.405568
0.406116
0.406195
0.406664
0.407056
0.407212
0.407525
0.407760
0.407838
0.408464
0.408464
0.409012
0.409247
0.409325
0.409952
0.409952
0.410186
0.410421
0.411047
0.411752
0.411830
0.412065
0.412378
0.412769
0.412848
0.413239
0.413317
0.413865
0.414100
0.414178
0.414726
0.415117
0.415352
0.415509
0.415665
0.415900
0.416213
0.416213
0.416918
0.417309
0.417465
0.417778
0.418170
0.418170
0.418248
0.418796
0.419109
0.419422
0.419735
0.420283
0.420518
0.420909
0.421144
0.421066
0.421379
0.421927
0.422396
0.422709
0.423023
0.423414
0.423649
0.423727
0.423962
0.424197
0.424588
0.424823
0.425371
0.425762
0.426153
0.426153
0.426623
0.426936
0.427014
0.427171
0.427249
0.427797
0.427954
0.428345
0.428815
0.429128
0.429284
0.429519
0.429676
0.429989
0.430536
0.430928
0.431397
0.431632
0.431711
0.431867
0.432102
0.432258
0.432650
0.432728
0.433276
0.433589
0.434215
0.434293
0.434293
0.434920
0.435154
0.435076
0.435546
0.436250
0.436094
0.436485
0.436720
0.437424
0.437268
0.437424
0.437581
0.437816
0.438363
0.438833
0.438990
0.439538
0.439851
0.440007
0.440320
0.440790
0.441259
0.441338
0.441651
0.442120
0.442668
0.442825
0.443138
0.443529
0.443921
0.443921
0.444234
0.444625
0.444938
0.445251
0.445564
0.445408
0.445877
0.446504
0.446347
0.446660
0.447130
0.447286
0.447599
0.448147
0.448382
0.448695
0.449008
0.449165
0.449399
0.449713
0.450104
0.450260
0.450887
0.451200
0.451435
0.451591
0.451748
0.452061
0.452530
0.453000
0.453235
0.453235
0.453626
0.454017
0.454252
0.454487
0.454957
0.455270
0.455583
0.455739
0.456052
0.456366
0.456757
0.456992
0.457305
0.457383
0.457696
0.458166
0.458322
0.458948
0.459340
0.459575
0.459888
0.460201
0.460279
0.460749
0.461218
0.461297
0.461766
0.462157
0.462471
0.462705
0.463018
0.463097
0.463566
0.463645
0.464271
0.464271
0.464819
0.465132
0.465367
0.465523
0.465914
0.465993
0.466697
0.466932
0.466932
0.467167
0.467558
0.467949
0.468341
0.468419
0.468889
0.469123
0.469045
0.469437
0.469750
0.470063
0.470454
0.470689
0.470845
0.471393
0.471550
0.472098
0.472411
0.472880
0.472959
0.473350
0.473663
0.473820
0.474289
0.474446
0.474446
0.475072
0.475150
0.475463
0.475776
0.476168
0.476324
0.476481
0.477107
0.476872
0.477264
0.477420
0.477577
0.478281
0.478594
0.478829
0.478985
0.479220
0.479533
0.479612
0.480160
0.480238
0.480707
0.481177
0.481412
0.481490
0.481881
0.482429
0.482195
0.482742
0.483134
0.483290
0.483916
0.483916
0.484308
0.484230
0.484856
0.485169
0.484934
0.485247
0.485795
0.486265
0.486578
0.487047
0.487126
0.487360
0.487517
0.487360
0.487830
0.488691
0.488456
0.489082
0.489317
0.489552
0.489474
0.489787
0.489787
0.490256
0.490726
0.491117
0.491274
0.491430
0.491743
0.492213
0.492370
0.492448
0.492839
0.493152
0.493465
0.493700
0.494092
0.494326
0.494639
0.494718
0.495109
0.495422
0.495500
0.495892
0.496440
0.496988
0.496831
0.496909
0.497379
0.497379
0.497770
0.497927
0.498396
0.498318
0.498866
0.498944
0.499179
0.499884
0.499727
0.500275
0.500275
0.500901
0.500823
0.501605
0.501762
0.502075
0.502153
0.502310
0.502545
0.503093
0.503093
0.503562
0.503954
0.503954
0.504501
0.504658
0.504893
0.504971
0.505284
0.505441
0.505832
0.506380
0.506693
0.507084
0.507241
0.507397
0.507554
0.507945
0.508102
0.508650
0.508728
0.509354
0.509432
0.509746
0.509980
0.510059
0.510293
0.510528
0.511076
0.511389
0.511702
0.512172
0.512328
0.512720
0.512955
0.512720
0.513346
0.513581
0.514050
0.514285
0.514598
0.514755
0.515303
0.515381
0.515851
0.515772
0.516164
0.516242
0.516790
0.517103
0.517416
0.517886
0.518433
0.518355
0.518590
0.518668
0.519060
0.519529
0.520234
0.519921
0.520468
0.520860
0.521016
0.521564
0.521877
0.522269
0.522738
0.522973
0.523364
0.523678
0.523678
0.523991
0.524460
0.524460
0.525008
0.525165
0.525713
0.525713
0.525713
0.526495
0.526730
0.526808
0.527200
0.527591
0.527982
0.528295
0.528530
0.528843
0.529078
0.529469
0.529626
0.529783
0.530330
0.530252
0.530565
0.530722
0.531270
0.531739
0.531974
0.532209
0.532365
0.532600
0.532757
0.533305
0.533540
0.533696
0.534244
0.534400
0.534557
0.534714
0.534948
0.535575
0.535888
0.536122
0.536436
0.536983
0.537062
0.537453
0.537610
0.537766
0.538079
0.538471
0.538862
0.539097
0.539566
0.539410
0.540036
0.540349
0.540584
0.541053
0.541445
0.541914
0.542306
0.542227
0.542775
0.543010
0.543402
0.543402
0.543871
0.544184
0.544419
0.544576
0.545045
0.545437
0.545437
0.545750
0.546063
0.545984
0.546611
0.547080
0.547080
0.547237
0.547628
0.547941
0.547941
0.548567
0.549037
0.549272
0.549507
0.549820
0.550211
0.550759
0.550915
0.551228
0.551307
0.551855
0.551776
0.552246
0.552168
0.552716
0.552950
0.553342
0.553498
0.553655
0.553655
0.554203
0.554516
0.554672
0.555064
0.555455
0.555690
0.556081
0.556081
0.556629
0.556629
0.556864
0.557020
0.557568
0.557803
0.557803
0.558038
0.558273
0.558664
0.558821
0.559212
0.559447
0.559525
0.559916
0.560464
0.560777
0.560777
0.561169
0.561795
0.561795
0.561951
0.562343
0.562265
0.563126
0.563282
0.563360
0.563752
0.564143
0.564378
0.564378
0.564769
0.565082
0.565317
0.565708
0.565865
0.566021
0.566335
0.566804
0.566804
0.567039
0.567274
0.567822
0.568291
0.568213
0.568448
0.568683
0.568839
0.568839
0.569152
0.569309
0.569778
0.570013
0.570561
0.570561
0.571187
0.571266
0.571266
0.571657
0.571970
0.572518
0.572753
0.573066
0.573222
0.573614
0.573457
0.573927
0.574240
0.574240
0.574553
0.575023
0.575023
0.575336
0.575649
0.575805
0.576040
0.576118
0.576744
0.577292
0.577292
0.577684
0.577997
0.578388
0.578623
0.578858
0.578936
0.579249
0.579562
0.580032
0.580110
0.579954
0.580658
0.580658
0.580345
0.581049
0.581284
0.582067
0.582223
0.582380
0.583006
0.583163
0.583006
0.583397
0.583476
0.584102
0.584415
0.584806
0.585198
0.585432
0.585589
0.585667
0.585824
0.585745
0.586215
0.586685
0.587076
0.587546
0.587624
0.587859
0.588250
0.588172
0.588328
0.588876
0.589189
0.589737
0.589737
0.590285
0.590129
0.590676
0.590755
0.590911
0.591381
0.592007
0.592398
0.592790
0.592868
0.592946
0.593103
0.593338
0.593494
0.593886
0.594199
0.594433
0.594903
0.595294
0.595842
0.595764
0.595921
0.596155
0.596547
0.597095
0.597329
0.597642
0.597956
0.598190
0.598190
0.598660
0.598738
0.598817
0.599443
0.599912
0.600460
0.600382
0.600460
0.600617
0.601243
0.601634
0.601869
0.602495
0.602887
0.603278
0.603434
0.603669
0.603826
0.603982
0.604217
0.604687
0.604922
0.605391
0.605861
0.605548
0.605861
0.606174
0.606330
0.606878
0.607113
0.607504
0.607504
0.607739
0.608052
0.608365
0.608522
0.608757
0.609070
0.609305
0.609305
0.610009
0.610322
0.610635
0.610870
0.611183
0.611183
0.611496
0.611966
0.612357
0.612670
0.612749
0.612827
0.613610
0.613610
0.613531
0.613688
0.613923
0.614549
0.614862
0.615253
0.615331
0.615958
0.615801
0.615958
0.616192
0.616662
0.616740
0.617210
0.617288
0.617132
0.617914
0.618227
0.618306
0.618619
0.618775
0.619245
0.619167
0.619793
0.619949
0.620184
0.619949
0.620184
0.620497
0.620967
0.621280
0.621750
0.621593
0.622219
0.622454
0.622611
0.622689
0.622611
0.623237
0.623706
0.623550
0.623863
0.624254
0.624567
0.625115
0.625350
0.625350
0.625820
0.625976
0.625976
0.626602
0.626759
0.626915
0.626915
0.627463
0.627776
0.628168
0.628168
0.628324
0.628481
0.628637
0.628716
0.629498
0.629655
0.629733
0.629968
0.630281
0.630594
0.630751
0.631064
0.631298
0.631377
0.631690
0.631612
0.632159
0.632316
0.632707
0.632942
0.633177
0.633490
0.633568
0.634116
0.634273
0.634429
0.634586
0.634899
0.635369
0.635603
0.635682
0.635838
0.636151
0.636308
0.636543
0.636699
0.637325
0.637169
0.637247
0.638030
0.637873
0.638343
0.638265
0.638499
0.638891
0.639047
0.639047
0.639673
0.639830
0.640221
0.640534
0.640847
0.641395
0.641552
0.641395
0.641708
0.641943
0.642413
0.642726
0.642804
0.643196
0.643117
0.643430
0.643587
0.643743
0.643978
0.644604
0.644839
0.644996
0.645152
0.645465
0.645622
0.645622
0.646013
0.646405
0.646952
0.647187
0.647657
0.648048
0.647500
0.647813
0.648048
0.648596
0.648753
0.649066
0.649535
0.649535
0.650005
0.650318
0.650709
0.650866
0.651257
0.651649
0.651962
0.652040
0.652275
0.652275
0.652823
0.653057
0.653371
0.653605
0.653762
0.654153
0.654466
0.654466
0.654858
0.654936
0.655171
0.655406
0.655719
0.656188
0.656580
0.656736
0.657284
0.657128
0.657284
0.657754
0.657988
0.658223
0.658849
0.659006
0.659397
0.659632
0.659945
0.660024
0.660415
0.660728
0.661119
0.661198
0.661824
0.662059
0.662293
0.662528
0.662763
0.662841
0.663154
0.663467
0.663937
0.664328
0.664563
0.664798
0.665189
0.665659
0.665424
0.665815
0.666363
0.666833
0.667303
0.667381
0.667616
0.667694
0.668085
0.668007
0.668320
0.668398
0.668868
0.669572
0.669729
0.669886
0.669807
0.670277
0.670433
0.670825
0.670981
0.671842
0.672312
0.672312
0.672468
0.673016
0.673173
0.673251
0.673251
0.673721
0.674269
0.674503
0.674973
0.674895
0.675208
0.675756
0.675912
0.675991
0.675991
0.676304
0.677086
0.677321
0.677634
0.677634
0.677947
0.678026
0.678260
0.678730
0.679121
0.679591
0.679904
0.680217
0.680452
0.680765
0.681156
0.680843
0.681548
0.682330
0.682409
0.683035
0.683113
0.683504
0.683504
0.683661
0.684365
0.684522
0.685226
0.685618
0.685539
0.685853
0.686244
0.686400
0.686479
0.686792
0.687105
0.687653
0.688044
0.688357
0.688592
0.688592
0.688905
0.689140
0.689375
0.689766
0.690236
0.690314
0.690705
0.691097
0.691253
0.691645
0.691723
0.692192
0.692427
0.692975
0.692897
0.693523
0.693836
0.694071
0.694071
0.694384
0.694462
0.695636
0.695401
0.695558
0.696106
0.696497
0.696576
0.696654
0.696967
0.697593
0.697906
0.698063
0.698376
0.699080
0.699080
0.699002
0.699393
0.699628
0.700332
0.700567
0.700802
0.700959
0.701115
0.701820
0.701663
0.701976
0.702133
0.702915
0.702994
0.703463
0.703620
0.703933
0.704402
0.704794
0.704794
0.705185
0.705890
0.705968
0.706203
0.706672
0.706751
0.707142
0.707377
0.707455
0.708238
0.708551
0.708707
0.708864
0.709177
0.709881
0.709960
0.710194
0.710194
0.710821
0.710664
0.710821
0.711134
0.710899
0.711134
0.711212
0.711447
0.711290
0.711290
0.711055
0.710977
0.710742
0.710742
0.710586
0.710508
0.710116
0.709803
0.709881
0.709647
0.709412
0.709020
0.708864
0.708473
0.708238
0.708081
0.708003
0.707455
0.707064
0.706672
0.706594
0.706281
0.705733
0.705655
0.705185
0.705029
0.704559
0.704481
0.704168
0.703933
0.703855
0.703542
0.702837
0.702759
0.702289
0.701898
0.701976
0.701193
0.700489
0.700489
0.700098
0.700019
0.699785
0.699315
0.698924
0.698767
0.698689
0.698297
0.697750
0.697280
0.696967
0.696732
0.696184
0.696028
0.695715
0.695558
0.695401
0.695088
0.694540
0.694071
0.693836
0.693758
0.693210
0.692897
0.692505
0.692114
0.691879
0.691410
0.691097
0.690627
0.690392
0.689923
0.689766
0.689375
0.689218
0.688983
0.688905
0.688122
0.687809
0.687418
0.686948
0.686948
0.686870
0.686479
0.685931
0.685461
0.685148
0.684678
0.684444
0.684365
0.684209
0.683661
0.683348
0.682878
0.682643
0.682252
0.681861
0.681783
0.681156
0.680687
0.680374
0.679669
0.679591
0.678887
0.678652
0.678495
0.678339
0.677947
0.677791
0.677165
0.676930
0.676617
0.676460
0.676069
0.675677
0.675051
0.674973
0.674895
0.674269
0.673877
0.673799
0.673486
0.673408
0.673016
0.672312
0.672155
0.672077
0.671686
0.671060
0.670433
0.670199
0.669572
0.669103
0.669103
0.668868
0.668555
0.668164
0.667929
0.667537
0.667381
0.667146
0.666676
0.666285
0.665659
0.665659
0.665033
0.664876
0.664641
0.664328
0.663702
0.663467
0.663389
0.662998
0.662919
0.662528
0.661980
0.661589
0.661432
0.660806
0.660650
0.660337
0.660024
0.659945
0.659319
0.659006
0.658458
0.658849
0.658302
0.657754
0.657519
0.656736
0.656501
0.656267
0.656188
0.655484
0.655327
0.654936
0.654701
0.654388
0.654153
0.653997
0.653449
0.652823
0.652510
0.652197
0.652275
0.652118
0.651570
0.651101
0.651022
0.650788
0.650475
0.649927
0.649457
0.649222
0.648440
0.648127
0.648127
0.647892
0.647735
0.647422
0.647109
0.646561
0.646405
0.645935
0.645309
0.644839
0.644917
0.644683
0.644213
0.644135
0.643743
0.643352
0.643274
0.642961
0.642569
0.642178
0.641395
0.640926
0.640534
0.640534
0.640221
0.639908
0.639595
0.639282
0.639047
0.639047
0.638265
0.637795
0.637404
0.637012
0.637012
0.636777
0.636229
0.635838
0.635603
0.635369
0.635134
0.634664
0.634508
0.634038
0.633725
0.633334
0.633020
0.632942
0.632394
0.632473
0.632081
0.631690
0.631455
0.631142
0.630281
0.629968
0.629811
0.629185
0.629263
0.628950
0.628637
0.628246
0.627855
0.627776
0.627072
0.626759
0.625976
0.625820
0.625585
0.625193
0.625272
0.624646
0.624411
0.624098
0.623706
0.623237
0.623080
0.622532
0.622297
0.621671
0.621906
0.621515
0.620732
0.620732
0.620654
0.620028
0.619793
0.619245
0.619010
0.618619
0.618384
0.618384
0.617758
0.617523
0.617210
0.616975
0.616662
0.616192
0.615645
0.615488
0.614862
0.614784
0.614705
0.614549
0.614314
0.613923
0.613766
0.613296
0.612905
0.612749
0.611731
0.611418
0.611496
0.611261
0.611027
0.610400
0.610244
0.610087
0.609618
0.608835
0.608835
0.608365
0.608365
0.607974
0.607974
0.607583
0.607348
0.606878
0.606644
0.606487
0.605861
0.605626
0.605156
0.604922
0.604608
0.604374
0.603982
0.603669
0.603748
0.603434
0.602573
0.602260
0.602026
0.601791
0.601243
0.601008
0.600695
0.600617
0.600225
0.599834
0.599756
0.599208
0.598582
0.598738
0.598190
0.598034
0.597721
0.597486
0.596782
0.596860
0.596625
0.596077
0.595842
0.595607
0.595060
0.594903
0.594903
0.594668
0.594120
0.593886
0.593729
0.593338
0.593181
0.592398
0.592242
0.592242
0.591616
0.591381
0.591303
0.590911
0.590598
0.590285
0.589737
0.589268
0.589033
0.588798
0.588407
0.588407
0.588250
0.587937
0.587780
0.587311
0.586920
0.586763
0.586215
0.586059
0.586059
0.585589
0.585432
0.585276
0.585041
0.584728
0.584258
0.583867
0.583241
0.583397
0.583006
0.583084
0.582223
0.582223
0.581754
0.581754
0.581362
0.580971
0.581128
0.580501
0.580345
0.579875
0.579562
0.579249
0.579014
0.578858
0.578623
0.578075
0.577840
0.577136
0.577136
0.576979
0.576823
0.576510
0.575962
0.575570
0.575414
0.575257
0.574553
0.574318
0.574318
0.574240
0.574005
0.573614
0.572987
0.572831
0.572987
0.572518
0.572361
0.571813
0.571657
0.571579
0.571266
0.571266
0.570639
0.570405
0.570092
0.569465
0.569309
0.568996
0.568917
0.568370
0.568370
0.567978
0.567822
0.567196
0.567196
0.566804
0.566491
0.566256
0.566021
0.565630
0.565552
0.565474
0.564691
0.564691
0.564300
0.564378
0.563517
0.563673
0.563439
0.562969
0.562656
0.562186
0.561795
0.561873
0.561247
0.561090
0.560699
0.560386
0.559916
0.559369
0.559055
0.558977
0.558821
0.558586
0.558116
0.557725
0.557490
0.557177
0.557020
0.556786
0.556081
0.556159
0.555455
0.555377
0.555533
0.555064
0.554438
0.554203
0.554281
0.553968
0.553498
0.553029
0.552950
0.552716
0.552168
0.552011
0.551855
0.551463
0.551228
0.550837
0.550524
0.550133
0.549585
0.549428
0.548802
0.548880
0.548489
0.548333
0.548176
0.547941
0.547550
0.547080
0.547002
0.546611
0.546611
0.546376
0.545984
0.545593
0.545280
0.544732
0.544419
0.544106
0.543636
0.543480
0.543167
0.543010
0.542619
0.542149
0.542071
0.541914
0.541445
0.540897
0.540427
0.540192
0.540036
0.539723
0.539488
0.539097
0.538940
0.538627
0.538157
0.537923
0.537766
0.537218
0.537140
0.536749
0.536279
0.535888
0.535731
0.535653
0.534635
0.534400
0.534244
0.533853
0.533618
0.533383
0.533305
0.533148
0.532913
0.532365
0.531505
0.531426
0.531113
0.530644
0.530644
0.530644
0.530330
0.530017
0.529548
0.529469
0.528609
0.528374
0.528139
0.527982
0.527669
0.527591
0.527200
0.526887
0.526495
0.526026
0.525556
0.525165
0.524695
0.524460
0.524382
0.524225
0.523991
0.523678
0.523286
0.522738
0.522425
0.522190
0.521956
0.522034
0.521721
0.521251
0.520468
0.520468
0.520155
0.519373
0.518903
0.518747
0.518433
0.518120
0.517807
0.517494
0.517103
0.517416
0.516868
0.516477
0.516007
0.515694
0.515694
0.515537
0.514990
0.514755
0.514520
0.514285
0.513972
0.513424
0.512955
0.512876
0.512720
0.512328
0.512094
0.511859
0.511467
0.511233
0.510606
0.510293
0.509746
0.509667
0.509198
0.509276
0.508963
0.508728
0.508650
0.508102
0.507710
0.507319
0.506928
0.506693
0.506536
0.506302
0.506145
0.505910
0.505597
0.504971
0.504580
0.504345
0.504110
0.503875
0.503562
0.503640
0.503327
0.502858
0.502623
0.502232
0.501840
0.501292
0.501214
0.500901
0.500510
0.499962
0.499884
0.499414
0.499727
0.499101
0.498631
0.498709
0.498318
0.497927
0.497692
0.497535
0.497222
0.496831
0.496518
0.496361
0.495892
0.495422
0.495109
0.495109
0.494639
0.494561
0.494248
0.494013
0.493700
0.492996
0.492683
0.492604
0.492448
0.492057
0.491978
0.491587
0.491352
0.491117
0.490804
0.490100
0.490100
0.489787
0.489474
0.489474
0.489082
0.488769
0.488613
0.488300
0.488065
0.487830
0.487204
0.487126
0.486812
0.486812
0.486265
0.485951
0.485795
0.485404
0.484934
0.484777
0.484543
0.483838
0.483603
0.483603
0.483290
0.483056
0.482586
0.482508
0.481960
0.481647
0.481020
0.480786
0.480473
0.480316
0.479846
0.480238
0.479220
0.478907
0.478672
0.478281
0.477968
0.477811
0.477342
0.477107
0.476794
0.476872
0.476324
0.476168
0.475620
0.475229
0.475150
0.474915
0.474837
0.474602
0.474211
0.473898
0.473350
0.473194
0.472724
0.472411
0.472176
0.471393
0.471080
0.471002
0.470767
0.470298
0.470298
0.469984
0.469437
0.469123
0.469045
0.468576
0.468028
0.467793
0.467636
0.467167
0.466932
0.466541
0.465758
0.465836
0.465445
0.465132
0.464819
0.464584
0.464192
0.463879
0.463488
0.463097
0.462862
0.462392
0.462705
0.462157
0.461688
0.461062
0.460983
0.460749
0.460670
0.459966
0.459575
0.459261
0.459261
0.458714
0.458401
0.457853
0.457618
0.457148
0.456835
0.456600
0.456287
0.455661
0.455426
0.455426
0.454722
0.454644
0.454644
0.454330
0.453861
0.453470
0.453078
0.452765
0.452139
0.451982
0.451669
0.451435
0.451513
0.450574
0.450495
0.450260
0.449556
0.449713
0.449086
0.448773
0.448382
0.448069
0.447756
0.447364
0.447051
0.446582
0.446425
0.445877
0.445799
0.445173
0.444938
0.444703
0.444234
0.444077
0.443842
0.443451
0.443060
0.442747
0.442668
0.442120
0.442120
0.441729
0.441103
0.441103
0.440868
0.440085
0.439459
0.439224
0.439068
0.438833
0.438677
0.438363
0.437972
0.437502
0.437111
0.436955
0.436485
0.435859
0.435781
0.435702
0.435311
0.435076
0.434607
0.434450
0.434137
0.434059
0.433432
0.432963
0.432963
0.432728
0.432571
0.431945
0.431711
0.431241
0.430536
0.430302
0.430302
0.429754
0.429206
0.429206
0.429049
0.428658
0.428580
0.428110
0.427954
0.427562
0.427171
0.427171
0.426701
0.426310
0.426310
0.425997
0.425605
0.425214
0.424901
0.424431
0.424197
0.424040
0.423570
0.423492
0.423414
0.423023
0.422788
0.422396
0.422475
0.422005
0.421457
0.421301
0.420831
0.420596
0.420361
0.420048
0.419892
0.419500
0.419266
0.418639
0.418718
0.418170
0.417857
0.417544
0.417544
0.417465
0.417074
0.416370
0.416213
0.416057
0.415509
0.415352
0.414961
0.414491
0.414569
0.414022
0.413787
0.413474
0.413082
0.412926
0.412613
0.412378
0.412065
0.411908
0.411752
0.411360
0.411126
0.410656
0.410265
0.409560
0.409404
0.409325
0.409169
0.408934
0.408386
0.408230
0.408073
0.407603
0.407056
0.406821
0.406429
0.406116
0.406116
0.405647
0.405490
0.405177
0.404629
0.404394
0.404316
0.403612
0.403533
0.403377
0.403142
0.402516
0.402751
0.402281
0.401890
0.401420
0.400872
0.400872
0.400559
0.400324
0.400011
0.399542
0.399385
0.399072
0.398446
0.398133
0.397820
0.397741
0.397350
0.397037
0.396959
0.396489
0.395941
0.395550
0.395237
0.394924
0.394924
0.394532
0.394219
0.394141
0.393671
0.393593
0.393437
0.392810
0.392419
0.392263
0.392028
0.391949
0.391480
0.391010
0.390775
0.390697
0.389836
0.389445
0.389132
0.388897
0.388740
0.388427
0.388427
0.387879
0.387332
0.387018
0.386784
0.386314
0.386158
0.385923
0.385375
0.384905
0.384749
0.384670
0.384436
0.383653
0.383183
0.383262
0.382792
0.382635
0.382322
0.382087
0.381853
0.381461
0.381070
0.380913
0.380366
0.379974
0.379661
0.379583
0.379505
0.378800
0.378409
0.378096
0.377704
0.377391
0.377235
0.376922
0.376374
0.376139
0.375748
0.375435
0.375200
0.374887
0.374808
0.374339
0.373869
0.373869
0.373321
0.373243
0.372695
0.372695
0.372069
0.371756
0.371443
0.370973
0.370973
0.370425
0.369877
0.369643
0.369486
0.369095
0.368547
0.368077
0.367921
0.367764
0.367373
0.366825
0.366668
0.366120
0.365964
0.365573
0.365338
0.364790
0.364398
0.364633
0.363851
0.363459
0.363381
0.363068
0.362833
0.362285
0.362050
0.361737
0.361189
0.360955
0.360250
0.359781
0.359546
0.359468
0.359076
0.358763
0.358450
0.358137
0.357902
0.357511
0.357119
0.356650
0.356337
0.356102
0.355554
0.355476
0.355163
0.354458
0.354302
0.354067
0.353519
0.353441
0.353362
0.352815
0.352580
0.352032
0.351641
0.351797
0.351327
0.351014
0.350466
0.350232
0.349762
0.349762
0.349214
0.348823
0.348353
0.348431
0.348040
0.347492
0.346866
0.346866
0.346631
0.346083
0.346162
0.345614
0.345222
0.345144
0.344753
0.344205
0.343892
0.343735
0.343500
0.343109
0.342718
0.342483
0.341857
0.341544
0.341231
0.341152
0.340839
0.340370
0.340291
0.339587
0.339430
0.338883
0.338569
0.338413
0.338100
0.337865
0.337474
0.337004
0.337004
0.336456
0.336065
0.335987
0.335595
0.335360
0.334578
0.334186
0.334030
0.333873
0.333560
0.333404
0.332778
0.332699
0.332308
0.331760
0.331603
0.331290
0.330977
0.330586
0.330586
0.330273
0.329882
0.329725
0.329021
0.328786
0.328160
0.328003
0.328081
0.327612
0.327220
0.326829
0.326672
0.326359
0.325968
0.325577
0.325498
0.324716
0.324716
0.324559
0.324168
0.323933
0.323698
0.323385
0.322837
0.322681
0.322133
0.322133
0.321741
0.321507
0.321507
0.320724
0.320020
0.320098
0.319315
0.319080
0.319080
0.318689
0.318141
0.318376
0.317985
0.317671
0.317045
0.316889
0.316654
0.316263
0.315715
0.315871
0.315323
0.315089
0.314932
0.314775
0.314149
0.313523
0.313445
0.313054
0.312819
0.312506
0.312427
0.311958
0.311801
0.311488
0.311253
0.310627
0.310236
0.310158
0.309453
0.309297
0.309062
0.308670
0.308279
0.307966
0.307575
0.307262
0.307027
0.306948
0.306166
0.305931
0.305853
0.305540
0.304913
0.304679
0.304209
0.304209
0.303583
0.303270
0.302800
0.302800
0.302487
0.301939
0.301783
0.301313
0.300687
0.300687
0.300374
0.299826
0.299826
0.299043
0.298887
0.298495
0.298339
0.298026
0.297556
0.297243
0.297086
0.296852
0.296695
0.296304
0.295834
0.295443
0.295365
0.294817
0.294660
0.294112
0.294034
0.293486
0.293408
0.293408
0.293173
0.292390
0.292155
0.291686
0.291295
0.290981
0.290668
0.290512
0.290199
0.289807
0.289416
0.288946
0.288320
0.288007
0.287772
0.287459
0.286990
0.286285
0.286442
0.285972
0.285659
0.285346
0.285033
0.284407
0.284329
0.283937
0.283702
0.283233
0.282841
0.282450
0.282450
0.281667
0.281433
0.280885
0.280493
0.280258
0.280024
0.279398
0.279241
0.278693
0.278537
0.277910
0.277754
0.277362
0.277049
0.276502
0.276580
0.276032
0.276188
0.275641
0.275093
0.274780
0.274153
0.273919
0.274075
0.273292
0.272979
0.272979
0.272588
0.271884
0.271336
0.271257
0.270944
0.270788
0.270240
0.269770
0.269770
0.269379
0.268988
0.268205
0.267735
0.267814
0.267187
0.266874
0.266718
0.266326
0.265857
0.265779
0.265465
0.264918
0.264683
0.263978
0.263900
0.263196
0.262726
0.262883
0.262726
0.262100
0.261787
0.261709
0.261082
0.260848
0.260534
0.259752
0.259282
0.258969
0.258813
0.258734
0.258499
0.257795
0.257247
0.257169
0.256856
0.256386
0.256073
0.255760
0.255525
0.254977
0.254821
0.254586
0.253960
0.253803
0.253490
0.253255
0.252786
0.252473
0.252238
0.252238
0.251690
0.251220
0.250829
0.250281
0.249890
0.249420
0.249185
0.248872
0.248716
0.248559
0.248246
0.247777
0.247542
0.247463
0.246759
0.246681
0.246211
0.245898
0.245585
0.245272
0.245115
0.244646
0.244411
0.243941
0.243393
0.243237
0.242924
0.242611
0.242376
0.242063
0.241828
0.241593
0.240810
0.240497
0.240184
0.239871
0.239402
0.238854
0.238854
0.238697
0.238071
0.237523
0.237288
0.236975
0.236662
0.236427
0.236114
0.235801
0.235488
0.234862
0.234784
0.234392
0.233766
0.233766
0.233218
0.233062
0.232827
0.232592
0.232201
0.231575
0.231418
0.231262
0.230557
0.230244
0.229931
0.229618
0.229148
0.229070
0.228757
0.228366
0.228209
0.227974
0.227505
0.226800
0.226487
0.226096
0.225626
0.225391
0.225078
0.224687
0.224374
0.223904
0.223669
0.223435
0.223043
0.222730
0.222730
0.222417
0.222182
0.221713
0.221556
0.220852
0.220460
0.220304
0.219834
0.219051
0.218895
0.218660
0.218347
0.217956
0.217721
0.217016
0.216625
0.216312
0.216234
0.215608
0.215608
0.215451
0.215060
0.214434
0.214199
0.213886
0.213181
0.213025
0.212868
0.212555
0.212399
0.211929
0.211616
0.211225
0.210755
0.210285
0.209737
0.209659
0.209346
0.209111
0.208485
0.208172
0.207859
0.207781
0.207311
0.206763
0.206607
0.206059
0.205980
0.205667
0.205198
0.204650
0.204572
0.203945
0.203398
0.203241
0.203006
0.202693
0.202380
0.202302
0.201676
0.200893
0.200893
0.200267
0.199719
0.199328
0.199014
0.199014
0.198623
0.197997
0.197762
0.197292
0.197292
0.196666
0.196353
0.195649
0.195649
0.195414
0.194944
0.194788
0.194240
0.193849
0.193536
0.193301
0.192753
0.192440
0.192127
0.191814
0.191422
0.191266
0.190640
0.190405
0.189700
0.189231
0.189231
0.188761
0.188448
0.188057
0.187744
0.187039
0.186883
0.186491
0.186022
0.185865
0.185395
0.185082
0.184456
0.184221
0.183830
0.183204
0.182656
0.182499
0.182343
0.181795
0.181560
0.181325
0.180699
0.180308
0.179760
0.179290
0.179134
0.179134
0.178664
0.178195
0.177803
0.177412
0.176942
0.176473
0.176316
0.175847
0.175377
0.175064
0.174594
0.174203
0.173812
0.173498
0.173185
0.172794
0.172481
0.171933
0.171620
0.171542
0.170994
0.170524
0.170133
0.169898
0.169272
0.168802
0.168411
0.168489
0.168020
0.167550
0.167393
0.166846
0.166767
0.166219
0.165750
0.165437
0.165358
0.164967
0.164654
0.164106
0.164028
0.163402
0.163245
0.162932
0.162619
0.162306
0.161758
0.161445
0.161210
0.160819
0.160193
0.159958
0.159410
0.159019
0.158627
0.157923
0.157453
0.157218
0.156827
0.156905
0.156514
0.155966
0.155575
0.155183
0.154792
0.154166
0.154009
0.153853
0.153148
0.153148
0.152757
0.152366
0.151896
0.151739
0.151270
0.150565
0.150565
0.150018
0.149626
0.149391
0.149000
0.148452
0.148061
0.147826
0.147356
0.147043
0.146652
0.146339
0.146026
0.145556
0.145087
0.144539
0.144460
0.144147
0.143678
0.143521
0.143052
0.142738
0.142269
0.141956
0.141564
0.141017
0.140625
0.140390
0.139686
0.139686
0.139295
0.138668
0.138590
0.138121
0.137651
0.137494
0.137103
0.136555
0.136086
0.135929
0.135381
0.134990
0.134911
0.134677
0.134129
0.133894
0.133972
0.133111
0.132407
0.132329
0.131937
0.131859
0.131546
0.131155
0.130528
0.130294
0.129980
0.129354
0.128728
0.128572
0.128259
0.128102
0.127711
0.127319
0.126928
0.126771
0.126224
0.125754
0.124815
0.124423
0.124502
0.124110
0.123797
0.123328
0.122780
0.122467
0.121840
0.121371
0.120901
0.120353
0.120353
0.120275
0.119492
0.119179
0.119023
0.118631
0.117927
0.117536
0.117222
0.116831
0.116205
0.115814
0.115657
0.115266
0.114953
0.114248
0.113700
0.113309
0.113152
0.112918
0.112448
0.112135
0.111822
0.111665
0.111196
0.110648
0.110256
0.109943
0.109630
0.109317
0.108691
0.108613
0.108065
0.107830
0.107282
0.106969
0.106500
0.105795
0.105482
0.105169
0.105091
0.104465
0.104151
0.103838
0.103682
0.103056
0.102664
0.102351
0.101725
0.101412
0.101255
0.100786
0.100473
0.099534
0.099220
0.098751
0.098281
0.097968
0.097890
0.097420
0.096794
0.096638
0.096011
0.095698
0.095463
0.094837
0.094368
0.094133
0.093742
0.093194
0.092881
0.092724
0.092176
0.091863
0.091472
0.090924
0.090298
0.089985
0.089672
0.089202
0.088732
0.088419
0.087950
0.087323
0.087010
0.086541
0.086071
0.085758
0.085367
0.085132
0.084584
0.084114
0.083880
0.083332
0.083253
0.082392
0.082001
0.081375
0.081297
0.080905
0.080436
0.079496
0.079496
0.078792
0.078479
0.077696
0.077227
0.076914
0.076522
0.076366
0.075818
0.075505
0.075270
0.074722
0.074096
0.073783
0.073391
0.072922
0.072609
0.072061
0.071513
0.071200
0.070887
0.070652
0.069713
0.069556
0.068930
0.068226
0.068069
0.067678
0.067286
0.066660
0.066425
0.065956
0.065564
0.065173
0.064625
0.064234
0.064077
0.063529
0.063138
0.062512
0.062355
0.062121
0.061651
0.061103
0.060320
0.060164
0.059694
0.059459
0.058677
0.057972
0.057659
0.057190
0.056876
0.056720
0.056016
0.055781
0.055233
0.054763
0.054528
0.054137
0.053511
0.053198
0.052728
0.052180
0.051789
0.051319
0.051006
0.050537
0.050145
0.049832
0.049363
0.049050
0.048502
0.047954
0.047641
0.047093
0.046858
0.046388
0.045997
0.045293
0.044745
0.044666
0.043805
0.043649
0.043336
0.042944
0.042631
0.042318
0.041770
0.040909
0.040675
0.040362
0.039266
0.039109
0.038874
0.037779
0.037544
0.037622
0.036839
0.036370
0.035900
0.035665
0.035196
0.034883
0.034257
0.033787
0.033474
0.032848
0.032456
0.031830
0.031595
0.031047
0.030343
0.030030
0.029795
0.029560
0.028934
0.028621
0.027917
0.027447
0.027134
0.026664
0.026273
0.025882
0.025412
0.024942
0.024708
0.024081
0.023612
0.023299
0.022673
0.022046
0.021812
0.021342
0.020872
0.020403
0.020011
0.019385
0.018603
0.018524
0.017663
0.017194
0.016802
0.016568
0.016020
0.015393
0.015237
0.014846
0.014298
0.013828
0.012889
0.012967
0.012184
0.012106
0.011323
0.011323
0.010776
0.010149
0.009680
0.008975
0.008662
0.008193
0.007332
0.007175
0.006784
0.006471
0.005453
0.005610
0.004592
0.003966
0.003575
0.003262
0.002949
0.002479
0.002088
0.001618
0.000835
0.000835
0.000366
-0.000104
-0.000887
-0.001435
-0.001435
-0.002217
-0.002452
-0.003078
-0.003470
-0.004096
-0.004330
-0.005191
-0.005348
-0.005661
-0.006131
-0.006600
-0.007070
-0.007774
-0.008166
-0.008714
-0.009027
-0.010201
-0.010749
-0.011062
-0.011610
-0.011766
-0.012627
-0.012862
-0.013332
-0.013645
-0.014271
-0.015053
-0.015758
-0.016228
-0.016541
-0.016932
-0.017323
-0.017949
-0.018263
-0.018967
-0.019750
-0.020532
-0.020845
-0.021315
-0.021550
-0.022176
-0.022489
-0.022880
-0.023350
-0.023976
-0.024681
-0.025385
-0.025698
-0.026168
-0.026324
-0.027107
-0.027498
-0.027968
-0.028594
-0.028985
-0.030003
-0.030707
-0.031568
-0.031647
-0.032195
-0.032429
-0.032821
-0.033447
-0.033838
-0.034386
-0.035012
-0.035951
-0.036265
-0.036734
-0.037204
-0.037595
-0.038065
-0.038769
-0.039474
-0.039865
-0.040413
-0.041274
-0.041978
-0.042604
-0.043387
-0.043622
-0.043857
-0.044405
-0.044953
-0.045500
-0.046205
-0.046753
-0.047457
-0.047849
-0.048162
-0.048788
-0.049023
-0.049962
-0.050510
-0.051371
-0.051762
-0.052466
-0.053249
-0.053875
-0.054423
-0.054736
-0.055362
-0.055989
-0.056380
-0.057319
-0.058024
-0.058571
-0.059511
-0.059980
-0.060059
-0.060841
-0.061624
-0.062015
-0.062485
-0.063111
-0.063894
-0.064755
-0.065459
-0.066242
-0.066477
-0.067025
-0.067103
-0.067886
-0.068355
-0.068668
-0.069764
-0.070312
-0.070938
-0.071721
-0.072112
-0.072425
-0.073051
-0.073521
-0.074304
-0.074695
-0.075165
-0.075947
-0.076495
-0.077200
-0.077748
-0.078061
-0.078687
-0.079469
-0.080487
-0.081505
-0.081896
-0.082835
-0.083540
-0.083931
-0.084479
-0.084870
-0.085496
-0.086122
-0.086749
-0.087140
-0.087688
-0.088784
-0.089175
-0.090114
-0.090662
-0.091053
-0.091523
-0.092384
-0.092854
-0.093793
-0.094419
-0.094810
-0.095593
-0.096141
-0.096532
-0.096845
-0.097472
-0.097863
-0.098724
-0.099507
-0.100133
-0.100681
-0.101698
-0.102168
-0.102716
-0.103029
-0.103811
-0.104281
-0.105220
-0.106159
-0.106629
-0.107099
-0.107881
-0.108508
-0.109055
-0.109290
-0.110151
-0.110934
-0.111795
-0.112265
-0.112812
-0.113439
-0.114300
-0.115004
-0.115395
-0.116335
-0.116413
-0.117352
-0.117822
-0.118839
-0.119465
-0.120326
-0.121031
-0.122127
-0.122674
-0.122674
-0.123614
-0.123692
-0.124866
-0.125570
-0.126118
-0.126744
-0.127605
-0.128075
-0.128936
-0.129562
-0.129954
-0.130267
-0.131362
-0.132067
-0.132693
-0.133319
-0.134024
-0.134728
-0.135511
-0.135980
-0.136606
-0.137154
-0.137546
-0.138798
-0.139502
-0.139894
-0.140755
-0.141303
-0.142242
-0.142790
-0.143181
-0.143729
-0.143964
-0.144903
-0.145764
-0.146782
-0.147251
-0.147799
-0.148347
-0.149130
-0.149678
-0.150069
-0.150695
-0.152026
-0.152808
-0.153200
-0.153826
-0.154452
-0.155078
-0.155548
-0.156565
-0.156565
-0.157348
-0.158209
-0.159383
-0.160244
-0.160948
-0.161575
-0.162122
-0.162827
-0.163375
-0.164392
-0.164549
-0.165253
-0.166192
-0.167210
-0.167914
-0.168306
-0.168854
-0.169401
-0.170262
-0.170810
-0.171202
-0.171671
-0.172611
-0.173706
-0.174098
-0.175193
-0.175741
-0.176133
-0.176681
-0.177620
-0.177933
-0.178559
-0.178950
-0.180124
-0.181612
-0.181846
-0.182316
-0.182864
-0.183177
-0.184273
-0.184821
-0.185212
-0.186229
-0.187169
-0.188108
-0.188812
-0.189047
-0.189908
-0.190534
-0.191395
-0.191787
-0.192491
-0.193274
-0.194135
-0.195074
-0.195857
-0.196326
-0.196796
-0.197266
-0.197892
-0.198831
-0.198987
-0.200005
-0.200631
-0.202197
-0.203058
-0.203371
-0.203762
-0.204075
-0.204779
-0.205327
-0.206345
-0.206893
-0.207128
-0.208380
-0.209397
-0.209945
-0.210415
-0.210728
-0.211511
-0.212293
-0.212841
-0.213311
-0.213859
-0.214563
-0.215894
-0.216755
-0.217146
-0.217929
-0.218320
-0.218790
-0.219416
-0.220277
-0.221060
-0.221294
-0.222703
-0.223564
-0.224034
-0.224738
-0.225286
-0.225599
-0.226225
-0.227086
-0.227634
-0.227947
-0.228730
-0.229669
-0.230530
-0.231078
-0.231626
-0.232017
-0.232409
-0.233270
-0.233974
-0.234600
-0.234913
-0.236166
-0.237027
-0.237418
-0.237966
-0.238201
-0.238749
-0.239609
-0.240392
-0.241097
-0.241488
-0.242271
-0.243680
-0.243993
-0.244462
-0.245323
-0.245558
-0.246262
-0.246732
-0.247202
-0.247984
-0.248689
-0.249550
-0.250176
-0.250567
-0.251193
-0.251741
-0.252367
-0.252837
-0.253385
-0.253855
-0.254637
-0.255498
-0.256359
-0.256672
-0.257377
-0.257612
-0.257768
-0.258629
-0.259177
-0.259725
-0.260508
-0.261368
-0.262308
-0.262777
-0.263090
-0.263638
-0.264264
-0.264734
-0.265125
-0.265752
-0.266065
-0.266769
-0.267395
-0.268256
-0.268491
-0.268726
-0.269430
-0.269665
-0.270135
-0.270604
-0.271230
-0.271544
-0.272326
-0.272952
-0.273500
-0.273657
-0.274205
-0.274518
-0.274831
-0.275066
-0.275927
-0.276240
-0.276631
-0.277257
-0.277805
-0.278353
-0.278353
-0.279292
-0.279527
-0.279840
-0.280466
-0.281092
-0.281327
-0.281875
-0.282580
-0.282893
-0.283519
-0.283910
-0.284145
-0.284536
-0.284849
-0.285476
-0.285867
-0.285789
-0.286337
-0.286884
-0.287511
-0.287589
-0.288137
-0.288450
-0.288450
-0.289233
-0.289467
-0.289624
-0.289937
-0.290407
-0.290798
-0.291502
-0.291894
-0.292363
-0.292520
-0.292676
-0.292989
-0.293459
-0.293537
-0.294007
-0.294555
-0.295103
-0.294711
-0.295338
-0.295572
-0.295651
-0.295964
-0.296277
-0.296590
-0.296746
-0.297138
-0.297451
-0.297842
-0.298077
-0.298703
-0.298860
-0.299095
-0.298860
-0.299486
-0.299721
-0.299956
-0.300425
-0.300973
-0.301286
-0.301364
-0.301521
-0.301756
-0.302069
-0.302069
-0.302538
-0.302695
-0.302773
-0.303008
-0.303478
-0.303556
-0.303869
-0.304026
-0.303947
-0.304182
-0.304260
-0.304573
-0.304808
-0.304965
-0.305043
-0.305278
-0.305434
-0.305904
-0.305904
-0.306139
-0.306217
-0.306452
-0.306608
-0.306687
-0.306843
-0.307000
-0.307391
-0.307469
-0.307782
-0.307626
-0.307861
-0.307939
-0.308409
-0.308330
-0.308330
-0.308409
-0.308487
-0.308722
-0.308722
-0.308957
-0.308957
-0.308957
-0.309035
-0.309035
-0.309035
-0.309504
-0.309504
-0.309504
-0.309661
-0.309974
-0.309896
-0.309661
-0.309583
-0.309583
-0.309896
-0.310052
-0.309896
-0.309974
-0.309896
-0.310365
-0.310209
-0.310209
-0.309896
-0.310444
-0.310678
-0.310600
-0.310052
-0.310131
-0.310444
-0.310600
-0.310757
-0.310757
-0.310444
-0.310287
-0.310522
-0.310444
-0.310522
-0.310444
-0.310287
-0.310444
-0.310600
-0.310444
-0.310835
-0.310522
-0.310209
-0.310365
-0.310365
-0.310287
-0.310522
-0.310209
-0.310052
-0.310444
-0.310365
-0.310522
-0.310287
-0.310287
-0.310209
-0.310052
-0.310209
-0.309818
-0.310052
-0.309818
-0.310052
-0.309974
-0.309818
-0.309739
-0.309896
-0.309974
-0.309896
-0.309661
-0.309739
-0.309583
-0.310052
-0.309504
-0.309504
-0.309583
-0.309504
-0.309583
-0.309504
-0.309191
-0.309270
-0.309348
-0.309348
-0.309113
-0.309113
-0.309270
-0.309270
-0.309348
-0.308800
-0.308878
-0.308409
-0.308409
-0.308330
-0.308409
-0.308722
-0.308800
-0.308409
-0.308409
-0.308487
-0.308252
-0.307704
-0.307939
-0.307939
-0.307782
-0.308017
-0.307626
-0.307861
-0.307782
-0.307704
-0.307469
-0.307782
-0.307782
-0.307626
-0.307078
-0.307313
-0.307313
-0.307391
-0.307156
-0.306922
-0.307078
-0.307000
-0.307313
-0.307000
-0.306687
-0.306765
-0.306765
-0.306843
-0.306843
-0.306530
-0.306687
-0.306530
-0.306608
-0.306530
-0.306061
-0.305904
-0.305904
-0.306061
-0.306139
-0.305982
-0.305982
-0.305904
-0.305747
-0.305747
-0.305669
-0.305434
-0.305200
-0.305121
-0.305278
-0.305121
-0.305043
-0.305121
-0.305200
-0.304730
-0.304808
-0.304730
-0.304573
-0.304652
-0.304730
-0.304730
-0.304495
-0.304495
-0.304573
-0.304495
-0.304260
-0.304417
-0.304104
-0.304026
-0.303712
-0.303869
-0.303712
-0.304026
-0.303869
-0.303712
-0.303634
-0.303712
-0.303712
-0.303634
-0.303712
-0.303321
-0.303399
-0.303478
-0.303243
-0.303321
-0.303008
-0.302930
-0.302930
-0.303008
-0.302851
-0.302851
-0.302460
-0.302538
-0.302538
-0.302695
-0.302695
-0.302617
-0.302225
-0.302382
-0.302538
-0.302304
-0.301912
-0.302147
-0.302069
-0.302225
-0.301991
-0.302225
-0.302147
-0.302147
-0.301912
-0.301677
-0.301834
-0.301599
-0.301286
-0.301756
-0.301521
-0.301834
-0.301130
-0.301677
-0.301443
-0.301364
-0.301599
-0.301443
-0.301208
-0.301208
-0.301286
-0.301208
-0.301130
-0.301443
-0.301208
-0.301208
-0.300973
-0.300816
-0.301286
-0.300816
-0.300973
-0.300895
-0.300973
-0.301364
-0.301051
-0.301130
-0.301130
-0.301130
-0.300973
-0.300816
-0.300660
-0.300582
-0.300895
-0.301051
-0.300973
-0.301130
-0.301364
-0.300895
-0.300973
-0.300973
-0.300816
-0.300582
-0.300347
-0.300582
-0.300738
-0.301130
-0.301051
-0.300973
-0.300895
-0.301130
-0.301051
-0.300895
-0.301051
-0.300895
-0.300973
-0.301051
-0.301286
-0.301130
-0.301521
-0.301756
-0.301599
-0.301130
-0.300973
-0.301364
-0.301051
-0.301130
-0.301130
-0.301208
-0.301443
-0.301599
-0.301912
-0.301443
-0.301443
-0.301599
-0.301599
-0.301130
-0.301443
-0.301443
-0.301677
-0.301599
-0.302069
-0.301834
-0.301834
-0.301756
-0.301834
-0.301599
-0.301756
-0.301912
-0.301991
-0.301991
-0.301912
-0.302147
-0.301991
-0.302147
-0.301834
-0.302147
-0.302069
-0.302147
-0.302304
-0.302304
-0.302617
-0.302304
-0.302538
-0.302851
-0.302695
-0.302617
-0.302460
-0.302695
-0.302851
-0.302460
-0.302538
-0.302851
-0.303165
-0.302930
-0.302930
-0.303243
-0.303086
-0.303008
-0.302851
-0.303165
-0.303165
-0.303243
-0.303556
-0.303712
-0.303712
-0.303869
-0.303634
-0.303791
-0.304026
-0.304182
-0.304260
-0.304260
-0.304182
-0.304652
-0.304652
-0.304573
-0.304573
-0.304887
-0.304730
-0.304965
-0.304730
-0.304730
-0.304730
-0.305043
-0.305121
-0.305043
-0.305513
-0.305513
-0.305669
-0.305747
-0.305591
-0.305904
-0.305904
-0.306061
-0.306061
-0.306139
-0.306452
-0.306217
-0.306530
-0.306530
-0.306843
-0.306765
-0.306843
-0.306843
-0.306922
-0.306922
-0.307313
-0.307156
-0.307235
-0.307391
-0.307469
-0.307861
-0.307782
-0.307704
-0.308017
-0.307939
-0.308174
-0.308487
-0.308722
-0.308643
-0.309113
-0.308722
-0.308722
-0.308878
-0.309191
-0.309191
-0.309426
-0.309270
-0.309270
-0.309426
-0.309739
-0.309896
-0.310131
-0.310209
-0.310209
-0.310600
-0.310757
-0.310913
-0.310757
-0.310992
-0.310913
-0.310913
-0.311305
-0.311461
-0.311461
-0.311618
-0.311618
-0.311696
-0.312009
-0.311853
-0.311774
-0.312009
-0.312244
-0.312322
-0.312400
-0.312792
-0.313027
-0.312870
-0.313496
-0.313496
-0.313418
-0.313653
-0.313496
-0.313731
-0.313731
-0.314122
-0.314201
-0.314122
-0.314201
-0.314279
-0.314435
-0.314514
-0.314748
-0.314905
-0.314983
-0.315062
-0.315688
-0.315766
-0.315844
-0.316079
-0.316236
-0.316001
-0.316470
-0.316705
-0.316862
-0.317097
-0.317018
-0.317410
-0.317801
-0.317723
-0.317723
-0.318036
-0.318114
-0.318427
-0.318349
-0.318584
-0.318740
-0.318662
-0.318975
-0.319288
-0.319132
-0.319679
-0.319758
-0.319601
-0.319914
-0.320071
-0.320462
-0.320619
-0.320697
-0.321010
-0.320854
-0.321323
-0.321401
-0.321715
-0.321715
-0.321949
-0.322028
-0.322654
-0.322497
-0.322654
-0.322654
-0.322889
-0.323202
-0.323202
-0.323515
-0.323750
-0.323906
-0.324063
-0.324141
-0.324454
-0.324376
-0.324219
-0.324454
-0.324924
-0.325237
-0.325471
-0.325080
-0.325628
-0.325863
-0.326176
-0.326489
-0.326332
-0.326332
-0.326567
-0.327115
-0.327037
-0.327272
-0.327741
-0.327506
-0.327820
-0.327898
-0.328211
-0.328367
-0.328602
-0.328837
-0.328994
-0.328915
-0.329150
-0.329150
-0.329385
-0.329620
-0.329933
-0.330246
-0.330168
-0.330481
-0.330481
-0.331107
-0.331185
-0.331029
-0.331577
-0.331733
-0.331890
-0.332124
-0.332124
-0.332751
-0.332829
-0.332751
-0.333220
-0.333220
-0.333612
-0.333768
-0.333846
-0.334081
-0.334238
-0.334629
-0.334786
-0.335020
-0.335020
-0.335255
-0.335333
-0.335412
-0.335647
-0.335960
-0.336586
-0.336273
-0.336742
-0.336977
-0.337212
-0.337603
-0.337447
-0.337368
-0.337682
-0.338229
-0.338308
-0.338308
-0.338543
-0.338934
-0.339247
-0.339169
-0.339482
-0.339795
-0.339951
-0.340264
-0.340578
-0.340656
-0.340969
-0.341282
-0.341360
-0.341673
-0.341908
-0.342143
-0.342221
-0.342769
-0.342691
-0.342926
-0.342926
-0.343395
-0.343395
-0.343552
-0.343943
-0.344334
-0.344413
-0.344726
-0.344569
-0.344804
-0.344882
-0.345274
-0.345587
-0.345665
-0.346213
-0.346369
-0.346448
-0.346839
-0.347152
-0.347544
-0.347778
-0.347857
-0.347700
-0.348091
-0.348170
-0.348561
-0.348718
-0.348718
-0.349344
-0.349422
-0.349657
-0.349892
-0.349970
-0.350283
-0.350596
-0.350440
-0.350518
-0.351066
-0.351066
-0.351222
-0.351614
-0.351770
-0.352240
-0.352396
-0.352553
-0.352631
-0.352944
-0.353101
-0.353414
-0.353883
-0.353805
-0.354118
-0.354196
-0.354510
-0.354510
-0.355214
-0.355371
-0.355449
-0.355527
-0.355605
-0.355840
-0.356310
-0.356466
-0.356623
-0.356936
-0.357249
-0.357562
-0.357562
-0.357953
-0.358110
-0.358110
-0.358736
-0.358736
-0.358971
-0.359127
-0.359284
-0.359675
-0.359988
-0.360302
-0.360771
-0.361241
-0.361554
-0.361476
-0.361632
-0.361789
-0.362102
-0.362337
-0.362728
-0.362963
-0.363198
-0.363354
-0.363432
-0.363589
-0.363902
-0.363980
-0.364293
-0.364606
-0.364919
-0.365154
-0.365467
-0.365546
-0.365937
-0.366250
-0.366172
-0.366328
-0.366876
-0.367111
-0.367189
-0.367502
-0.367815
-0.367894
-0.368207
-0.368442
-0.368598
-0.369068
-0.369146
-0.369303
-0.369616
-0.369694
-0.370164
-0.370242
-0.370711
-0.370477
-0.370946
-0.371494
-0.371416
-0.371651
-0.371964
-0.372277
-0.372433
-0.372825
-0.372825
-0.373138
-0.373451
-0.373451
-0.373999
-0.374234
-0.374390
-0.374547
-0.374860
-0.374781
-0.375173
-0.375251
-0.375721
-0.375877
-0.376190
-0.376503
-0.376660
-0.376895
-0.377208
-0.377286
-0.377521
-0.377912
-0.378225
-0.378617
-0.378382
-0.378773
-0.379008
-0.379399
-0.379478
-0.379634
-0.379712
-0.380417
-0.380339
-0.380808
-0.381200
-0.381278
-0.381747
-0.381669
-0.381982
-0.382452
-0.382608
-0.383000
-0.383235
-0.383391
-0.383704
-0.383782
-0.383939
-0.384330
-0.384643
-0.384643
-0.385348
-0.385661
-0.385739
-0.386131
-0.386131
-0.386600
-0.386600
-0.387148
-0.387070
-0.387305
-0.387618
-0.387696
-0.387931
-0.388635
-0.388792
-0.389027
-0.389027
-0.389261
-0.389261
-0.389418
-0.390201
-0.390514
-0.390435
-0.390905
-0.390592
-0.391296
-0.391609
-0.391844
-0.392001
-0.392470
-0.392549
-0.393175
-0.393331
-0.393331
-0.393566
-0.394192
-0.394349
-0.394740
-0.395132
-0.395132
-0.395601
-0.395758
-0.396384
-0.396384
-0.396306
-0.396775
-0.397167
-0.397167
-0.397323
-0.397558
-0.397793
-0.398184
-0.398497
-0.398810
-0.398732
-0.399436
-0.399593
-0.399749
-0.399828
-0.400376
-0.400376
-0.400924
-0.401471
-0.401628
-0.402332
-0.402489
-0.402802
-0.403115
-0.403272
-0.403428
-0.403428
-0.403663
-0.404133
-0.404446
-0.404524
-0.404837
-0.404915
-0.405072
-0.405385
-0.405620
-0.406168
-0.406324
-0.406637
-0.406950
-0.407263
-0.407342
-0.407655
-0.408124
-0.408203
-0.408437
-0.408751
-0.408829
-0.409220
-0.409298
-0.409611
-0.409846
-0.410472
-0.410551
-0.410786
-0.411020
-0.411568
-0.411647
-0.411960
-0.412351
-0.412664
-0.412899
-0.413134
-0.413368
-0.413603
-0.413838
-0.413995
-0.414542
-0.414699
-0.414856
-0.415247
-0.415717
-0.415795
-0.415951
-0.416577
-0.416891
-0.416891
-0.416891
-0.417595
-0.417908
-0.417986
-0.418221
-0.418691
-0.418926
-0.418926
-0.419552
-0.419865
-0.419865
-0.420256
-0.420569
-0.421039
-0.421195
-0.421195
-0.421430
-0.421822
-0.422135
-0.422291
-0.423074
-0.423387
-0.423465
-0.423309
-0.423622
-0.424013
-0.424170
-0.424404
-0.424718
-0.425109
-0.425265
-0.425579
-0.426126
-0.426126
-0.426361
-0.426831
-0.426987
-0.427300
-0.427535
-0.427692
-0.428005
-0.428318
-0.428553
-0.428866
-0.428866
-0.429179
-0.429727
-0.429805
-0.430353
-0.430431
-0.430823
-0.430901
-0.431449
-0.431449
-0.431840
-0.432075
-0.432545
-0.432545
-0.432701
-0.433014
-0.433327
-0.433562
-0.433719
-0.434110
-0.434110
-0.434658
-0.434893
-0.435206
-0.435362
-0.435675
-0.436067
-0.436301
-0.436380
-0.437006
-0.437084
-0.437397
-0.437710
-0.437789
-0.438415
-0.438415
-0.438806
-0.439197
-0.439354
-0.439511
-0.439667
-0.440137
-0.440998
-0.441076
-0.441154
-0.441467
-0.441859
-0.442250
-0.442641
-0.443033
-0.443267
-0.443424
-0.443502
-0.443972
-0.444128
-0.444363
-0.444285
-0.444833
-0.445146
-0.445537
-0.445772
-0.446085
-0.446320
-0.446477
-0.446946
-0.446868
-0.447338
-0.447729
-0.447885
-0.448042
-0.448355
-0.448512
-0.449138
-0.449529
-0.449529
-0.449529
-0.449999
-0.450312
-0.450703
-0.450860
-0.451016
-0.451486
-0.451642
-0.451721
-0.452190
-0.452425
-0.452816
-0.452895
-0.453208
-0.453129
-0.453521
-0.453677
-0.453990
-0.454147
-0.454460
-0.454851
-0.455165
-0.455634
-0.455791
-0.455712
-0.456260
-0.456652
-0.457121
-0.457513
-0.457591
-0.457826
-0.458217
-0.458374
-0.458765
-0.459000
-0.459156
-0.459861
-0.460174
-0.460330
-0.460252
-0.461035
-0.461113
-0.461426
-0.461661
-0.462209
-0.462600
-0.462365
-0.463070
-0.463383
-0.463539
-0.463852
-0.463852
-0.464400
-0.464713
-0.464792
-0.465183
-0.465418
-0.465731
-0.465966
-0.466122
-0.466514
-0.466983
-0.467062
-0.467296
-0.467453
-0.467844
-0.467922
-0.468392
-0.468627
-0.469175
-0.469488
-0.469801
-0.469957
-0.470192
-0.470584
-0.470818
-0.471210
-0.471288
-0.471601
-0.472071
-0.472227
-0.472619
-0.472932
-0.473167
-0.473167
-0.473558
-0.473871
-0.474028
-0.474184
-0.474419
-0.474341
-0.474810
-0.475515
-0.475515
-0.475906
-0.476141
-0.476454
-0.476767
-0.477080
-0.477315
-0.477550
-0.477784
-0.478098
-0.478176
-0.478645
-0.478959
-0.478959
-0.479506
-0.479741
-0.480054
-0.480367
-0.480759
-0.480994
-0.481307
-0.481855
-0.481933
-0.482011
-0.482559
-0.482715
-0.483185
-0.483655
-0.484046
-0.483968
-0.484437
-0.484829
-0.485064
-0.485298
-0.485611
-0.486081
-0.486238
-0.486472
-0.486864
-0.486942
-0.487333
-0.487646
-0.487881
-0.488194
-0.488351
-0.488507
-0.488899
-0.489290
-0.489290
-0.489838
-0.490073
-0.490151
-0.490621
-0.490934
-0.491012
-0.491717
-0.491951
-0.492108
-0.492264
-0.492499
-0.492891
-0.493282
-0.493595
-0.493908
-0.494143
-0.494456
-0.494534
-0.494847
-0.495317
-0.495473
-0.495865
-0.496178
-0.496256
-0.496569
-0.496882
-0.497117
-0.497430
-0.497743
-0.498291
-0.498526
-0.498683
-0.499152
-0.499074
-0.499465
-0.499700
-0.499935
-0.500561
-0.500561
-0.501265
-0.501187
-0.501422
-0.502048
-0.502283
-0.502596
-0.502987
-0.503144
-0.503222
-0.504005
-0.504005
-0.504318
-0.505179
-0.505101
-0.505335
-0.505727
-0.506118
-0.506118
-0.506196
-0.506588
-0.506901
-0.507292
-0.507605
-0.507762
-0.508231
-0.508310
-0.508466
-0.509092
-0.509171
-0.509405
-0.510032
-0.510032
-0.510345
-0.510580
-0.510893
-0.511440
-0.511206
-0.511597
-0.512223
-0.512380
-0.512693
-0.513084
-0.513006
-0.513397
-0.513710
-0.514180
-0.514415
-0.514728
-0.514884
-0.515119
-0.515197
-0.515589
-0.515745
-0.516215
-0.516606
-0.516919
-0.517232
-0.517546
-0.517937
-0.518250
-0.518328
-0.518563
-0.519111
-0.519267
-0.519424
-0.520363
-0.520442
-0.520833
-0.520989
-0.521772
-0.521537
-0.522320
-0.522398
-0.522555
-0.522711
-0.523024
-0.523572
-0.523572
-0.524198
-0.524433
-0.524512
-0.525059
-0.525059
-0.525529
-0.525999
-0.526390
-0.526155
-0.527016
-0.527016
-0.527721
-0.527721
-0.527877
-0.528268
-0.528816
-0.528582
-0.529208
-0.529599
-0.529677
-0.529990
-0.530460
-0.531008
-0.530773
-0.531243
-0.531399
-0.531869
-0.531947
-0.532260
-0.532730
-0.532730
-0.532965
-0.533356
-0.533826
-0.534139
-0.534217
-0.534374
-0.534687
-0.534921
-0.535078
-0.535469
-0.535861
-0.536174
-0.536565
-0.536878
-0.536878
-0.537191
-0.537661
-0.537817
-0.538130
-0.538678
-0.538913
-0.539226
-0.539226
-0.539461
-0.540009
-0.540322
-0.540792
-0.540870
-0.541105
-0.541496
-0.541653
-0.542122
-0.542279
-0.542827
-0.543296
-0.543531
-0.543844
-0.544079
-0.544001
-0.544627
-0.544940
-0.545253
-0.545410
-0.545801
-0.545801
-0.546427
-0.546740
-0.547132
-0.547523
-0.547445
-0.547601
-0.548306
-0.548306
-0.548384
-0.548775
-0.549010
-0.548932
-0.549480
-0.549871
-0.550184
-0.550419
-0.551123
-0.550967
-0.551202
-0.551593
-0.552141
-0.552141
-0.552610
-0.552689
-0.552845
-0.553393
-0.553550
-0.554019
-0.553941
-0.554489
-0.554958
-0.555193
-0.555193
-0.555506
-0.555819
-0.556133
-0.556446
-0.556446
-0.557150
-0.557541
-0.557854
-0.557854
-0.557933
-0.558559
-0.558715
-0.559107
-0.559107
-0.559733
-0.559733
-0.560046
-0.560516
-0.560907
-0.561142
-0.561298
-0.562003
-0.562003
-0.562472
-0.562394
-0.562864
-0.563333
-0.563568
-0.563881
-0.563803
-0.564194
-0.564586
-0.565055
-0.565290
-0.565603
-0.565838
-0.565681
-0.566464
-0.566542
-0.567012
-0.566934
-0.567482
-0.567716
-0.568108
-0.568264
-0.568577
-0.568891
-0.569282
-0.569438
-0.569673
-0.569830
-0.570143
-0.570456
-0.570691
-0.570847
-0.571395
-0.571630
-0.571943
-0.572100
-0.572726
-0.573117
-0.573274
-0.573587
-0.573900
-0.574291
-0.574448
-0.574682
-0.574996
-0.575230
-0.575622
-0.575857
-0.575935
-0.576248
-0.576874
-0.577265
-0.577813
-0.577657
-0.577813
-0.578205
-0.578596
-0.578753
-0.579066
-0.579457
-0.579613
-0.579770
-0.580083
-0.580709
-0.581179
-0.581101
-0.581335
-0.582040
-0.582275
-0.582666
-0.582744
-0.583057
-0.583214
-0.583527
-0.583762
-0.584153
-0.584466
-0.584623
-0.585092
-0.585484
-0.585640
-0.585719
-0.586345
-0.586736
-0.587049
-0.587675
-0.587675
-0.587754
-0.588301
-0.588458
-0.589006
-0.589162
-0.589397
-0.589475
-0.589789
-0.590258
-0.590415
-0.590806
-0.591119
-0.591354
-0.591667
-0.591980
-0.592371
-0.592606
-0.592919
-0.593076
-0.593624
-0.593937
-0.593859
-0.594328
-0.594641
-0.595033
-0.595111
-0.595581
-0.595737
-0.596441
-0.596676
-0.597068
-0.596833
-0.597224
-0.597302
-0.598085
-0.598242
-0.598476
-0.598946
-0.599103
-0.599651
-0.599807
-0.600355
-0.600590
-0.600746
-0.601059
-0.601529
-0.601999
-0.601999
-0.602547
-0.602860
-0.603094
-0.603329
-0.603642
-0.603877
-0.604112
-0.604582
-0.604738
-0.604973
-0.605443
-0.605599
-0.605756
-0.606382
-0.606382
-0.606303
-0.607086
-0.607243
-0.607634
-0.608182
-0.608260
-0.608730
-0.609121
-0.609278
-0.609669
-0.609669
-0.609826
-0.610374
-0.610765
-0.611000
-0.611000
-0.611704
-0.612095
-0.612252
-0.612722
-0.612878
-0.612956
-0.613191
-0.613504
-0.613504
-0.613974
-0.614365
-0.614678
-0.615226
-0.615539
-0.615774
-0.616009
-0.616322
-0.616713
-0.616792
-0.617261
-0.617574
-0.617574
-0.617731
-0.618122
-0.618670
-0.618748
-0.619061
-0.619375
-0.619844
-0.620157
-0.620157
-0.620705
-0.621175
-0.621331
-0.621331
-0.622036
-0.622271
-0.622271
-0.622740
-0.623131
-0.623523
-0.623445
-0.623679
-0.623992
-0.624540
-0.624462
-0.624932
-0.625558
-0.625871
-0.625636
-0.625871
-0.626106
-0.626888
-0.627202
-0.627436
-0.627984
-0.628062
-0.628297
-0.628845
-0.628923
-0.629002
-0.629471
-0.629471
-0.629784
-0.629941
-0.630411
-0.631115
-0.631350
-0.631898
-0.632211
-0.632446
-0.632289
-0.632759
-0.633150
-0.633463
-0.633385
-0.633854
-0.634637
-0.634950
-0.635107
-0.635342
-0.635655
-0.636203
-0.636437
-0.636516
-0.636437
-0.637298
-0.637220
-0.637533
-0.637924
-0.638316
-0.638394
-0.638472
-0.639099
-0.639490
-0.639725
-0.639725
-0.640273
-0.640429
-0.640742
-0.641212
-0.641290
-0.641681
-0.642073
-0.642621
-0.642699
-0.642855
-0.643090
-0.643638
-0.643951
-0.643873
-0.643951
-0.644656
-0.645047
-0.644969
-0.645438
-0.645673
-0.646065
-0.646691
-0.646769
-0.646926
-0.647317
-0.647552
-0.647786
-0.647943
