-0.558481
-0.558794
-0.559263
-0.559263
-0.559811
-0.560359
-0.560985
-0.560985
-0.561611
-0.561925
-0.562316
-0.562551
-0.562864
-0.563177
-0.563646
-0.563725
-0.564038
-0.564273
-0.564664
-0.564820
-0.565212
-0.565525
-0.565995
-0.566308
-0.566464
-0.566777
-0.567169
-0.567403
-0.567638
-0.567795
-0.568343
-0.568656
-0.569125
-0.569517
-0.569595
-0.569830
-0.570456
-0.570769
-0.571082
-0.571004
-0.571708
-0.572021
-0.572178
-0.572256
-0.572569
-0.572961
-0.573587
-0.573587
-0.574369
-0.574369
-0.574761
-0.575074
-0.575309
-0.575543
-0.575857
-0.576248
-0.576639
-0.577109
-0.577265
-0.577500
-0.577813
-0.578048
-0.578439
-0.578831
-0.579066
-0.579300
-0.579457
-0.580161
-0.580553
-0.581101
-0.581414
-0.581414
-0.581883
-0.582118
-0.582353
-0.583057
-0.583136
-0.583449
-0.583918
-0.583527
-0.584466
-0.584388
-0.585014
-0.585171
-0.585484
-0.585875
-0.586345
-0.586658
-0.586971
-0.587049
-0.587675
-0.587832
-0.588380
-0.588615
-0.588928
-0.589475
-0.589397
-0.589632
-0.590180
-0.590258
-0.590806
-0.591119
-0.591432
-0.591432
-0.591745
-0.592293
-0.592763
-0.592998
-0.593467
-0.593546
-0.594250
-0.594563
-0.594563
-0.594876
-0.595424
-0.595659
-0.595894
-0.596207
-0.596598
-0.596989
-0.596911
-0.597537
-0.597929
-0.598007
-0.598476
-0.598711
-0.599024
-0.599259
-0.599964
-0.600042
-0.600355
-0.600590
-0.601138
-0.601451
-0.601920
-0.602468
-0.602938
-0.602938
-0.603407
-0.603642
-0.603721
-0.604190
-0.604425
-0.604973
-0.605208
-0.605599
-0.606147
-0.606225
-0.606851
-0.606930
-0.607243
-0.607712
-0.607947
-0.608417
-0.608808
-0.609043
-0.609356
-0.609513
-0.610060
-0.610295
-0.610843
-0.611000
-0.611156
-0.611704
-0.612174
-0.612565
-0.612878
-0.612878
-0.613348
-0.613583
-0.613974
-0.614444
-0.614991
-0.615070
-0.615148
-0.615774
-0.616087
-0.616165
-0.616713
-0.616948
-0.617496
-0.617418
-0.617731
-0.618200
-0.618748
-0.619140
-0.619296
-0.619453
-0.619844
-0.620314
-0.620470
-0.621096
-0.621175
-0.621566
-0.622036
-0.622584
-0.622740
-0.622818
-0.623053
-0.623445
-0.624071
-0.624149
-0.624462
-0.624775
-0.625010
-0.625245
-0.625480
-0.626106
-0.626341
-0.626106
-0.626810
-0.626888
-0.627515
-0.627749
-0.628062
-0.628610
-0.628532
-0.628767
-0.629080
-0.629863
-0.630019
-0.630332
-0.630332
-0.631037
-0.631350
-0.631741
-0.631819
-0.632133
-0.632289
-0.632993
-0.633307
-0.633463
-0.633854
-0.633854
-0.634715
-0.634715
-0.635107
-0.635733
-0.635889
-0.636203
-0.636124
-0.636750
-0.637142
-0.637142
-0.637611
-0.637846
-0.638081
-0.638472
-0.638785
-0.639333
-0.639333
-0.639568
-0.640507
-0.640507
-0.640977
-0.641290
-0.641681
-0.641681
-0.642151
-0.642542
-0.643090
-0.643169
-0.643638
-0.643716
-0.644421
-0.644499
-0.644812
-0.645047
-0.645517
-0.645751
-0.646065
-0.646378
-0.646926
-0.647239
-0.647239
-0.647708
-0.648021
-0.648178
-0.648647
-0.649117
-0.649587
-0.649743
-0.649978
-0.649900
-0.650448
-0.650917
-0.651309
-0.651465
-0.652170
-0.652404
-0.652874
-0.652874
-0.653109
-0.653657
-0.653813
-0.653970
-0.654126
-0.654596
-0.655222
-0.655066
-0.655457
-0.655927
-0.656318
-0.656396
-0.656787
-0.657492
-0.657414
-0.657805
-0.658040
-0.658509
-0.658744
-0.659449
-0.659605
-0.660075
-0.660153
-0.660701
-0.661171
-0.661562
-0.661797
-0.662110
-0.662423
-0.662971
-0.663049
-0.663284
-0.663519
-0.663832
-0.664223
-0.664380
-0.664928
-0.665475
-0.665710
-0.666102
-0.666649
-0.666884
-0.667276
-0.667510
-0.667902
-0.667902
-0.668450
-0.668606
-0.668841
-0.669076
-0.669702
-0.670250
-0.670641
-0.670563
-0.671111
-0.671267
-0.671424
-0.671815
-0.672520
-0.672911
-0.673068
-0.673146
-0.673694
-0.674007
-0.674398
-0.674711
-0.675103
-0.675181
-0.675729
-0.675964
-0.676277
-0.676668
-0.676981
-0.677372
-0.677529
-0.678233
-0.678546
-0.678860
-0.679173
-0.679486
-0.679799
-0.680034
-0.680347
-0.680738
-0.680973
-0.681521
-0.681990
-0.682147
-0.682147
-0.682695
-0.682773
-0.683086
-0.683634
-0.684025
-0.684338
-0.684417
-0.684652
-0.684730
-0.684965
-0.685434
-0.685982
-0.686608
-0.686608
-0.686843
-0.687234
-0.687391
-0.687704
-0.688017
-0.688487
-0.688330
-0.689191
-0.689269
-0.689426
-0.689817
-0.690522
-0.690757
-0.691070
-0.691226
-0.691774
-0.692009
-0.692557
-0.692713
-0.693105
-0.693574
-0.694044
-0.694044
-0.694279
-0.694827
-0.695218
-0.695688
-0.695844
-0.696235
-0.696470
-0.696549
-0.696940
-0.697566
-0.697566
-0.697644
-0.698192
-0.698505
-0.699053
-0.699288
-0.699523
-0.699679
-0.700071
-0.700697
-0.700697
-0.701088
-0.701558
-0.702106
-0.701949
-0.702419
-0.702732
-0.703045
-0.703436
-0.703593
-0.704219
-0.704454
-0.704610
-0.705002
-0.705080
-0.705315
-0.705863
-0.706176
-0.706411
-0.706880
-0.707115
-0.707037
-0.707663
-0.707819
-0.708367
-0.708524
-0.708915
-0.709463
-0.709463
-0.709933
-0.710402
-0.710794
-0.711028
-0.711498
-0.711968
-0.712359
-0.712203
-0.712594
-0.712829
-0.713298
-0.713611
-0.714003
-0.714394
-0.714394
-0.714864
-0.715255
-0.715490
-0.715959
-0.716038
-0.716351
-0.716742
-0.717290
-0.717681
-0.717916
-0.717916
-0.718229
-0.718777
-0.718934
-0.719403
-0.719795
-0.720108
-0.720734
-0.720969
-0.721047
-0.721438
-0.721830
-0.722221
-0.722456
-0.722691
-0.723317
-0.723395
-0.723473
-0.723865
-0.724334
-0.724960
-0.725274
-0.725743
-0.726056
-0.726213
-0.726604
-0.726839
-0.727230
-0.727543
-0.727856
-0.728170
-0.728404
-0.728639
-0.729187
-0.729187
-0.729813
-0.730361
-0.730361
-0.730831
-0.730752
-0.731066
-0.731770
-0.732005
-0.732553
-0.732474
-0.733101
-0.733179
-0.733962
-0.733727
-0.734275
-0.734744
-0.734901
-0.735449
-0.735605
-0.735918
-0.736153
-0.736388
-0.736466
-0.736779
-0.736857
-0.737171
-0.737171
-0.737171
-0.737014
-0.737092
-0.737014
-0.736857
-0.736936
-0.736779
-0.736388
-0.736623
-0.736388
-0.736153
-0.735762
-0.735527
-0.735370
-0.735214
-0.735136
-0.734744
-0.734509
-0.734118
-0.733648
-0.733805
-0.733101
-0.732944
-0.732709
-0.732161
-0.732005
-0.731535
-0.731144
-0.731066
-0.730283
-0.730361
-0.729735
-0.729422
-0.729187
-0.729031
-0.728639
-0.728404
-0.727700
-0.727309
-0.727387
-0.726996
-0.726526
-0.725821
-0.725821
-0.725508
-0.724726
-0.724647
-0.724178
-0.723943
-0.723708
-0.723160
-0.723082
-0.722143
-0.722221
-0.721517
-0.721125
-0.720812
-0.720577
-0.719873
-0.719638
-0.719090
-0.718699
-0.718621
-0.718073
-0.717838
-0.717525
-0.717290
-0.716742
-0.716429
-0.715881
-0.715412
-0.715098
-0.714785
-0.714394
-0.714081
-0.713690
-0.713611
-0.713142
-0.713063
-0.712437
-0.711968
-0.711811
-0.711342
-0.710950
-0.710559
-0.710167
-0.709933
-0.709776
-0.709228
-0.708915
-0.708367
-0.708132
-0.707898
-0.707585
-0.707272
-0.706958
-0.706332
-0.705941
-0.705628
-0.705158
-0.704767
-0.704297
-0.704219
-0.704062
-0.703358
-0.703045
-0.702654
-0.702184
-0.701871
-0.701245
-0.700932
-0.700462
-0.699914
-0.699679
-0.699366
-0.699053
-0.698897
-0.698427
-0.697723
-0.697566
-0.697331
-0.696862
-0.696627
-0.696314
-0.695844
-0.695609
-0.694905
-0.694748
-0.694435
-0.694200
-0.693731
-0.693496
-0.693183
-0.692479
-0.692165
-0.691852
-0.691539
-0.691148
-0.690991
-0.690600
-0.690209
-0.689739
-0.689191
-0.688878
-0.688487
-0.688095
-0.687861
-0.687704
-0.687313
-0.686687
-0.686687
-0.686530
-0.686217
-0.685591
-0.685199
-0.684652
-0.684417
-0.684182
-0.683947
-0.683321
-0.683086
-0.682851
-0.682147
-0.681990
-0.681521
-0.680582
-0.680660
-0.680112
-0.679721
-0.679721
-0.679094
-0.678703
-0.678312
-0.677842
-0.677451
-0.677607
-0.677138
-0.676511
-0.676433
-0.675729
-0.675651
-0.674711
-0.674398
-0.674320
-0.673850
-0.673537
-0.673459
-0.672989
-0.672598
-0.672441
-0.671972
-0.671659
-0.671033
-0.670720
-0.670406
-0.669937
-0.669624
-0.669076
-0.668606
-0.668137
-0.667745
-0.667432
-0.667119
-0.666571
-0.666180
-0.666102
-0.665710
-0.665397
-0.665475
-0.664928
-0.664536
-0.664458
-0.663832
-0.663362
-0.663519
-0.662658
-0.662501
-0.662110
-0.661953
-0.661092
-0.660701
-0.660466
-0.660231
-0.659918
-0.659370
-0.659136
-0.658823
-0.658353
-0.658118
-0.657570
-0.657257
-0.656787
-0.656631
-0.655927
-0.655379
-0.655066
-0.654674
-0.654361
-0.654361
-0.653892
-0.653657
-0.653187
-0.652796
-0.652483
-0.651935
-0.652013
-0.651465
-0.651074
-0.650682
-0.650291
-0.650135
-0.649821
-0.649039
-0.648961
-0.648491
-0.648178
-0.647943
-0.647552
-0.646926
-0.646691
-0.646456
-0.645986
-0.645673
-0.645047
-0.645047
-0.644343
-0.644030
-0.643560
-0.643325
-0.643012
-0.642621
-0.642308
-0.641603
-0.641525
-0.641290
-0.640664
-0.640429
-0.639881
-0.639333
-0.639020
-0.638785
-0.638551
-0.638316
-0.637611
-0.637064
-0.636907
-0.636281
-0.635968
-0.636046
-0.635498
-0.635107
-0.634637
-0.634089
-0.633854
-0.633620
-0.633228
-0.632837
-0.632446
-0.632524
-0.631898
-0.631350
-0.631193
-0.630958
-0.630411
-0.630254
-0.629941
-0.629471
-0.629158
-0.628923
-0.628454
-0.628454
-0.627828
-0.627202
-0.626888
-0.626732
-0.626341
-0.626184
-0.625714
-0.625558
-0.625010
-0.624619
-0.624227
-0.623836
-0.623210
-0.623053
-0.622740
-0.622271
-0.621644
-0.621566
-0.621410
-0.620862
-0.620236
-0.620079
-0.619766
-0.619061
-0.618748
-0.618748
-0.618279
-0.617653
-0.617731
-0.617183
-0.616948
-0.616557
-0.616087
-0.615539
-0.615305
-0.615148
-0.614757
-0.614130
-0.613739
-0.613426
-0.613269
-0.612956
-0.612565
-0.612252
-0.612174
-0.611548
-0.611391
-0.611000
-0.610139
-0.610060
-0.609826
-0.609356
-0.608886
-0.608495
-0.607869
-0.607791
-0.607086
-0.607008
-0.606851
-0.606225
-0.606147
-0.605990
-0.605286
-0.604973
-0.604895
-0.604347
-0.604034
-0.603721
-0.603407
-0.602860
-0.602547
-0.601999
-0.601607
-0.601216
-0.600590
-0.600277
-0.599729
-0.599494
-0.599337
-0.598711
-0.598398
-0.598398
-0.597929
-0.597537
-0.597068
-0.596911
-0.596285
-0.596050
-0.595502
-0.595267
-0.594954
-0.594641
-0.594406
-0.593937
-0.593389
-0.593311
-0.592606
-0.592450
-0.592215
-0.591589
-0.590963
-0.590806
-0.590258
-0.590180
-0.589710
-0.589241
-0.589084
-0.588771
-0.588223
-0.588067
-0.587754
-0.587206
-0.586814
-0.586814
-0.585875
-0.585797
-0.585327
-0.585014
-0.584466
-0.584153
-0.583918
-0.583840
-0.583449
-0.583136
-0.582666
-0.582040
-0.581883
-0.581570
-0.581022
-0.580709
-0.580474
-0.579848
-0.579770
-0.579144
-0.579066
-0.578283
-0.577970
-0.577657
-0.577422
-0.576952
-0.576483
-0.576013
-0.575935
-0.575387
-0.574996
-0.574604
-0.574213
-0.573822
-0.573587
-0.573352
-0.573039
-0.572491
-0.571943
-0.571787
-0.571239
-0.571082
-0.570534
-0.570769
-0.570143
-0.569673
-0.569282
-0.568891
-0.568577
-0.568577
-0.568264
-0.567560
-0.567169
-0.566856
-0.566542
-0.566229
-0.565681
-0.565290
-0.565212
-0.564742
-0.564586
-0.563881
-0.563960
-0.563490
-0.562942
-0.562707
-0.562551
-0.561690
-0.561533
-0.561298
-0.560829
-0.560203
-0.559968
-0.559185
-0.559185
-0.558715
-0.558324
-0.558089
-0.557776
-0.557541
-0.556759
-0.556524
-0.556133
-0.555976
-0.555350
-0.554958
-0.554724
-0.554411
-0.554254
-0.553863
-0.553471
-0.553002
-0.552845
-0.552297
-0.552141
-0.551828
-0.551436
-0.550810
-0.550184
-0.549793
-0.549558
-0.549558
-0.549245
-0.548619
-0.548149
-0.548071
-0.547601
-0.547366
-0.546975
-0.546584
-0.546427
-0.545801
-0.545566
-0.545410
-0.545018
-0.544549
-0.544157
-0.543609
-0.543296
-0.543218
-0.542905
-0.542201
-0.542279
-0.541574
-0.541574
-0.540635
-0.540713
-0.540009
-0.539774
-0.539383
-0.539070
-0.538678
-0.538287
-0.537974
-0.537817
-0.537348
-0.536878
-0.536409
-0.536330
-0.536095
-0.535313
-0.535078
-0.534765
-0.534608
-0.534217
-0.533591
-0.533434
-0.533199
-0.532886
-0.532260
-0.532260
-0.531634
-0.531556
-0.531086
-0.530851
-0.530538
-0.529912
-0.529521
-0.529129
-0.528738
-0.528425
-0.528503
-0.528034
-0.527564
-0.527329
-0.527094
-0.526547
-0.525920
-0.525764
-0.525607
-0.524981
-0.524668
-0.524277
-0.524042
-0.523807
-0.523572
-0.522633
-0.522477
-0.522163
-0.521929
-0.521302
-0.520442
-0.520676
-0.519894
-0.519424
-0.519189
-0.518641
-0.518485
-0.518172
-0.517624
-0.517546
-0.517076
-0.516763
-0.516685
-0.516293
-0.515980
-0.515667
-0.515276
-0.514884
-0.514493
-0.514258
-0.514180
-0.513476
-0.513241
-0.512693
-0.512458
-0.512301
-0.511910
-0.511440
-0.511049
-0.510423
-0.510032
-0.509640
-0.509327
-0.508936
-0.508623
-0.508310
-0.508075
-0.508153
-0.507527
-0.507370
-0.506901
-0.506666
-0.506040
-0.506040
-0.505492
-0.505257
-0.504866
-0.504474
-0.503770
-0.503614
-0.503222
-0.503066
-0.502674
-0.502205
-0.502205
-0.501265
-0.501031
-0.500874
-0.500483
-0.500091
-0.499700
-0.499230
-0.498917
-0.498526
-0.498135
-0.497587
-0.497587
-0.497117
-0.496882
-0.496804
-0.496334
-0.495865
-0.495787
-0.495317
-0.494926
-0.494847
-0.494456
-0.493908
-0.493595
-0.493204
-0.493125
-0.492969
-0.492499
-0.492030
-0.491951
-0.491560
-0.490934
-0.490464
-0.490386
-0.490151
-0.489603
-0.488899
-0.488821
-0.488351
-0.487960
-0.487725
-0.487568
-0.487177
-0.486551
-0.486003
-0.485846
-0.485611
-0.485220
-0.484672
-0.484437
-0.484124
-0.483890
-0.483498
-0.483185
-0.482637
-0.482559
-0.482011
-0.481541
-0.481072
-0.480759
-0.480211
-0.480133
-0.479976
-0.479350
-0.478959
-0.478802
-0.478411
-0.478019
-0.477863
-0.477237
-0.476845
-0.476532
-0.475984
-0.475515
-0.475358
-0.474967
-0.474732
-0.474262
-0.474106
-0.473793
-0.473245
-0.472932
-0.472775
-0.472384
-0.471836
-0.471679
-0.471288
-0.470897
-0.470349
-0.470427
-0.469879
-0.469410
-0.468783
-0.468783
-0.468236
-0.468157
-0.467453
-0.467218
-0.466983
-0.466514
-0.466357
-0.465887
-0.465496
-0.465105
-0.464792
-0.464479
-0.464087
-0.463774
-0.463305
-0.462757
-0.462522
-0.462209
-0.461661
-0.461583
-0.461348
-0.460956
-0.460252
-0.459782
-0.459939
-0.459469
-0.459000
-0.458921
-0.458530
-0.457982
-0.457669
-0.457278
-0.457043
-0.456652
-0.456339
-0.456025
-0.455399
-0.455243
-0.454930
-0.454695
-0.454225
-0.454069
-0.453364
-0.453129
-0.452816
-0.452738
-0.452347
-0.451799
-0.451564
-0.451173
-0.450781
-0.450390
-0.449920
-0.449529
-0.449216
-0.448981
-0.448746
-0.447885
-0.447651
-0.447259
-0.446711
-0.446398
-0.446398
-0.446007
-0.445616
-0.445146
-0.444989
-0.444676
-0.444285
-0.443815
-0.443424
-0.443033
-0.442563
-0.442328
-0.442015
-0.441232
-0.441154
-0.440606
-0.440137
-0.440058
-0.439432
-0.439041
-0.438728
-0.438415
-0.438023
-0.437632
-0.437319
-0.437397
-0.436771
-0.436693
-0.436380
-0.435832
-0.435675
-0.435127
-0.435049
-0.434580
-0.434032
-0.433719
-0.433327
-0.433014
-0.432779
-0.432701
-0.432310
-0.431840
-0.431684
-0.431214
-0.430744
-0.430040
-0.429962
-0.429570
-0.429022
-0.428944
-0.428553
-0.428240
-0.427848
-0.427535
-0.427379
-0.426518
-0.426596
-0.426126
-0.425579
-0.425031
-0.425031
-0.424639
-0.424170
-0.423778
-0.423935
-0.423544
-0.423387
-0.422604
-0.422056
-0.421743
-0.421352
-0.420961
-0.420491
-0.420334
-0.419865
-0.419160
-0.419082
-0.418691
-0.418691
-0.418378
-0.417908
-0.417360
-0.417125
-0.416656
-0.416499
-0.415951
-0.415638
-0.415482
-0.414777
-0.414699
-0.414229
-0.414151
-0.413682
-0.413290
-0.412742
-0.412507
-0.412038
-0.411803
-0.411490
-0.411255
-0.410864
-0.410394
-0.410003
-0.409533
-0.409377
-0.408907
-0.408672
-0.408672
-0.408046
-0.407890
-0.407342
-0.406872
-0.406637
-0.406324
-0.405620
-0.405385
-0.405228
-0.404759
-0.404759
-0.404524
-0.403976
-0.403506
-0.403350
-0.402959
-0.402332
-0.402019
-0.401785
-0.401550
-0.400689
-0.400454
-0.400297
-0.399828
-0.399828
-0.399045
-0.398967
-0.398419
-0.398419
-0.398106
-0.397871
-0.397558
-0.397167
-0.396619
-0.396619
-0.395993
-0.395836
-0.395445
-0.395210
-0.394818
-0.394427
-0.393958
-0.393566
-0.393644
-0.392940
-0.392705
-0.392001
-0.392001
-0.391609
-0.391453
-0.391062
-0.390514
-0.390201
-0.389888
-0.389340
-0.388948
-0.388713
-0.388400
-0.387931
-0.387618
-0.387305
-0.387070
-0.386757
-0.386365
-0.385896
-0.385974
-0.385191
-0.384878
-0.384565
-0.384330
-0.384174
-0.383626
-0.383078
-0.382843
-0.382765
-0.382374
-0.382061
-0.381434
-0.381591
-0.381043
-0.380730
-0.380182
-0.379634
-0.379556
-0.379086
-0.378851
-0.378617
-0.378304
-0.378225
-0.377599
-0.377443
-0.376973
-0.376425
-0.376269
-0.376190
-0.375642
-0.375329
-0.375095
-0.374860
-0.374390
-0.373999
-0.373920
-0.373451
-0.372903
-0.372746
-0.372355
-0.372199
-0.371651
-0.371338
-0.371338
-0.370790
-0.370477
-0.370085
-0.369694
-0.369616
-0.369068
-0.368911
-0.368285
-0.367894
-0.367581
-0.367268
-0.367033
-0.366485
-0.366407
-0.365546
-0.365311
-0.365311
-0.364998
-0.364606
-0.364293
-0.363980
-0.363511
-0.363354
-0.362884
-0.362415
-0.362415
-0.361554
-0.361241
-0.361397
-0.361006
-0.360615
-0.360223
-0.359284
-0.358893
-0.358658
-0.358267
-0.358110
-0.357719
-0.357092
-0.356858
-0.356858
-0.356388
-0.356153
-0.355840
-0.355371
-0.355057
-0.354744
-0.354588
-0.354118
-0.353649
-0.353257
-0.352944
-0.352866
-0.352631
-0.352318
-0.352083
-0.351535
-0.351535
-0.350987
-0.350283
-0.349892
-0.349657
-0.349265
-0.348796
-0.348405
-0.348248
-0.347857
-0.347387
-0.347074
-0.347074
-0.346683
-0.346761
-0.345978
-0.345430
-0.345117
-0.344648
-0.344648
-0.344491
-0.344178
-0.343865
-0.343317
-0.343082
-0.342769
-0.342456
-0.342065
-0.341830
-0.341673
-0.341125
-0.340734
-0.340499
-0.340421
-0.340108
-0.339638
-0.339169
-0.338856
-0.338308
-0.338073
-0.337603
-0.337134
-0.336977
-0.336742
-0.336586
-0.335881
-0.335490
-0.335177
-0.335020
-0.334707
-0.334238
-0.334081
-0.333690
-0.333377
-0.332985
-0.332672
-0.332281
-0.331968
-0.331655
-0.331263
-0.330637
-0.330481
-0.329933
-0.329541
-0.329463
-0.329150
-0.328602
-0.328367
-0.328367
-0.327820
-0.327428
-0.327272
-0.327115
-0.326880
-0.326567
-0.326176
-0.325785
-0.325628
-0.325158
-0.324924
-0.324454
-0.324063
-0.323593
-0.323515
-0.323358
-0.323045
-0.322810
-0.322732
-0.322028
-0.321636
-0.321245
-0.320775
-0.320697
-0.320384
-0.319601
-0.319288
-0.319288
-0.318975
-0.318584
-0.318349
-0.317723
-0.317644
-0.317018
-0.316470
-0.316314
-0.316314
-0.315844
-0.315453
-0.315140
-0.315062
-0.314827
-0.314592
-0.314044
-0.313888
-0.313183
-0.313183
-0.312792
-0.312322
-0.312009
-0.311774
-0.311618
-0.311305
-0.310835
-0.310678
-0.310287
-0.309818
-0.309348
-0.309270
-0.308800
-0.308565
-0.308409
-0.307861
-0.307704
-0.307704
-0.307000
-0.306765
-0.306452
-0.306295
-0.305904
-0.305591
-0.305200
-0.304730
-0.304260
-0.303634
-0.303947
-0.303712
-0.303243
-0.303008
-0.302695
-0.302304
-0.302147
-0.301756
-0.301364
-0.301130
-0.300895
-0.300425
-0.300112
-0.299877
-0.299799
-0.299173
-0.298860
-0.298703
-0.298234
-0.297999
-0.297216
-0.297216
-0.296825
-0.296433
-0.295885
-0.295964
-0.295807
-0.295103
-0.294711
-0.294398
-0.294477
-0.294007
-0.293616
-0.293146
-0.293068
-0.292755
-0.292129
-0.292129
-0.291737
-0.291581
-0.291424
-0.290954
-0.290720
-0.290015
-0.290015
-0.289546
-0.289389
-0.288763
-0.288528
-0.288372
-0.287902
-0.287667
-0.287511
-0.287119
-0.286806
-0.286493
-0.286180
-0.285945
-0.285789
-0.285241
-0.284928
-0.284380
-0.284458
-0.284458
-0.283832
-0.283441
-0.282971
-0.282736
-0.282423
-0.282188
-0.281797
-0.281406
-0.281092
-0.281014
-0.280545
-0.279684
-0.279527
-0.279136
-0.278823
-0.278275
-0.278353
-0.277805
-0.277570
-0.277257
-0.277022
-0.276788
-0.276866
-0.276631
-0.275927
-0.275770
-0.275535
-0.275222
-0.274674
-0.274205
-0.274048
-0.273813
-0.273813
-0.273344
-0.273187
-0.272796
-0.272718
-0.272013
-0.272013
-0.271778
-0.271230
-0.271387
-0.270683
-0.270370
-0.269900
-0.269822
-0.269352
-0.269195
-0.268804
-0.268569
-0.268021
-0.267943
-0.267395
-0.266926
-0.267082
-0.266926
-0.266378
-0.265986
-0.266065
-0.265595
-0.265360
-0.264891
-0.264891
-0.264421
-0.264108
-0.263795
-0.263482
-0.263090
-0.262934
-0.262699
-0.262386
-0.261995
-0.261916
-0.261603
-0.261134
-0.260821
-0.260508
-0.259881
-0.259568
-0.259490
-0.259020
-0.258707
-0.258551
-0.258473
-0.258081
-0.257925
-0.257220
-0.256907
-0.256672
-0.256438
-0.256046
-0.255890
-0.255577
-0.255342
-0.254872
-0.254559
-0.254324
-0.254011
-0.253698
-0.253620
-0.253150
-0.252915
-0.252446
-0.252446
-0.251976
-0.251898
-0.251428
-0.251193
-0.250802
-0.250567
-0.250411
-0.249941
-0.249628
-0.249002
-0.249158
-0.248845
-0.248611
-0.248297
-0.247984
-0.247671
-0.247515
-0.247202
-0.246419
-0.246184
-0.246262
-0.246028
-0.245871
-0.245558
-0.245167
-0.244932
-0.244462
-0.244462
-0.244071
-0.243680
-0.243210
-0.243288
-0.242819
-0.242427
-0.242036
-0.241958
-0.241410
-0.241410
-0.240940
-0.240705
-0.239923
-0.239766
-0.239453
-0.239140
-0.238749
-0.238670
-0.238279
-0.237966
-0.237888
-0.237418
-0.237183
-0.237105
-0.236479
-0.236244
-0.236322
-0.236087
-0.235070
-0.235148
-0.234913
-0.234835
-0.234444
-0.234209
-0.233896
-0.233661
-0.233270
-0.232878
-0.233113
-0.232878
-0.232722
-0.232330
-0.231939
-0.231704
-0.231469
-0.231235
-0.231156
-0.230608
-0.230452
-0.229826
-0.229826
-0.229356
-0.229043
-0.228652
-0.228260
-0.227947
-0.227791
-0.227556
-0.227086
-0.227008
-0.226930
-0.226617
-0.226382
-0.225677
-0.225521
-0.225443
-0.224895
-0.224895
-0.224425
-0.224269
-0.224269
-0.223486
-0.223564
-0.223095
-0.222860
-0.222781
-0.222390
-0.222077
-0.221921
-0.221451
-0.221138
-0.220903
-0.220668
-0.220199
-0.220199
-0.219729
-0.219416
-0.219416
-0.219181
-0.219025
-0.218555
-0.218242
-0.218242
-0.218085
-0.217850
-0.217537
-0.217303
-0.216911
-0.216598
-0.216363
-0.216050
-0.215815
-0.215502
-0.215268
-0.215033
-0.214876
-0.214798
-0.214328
-0.214015
-0.213624
-0.213546
-0.212998
-0.213154
-0.212763
-0.212528
-0.212372
-0.212293
-0.211667
-0.211824
-0.211354
-0.211119
-0.210650
-0.210571
-0.210571
-0.209945
-0.209789
-0.209789
-0.209397
-0.209084
-0.208693
-0.208223
-0.208223
-0.207989
-0.207754
-0.207441
-0.207049
-0.206893
-0.206814
-0.206580
-0.206501
-0.206110
-0.206032
-0.205797
-0.205797
-0.205093
-0.205249
-0.204779
-0.204388
-0.204232
-0.204153
-0.203918
-0.204075
-0.203762
-0.203292
-0.203058
-0.202901
-0.202588
-0.202431
-0.202197
-0.201962
-0.201727
-0.201492
-0.201257
-0.201179
-0.200788
-0.200475
-0.200083
-0.199614
-0.199457
-0.199457
-0.199066
-0.198831
-0.198674
-0.198518
-0.197970
-0.197970
-0.197735
-0.197344
-0.197344
-0.197344
-0.197187
-0.196952
-0.196483
-0.196326
-0.195935
-0.195700
-0.195778
-0.195622
-0.195309
-0.194917
-0.194448
-0.194448
-0.193900
-0.194213
-0.193665
-0.193430
-0.193509
-0.193352
-0.193196
-0.192882
-0.192648
-0.192569
-0.192100
-0.191787
-0.192021
-0.191630
-0.191239
-0.191239
-0.190926
-0.190847
-0.190613
-0.190769
-0.190534
-0.190143
-0.190065
-0.189595
-0.189204
-0.189047
-0.188969
-0.188891
-0.188578
-0.188421
-0.188186
-0.187951
-0.187638
-0.187717
-0.187482
-0.186934
-0.186934
-0.186856
-0.186464
-0.186464
-0.186464
-0.186151
-0.186073
-0.185995
-0.185760
-0.185369
-0.185055
-0.184977
-0.184586
-0.184508
-0.184273
-0.184273
-0.184194
-0.184038
-0.183803
-0.183647
-0.183412
-0.183099
-0.183020
-0.183099
-0.182786
-0.182629
-0.182473
-0.182316
-0.182316
-0.182238
-0.182003
-0.181533
-0.181533
-0.181612
-0.181299
-0.181299
-0.181142
-0.180907
-0.180438
-0.180594
-0.180516
-0.180124
-0.179655
-0.179498
-0.179498
-0.179185
-0.179029
-0.179107
-0.178716
-0.178559
-0.178559
-0.178403
-0.178168
-0.177855
-0.177698
-0.177620
-0.177072
-0.176837
-0.176994
-0.176759
-0.176759
-0.176211
-0.176368
-0.176368
-0.176289
-0.175976
-0.175976
-0.175741
-0.175428
-0.175350
-0.175193
-0.175350
-0.174880
-0.174724
-0.174646
-0.174254
-0.174411
-0.174019
-0.173941
-0.173315
-0.173628
-0.173315
-0.173237
-0.172845
-0.172845
-0.173080
-0.172924
-0.172611
-0.172454
-0.172063
-0.171828
-0.171750
-0.171671
-0.171593
-0.171437
-0.171280
-0.171515
-0.170967
-0.171045
-0.170889
-0.170497
-0.170262
-0.169949
-0.169715
-0.169949
-0.169871
-0.169323
-0.169480
-0.169558
-0.169167
-0.169167
-0.168932
-0.168697
-0.168462
-0.168306
-0.168384
-0.168071
-0.168149
-0.168306
-0.167836
-0.167836
-0.167445
-0.167523
-0.167132
-0.167132
-0.166819
-0.166662
-0.166506
-0.166427
-0.166506
-0.166662
-0.166427
-0.166271
-0.166036
-0.165723
-0.165801
-0.165723
-0.165566
-0.165253
-0.165253
-0.165253
-0.164940
-0.165018
-0.164784
-0.164705
-0.164549
-0.164392
-0.164236
-0.164392
-0.163923
-0.163688
-0.163844
-0.163688
-0.163688
-0.163688
-0.163610
-0.163140
-0.162983
-0.162827
-0.162827
-0.162827
-0.162670
-0.162514
-0.162435
-0.162279
-0.162435
-0.161809
-0.161966
-0.161809
-0.161731
-0.161496
-0.161261
-0.161105
-0.161027
-0.161105
-0.160792
-0.160792
-0.160479
-0.160244
-0.160479
-0.160400
-0.160400
-0.160087
-0.160009
-0.159774
-0.159853
-0.159696
-0.159305
-0.159305
-0.159070
-0.159148
-0.158835
-0.158992
-0.158835
-0.158600
-0.158287
-0.158131
-0.157818
-0.157974
-0.157974
-0.157739
-0.157739
-0.157739
-0.157504
-0.157426
-0.157739
-0.156878
-0.156957
-0.156644
-0.156800
-0.156722
-0.156409
-0.156330
-0.156252
-0.155939
-0.155939
-0.156017
-0.155783
-0.155078
-0.155078
-0.155469
-0.155078
-0.154922
-0.154922
-0.154687
-0.154530
-0.154139
-0.154295
-0.154217
-0.153982
-0.153904
-0.153748
-0.153669
-0.153669
-0.153591
-0.153434
-0.153121
-0.152808
-0.152730
-0.152887
-0.152495
-0.152339
-0.152182
-0.152026
-0.152182
-0.152026
-0.151869
-0.151399
-0.151634
-0.151243
-0.151008
-0.150930
-0.150695
-0.150460
-0.150538
-0.150695
-0.150069
-0.149991
-0.149756
-0.149678
-0.149521
-0.149364
-0.149208
-0.148895
-0.148895
-0.148895
-0.148582
-0.148425
-0.148347
-0.148347
-0.148034
-0.147486
-0.147564
-0.147329
-0.147095
-0.146938
-0.146860
-0.146938
-0.146782
-0.146625
-0.146390
-0.146155
-0.145607
-0.145686
-0.145294
-0.145138
-0.145060
-0.144903
-0.144433
-0.144668
-0.144355
-0.143964
-0.143572
-0.143416
-0.143103
-0.143025
-0.142711
-0.142477
-0.142085
-0.141929
-0.142007
-0.141537
-0.141459
-0.141459
-0.141068
-0.140207
-0.140363
-0.140050
-0.139581
-0.139659
-0.139346
-0.139189
-0.138641
-0.138407
-0.138172
-0.137937
-0.137233
-0.137076
-0.136998
-0.136763
-0.136450
-0.136450
-0.135902
-0.135745
-0.135667
-0.135354
-0.135198
-0.134806
-0.134493
-0.133867
-0.133632
-0.133319
-0.132771
-0.132849
-0.132458
-0.132223
-0.131754
-0.131519
-0.130893
-0.130580
-0.130345
-0.130423
-0.129954
-0.130032
-0.129327
-0.129406
-0.128936
-0.128466
-0.127997
-0.127919
-0.127449
-0.127292
-0.126823
-0.126666
-0.126040
-0.125962
-0.125570
-0.125101
-0.124788
-0.124083
-0.123379
-0.123301
-0.123066
-0.122753
-0.122361
-0.122283
-0.121892
-0.121735
-0.120718
-0.120561
-0.120013
-0.119152
-0.119074
-0.118604
-0.118057
-0.117822
-0.117587
-0.117039
-0.116882
-0.115787
-0.115474
-0.115317
-0.114613
-0.114613
-0.114300
-0.113986
-0.113439
-0.113282
-0.112969
-0.112343
-0.112030
-0.111325
-0.111090
-0.110777
-0.109916
-0.109838
-0.109055
-0.108977
-0.108742
-0.108038
-0.107255
-0.106864
-0.106159
-0.106003
-0.105690
-0.104907
-0.104751
-0.104203
-0.104124
-0.103264
-0.102950
-0.102168
-0.101542
-0.101307
-0.100681
-0.099976
-0.100133
-0.099585
-0.099115
-0.098880
-0.098646
-0.097785
-0.096924
-0.096689
-0.095984
-0.095750
-0.095123
-0.094654
-0.094497
-0.093871
-0.093636
-0.092932
-0.092384
-0.091523
-0.091288
-0.090662
-0.090271
-0.089723
-0.089175
-0.088784
-0.088314
-0.087766
-0.087296
-0.086436
-0.086122
-0.085340
-0.084792
-0.084557
-0.083774
-0.083618
-0.083070
-0.082757
-0.082052
-0.081113
-0.080644
-0.080096
-0.079391
-0.078843
-0.078061
-0.077904
-0.077278
-0.076730
-0.076339
-0.075556
-0.074539
-0.074225
-0.073756
-0.073208
-0.072895
-0.072503
-0.072034
-0.071564
-0.071329
-0.069842
-0.069373
-0.068512
-0.068199
-0.067651
-0.067416
-0.067103
-0.066477
-0.065851
-0.065772
-0.064911
-0.064129
-0.063581
-0.062955
-0.062798
-0.061937
-0.061781
-0.060763
-0.060372
-0.059667
-0.059198
-0.058337
-0.057867
-0.057397
-0.056850
-0.056223
-0.055989
-0.055284
-0.054971
-0.054580
-0.054267
-0.053406
-0.052701
-0.052232
-0.051605
-0.051136
-0.050588
-0.050197
-0.049179
-0.048944
-0.048396
-0.047927
-0.046909
-0.046361
-0.045735
-0.045109
-0.044874
-0.044248
-0.043935
-0.043231
-0.042839
-0.042526
-0.041665
-0.040961
-0.040022
-0.039708
-0.039004
-0.038613
-0.037908
-0.037126
-0.036656
-0.036108
-0.035482
-0.034856
-0.034308
-0.033447
-0.032977
-0.032195
-0.031803
-0.031020
-0.030551
-0.030081
-0.029533
-0.028672
-0.027890
-0.026872
-0.026794
-0.026168
-0.025776
-0.024915
-0.024524
-0.023820
-0.023507
-0.022646
-0.021941
-0.021080
-0.020532
-0.020063
-0.019593
-0.019123
-0.018341
-0.017949
-0.017402
-0.016306
-0.015758
-0.015445
-0.014897
-0.014349
-0.013645
-0.013253
-0.013018
-0.012079
-0.011375
-0.010905
-0.009966
-0.009496
-0.008948
-0.008244
-0.007931
-0.007383
-0.006913
-0.005896
-0.005505
-0.005583
-0.004722
-0.003861
-0.003548
-0.003078
-0.002452
-0.002061
-0.001591
-0.001200
-0.000339
0.000287
0.000679
0.001383
0.002009
0.002244
0.002714
0.003575
0.003653
0.004592
0.005297
0.005923
0.006392
0.007019
0.007645
0.007801
0.008584
0.008662
0.009523
0.009836
0.010462
0.011167
0.011715
0.012419
0.013124
0.013515
0.014063
0.014141
0.014846
0.015472
0.015785
0.016568
0.017194
0.017820
0.018133
0.018916
0.019307
0.019933
0.020638
0.021185
0.021968
0.022438
0.022751
0.023612
0.024160
0.024473
0.024708
0.025255
0.025882
0.026586
0.027056
0.027760
0.027838
0.028699
0.029560
0.029873
0.030343
0.030734
0.030969
0.031674
0.032535
0.033004
0.033317
0.034022
0.034570
0.034883
0.035039
0.035822
0.036526
0.036996
0.038013
0.038248
0.039266
0.039579
0.040362
0.040909
0.041457
0.041770
0.041927
0.042475
0.043336
0.044040
0.044666
0.044745
0.045684
0.046232
0.046780
0.046936
0.047641
0.047875
0.048658
0.049284
0.049754
0.050224
0.050771
0.051398
0.051789
0.052102
0.052650
0.052963
0.053824
0.054450
0.054763
0.055389
0.056016
0.056250
0.056642
0.057111
0.057424
0.057816
0.058755
0.059068
0.060007
0.060477
0.061103
0.061729
0.061807
0.062355
0.062668
0.063295
0.063921
0.064547
0.064938
0.065173
0.065799
0.066425
0.066895
0.067208
0.067756
0.067913
0.068695
0.069243
0.069948
0.070339
0.070652
0.071435
0.071513
0.071826
0.072452
0.073157
0.073470
0.074331
0.075035
0.075740
0.076053
0.076444
0.076992
0.077305
0.077696
0.078088
0.078949
0.079418
0.079888
0.080514
0.080827
0.081610
0.082001
0.082079
0.082314
0.083019
0.083566
0.084271
0.084662
0.085288
0.085758
0.086149
0.086384
0.086619
0.087010
0.087480
0.088184
0.089045
0.089593
0.089906
0.090298
0.090846
0.091159
0.091393
0.091707
0.092254
0.092568
0.093350
0.094133
0.094759
0.095307
0.095542
0.095855
0.096090
0.096638
0.097029
0.097420
0.097968
0.098673
0.099142
0.099534
0.100003
0.100473
0.100629
0.101334
0.101647
0.102195
0.103212
0.103682
0.104151
0.104073
0.104778
0.105012
0.105169
0.105717
0.105952
0.106343
0.107360
0.108065
0.108535
0.108535
0.109161
0.109552
0.110256
0.110413
0.110413
0.111274
0.111900
0.112291
0.112683
0.113074
0.113622
0.113935
0.114405
0.114640
0.115187
0.115501
0.116518
0.116831
0.117536
0.117770
0.118318
0.118631
0.119258
0.119336
0.119805
0.120353
0.121449
0.121919
0.122153
0.122545
0.122623
0.123249
0.123562
0.123875
0.124267
0.124893
0.125519
0.125832
0.126302
0.126224
0.126928
0.127241
0.127867
0.128337
0.128493
0.128963
0.129589
0.129824
0.130372
0.130841
0.131233
0.131781
0.132329
0.132485
0.133111
0.133581
0.134285
0.134677
0.134833
0.135459
0.135851
0.136086
0.136399
0.136868
0.137338
0.137651
0.138355
0.138825
0.139138
0.139686
0.140156
0.140547
0.141095
0.140938
0.142034
0.142504
0.142817
0.143443
0.143521
0.144147
0.144695
0.144852
0.145243
0.145556
0.146182
0.146730
0.147278
0.147435
0.147983
0.148374
0.148452
0.149157
0.149548
0.149861
0.150096
0.150957
0.151113
0.151739
0.152287
0.152366
0.152600
0.153305
0.153618
0.153774
0.154322
0.154792
0.155027
0.155653
0.156044
0.156044
0.156357
0.157062
0.157375
0.157610
0.158079
0.158705
0.159488
0.159488
0.160036
0.160349
0.160740
0.161210
0.161915
0.162462
0.162619
0.162854
0.163715
0.164106
0.164341
0.164732
0.165045
0.165515
0.165985
0.166219
0.166532
0.167080
0.167315
0.167550
0.167785
0.168176
0.168646
0.169194
0.169898
0.170368
0.171072
0.171229
0.171620
0.172011
0.172481
0.172951
0.173185
0.173733
0.173968
0.174203
0.174673
0.175064
0.175612
0.175533
0.176238
0.176473
0.177021
0.177725
0.178116
0.178351
0.178508
0.179212
0.179447
0.179917
0.180151
0.180621
0.181169
0.181873
0.182343
0.182343
0.182656
0.183126
0.183674
0.183830
0.184221
0.184691
0.185004
0.185943
0.186178
0.186413
0.187039
0.187117
0.187587
0.187822
0.187978
0.188683
0.189152
0.189466
0.189857
0.190170
0.190718
0.191031
0.191579
0.191814
0.192127
0.192518
0.193222
0.193222
0.193692
0.194162
0.194318
0.194553
0.194788
0.195414
0.195571
0.195962
0.197058
0.197136
0.197449
0.198232
0.198310
0.199014
0.199328
0.199484
0.199954
0.200736
0.201441
0.201754
0.201910
0.202380
0.202458
0.202928
0.203398
0.203789
0.204102
0.204885
0.205119
0.205198
0.205824
0.206059
0.206294
0.206763
0.207076
0.207702
0.208015
0.208407
0.208642
0.208955
0.209581
0.209894
0.210050
0.210598
0.210598
0.210755
0.211616
0.212399
0.212555
0.212790
0.213416
0.213573
0.213886
0.214355
0.214903
0.215138
0.215451
0.216156
0.216312
0.216703
0.216938
0.217486
0.217643
0.218112
0.218269
0.218582
0.219051
0.219599
0.219991
0.220069
0.220695
0.221321
0.221478
0.221791
0.222104
0.222417
0.222965
0.223748
0.224296
0.224374
0.224765
0.225078
0.225391
0.225861
0.226331
0.226409
0.227270
0.227661
0.227896
0.228209
0.228444
0.228679
0.229305
0.229461
0.229461
0.230166
0.230635
0.231027
0.231418
0.231653
0.232279
0.232357
0.232514
0.233375
0.233297
0.234079
0.234705
0.234940
0.235645
0.235723
0.236036
0.236349
0.236740
0.236819
0.237523
0.237836
0.238228
0.238932
0.239089
0.239636
0.240028
0.239871
0.240497
0.240810
0.241593
0.242141
0.242376
0.242454
0.242767
0.243393
0.243550
0.243785
0.244020
0.244489
0.244959
0.245350
0.245976
0.246055
0.246446
0.246837
0.247385
0.247542
0.248246
0.248324
0.248716
0.249342
0.249655
0.249968
0.250359
0.250672
0.250986
0.251377
0.251690
0.252081
0.252473
0.252786
0.253255
0.253725
0.254195
0.254586
0.254664
0.254743
0.255369
0.255995
0.256308
0.256464
0.256856
0.257404
0.257560
0.257952
0.258421
0.258734
0.259047
0.259674
0.259908
0.260534
0.260769
0.261161
0.261709
0.262022
0.261943
0.262022
0.262569
0.263274
0.263509
0.263822
0.264135
0.264526
0.264839
0.265309
0.265231
0.265622
0.266326
0.266874
0.267031
0.267109
0.267735
0.267892
0.268361
0.268596
0.269144
0.269301
0.269692
0.269927
0.270318
0.270710
0.271336
0.271805
0.271962
0.272197
0.272510
0.272823
0.273371
0.273449
0.274075
0.274153
0.274467
0.275014
0.275484
0.275797
0.276032
0.276502
0.276971
0.276971
0.277362
0.277989
0.278223
0.278537
0.278850
0.279319
0.279632
0.280102
0.280415
0.280650
0.281433
0.281980
0.282450
0.282528
0.282920
0.283076
0.283311
0.283859
0.284172
0.284485
0.284642
0.285033
0.285816
0.285894
0.286442
0.286677
0.286833
0.287459
0.287694
0.288242
0.288477
0.289025
0.289025
0.289573
0.289729
0.289964
0.290199
0.290747
0.291138
0.291451
0.292155
0.292782
0.292938
0.293330
0.293643
0.293799
0.294347
0.294425
0.294895
0.295521
0.295756
0.295991
0.296773
0.296695
0.296773
0.297400
0.297556
0.297869
0.298026
0.298730
0.299200
0.299513
0.299748
0.300061
0.300765
0.300922
0.301470
0.301704
0.302096
0.302331
0.303035
0.303348
0.303505
0.304052
0.304522
0.304444
0.304757
0.305383
0.305383
0.305774
0.306166
0.306792
0.307027
0.307262
0.308044
0.307809
0.308123
0.308905
0.309375
0.309688
0.309844
0.310236
0.310784
0.311019
0.311410
0.311723
0.311879
0.312271
0.312740
0.312897
0.313367
0.313836
0.314071
0.314462
0.314775
0.315245
0.315245
0.315949
0.316419
0.316810
0.317202
0.317671
0.317437
0.318063
0.318219
0.318611
0.319080
0.319472
0.319941
0.320489
0.320567
0.320959
0.321507
0.321663
0.322368
0.322524
0.322916
0.323385
0.323698
0.324011
0.324403
0.324637
0.324951
0.325342
0.325655
0.325968
0.326672
0.326986
0.327299
0.327377
0.327925
0.328003
0.328160
0.328707
0.329177
0.329255
0.330038
0.329803
0.330429
0.330586
0.331212
0.331212
0.331917
0.331995
0.332386
0.332621
0.333091
0.333404
0.333717
0.334030
0.334499
0.334813
0.335360
0.335595
0.336143
0.336534
0.336769
0.337317
0.337630
0.337865
0.338178
0.338413
0.338491
0.338883
0.339587
0.339978
0.340213
0.340291
0.340918
0.341152
0.341622
0.342092
0.342483
0.342718
0.342718
0.343579
0.343735
0.343970
0.344205
0.344675
0.344909
0.345222
0.345535
0.345927
0.346475
0.346631
0.346710
0.347257
0.347492
0.348118
0.347962
0.348510
0.348510
0.349136
0.349684
0.349997
0.350466
0.350780
0.351093
0.351171
0.351562
0.351875
0.352110
0.352736
0.353128
0.353362
0.353676
0.353989
0.354145
0.354458
0.354771
0.355084
0.355319
0.356102
0.356415
0.356258
0.356728
0.357354
0.357511
0.357980
0.358137
0.358528
0.358920
0.359468
0.359781
0.360094
0.360642
0.360642
0.361189
0.361503
0.361659
0.362207
0.362598
0.362990
0.363224
0.363538
0.363694
0.364085
0.364555
0.364868
0.365338
0.365494
0.365729
0.366355
0.366512
0.366903
0.366981
0.366981
0.367451
0.367764
0.368234
0.368234
0.368703
0.369095
0.369173
0.369877
0.370112
0.370112
0.370582
0.371051
0.371365
0.371834
0.371991
0.372225
0.372617
0.372852
0.373400
0.373556
0.373791
0.374260
0.374339
0.374887
0.375121
0.375356
0.375513
0.376217
0.376687
0.376765
0.377078
0.377548
0.377626
0.378174
0.378722
0.378800
0.379113
0.379426
0.379739
0.380209
0.380209
0.380679
0.381227
0.381461
0.382087
0.382401
0.382635
0.383027
0.383418
0.384044
0.384122
0.384122
0.384749
0.385218
0.385297
0.385688
0.385844
0.386158
0.386627
0.386940
0.386940
0.387410
0.387879
0.388271
0.388662
0.388584
0.389210
0.388975
0.389993
0.390228
0.390697
0.391010
0.391558
0.391715
0.391793
0.392106
0.392341
0.392810
0.392967
0.393515
0.393906
0.394454
0.394689
0.395002
0.395393
0.395706
0.395863
0.396333
0.396567
0.397115
0.397350
0.397976
0.397820
0.397976
0.398602
0.398994
0.399150
0.399463
0.399933
0.400716
0.401264
0.401420
0.401968
0.402281
0.402516
0.402829
0.403064
0.403299
0.403925
0.404316
0.404786
0.404864
0.405021
0.405334
0.405725
0.406038
0.406273
0.406821
0.407134
0.407525
0.407917
0.408151
0.408464
0.408386
0.408777
0.409091
0.409560
0.410108
0.410421
0.410969
0.411439
0.411439
0.411830
0.412143
0.412613
0.412926
0.413630
0.413865
0.414178
0.414491
0.414883
0.415117
0.415196
0.415665
0.415822
0.416291
0.416761
0.417074
0.417622
0.417935
0.418092
0.418405
0.418796
0.418953
0.419657
0.419970
0.420361
0.420909
0.420988
0.421144
0.421301
0.421927
0.422240
0.422396
0.422944
0.423101
0.423570
0.423727
0.423962
0.424353
0.424510
0.425136
0.425371
0.425840
0.426153
0.426232
0.426701
0.427249
0.427562
0.427640
0.427797
0.428110
0.428501
0.428971
0.429049
0.429519
0.429597
0.429910
0.430067
0.430536
0.430928
0.431163
0.431319
0.431789
0.432102
0.432415
0.432650
0.433041
0.433119
0.433667
0.433902
0.434215
0.434685
0.434841
0.434998
0.435546
0.435937
0.436094
0.436015
0.436407
0.436798
0.436876
0.437346
0.437581
0.437894
0.438129
0.438677
0.438677
0.438911
0.439616
0.439772
0.440164
0.440868
0.441103
0.441025
0.441494
0.442199
0.442433
0.442747
0.442825
0.443060
0.443451
0.443686
0.444077
0.444468
0.444468
0.444782
0.445329
0.445408
0.445877
0.446269
0.446660
0.446817
0.447208
0.447678
0.447834
0.447756
0.448460
0.448382
0.448930
0.449243
0.449478
0.449791
0.449713
0.450417
0.450574
0.450808
0.451121
0.451513
0.451826
0.451669
0.452295
0.452452
0.452922
0.453391
0.453861
0.454017
0.454252
0.454252
0.454800
0.454957
0.455191
0.455818
0.456052
0.456209
0.456444
0.457226
0.457383
0.457540
0.457618
0.458009
0.458322
0.458870
0.458948
0.459340
0.459575
0.460044
0.460514
0.460670
0.461218
0.461531
0.461610
0.462236
0.462471
0.462627
0.462705
0.463332
0.463645
0.463879
0.464271
0.464662
0.464897
0.464819
0.465288
0.465758
0.466149
0.467010
0.467088
0.467167
0.467715
0.467871
0.468263
0.468341
0.468889
0.469202
0.469437
0.469593
0.469906
0.470376
0.470689
0.470924
0.471237
0.471628
0.471785
0.472098
0.472489
0.472880
0.473350
0.473898
0.474054
0.474368
0.474524
0.475307
0.475229
0.475698
0.475698
0.476011
0.476559
0.477029
0.477185
0.477498
0.477733
0.477733
0.478203
0.478516
0.478907
0.479220
0.479299
0.479925
0.480160
0.480394
0.480629
0.481099
0.481490
0.482195
0.482429
0.483056
0.483290
0.483525
0.483916
0.484151
0.484464
0.484777
0.485169
0.485482
0.485717
0.486186
0.486421
0.486578
0.487047
0.487282
0.487752
0.488065
0.488378
0.489082
0.489161
0.489474
0.489787
0.489943
0.490335
0.490648
0.490961
0.491430
0.491900
0.492291
0.492683
0.492839
0.493152
0.493074
0.493778
0.494013
0.494326
0.494796
0.495109
0.495344
0.495500
0.495892
0.496361
0.496518
0.496674
0.497066
0.497535
0.497770
0.497848
0.498162
0.498475
0.498866
0.498944
0.499492
0.499492
0.500040
0.500510
0.500901
0.500823
0.501136
0.501840
0.501840
0.502075
0.502545
0.503014
0.503406
0.503640
0.503954
0.504110
0.504658
0.504815
0.504893
0.505519
0.505754
0.506223
0.506458
0.506850
0.507084
0.507476
0.507867
0.507789
0.508180
0.508493
0.509119
0.509354
0.509432
0.509824
0.510215
0.510215
0.510293
0.510372
0.511233
0.511389
0.511859
0.512407
0.512407
0.512876
0.512955
0.513346
0.513581
0.513972
0.514285
0.514598
0.514755
0.515303
0.515381
0.515459
0.515929
0.516242
0.516242
0.516946
0.517103
0.517494
0.517807
0.518199
0.518355
0.518825
0.518981
0.518981
0.519529
0.519764
0.520312
0.520860
0.521251
0.521251
0.521956
0.522034
0.522425
0.522660
0.523443
0.523443
0.523678
0.524147
0.524460
0.524304
0.524930
0.524930
0.525165
0.525556
0.525713
0.526339
0.526260
0.526574
0.526887
0.526965
0.527356
0.527904
0.528061
0.528609
0.528687
0.529235
0.529469
0.529704
0.529861
0.530096
0.530017
0.530722
0.531035
0.531348
0.531661
0.531896
0.532365
0.532600
0.532757
0.533148
0.533618
0.533383
0.534322
0.534557
0.534792
0.535027
0.535418
0.535653
0.536122
0.536514
0.536436
0.536905
0.537140
0.537766
0.538079
0.538314
0.538627
0.538862
0.538940
0.539253
0.539566
0.539879
0.539958
0.540271
0.540819
0.540975
0.541601
0.541680
0.541993
0.542541
0.543010
0.543402
0.543715
0.543793
0.543949
0.544497
0.544576
0.544889
0.545280
0.545515
0.546063
0.546297
0.546376
0.546689
0.547315
0.547315
0.547785
0.547863
0.548411
0.548724
0.549037
0.549428
0.549820
0.550054
0.550368
0.550524
0.550915
0.551307
0.551776
0.551855
0.552011
0.552637
0.552950
0.553029
0.553107
0.553577
0.553968
0.554203
0.554751
0.554751
0.555377
0.555455
0.555925
0.556238
0.556238
0.557020
0.557255
0.557647
0.557647
0.558508
0.558742
0.558586
0.559134
0.559290
0.559682
0.559916
0.560308
0.560777
0.561247
0.561404
0.562265
0.562186
0.562499
0.562969
0.563517
0.563752
0.563830
0.564691
0.564691
0.565082
0.565317
0.565630
0.565630
0.566256
0.566413
0.566648
0.567509
0.567430
0.567822
0.567978
0.568213
0.568291
0.568604
0.568996
0.569465
0.569935
0.570248
0.570326
0.570639
0.570952
0.571187
0.571579
0.571813
0.571970
0.572831
0.573066
0.573301
0.573770
0.574005
0.574788
0.574944
0.575414
0.575414
0.575805
0.576431
0.576744
0.576823
0.577058
0.577527
0.577527
0.577605
0.577997
0.578701
0.578858
0.579249
0.579171
0.579640
0.580188
0.580188
0.580423
0.580814
0.581206
0.581910
0.582302
0.582067
0.582223
0.582693
0.583163
0.583241
0.583476
0.583867
0.584180
0.584493
0.585041
0.585432
0.585354
0.585589
0.585824
0.585902
0.586528
0.587076
0.587467
0.587233
0.587780
0.587780
0.588015
0.588328
0.588641
0.589189
0.589424
0.589816
0.590129
0.590285
0.590755
0.590911
0.591146
0.591537
0.591929
0.592398
0.592555
0.592790
0.593181
0.593025
0.593181
0.593416
0.593729
0.594042
0.594590
0.594903
0.595216
0.595686
0.595764
0.596077
0.596234
0.596703
0.597016
0.597721
0.597564
0.597956
0.598269
0.598582
0.598738
0.598738
0.599443
0.599599
0.600069
0.600460
0.600538
0.600773
0.601321
0.601321
0.601556
0.602026
0.602260
0.602652
0.602965
0.603278
0.603591
0.604061
0.604295
0.604608
0.604608
0.605156
0.605548
0.605313
0.606252
0.606330
0.606565
0.607270
0.606878
0.607583
0.607270
0.607818
0.608209
0.608679
0.608992
0.609070
0.609618
0.609853
0.610087
0.610244
0.610635
0.610948
0.611418
0.611731
0.611966
0.612044
0.612435
0.612749
0.612905
0.613140
0.613688
0.613610
0.614314
0.614627
0.614784
0.614940
0.615097
0.615253
0.615723
0.615879
0.616506
0.616740
0.617053
0.617288
0.617680
0.617680
0.617993
0.618541
0.618697
0.618932
0.619323
0.619949
0.619871
0.620106
0.620419
0.620732
0.620967
0.621593
0.622141
0.622141
0.622454
0.622611
0.623080
0.622845
0.623393
0.623393
0.624019
0.624724
0.625037
0.625115
0.625507
0.625741
0.626054
0.625741
0.626524
0.627072
0.627072
0.627776
0.628168
0.628246
0.628481
0.628794
0.628794
0.629498
0.629890
0.630594
0.630672
0.630907
0.631533
0.631533
0.631690
0.632081
0.632316
0.632551
0.633412
0.633334
0.633725
0.634194
0.634508
0.634664
0.634664
0.634899
0.635134
0.635916
0.636073
0.636229
0.636777
0.636934
0.637090
0.637560
0.637717
0.638186
0.638499
0.639125
0.639360
0.639595
0.639986
0.640456
0.640300
0.640691
0.641082
0.641630
0.641708
0.642256
0.642648
0.642726
0.642882
0.643117
0.643822
0.643978
0.644526
0.644683
0.644761
0.645231
0.645074
0.645152
0.645700
0.646248
0.646639
0.646874
0.647266
0.647344
0.647892
0.648205
0.648127
0.648596
0.648674
0.649066
0.649770
0.649927
0.650162
0.650788
0.650866
0.651101
0.651257
0.651649
0.652197
0.652431
0.652744
0.653214
0.653605
0.653918
0.653918
0.654310
0.654545
0.654466
0.655014
0.655327
0.655719
0.655953
0.656188
0.656188
0.656345
0.656814
0.657206
0.657441
0.657675
0.657754
0.658458
0.658536
0.658928
0.658928
0.659163
0.659554
0.659789
0.660337
0.660650
0.661119
0.661511
0.662059
0.662137
0.662215
0.662685
0.662685
0.662998
0.662998
0.663859
0.663859
0.664015
0.664485
0.664641
0.664798
0.665111
0.665659
0.665972
0.666285
0.666442
0.666911
0.667616
0.667381
0.667616
0.667694
0.668320
0.668477
0.669025
0.669025
0.669416
0.669572
0.670120
0.670120
0.670199
0.670433
0.670512
0.671373
0.671451
0.672155
0.672468
0.672703
0.672860
0.673016
0.673173
0.673721
0.674190
0.674269
0.674190
0.674660
0.674817
0.674973
0.675208
0.675364
0.676147
0.676225
0.676617
0.677086
0.677243
0.677478
0.677712
0.677791
0.678495
0.678652
0.678652
0.679200
0.679669
0.679747
0.680061
0.680217
0.680295
0.680843
0.681078
0.681704
0.681939
0.682174
0.682487
0.682722
0.682800
0.682800
0.683113
0.683896
0.684287
0.684678
0.684913
0.685070
0.685148
0.685070
0.685618
0.685853
0.686400
0.686557
0.687183
0.687183
0.687888
0.688044
0.688044
0.688514
0.688592
0.689062
0.689453
0.689688
0.690157
0.690549
0.690549
0.691097
0.690784
0.691253
0.691331
0.692036
0.692349
0.692662
0.692819
0.693210
0.693366
0.693836
0.693836
0.694306
0.694775
0.695088
0.695480
0.695636
0.696106
0.696106
0.696341
0.696419
0.696889
0.697280
0.697750
0.697984
0.698219
0.698767
0.699080
0.699158
0.699471
0.700254
0.700411
0.700880
0.701037
0.701272
0.701507
0.701507
0.701741
0.702446
0.702602
0.703463
0.703620
0.703933
0.703933
0.704246
0.704011
0.704402
0.704402
0.705107
0.705811
0.706046
0.706594
0.706751
0.706829
0.707220
0.707142
0.707455
0.708003
0.708316
0.708864
0.708942
0.709177
0.709255
0.709099
0.709568
0.709960
0.710664
0.710977
0.711525
0.711603
0.711525
0.712073
0.712386
0.712308
0.713012
0.713638
0.713873
0.714264
0.714108
0.714656
0.714969
0.715047
0.714969
0.715986
0.716143
0.716691
0.717004
0.717160
0.717395
0.717552
0.717865
0.718178
0.718413
0.719274
0.719665
0.719900
0.720291
0.720761
0.720761
0.721309
0.721309
0.721857
0.722561
0.722796
0.723266
0.723266
0.723266
0.723657
0.723657
0.724048
0.724831
0.725144
0.725222
0.725614
0.726161
0.726318
0.726475
0.726709
0.727022
0.727962
0.728040
0.728431
0.728901
0.728979
0.729214
0.729527
0.729684
0.730153
0.730779
0.730779
0.731092
0.731484
0.731719
0.731640
0.732032
0.732345
0.732893
0.733519
0.733519
0.733910
0.734145
0.734302
0.734223
0.734771
0.735241
0.735632
0.736337
0.736180
0.736963
0.737119
0.737354
0.737354
0.737589
0.738215
0.738606
0.738998
0.739076
0.739311
0.740015
0.740094
0.740407
0.740485
0.741268
0.741737
0.742050
0.741659
0.742676
0.743146
0.742833
0.743616
0.743772
0.744398
0.744477
0.744946
0.745338
0.745259
0.745964
0.746512
0.746433
0.746512
0.747216
0.747216
0.747607
0.748155
0.748625
0.748468
0.748860
0.749251
0.749877
0.750112
0.750503
0.750895
0.750973
0.751130
0.751443
0.751677
0.751912
0.752538
0.753086
0.753165
0.753478
0.753556
0.754104
0.754260
0.754339
0.754652
0.754965
0.755200
0.755043
0.755043
0.754965
0.755121
0.754652
0.754808
0.754808
0.754495
0.754182
0.754260
0.754104
0.753712
0.753556
0.753243
0.753086
0.752930
0.752695
0.752617
0.752304
0.751991
0.751443
0.751364
0.750973
0.750582
0.750347
0.750034
0.749877
0.749799
0.749564
0.748938
0.748625
0.748390
0.748077
0.747920
0.747529
0.747138
0.746668
0.746512
0.745729
0.745416
0.745338
0.744946
0.744477
0.744398
0.744007
0.744085
0.743772
0.743068
0.742442
0.742363
0.742129
0.741502
0.740876
0.740485
0.740015
0.739937
0.739546
0.739389
0.738763
0.738606
0.737902
0.737511
0.737198
0.737041
0.736884
0.736493
0.735945
0.735710
0.735319
0.735006
0.734380
0.734067
0.733597
0.733362
0.733284
0.733049
0.732658
0.732345
0.731797
0.731719
0.731327
0.731092
0.730466
0.729997
0.730075
0.729371
0.728744
0.728353
0.728196
0.727649
0.727570
0.727101
0.726944
0.726396
0.726396
0.725848
0.725301
0.724518
0.724674
0.724283
0.723735
0.723579
0.722796
0.722561
0.722170
0.721935
0.721700
0.720839
0.721074
0.720683
0.720135
0.719587
0.719117
0.718882
0.718804
0.718569
0.717865
0.717317
0.716926
0.716691
0.716534
0.716299
0.715830
0.715673
0.715204
0.714812
0.714186
0.714108
0.713717
0.713325
0.713169
0.712386
0.711838
0.711525
0.711055
0.710977
0.710821
0.710664
0.710038
0.709881
0.709647
0.709333
0.708786
0.708629
0.708081
0.707220
0.706907
0.706124
0.706281
0.706046
0.705733
0.705420
0.705029
0.704794
0.704246
0.704168
0.703855
0.703698
0.703385
0.702759
0.702446
0.702289
0.701898
0.701272
0.701115
0.700646
0.700567
0.699863
0.700098
0.699080
0.699002
0.698532
0.698063
0.697750
0.697671
0.697358
0.697045
0.696576
0.696262
0.695949
0.695715
0.695323
0.694854
0.694697
0.693914
0.693288
0.693210
0.693132
0.692897
0.692349
0.692036
0.691566
0.691253
0.690940
0.690784
0.690392
0.689766
0.689140
0.688749
0.688279
0.688201
0.687966
0.687966
0.687418
0.686792
0.686792
0.686557
0.685931
0.685383
0.684757
0.684522
0.684365
0.684209
0.684052
0.683583
0.683348
0.682565
0.682800
0.682487
0.681626
0.680765
0.680608
0.679747
0.679747
0.679591
0.679278
0.678808
0.678495
0.678260
0.677791
0.677556
0.677086
0.676304
0.675912
0.675677
0.675364
0.675364
0.674973
0.674503
0.674347
0.674112
0.673721
0.673095
0.672468
0.672390
0.671607
0.671529
0.671216
0.671060
0.670668
0.670590
0.670042
0.669886
0.669103
0.668633
0.668320
0.667772
0.668085
0.667694
0.667537
0.666911
0.666833
0.666442
0.665815
0.665111
0.664641
0.664407
0.664094
0.663702
0.663780
0.663467
0.663154
0.662606
0.662606
0.661745
0.661276
0.661119
0.660571
0.660337
0.660102
0.659710
0.659084
0.659084
0.658849
0.658536
0.657910
0.657362
0.656814
0.656267
0.656267
0.655953
0.655719
0.655484
0.655171
0.654858
0.654466
0.653918
0.653762
0.653136
0.652744
0.652588
0.652431
0.652118
0.652040
0.651570
0.651022
0.650475
0.650162
0.649457
0.649301
0.648987
0.648674
0.648596
0.648440
0.648127
0.647813
0.647266
0.647187
0.646796
0.646170
0.645700
0.645387
0.645152
0.645152
0.644604
0.644370
0.643978
0.643665
0.642961
0.642491
0.642021
0.641787
0.641474
0.641160
0.641082
0.640926
0.640143
0.640143
0.639595
0.639125
0.638812
0.638734
0.638186
0.637717
0.637873
0.637169
0.637169
0.636699
0.636386
0.635838
0.635212
0.634977
0.634821
0.634508
0.634038
0.633803
0.633568
0.633490
0.632942
0.632394
0.632081
0.631455
0.631298
0.631064
0.630672
0.630359
0.629890
0.629968
0.629263
0.628950
0.628559
0.628168
0.627385
0.627228
0.627228
0.627228
0.626837
0.626446
0.626054
0.625820
0.625428
0.625350
0.624646
0.624332
0.624176
0.624098
0.623785
0.623315
0.623080
0.622689
0.622219
0.622063
0.621515
0.620967
0.620889
0.620810
0.620341
0.620184
0.619871
0.619636
0.619088
0.618619
0.618227
0.618071
0.617914
0.617758
0.617210
0.616819
0.616271
0.616114
0.615801
0.615723
0.615566
0.614862
0.614314
0.613923
0.614001
0.613688
0.613218
0.612983
0.612514
0.612357
0.612435
0.611496
0.611340
0.610792
0.611027
0.610166
0.609853
0.609305
0.609305
0.608913
0.608600
0.608287
0.607661
0.607818
0.607270
0.607348
0.606722
0.606017
0.605939
0.605783
0.605469
0.605313
0.604687
0.604295
0.604217
0.603904
0.603669
0.603513
0.603043
0.602887
0.602260
0.601869
0.601399
0.601165
0.600538
0.600538
0.600147
0.599599
0.599364
0.599051
0.598503
0.598269
0.598034
0.597721
0.597251
0.597173
0.596703
0.596234
0.595764
0.595607
0.595686
0.595060
0.594981
0.594668
0.594277
0.594120
0.593886
0.593181
0.592868
0.592711
0.592633
0.592242
0.591929
0.591224
0.591224
0.590676
0.590363
0.589972
0.589816
0.589111
0.588720
0.588876
0.588250
0.587859
0.587624
0.587546
0.587467
0.586528
0.586293
0.585902
0.585589
0.585354
0.585041
0.584493
0.584415
0.583945
0.583319
0.583006
0.582536
0.582380
0.582223
0.582223
0.581519
0.581362
0.581049
0.580501
0.580032
0.579954
0.579484
0.579406
0.579249
0.578545
0.578388
0.577918
0.577605
0.577371
0.576588
0.576275
0.576118
0.575962
0.575727
0.575023
0.575023
0.574631
0.574475
0.573848
0.573535
0.573144
0.572987
0.572518
0.572361
0.571970
0.571657
0.571422
0.570718
0.570405
0.569857
0.569700
0.569544
0.569309
0.568761
0.568683
0.567978
0.567822
0.567743
0.567274
0.566961
0.566491
0.566256
0.566100
0.565708
0.565317
0.564926
0.564769
0.564613
0.563986
0.563517
0.563126
0.562812
0.562499
0.562421
0.561873
0.561638
0.561090
0.560777
0.560151
0.559760
0.559290
0.559369
0.558977
0.558742
0.558351
0.558116
0.557803
0.557412
0.556786
0.556316
0.556159
0.556003
0.555533
0.554907
0.554829
0.554516
0.553811
0.553498
0.553264
0.552872
0.552481
0.552168
0.551933
0.551385
0.551463
0.551072
0.550681
0.549820
0.549507
0.549350
0.548802
0.548646
0.548411
0.547785
0.547785
0.547315
0.546845
0.546297
0.546219
0.545828
0.545750
0.545437
0.545045
0.544576
0.544419
0.544028
0.544028
0.543167
0.542697
0.542306
0.542384
0.541993
0.541680
0.541288
0.540897
0.540349
0.539958
0.539645
0.539097
0.539097
0.538784
0.538001
0.537923
0.538079
0.537766
0.537453
0.537062
0.536514
0.536122
0.536044
0.535809
0.535418
0.535261
0.535027
0.534557
0.534400
0.533774
0.533305
0.533226
0.532835
0.532757
0.532365
0.531896
0.531661
0.531270
0.531035
0.530330
0.530330
0.529861
0.529548
0.529469
0.529078
0.528765
0.528374
0.528139
0.527669
0.526965
0.526808
0.526495
0.526182
0.526026
0.525869
0.525321
0.525165
0.524617
0.524304
0.523991
0.523834
0.523443
0.523286
0.522738
0.522582
0.522347
0.521956
0.521329
0.521173
0.520703
0.520077
0.519842
0.519686
0.519373
0.518825
0.518747
0.518590
0.518042
0.517807
0.517416
0.516946
0.516555
0.516477
0.516085
0.515772
0.515146
0.515303
0.515303
0.514755
0.514050
0.513894
0.513268
0.513268
0.513033
0.512720
0.512485
0.512328
0.511702
0.511467
0.510841
0.510528
0.510137
0.510059
0.509746
0.509511
0.508806
0.508650
0.508493
0.507789
0.507554
0.507163
0.506850
0.507006
0.506615
0.505989
0.505675
0.505597
0.505284
0.504815
0.504501
0.504110
0.504032
0.503562
0.503249
0.502936
0.502701
0.502545
0.501997
0.501214
0.500823
0.500353
0.500353
0.500118
0.499492
0.499336
0.499101
0.498866
0.498553
0.498083
0.497535
0.497535
0.497379
0.496596
0.496048
0.495970
0.495735
0.495344
0.494953
0.494796
0.494092
0.493935
0.493622
0.493465
0.493074
0.492213
0.491978
0.491822
0.491196
0.490882
0.490648
0.490100
0.489630
0.489708
0.489395
0.489082
0.488769
0.488456
0.488143
0.487517
0.487282
0.486891
0.486578
0.486186
0.485795
0.485795
0.485169
0.484699
0.484621
0.484151
0.484151
0.483525
0.483369
0.483134
0.482977
0.482351
0.482195
0.481803
0.481490
0.480707
0.480551
0.480160
0.479768
0.479220
0.479142
0.478751
0.478281
0.477890
0.477655
0.477185
0.476794
0.476168
0.475776
0.475698
0.475307
0.474759
0.474446
0.474289
0.473741
0.473350
0.473194
0.472489
0.472176
0.472176
0.472019
0.471393
0.470767
0.470454
0.470063
0.469750
0.469280
0.469202
0.468654
0.468576
0.468106
0.467793
0.467245
0.467167
0.466462
0.466149
0.465993
0.465288
0.465210
0.464975
0.464584
0.464271
0.464349
0.463801
0.463018
0.462705
0.462392
0.462001
0.461453
0.461375
0.461062
0.460670
0.460436
0.460357
0.459653
0.459340
0.459027
0.458714
0.458166
0.457853
0.457853
0.457383
0.457070
0.456913
0.456366
0.455896
0.455739
0.455583
0.455035
0.454644
0.454487
0.454174
0.453783
0.453626
0.453235
0.453156
0.452530
0.452217
0.451669
0.451591
0.451200
0.450730
0.450574
0.449869
0.449869
0.449556
0.448930
0.448852
0.448382
0.448069
0.447678
0.447443
0.447286
0.446660
0.446582
0.445877
0.445877
0.445643
0.445173
0.445095
0.444782
0.444234
0.443999
0.443842
0.442981
0.442825
0.442825
0.442199
0.441807
0.442120
0.441651
0.440946
0.440320
0.440398
0.439851
0.439538
0.439303
0.438833
0.438520
0.438050
0.437894
0.437581
0.436798
0.436798
0.436485
0.436172
0.436094
0.435781
0.435389
0.434920
0.434685
0.434685
0.433824
0.433511
0.433041
0.433041
0.432885
0.432650
0.432102
0.431945
0.431397
0.431006
0.430380
0.430145
0.429989
0.429676
0.429597
0.429206
0.429049
0.428580
0.428345
0.427875
0.427640
0.427249
0.427014
0.426701
0.426623
0.426075
0.426232
0.425684
0.425292
0.424823
0.424275
0.423962
0.423962
0.423649
0.423257
0.423101
0.422553
0.422083
0.422162
0.421770
0.421222
0.420988
0.420674
0.420440
0.420048
0.419970
0.419422
0.419187
0.418639
0.418170
0.418013
0.417622
0.417387
0.417152
0.416761
0.416683
0.416213
0.416057
0.415352
0.415039
0.414726
0.414569
0.414022
0.414022
0.413865
0.413395
0.413004
0.412769
0.412300
0.411517
0.411360
0.411126
0.410734
0.410186
0.410421
0.409873
0.409482
0.409012
0.408856
0.408308
0.407917
0.407838
0.407525
0.406899
0.406977
0.406821
0.406429
0.405725
0.405334
0.405021
0.404707
0.404238
0.403925
0.403612
0.403299
0.403142
0.402438
0.402125
0.401733
0.401342
0.401107
0.400716
0.400324
0.399620
0.399542
0.399542
0.398837
0.398133
0.398133
0.397976
0.397507
0.397115
0.396959
0.396959
0.396411
0.395863
0.395393
0.395315
0.394767
0.394376
0.394141
0.393671
0.393593
0.393202
0.392810
0.392576
0.392106
0.391715
0.391167
0.391088
0.390932
0.390306
0.390228
0.389680
0.389523
0.389053
0.388584
0.388349
0.387801
0.387723
0.387253
0.386940
0.386549
0.386627
0.386001
0.385531
0.384905
0.384905
0.384436
0.383966
0.383888
0.383888
0.383340
0.382792
0.382714
0.382009
0.381696
0.381070
0.380835
0.380679
0.380600
0.380287
0.379818
0.379661
0.378957
0.378331
0.377861
0.377704
0.377470
0.377156
0.376530
0.376374
0.375982
0.375356
0.375200
0.374730
0.374260
0.373947
0.373713
0.373400
0.373243
0.372930
0.372539
0.372304
0.371991
0.371678
0.371286
0.370817
0.370582
0.370347
0.370034
0.369643
0.369251
0.368782
0.368234
0.367764
0.367529
0.366981
0.366668
0.366668
0.366355
0.366120
0.365729
0.365416
0.365025
0.364712
0.364085
0.363772
0.363538
0.362911
0.363068
0.362755
0.362207
0.361581
0.361894
0.361268
0.360563
0.360094
0.359624
0.359546
0.358998
0.358920
0.358059
0.357746
0.357589
0.357432
0.356963
0.356728
0.356493
0.356024
0.355632
0.355163
0.355084
0.354615
0.354380
0.354067
0.353362
0.352971
0.352893
0.352267
0.352423
0.351875
0.351641
0.351327
0.350858
0.350466
0.350232
0.349919
0.349762
0.349292
0.349214
0.348588
0.348745
0.348197
0.347492
0.347492
0.347023
0.346710
0.346318
0.345927
0.345614
0.344753
0.344909
0.344518
0.344127
0.343892
0.343892
0.343031
0.343187
0.342639
0.342483
0.341935
0.341700
0.341309
0.341152
0.340526
0.340057
0.340135
0.339587
0.339274
0.339117
0.338569
0.338100
0.338100
0.337709
0.337317
0.336848
0.336534
0.336143
0.336300
0.335752
0.335126
0.334891
0.334656
0.334108
0.334030
0.333717
0.333169
0.333091
0.332621
0.332543
0.331995
0.331603
0.331603
0.331134
0.330742
0.330508
0.330195
0.329960
0.329568
0.329021
0.328707
0.328394
0.328003
0.328003
0.327220
0.326986
0.326516
0.326281
0.325733
0.325498
0.325342
0.324951
0.324716
0.324246
0.324090
0.323385
0.323229
0.323229
0.322681
0.322446
0.321976
0.321741
0.321115
0.320489
0.320020
0.319941
0.319550
0.319080
0.319080
0.318454
0.318063
0.317828
0.317593
0.317045
0.316732
0.316184
0.316419
0.316028
0.315402
0.314854
0.314541
0.314228
0.313836
0.313288
0.313132
0.313054
0.312506
0.312036
0.311801
0.311566
0.310940
0.310392
0.310236
0.309923
0.309531
0.308827
0.308827
0.308436
0.307888
0.307731
0.307418
0.306948
0.306401
0.306088
0.305618
0.305540
0.305305
0.304913
0.304522
0.304209
0.303739
0.303348
0.303192
0.302800
0.302409
0.302096
0.301626
0.301391
0.300765
0.300139
0.300217
0.299748
0.299356
0.298965
0.298574
0.298339
0.297791
0.297478
0.297165
0.296773
0.296382
0.295912
0.295443
0.295130
0.294973
0.294504
0.294347
0.293799
0.293564
0.293095
0.292938
0.292625
0.292077
0.291529
0.291608
0.291295
0.290590
0.290434
0.290277
0.289651
0.289573
0.288868
0.288712
0.288477
0.288007
0.287538
0.287146
0.286364
0.286285
0.286129
0.285894
0.285033
0.284876
0.284485
0.284329
0.284015
0.283702
0.283468
0.282841
0.282528
0.281902
0.281433
0.281276
0.280728
0.280650
0.280337
0.279867
0.279319
0.278771
0.278693
0.277910
0.277989
0.277441
0.277362
0.276971
0.276736
0.276502
0.276032
0.275641
0.275484
0.274936
0.274232
0.274310
0.273840
0.273684
0.273449
0.272901
0.272510
0.272197
0.271492
0.271179
0.271023
0.270553
0.269927
0.269770
0.269692
0.269144
0.268909
0.268675
0.267970
0.267970
0.267657
0.267266
0.267109
0.266718
0.266326
0.265622
0.265309
0.264918
0.264526
0.263978
0.263822
0.263509
0.263274
0.262961
0.262648
0.261943
0.261865
0.261395
0.261004
0.260456
0.260221
0.259987
0.259517
0.259204
0.258421
0.258265
0.258030
0.257717
0.257560
0.256856
0.256543
0.256464
0.256386
0.256073
0.255525
0.255290
0.254743
0.254351
0.254038
0.253490
0.253334
0.252942
0.252864
0.252238
0.252081
0.251612
0.251299
0.250907
0.250672
0.250438
0.249968
0.249342
0.249264
0.248951
0.248794
0.248090
0.247777
0.247542
0.246994
0.246759
0.246446
0.246133
0.245663
0.245507
0.245272
0.244646
0.244254
0.244020
0.243550
0.243159
0.243159
0.242767
0.242376
0.242298
0.242063
0.241280
0.241124
0.240263
0.240184
0.239950
0.239167
0.238775
0.238462
0.238228
0.237680
0.237288
0.237054
0.237054
0.236662
0.236506
0.235879
0.235488
0.235332
0.234784
0.234784
0.234392
0.234079
0.233375
0.233297
0.232984
0.232357
0.232279
0.232044
0.231653
0.231183
0.230635
0.230244
0.229696
0.229618
0.229070
0.228757
0.228522
0.228287
0.227739
0.227426
0.227192
0.226722
0.226565
0.226174
0.226018
0.225626
0.225157
0.225000
0.224452
0.224217
0.223826
0.223122
0.223043
0.222574
0.222339
0.222182
0.221400
0.221321
0.220773
0.220539
0.219834
0.219521
0.218895
0.218895
0.218582
0.218112
0.217877
0.217408
0.217016
0.216547
0.215921
0.215921
0.215764
0.215216
0.214903
0.214434
0.214199
0.213729
0.213729
0.213181
0.212633
0.212242
0.211851
0.211459
0.210990
0.210911
0.210442
0.209894
0.209424
0.208955
0.209033
0.208720
0.208172
0.208172
0.207546
0.207311
0.207076
0.206528
0.206059
0.205824
0.205198
0.204885
0.204493
0.204259
0.204024
0.203632
0.203398
0.203006
0.202458
0.202145
0.201597
0.201519
0.200736
0.200893
0.200423
0.199954
0.199641
0.199171
0.198153
0.197840
0.197684
0.197606
0.196901
0.196823
0.196353
0.195962
0.195336
0.195257
0.194553
0.194083
0.193849
0.193536
0.193379
0.192988
0.192596
0.192205
0.191814
0.191501
0.191031
0.190561
0.190248
0.189935
0.189700
0.189074
0.188683
0.188605
0.188135
0.187509
0.187274
0.186961
0.186335
0.186256
0.185630
0.185395
0.185161
0.184848
0.184221
0.183752
0.183439
0.183126
0.182891
0.182421
0.182421
0.181639
0.181247
0.181404
0.180386
0.179760
0.179760
0.179290
0.178821
0.178508
0.178195
0.177960
0.177725
0.177099
0.176786
0.176394
0.176081
0.175768
0.175612
0.175142
0.174673
0.174516
0.174203
0.173968
0.173420
0.173107
0.172638
0.172324
0.172090
0.171620
0.171229
0.170759
0.170368
0.169898
0.169663
0.169742
0.168646
0.168646
0.168254
0.167863
0.167785
0.167315
0.167159
0.166767
0.166454
0.166219
0.165828
0.165358
0.164967
0.164732
0.164263
0.164028
0.163715
0.163167
0.163010
0.162619
0.162384
0.161758
0.161210
0.160897
0.160662
0.160427
0.159958
0.159723
0.159019
0.158627
0.158392
0.157766
0.157297
0.157218
0.156749
0.156514
0.155888
0.155731
0.155340
0.154479
0.154557
0.154009
0.153774
0.153383
0.153148
0.152757
0.152209
0.151818
0.151583
0.151348
0.150722
0.150565
0.150331
0.149470
0.149391
0.149078
0.148452
0.148217
0.148061
0.147591
0.147122
0.146574
0.146261
0.145948
0.145634
0.145478
0.145087
0.144460
0.144382
0.143991
0.143521
0.143130
0.142973
0.142347
0.141877
0.141721
0.141017
0.140703
0.140547
0.140312
0.139529
0.139216
0.139060
0.138590
0.138199
0.137729
0.137651
0.137181
0.136790
0.136242
0.135851
0.135381
0.135225
0.134598
0.134442
0.134207
0.133737
0.133346
0.133111
0.132798
0.132485
0.131859
0.131546
0.130998
0.130607
0.130294
0.129980
0.129589
0.129041
0.128493
0.128180
0.127867
0.127398
0.126850
0.126928
0.126771
0.126145
0.125832
0.125519
0.125284
0.124736
0.124423
0.124110
0.123484
0.123249
0.123014
0.122701
0.122310
0.121919
0.121293
0.120823
0.120275
0.119962
0.119258
0.119023
0.118788
0.118475
0.118083
0.117614
0.117457
0.116988
0.116362
0.115814
0.115344
0.114796
0.114640
0.114170
0.114092
0.113779
0.113387
0.112683
0.112213
0.111744
0.111509
0.111117
0.110726
0.110491
0.109943
0.109474
0.108926
0.108769
0.108221
0.107674
0.107674
0.106734
0.106656
0.106656
0.106265
0.105795
0.105560
0.105091
0.104386
0.104073
0.103917
0.103447
0.103212
0.102821
0.102586
0.102038
0.101803
0.101255
0.100708
0.100394
0.099847
0.099534
0.099142
0.099064
0.098829
0.098203
0.097655
0.097264
0.096403
0.096324
0.096090
0.095620
0.095307
0.094916
0.094681
0.094133
0.093742
0.093272
0.092724
0.092411
0.092098
0.091863
0.091315
0.091237
0.090611
0.090376
0.090219
0.089672
0.088967
0.088654
0.088263
0.087793
0.087558
0.087323
0.086776
0.086306
0.086071
0.085445
0.084975
0.084506
0.084193
0.083723
0.083880
0.083019
0.082940
0.082627
0.082236
0.081297
0.080670
0.080357
0.080044
0.079731
0.079262
0.078949
0.078401
0.078166
0.077853
0.077227
0.076835
0.076366
0.076053
0.075740
0.075505
0.074879
0.074487
0.074018
0.073704
0.073078
0.072530
0.072217
0.071983
0.071669
0.071356
0.070730
0.070495
0.070104
0.069791
0.069243
0.068852
0.068382
0.068147
0.067834
0.067208
0.066738
0.066425
0.065956
0.065486
0.065017
0.064782
0.064390
0.064156
0.064077
0.063451
0.062982
0.062747
0.062355
0.061886
0.061573
0.060947
0.060790
0.060320
0.059772
0.059616
0.058833
0.058598
0.058364
0.057737
0.057111
0.056955
0.056250
0.055937
0.055546
0.055624
0.055076
0.054450
0.054215
0.053746
0.053354
0.052806
0.052650
0.052259
0.051789
0.051476
0.051241
0.050693
0.050224
0.049519
0.049519
0.048893
0.048345
0.048032
0.047797
0.047249
0.046936
0.046467
0.046154
0.045606
0.045136
0.044901
0.044275
0.044040
0.043884
0.043571
0.042944
0.042397
0.042318
0.041692
0.041379
0.040988
0.040127
0.039892
0.039501
0.038718
0.038248
0.037622
0.037387
0.037074
0.036683
0.035978
0.035900
0.035431
0.035196
0.034726
0.034022
0.033630
0.033474
0.032848
0.032691
0.032143
0.031517
0.031204
0.030969
0.030265
0.029795
0.029169
0.028856
0.028386
0.028230
0.027369
0.026977
0.026899
0.026508
0.025960
0.025177
0.024864
0.024708
0.024160
0.023455
0.023377
0.022907
0.022907
0.022594
0.021812
0.021342
0.020951
0.020481
0.020011
0.019542
0.019150
0.018759
0.018368
0.017663
0.017272
0.016724
0.016411
0.015785
0.015785
0.015159
0.014924
0.014454
0.013985
0.013828
0.013124
0.012576
0.012184
0.011715
0.011245
0.010854
0.010306
0.009915
0.009915
0.009210
0.008662
0.008193
0.007801
0.007253
0.006862
0.006706
0.006236
0.006158
0.005845
0.005140
0.004905
0.004123
0.003810
0.003183
0.002949
0.002322
0.002088
0.001853
0.001540
0.000835
0.000600
-0.000026
-0.000730
-0.001043
-0.001435
-0.001826
-0.001904
-0.002374
-0.002922
-0.003235
-0.003783
-0.004252
-0.005035
-0.005426
-0.005739
-0.006131
-0.006600
-0.006913
-0.007383
-0.008009
-0.008166
-0.009105
-0.009966
-0.010122
-0.010201
-0.010827
-0.011375
-0.011766
-0.012392
-0.012392
-0.012627
-0.013488
-0.014114
-0.014819
-0.014975
-0.015758
-0.015758
-0.016228
-0.016775
-0.017167
-0.017793
-0.018497
-0.018889
-0.019828
-0.019984
-0.020376
-0.020689
-0.021315
-0.021863
-0.022019
-0.022802
-0.023428
-0.024289
-0.024368
-0.024602
-0.024681
-0.025229
-0.025855
-0.026403
-0.026716
-0.027264
-0.027733
-0.028359
-0.028438
-0.029142
-0.029377
-0.029925
-0.030551
-0.031099
-0.031255
-0.031960
-0.032821
-0.033603
-0.033760
-0.034386
-0.034699
-0.035169
-0.035795
-0.036186
-0.036421
-0.037047
-0.037987
-0.038378
-0.038769
-0.039474
-0.039943
-0.040335
-0.041039
-0.041352
-0.042291
-0.042448
-0.043309
-0.043700
-0.044248
-0.044561
-0.044796
-0.045109
-0.045970
-0.046205
-0.046518
-0.047222
-0.048240
-0.048709
-0.048866
-0.049336
-0.049884
-0.050510
-0.050744
-0.051292
-0.051762
-0.052466
-0.053171
-0.053406
-0.054032
-0.054423
-0.054580
-0.055128
-0.055597
-0.056223
-0.056458
-0.056850
-0.057710
-0.058337
-0.058885
-0.059354
-0.059511
-0.060293
-0.060998
-0.061233
-0.061624
-0.062015
-0.063189
-0.063972
-0.064207
-0.064442
-0.064990
-0.065224
-0.065929
-0.066398
-0.066712
-0.067259
-0.068042
-0.068590
-0.068981
-0.069686
-0.069608
-0.070234
-0.071016
-0.071486
-0.071799
-0.072425
-0.072738
-0.073834
-0.074382
-0.074852
-0.075165
-0.075321
-0.075869
-0.076260
-0.076965
-0.077278
-0.077904
-0.079235
-0.079391
-0.080252
-0.080487
-0.080878
-0.081818
-0.082209
-0.082757
-0.083070
-0.083931
-0.084635
-0.085105
-0.085809
-0.086044
-0.086436
-0.086983
-0.087531
-0.088079
-0.088392
-0.088784
-0.090036
-0.090584
-0.091132
-0.091288
-0.091758
-0.092462
-0.092775
-0.093323
-0.094262
-0.094497
-0.095280
-0.095750
-0.096063
-0.096689
-0.097002
-0.097315
-0.097941
-0.098802
-0.099272
-0.099898
-0.100368
-0.100994
-0.101620
-0.102011
-0.102403
-0.103029
-0.103498
-0.104281
-0.104751
-0.105142
-0.105925
-0.106629
-0.106942
-0.107412
-0.107725
-0.108195
-0.108742
-0.109134
-0.110151
-0.110464
-0.111482
-0.111951
-0.112499
-0.113047
-0.113595
-0.114065
-0.114534
-0.114847
-0.115395
-0.116021
-0.116726
-0.117117
-0.117900
-0.118604
-0.119074
-0.119387
-0.120092
-0.120639
-0.121735
-0.122596
-0.122674
-0.123379
-0.123848
-0.124553
-0.124944
-0.125570
-0.125883
-0.126431
-0.127449
-0.127997
-0.128701
-0.129249
-0.129640
-0.130032
-0.130580
-0.131441
-0.131519
-0.132302
-0.132693
-0.133945
-0.134337
-0.134963
-0.135276
-0.135824
-0.136450
-0.136763
-0.137076
-0.137624
-0.138407
-0.139033
-0.140207
-0.140520
-0.140911
-0.141381
-0.142007
-0.142398
-0.142946
-0.143572
-0.144042
-0.144903
-0.145607
-0.146390
-0.146782
-0.147095
-0.147877
-0.148503
-0.148660
-0.149521
-0.149678
-0.150538
-0.151321
-0.152026
-0.152417
-0.152808
-0.153356
-0.153826
-0.154530
-0.155000
-0.155391
-0.155704
-0.156800
-0.157504
-0.157896
-0.158052
-0.158835
-0.159539
-0.160244
-0.160557
-0.161105
-0.161653
-0.162279
-0.163218
-0.163923
-0.164001
-0.164314
-0.165097
-0.165723
-0.166506
-0.166662
-0.167366
-0.167993
-0.168619
-0.169167
-0.169793
-0.170106
-0.170732
-0.171202
-0.171984
-0.172141
-0.172689
-0.173393
-0.174332
-0.174959
-0.175193
-0.175898
-0.176289
-0.176446
-0.177228
-0.178089
-0.178011
-0.178716
-0.179420
-0.180359
-0.180985
-0.181533
-0.182003
-0.182316
-0.182551
-0.183412
-0.183490
-0.184116
-0.184977
-0.185603
-0.186073
-0.186777
-0.187012
-0.187560
-0.187951
-0.188343
-0.188969
-0.189282
-0.190065
-0.190926
-0.191317
-0.191943
-0.192569
-0.192961
-0.193117
-0.193509
-0.193978
-0.194604
-0.195309
-0.196170
-0.196796
-0.197344
-0.197735
-0.198048
-0.198361
-0.199144
-0.199379
-0.199457
-0.200240
-0.200788
-0.201649
-0.202275
-0.203136
-0.203292
-0.203762
-0.204232
-0.204623
-0.205249
-0.205719
-0.205797
-0.206580
-0.207128
-0.207832
-0.208302
-0.208693
-0.209006
-0.209319
-0.210102
-0.210493
-0.210806
-0.211354
-0.211824
-0.212841
-0.212998
-0.213389
-0.213624
-0.214015
-0.214720
-0.215111
-0.215424
-0.215972
-0.216363
-0.217224
-0.217381
-0.217772
-0.218242
-0.218398
-0.218868
-0.219416
-0.219572
-0.220199
-0.220277
-0.221060
-0.222077
-0.222390
-0.223016
-0.223095
-0.223408
-0.223642
-0.224112
-0.224425
-0.224817
-0.225286
-0.225677
-0.226460
-0.226930
-0.227243
-0.227399
-0.227712
-0.228339
-0.228495
-0.229043
-0.229278
-0.229826
-0.230295
-0.231000
-0.231391
-0.231548
-0.232096
-0.232330
-0.232487
-0.232565
-0.233348
-0.233661
-0.234052
-0.234600
-0.234913
-0.235461
-0.235461
-0.235774
-0.236244
-0.236714
-0.236870
-0.237027
-0.237574
-0.237809
-0.238435
-0.238749
-0.238749
-0.239531
-0.239688
-0.240236
-0.240549
-0.240784
-0.241175
-0.241488
-0.242114
-0.242349
-0.242662
-0.243132
-0.243445
-0.243601
-0.243836
-0.244306
-0.244384
-0.244775
-0.245245
-0.245558
-0.245793
-0.246028
-0.246106
-0.246732
-0.246576
-0.247045
-0.247280
-0.247202
-0.247906
-0.248376
-0.248611
-0.248611
-0.249002
-0.249158
-0.249785
-0.249471
-0.250176
-0.250254
-0.250332
-0.250724
-0.251037
-0.251585
-0.251507
-0.252054
-0.252211
-0.252446
-0.252602
-0.252837
-0.253072
-0.253150
-0.253307
-0.253620
-0.253542
-0.254324
-0.254637
-0.254559
-0.254872
-0.255185
-0.255342
-0.255577
-0.255655
-0.256203
-0.256516
-0.256672
-0.256751
-0.257142
-0.257220
-0.257533
-0.257690
-0.257533
-0.257690
-0.258159
-0.258159
-0.258316
-0.258551
-0.259177
-0.258864
-0.259099
-0.259568
-0.259333
-0.259881
-0.259803
-0.260038
-0.260664
-0.260742
-0.260742
-0.261055
-0.261212
-0.261525
-0.261212
-0.261682
-0.261760
-0.262073
-0.261838
-0.261760
-0.262308
-0.262543
-0.262464
-0.262934
-0.263012
-0.262777
-0.263012
-0.263404
-0.263717
-0.263638
-0.263795
-0.263873
-0.263951
-0.264186
-0.264264
-0.264499
-0.264578
-0.264264
-0.264656
-0.264734
-0.264734
-0.264969
-0.264812
-0.264969
-0.265047
-0.265282
-0.265439
-0.265752
-0.265673
-0.265673
-0.265908
-0.265986
-0.266378
-0.266378
-0.266456
-0.266691
-0.266769
-0.266926
-0.266926
-0.267239
-0.267317
-0.267317
-0.267552
-0.267474
-0.267552
-0.267708
-0.267708
-0.267708
-0.268021
-0.268491
-0.268335
-0.268491
-0.268569
-0.268804
-0.268569
-0.268882
-0.269117
-0.269587
-0.269430
-0.269665
-0.269665
-0.269665
-0.269822
-0.270056
-0.270056
-0.270135
-0.270135
-0.270604
-0.270604
-0.270683
-0.270917
-0.270839
-0.270917
-0.271074
-0.271152
-0.271309
-0.271074
-0.271622
-0.271544
-0.271778
-0.272013
-0.272091
-0.272091
-0.272170
-0.272248
-0.272248
-0.272405
-0.272639
-0.272483
-0.272952
-0.272796
-0.273187
-0.273109
-0.273344
-0.273187
-0.273187
-0.273344
-0.273657
-0.274048
-0.273970
-0.273970
-0.274048
-0.274205
-0.274361
-0.274518
-0.274596
-0.274518
-0.274831
-0.274831
-0.274596
-0.274831
-0.275144
-0.275301
-0.275535
-0.275614
-0.275770
-0.275770
-0.276083
-0.276161
-0.276083
-0.276318
-0.276396
-0.276631
-0.276631
-0.276944
-0.276866
-0.277022
-0.276944
-0.277101
-0.277179
-0.277414
-0.277805
-0.277649
-0.277805
-0.277962
-0.278118
-0.278353
-0.278353
-0.278510
-0.278431
-0.278666
-0.278823
-0.278979
-0.278823
-0.279136
-0.279214
-0.279214
-0.279449
-0.279840
-0.279684
-0.280232
-0.280075
-0.280388
-0.280701
-0.280701
-0.280701
-0.280936
-0.281171
-0.281171
-0.281484
-0.281484
-0.281484
-0.281640
-0.282032
-0.282032
-0.281953
-0.282188
-0.282423
-0.282501
-0.282736
-0.282814
-0.282971
-0.283049
-0.283284
-0.283441
-0.284067
-0.283988
-0.283910
-0.284223
-0.284223
-0.284458
-0.284380
-0.285084
-0.285241
-0.285241
-0.285632
-0.285710
-0.285867
-0.285945
-0.286023
-0.285945
-0.285945
-0.286337
-0.286415
-0.286806
-0.286884
-0.287119
-0.286963
-0.287276
-0.287354
-0.287667
-0.287902
-0.287667
-0.287980
-0.287980
-0.288058
-0.288372
-0.288606
-0.288841
-0.288606
-0.288998
-0.289154
-0.289233
-0.289546
-0.289546
-0.290015
-0.290094
-0.290172
-0.290250
-0.290485
-0.291033
-0.291346
-0.291111
-0.291424
-0.291189
-0.291346
-0.291894
-0.292129
-0.292363
-0.292442
-0.292833
-0.292755
-0.292911
-0.292989
-0.292989
-0.293381
-0.293616
-0.293616
-0.293537
-0.294007
-0.293929
-0.294477
-0.294555
-0.294711
-0.294946
-0.295025
-0.294868
-0.295025
-0.295572
-0.295729
-0.295807
-0.296199
-0.296277
-0.296433
-0.296512
-0.296746
-0.296825
-0.296903
-0.297216
-0.297529
-0.297451
-0.297999
-0.297999
-0.298312
-0.298390
-0.298703
-0.298860
-0.298860
-0.299251
-0.299173
-0.299408
-0.299642
-0.299799
-0.300347
-0.300112
-0.300503
-0.300895
-0.300895
-0.301051
-0.300895
-0.301443
-0.301443
-0.302069
-0.302382
-0.302304
-0.302538
-0.302773
-0.303321
-0.303321
-0.303556
-0.303712
-0.303712
-0.303947
-0.304339
-0.304182
-0.304652
-0.305200
-0.305356
-0.305434
-0.305747
-0.306061
-0.305982
-0.306452
-0.306530
-0.306765
-0.307156
-0.307313
-0.307548
-0.307626
-0.307861
-0.307939
-0.308096
-0.308487
-0.308722
-0.309035
-0.309270
-0.308957
-0.309661
-0.310131
-0.310209
-0.310365
-0.310365
-0.310600
-0.310444
-0.310835
-0.310992
-0.311226
-0.311226
-0.311931
-0.312087
-0.312322
-0.312557
-0.312713
-0.312948
-0.313261
-0.313261
-0.313496
-0.313731
-0.313966
-0.314279
-0.314279
-0.314357
-0.314748
-0.314905
-0.315375
-0.315375
-0.315609
-0.315453
-0.315766
-0.316236
-0.316470
-0.316470
-0.316940
-0.317566
-0.317566
-0.317644
-0.318036
-0.318114
-0.318349
-0.318505
-0.318740
-0.319132
-0.319366
-0.319601
-0.319993
-0.320227
-0.320149
-0.320697
-0.320775
-0.320697
-0.321010
-0.321323
-0.321715
-0.322106
-0.322262
-0.322497
-0.322889
-0.323123
-0.323045
-0.323593
-0.323593
-0.323906
-0.323906
-0.324063
-0.324610
-0.324767
-0.325080
-0.325393
-0.325471
-0.325471
-0.325785
-0.326019
-0.326098
-0.326567
-0.326880
-0.326880
-0.327350
-0.327741
-0.327741
-0.327976
-0.328211
-0.328602
-0.328915
-0.328915
-0.329150
-0.329463
-0.329698
-0.329776
-0.330168
-0.330637
-0.330559
-0.330950
-0.331185
-0.331733
-0.331733
-0.331968
-0.332124
-0.332359
-0.332672
-0.332907
-0.333064
-0.333377
-0.333768
-0.333925
-0.334394
-0.334551
-0.334864
-0.334942
-0.334786
-0.335568
-0.335960
-0.335960
-0.336351
-0.336821
-0.336977
-0.337055
-0.337212
-0.337682
-0.338073
-0.338151
-0.338386
-0.338464
-0.338699
-0.339169
-0.339560
-0.339717
-0.339951
-0.340108
-0.340812
-0.340812
-0.341282
-0.341204
-0.341752
-0.341830
-0.342299
-0.342299
-0.342691
-0.343004
-0.343239
-0.343552
-0.343630
-0.344334
-0.344726
-0.344726
-0.345039
-0.345274
-0.345509
-0.346056
-0.346448
-0.346448
-0.346683
-0.347074
-0.347074
-0.347387
-0.347700
-0.348091
-0.348091
-0.348483
-0.348952
-0.349031
-0.349265
-0.349657
-0.349813
-0.350283
-0.350596
-0.350518
-0.351222
-0.351457
-0.351692
-0.351848
-0.352005
-0.352475
-0.352475
-0.352944
-0.353179
-0.353727
-0.353962
-0.354118
-0.354431
-0.354823
-0.354901
-0.355136
-0.355136
-0.355684
-0.355997
-0.356075
-0.356623
-0.356858
-0.356858
-0.357406
-0.357406
-0.357562
-0.358032
-0.358345
-0.358971
-0.359441
-0.359519
-0.359675
-0.359675
-0.360302
-0.360536
-0.361006
-0.361319
-0.361554
-0.361867
-0.362258
-0.362258
-0.362650
-0.363041
-0.363432
-0.363589
-0.363824
-0.364058
-0.364137
-0.364685
-0.365076
-0.365154
-0.365546
-0.365937
-0.366015
-0.366328
-0.366798
-0.367189
-0.367111
-0.367268
-0.367581
-0.367972
-0.368207
-0.368676
-0.368755
-0.369068
-0.369616
-0.369694
-0.370164
-0.370242
-0.370320
-0.370868
-0.371338
-0.371572
-0.371964
-0.372199
-0.372355
-0.372903
-0.373294
-0.373607
-0.373842
-0.374312
-0.374468
-0.374547
-0.374938
-0.375251
-0.375329
-0.375642
-0.376269
-0.376425
-0.376816
-0.377051
-0.377286
-0.377599
-0.377599
-0.377756
-0.377834
-0.378460
-0.378538
-0.378773
-0.379243
-0.379478
-0.379634
-0.380417
-0.380417
-0.380886
-0.381513
-0.381434
-0.381747
-0.382139
-0.382530
-0.382765
-0.383313
-0.383235
-0.383626
-0.383782
-0.383939
-0.384487
-0.384643
-0.385035
-0.385035
-0.385426
-0.385583
-0.386052
-0.386209
-0.386835
-0.386835
-0.387461
-0.387539
-0.388009
-0.388087
-0.388635
-0.388870
-0.389027
-0.389183
-0.389574
-0.390201
-0.390279
-0.390748
-0.391062
-0.391218
-0.391609
-0.391531
-0.391923
-0.392392
-0.392470
-0.393097
-0.393097
-0.393175
-0.393644
-0.394192
-0.394427
-0.394740
-0.394584
-0.394897
-0.395053
-0.395523
-0.395914
-0.396384
-0.396540
-0.396697
-0.396854
-0.397245
-0.397558
-0.397871
-0.398341
-0.398341
-0.398575
-0.398967
-0.399280
-0.399671
-0.400063
-0.400454
-0.400689
-0.401158
-0.401393
-0.401941
-0.401941
-0.402489
-0.402724
-0.403037
-0.403428
-0.403976
-0.403741
-0.404054
-0.404680
-0.404759
-0.404915
-0.405385
-0.406011
-0.405855
-0.406246
-0.406559
-0.406716
-0.407029
-0.407185
-0.407811
-0.408124
-0.408672
-0.408751
-0.409220
-0.409220
-0.409690
-0.409925
-0.410238
-0.410394
-0.410942
-0.411255
-0.411412
-0.411803
-0.411960
-0.412664
-0.412977
-0.413055
-0.413447
-0.413447
-0.413838
-0.413995
-0.414699
-0.414777
-0.415012
-0.415247
-0.415560
-0.415873
-0.416108
-0.416577
-0.417047
-0.417282
-0.417438
-0.417595
-0.417908
-0.418299
-0.418456
-0.418769
-0.419160
-0.419552
-0.420021
-0.420100
-0.420648
-0.420804
-0.420961
-0.421508
-0.421900
-0.422135
-0.422683
-0.422839
-0.422996
-0.423544
-0.423935
-0.424013
-0.424013
-0.424718
-0.424796
-0.424718
-0.425344
-0.425735
-0.425813
-0.426753
-0.426674
-0.426909
-0.426987
-0.427535
-0.427848
-0.428161
-0.428475
-0.428553
-0.429257
-0.429649
-0.429805
-0.430275
-0.430588
-0.430979
-0.431057
-0.431605
-0.431605
-0.432075
-0.432388
-0.432779
-0.432779
-0.433327
-0.433875
-0.433875
-0.434423
-0.434580
-0.434658
-0.434971
-0.435597
-0.435910
-0.436067
-0.436301
-0.436928
-0.437319
-0.437632
-0.437867
-0.438102
-0.438180
-0.438415
-0.439197
-0.439197
-0.439667
-0.439745
-0.440137
-0.440685
-0.440998
-0.441389
-0.441702
-0.442250
-0.442485
-0.442720
-0.443111
-0.443502
-0.443815
-0.444128
-0.444520
-0.444989
-0.445146
-0.445459
-0.445694
-0.446007
-0.446320
-0.446398
-0.446868
-0.446946
-0.447494
-0.447416
-0.448042
-0.448198
-0.448668
-0.448746
-0.449216
-0.449373
-0.449842
-0.450155
-0.450547
-0.450703
-0.450938
-0.451642
-0.451955
-0.452269
-0.452503
-0.452816
-0.452895
-0.453443
-0.453756
-0.454304
-0.454617
-0.454538
-0.454930
-0.455321
-0.455399
-0.455712
-0.456104
-0.456417
-0.456965
-0.457356
-0.457591
-0.458060
-0.458295
-0.458452
-0.458608
-0.459313
-0.459391
-0.459704
-0.459861
-0.460409
-0.460643
-0.461113
-0.461817
-0.462131
-0.462365
-0.462757
-0.462757
-0.463226
-0.463696
-0.463931
-0.464322
-0.464400
-0.464479
-0.464948
-0.465653
-0.466122
-0.466279
-0.466514
-0.466827
-0.467140
-0.467296
-0.467375
-0.468079
-0.468236
-0.468549
-0.469018
-0.469253
-0.469488
-0.469957
-0.469801
-0.470427
-0.470662
-0.471210
-0.471288
-0.471445
-0.471836
-0.472306
-0.472697
-0.472853
-0.473558
-0.473793
-0.473949
-0.474106
-0.474810
-0.474654
-0.475280
-0.475358
-0.475671
-0.475906
-0.476532
-0.476689
-0.477315
-0.477628
-0.477550
-0.477941
-0.478254
-0.478254
-0.478645
-0.479272
-0.479506
-0.479741
-0.480446
-0.480759
-0.480680
-0.481307
-0.481776
-0.481855
-0.482324
-0.482637
-0.483029
-0.483263
-0.483498
-0.483968
-0.484594
-0.484437
-0.485064
-0.485220
-0.485611
-0.485925
-0.486081
-0.486394
-0.486786
-0.486864
-0.487568
-0.487881
-0.487881
-0.488273
-0.488742
-0.488977
-0.489055
-0.489447
-0.489916
-0.490229
-0.490621
-0.491169
-0.491090
-0.491403
-0.491403
-0.492264
-0.492421
-0.492812
-0.493047
-0.493595
-0.494065
-0.494221
-0.494378
-0.495082
-0.494847
-0.495473
-0.495552
-0.495943
-0.496100
-0.496726
-0.497117
-0.497039
-0.497665
-0.498056
-0.498369
-0.498448
-0.498683
-0.499230
-0.499465
-0.499935
-0.500404
-0.500718
-0.500874
-0.501500
-0.501892
-0.502439
-0.502596
-0.502831
-0.502909
-0.503066
-0.503692
-0.504318
-0.504318
-0.504788
-0.505101
-0.505179
-0.505727
-0.506040
-0.506275
-0.506431
-0.506588
-0.507057
-0.507449
-0.507605
-0.507684
-0.508310
-0.508545
-0.509014
-0.509249
-0.509562
-0.509875
-0.510110
-0.510266
-0.510893
-0.511049
-0.511440
-0.511362
-0.512067
-0.512380
-0.512771
-0.513241
-0.513319
-0.513789
-0.514023
-0.514102
-0.514258
-0.514493
-0.514806
-0.515354
-0.515589
-0.515745
-0.516137
-0.516606
-0.516841
-0.517076
-0.517859
-0.517859
-0.518485
-0.518641
-0.518954
-0.519267
-0.519581
-0.520207
-0.520520
-0.520755
-0.521381
-0.521381
-0.522085
-0.522242
-0.522633
-0.522946
-0.522946
-0.523337
-0.523885
-0.523964
-0.524355
-0.524668
-0.524981
-0.525686
-0.525764
-0.526077
-0.526155
-0.526703
-0.526547
-0.527329
-0.527408
-0.527564
-0.528112
-0.528503
-0.529051
-0.529364
-0.529286
-0.529756
-0.530382
-0.530460
-0.530851
-0.531399
-0.531556
-0.531791
-0.532260
-0.532495
-0.533121
-0.533513
-0.533669
-0.534060
-0.534060
-0.534217
-0.534921
-0.535469
-0.535469
-0.535704
-0.536017
-0.536409
-0.536722
-0.536956
-0.537583
-0.537739
-0.538209
-0.538365
-0.538600
-0.538835
-0.539148
-0.539696
-0.539696
-0.539852
-0.540479
-0.540792
-0.541261
-0.541731
-0.541809
-0.542201
-0.542435
-0.542827
-0.543375
-0.543375
-0.543844
-0.544079
-0.544549
-0.544862
-0.545253
-0.545253
-0.545566
-0.545879
-0.546349
-0.546662
-0.546818
-0.547445
-0.547523
-0.547758
-0.547914
-0.548775
-0.549010
-0.549167
-0.549636
-0.549636
-0.550027
-0.550184
-0.550575
-0.550967
-0.551671
-0.551671
-0.552297
-0.552845
-0.552923
-0.553393
-0.553706
-0.553863
-0.554176
-0.554802
-0.554880
-0.554880
-0.555506
-0.555976
-0.556289
-0.556680
-0.556994
-0.557385
-0.557620
-0.557698
-0.558324
-0.558559
-0.559029
-0.558872
-0.559420
-0.559498
-0.560046
-0.560594
-0.560907
-0.561768
-0.561846
-0.562081
-0.562707
-0.562864
-0.562864
-0.563333
-0.563725
-0.563960
-0.564194
-0.564507
-0.564977
-0.565290
-0.565603
-0.565760
-0.566229
-0.566151
-0.566856
-0.567012
-0.566777
-0.567403
-0.567795
-0.568343
-0.568421
-0.568734
-0.569204
-0.569438
-0.569751
-0.570534
-0.570612
-0.570847
-0.570926
-0.571630
-0.571708
-0.572413
-0.572726
-0.572882
-0.573117
-0.573743
-0.574135
-0.574291
-0.574682
-0.575074
-0.575309
-0.575543
-0.576091
-0.576248
-0.576874
-0.576874
-0.577344
-0.577657
-0.577657
-0.578048
-0.578361
-0.578439
-0.578753
-0.579144
-0.579692
-0.579927
-0.580083
-0.580553
-0.580709
-0.581022
-0.581335
-0.581883
-0.581805
-0.582431
-0.582744
-0.583057
-0.583292
-0.583449
-0.584075
-0.584231
-0.584388
-0.584623
-0.584858
-0.585327
-0.585797
-0.585875
-0.586345
-0.586893
-0.587049
-0.587284
-0.587597
-0.587832
-0.588145
-0.588536
-0.588849
-0.589241
-0.589554
-0.589867
-0.590258
-0.590571
-0.590728
-0.591276
-0.591745
-0.591824
-0.592371
-0.592841
-0.592919
-0.593154
-0.593546
-0.593859
-0.594406
-0.594641
-0.594798
-0.595267
-0.595581
-0.595972
-0.596207
-0.596520
-0.596833
-0.597224
-0.597616
-0.597850
-0.598242
-0.598711
-0.599181
-0.599024
-0.599572
-0.599807
-0.600042
-0.600512
-0.600668
-0.601216
-0.601529
-0.602077
-0.602468
-0.602860
-0.603094
-0.603329
-0.603721
-0.603877
-0.604112
-0.604347
-0.604738
-0.605521
-0.605677
-0.605912
-0.606382
-0.606617
-0.607086
-0.607321
-0.607947
-0.608182
-0.608417
-0.609043
-0.609043
-0.609121
-0.609513
-0.610295
-0.610295
-0.610452
-0.610843
-0.611156
-0.611469
-0.612017
-0.612409
-0.612409
-0.612956
-0.613191
-0.613191
-0.613504
-0.614130
-0.614444
-0.614600
-0.614835
-0.615305
-0.615931
-0.615774
-0.616322
-0.616635
-0.617183
-0.617574
-0.617574
-0.618122
-0.618279
-0.618435
-0.618905
-0.619140
-0.619609
-0.619844
-0.620079
-0.620157
-0.620470
-0.621096
-0.621253
-0.621644
-0.622036
-0.622427
-0.622427
-0.622740
-0.623445
-0.623679
-0.623836
-0.624306
-0.624462
-0.624932
-0.624932
-0.625323
-0.625636
-0.626027
-0.626341
-0.626888
-0.627202
-0.627280
-0.627515
-0.627828
-0.628454
-0.628532
-0.628923
-0.629158
-0.629706
-0.629628
-0.629706
-0.630176
-0.631115
-0.631350
-0.631819
-0.632211
-0.632680
-0.632759
-0.633072
-0.633463
-0.633620
-0.634011
-0.634559
-0.634794
-0.634950
-0.635342
-0.635811
-0.636281
-0.636594
-0.636594
-0.637064
-0.637377
-0.637611
-0.637924
-0.638551
-0.638472
-0.638864
-0.639333
-0.639255
-0.639881
-0.640351
-0.640429
-0.640742
-0.640977
-0.641212
-0.641525
-0.641760
-0.642229
-0.642308
-0.643169
-0.643325
-0.643560
-0.644030
-0.644343
-0.644577
-0.645047
-0.645360
-0.645517
-0.646065
-0.646221
-0.646378
-0.646612
-0.646926
-0.647552
-0.647708
-0.648100
-0.648256
-0.648726
-0.649195
-0.649900
-0.649900
-0.650056
-0.650369
-0.650761
-0.651074
-0.651465
-0.651309
-0.652091
-0.652404
-0.652874
-0.652796
-0.653344
-0.653657
-0.654048
-0.654283
-0.654518
-0.654752
-0.655379
-0.655535
-0.656240
-0.656396
-0.656787
-0.657022
-0.657414
-0.657727
-0.657805
-0.658431
-0.658666
-0.658901
-0.659214
-0.659527
-0.659918
-0.660153
-0.660466
-0.660936
-0.661171
-0.661797
-0.661953
-0.662188
-0.662658
-0.662814
-0.663284
-0.663440
-0.663754
-0.664067
-0.664301
-0.665084
-0.665241
-0.665710
-0.665945
-0.666102
-0.666415
-0.666806
-0.667276
-0.667432
-0.667589
-0.668371
-0.668450
-0.668841
-0.669154
-0.669389
-0.669702
-0.670093
-0.670720
-0.670954
-0.670954
-0.671111
-0.671580
-0.671815
-0.672207
-0.672363
-0.673146
-0.673302
-0.673537
-0.674007
-0.674085
-0.674790
-0.674711
-0.675103
-0.675181
-0.675416
-0.675964
-0.676433
-0.676903
-0.677059
-0.677138
-0.677686
-0.678312
-0.678468
-0.679016
-0.679329
-0.679486
-0.679877
-0.680347
-0.680660
-0.681208
-0.681756
-0.681834
-0.682069
-0.682617
-0.682930
-0.683164
-0.683869
-0.683712
-0.684025
-0.684338
-0.684573
-0.684886
