-0.534687
-0.535000
-0.535313
-0.535782
-0.535939
-0.536095
-0.536409
-0.536643
-0.536956
-0.537270
-0.537661
-0.537661
-0.537896
-0.538444
-0.538522
-0.538913
-0.539226
-0.539539
-0.539696
-0.539931
-0.540244
-0.540479
-0.540870
-0.540948
-0.541105
-0.541496
-0.541809
-0.542279
-0.542435
-0.542983
-0.543218
-0.543296
-0.543531
-0.544001
-0.544001
-0.544236
-0.544549
-0.545253
-0.545175
-0.545488
-0.546036
-0.546114
-0.546662
-0.546975
-0.546975
-0.547366
-0.547601
-0.547992
-0.548306
-0.548306
-0.548775
-0.548932
-0.549167
-0.549480
-0.549558
-0.550184
-0.550419
-0.550654
-0.550967
-0.551280
-0.551671
-0.552141
-0.552141
-0.552297
-0.552689
-0.553002
-0.553471
-0.553706
-0.553941
-0.554098
-0.554724
-0.554724
-0.554958
-0.555272
-0.555585
-0.555898
-0.555976
-0.556211
-0.556524
-0.556759
-0.557150
-0.557307
-0.557776
-0.558011
-0.558246
-0.558559
-0.558794
-0.559029
-0.559342
-0.559576
-0.559811
-0.560281
-0.560829
-0.560907
-0.561455
-0.561533
-0.561690
-0.562316
-0.562864
-0.562942
-0.563568
-0.563568
-0.563725
-0.564194
-0.564507
-0.564429
-0.564820
-0.565134
-0.565368
-0.565681
-0.565916
-0.566073
-0.566699
-0.566856
-0.567247
-0.567325
-0.567716
-0.567482
-0.568108
-0.568656
-0.568812
-0.569438
-0.569438
-0.569595
-0.569986
-0.570378
-0.570769
-0.571004
-0.571395
-0.571787
-0.571943
-0.572334
-0.572647
-0.572882
-0.573039
-0.573665
-0.573587
-0.574135
-0.574135
-0.574526
-0.574839
-0.575152
-0.575230
-0.575465
-0.576013
-0.576326
-0.576326
-0.576952
-0.577187
-0.577344
-0.577657
-0.578283
-0.578439
-0.578831
-0.578909
-0.578987
-0.579770
-0.579927
-0.580161
-0.580474
-0.580631
-0.581179
-0.581179
-0.581570
-0.582196
-0.582196
-0.582431
-0.582744
-0.583214
-0.583527
-0.583684
-0.583918
-0.584466
-0.584466
-0.584623
-0.585484
-0.585640
-0.585719
-0.586188
-0.586658
-0.586814
-0.587127
-0.587362
-0.587519
-0.587832
-0.588223
-0.588615
-0.588928
-0.589319
-0.589632
-0.589789
-0.590023
-0.590493
-0.590650
-0.591119
-0.591354
-0.591745
-0.591824
-0.591980
-0.592058
-0.592685
-0.593076
-0.593232
-0.593546
-0.593702
-0.594015
-0.594328
-0.594563
-0.594720
-0.595346
-0.595815
-0.596207
-0.596363
-0.596676
-0.596755
-0.597068
-0.597772
-0.597929
-0.598242
-0.598633
-0.598946
-0.599181
-0.599416
-0.600120
-0.600042
-0.600433
-0.600590
-0.600981
-0.601451
-0.601764
-0.602077
-0.602312
-0.602938
-0.603329
-0.603564
-0.603721
-0.604034
-0.604112
-0.604503
-0.604660
-0.605051
-0.605286
-0.605677
-0.606069
-0.606303
-0.606303
-0.606773
-0.607243
-0.607243
-0.607791
-0.608495
-0.608730
-0.608573
-0.609043
-0.609121
-0.609513
-0.609747
-0.610139
-0.610452
-0.610687
-0.611000
-0.611391
-0.611391
-0.611861
-0.612330
-0.612487
-0.612722
-0.613113
-0.613269
-0.613739
-0.613739
-0.614287
-0.614287
-0.614835
-0.614835
-0.614991
-0.615618
-0.616009
-0.616165
-0.616557
-0.617026
-0.617183
-0.617653
-0.617887
-0.618044
-0.618044
-0.618748
-0.618592
-0.618905
-0.619296
-0.619453
-0.619688
-0.620157
-0.620392
-0.620705
-0.621175
-0.621566
-0.621879
-0.621644
-0.622271
-0.622505
-0.622897
-0.623288
-0.623445
-0.623601
-0.624071
-0.624540
-0.624697
-0.625088
-0.625480
-0.625558
-0.625871
-0.625949
-0.626575
-0.626341
-0.626967
-0.627436
-0.627828
-0.627906
-0.628297
-0.628767
-0.629080
-0.629158
-0.629706
-0.630097
-0.630332
-0.630332
-0.630411
-0.630802
-0.630880
-0.631272
-0.631663
-0.632054
-0.632289
-0.632524
-0.632759
-0.633307
-0.633463
-0.633620
-0.634168
-0.634011
-0.634715
-0.634950
-0.635107
-0.635498
-0.635889
-0.636046
-0.636516
-0.636829
-0.636985
-0.637064
-0.637611
-0.637611
-0.638238
-0.638551
-0.638707
-0.638785
-0.639020
-0.639568
-0.639959
-0.640116
-0.640507
-0.640977
-0.641368
-0.641134
-0.641681
-0.641995
-0.642621
-0.642464
-0.642934
-0.642934
-0.643169
-0.643482
-0.644108
-0.644499
-0.644577
-0.644890
-0.645125
-0.645360
-0.645438
-0.645986
-0.645986
-0.646221
-0.646691
-0.647239
-0.647160
-0.647630
-0.647786
-0.648178
-0.648413
-0.648647
-0.648882
-0.649274
-0.649587
-0.649743
-0.650135
-0.650604
-0.651074
-0.651387
-0.651465
-0.651778
-0.651778
-0.652248
-0.652639
-0.653031
-0.653422
-0.653500
-0.653813
-0.654048
-0.654361
-0.654439
-0.654831
-0.655379
-0.655535
-0.655770
-0.655927
-0.656240
-0.656709
-0.656944
-0.657257
-0.657101
-0.657414
-0.657414
-0.657257
-0.657414
-0.657492
-0.657492
-0.657022
-0.657492
-0.657257
-0.656631
-0.656866
-0.656787
-0.656631
-0.656240
-0.656161
-0.656083
-0.655848
-0.655770
-0.655457
-0.655300
-0.654752
-0.654674
-0.654518
-0.654048
-0.653892
-0.653422
-0.653187
-0.652639
-0.652639
-0.652404
-0.652170
-0.651856
-0.651465
-0.651309
-0.650761
-0.650604
-0.650369
-0.649978
-0.649665
-0.649274
-0.648804
-0.648647
-0.648413
-0.648021
-0.647630
-0.647317
-0.646926
-0.646926
-0.646143
-0.645830
-0.645282
-0.645204
-0.644890
-0.644577
-0.644264
-0.644264
-0.643560
-0.643247
-0.642934
-0.642699
-0.642386
-0.642229
-0.641681
-0.641603
-0.641134
-0.640664
-0.640273
-0.640038
-0.639568
-0.639255
-0.638942
-0.638629
-0.638159
-0.638081
-0.637846
-0.637298
-0.637064
-0.636359
-0.636359
-0.635655
-0.635576
-0.634950
-0.634950
-0.634402
-0.634168
-0.634011
-0.633385
-0.633150
-0.632993
-0.632915
-0.632446
-0.631898
-0.631506
-0.631585
-0.631428
-0.631037
-0.630489
-0.630097
-0.630019
-0.629628
-0.629080
-0.628689
-0.628610
-0.628141
-0.627828
-0.627515
-0.627202
-0.626575
-0.626654
-0.626027
-0.625871
-0.625401
-0.625245
-0.624697
-0.624540
-0.624384
-0.623992
-0.623758
-0.623445
-0.622975
-0.622584
-0.622427
-0.621879
-0.621644
-0.621253
-0.621175
-0.620314
-0.619688
-0.619766
-0.619296
-0.618983
-0.618592
-0.618357
-0.618200
-0.617809
-0.617340
-0.617105
-0.616713
-0.616165
-0.616087
-0.615852
-0.615461
-0.615305
-0.614835
-0.614678
-0.614209
-0.613896
-0.613583
-0.613269
-0.612878
-0.612643
-0.612017
-0.612017
-0.611469
-0.610921
-0.610921
-0.610530
-0.610139
-0.609982
-0.609669
-0.609434
-0.609121
-0.608808
-0.608182
-0.608182
-0.607869
-0.607556
-0.607243
-0.607008
-0.606460
-0.606538
-0.606069
-0.605521
-0.605051
-0.604738
-0.604816
-0.604425
-0.604190
-0.603564
-0.603329
-0.603016
-0.602781
-0.602468
-0.602077
-0.601842
-0.601372
-0.601216
-0.600590
-0.600277
-0.599729
-0.599337
-0.599103
-0.598790
-0.598398
-0.598163
-0.597772
-0.597302
-0.596833
-0.596520
-0.596363
-0.595894
-0.595659
-0.595424
-0.594876
-0.594798
-0.594250
-0.593937
-0.593389
-0.593154
-0.592919
-0.592450
-0.591902
-0.591902
-0.591745
-0.591354
-0.590806
-0.590650
-0.590180
-0.589710
-0.589554
-0.589475
-0.589006
-0.588458
-0.588615
-0.587832
-0.587362
-0.587049
-0.586971
-0.586501
-0.586501
-0.585875
-0.585484
-0.585171
-0.584779
-0.584701
-0.584623
-0.583997
-0.583605
-0.583214
-0.582666
-0.582744
-0.582353
-0.582040
-0.581648
-0.581414
-0.580944
-0.580396
-0.579848
-0.579457
-0.579300
-0.578909
-0.579066
-0.578518
-0.578126
-0.577813
-0.577422
-0.577187
-0.576874
-0.576639
-0.576091
-0.575857
-0.575543
-0.575309
-0.574761
-0.574448
-0.574213
-0.573900
-0.573117
-0.573352
-0.573195
-0.572647
-0.571865
-0.572021
-0.571787
-0.571395
-0.570926
-0.570456
-0.570299
-0.570143
-0.569751
-0.569438
-0.569047
-0.568812
-0.568421
-0.568030
-0.567873
-0.567716
-0.567090
-0.566777
-0.566621
-0.566229
-0.565760
-0.565368
-0.564899
-0.564586
-0.564038
-0.563803
-0.563568
-0.563177
-0.562864
-0.562942
-0.562316
-0.562159
-0.561925
-0.561220
-0.561142
-0.560516
-0.559811
-0.559498
-0.559185
-0.558872
-0.558559
-0.558168
-0.557776
-0.557620
-0.557072
-0.556759
-0.556211
-0.556289
-0.555663
-0.555741
-0.555428
-0.554880
-0.554332
-0.554411
-0.554098
-0.553628
-0.553158
-0.553237
-0.552532
-0.552376
-0.551984
-0.551436
-0.551202
-0.550888
-0.550575
-0.550262
-0.550027
-0.549636
-0.549636
-0.549088
-0.548932
-0.548384
-0.547992
-0.547679
-0.547679
-0.547132
-0.546740
-0.546584
-0.546427
-0.545879
-0.545410
-0.545175
-0.545018
-0.544783
-0.544236
-0.543844
-0.543844
-0.543296
-0.542827
-0.542592
-0.542122
-0.541653
-0.542044
-0.541496
-0.540870
-0.540713
-0.540244
-0.539774
-0.539539
-0.539070
-0.539461
-0.538444
-0.538209
-0.537974
-0.537583
-0.537270
-0.536956
-0.536565
-0.536252
-0.536252
-0.535861
-0.535469
-0.535156
-0.535000
-0.534530
-0.534060
-0.533826
-0.533591
-0.533356
-0.532965
-0.532965
-0.532495
-0.532025
-0.531556
-0.531556
-0.530930
-0.530617
-0.530460
-0.530069
-0.529677
-0.529364
-0.528973
-0.528582
-0.528190
-0.528034
-0.527642
-0.527173
-0.526703
-0.526625
-0.526077
-0.525842
-0.525451
-0.524903
-0.524590
-0.524433
-0.523885
-0.523729
-0.523181
-0.522946
-0.522633
-0.522477
-0.522163
-0.521772
-0.521459
-0.521224
-0.520755
-0.520442
-0.520128
-0.519424
-0.519111
-0.518954
-0.518641
-0.518093
-0.517937
-0.517624
-0.517311
-0.516841
-0.516371
-0.516371
-0.515980
-0.515432
-0.515197
-0.515041
-0.514728
-0.514180
-0.514023
-0.513476
-0.513397
-0.512928
-0.512615
-0.512145
-0.511988
-0.511597
-0.511440
-0.511127
-0.510971
-0.510423
-0.510032
-0.509719
-0.509405
-0.509014
-0.508623
-0.508310
-0.508231
-0.507762
-0.507527
-0.507214
-0.507057
-0.506431
-0.506196
-0.506118
-0.505649
-0.505570
-0.505101
-0.504474
-0.504474
-0.504083
-0.503927
-0.503379
-0.503535
-0.502909
-0.502674
-0.502048
-0.501735
-0.501500
-0.501031
-0.500639
-0.500639
-0.500091
-0.499465
-0.499465
-0.499230
-0.498761
-0.498213
-0.498369
-0.497822
-0.497430
-0.496882
-0.496726
-0.496491
-0.496100
-0.496021
-0.495552
-0.495395
-0.494769
-0.494612
-0.493830
-0.493986
-0.493595
-0.493438
-0.492891
-0.492499
-0.492577
-0.492186
-0.491873
-0.491482
-0.491012
-0.490699
-0.490308
-0.489995
-0.489525
-0.489134
-0.488586
-0.488351
-0.488273
-0.487960
-0.487412
-0.487490
-0.487177
-0.486629
-0.486394
-0.486003
-0.485846
-0.485533
-0.485298
-0.484750
-0.484359
-0.484281
-0.484124
-0.483655
-0.483420
-0.483107
-0.482950
-0.482559
-0.482089
-0.481776
-0.481385
-0.481150
-0.480524
-0.480289
-0.480054
-0.480133
-0.479350
-0.479350
-0.478567
-0.478411
-0.478098
-0.477784
-0.477315
-0.477237
-0.476845
-0.476532
-0.476141
-0.475906
-0.475749
-0.474967
-0.474888
-0.474654
-0.474497
-0.473793
-0.473636
-0.473401
-0.472932
-0.472697
-0.472462
-0.472149
-0.471836
-0.471288
-0.471288
-0.470975
-0.470271
-0.470349
-0.469801
-0.469410
-0.469097
-0.468940
-0.468862
-0.468314
-0.468236
-0.467609
-0.467296
-0.467062
-0.466748
-0.466514
-0.466201
-0.465731
-0.465574
-0.465183
-0.465027
-0.464635
-0.464322
-0.463931
-0.463618
-0.463226
-0.463070
-0.462600
-0.462444
-0.462052
-0.461583
-0.461504
-0.461270
-0.460800
-0.460487
-0.460252
-0.460017
-0.459704
-0.459235
-0.459313
-0.458687
-0.458452
-0.458217
-0.457904
-0.457513
-0.457043
-0.457043
-0.456652
-0.456495
-0.455869
-0.455399
-0.455243
-0.455165
-0.454773
-0.454538
-0.453990
-0.453834
-0.453443
-0.453208
-0.452738
-0.452503
-0.452112
-0.451955
-0.451877
-0.451408
-0.450860
-0.450781
-0.450468
-0.450155
-0.449764
-0.449607
-0.449216
-0.448825
-0.448512
-0.448355
-0.448042
-0.447651
-0.447416
-0.446946
-0.447024
-0.446633
-0.446163
-0.445694
-0.445616
-0.445146
-0.444833
-0.444442
-0.444050
-0.443894
-0.443424
-0.443267
-0.442954
-0.442641
-0.442485
-0.442093
-0.441780
-0.440919
-0.440685
-0.440137
-0.440293
-0.439824
-0.439197
-0.438650
-0.438650
-0.438650
-0.438493
-0.437945
-0.437476
-0.436849
-0.436849
-0.436693
-0.436301
-0.435988
-0.435597
-0.435284
-0.434971
-0.434736
-0.434266
-0.434188
-0.434032
-0.433484
-0.433171
-0.432779
-0.432466
-0.432075
-0.431605
-0.431449
-0.431057
-0.430588
-0.430431
-0.430040
-0.429727
-0.429570
-0.429257
-0.429022
-0.428866
-0.428475
-0.427770
-0.427535
-0.427457
-0.427066
-0.426596
-0.426439
-0.426126
-0.425892
-0.425265
-0.425265
-0.425109
-0.424404
-0.423857
-0.423778
-0.423544
-0.423152
-0.422683
-0.422448
-0.422291
-0.421978
-0.421900
-0.421274
-0.420882
-0.420256
-0.420178
-0.420100
-0.419473
-0.419317
-0.418613
-0.418378
-0.418534
-0.418221
-0.417986
-0.417438
-0.416969
-0.416734
-0.416499
-0.415951
-0.415873
-0.415560
-0.415247
-0.414542
-0.414386
-0.413995
-0.413916
-0.413603
-0.413447
-0.413290
-0.412821
-0.412507
-0.412194
-0.411960
-0.411803
-0.410786
-0.410707
-0.410551
-0.410003
-0.409690
-0.409220
-0.408829
-0.408516
-0.408203
-0.407890
-0.407576
-0.407498
-0.407029
-0.406794
-0.406402
-0.405933
-0.405620
-0.405541
-0.405072
-0.404759
-0.404680
-0.404524
-0.403976
-0.403741
-0.403506
-0.403193
-0.402880
-0.402332
-0.401863
-0.401315
-0.401315
-0.400924
-0.400532
-0.400297
-0.399906
-0.399436
-0.399280
-0.398810
-0.398575
-0.398262
-0.398262
-0.397636
-0.397167
-0.397010
-0.397010
-0.396540
-0.396227
-0.396071
-0.395679
-0.395288
-0.395288
-0.394505
-0.394349
-0.394349
-0.393879
-0.393801
-0.393331
-0.393097
-0.392940
-0.392470
-0.392236
-0.391688
-0.391766
-0.390748
-0.390827
-0.390514
-0.390044
-0.389888
-0.389653
-0.389183
-0.388792
-0.388635
-0.388322
-0.387931
-0.387696
-0.387383
-0.386835
-0.386522
-0.386444
-0.386131
-0.385661
-0.385348
-0.385035
-0.384643
-0.384722
-0.384174
-0.384252
-0.383939
-0.383704
-0.383626
-0.383078
-0.382765
-0.382608
-0.382452
-0.382061
-0.381591
-0.381121
-0.380886
-0.380495
-0.380260
-0.379947
-0.379634
-0.379634
-0.379478
-0.378538
-0.378617
-0.378147
-0.377677
-0.377599
-0.377364
-0.377051
-0.376660
-0.376425
-0.376347
-0.375955
-0.375564
-0.375329
-0.374938
-0.374703
-0.374155
-0.373999
-0.373607
-0.373138
-0.373059
-0.372825
-0.372355
-0.372277
-0.372120
-0.371729
-0.371416
-0.370946
-0.370320
-0.370242
-0.369694
-0.369616
-0.369459
-0.369068
-0.368598
-0.368520
-0.368285
-0.368050
-0.367659
-0.367659
-0.367189
-0.366641
-0.366641
-0.365937
-0.365467
-0.365624
-0.365154
-0.364841
-0.364606
-0.364137
-0.363902
-0.363980
-0.363824
-0.363511
-0.362806
-0.362963
-0.362650
-0.362258
-0.362102
-0.361397
-0.361006
-0.360615
-0.360458
-0.359910
-0.359284
-0.359206
-0.358736
-0.358501
-0.358267
-0.358032
-0.357875
-0.357562
-0.357171
-0.357092
-0.356701
-0.356231
-0.356310
-0.355605
-0.355292
-0.355136
-0.354823
-0.354510
-0.354275
-0.353962
-0.353649
-0.353414
-0.353179
-0.352944
-0.352709
-0.352083
-0.351770
-0.352005
-0.351379
-0.350987
-0.350753
-0.350518
-0.349892
-0.349579
-0.349500
-0.349500
-0.349031
-0.348483
-0.348561
-0.348326
-0.347935
-0.347544
-0.346996
-0.346683
-0.346369
-0.345978
-0.345978
-0.345430
-0.345195
-0.344804
-0.344491
-0.344334
-0.344100
-0.343708
-0.343317
-0.343082
-0.342926
-0.342691
-0.342456
-0.342221
-0.341830
-0.341908
-0.341360
-0.340891
-0.340656
-0.340421
-0.340264
-0.339717
-0.339638
-0.339247
-0.338621
-0.338464
-0.338151
-0.338073
-0.337760
-0.337447
-0.337134
-0.336899
-0.336429
-0.336429
-0.335803
-0.335725
-0.335333
-0.335333
-0.334942
-0.334629
-0.334316
-0.334081
-0.334003
-0.333455
-0.333298
-0.332829
-0.332907
-0.332281
-0.332046
-0.331968
-0.331498
-0.331107
-0.330794
-0.330716
-0.330246
-0.329855
-0.329620
-0.329463
-0.328915
-0.328602
-0.328446
-0.328133
-0.327663
-0.327585
-0.327585
-0.327193
-0.326802
-0.326646
-0.326254
-0.325706
-0.325471
-0.325237
-0.325237
-0.324689
-0.324689
-0.324219
-0.323906
-0.323515
-0.323358
-0.323671
-0.322732
-0.322654
-0.322419
-0.322028
-0.321793
-0.321401
-0.321323
-0.320775
-0.320775
-0.320384
-0.319679
-0.319679
-0.319366
-0.319053
-0.318584
-0.318505
-0.318192
-0.317879
-0.317566
-0.317175
-0.316940
-0.316784
-0.316549
-0.316236
-0.316157
-0.315766
-0.315453
-0.315140
-0.314905
-0.314592
-0.314435
-0.314044
-0.313809
-0.313496
-0.313261
-0.313261
-0.312870
-0.312244
-0.312166
-0.312009
-0.311539
-0.311383
-0.310913
-0.310365
-0.310365
-0.310052
-0.309896
-0.309583
-0.309270
-0.309035
-0.308878
-0.308330
-0.308096
-0.308330
-0.307861
-0.307313
-0.307078
-0.306687
-0.306452
-0.306452
-0.305904
-0.305826
-0.305513
-0.305121
-0.304808
-0.304573
-0.304182
-0.304182
-0.304104
-0.303399
-0.303165
-0.302930
-0.302617
-0.302460
-0.302069
-0.301991
-0.301286
-0.301443
-0.300973
-0.300738
-0.300269
-0.300112
-0.299721
-0.299642
-0.299329
-0.298781
-0.298547
-0.298468
-0.297999
-0.297764
-0.297451
-0.297138
-0.296981
-0.296668
-0.296433
-0.296199
-0.295885
-0.295651
-0.295259
-0.295025
-0.294790
-0.294711
-0.294555
-0.294164
-0.293850
-0.293616
-0.293459
-0.292833
-0.292598
-0.292520
-0.292207
-0.291815
-0.291581
-0.291424
-0.291111
-0.290954
-0.290641
-0.290563
-0.290094
-0.289702
-0.289624
-0.289154
-0.288528
-0.288685
-0.288528
-0.288137
-0.287980
-0.287824
-0.287511
-0.286963
-0.286728
-0.286806
-0.286337
-0.286258
-0.285945
-0.285554
-0.285397
-0.285241
-0.284928
-0.284536
-0.284145
-0.284067
-0.283754
-0.283519
-0.283128
-0.282893
-0.282501
-0.282423
-0.282032
-0.281719
-0.281406
-0.281014
-0.280779
-0.280545
-0.280153
-0.279840
-0.279605
-0.278979
-0.278979
-0.278666
-0.278666
-0.278353
-0.278275
-0.277805
-0.277805
-0.277414
-0.277022
-0.276866
-0.276631
-0.276083
-0.275770
-0.275770
-0.275927
-0.275457
-0.275301
-0.274831
-0.274831
-0.274440
-0.274205
-0.274126
-0.273579
-0.273344
-0.273266
-0.272952
-0.272483
-0.271935
-0.272170
-0.272091
-0.271857
-0.271700
-0.271465
-0.270917
-0.270370
-0.270370
-0.270056
-0.269978
-0.269509
-0.269352
-0.269195
-0.268961
-0.268726
-0.268335
-0.267787
-0.267943
-0.267395
-0.267239
-0.267004
-0.266613
-0.266456
-0.266456
-0.266221
-0.266143
-0.265673
-0.265673
-0.265204
-0.264812
-0.264812
-0.264343
-0.264186
-0.263717
-0.263795
-0.263482
-0.263247
-0.263090
-0.263325
-0.262934
-0.262229
-0.261760
-0.261682
-0.261368
-0.261134
-0.260742
-0.260742
-0.260586
-0.260586
-0.260038
-0.259803
-0.259803
-0.259647
-0.259177
-0.259020
-0.258629
-0.258707
-0.257925
-0.258081
-0.257690
-0.257455
-0.257220
-0.257064
-0.256829
-0.256751
-0.256516
-0.255968
-0.255811
-0.255420
-0.255420
-0.255342
-0.254872
-0.254872
-0.254637
-0.254246
-0.254324
-0.253933
-0.253698
-0.253072
-0.252994
-0.252681
-0.252524
-0.252446
-0.252133
-0.251741
-0.251663
-0.251428
-0.251115
-0.250880
-0.250646
-0.250567
-0.249941
-0.249941
-0.249863
-0.249550
-0.249315
-0.249002
-0.248767
-0.248611
-0.248219
-0.248141
-0.247906
-0.247671
-0.247280
-0.247045
-0.246967
-0.246810
-0.246732
-0.246576
-0.246341
-0.246106
-0.245558
-0.245636
-0.245401
-0.244775
-0.244619
-0.244697
-0.244149
-0.244071
-0.243993
-0.243914
-0.243523
-0.243366
-0.243132
-0.242897
-0.242662
-0.242584
-0.242192
-0.242114
-0.242114
-0.241566
-0.241097
-0.241018
-0.241097
-0.240862
-0.240549
-0.240236
-0.239688
-0.239375
-0.239140
-0.238983
-0.238749
-0.238670
-0.238357
-0.238357
-0.238201
-0.237888
-0.237809
-0.237496
-0.237027
-0.237418
-0.237027
-0.236792
-0.236400
-0.236244
-0.236009
-0.235931
-0.235618
-0.235461
-0.235383
-0.234835
-0.234678
-0.234678
-0.234444
-0.234131
-0.234209
-0.233818
-0.233661
-0.233739
-0.233348
-0.233113
-0.232957
-0.232643
-0.232409
-0.232565
-0.232017
-0.231861
-0.231626
-0.231548
-0.231156
-0.230922
-0.231078
-0.231000
-0.230608
-0.230452
-0.230530
-0.230139
-0.229826
-0.229591
-0.229356
-0.229200
-0.228965
-0.229043
-0.228652
-0.228573
-0.228182
-0.228260
-0.227869
-0.227399
-0.227556
-0.227399
-0.226930
-0.226930
-0.226930
-0.226852
-0.226460
-0.226460
-0.226147
-0.225912
-0.225912
-0.225521
-0.225599
-0.225286
-0.225208
-0.224895
-0.224660
-0.224425
-0.224347
-0.224112
-0.223721
-0.224112
-0.223721
-0.223564
-0.223251
-0.223173
-0.223095
-0.222860
-0.222781
-0.222312
-0.222468
-0.222312
-0.221999
-0.221764
-0.221764
-0.221451
-0.221060
-0.220981
-0.220746
-0.220590
-0.220355
-0.220277
-0.220120
-0.220120
-0.219964
-0.219651
-0.219494
-0.219025
-0.218946
-0.218946
-0.218633
-0.218790
-0.218555
-0.218164
-0.218085
-0.218085
-0.217850
-0.218085
-0.217303
-0.217381
-0.217303
-0.217303
-0.216990
-0.216755
-0.216755
-0.216520
-0.216207
-0.216129
-0.215894
-0.215972
-0.215581
-0.215268
-0.215268
-0.215268
-0.214955
-0.214955
-0.214798
-0.214641
-0.214563
-0.214641
-0.214641
-0.214094
-0.214094
-0.214094
-0.213624
-0.213467
-0.213546
-0.213154
-0.212841
-0.212998
-0.212685
-0.212685
-0.212528
-0.212528
-0.212215
-0.212215
-0.212215
-0.211980
-0.211667
-0.211589
-0.211511
-0.211511
-0.211354
-0.211119
-0.211041
-0.210650
-0.210728
-0.210571
-0.210728
-0.210337
-0.210337
-0.210415
-0.210180
-0.209945
-0.210337
-0.210102
-0.209554
-0.209163
-0.209163
-0.209084
-0.209084
-0.208849
-0.209006
-0.208849
-0.208693
-0.208693
-0.208458
-0.208380
-0.208145
-0.207989
-0.208067
-0.207754
-0.207597
-0.207910
-0.207519
-0.207597
-0.207519
-0.207754
-0.207284
-0.207519
-0.207049
-0.206971
-0.206814
-0.206971
-0.206658
-0.206580
-0.206423
-0.206501
-0.206267
-0.206188
-0.206267
-0.205953
-0.205719
-0.205327
-0.205719
-0.205484
-0.205249
-0.205484
-0.205327
-0.205406
-0.205406
-0.205093
-0.205014
-0.204701
-0.204779
-0.204545
-0.204779
-0.204388
-0.204232
-0.204701
-0.204545
-0.204623
-0.204466
-0.203918
-0.203840
-0.203918
-0.203762
-0.203840
-0.203918
-0.203762
-0.203762
-0.203997
-0.203840
-0.203605
-0.203840
-0.203527
-0.203214
-0.203214
-0.203214
-0.202979
-0.202823
-0.202979
-0.203214
-0.203136
-0.203058
-0.203136
-0.202901
-0.202588
-0.202901
-0.202901
-0.202588
-0.202666
-0.202666
-0.202666
-0.202666
-0.202666
-0.202744
-0.202353
-0.202510
-0.202353
-0.202275
-0.202197
-0.201883
-0.201570
-0.202118
-0.202353
-0.202040
-0.202275
-0.202275
-0.202040
-0.201727
-0.201962
-0.201727
-0.201649
-0.201492
-0.201649
-0.202040
-0.201649
-0.201570
-0.201179
-0.201492
-0.201492
-0.201414
-0.201492
-0.201336
-0.201101
-0.201414
-0.201805
-0.201805
-0.201649
-0.201727
-0.201492
-0.201414
-0.201336
-0.201805
-0.201649
-0.201649
-0.201649
-0.202040
-0.202118
-0.202197
-0.202353
-0.201883
-0.201962
-0.201649
-0.201805
-0.201805
-0.202118
-0.202040
-0.201962
-0.202197
-0.202040
-0.202118
-0.202118
-0.202197
-0.202040
-0.201962
-0.201883
-0.202118
-0.201883
-0.201883
-0.202040
-0.201962
-0.201883
-0.202431
-0.202353
-0.202353
-0.201649
-0.201883
-0.201883
-0.202118
-0.201883
-0.202040
-0.201962
-0.202353
-0.202588
-0.202275
-0.202275
-0.202353
-0.202510
-0.202588
-0.202431
-0.202588
-0.202510
-0.202588
-0.202510
-0.202666
-0.202823
-0.202901
-0.202823
-0.202510
-0.202666
-0.202666
-0.202666
-0.202823
-0.202823
-0.202823
-0.203214
-0.203058
-0.203136
-0.202979
-0.203058
-0.203058
-0.203214
-0.203292
-0.203449
-0.203449
-0.203605
-0.203605
-0.203684
-0.203762
-0.203684
-0.203449
-0.203762
-0.203527
-0.203840
-0.203605
-0.203997
-0.203997
-0.204075
-0.204153
-0.204232
-0.204075
-0.204232
-0.204310
-0.204310
-0.204466
-0.204701
-0.204466
-0.204623
-0.204701
-0.204936
-0.204623
-0.204701
-0.204779
-0.204623
-0.204545
-0.205093
-0.205249
-0.205249
-0.205249
-0.205562
-0.205562
-0.205640
-0.205327
-0.205327
-0.205484
-0.205484
-0.205562
-0.205875
-0.205953
-0.205797
-0.206188
-0.206188
-0.205953
-0.206345
-0.206110
-0.206188
-0.206423
-0.206736
-0.206345
-0.206423
-0.206580
-0.206658
-0.206658
-0.206971
-0.206658
-0.206423
-0.206658
-0.206814
-0.206893
-0.207284
-0.207128
-0.206814
-0.207206
-0.207362
-0.207284
-0.207206
-0.207284
-0.207441
-0.207675
-0.207910
-0.207910
-0.207675
-0.207989
-0.208067
-0.207910
-0.208067
-0.208223
-0.208067
-0.207989
-0.208302
-0.208302
-0.208223
-0.208380
-0.208380
-0.208380
-0.208302
-0.208536
-0.208380
-0.208380
-0.208458
-0.208536
-0.208771
-0.208615
-0.208928
-0.208771
-0.208615
-0.208928
-0.208693
-0.209006
-0.209084
-0.209163
-0.209241
-0.209397
-0.209476
-0.209397
-0.209241
-0.209476
-0.209319
-0.209632
-0.209476
-0.209397
-0.209319
-0.209554
-0.209710
-0.209710
-0.209397
-0.209554
-0.209554
-0.209319
-0.209476
-0.209710
-0.209632
-0.209867
-0.209710
-0.209789
-0.209789
-0.209710
-0.209632
-0.209632
-0.209554
-0.209789
-0.210024
-0.209789
-0.209397
-0.209867
-0.209632
-0.210102
-0.210102
-0.209945
-0.209945
-0.209632
-0.209867
-0.209789
-0.210180
-0.209632
-0.209867
-0.209789
-0.209789
-0.209789
-0.209710
-0.209476
-0.209397
-0.209319
-0.209319
-0.209319
-0.209554
-0.209476
-0.209632
-0.209241
-0.209476
-0.208928
-0.209006
-0.208928
-0.208771
-0.208849
-0.208849
-0.208536
-0.208849
-0.208536
-0.208536
-0.208693
-0.208380
-0.208145
-0.208302
-0.208067
-0.208067
-0.208067
-0.208067
-0.207675
-0.207675
-0.207597
-0.207284
-0.207206
-0.207441
-0.207206
-0.207206
-0.206658
-0.206893
-0.206814
-0.206736
-0.206814
-0.206501
-0.206501
-0.206032
-0.205875
-0.206032
-0.205797
-0.205640
-0.205562
-0.205249
-0.205171
-0.204936
-0.204701
-0.204858
-0.204388
-0.204153
-0.203997
-0.203605
-0.203762
-0.203371
-0.203449
-0.203527
-0.203292
-0.202979
-0.202666
-0.202510
-0.202275
-0.201962
-0.201570
-0.201336
-0.201179
-0.200944
-0.200631
-0.200709
-0.200240
-0.199848
-0.199379
-0.198753
-0.198753
-0.198205
-0.198205
-0.198127
-0.197735
-0.197500
-0.196796
-0.196952
-0.196718
-0.196170
-0.196013
-0.195622
-0.195309
-0.195152
-0.194683
-0.194135
-0.194213
-0.194056
-0.193509
-0.193274
-0.192804
-0.192413
-0.192100
-0.191943
-0.191708
-0.191395
-0.190847
-0.190613
-0.190613
-0.190065
-0.189673
-0.189282
-0.188891
-0.188421
-0.187873
-0.187717
-0.187325
-0.187012
-0.186856
-0.186308
-0.185916
-0.185290
-0.184899
-0.184664
-0.184038
-0.183803
-0.183412
-0.183099
-0.182707
-0.182316
-0.181925
-0.181690
-0.180829
-0.180124
-0.179890
-0.179498
-0.178950
-0.178637
-0.177933
-0.177933
-0.177698
-0.177307
-0.176446
-0.175976
-0.175272
-0.174802
-0.174724
-0.174254
-0.173785
-0.173080
-0.172845
-0.172454
-0.171750
-0.171123
-0.170576
-0.169793
-0.169480
-0.168854
-0.168384
-0.167758
-0.167288
-0.166975
-0.166662
-0.165958
-0.165253
-0.164236
-0.164157
-0.163453
-0.162983
-0.162435
-0.161966
-0.161809
-0.161418
-0.160400
-0.159539
-0.158365
-0.157974
-0.157191
-0.156957
-0.156330
-0.155861
-0.155469
-0.155156
-0.154765
-0.154061
-0.153200
-0.152573
-0.151713
-0.151165
-0.150460
-0.149991
-0.149364
-0.149130
-0.148503
-0.148034
-0.147486
-0.146390
-0.145764
-0.145294
-0.144668
-0.143807
-0.143181
-0.142946
-0.142398
-0.141929
-0.141068
-0.139737
-0.139111
-0.138720
-0.137937
-0.137546
-0.136841
-0.136450
-0.135824
-0.135354
-0.134728
-0.133710
-0.132928
-0.132067
-0.131519
-0.130814
-0.130188
-0.129797
-0.128779
-0.128623
-0.128310
-0.127292
-0.126275
-0.125649
-0.125023
-0.124240
-0.123692
-0.123066
-0.122283
-0.121813
-0.121266
-0.120561
-0.119622
-0.118291
-0.117743
-0.117117
-0.116648
-0.116021
-0.115317
-0.114769
-0.114378
-0.113595
-0.112578
-0.111560
-0.110621
-0.110464
-0.109838
-0.108821
-0.108116
-0.107725
-0.107020
-0.106786
-0.105925
-0.104594
-0.103890
-0.103029
-0.102637
-0.102011
-0.101229
-0.100915
-0.099741
-0.099507
-0.098724
-0.097550
-0.096689
-0.095984
-0.095358
-0.094654
-0.093871
-0.093245
-0.092932
-0.092384
-0.091680
-0.090975
-0.089801
-0.088940
-0.088157
-0.087844
-0.087296
-0.086279
-0.085653
-0.085183
-0.084635
-0.083461
-0.082600
-0.081896
-0.081191
-0.080487
-0.079704
-0.078687
-0.077826
-0.077434
-0.076574
-0.075713
-0.074304
-0.073991
-0.073286
-0.072973
-0.072269
-0.071173
-0.070468
-0.070077
-0.069294
-0.068590
-0.067729
-0.067181
-0.066398
-0.066007
-0.065303
-0.064442
-0.063737
-0.063346
-0.062798
-0.061937
-0.060528
-0.059902
-0.059276
-0.058650
-0.058024
-0.057319
-0.056380
-0.055910
-0.055362
-0.054658
-0.053327
-0.052858
-0.052310
-0.051605
-0.051214
-0.050588
-0.049727
-0.048709
-0.048396
-0.047535
-0.047144
-0.045892
-0.045344
-0.044718
-0.044405
-0.043622
-0.042996
-0.042291
-0.041743
-0.041430
-0.040491
-0.039161
-0.038143
-0.037673
-0.036812
-0.036656
-0.035717
-0.034621
-0.034230
-0.033682
-0.032899
-0.031960
-0.031255
-0.030707
-0.030394
-0.029299
-0.028751
-0.028125
-0.027498
-0.026950
-0.026011
-0.025150
-0.024681
-0.024133
-0.023428
-0.022880
-0.022489
-0.021863
-0.020924
-0.020376
-0.019828
-0.019123
-0.017636
-0.017323
-0.016854
-0.016384
-0.015601
-0.014975
-0.014271
-0.013801
-0.012940
-0.012471
-0.011531
-0.010905
-0.010749
-0.009888
-0.009105
-0.008322
-0.007774
-0.007070
-0.006600
-0.005739
-0.004878
-0.004330
-0.003704
-0.003626
-0.002922
-0.002217
-0.001513
-0.000965
-0.000182
0.000287
0.001070
0.001696
0.002244
0.002636
0.003340
0.003966
0.004592
0.005062
0.005531
0.006392
0.007175
0.008193
0.008506
0.008975
0.009758
0.010384
0.011245
0.011558
0.012106
0.013045
0.013593
0.014298
0.014454
0.015080
0.015472
0.015941
0.016881
0.017663
0.017976
0.018681
0.019620
0.020168
0.020872
0.021420
0.021655
0.022125
0.023299
0.023612
0.024395
0.025021
0.025725
0.026586
0.026743
0.027212
0.027604
0.028230
0.028934
0.029717
0.030186
0.030734
0.031439
0.032300
0.032769
0.033082
0.033317
0.034178
0.034648
0.035509
0.036135
0.036839
0.037466
0.038092
0.038718
0.039344
0.039266
0.040205
0.040753
0.041536
0.042318
0.042788
0.043414
0.043884
0.044979
0.045058
0.045840
0.046232
0.046858
0.047562
0.047954
0.048893
0.049519
0.049989
0.050615
0.050928
0.051241
0.051632
0.052259
0.053041
0.053667
0.054450
0.054998
0.055546
0.055937
0.056485
0.056955
0.057346
0.058364
0.058755
0.059772
0.060477
0.061338
0.061573
0.062042
0.062590
0.062903
0.063373
0.064077
0.064860
0.065486
0.065956
0.066660
0.067052
0.067443
0.067913
0.068382
0.069087
0.069791
0.070652
0.070730
0.071200
0.071983
0.072765
0.072765
0.073391
0.073783
0.073939
0.074957
0.075740
0.076444
0.076757
0.077305
0.077775
0.078401
0.079262
0.079262
0.080044
0.080514
0.081453
0.082392
0.082706
0.083097
0.083566
0.084193
0.084506
0.084741
0.085132
0.085758
0.086697
0.087558
0.088028
0.088497
0.088419
0.089202
0.089437
0.089985
0.090454
0.091002
0.091707
0.092646
0.092881
0.093507
0.093742
0.094368
0.094916
0.095542
0.095855
0.096168
0.097107
0.097577
0.097968
0.098438
0.098907
0.099534
0.100316
0.100473
0.100786
0.101177
0.101882
0.102508
0.102977
0.103447
0.104073
0.104465
0.105247
0.105247
0.105952
0.106265
0.107047
0.107517
0.107908
0.108613
0.108848
0.109630
0.109865
0.110100
0.110804
0.111039
0.111978
0.112291
0.112839
0.113309
0.114013
0.114405
0.114796
0.115187
0.115892
0.116205
0.117301
0.117614
0.118005
0.118397
0.119101
0.119571
0.120353
0.120823
0.120823
0.121684
0.121997
0.122545
0.123014
0.123719
0.124267
0.124502
0.124971
0.125284
0.125832
0.126302
0.126850
0.127554
0.127789
0.127945
0.128415
0.129041
0.129354
0.129980
0.130294
0.130841
0.131311
0.131859
0.132015
0.132563
0.132955
0.133581
0.133581
0.133972
0.134364
0.134990
0.135616
0.135929
0.136242
0.136712
0.136868
0.137494
0.138042
0.138277
0.138512
0.139451
0.139842
0.140390
0.140547
0.141095
0.142034
0.142269
0.142504
0.143130
0.143756
0.144304
0.144382
0.145008
0.145321
0.145869
0.146417
0.146495
0.147043
0.147513
0.148296
0.148452
0.149000
0.149626
0.149783
0.150174
0.150644
0.151113
0.151661
0.151661
0.152209
0.152914
0.152992
0.153383
0.154009
0.154166
0.154870
0.155183
0.155653
0.156279
0.156592
0.156984
0.157453
0.158001
0.158314
0.158627
0.159097
0.159566
0.159566
0.160506
0.161210
0.161288
0.161993
0.162071
0.162462
0.163089
0.163715
0.163793
0.164419
0.164654
0.165045
0.165358
0.165985
0.166298
0.166611
0.167159
0.167550
0.168098
0.168646
0.168802
0.169115
0.169507
0.170211
0.170681
0.170994
0.171385
0.171933
0.172403
0.172794
0.173185
0.173577
0.173890
0.174281
0.174673
0.174986
0.175455
0.175768
0.176473
0.176786
0.177099
0.177490
0.177882
0.178038
0.178821
0.179056
0.179525
0.180151
0.180464
0.181091
0.181482
0.181952
0.182030
0.182656
0.182891
0.183439
0.183987
0.184535
0.185082
0.185552
0.185630
0.186178
0.186256
0.186804
0.187117
0.187665
0.187822
0.188448
0.188918
0.189152
0.189700
0.190170
0.190326
0.190718
0.191422
0.191579
0.192127
0.192518
0.193144
0.193614
0.193927
0.194240
0.194631
0.194944
0.195336
0.195962
0.196353
0.196666
0.197136
0.197684
0.197997
0.197997
0.198623
0.199014
0.199406
0.199641
0.200345
0.200815
0.200971
0.201597
0.202145
0.202067
0.202458
0.202771
0.203398
0.203711
0.204650
0.204885
0.205276
0.205824
0.206294
0.206294
0.206685
0.206841
0.207311
0.207937
0.208642
0.208955
0.209268
0.209659
0.209894
0.210207
0.210598
0.211146
0.211538
0.212164
0.212946
0.213338
0.213573
0.213729
0.214355
0.214668
0.215060
0.215138
0.215686
0.216312
0.216469
0.217173
0.217486
0.217799
0.217956
0.218504
0.218738
0.219443
0.219991
0.220539
0.221008
0.221321
0.221791
0.222182
0.222182
0.222574
0.222808
0.223200
0.223982
0.224296
0.224843
0.225157
0.225626
0.225783
0.226331
0.226487
0.226644
0.227192
0.227739
0.228366
0.228679
0.228679
0.229540
0.229540
0.229774
0.229931
0.230166
0.231105
0.231888
0.232279
0.232436
0.232749
0.232905
0.233766
0.233766
0.233844
0.234314
0.234627
0.235097
0.235645
0.236114
0.236349
0.236349
0.237054
0.237210
0.237367
0.238071
0.238541
0.239010
0.239558
0.239715
0.240341
0.240576
0.240967
0.241358
0.241671
0.242219
0.242454
0.242689
0.243237
0.243706
0.244020
0.244254
0.244333
0.244802
0.245115
0.245741
0.246211
0.246602
0.246759
0.247463
0.247777
0.247777
0.248090
0.248481
0.248794
0.249264
0.249968
0.250125
0.250516
0.250672
0.250829
0.251299
0.251533
0.252238
0.252473
0.253177
0.253334
0.253803
0.253960
0.254273
0.254821
0.254664
0.254977
0.255447
0.255995
0.256464
0.256621
0.257091
0.257639
0.257873
0.257952
0.258265
0.258578
0.259439
0.259674
0.260143
0.260378
0.260691
0.261239
0.261395
0.261865
0.262178
0.262491
0.262961
0.263430
0.263509
0.264057
0.264605
0.264605
0.264839
0.265309
0.265465
0.266013
0.266640
0.267109
0.267266
0.267814
0.268048
0.268048
0.268361
0.268988
0.268988
0.269536
0.269927
0.270240
0.270553
0.271023
0.271492
0.271571
0.272118
0.272275
0.272901
0.273214
0.273684
0.273997
0.274232
0.274623
0.275249
0.274936
0.275406
0.275719
0.276188
0.276580
0.276893
0.276971
0.277362
0.277989
0.278067
0.278693
0.278771
0.279084
0.279789
0.280024
0.280415
0.280885
0.281276
0.281824
0.282215
0.282372
0.282920
0.283076
0.283859
0.284015
0.284094
0.284642
0.284798
0.285268
0.285581
0.286129
0.286364
0.286833
0.287303
0.287929
0.287772
0.288399
0.288633
0.288790
0.289338
0.289651
0.290199
0.290277
0.290825
0.291295
0.291451
0.292312
0.292469
0.293016
0.293173
0.293408
0.293877
0.294190
0.294347
0.294895
0.295130
0.295208
0.295834
0.296226
0.296460
0.296773
0.297400
0.297634
0.297947
0.298339
0.298730
0.298887
0.299435
0.299748
0.300061
0.300374
0.300843
0.301157
0.301548
0.301704
0.302252
0.302800
0.303035
0.303270
0.303583
0.304131
0.304052
0.304522
0.304992
0.305148
0.306088
0.306322
0.306479
0.307027
0.307262
0.307418
0.307888
0.308044
0.308827
0.308905
0.309297
0.309688
0.309610
0.310158
0.310549
0.310705
0.311097
0.311410
0.311879
0.312427
0.312427
0.313210
0.313132
0.313758
0.313993
0.314462
0.314775
0.315089
0.315558
0.315636
0.316106
0.316419
0.316732
0.317280
0.317202
0.317437
0.317750
0.318219
0.318689
0.319080
0.319706
0.319941
0.320411
0.320567
0.320880
0.321350
0.321741
0.321976
0.322446
0.322837
0.323229
0.323620
0.323698
0.324324
0.324324
0.324637
0.325107
0.325342
0.325968
0.326125
0.326281
0.326516
0.326986
0.327299
0.327612
0.327690
0.328238
0.328786
0.328864
0.328942
0.329803
0.330116
0.330195
0.330195
0.330508
0.330977
0.331682
0.331995
0.332308
0.332464
0.332621
0.332856
0.333091
0.333325
0.333717
0.334030
0.334421
0.334813
0.335204
0.335517
0.335595
0.335987
0.336534
0.336848
0.337004
0.337474
0.337943
0.337943
0.338491
0.338726
0.338961
0.339274
0.339587
0.339978
0.340291
0.340839
0.340996
0.341309
0.341779
0.342092
0.342092
0.342170
0.342561
0.343031
0.343422
0.343735
0.344283
0.344753
0.344675
0.344909
0.345066
0.345457
0.345692
0.346318
0.346475
0.346866
0.347023
0.347727
0.347805
0.348040
0.348431
0.348666
0.348979
0.349371
0.349762
0.349997
0.350310
0.350858
0.351327
0.351171
0.351875
0.351875
0.352188
0.352815
0.353206
0.353206
0.353597
0.353676
0.354145
0.354223
0.354380
0.354928
0.355476
0.355476
0.356180
0.356493
0.357119
0.357354
0.357354
0.357902
0.358137
0.358293
0.358841
0.358998
0.359311
0.359546
0.359937
0.359937
0.360172
0.360563
0.361268
0.362050
0.362363
0.362363
0.362833
0.363224
0.363381
0.364007
0.364085
0.364398
0.364712
0.365494
0.365494
0.365729
0.366120
0.366590
0.366903
0.366825
0.367451
0.367686
0.367921
0.368312
0.368547
0.369173
0.369251
0.369486
0.369643
0.370190
0.370582
0.370817
0.371286
0.371599
0.372147
0.372382
0.372382
0.372852
0.373086
0.373556
0.373634
0.373869
0.374104
0.374574
0.374808
0.374887
0.375278
0.375748
0.376061
0.376530
0.377078
0.377470
0.377626
0.377939
0.378096
0.378331
0.378957
0.379191
0.379113
0.379661
0.379974
0.380444
0.380444
0.380835
0.381383
0.382009
0.382244
0.382557
0.383027
0.383262
0.383575
0.383888
0.384279
0.384514
0.384983
0.384983
0.384827
0.385766
0.386001
0.386236
0.386940
0.387097
0.387410
0.387723
0.387958
0.387958
0.388584
0.388819
0.388975
0.389523
0.389836
0.390384
0.390541
0.391088
0.391480
0.391480
0.392028
0.391871
0.392732
0.392732
0.393045
0.393593
0.394063
0.394219
0.394219
0.395080
0.395237
0.395393
0.395785
0.396411
0.396802
0.396959
0.397428
0.397272
0.397663
0.397976
0.398211
0.398602
0.399072
0.399620
0.399776
0.400324
0.400559
0.401185
0.401342
0.401577
0.401968
0.402125
0.402829
0.403064
0.403142
0.403455
0.403690
0.404473
0.404473
0.404551
0.405021
0.405334
0.405725
0.405881
0.406429
0.406429
0.406742
0.407212
0.407525
0.408151
0.408386
0.408543
0.409091
0.408934
0.409247
0.409560
0.409873
0.409952
0.410499
0.410812
0.411282
0.411439
0.411517
0.411908
0.412613
0.412613
0.412926
0.412926
0.413317
0.413552
0.413708
0.414022
0.414491
0.414648
0.415039
0.415039
0.415352
0.415665
0.416057
0.416370
0.416839
0.416996
0.417622
0.417622
0.417935
0.418092
0.418796
0.418718
0.419187
0.419735
0.419814
0.420048
0.420440
0.420909
0.421066
0.421144
0.421927
0.421770
0.422396
0.422631
0.422866
0.423414
0.423492
0.423805
0.424040
0.424197
0.424588
0.424979
0.425214
0.425371
0.425997
0.425997
0.426310
0.426858
0.426466
0.426780
0.427562
0.427954
0.428345
0.428267
0.428815
0.428736
0.429049
0.429441
0.429754
0.429832
0.430458
0.430536
0.430771
0.431241
0.431554
0.431867
0.432024
0.432258
0.432493
0.433041
0.433354
0.433354
0.433902
0.433980
0.434059
0.434607
0.434607
0.434607
0.435154
0.435389
0.435859
0.436172
0.436250
0.436485
0.436720
0.437033
0.437346
0.437816
0.438207
0.438520
0.438911
0.438833
0.439146
0.439616
0.439929
0.440085
0.440320
0.440790
0.441103
0.441494
0.441964
0.442120
0.442512
0.442668
0.442590
0.443060
0.443686
0.443842
0.444155
0.444077
0.444782
0.445329
0.445408
0.445643
0.446034
0.446190
0.446269
0.446660
0.447051
0.447208
0.447521
0.447678
0.447834
0.448460
0.448617
0.449165
0.449008
0.449634
0.449869
0.450026
0.450026
0.450887
0.450808
0.450887
0.451669
0.451982
0.452374
0.452530
0.453000
0.453156
0.453235
0.453704
0.453783
0.454017
0.454722
0.455113
0.455113
0.455426
0.455974
0.456131
0.456366
0.456444
0.456992
0.457383
0.457461
0.457774
0.458009
0.458166
0.458557
0.458714
0.458948
0.459418
0.459731
0.460201
0.460749
0.460905
0.460983
0.461375
0.461923
0.462001
0.462157
0.462862
0.462784
0.463332
0.463723
0.463723
0.464036
0.464427
0.464740
0.464975
0.465367
0.465680
0.465836
0.466149
0.466697
0.467088
0.467167
0.467636
0.467715
0.467949
0.468576
0.468419
0.468654
0.469280
0.469593
0.469984
0.470219
0.470298
0.471002
0.470845
0.471472
0.471785
0.471863
0.472333
0.472646
0.472959
0.473428
0.473585
0.473741
0.474133
0.474289
0.474211
0.474994
0.475229
0.475542
0.475776
0.475933
0.476246
0.476481
0.476872
0.476950
0.477264
0.477655
0.478281
0.478281
0.478829
0.479142
0.479142
0.479455
0.480238
0.480081
0.480942
0.481099
0.481490
0.481725
0.481960
0.482508
0.482742
0.482742
0.483369
0.483760
0.484151
0.484230
0.484386
0.484464
0.484934
0.485404
0.485482
0.485560
0.486265
0.486421
0.486656
0.487204
0.487282
0.487204
0.487439
0.487752
0.487830
0.488613
0.488613
0.489004
0.489317
0.489552
0.489865
0.489943
0.490256
0.490569
0.490804
0.491352
0.491509
0.491822
0.492370
0.492370
0.492370
0.492761
0.492918
0.493544
0.493778
0.494013
0.494248
0.494561
0.494718
0.495031
0.495422
0.495657
0.496048
0.496440
0.496909
0.496831
0.497066
0.497301
0.497379
0.497770
0.497927
0.498240
0.498553
0.499023
0.499101
0.499257
0.499805
0.499884
0.500118
0.500588
0.500744
0.501214
0.501684
0.502075
0.502232
0.502388
0.502779
0.502779
0.503249
0.503484
0.504032
0.504345
0.504501
0.504815
0.504971
0.505206
0.505362
0.505441
0.505910
0.506223
0.506693
0.507084
0.507241
0.507554
0.507867
0.507632
0.508258
0.508415
0.508571
0.508728
0.509119
0.509432
0.509902
0.510215
0.510293
0.510606
0.510841
0.511076
0.511467
0.511702
0.512172
0.512094
0.512563
0.512641
0.513111
0.513268
0.513346
0.513737
0.514363
0.514520
0.514911
0.515224
0.515224
0.515303
0.515772
0.516007
0.516320
0.516790
0.517338
0.517259
0.517729
0.518042
0.518199
0.518355
0.518590
0.519060
0.519373
0.519842
0.520155
0.520234
0.520625
0.520468
0.521095
0.521329
0.521329
0.521956
0.522582
0.523051
0.523208
0.523521
0.523678
0.523912
0.523756
0.524538
0.524695
0.524695
0.525165
0.525321
0.525634
0.525634
0.526339
0.526495
0.526730
0.527121
0.527121
0.527434
0.528061
0.528452
0.528609
0.528843
0.529235
0.529391
0.529939
0.530330
0.530644
0.530878
0.531191
0.531583
0.531583
0.531661
0.532287
0.532444
0.532992
0.532992
0.533305
0.533618
0.533931
0.534244
0.534479
0.534714
0.535027
0.535418
0.535966
0.536201
0.536201
0.536749
0.537062
0.537375
0.537688
0.537688
0.538079
0.538627
0.538862
0.539097
0.539175
0.539566
0.539566
0.540114
0.540506
0.541132
0.541053
0.541445
0.541601
0.542149
0.542462
0.542775
0.542854
0.543323
0.543636
0.543793
0.544184
0.544419
0.544967
0.544889
0.545202
0.545358
0.545750
0.545593
0.545828
0.546376
0.546845
0.547002
0.547472
0.547628
0.548019
0.548176
0.548567
0.548880
0.549037
0.549193
0.549428
0.549820
0.550211
0.550446
0.550759
0.550994
0.551228
0.551698
0.551933
0.552246
0.552559
0.552872
0.553029
0.553185
0.553655
0.553890
0.554203
0.554359
0.554516
0.554985
0.555612
0.555925
0.555846
0.556316
0.556473
0.556629
0.556864
0.557099
0.557568
0.557960
0.558273
0.558508
0.559055
0.558977
0.559525
0.559603
0.559916
0.560386
0.560856
0.561012
0.561638
0.562030
0.561951
0.562030
0.562499
0.562812
0.563282
0.563673
0.564065
0.564221
0.564456
0.564534
0.565004
0.565239
0.565552
0.566256
0.566100
0.566491
0.566804
0.566961
0.567117
0.567430
0.567430
0.567900
0.568135
0.568604
0.568683
0.568996
0.569074
0.569231
0.569309
0.569700
0.569935
0.570561
0.571109
0.571500
0.571344
0.571657
0.571813
0.571892
0.572361
0.572596
0.572987
0.573535
0.573692
0.573848
0.574083
0.574083
0.574318
0.574788
0.575257
0.575257
0.575649
0.575727
0.576197
0.576275
0.576510
0.576588
0.576979
0.577449
0.577840
0.578310
0.578232
0.578701
0.579014
0.578858
0.578858
0.579014
0.579719
0.579875
0.580423
0.580814
0.581128
0.581128
0.581206
0.581519
0.581675
0.581989
0.583006
0.583006
0.583241
0.583554
0.583632
0.583632
0.584024
0.584337
0.584180
0.584728
0.585276
0.585432
0.585824
0.586059
0.586059
0.586137
0.586215
0.586606
0.587233
0.587546
0.587859
0.587780
0.588172
0.588328
0.588485
0.588328
0.588876
0.589268
0.589894
0.590129
0.590207
0.590676
0.590990
0.590755
0.591146
0.590990
0.591694
0.592320
0.592477
0.592633
0.592711
0.593025
0.593259
0.593494
0.593651
0.594042
0.594590
0.594747
0.594903
0.595373
0.595060
0.595529
0.595686
0.595921
0.595921
0.596547
0.597016
0.597173
0.597486
0.597877
0.597721
0.597956
0.597877
0.598582
0.599051
0.599208
0.599834
0.599756
0.600225
0.600460
0.600538
0.600852
0.601243
0.601791
0.602026
0.602495
0.602808
0.602808
0.603043
0.602965
0.603278
0.603748
0.604374
0.604687
0.604687
0.605000
0.605078
0.605235
0.605783
0.605783
0.606174
0.606878
0.606800
0.606878
0.607191
0.607583
0.607583
0.607896
0.608131
0.608522
0.608757
0.609070
0.609070
0.609461
0.609931
0.610009
0.610087
0.610322
0.611105
0.611575
0.611809
0.611888
0.612201
0.612670
0.612670
0.612905
0.613062
0.613531
0.613844
0.614001
0.614549
0.614549
0.615018
0.615018
0.615097
0.615645
0.615801
0.616349
0.616192
0.616897
0.616897
0.617132
0.617132
0.617445
0.617680
0.618149
0.618306
0.618932
0.618775
0.619245
0.619480
0.619793
0.619871
0.620262
0.620654
0.620810
0.621045
0.621358
0.621437
0.621906
0.621828
0.622376
0.622924
0.623315
0.623393
0.623393
0.623863
0.624176
0.624332
0.624724
0.624959
0.625350
0.625350
0.625898
0.625976
0.625976
0.626367
0.626602
0.627307
0.627385
0.627620
0.628011
0.628324
0.628403
0.628794
0.628950
0.629342
0.629733
0.629733
0.629890
0.630438
0.630672
0.630594
0.630672
0.631064
0.631533
0.631690
0.632081
0.632238
0.632707
0.633255
0.633099
0.633647
0.633803
0.634194
0.634351
0.634664
0.634742
0.635290
0.635212
0.635603
0.635682
0.636151
0.636229
0.636621
0.636621
0.637325
0.637560
0.637560
0.637873
0.637717
0.637951
0.638265
0.638734
0.638969
0.639282
0.639282
0.639752
0.639830
0.639908
0.640613
0.640847
0.641082
0.641708
0.642021
0.641943
0.641943
0.642569
0.642491
0.642726
0.643430
0.643900
0.643352
0.644135
0.644213
0.644291
0.644526
0.644839
0.645465
0.645700
0.645857
0.646248
0.646326
0.646405
0.646405
0.646718
0.647187
0.647579
0.647735
0.648127
0.648205
0.648518
0.648831
0.649066
0.649066
0.649535
0.649535
0.649692
0.650240
0.650318
0.650396
0.650866
0.650788
0.651257
0.651257
0.651805
0.652040
0.652431
0.652666
0.653214
0.653371
0.653449
0.653527
0.654075
0.654466
0.654545
0.655014
0.655171
0.655327
0.655327
0.655406
0.655562
0.656032
0.656814
0.657128
0.657128
0.657441
0.657597
0.657754
0.657832
0.658067
0.658458
0.659319
0.659397
0.659476
0.659945
0.660258
0.660102
0.660258
0.660963
0.661119
0.661432
0.662059
0.662059
0.662293
0.662293
0.662450
0.662763
0.663154
0.663311
0.664015
0.664015
0.664094
0.664641
0.664798
0.664876
0.665189
0.665189
0.665737
0.666050
0.666598
0.666755
0.666911
0.667537
0.667381
0.667850
0.667772
0.668007
0.668633
0.668868
0.669181
0.669416
0.669651
0.669572
0.669729
0.670120
0.670277
0.670825
0.671451
0.671686
0.671764
0.672155
0.672312
0.672312
0.672703
0.673329
0.673956
0.674190
0.674503
0.674895
0.674973
0.675208
0.675286
0.675756
0.675991
0.676538
0.677086
0.677086
0.677634
0.677869
0.677947
0.677947
0.678182
0.679121
0.679434
0.679669
0.679513
0.680061
0.680295
0.680530
0.680530
0.681313
0.681783
0.682330
0.682330
0.682565
0.683191
0.683035
0.683348
0.683818
0.684131
0.684757
0.684678
0.685305
0.685539
0.685696
0.686009
0.686322
0.686714
0.686948
0.687340
0.687653
0.687809
0.688122
0.688905
0.688670
0.688670
0.688827
0.689218
0.690079
0.690079
0.690392
0.690784
0.691097
0.691801
0.691879
0.692114
0.692349
0.693132
0.693210
0.693288
0.693914
0.693758
0.694306
0.694306
0.694775
0.695558
0.695715
0.695871
0.696184
0.696497
0.696732
0.697123
0.697123
0.697750
0.698297
0.698454
0.699002
0.699080
0.699785
0.699941
0.699941
0.700489
0.701037
0.701428
0.701507
0.701898
0.702133
0.702367
0.702524
0.702837
0.703228
0.703776
0.703933
0.703855
0.704559
0.704716
0.705029
0.705107
0.705420
0.705968
0.705968
0.706281
0.706594
0.707142
0.707064
0.707768
0.707846
0.708159
0.708473
0.708864
0.709255
0.709255
0.709412
0.710116
0.710351
0.710821
0.710821
0.711447
0.711368
0.711603
0.711838
0.711995
0.711995
0.712229
0.712151
0.712308
0.712151
0.712229
0.712073
0.711995
0.712073
0.711682
0.711682
0.711525
0.711368
0.710899
0.710977
0.710977
0.710977
0.710194
0.710351
0.710116
0.709803
0.709412
0.709333
0.709020
0.708786
0.708316
0.708159
0.707846
0.707377
0.707298
0.706985
0.706516
0.706359
0.706046
0.705811
0.705420
0.705029
0.704794
0.704324
0.704402
0.704011
0.703542
0.703228
0.702837
0.702524
0.702289
0.702054
0.701820
0.701115
0.700959
0.700489
0.700176
0.699941
0.699628
0.699002
0.699080
0.698611
0.698141
0.697750
0.697671
0.697280
0.696654
0.696341
0.696106
0.696028
0.695636
0.695245
0.694775
0.694306
0.694149
0.693523
0.693132
0.692819
0.692427
0.692271
0.691958
0.691488
0.691253
0.690784
0.690236
0.689844
0.689844
0.689453
0.689296
0.689062
0.688827
0.688592
0.688279
0.687653
0.687340
0.687340
0.686635
0.686635
0.686400
0.685931
0.685226
0.684835
0.684600
0.684365
0.683818
0.683583
0.683661
0.683113
0.682643
0.682330
0.682096
0.682017
0.681391
0.681235
0.680922
0.679904
0.679200
0.679200
0.678887
0.678652
0.678339
0.678182
0.678182
0.677399
0.676930
0.676617
0.676382
0.676304
0.675912
0.675364
0.674895
0.674503
0.674347
0.674034
0.673877
0.673799
0.672938
0.672938
0.672547
0.672077
0.671764
0.671373
0.671216
0.670590
0.670355
0.669807
0.669494
0.669338
0.668868
0.668711
0.668477
0.667850
0.667537
0.667459
0.667303
0.666833
0.666520
0.666285
0.665581
0.665502
0.665111
0.664876
0.664328
0.664094
0.663937
0.663389
0.663076
0.662450
0.662137
0.662372
0.661745
0.661041
0.660963
0.660650
0.660337
0.659867
0.659632
0.659632
0.658928
0.658693
0.658615
0.658380
0.657754
0.657284
0.656580
0.655953
0.656188
0.655953
0.655484
0.655327
0.654936
0.654466
0.654232
0.653997
0.653684
0.653292
0.652588
0.652275
0.651962
0.651570
0.651414
0.651257
0.650475
0.650553
0.650318
0.649848
0.649692
0.648909
0.648596
0.648127
0.647892
0.647657
0.647109
0.647109
0.646561
0.646170
0.646013
0.645778
0.645387
0.644761
0.644213
0.643822
0.643587
0.643274
0.643117
0.642961
0.642648
0.642100
0.641943
0.641865
0.641239
0.640456
0.640143
0.639830
0.639752
0.639517
0.638891
0.638578
0.638421
0.638265
0.637951
0.637873
0.637247
0.637012
0.636856
0.636308
0.635916
0.635760
0.635369
0.635212
0.634742
0.634821
0.634429
0.633803
0.633099
0.632629
0.632629
0.632081
0.632081
0.631925
0.631533
0.631220
0.631064
0.630516
0.630516
0.629811
0.629420
0.628950
0.628637
0.628481
0.628168
0.627933
0.627385
0.627385
0.627307
0.626681
0.625898
0.625428
0.625193
0.625037
0.624411
0.624880
0.624332
0.624019
0.623550
0.623472
0.622689
0.622532
0.622063
0.621828
0.621671
0.621123
0.621123
0.620497
0.620184
0.620106
0.620184
0.619401
0.618775
0.618384
0.617993
0.617993
0.617758
0.617758
0.617523
0.617210
0.616897
0.616427
0.616036
0.615645
0.615645
0.614940
0.614705
0.614549
0.614549
0.614079
0.614079
0.613375
0.613218
0.613140
0.612514
0.611496
0.611809
0.611653
0.611340
0.611340
0.610870
0.610557
0.610322
0.609774
0.609305
0.608913
0.608757
0.608522
0.608209
0.607818
0.607504
0.607270
0.607426
0.607035
0.606644
0.606487
0.605783
0.605469
0.605548
0.605313
0.604922
0.604765
0.604295
0.603904
0.603826
0.603278
0.602887
0.602652
0.601869
0.602104
0.601869
0.601634
0.601321
0.600695
0.600617
0.600147
0.599991
0.599912
0.599208
0.599051
0.598738
0.598738
0.598347
0.597799
0.597642
0.597329
0.596703
0.595999
0.596077
0.595842
0.595764
0.595451
0.595294
0.594981
0.594903
0.594903
0.594355
0.593886
0.593103
0.593103
0.592868
0.592711
0.592398
0.592242
0.591851
0.591616
0.590990
0.590363
0.590129
0.589894
0.589737
0.589346
0.589111
0.589033
0.588641
0.588094
0.588094
0.587780
0.587546
0.586841
0.586763
0.586998
0.586450
0.586293
0.585902
0.585589
0.585354
0.584963
0.584493
0.584024
0.583789
0.583945
0.583476
0.582849
0.582849
0.582536
0.582302
0.581989
0.581519
0.581441
0.580971
0.580580
0.580267
0.579875
0.579797
0.579719
0.579327
0.578779
0.578623
0.578232
0.577918
0.577684
0.577684
0.577371
0.576979
0.576353
0.576275
0.575962
0.575492
0.575336
0.575101
0.574866
0.574396
0.574083
0.573535
0.573379
0.573301
0.573066
0.572440
0.572361
0.572283
0.571657
0.571579
0.571109
0.570718
0.570639
0.570248
0.569700
0.569622
0.569231
0.568996
0.568448
0.568370
0.567978
0.568057
0.567587
0.567352
0.567117
0.566726
0.566413
0.565943
0.565943
0.565708
0.565161
0.564691
0.564613
0.564300
0.563986
0.563595
0.563204
0.562969
0.562656
0.562499
0.561951
0.561404
0.560934
0.561012
0.560621
0.559995
0.559603
0.559603
0.559212
0.558977
0.558508
0.558351
0.558038
0.557725
0.557568
0.557334
0.556786
0.556473
0.556629
0.556316
0.555612
0.555064
0.554907
0.554985
0.554438
0.554516
0.553968
0.553811
0.553420
0.553420
0.552716
0.552168
0.552168
0.551933
0.551463
0.551307
0.550915
0.550915
0.550211
0.550054
0.549507
0.549037
0.548802
0.548802
0.548489
0.547785
0.547863
0.547393
0.546924
0.546845
0.546219
0.545984
0.545593
0.545515
0.545280
0.545202
0.544810
0.544576
0.544419
0.543871
0.543636
0.543167
0.542932
0.542384
0.542462
0.542227
0.541914
0.541680
0.541210
0.540662
0.540349
0.540192
0.539879
0.539175
0.539331
0.539331
0.538862
0.538471
0.538079
0.537923
0.537140
0.536983
0.536827
0.536436
0.536279
0.536279
0.535966
0.535418
0.535418
0.534792
0.534322
0.534087
0.533853
0.533461
0.533148
0.533226
0.532992
0.532757
0.532522
0.532131
0.531583
0.531035
0.530957
0.530644
0.530565
0.530174
0.529939
0.529391
0.529391
0.528687
0.528217
0.527748
0.527513
0.527669
0.527434
0.527043
0.526730
0.526417
0.526182
0.525791
0.525243
0.525008
0.524773
0.524460
0.524617
0.523991
0.523678
0.523678
0.522973
0.522817
0.522034
0.521877
0.521643
0.521564
0.521408
0.520938
0.520703
0.520155
0.519294
0.519216
0.518981
0.518668
0.518433
0.518199
0.517964
0.517729
0.517572
0.517181
0.516790
0.516242
0.516007
0.515851
0.515851
0.515537
0.515146
0.514833
0.514598
0.514363
0.513972
0.513659
0.513581
0.513189
0.512955
0.512641
0.512250
0.511937
0.511859
0.511467
0.510841
0.510606
0.510059
0.510059
0.510137
0.509589
0.509276
0.509198
0.508806
0.508415
0.507789
0.507397
0.507163
0.507163
0.507006
0.506693
0.506380
0.506067
0.505754
0.505206
0.504815
0.504501
0.504658
0.504267
0.504188
0.503954
0.503797
0.503249
0.502701
0.502310
0.501684
0.501371
0.501136
0.501058
0.500979
0.500823
0.500510
0.500118
0.499570
0.499257
0.499101
0.498475
0.498318
0.498005
0.497848
0.497614
0.497535
0.497457
0.496753
0.496518
0.496205
0.496048
0.495657
0.495344
0.494953
0.494639
0.494405
0.494170
0.493700
0.493309
0.492683
0.492526
0.492057
0.492213
0.491665
0.491509
0.491196
0.490882
0.490335
0.489708
0.489395
0.489239
0.489004
0.488926
0.488613
0.488456
0.487987
0.487830
0.487439
0.486891
0.486734
0.486421
0.486030
0.485560
0.485638
0.485169
0.484699
0.484464
0.484230
0.483916
0.483603
0.483447
0.482742
0.482664
0.482195
0.482273
0.481647
0.481568
0.481099
0.480473
0.480160
0.479612
0.479220
0.478985
0.478907
0.478359
0.478438
0.477655
0.477577
0.477342
0.477029
0.476794
0.476324
0.475776
0.475620
0.475542
0.475307
0.474602
0.474759
0.474446
0.474054
0.473585
0.473428
0.473194
0.472959
0.472176
0.472254
0.471628
0.471472
0.471002
0.470767
0.470298
0.469750
0.469906
0.469358
0.468889
0.468497
0.468341
0.467871
0.467871
0.467636
0.467245
0.466619
0.466697
0.466071
0.465680
0.465288
0.464897
0.464975
0.464506
0.464114
0.464036
0.463566
0.463332
0.462705
0.462549
0.462157
0.462001
0.461531
0.461218
0.460670
0.460436
0.460122
0.460122
0.459496
0.459261
0.459027
0.458557
0.458322
0.458009
0.457461
0.457305
0.457226
0.456913
0.456444
0.456209
0.455818
0.455270
0.455270
0.454565
0.454644
0.454409
0.454252
0.453548
0.453470
0.453078
0.452765
0.452687
0.451982
0.451591
0.451043
0.451043
0.450652
0.450652
0.450574
0.449478
0.449399
0.448930
0.448460
0.448069
0.447991
0.447678
0.447521
0.447130
0.446660
0.446190
0.445956
0.446034
0.445329
0.444860
0.444938
0.444312
0.444077
0.443842
0.443764
0.443451
0.443138
0.442668
0.442277
0.442199
0.442042
0.441573
0.441259
0.440946
0.440868
0.440555
0.440007
0.439538
0.439538
0.439068
0.438833
0.438442
0.438207
0.437581
0.437659
0.437268
0.437111
0.436642
0.436407
0.436172
0.435781
0.435781
0.435233
0.434841
0.434920
0.434372
0.434059
0.433667
0.433511
0.432963
0.433198
0.432885
0.432258
0.432258
0.431632
0.431554
0.431084
0.430771
0.430615
0.430145
0.429989
0.429519
0.429284
0.429049
0.428736
0.428345
0.428188
0.427719
0.427484
0.427093
0.426780
0.426780
0.426310
0.426232
0.426075
0.425605
0.425214
0.424901
0.424431
0.424588
0.424118
0.423962
0.423649
0.423179
0.422944
0.422475
0.422083
0.421849
0.421535
0.421222
0.421222
0.420831
0.420988
0.420361
0.419970
0.419657
0.419031
0.418953
0.418874
0.418170
0.418170
0.417778
0.417309
0.416996
0.417152
0.416761
0.415978
0.415587
0.415430
0.415196
0.415117
0.414726
0.414491
0.414178
0.413865
0.413474
0.413082
0.412848
0.412534
0.412300
0.412300
0.411830
0.411752
0.411047
0.410734
0.410343
0.410108
0.409560
0.409560
0.409325
0.408777
0.408777
0.408543
0.407760
0.407525
0.407212
0.407056
0.406664
0.406508
0.406195
0.405881
0.405568
0.405647
0.404786
0.404942
0.404707
0.403925
0.403846
0.403299
0.403142
0.402907
0.402594
0.402125
0.402046
0.401655
0.400794
0.400481
0.400168
0.400168
0.399620
0.399698
0.399307
0.398681
0.398524
0.397898
0.397585
0.397115
0.396959
0.396646
0.396254
0.396176
0.395863
0.395550
0.395315
0.394767
0.394376
0.394063
0.394141
0.393671
0.393358
0.393202
0.392810
0.392028
0.391793
0.391480
0.391323
0.391010
0.390775
0.390619
0.390384
0.389993
0.389914
0.389132
0.388975
0.388584
0.388271
0.388036
0.387645
0.387332
0.387097
0.386940
0.386314
0.385844
0.385531
0.385531
0.384905
0.384592
0.384357
0.384044
0.383966
0.383262
0.382792
0.382948
0.382870
0.382401
0.381931
0.381931
0.381070
0.380992
0.380679
0.380679
0.380131
0.379505
0.379191
0.378722
0.378487
0.377939
0.377548
0.377391
0.377078
0.376843
0.376452
0.376061
0.375748
0.375356
0.374965
0.374652
0.374495
0.374104
0.374260
0.373634
0.373634
0.373165
0.372773
0.372539
0.371991
0.372069
0.371678
0.371051
0.370817
0.370347
0.370112
0.369956
0.369643
0.369095
0.368469
0.368234
0.368155
0.367764
0.367373
0.367060
0.367060
0.366434
0.365886
0.365729
0.365494
0.365103
0.364712
0.364633
0.364242
0.363929
0.363459
0.362833
0.362520
0.362050
0.361972
0.361659
0.361268
0.361033
0.360563
0.360015
0.359702
0.359389
0.359154
0.358841
0.358372
0.358137
0.357980
0.358059
0.357511
0.356885
0.356650
0.356258
0.355789
0.355397
0.355084
0.354928
0.354771
0.354458
0.353832
0.353597
0.353676
0.353049
0.352815
0.352501
0.352267
0.351954
0.351719
0.351249
0.351014
0.350388
0.350075
0.349762
0.349449
0.348823
0.348588
0.348510
0.347805
0.347570
0.347492
0.346866
0.346553
0.346005
0.345849
0.345770
0.345379
0.345379
0.344909
0.344518
0.344127
0.343814
0.343422
0.343344
0.343187
0.343031
0.342561
0.342092
0.341622
0.341622
0.340996
0.340448
0.340291
0.339900
0.339900
0.339822
0.339274
0.339196
0.338726
0.338804
0.338178
0.337630
0.337474
0.337317
0.337082
0.336691
0.336378
0.336378
0.335908
0.335595
0.335047
0.334969
0.334421
0.334421
0.333952
0.333560
0.333482
0.333012
0.332621
0.332308
0.331917
0.331525
0.331369
0.331134
0.330821
0.330351
0.330116
0.329647
0.329568
0.329021
0.328551
0.328316
0.328081
0.328003
0.327533
0.327142
0.327064
0.326751
0.325968
0.325968
0.325655
0.325577
0.324872
0.324481
0.324559
0.324246
0.323698
0.323542
0.323307
0.322916
0.322759
0.321898
0.321585
0.321428
0.321037
0.320959
0.320489
0.320567
0.319628
0.319080
0.318924
0.318767
0.318532
0.318219
0.317985
0.317671
0.317515
0.317202
0.316810
0.316184
0.315558
0.315323
0.315167
0.315010
0.314697
0.314384
0.313914
0.313445
0.313210
0.312975
0.312662
0.312349
0.312349
0.311958
0.311253
0.311175
0.311097
0.310471
0.309923
0.309923
0.309218
0.308983
0.308749
0.308357
0.308123
0.307731
0.307418
0.307027
0.306557
0.306166
0.305853
0.305540
0.305383
0.304913
0.304444
0.304131
0.303974
0.303661
0.303348
0.303035
0.302644
0.302252
0.302096
0.301470
0.301078
0.300609
0.300217
0.299982
0.299591
0.299435
0.299200
0.298652
0.298339
0.298182
0.298026
0.297634
0.297321
0.296617
0.296460
0.296226
0.295756
0.295365
0.295208
0.294738
0.294425
0.294347
0.293877
0.293330
0.293173
0.292469
0.292234
0.292077
0.291999
0.291764
0.291216
0.290903
0.290277
0.289964
0.289573
0.289494
0.288790
0.288868
0.288320
0.287929
0.287616
0.287303
0.287146
0.286364
0.286442
0.286050
0.285581
0.285189
0.284955
0.284798
0.284329
0.283859
0.283702
0.283154
0.282763
0.282607
0.282450
0.282059
0.281511
0.281119
0.280337
0.280415
0.279711
0.279476
0.279084
0.278380
0.278615
0.277989
0.277910
0.277597
0.277284
0.276736
0.276423
0.276110
0.275797
0.275171
0.274858
0.274780
0.274232
0.273997
0.273606
0.273214
0.273058
0.272666
0.272118
0.272118
0.271414
0.271336
0.270944
0.270318
0.270005
0.270005
0.269536
0.268909
0.268753
0.268909
0.268361
0.268205
0.267735
0.267579
0.267266
0.266953
0.266326
0.266013
0.265544
0.265387
0.264996
0.264761
0.264291
0.263978
0.263587
0.263352
0.263039
0.262491
0.261865
0.261787
0.261552
0.261082
0.260534
0.260534
0.259987
0.259674
0.259126
0.258891
0.258421
0.258030
0.257560
0.257560
0.257091
0.256934
0.256386
0.256230
0.255995
0.255056
0.255290
0.254743
0.254195
0.254038
0.253647
0.253334
0.252786
0.252316
0.252316
0.251925
0.251455
0.251220
0.251142
0.250829
0.250281
0.249890
0.250125
0.249420
0.249185
0.248481
0.248403
0.248246
0.247855
0.247542
0.247229
0.247150
0.246681
0.246133
0.245976
0.245663
0.245585
0.244959
0.244959
0.244411
0.244098
0.243785
0.243237
0.243002
0.242689
0.242454
0.242141
0.241671
0.241358
0.240889
0.240419
0.240106
0.239636
0.239167
0.238775
0.238619
0.238228
0.237993
0.237445
0.237445
0.236897
0.236819
0.236036
0.236036
0.235958
0.235488
0.235097
0.234784
0.234392
0.233844
0.233844
0.233610
0.232984
0.232749
0.232436
0.232044
0.231418
0.231653
0.231418
0.230714
0.230401
0.230088
0.229540
0.229305
0.228757
0.228600
0.228287
0.228209
0.227896
0.227505
0.227192
0.226409
0.226252
0.225861
0.225861
0.225626
0.225000
0.224765
0.224452
0.224217
0.223826
0.223200
0.222965
0.222574
0.222417
0.221947
0.221791
0.221321
0.221165
0.220617
0.220460
0.219521
0.219599
0.219130
0.218738
0.218738
0.218191
0.217799
0.217564
0.217173
0.216703
0.216156
0.215608
0.215686
0.215608
0.215060
0.214512
0.214590
0.214120
0.213807
0.213181
0.212868
0.212399
0.212399
0.212399
0.211538
0.211146
0.210755
0.210442
0.209894
0.209424
0.209189
0.208955
0.208329
0.207937
0.207702
0.207468
0.206841
0.206763
0.206294
0.205824
0.205354
0.205198
0.204650
0.204572
0.204102
0.203711
0.203476
0.203241
0.202850
0.202458
0.201989
0.201597
0.201206
0.200971
0.200658
0.200267
0.199875
0.199249
0.198858
0.198467
0.197919
0.197371
0.197136
0.196979
0.196666
0.196275
0.195649
0.195414
0.194944
0.194397
0.194240
0.193692
0.193379
0.192753
0.192518
0.192283
0.191970
0.191735
0.191266
0.190718
0.190561
0.189935
0.189857
0.189309
0.189074
0.188761
0.188213
0.187900
0.187587
0.187274
0.186726
0.186491
0.186100
0.185865
0.185395
0.185082
0.184848
0.184378
0.183908
0.183674
0.183360
0.182656
0.182499
0.181795
0.181482
0.181639
0.181247
0.180699
0.180230
0.179838
0.179447
0.178977
0.178664
0.178273
0.177882
0.177412
0.177099
0.176786
0.176238
0.175925
0.176003
0.175377
0.174907
0.174829
0.174281
0.174046
0.173577
0.173342
0.172716
0.172324
0.172090
0.171933
0.171385
0.171072
0.170759
0.170602
0.170211
0.169898
0.169428
0.169037
0.168881
0.168333
0.168020
0.167628
0.167080
0.166924
0.166611
0.166141
0.165750
0.165671
0.165437
0.165045
0.164184
0.163950
0.163871
0.163558
0.163167
0.162619
0.162384
0.162149
0.161915
0.161367
0.160740
0.160427
0.160036
0.159880
0.159410
0.158940
0.158471
0.157923
0.157845
0.157297
0.156984
0.156514
0.156201
0.156123
0.155809
0.155340
0.155105
0.154557
0.154166
0.153696
0.153148
0.153148
0.152835
0.152600
0.152444
0.151896
0.151426
0.151192
0.151035
0.150174
0.149861
0.149470
0.149000
0.148609
0.148452
0.148296
0.147669
0.147591
0.147122
0.146574
0.146026
0.145869
0.145948
0.145321
0.145087
0.144695
0.144539
0.144226
0.143756
0.143208
0.142973
0.142582
0.142269
0.141643
0.141486
0.141173
0.140703
0.140390
0.139921
0.139373
0.139060
0.138903
0.138434
0.137964
0.137729
0.137573
0.137260
0.136633
0.136164
0.135538
0.135225
0.134990
0.134755
0.134285
0.133972
0.133424
0.133424
0.132955
0.132485
0.131624
0.131546
0.130998
0.130763
0.130763
0.130215
0.129980
0.129667
0.128963
0.128650
0.128024
0.127711
0.127398
0.127319
0.126928
0.126537
0.125989
0.125910
0.125519
0.125049
0.124189
0.124189
0.123797
0.123249
0.123249
0.122780
0.122467
0.122075
0.121371
0.120901
0.120353
0.120040
0.119649
0.119101
0.118788
0.118240
0.118083
0.117770
0.117222
0.116440
0.116362
0.115814
0.115892
0.115501
0.115187
0.114874
0.114327
0.113622
0.113231
0.112761
0.112291
0.112135
0.111665
0.111274
0.111039
0.110883
0.110178
0.109787
0.109317
0.108691
0.108221
0.107908
0.107360
0.107204
0.106891
0.106343
0.106265
0.105795
0.104778
0.104465
0.103995
0.103917
0.103604
0.103212
0.102586
0.102351
0.102038
0.101490
0.101177
0.100473
0.100081
0.099534
0.099299
0.098594
0.098516
0.098125
0.097733
0.097185
0.096716
0.096403
0.096011
0.095698
0.095385
0.094994
0.094368
0.094211
0.093585
0.092881
0.092568
0.092254
0.092020
0.091550
0.091159
0.090767
0.090376
0.089906
0.089515
0.088967
0.088341
0.087871
0.087480
0.087323
0.087167
0.086228
0.085915
0.085601
0.085132
0.084506
0.083958
0.083410
0.083175
0.083175
0.082940
0.082001
0.082079
0.081297
0.080984
0.080201
0.079653
0.079575
0.078949
0.078635
0.078088
0.077540
0.077148
0.076835
0.076209
0.076053
0.075426
0.074957
0.074879
0.074331
0.074018
0.073626
0.073391
0.073000
0.072765
0.072139
0.071669
0.071122
0.071122
0.070809
0.070261
0.069713
0.069243
0.069008
0.068617
0.067834
0.067521
0.066973
0.066504
0.066191
0.065956
0.065330
0.065251
0.064860
0.064469
0.063921
0.063529
0.063060
0.062668
0.062277
0.061964
0.061416
0.060868
0.060555
0.060007
0.059538
0.059381
0.058598
0.058520
0.058285
0.057894
0.056955
0.056563
0.056250
0.055781
0.055389
0.054841
0.054685
0.054059
0.053980
0.053198
0.052885
0.052650
0.052180
0.051789
0.051476
0.050928
0.050615
0.050145
0.049754
0.049128
0.048736
0.048189
0.047954
0.047641
0.047093
0.046545
0.046154
0.045527
0.045449
0.045214
0.044588
0.043962
0.043727
0.043336
0.042944
0.042162
0.041849
0.041692
0.041457
0.040362
0.039814
0.039266
0.038796
0.038248
0.038170
0.037779
0.037544
0.037074
0.036605
0.036135
0.035509
0.035039
0.034883
0.034178
0.033865
0.033317
0.032848
0.032456
0.031908
0.031987
0.030891
0.030421
0.030186
0.029873
0.029404
0.028856
0.028699
0.027995
0.027604
0.027134
0.026351
0.026195
0.025803
0.025255
0.024942
0.024316
0.023768
0.023612
0.022986
0.022516
0.021890
0.021577
0.021185
0.020951
0.020168
0.019698
0.019307
0.018916
0.018368
0.017663
0.017037
0.016254
0.016254
0.015863
0.015315
0.015472
0.014846
0.014533
0.013672
0.013202
0.012654
0.012419
0.011950
0.011245
0.010932
0.010306
0.009915
0.009680
0.008897
0.008271
0.007958
0.007253
0.006862
0.006784
0.006392
0.005688
0.005218
0.004749
0.004201
0.003810
0.003027
0.002714
0.002088
0.001696
0.001227
0.000914
0.000522
0.000287
-0.000104
-0.001043
-0.001513
-0.002061
-0.002295
-0.002609
-0.003313
-0.003626
-0.004174
-0.004330
-0.005035
-0.005661
-0.006522
-0.006835
-0.007148
-0.007540
-0.007774
-0.008166
-0.008714
-0.009418
-0.009809
-0.010514
-0.011375
-0.011688
-0.012157
-0.012549
-0.012784
-0.013488
-0.013879
-0.014349
-0.014740
-0.015445
-0.016384
-0.016775
-0.017010
-0.017402
-0.018106
-0.018497
-0.018810
-0.019437
-0.020141
-0.020454
-0.021628
-0.021785
-0.022489
-0.022802
-0.023272
-0.023741
-0.024211
-0.024524
-0.024915
-0.025385
-0.026403
-0.027029
-0.027577
-0.027890
-0.028359
-0.028751
-0.029142
-0.029612
-0.030316
-0.030786
-0.031255
-0.031960
-0.032664
-0.033134
-0.033447
-0.033838
-0.034543
-0.035091
-0.035717
-0.035717
-0.036812
-0.037517
-0.038300
-0.038613
-0.039004
-0.039708
-0.040100
-0.041117
-0.041196
-0.041822
-0.042526
-0.043465
-0.044013
-0.044561
-0.044874
-0.045266
-0.046048
-0.046753
-0.047301
-0.047849
-0.048318
-0.049179
-0.049414
-0.050197
-0.050901
-0.051136
-0.051997
-0.052701
-0.053014
-0.053954
-0.054736
-0.055754
-0.055989
-0.056223
-0.056458
-0.057163
-0.057710
-0.058571
-0.059119
-0.059824
-0.060450
-0.061233
-0.061859
-0.062015
-0.062563
-0.063033
-0.063894
-0.064442
-0.064911
-0.065459
-0.066477
-0.066868
-0.067572
-0.067886
-0.068355
-0.068747
-0.069608
-0.070234
-0.071016
-0.071643
-0.072582
-0.073130
-0.073364
-0.073912
-0.074460
-0.074930
-0.075634
-0.076182
-0.076808
-0.077748
-0.078452
-0.078922
-0.079626
-0.080330
-0.080644
-0.081505
-0.082131
-0.082835
-0.083618
-0.084087
-0.084400
-0.085261
-0.085809
-0.086279
-0.086592
-0.087296
-0.088079
-0.089018
-0.089331
-0.089879
-0.090819
-0.091367
-0.091836
-0.092462
-0.093010
-0.093402
-0.094106
-0.094732
-0.095437
-0.095984
-0.096611
-0.097315
-0.098019
-0.098254
-0.098880
-0.099115
-0.099976
-0.101150
-0.101463
-0.102089
-0.102794
-0.103264
-0.103890
-0.104516
-0.105299
-0.105455
-0.106159
-0.107177
-0.107568
-0.108195
-0.108821
-0.109682
-0.110073
-0.110934
-0.111560
-0.112030
-0.112421
-0.113282
-0.113830
-0.114691
-0.115161
-0.115708
-0.116491
-0.117039
-0.117274
-0.117743
-0.118291
-0.119387
-0.120170
-0.120874
-0.121500
-0.121892
-0.122909
-0.123457
-0.124005
-0.124396
-0.125101
-0.125883
-0.126744
-0.127371
-0.127919
-0.128545
-0.129171
-0.129875
-0.130423
-0.131206
-0.131754
-0.131597
-0.132928
-0.133867
-0.134337
-0.135041
-0.135824
-0.136606
-0.136998
-0.137467
-0.138094
-0.138563
-0.139659
-0.140442
-0.141224
-0.141694
-0.142711
-0.142946
-0.143886
-0.144277
-0.144825
-0.145373
-0.145921
-0.147016
-0.147877
-0.148347
-0.148738
-0.149364
-0.149991
-0.150695
-0.151086
-0.152026
-0.152652
-0.153669
-0.154452
-0.154843
-0.155783
-0.156174
-0.157270
-0.157504
-0.158052
-0.158365
-0.159539
-0.160322
-0.161496
-0.162122
-0.162514
-0.163296
-0.163688
-0.164627
-0.165410
-0.165645
-0.166192
-0.167053
-0.168306
-0.169010
-0.169401
-0.170028
-0.170967
-0.171280
-0.172063
-0.172767
-0.173158
-0.174019
-0.175350
-0.176133
-0.176289
-0.176837
-0.177620
-0.178324
-0.179263
-0.179420
-0.180203
-0.180907
-0.182081
-0.182864
-0.183412
-0.183647
-0.184586
-0.185134
-0.185995
-0.186699
-0.187169
-0.187951
-0.188656
-0.189752
-0.190378
-0.191239
-0.191317
-0.192413
-0.192882
-0.193430
-0.194213
-0.194683
-0.195387
-0.196483
-0.197109
-0.197735
-0.198283
-0.198909
-0.199535
-0.200318
-0.200788
-0.201883
-0.202666
-0.203762
-0.204623
-0.204936
-0.205640
-0.206423
-0.206658
-0.207284
-0.207989
-0.208458
-0.208928
-0.210493
-0.211432
-0.211824
-0.212450
-0.212998
-0.213389
-0.214250
-0.214955
-0.215346
-0.215737
-0.216911
-0.217850
-0.218555
-0.219025
-0.219651
-0.219886
-0.220746
-0.221294
-0.222077
-0.222547
-0.223173
-0.224269
-0.224738
-0.225443
-0.226069
-0.226460
-0.227321
-0.227869
-0.228260
-0.228808
-0.229356
-0.230530
-0.231861
-0.232252
-0.232643
-0.233113
-0.233504
-0.233974
-0.234835
-0.235774
-0.236166
-0.236792
-0.237809
-0.238592
-0.238827
-0.239688
-0.239923
-0.240627
-0.241331
-0.241879
-0.242505
-0.243288
-0.244071
-0.245010
-0.245558
-0.245949
-0.246419
-0.247123
-0.247358
-0.248141
-0.248767
-0.249237
-0.249785
-0.250724
-0.251507
-0.252133
-0.252289
-0.252524
-0.253150
-0.253933
-0.254637
-0.254950
-0.255577
-0.256672
-0.257298
-0.257768
-0.258159
-0.258551
-0.259020
-0.259490
-0.259960
-0.260742
-0.261212
-0.262073
-0.262934
-0.263717
-0.263951
-0.264343
-0.264656
-0.265204
-0.265595
-0.266221
-0.266691
-0.267160
-0.268100
-0.268491
-0.269117
-0.269274
-0.269743
-0.269978
-0.270683
-0.271309
-0.271622
-0.272248
-0.272796
-0.273422
-0.273422
-0.274205
-0.274674
-0.274831
-0.275222
-0.275927
-0.276240
-0.276709
-0.276788
-0.277805
-0.278197
-0.278823
-0.279214
-0.279762
-0.279840
-0.280232
-0.281014
-0.281327
-0.281953
-0.282423
-0.282658
-0.283519
-0.283597
-0.284067
-0.284380
-0.284928
-0.285241
-0.285789
-0.285710
-0.286180
-0.286650
-0.287354
-0.287667
-0.287980
-0.288528
-0.288606
-0.288685
-0.289467
-0.289389
-0.290094
-0.290250
-0.290798
-0.291033
-0.291815
-0.291894
-0.292285
-0.292129
-0.292676
-0.293146
-0.293146
-0.293694
-0.293850
-0.294007
-0.294633
-0.295103
-0.295181
-0.295338
-0.295416
-0.296120
-0.296277
-0.296746
-0.296746
-0.297451
-0.297764
-0.297842
-0.298547
-0.298547
-0.298860
-0.299408
-0.299408
-0.299721
-0.299799
-0.300034
-0.300269
-0.300582
-0.301208
-0.301051
-0.301443
-0.301443
-0.301677
-0.301599
-0.302225
-0.302617
-0.302538
-0.302851
-0.303086
-0.303321
-0.303634
-0.303634
-0.303712
-0.304104
-0.304182
-0.304339
-0.304808
-0.304730
-0.304808
-0.304887
-0.305121
-0.305434
-0.305278
-0.305513
-0.305591
-0.305826
-0.305904
-0.305982
-0.306217
-0.306530
-0.306765
-0.306608
-0.306765
-0.307000
-0.307000
-0.307078
-0.307313
-0.307000
-0.307548
-0.307548
-0.307469
-0.307939
-0.307861
-0.308096
-0.308174
-0.308330
-0.308330
-0.308409
-0.308330
-0.308487
-0.308565
-0.308800
-0.308643
-0.308643
-0.308722
-0.309113
-0.309035
-0.309191
-0.308957
-0.309035
-0.309191
-0.309270
-0.309270
-0.309348
-0.309583
-0.309426
-0.309504
-0.309426
-0.309661
-0.309583
-0.309504
-0.309739
-0.309504
-0.309348
-0.309583
-0.309739
-0.309818
-0.309739
-0.309426
-0.309661
-0.309739
-0.309739
-0.309583
-0.309426
-0.309270
-0.309504
-0.309583
-0.309583
-0.309661
-0.309426
-0.309035
-0.309504
-0.309270
-0.309348
-0.309348
-0.309348
-0.309426
-0.309191
-0.309426
-0.309661
-0.309426
-0.309583
-0.309113
-0.309191
-0.309191
-0.309035
-0.309113
-0.309113
-0.309348
-0.309504
-0.309191
-0.309270
-0.309035
-0.309035
-0.309113
-0.309113
-0.308800
-0.308878
-0.308487
-0.308878
-0.308878
-0.308957
-0.308565
-0.308330
-0.308330
-0.308643
-0.308722
-0.308409
-0.308174
-0.308252
-0.308330
-0.308330
-0.308174
-0.308174
-0.308017
-0.307626
-0.307782
-0.307704
-0.307704
-0.307626
-0.307548
-0.307626
-0.307626
-0.307391
-0.307235
-0.307313
-0.307235
-0.307313
-0.307391
-0.307235
-0.307469
-0.307156
-0.307078
-0.307000
-0.307078
-0.306922
-0.307000
-0.307078
-0.306843
-0.306608
-0.306452
-0.306687
-0.306452
-0.306295
-0.306374
-0.306139
-0.306061
-0.306061
-0.305982
-0.305982
-0.305904
-0.306061
-0.305982
-0.305904
-0.305513
-0.305669
-0.305434
-0.305434
-0.305200
-0.305434
-0.305434
-0.305043
-0.305121
-0.305434
-0.305356
-0.304965
-0.305121
-0.304730
-0.304652
-0.304652
-0.304808
-0.304730
-0.304495
-0.304730
-0.304573
-0.304260
-0.304104
-0.304339
-0.304417
-0.304182
-0.303791
-0.303869
-0.303556
-0.303869
-0.303634
-0.303869
-0.303712
-0.303712
-0.303634
-0.303556
-0.303399
-0.303165
-0.303321
-0.303243
-0.303321
-0.303478
-0.303399
-0.303008
-0.302930
-0.303008
-0.302851
-0.302851
-0.302773
-0.302617
-0.302538
-0.302695
-0.302617
-0.302695
-0.302460
-0.302382
-0.302304
-0.302382
-0.302069
-0.302147
-0.302147
-0.302460
-0.301991
-0.302304
-0.302069
-0.301912
-0.301834
-0.301912
-0.301834
-0.301912
-0.301599
-0.301599
-0.301677
-0.301677
-0.301599
-0.301677
-0.301834
-0.301599
-0.301286
-0.301364
-0.301051
-0.301051
-0.301051
-0.301208
-0.301286
-0.301286
-0.301130
-0.300973
-0.300895
-0.301051
-0.300738
-0.300660
-0.300660
-0.300738
-0.300816
-0.300973
-0.300973
-0.301051
-0.300895
-0.300738
-0.300425
-0.300582
-0.300190
-0.300425
-0.300190
-0.300503
-0.300660
-0.300660
-0.300582
-0.300582
-0.300425
-0.300425
-0.300034
-0.300425
-0.299956
-0.300347
-0.300582
-0.300425
-0.300582
-0.300738
-0.300738
-0.300269
-0.300347
-0.300034
-0.300582
-0.300425
-0.300347
-0.300190
-0.300425
-0.300582
-0.300582
-0.300660
-0.300816
-0.300269
-0.300503
-0.300269
-0.300425
-0.300269
-0.300190
-0.300582
-0.300660
-0.300816
-0.300738
-0.300503
-0.300347
-0.300582
-0.300582
-0.300347
-0.300347
-0.300582
-0.300582
-0.300660
-0.301130
-0.300973
-0.300582
-0.300895
-0.300895
-0.300660
-0.300738
-0.300503
-0.300269
-0.300582
-0.301130
-0.301208
-0.301286
-0.301364
-0.301130
-0.301130
-0.300973
-0.300973
-0.301130
-0.301051
-0.301286
-0.301130
-0.301599
-0.301599
-0.301756
-0.301677
-0.301599
-0.301756
-0.301912
-0.301991
-0.301756
-0.302147
-0.302147
-0.302304
-0.302460
-0.302225
-0.302147
-0.301991
-0.302225
-0.302460
-0.302460
-0.302382
-0.302930
-0.302538
-0.302695
-0.303008
-0.303399
-0.302930
-0.302851
-0.302851
-0.302930
-0.303086
-0.303165
-0.303086
-0.303321
-0.303791
-0.303399
-0.303712
-0.303712
-0.303634
-0.303556
-0.303791
-0.303791
-0.304104
-0.303947
-0.304182
-0.304573
-0.304573
-0.304808
-0.304887
-0.304339
-0.304730
-0.304652
-0.305121
-0.304965
-0.304730
-0.305200
-0.305121
-0.305513
-0.305904
-0.305747
-0.305747
-0.305434
-0.305747
-0.306139
-0.306061
-0.305904
-0.306295
-0.306608
-0.306608
-0.306765
-0.306843
-0.306687
-0.306765
-0.307000
-0.307000
-0.307156
-0.307313
-0.307391
-0.307626
-0.307626
-0.307861
-0.307861
-0.308017
-0.308017
-0.308252
-0.308330
-0.308487
-0.308487
-0.308487
-0.308722
-0.308957
-0.308800
-0.309191
-0.309035
-0.309270
-0.309113
-0.309191
-0.309739
-0.309739
-0.309739
-0.309739
-0.310209
-0.310209
-0.310287
-0.310600
-0.310600
-0.310757
-0.310913
-0.311070
-0.311070
-0.311148
-0.311070
-0.311383
-0.311774
-0.311696
-0.312087
-0.312244
-0.312009
-0.312557
-0.312557
-0.312713
-0.312870
-0.312713
-0.313105
-0.313027
-0.313183
-0.313183
-0.313496
-0.313574
-0.313731
-0.313731
-0.314044
-0.314044
-0.314514
-0.314514
-0.314592
-0.314748
-0.314905
-0.315296
-0.315062
-0.315296
-0.315531
-0.315453
-0.315844
-0.315766
-0.315844
-0.316314
-0.316470
-0.316627
-0.316784
-0.316940
-0.316784
-0.316862
-0.317253
-0.317644
-0.317488
-0.317801
-0.317723
-0.317958
-0.318192
-0.318584
-0.318349
-0.318505
-0.318975
-0.319132
-0.319366
-0.319366
-0.319601
-0.319445
-0.319758
-0.319914
-0.320149
-0.320149
-0.320540
-0.320932
-0.321010
-0.321167
-0.321636
-0.321715
-0.321871
-0.321871
-0.322419
-0.322341
-0.322341
-0.322654
-0.322967
-0.322967
-0.323280
-0.323436
-0.323436
-0.323436
-0.323906
-0.323906
-0.323984
-0.324063
-0.324376
-0.324610
-0.325237
-0.325158
-0.325550
-0.325471
-0.325550
-0.325628
-0.325941
-0.326019
-0.326411
-0.326646
-0.326567
-0.326724
-0.326880
-0.327037
-0.327350
-0.327350
-0.327663
-0.327741
-0.327820
-0.328054
-0.328133
-0.328211
-0.328524
-0.328759
-0.329072
-0.329072
-0.329307
-0.329698
-0.329463
-0.329620
-0.329855
-0.330011
-0.330402
-0.330246
-0.330716
-0.330950
-0.331263
-0.331655
-0.331498
-0.331498
-0.331968
-0.332046
-0.332281
-0.332594
-0.332516
-0.332829
-0.332829
-0.333377
-0.333612
-0.333846
-0.334316
-0.334003
-0.334238
-0.334707
-0.334629
-0.334707
-0.334786
-0.334942
-0.335490
-0.335881
-0.336273
-0.336038
-0.336429
-0.336508
-0.336742
-0.336742
-0.336977
-0.337134
-0.337368
-0.337603
-0.337995
-0.338386
-0.338464
-0.338386
-0.338699
-0.338777
-0.339169
-0.339169
-0.339560
-0.339717
-0.339638
-0.340499
-0.340264
-0.340734
-0.340812
-0.341125
-0.341517
-0.341673
-0.341830
-0.342065
-0.342299
-0.342299
-0.342691
-0.342847
-0.342926
-0.343317
-0.343395
-0.343552
-0.343787
-0.343787
-0.344100
-0.344178
-0.344256
-0.344726
-0.344804
-0.345039
-0.345430
-0.345587
-0.345900
-0.346213
-0.346213
-0.346448
-0.346683
-0.346996
-0.347074
-0.346996
-0.347465
-0.348013
-0.347857
-0.348170
-0.348326
-0.348874
-0.348796
-0.348796
-0.349265
-0.349265
-0.349422
-0.349892
-0.349970
-0.349970
-0.350596
-0.350831
-0.350831
-0.350987
-0.351535
-0.351692
-0.351692
-0.351927
-0.352240
-0.352396
-0.352631
-0.352788
-0.353257
-0.353414
-0.353570
-0.353805
-0.354040
-0.353883
-0.354275
-0.354744
-0.355057
-0.355371
-0.355840
-0.355840
-0.356388
-0.356623
-0.356545
-0.356858
-0.356858
-0.357092
-0.357092
-0.357719
-0.357953
-0.358110
-0.358501
-0.358814
-0.358814
-0.359127
-0.359206
-0.359597
-0.359675
-0.359988
-0.360458
-0.360693
-0.360928
-0.361319
-0.361476
-0.361554
-0.361710
-0.362023
-0.362337
-0.362415
-0.362571
-0.362884
-0.363041
-0.363432
-0.363745
-0.364293
-0.364372
-0.364606
-0.364528
-0.364841
-0.364998
-0.365311
-0.365467
-0.365467
-0.365937
-0.366015
-0.366563
-0.366720
-0.367111
-0.367111
-0.367424
-0.367659
-0.367972
-0.368050
-0.368442
-0.368598
-0.368833
-0.368989
-0.369459
-0.369616
-0.369850
-0.369929
-0.370085
-0.370320
-0.370555
-0.370946
-0.371181
-0.371416
-0.371494
-0.372042
-0.372512
-0.372668
-0.372903
-0.373216
-0.373451
-0.373607
-0.373373
-0.374155
-0.374077
-0.374625
-0.374703
-0.375016
-0.375016
-0.375486
-0.375799
-0.375877
-0.376347
-0.376347
-0.376503
-0.376816
-0.376895
-0.377364
-0.377599
-0.377834
-0.378069
-0.378304
-0.378851
-0.379008
-0.379008
-0.379321
-0.379791
-0.380104
-0.380417
-0.380182
-0.380808
-0.381200
-0.381434
-0.381434
-0.381982
-0.381982
-0.382374
-0.382452
-0.382921
-0.383156
-0.383235
-0.383469
-0.383626
-0.384096
-0.384330
-0.384409
-0.384878
-0.385035
-0.385348
-0.385504
-0.385739
-0.386052
-0.386131
-0.386365
-0.386678
-0.387148
-0.387070
-0.387461
-0.387774
-0.388009
-0.388244
-0.388557
-0.388635
-0.388479
-0.389105
-0.389340
-0.389496
-0.390044
-0.390435
-0.390592
-0.390514
-0.390905
-0.391062
-0.391531
-0.392079
-0.392236
-0.392392
-0.392470
-0.392783
-0.393018
-0.393566
-0.393331
-0.393879
-0.393958
-0.394036
-0.394662
-0.395053
-0.394975
-0.395366
-0.395836
-0.395993
-0.396462
-0.396775
-0.396775
-0.396854
-0.397245
-0.397480
-0.397636
-0.398184
-0.398341
-0.398497
-0.398732
-0.398889
-0.399280
-0.399593
-0.399906
-0.400297
-0.400532
-0.400689
-0.401002
-0.401628
-0.401863
-0.401941
-0.402098
-0.402802
-0.402959
-0.403193
-0.403428
-0.403663
-0.403898
-0.404289
-0.404602
-0.404759
-0.404602
-0.405307
-0.405228
-0.405776
-0.405933
-0.406168
-0.406246
-0.406872
-0.407107
-0.407263
-0.407576
-0.407968
-0.408046
-0.408516
-0.408829
-0.408594
-0.408829
-0.409298
-0.409690
-0.410003
-0.410394
-0.410394
-0.410942
-0.411099
-0.411412
-0.411881
-0.411881
-0.412116
-0.412273
-0.412507
-0.412664
-0.413212
-0.413368
-0.413525
-0.413838
-0.414386
-0.414464
-0.414934
-0.414856
-0.415090
-0.415482
-0.415638
-0.415873
-0.416421
-0.416734
-0.416812
-0.417125
-0.417517
-0.417752
-0.417752
-0.418065
-0.418221
-0.418691
-0.418847
-0.419239
-0.419473
-0.419865
-0.420491
-0.420334
-0.420569
-0.420804
-0.421274
-0.421430
-0.421665
-0.421978
-0.422135
-0.422683
-0.422917
-0.422917
-0.423309
-0.423700
-0.424170
-0.424248
-0.424404
-0.424796
-0.424874
-0.425579
-0.425657
-0.425735
-0.425892
-0.426518
-0.426674
-0.426909
-0.427144
-0.427457
-0.427848
-0.427692
-0.427770
-0.428396
-0.428866
-0.428866
-0.429335
-0.429570
-0.429962
-0.430118
-0.430353
-0.430979
-0.431057
-0.431292
-0.431370
-0.431684
-0.431840
-0.432153
-0.432388
-0.432858
-0.433249
-0.433249
-0.433562
-0.434266
-0.434658
-0.434423
-0.434814
-0.435127
-0.435362
-0.435910
-0.435832
-0.436458
-0.436615
-0.437006
-0.437241
-0.437397
-0.437710
-0.437867
-0.437867
-0.437945
-0.438571
-0.438728
-0.439197
-0.439354
-0.439667
-0.439980
-0.440215
-0.440685
-0.441311
-0.441232
-0.441467
-0.441702
-0.442328
-0.442720
-0.442720
-0.442876
-0.443346
-0.443424
-0.443737
-0.444050
-0.444285
-0.444442
-0.444833
-0.445224
-0.445303
-0.446007
-0.445929
-0.446320
-0.446477
-0.446868
-0.447181
-0.447494
-0.447885
-0.448042
-0.447885
-0.448277
-0.448355
-0.448825
-0.448903
-0.449294
-0.449373
-0.449686
-0.449999
-0.450390
-0.450234
-0.450625
-0.451173
-0.451173
-0.451642
-0.451877
-0.452034
-0.452425
-0.452895
-0.453051
-0.453208
-0.453599
-0.453990
-0.454382
-0.454460
-0.454695
-0.454930
-0.455321
-0.455556
-0.455947
-0.456104
-0.456339
-0.456965
-0.457043
-0.457434
-0.457591
-0.457747
-0.458217
-0.458530
-0.458765
-0.459078
-0.459469
-0.459469
-0.460174
-0.460565
-0.460800
-0.460878
-0.461191
-0.461583
-0.461583
-0.461739
-0.462365
-0.462365
-0.462678
-0.462757
-0.463305
-0.463305
-0.463931
-0.464244
-0.464322
-0.464792
-0.465027
-0.465418
-0.465340
-0.465887
-0.466122
-0.466670
-0.466670
-0.466905
-0.467375
-0.467688
-0.467766
-0.468236
-0.468549
-0.468862
-0.468940
-0.469410
-0.469644
-0.470114
-0.470349
-0.470505
-0.470818
-0.471601
-0.471523
-0.471836
-0.471914
-0.472384
-0.472697
-0.472853
-0.473245
-0.473323
-0.473558
-0.474106
-0.474184
-0.474810
-0.475202
-0.475280
-0.475358
-0.475828
-0.475984
-0.476219
-0.476376
-0.476376
-0.477002
-0.477393
-0.477550
-0.478254
-0.478411
-0.478645
-0.478724
-0.479115
-0.479193
-0.479506
-0.479976
-0.480211
-0.480446
-0.480994
-0.481150
-0.481541
-0.481933
-0.482402
-0.482715
-0.482637
-0.483185
-0.483342
-0.483263
-0.483890
-0.484203
-0.484359
-0.484437
-0.485142
-0.485455
-0.485690
-0.485846
-0.486394
-0.486786
-0.486864
-0.487099
-0.487568
-0.487725
-0.488038
-0.488351
-0.488664
-0.488742
-0.489134
-0.489290
-0.489838
-0.490151
-0.490151
-0.490542
-0.490856
-0.491090
-0.491403
-0.491560
-0.492343
-0.492499
-0.492812
-0.492969
-0.493360
-0.493830
-0.493986
-0.494299
-0.494612
-0.494847
-0.495004
-0.495395
-0.495708
-0.495787
-0.496334
-0.496804
-0.497117
-0.497117
-0.497352
-0.497743
-0.497822
-0.498291
-0.498526
-0.498839
-0.499309
-0.499387
-0.500013
-0.500013
-0.500404
-0.500796
-0.501344
-0.501657
-0.501813
-0.502126
-0.501970
-0.502439
-0.502831
-0.503614
-0.503770
-0.503927
-0.504161
-0.504240
-0.504553
-0.504709
-0.505492
-0.505335
-0.506118
-0.506431
-0.506431
-0.506666
-0.506901
-0.507214
-0.507605
-0.507684
-0.507997
-0.508231
-0.508388
-0.508701
-0.509014
-0.509249
-0.509405
-0.510032
-0.510032
-0.510188
-0.510501
-0.510971
-0.511284
-0.511910
-0.511597
-0.512301
-0.512223
-0.512771
-0.512849
-0.513084
-0.513632
-0.513789
-0.514023
-0.514650
-0.514650
-0.514884
-0.515276
-0.515824
-0.515745
-0.516215
-0.516371
-0.516528
-0.516998
-0.517467
-0.517546
-0.517859
-0.518172
-0.518720
-0.518563
-0.519033
-0.519502
-0.519581
-0.520050
-0.520363
-0.520598
-0.520833
-0.521224
-0.521694
-0.521772
-0.522320
-0.522711
-0.522946
-0.523259
-0.523572
-0.523807
-0.524277
-0.524355
-0.524981
-0.525059
-0.525294
-0.525373
-0.525920
-0.526077
-0.526468
-0.526625
-0.526781
-0.527251
-0.527408
-0.527799
-0.528268
-0.528347
-0.528582
-0.528660
-0.529051
-0.529521
-0.529834
-0.530069
-0.530225
-0.530460
-0.530930
-0.531164
-0.531556
-0.531634
-0.531869
-0.531947
-0.532417
-0.532495
-0.532965
-0.533199
-0.533747
-0.533826
-0.534295
-0.534139
-0.534530
-0.534921
-0.535156
-0.535391
-0.535782
-0.535939
-0.536252
-0.536643
-0.536800
-0.537348
-0.537426
-0.537661
-0.538209
-0.538365
-0.538678
-0.538913
-0.539226
-0.539383
-0.539696
-0.539852
-0.540400
-0.540713
-0.540713
-0.540948
-0.541418
-0.541887
-0.542122
-0.542122
-0.542357
-0.542983
-0.542748
-0.543375
-0.543609
-0.544001
-0.544392
-0.544627
-0.544940
-0.545253
-0.545488
-0.545957
-0.546192
-0.546349
-0.546505
-0.546662
-0.546975
-0.547445
-0.547836
-0.548149
-0.548227
-0.548462
-0.548697
-0.549245
-0.549401
-0.549401
-0.549871
-0.550027
-0.550184
-0.550810
-0.551045
-0.551123
-0.551749
-0.552063
-0.552141
-0.552454
-0.552689
-0.552767
-0.553237
-0.553393
-0.553784
-0.553863
-0.554411
-0.554489
-0.554958
-0.555193
-0.555741
-0.555663
-0.556133
-0.556602
-0.556446
-0.556759
-0.557307
-0.557541
-0.557854
-0.557854
-0.558324
-0.558715
-0.558715
-0.558872
-0.559185
-0.559889
-0.560124
-0.560437
-0.560516
-0.561064
-0.561298
-0.561690
-0.561690
-0.562081
-0.562785
-0.563177
-0.563412
-0.563568
-0.564194
-0.564194
-0.564351
-0.564742
-0.565134
-0.565134
-0.565525
-0.565681
-0.565916
-0.565995
-0.566699
-0.567169
-0.567247
-0.567482
-0.567716
-0.568030
-0.568343
-0.568812
-0.569047
-0.569047
-0.569438
-0.569751
-0.570065
-0.570143
-0.570534
-0.570769
-0.571317
-0.571473
-0.571943
-0.572256
-0.572334
-0.572804
-0.573352
-0.573274
-0.573822
-0.574291
-0.574448
-0.574448
-0.574761
-0.575387
-0.575387
-0.576013
-0.576248
-0.576248
-0.576717
-0.577031
-0.577344
-0.577657
-0.577892
-0.578048
-0.578439
-0.578674
-0.578987
-0.579222
-0.579457
-0.579770
-0.580240
-0.580631
-0.580631
-0.581179
-0.581883
-0.582353
-0.582196
-0.582509
-0.582901
-0.583057
-0.583527
-0.583762
-0.583997
-0.584466
-0.584779
-0.585092
-0.585484
-0.585719
-0.585953
-0.586110
-0.586814
-0.586893
-0.586814
-0.587362
-0.587754
-0.587832
-0.588145
-0.588771
-0.588693
-0.589006
-0.589084
-0.589789
-0.589710
-0.590023
-0.590102
-0.590336
-0.591119
-0.591119
-0.591589
-0.591980
-0.592371
-0.592685
-0.592998
-0.593311
-0.593780
-0.593859
-0.594328
-0.594406
-0.594876
-0.595111
-0.595346
-0.595659
-0.596050
-0.596050
-0.596285
-0.596676
-0.597302
-0.597381
-0.597772
-0.598163
-0.598085
-0.598711
-0.599024
-0.599337
-0.599416
-0.599885
-0.599964
-0.600746
-0.600668
-0.601216
-0.601451
-0.602155
-0.602390
-0.602703
-0.602860
-0.603016
-0.603564
-0.603642
-0.603877
-0.604347
-0.604660
-0.605051
-0.605364
-0.605599
-0.606069
-0.606225
-0.606695
-0.606930
-0.607164
-0.607712
-0.607712
-0.608182
-0.608182
-0.608808
-0.609043
-0.609199
-0.609826
-0.610217
-0.610295
-0.610374
-0.610687
-0.610843
-0.611156
-0.611704
-0.611939
-0.612095
-0.612252
-0.612409
-0.613113
-0.613426
-0.613583
-0.613739
-0.613974
-0.614365
-0.614600
-0.615226
-0.615383
-0.615852
-0.615852
-0.616244
-0.616400
-0.616713
-0.616870
-0.617105
-0.617340
-0.617887
-0.618044
-0.618357
-0.618592
-0.619061
-0.619296
-0.619766
-0.620157
-0.620236
-0.620392
-0.621018
-0.621331
-0.621566
-0.622036
-0.622114
-0.622349
-0.622975
-0.622975
-0.623366
-0.623601
-0.623992
-0.624384
-0.624306
-0.624775
-0.625010
-0.625401
-0.625714
-0.625949
-0.626419
-0.626575
-0.626654
-0.627202
-0.627358
-0.627593
-0.628062
-0.628454
-0.628767
-0.629002
-0.629237
-0.629550
-0.630019
-0.630176
-0.630411
-0.630645
-0.630880
-0.631272
-0.631350
-0.631428
-0.631741
-0.631898
-0.632446
-0.632915
-0.633307
-0.633541
-0.633933
-0.633698
-0.634168
-0.634637
-0.634794
-0.635263
-0.635498
-0.635263
-0.635733
-0.636203
-0.636829
-0.637142
-0.637455
-0.637298
-0.637455
-0.637768
-0.638238
-0.638551
-0.638864
-0.638942
-0.639255
-0.639803
-0.639803
-0.640351
-0.640899
-0.641055
-0.641290
-0.641603
-0.641681
-0.642229
-0.642464
-0.642464
-0.643325
-0.643403
-0.643716
-0.643795
-0.644030
-0.644656
-0.644890
-0.644969
-0.645360
-0.645673
-0.645673
-0.646221
-0.646456
-0.646612
-0.647004
-0.647473
-0.647786
-0.647708
-0.648100
