-0.534530
-0.534530
-0.535000
-0.535313
-0.535548
-0.535391
-0.536017
-0.536252
-0.536565
-0.537035
-0.537113
-0.537426
-0.537896
-0.538130
-0.538522
-0.538678
-0.539226
-0.539148
-0.539539
-0.539774
-0.539931
-0.540166
-0.540557
-0.540792
-0.541418
-0.541418
-0.541731
-0.542279
-0.542201
-0.542514
-0.542748
-0.542670
-0.543218
-0.543609
-0.543688
-0.544079
-0.544314
-0.544314
-0.544627
-0.545097
-0.545410
-0.545723
-0.546036
-0.546114
-0.546427
-0.546897
-0.547210
-0.547679
-0.547836
-0.547836
-0.548149
-0.548697
-0.548932
-0.549245
-0.549401
-0.549558
-0.550106
-0.550419
-0.550497
-0.550967
-0.551515
-0.551671
-0.551436
-0.551906
-0.552610
-0.552845
-0.553002
-0.553237
-0.553628
-0.553784
-0.553941
-0.554567
-0.554802
-0.554802
-0.555272
-0.555741
-0.555898
-0.556446
-0.556524
-0.556994
-0.557150
-0.557307
-0.557698
-0.558089
-0.558324
-0.558559
-0.558950
-0.559185
-0.559342
-0.559733
-0.559968
-0.560359
-0.560750
-0.560829
-0.561142
-0.561298
-0.561768
-0.562003
-0.562551
-0.562707
-0.562942
-0.563333
-0.563725
-0.563725
-0.564429
-0.564899
-0.564742
-0.565290
-0.565290
-0.565368
-0.565603
-0.565995
-0.566386
-0.566777
-0.567169
-0.567325
-0.567638
-0.567951
-0.568108
-0.568343
-0.568656
-0.568891
-0.569047
-0.569595
-0.569830
-0.570143
-0.570378
-0.570847
-0.571160
-0.571160
-0.571473
-0.571943
-0.572178
-0.572491
-0.572961
-0.573039
-0.573117
-0.573665
-0.573978
-0.574135
-0.574604
-0.574761
-0.575152
-0.575309
-0.575700
-0.575935
-0.576091
-0.576796
-0.576874
-0.577031
-0.577344
-0.577578
-0.578048
-0.578205
-0.578361
-0.578518
-0.578987
-0.579379
-0.580005
-0.580161
-0.580240
-0.580318
-0.580709
-0.581179
-0.581805
-0.581648
-0.582196
-0.582431
-0.582509
-0.583136
-0.583370
-0.583762
-0.584075
-0.584388
-0.584623
-0.584936
-0.585092
-0.585249
-0.585640
-0.586110
-0.586345
-0.586893
-0.586893
-0.587284
-0.587675
-0.587754
-0.588145
-0.588615
-0.588928
-0.588928
-0.589632
-0.589397
-0.589789
-0.589945
-0.590493
-0.590650
-0.591276
-0.591354
-0.591510
-0.591902
-0.592058
-0.592528
-0.592919
-0.593076
-0.593389
-0.593546
-0.594015
-0.594406
-0.594563
-0.594876
-0.595033
-0.595267
-0.595502
-0.595894
-0.596285
-0.596755
-0.596755
-0.597146
-0.597381
-0.597772
-0.598085
-0.598555
-0.598711
-0.598946
-0.599337
-0.599572
-0.600042
-0.600433
-0.600512
-0.601138
-0.601842
-0.602233
-0.602390
-0.602468
-0.602860
-0.603329
-0.603642
-0.603721
-0.604190
-0.604425
-0.604895
-0.604895
-0.605208
-0.605756
-0.605912
-0.606382
-0.606617
-0.607008
-0.607321
-0.607399
-0.607791
-0.608104
-0.608182
-0.608573
-0.608965
-0.609356
-0.609669
-0.609904
-0.610295
-0.610608
-0.610765
-0.611078
-0.611313
-0.611861
-0.612095
-0.612174
-0.612565
-0.612722
-0.613113
-0.613504
-0.613661
-0.614052
-0.614444
-0.614522
-0.614678
-0.614835
-0.615618
-0.615539
-0.616087
-0.616087
-0.616635
-0.616948
-0.617105
-0.617105
-0.617653
-0.617887
-0.617966
-0.618044
-0.618514
-0.618905
-0.618983
-0.619375
-0.620001
-0.619766
-0.620314
-0.620783
-0.621331
-0.621331
-0.621723
-0.622114
-0.622584
-0.622662
-0.623053
-0.623131
-0.623445
-0.623992
-0.623992
-0.624540
-0.624462
-0.624697
-0.624853
-0.625245
-0.625558
-0.626106
-0.626184
-0.626497
-0.626967
-0.626967
-0.627202
-0.627671
-0.627828
-0.628610
-0.628454
-0.628689
-0.629158
-0.629315
-0.629628
-0.630176
-0.630411
-0.630411
-0.631115
-0.630958
-0.631193
-0.631819
-0.632289
-0.632524
-0.632524
-0.632915
-0.633307
-0.633385
-0.634168
-0.634559
-0.634559
-0.634637
-0.634872
-0.635342
-0.635420
-0.635889
-0.635733
-0.636516
-0.636672
-0.636750
-0.637533
-0.637846
-0.638238
-0.638316
-0.638629
-0.638942
-0.639020
-0.639490
-0.639646
-0.639725
-0.640351
-0.640742
-0.641212
-0.641368
-0.641212
-0.641916
-0.642073
-0.642464
-0.642464
-0.643169
-0.643169
-0.643247
-0.643638
-0.644186
-0.644343
-0.644812
-0.644969
-0.645047
-0.645517
-0.645517
-0.645595
-0.646065
-0.646221
-0.646691
-0.646926
-0.647239
-0.647473
-0.647943
-0.647943
-0.648256
-0.648804
-0.648804
-0.649430
-0.649587
-0.649978
-0.649900
-0.650135
-0.650369
-0.651152
-0.651230
-0.651622
-0.652091
-0.652483
-0.652561
-0.652561
-0.652952
-0.653187
-0.653344
-0.653657
-0.653813
-0.654361
-0.654596
-0.654752
-0.654909
-0.655222
-0.655457
-0.655535
-0.655692
-0.655692
-0.655535
-0.655613
-0.655535
-0.655457
-0.655144
-0.654831
-0.655066
-0.654831
-0.654596
-0.654752
-0.654518
-0.654283
-0.653892
-0.653970
-0.653657
-0.653500
-0.653344
-0.652952
-0.652952
-0.652404
-0.652326
-0.652170
-0.651856
-0.651465
-0.651309
-0.650917
-0.650526
-0.650056
-0.649978
-0.649978
-0.649587
-0.649039
-0.648804
-0.648413
-0.647943
-0.647708
-0.647395
-0.646926
-0.646534
-0.646534
-0.646065
-0.645830
-0.645517
-0.645438
-0.645047
-0.644577
-0.644186
-0.643795
-0.643795
-0.643560
-0.642934
-0.642699
-0.642308
-0.642073
-0.641447
-0.641447
-0.641134
-0.640586
-0.640586
-0.640038
-0.639568
-0.639099
-0.639177
-0.638551
-0.638394
-0.637690
-0.637768
-0.637533
-0.636829
-0.636516
-0.636281
-0.635889
-0.635420
-0.635263
-0.635028
-0.634715
-0.634402
-0.634324
-0.634011
-0.633620
-0.633228
-0.632915
-0.632524
-0.632211
-0.631898
-0.631350
-0.631350
-0.630567
-0.630254
-0.629784
-0.629706
-0.629393
-0.629080
-0.628923
-0.628845
-0.628454
-0.628062
-0.627593
-0.627202
-0.626967
-0.626654
-0.626575
-0.626027
-0.625871
-0.625480
-0.625088
-0.624932
-0.624227
-0.624227
-0.623914
-0.623601
-0.623210
-0.622818
-0.622505
-0.622036
-0.621801
-0.621253
-0.620940
-0.620862
-0.620157
-0.619766
-0.619609
-0.619140
-0.618905
-0.618592
-0.618357
-0.617731
-0.617496
-0.617105
-0.617026
-0.616635
-0.616087
-0.615931
-0.615618
-0.615070
-0.615070
-0.614209
-0.613974
-0.613348
-0.613269
-0.613113
-0.612643
-0.612252
-0.611782
-0.611782
-0.611391
-0.611548
-0.610843
-0.610530
-0.609982
-0.609747
-0.609199
-0.609278
-0.608965
-0.608886
-0.608338
-0.607791
-0.607556
-0.607556
-0.606930
-0.606538
-0.606069
-0.605756
-0.605599
-0.605286
-0.604660
-0.604503
-0.604503
-0.604268
-0.603486
-0.603486
-0.602938
-0.602625
-0.602547
-0.602390
-0.601842
-0.601529
-0.600981
-0.600277
-0.600433
-0.600042
-0.599651
-0.599259
-0.598790
-0.598320
-0.598163
-0.598007
-0.597068
-0.597146
-0.597224
-0.596911
-0.596363
-0.595972
-0.595581
-0.595502
-0.595033
-0.594485
-0.594485
-0.594172
-0.593937
-0.593232
-0.592998
-0.592685
-0.592215
-0.592215
-0.591902
-0.591432
-0.591197
-0.590963
-0.590493
-0.590180
-0.589789
-0.589789
-0.589162
-0.589084
-0.588849
-0.588380
-0.587988
-0.587440
-0.587284
-0.586423
-0.586501
-0.586188
-0.585640
-0.585640
-0.585249
-0.585092
-0.584310
-0.584231
-0.584231
-0.583997
-0.583292
-0.582901
-0.583136
-0.582353
-0.581883
-0.581492
-0.581179
-0.581101
-0.580474
-0.580318
-0.579692
-0.579535
-0.579379
-0.579066
-0.578753
-0.578205
-0.578048
-0.577657
-0.576874
-0.577031
-0.576404
-0.576326
-0.575700
-0.575543
-0.575387
-0.575152
-0.574996
-0.574604
-0.573900
-0.573665
-0.573665
-0.573195
-0.572804
-0.572569
-0.572100
-0.571865
-0.571317
-0.571160
-0.570456
-0.570299
-0.570221
-0.569673
-0.569204
-0.568969
-0.568734
-0.568343
-0.567873
-0.567873
-0.567247
-0.567169
-0.566699
-0.566777
-0.566151
-0.565290
-0.565368
-0.564820
-0.564507
-0.564273
-0.563960
-0.563412
-0.562942
-0.563020
-0.562707
-0.562394
-0.562159
-0.562003
-0.561142
-0.560672
-0.560046
-0.560046
-0.559576
-0.559263
-0.559029
-0.558637
-0.558324
-0.558168
-0.557463
-0.557072
-0.557072
-0.556680
-0.556211
-0.555741
-0.555741
-0.555350
-0.555037
-0.554724
-0.554332
-0.553784
-0.553784
-0.553315
-0.553002
-0.552454
-0.552219
-0.551906
-0.551593
-0.551358
-0.551123
-0.550654
-0.550341
-0.550027
-0.549714
-0.549636
-0.549245
-0.548853
-0.548619
-0.548227
-0.548071
-0.547679
-0.547445
-0.546975
-0.546818
-0.546427
-0.546036
-0.545879
-0.545410
-0.545253
-0.544392
-0.544314
-0.544157
-0.543375
-0.543061
-0.542905
-0.542748
-0.542357
-0.542435
-0.541809
-0.541496
-0.540948
-0.540948
-0.540400
-0.540166
-0.539774
-0.539461
-0.538757
-0.538835
-0.538365
-0.537974
-0.537661
-0.537348
-0.537035
-0.536722
-0.536409
-0.536174
-0.536017
-0.536017
-0.535313
-0.535078
-0.534452
-0.534060
-0.533747
-0.533356
-0.533121
-0.532965
-0.532573
-0.532104
-0.531556
-0.531478
-0.531008
-0.530695
-0.530304
-0.530538
-0.529990
-0.529286
-0.529051
-0.528660
-0.528268
-0.527955
-0.527721
-0.527564
-0.527251
-0.526625
-0.526233
-0.525999
-0.525764
-0.525373
-0.524981
-0.524433
-0.524277
-0.523807
-0.523416
-0.523494
-0.523181
-0.522946
-0.522477
-0.522085
-0.521537
-0.521772
-0.521224
-0.520989
-0.520363
-0.520128
-0.519894
-0.519346
-0.519033
-0.518485
-0.517859
-0.517702
-0.517546
-0.517389
-0.516685
-0.516763
-0.516215
-0.515902
-0.515354
-0.515276
-0.515432
-0.514415
-0.514493
-0.514102
-0.513867
-0.513241
-0.513241
-0.512771
-0.512145
-0.512301
-0.511675
-0.511597
-0.511127
-0.510658
-0.510188
-0.509875
-0.509797
-0.509719
-0.509092
-0.508545
-0.508388
-0.508075
-0.507684
-0.507370
-0.507214
-0.506744
-0.506588
-0.506196
-0.505883
-0.505414
-0.505257
-0.504944
-0.504553
-0.504318
-0.503927
-0.503379
-0.503066
-0.502831
-0.502596
-0.502205
-0.501892
-0.501578
-0.501344
-0.501109
-0.500483
-0.500248
-0.499700
-0.499700
-0.499465
-0.498839
-0.498917
-0.498369
-0.498213
-0.497508
-0.497039
-0.497117
-0.496804
-0.496569
-0.496334
-0.495552
-0.495552
-0.495395
-0.495082
-0.494847
-0.494221
-0.493908
-0.493673
-0.493595
-0.493282
-0.493047
-0.492734
-0.492343
-0.491951
-0.491717
-0.491325
-0.491012
-0.490621
-0.490542
-0.490073
-0.489525
-0.489212
-0.488742
-0.488742
-0.488429
-0.488116
-0.488116
-0.487568
-0.487099
-0.486707
-0.486551
-0.486472
-0.485925
-0.485533
-0.485533
-0.484985
-0.484516
-0.484359
-0.484124
-0.483890
-0.483420
-0.482950
-0.482715
-0.482402
-0.481620
-0.481855
-0.481698
-0.480915
-0.480759
-0.480524
-0.479741
-0.479585
-0.479272
-0.478880
-0.478724
-0.478724
-0.478411
-0.478098
-0.477941
-0.477550
-0.477002
-0.476767
-0.476376
-0.475984
-0.475671
-0.475436
-0.475202
-0.474497
-0.474497
-0.474028
-0.473558
-0.473636
-0.473010
-0.472853
-0.472306
-0.472071
-0.471993
-0.471366
-0.471210
-0.470897
-0.470349
-0.470036
-0.470036
-0.469566
-0.469018
-0.468705
-0.468392
-0.468549
-0.467766
-0.467688
-0.467218
-0.466905
-0.466670
-0.466044
-0.466201
-0.465887
-0.465809
-0.465340
-0.464870
-0.464557
-0.464244
-0.463696
-0.463383
-0.463226
-0.463070
-0.462600
-0.462052
-0.461896
-0.461426
-0.461270
-0.460878
-0.460956
-0.460409
-0.459939
-0.459548
-0.459156
-0.459000
-0.458687
-0.458608
-0.457904
-0.457904
-0.457356
-0.457121
-0.456886
-0.456495
-0.456339
-0.456104
-0.455634
-0.455634
-0.454930
-0.454695
-0.454382
-0.454460
-0.453912
-0.453756
-0.453364
-0.453286
-0.452895
-0.452503
-0.452190
-0.451721
-0.451408
-0.451251
-0.450781
-0.450312
-0.450155
-0.449764
-0.449686
-0.449138
-0.448981
-0.448512
-0.448355
-0.448198
-0.447885
-0.447651
-0.447572
-0.447181
-0.446320
-0.446007
-0.445850
-0.445616
-0.445381
-0.445068
-0.444755
-0.444676
-0.444128
-0.443894
-0.443581
-0.443111
-0.442798
-0.442407
-0.442172
-0.441311
-0.441467
-0.441232
-0.440450
-0.440137
-0.439667
-0.439276
-0.439276
-0.439041
-0.438571
-0.438337
-0.438102
-0.437867
-0.437632
-0.437084
-0.436693
-0.436380
-0.436067
-0.435988
-0.435910
-0.435362
-0.435049
-0.434736
-0.434423
-0.434032
-0.433719
-0.433484
-0.433249
-0.432623
-0.432231
-0.432153
-0.431605
-0.431292
-0.431057
-0.430744
-0.430118
-0.430040
-0.429805
-0.429335
-0.428944
-0.428866
-0.428240
-0.427927
-0.427457
-0.427457
-0.426831
-0.426518
-0.426674
-0.426205
-0.425970
-0.425344
-0.425422
-0.424718
-0.424561
-0.424170
-0.424013
-0.423544
-0.422839
-0.422839
-0.422526
-0.422291
-0.421743
-0.421274
-0.421039
-0.420648
-0.420569
-0.420021
-0.419630
-0.419552
-0.419082
-0.418847
-0.418534
-0.418378
-0.418143
-0.417986
-0.417438
-0.417125
-0.416656
-0.416499
-0.416030
-0.415638
-0.415169
-0.415169
-0.415012
-0.414699
-0.414542
-0.414073
-0.413603
-0.413447
-0.413134
-0.412821
-0.412273
-0.411960
-0.411568
-0.411490
-0.411020
-0.410707
-0.410394
-0.410394
-0.410081
-0.409690
-0.409377
-0.408907
-0.408829
-0.408594
-0.408359
-0.407968
-0.407576
-0.407107
-0.406716
-0.406324
-0.406168
-0.405933
-0.405698
-0.405385
-0.405307
-0.404759
-0.404524
-0.403976
-0.403820
-0.403585
-0.403193
-0.402880
-0.402567
-0.402254
-0.401628
-0.401237
-0.400924
-0.400845
-0.400297
-0.400063
-0.399671
-0.399202
-0.399202
-0.398810
-0.398341
-0.398262
-0.397871
-0.397480
-0.397245
-0.396854
-0.396540
-0.396227
-0.395836
-0.395836
-0.395288
-0.394662
-0.394740
-0.394271
-0.393879
-0.393644
-0.393331
-0.392783
-0.392783
-0.392236
-0.392001
-0.391688
-0.391218
-0.390905
-0.390592
-0.390201
-0.389966
-0.389731
-0.389340
-0.389183
-0.388870
-0.389027
-0.388322
-0.388087
-0.388009
-0.387539
-0.387070
-0.387070
-0.386522
-0.386365
-0.386209
-0.385661
-0.385426
-0.385191
-0.384800
-0.384487
-0.384487
-0.384017
-0.383626
-0.383469
-0.382843
-0.382608
-0.382452
-0.381904
-0.381982
-0.381591
-0.381121
-0.380886
-0.380730
-0.380417
-0.379947
-0.379791
-0.379321
-0.378695
-0.378851
-0.378225
-0.377756
-0.377677
-0.377364
-0.377286
-0.376816
-0.376738
-0.376425
-0.376112
-0.375564
-0.375486
-0.375095
-0.374703
-0.374155
-0.374312
-0.373764
-0.373607
-0.373216
-0.373216
-0.372668
-0.372433
-0.372199
-0.372120
-0.371338
-0.371259
-0.371024
-0.370711
-0.370242
-0.370007
-0.369694
-0.369459
-0.369303
-0.368989
-0.368598
-0.368442
-0.368050
-0.368207
-0.367737
-0.367111
-0.367033
-0.366798
-0.366250
-0.366172
-0.366093
-0.365389
-0.365076
-0.365154
-0.364606
-0.364372
-0.364137
-0.363980
-0.363589
-0.363432
-0.362728
-0.362650
-0.362415
-0.362102
-0.361867
-0.361397
-0.361319
-0.360615
-0.360302
-0.360067
-0.359675
-0.359284
-0.358971
-0.358267
-0.358345
-0.357797
-0.357406
-0.357562
-0.357171
-0.356779
-0.356388
-0.356153
-0.356153
-0.355449
-0.355684
-0.355449
-0.354744
-0.354431
-0.354431
-0.354118
-0.353492
-0.353414
-0.352944
-0.352631
-0.352161
-0.351848
-0.351770
-0.351300
-0.351222
-0.351066
-0.350674
-0.350126
-0.349892
-0.349970
-0.349500
-0.349344
-0.348639
-0.348718
-0.348248
-0.347935
-0.347622
-0.347622
-0.347309
-0.346917
-0.346448
-0.346369
-0.346291
-0.345822
-0.345509
-0.345430
-0.345039
-0.344726
-0.344413
-0.344100
-0.343787
-0.343474
-0.343317
-0.342926
-0.342613
-0.342143
-0.341908
-0.341517
-0.341360
-0.341125
-0.341125
-0.340578
-0.340264
-0.339951
-0.339795
-0.339090
-0.339090
-0.338543
-0.338699
-0.338386
-0.338073
-0.337682
-0.337603
-0.337134
-0.336742
-0.336508
-0.336508
-0.335881
-0.335803
-0.335647
-0.335099
-0.334864
-0.334551
-0.334238
-0.333925
-0.333533
-0.333298
-0.332907
-0.332672
-0.332359
-0.332046
-0.332046
-0.331577
-0.331107
-0.330872
-0.330637
-0.330481
-0.330089
-0.329933
-0.329620
-0.329620
-0.328915
-0.328446
-0.328602
-0.328054
-0.327976
-0.327663
-0.327193
-0.326724
-0.326567
-0.326254
-0.325941
-0.325706
-0.325706
-0.325393
-0.325080
-0.324532
-0.324454
-0.324141
-0.323671
-0.323358
-0.323202
-0.323358
-0.322810
-0.322497
-0.322262
-0.321793
-0.321401
-0.321401
-0.320775
-0.320854
-0.320462
-0.320149
-0.320071
-0.319758
-0.319366
-0.318975
-0.318505
-0.318114
-0.318036
-0.317879
-0.317644
-0.317253
-0.316862
-0.316549
-0.316236
-0.316079
-0.315923
-0.315609
-0.315218
-0.314592
-0.314435
-0.314201
-0.313966
-0.313574
-0.313653
-0.313418
-0.313261
-0.312792
-0.312792
-0.312009
-0.311931
-0.311774
-0.311383
-0.311148
-0.310913
-0.310678
-0.310209
-0.309739
-0.309348
-0.309348
-0.309113
-0.308957
-0.308643
-0.308330
-0.307704
-0.307704
-0.307469
-0.307000
-0.306843
-0.306452
-0.306217
-0.306139
-0.305591
-0.305356
-0.305200
-0.304808
-0.304417
-0.304260
-0.303869
-0.303791
-0.303478
-0.303321
-0.302695
-0.302538
-0.302460
-0.302225
-0.301756
-0.301599
-0.300973
-0.301051
-0.300660
-0.300425
-0.299799
-0.299799
-0.299486
-0.299251
-0.298938
-0.298781
-0.298547
-0.298390
-0.297999
-0.297764
-0.297294
-0.297216
-0.296590
-0.296277
-0.296433
-0.295729
-0.295807
-0.295416
-0.295259
-0.295025
-0.294946
-0.294555
-0.294164
-0.293772
-0.293537
-0.293303
-0.292833
-0.292911
-0.292520
-0.292050
-0.292050
-0.291502
-0.291581
-0.291268
-0.291111
-0.290407
-0.290328
-0.289937
-0.289859
-0.289233
-0.288919
-0.288919
-0.288685
-0.288528
-0.288372
-0.287902
-0.287589
-0.287432
-0.286884
-0.286963
-0.286258
-0.286337
-0.286023
-0.285710
-0.285476
-0.285397
-0.285084
-0.284380
-0.284223
-0.284067
-0.283754
-0.283362
-0.283284
-0.283128
-0.282736
-0.282580
-0.282501
-0.282032
-0.281875
-0.281484
-0.281249
-0.280936
-0.280623
-0.280545
-0.279997
-0.279527
-0.279371
-0.278979
-0.279057
-0.278823
-0.278510
-0.278275
-0.277805
-0.277649
-0.277022
-0.277101
-0.276944
-0.276631
-0.276396
-0.276240
-0.276161
-0.275770
-0.275535
-0.275379
-0.275144
-0.274831
-0.274205
-0.274205
-0.273892
-0.273970
-0.273109
-0.273187
-0.273031
-0.272796
-0.272483
-0.272405
-0.272091
-0.272326
-0.271544
-0.271387
-0.271152
-0.270604
-0.270370
-0.270135
-0.270448
-0.269822
-0.269743
-0.269509
-0.269039
-0.268961
-0.268335
-0.268021
-0.268100
-0.267552
-0.267239
-0.266926
-0.266769
-0.266847
-0.266613
-0.265986
-0.265752
-0.265517
-0.265204
-0.264891
-0.264734
-0.264499
-0.264264
-0.264108
-0.263873
-0.263717
-0.263404
-0.263090
-0.262777
-0.262543
-0.262308
-0.262151
-0.261838
-0.261603
-0.261525
-0.261525
-0.261447
-0.260899
-0.260742
-0.260273
-0.260116
-0.259881
-0.259647
-0.259099
-0.258942
-0.258707
-0.258316
-0.258394
-0.258003
-0.257846
-0.257768
-0.257533
-0.256907
-0.256672
-0.256516
-0.256359
-0.256124
-0.255968
-0.255577
-0.255498
-0.255420
-0.255029
-0.254794
-0.254481
-0.254168
-0.254402
-0.254089
-0.253855
-0.253620
-0.253307
-0.253072
-0.252837
-0.252524
-0.252289
-0.252054
-0.251820
-0.251585
-0.251350
-0.251037
-0.250959
-0.250567
-0.250489
-0.250019
-0.249863
-0.249628
-0.249471
-0.249080
-0.248767
-0.248689
-0.248297
-0.248454
-0.247984
-0.247828
-0.247358
-0.247202
-0.247280
-0.247045
-0.247045
-0.246654
-0.246184
-0.245793
-0.245793
-0.245558
-0.245245
-0.245401
-0.245167
-0.244932
-0.244619
-0.244619
-0.244384
-0.243836
-0.243758
-0.243680
-0.243445
-0.243210
-0.243132
-0.242740
-0.242271
-0.242114
-0.241879
-0.241645
-0.241331
-0.241175
-0.241331
-0.240862
-0.240784
-0.240314
-0.240236
-0.239688
-0.239609
-0.239375
-0.238983
-0.239296
-0.238983
-0.238514
-0.238201
-0.238201
-0.238044
-0.237809
-0.237653
-0.237574
-0.236948
-0.237105
-0.236792
-0.236714
-0.236244
-0.236166
-0.235853
-0.235618
-0.235305
-0.235148
-0.235226
-0.234992
-0.234444
-0.234600
-0.234365
-0.234287
-0.234052
-0.233426
-0.233348
-0.233113
-0.233113
-0.232878
-0.232722
-0.232643
-0.232409
-0.232174
-0.232096
-0.231783
-0.231313
-0.231313
-0.230843
-0.230765
-0.230843
-0.230765
-0.230608
-0.230374
-0.230061
-0.229982
-0.229513
-0.229200
-0.229200
-0.229043
-0.228573
-0.228652
-0.228417
-0.228104
-0.227947
-0.227634
-0.227556
-0.227086
-0.227008
-0.227008
-0.226695
-0.226538
-0.226382
-0.226382
-0.226069
-0.226225
-0.225834
-0.225443
-0.225521
-0.224973
-0.225051
-0.224973
-0.224660
-0.224582
-0.224269
-0.224347
-0.223956
-0.223877
-0.223564
-0.223251
-0.223408
-0.223251
-0.222938
-0.222703
-0.222547
-0.222234
-0.222468
-0.222468
-0.221921
-0.221842
-0.221764
-0.221216
-0.221294
-0.221216
-0.220981
-0.220746
-0.220746
-0.220512
-0.220512
-0.220199
-0.220120
-0.219572
-0.219572
-0.219103
-0.219025
-0.218790
-0.218555
-0.218868
-0.218711
-0.218555
-0.218242
-0.218085
-0.217694
-0.217850
-0.217616
-0.217381
-0.217224
-0.216833
-0.216676
-0.216755
-0.216598
-0.216676
-0.216363
-0.216129
-0.216050
-0.215815
-0.215502
-0.215502
-0.215268
-0.215111
-0.215111
-0.215268
-0.214955
-0.214876
-0.214798
-0.214250
-0.214328
-0.213859
-0.213780
-0.213780
-0.213859
-0.213702
-0.213467
-0.213467
-0.213311
-0.213076
-0.213076
-0.212998
-0.212763
-0.212293
-0.212293
-0.212215
-0.211980
-0.211824
-0.211589
-0.211824
-0.212059
-0.211745
-0.211198
-0.211354
-0.211198
-0.210806
-0.210650
-0.210650
-0.210650
-0.210650
-0.210415
-0.210415
-0.210415
-0.210180
-0.210102
-0.209554
-0.209397
-0.209867
-0.209241
-0.209163
-0.209163
-0.209006
-0.209084
-0.208849
-0.208849
-0.208536
-0.208458
-0.208536
-0.208145
-0.208067
-0.207754
-0.207754
-0.207754
-0.207597
-0.207832
-0.207675
-0.207362
-0.207284
-0.207049
-0.207049
-0.206736
-0.206893
-0.206658
-0.206345
-0.206345
-0.206580
-0.206345
-0.206110
-0.206267
-0.205875
-0.205719
-0.205797
-0.205562
-0.205562
-0.205406
-0.205484
-0.205406
-0.205562
-0.205327
-0.205484
-0.205249
-0.205093
-0.205093
-0.205171
-0.204936
-0.204858
-0.204545
-0.204466
-0.204779
-0.204779
-0.204623
-0.204153
-0.204232
-0.203997
-0.203840
-0.204075
-0.203840
-0.203527
-0.203918
-0.203762
-0.203605
-0.203449
-0.203527
-0.203292
-0.203292
-0.203136
-0.202979
-0.203292
-0.203136
-0.203136
-0.203214
-0.203058
-0.203058
-0.202744
-0.202510
-0.202431
-0.202353
-0.202275
-0.202275
-0.202431
-0.202431
-0.202666
-0.202588
-0.202431
-0.202666
-0.202197
-0.201962
-0.201649
-0.201962
-0.201727
-0.201805
-0.201962
-0.201883
-0.202040
-0.202118
-0.201727
-0.201649
-0.201649
-0.201336
-0.201570
-0.201101
-0.201257
-0.201179
-0.201649
-0.201727
-0.201727
-0.201414
-0.201336
-0.201570
-0.201336
-0.201336
-0.201649
-0.201414
-0.201414
-0.201570
-0.201492
-0.201336
-0.201570
-0.201336
-0.201492
-0.201414
-0.201414
-0.201649
-0.201414
-0.201179
-0.201022
-0.201414
-0.202040
-0.201649
-0.201492
-0.201414
-0.201336
-0.201179
-0.201336
-0.201570
-0.201649
-0.201492
-0.201570
-0.201649
-0.201570
-0.201805
-0.201649
-0.201492
-0.201492
-0.201649
-0.201649
-0.201649
-0.201727
-0.201962
-0.201649
-0.201649
-0.202275
-0.201883
-0.201805
-0.202040
-0.201727
-0.201649
-0.201883
-0.201805
-0.202040
-0.201727
-0.201649
-0.201727
-0.201962
-0.201883
-0.201883
-0.201727
-0.201649
-0.202040
-0.201962
-0.201805
-0.201805
-0.201962
-0.201883
-0.202040
-0.202197
-0.201883
-0.201805
-0.202197
-0.202353
-0.202118
-0.202118
-0.201962
-0.202040
-0.202197
-0.202118
-0.202510
-0.202510
-0.202275
-0.202431
-0.202197
-0.202666
-0.202666
-0.202510
-0.202666
-0.202510
-0.202901
-0.202666
-0.202901
-0.202979
-0.202823
-0.202901
-0.202979
-0.203214
-0.203058
-0.203058
-0.202979
-0.203214
-0.203292
-0.203371
-0.203292
-0.203527
-0.203605
-0.203449
-0.203527
-0.203840
-0.203762
-0.203918
-0.203840
-0.203762
-0.203762
-0.203918
-0.203684
-0.203684
-0.203997
-0.204153
-0.203997
-0.204153
-0.204310
-0.204466
-0.204232
-0.204466
-0.204466
-0.204779
-0.204701
-0.204701
-0.205249
-0.205171
-0.204936
-0.205093
-0.205171
-0.205093
-0.205249
-0.205327
-0.205093
-0.205484
-0.205640
-0.205640
-0.205562
-0.205719
-0.205640
-0.205719
-0.205875
-0.206110
-0.206110
-0.205719
-0.205953
-0.206188
-0.206423
-0.206188
-0.206188
-0.206423
-0.206032
-0.206736
-0.206658
-0.206580
-0.206423
-0.206658
-0.206893
-0.206893
-0.207049
-0.206893
-0.206971
-0.207049
-0.207206
-0.207206
-0.207049
-0.207049
-0.207284
-0.207597
-0.207754
-0.207597
-0.207519
-0.207519
-0.207754
-0.207754
-0.207832
-0.207832
-0.207832
-0.207832
-0.208302
-0.208223
-0.208223
-0.207910
-0.208302
-0.208145
-0.208302
-0.208302
-0.208302
-0.208380
-0.208458
-0.208615
-0.208771
-0.208928
-0.209006
-0.208693
-0.208693
-0.208693
-0.208615
-0.208693
-0.208771
-0.209006
-0.209084
-0.209241
-0.209084
-0.208928
-0.208771
-0.208771
-0.208615
-0.208849
-0.208615
-0.209084
-0.209084
-0.209476
-0.209084
-0.209084
-0.208928
-0.208849
-0.209163
-0.209163
-0.209319
-0.209397
-0.209476
-0.209163
-0.209476
-0.209554
-0.209476
-0.209476
-0.209241
-0.209163
-0.209319
-0.209397
-0.209319
-0.209397
-0.209476
-0.209397
-0.209945
-0.209632
-0.209476
-0.209319
-0.209476
-0.209241
-0.209319
-0.209084
-0.209163
-0.209397
-0.209476
-0.209476
-0.209632
-0.209006
-0.208771
-0.209084
-0.208693
-0.208615
-0.208928
-0.208615
-0.208536
-0.208302
-0.208536
-0.208458
-0.208302
-0.208458
-0.207989
-0.207989
-0.207910
-0.208067
-0.208067
-0.208067
-0.207832
-0.207910
-0.207910
-0.207754
-0.207519
-0.207441
-0.207362
-0.207284
-0.206971
-0.206814
-0.206971
-0.206893
-0.206814
-0.206423
-0.206736
-0.206423
-0.206345
-0.206188
-0.206188
-0.206032
-0.206032
-0.205484
-0.205719
-0.205171
-0.205249
-0.204779
-0.204466
-0.204545
-0.204466
-0.204232
-0.203918
-0.203762
-0.203997
-0.203527
-0.203292
-0.203058
-0.203136
-0.202666
-0.202353
-0.202275
-0.202197
-0.201962
-0.201727
-0.201570
-0.201336
-0.201257
-0.200866
-0.200475
-0.199848
-0.199614
-0.199614
-0.199379
-0.199066
-0.198987
-0.198596
-0.198205
-0.197970
-0.197500
-0.197422
-0.197031
-0.196874
-0.196483
-0.196561
-0.196639
-0.196013
-0.195935
-0.195778
-0.195309
-0.194839
-0.194761
-0.194135
-0.193665
-0.193430
-0.193352
-0.192648
-0.192569
-0.191943
-0.191943
-0.191552
-0.191474
-0.190847
-0.190221
-0.189673
-0.189439
-0.189360
-0.188891
-0.188499
-0.188499
-0.188108
-0.187560
-0.187012
-0.186777
-0.186151
-0.185995
-0.185447
-0.184977
-0.184664
-0.184273
-0.184038
-0.183568
-0.183020
-0.182551
-0.181925
-0.181768
-0.181299
-0.180594
-0.180516
-0.179968
-0.179342
-0.178872
-0.178559
-0.178089
-0.177776
-0.176994
-0.176602
-0.176289
-0.175820
-0.175115
-0.175037
-0.174724
-0.174019
-0.173550
-0.172689
-0.171906
-0.171750
-0.171358
-0.170732
-0.170184
-0.169715
-0.169401
-0.168697
-0.168462
-0.167680
-0.166975
-0.166662
-0.166114
-0.165723
-0.165097
-0.164627
-0.164157
-0.163688
-0.163453
-0.162749
-0.162044
-0.161575
-0.160792
-0.160479
-0.159461
-0.158835
-0.158444
-0.158052
-0.157661
-0.157035
-0.156409
-0.155548
-0.154843
-0.154295
-0.154061
-0.153513
-0.152730
-0.152339
-0.151869
-0.151243
-0.151008
-0.150304
-0.149286
-0.148503
-0.147956
-0.147408
-0.146625
-0.146234
-0.145764
-0.145216
-0.144668
-0.143964
-0.143103
-0.142164
-0.141851
-0.140990
-0.140520
-0.140207
-0.139424
-0.138641
-0.138407
-0.137859
-0.137076
-0.136215
-0.135902
-0.134806
-0.134650
-0.133867
-0.133084
-0.132771
-0.132380
-0.131597
-0.130736
-0.129875
-0.129014
-0.128232
-0.128075
-0.127136
-0.126666
-0.126040
-0.125570
-0.124866
-0.124396
-0.123457
-0.122205
-0.121970
-0.120952
-0.120874
-0.120170
-0.119152
-0.118448
-0.117822
-0.117274
-0.116569
-0.115630
-0.114534
-0.114221
-0.113595
-0.113047
-0.112108
-0.111638
-0.110856
-0.110464
-0.109760
-0.108977
-0.107725
-0.107334
-0.106864
-0.106316
-0.105533
-0.104672
-0.104124
-0.103264
-0.102872
-0.101855
-0.100681
-0.099898
-0.099350
-0.098724
-0.098411
-0.097706
-0.097080
-0.096532
-0.095828
-0.095202
-0.094262
-0.093323
-0.092854
-0.092384
-0.091914
-0.090897
-0.090114
-0.089723
-0.088705
-0.088157
-0.087140
-0.086122
-0.085340
-0.084792
-0.084244
-0.083540
-0.082679
-0.081974
-0.081113
-0.080644
-0.079235
-0.077982
-0.077591
-0.077043
-0.076260
-0.075634
-0.074852
-0.074225
-0.073521
-0.073208
-0.072425
-0.071173
-0.070547
-0.069842
-0.068903
-0.068512
-0.067807
-0.066790
-0.066320
-0.065772
-0.065303
-0.064207
-0.063424
-0.062876
-0.062485
-0.061859
-0.060763
-0.060137
-0.059589
-0.058650
-0.057710
-0.057006
-0.056223
-0.055597
-0.055128
-0.054580
-0.053640
-0.053093
-0.052623
-0.052075
-0.051058
-0.049962
-0.049179
-0.048788
-0.048240
-0.047770
-0.046753
-0.046127
-0.045344
-0.044639
-0.044326
-0.042918
-0.042448
-0.041665
-0.041196
-0.040491
-0.039630
-0.038378
-0.037987
-0.037360
-0.036734
-0.035951
-0.035169
-0.034777
-0.033838
-0.033682
-0.033056
-0.032038
-0.031099
-0.030786
-0.030160
-0.029064
-0.028281
-0.027655
-0.027420
-0.026637
-0.026011
-0.025072
-0.024289
-0.023741
-0.023272
-0.022802
-0.021785
-0.021159
-0.020689
-0.020063
-0.019280
-0.018654
-0.018106
-0.017010
-0.016697
-0.015758
-0.015053
-0.014819
-0.014036
-0.013879
-0.013253
-0.012314
-0.011844
-0.011062
-0.010357
-0.009809
-0.008792
-0.008322
-0.007774
-0.007383
-0.006679
-0.006052
-0.005348
-0.004330
-0.003704
-0.003078
-0.002452
-0.001904
-0.001435
-0.000887
-0.000574
-0.000026
0.000914
0.001696
0.002479
0.002792
0.003575
0.004436
0.004827
0.005297
0.006001
0.006706
0.007488
0.008036
0.008819
0.009288
0.010149
0.011010
0.011402
0.011715
0.012498
0.013045
0.013828
0.014689
0.015002
0.015550
0.016176
0.016959
0.017585
0.017898
0.018055
0.018681
0.019620
0.020481
0.021264
0.022046
0.022516
0.022907
0.023377
0.023768
0.024629
0.025021
0.025725
0.026351
0.027212
0.027525
0.028151
0.028699
0.029560
0.030030
0.030421
0.030734
0.031674
0.032535
0.033239
0.033709
0.034491
0.035039
0.035196
0.035509
0.036213
0.036526
0.037074
0.038405
0.039109
0.039657
0.040518
0.041223
0.041770
0.042318
0.042553
0.043101
0.043571
0.044666
0.045293
0.045527
0.045840
0.046701
0.046936
0.047641
0.048110
0.048502
0.049128
0.049676
0.050615
0.051085
0.051789
0.052337
0.052885
0.053120
0.053667
0.054215
0.054841
0.055468
0.056250
0.057111
0.057346
0.057894
0.058677
0.058990
0.059616
0.059694
0.060399
0.061025
0.061807
0.062903
0.063373
0.063686
0.064312
0.064860
0.065095
0.065486
0.066034
0.066425
0.067365
0.068147
0.068226
0.069087
0.069400
0.070104
0.070574
0.071043
0.071200
0.071748
0.072609
0.073470
0.073861
0.074565
0.074879
0.075661
0.076053
0.076522
0.076757
0.077383
0.078401
0.078870
0.079575
0.080044
0.080514
0.081218
0.081688
0.082158
0.082706
0.083019
0.084193
0.084584
0.084975
0.085758
0.085993
0.086306
0.086697
0.087323
0.087558
0.088497
0.089280
0.089672
0.090298
0.090767
0.091315
0.091315
0.092020
0.092411
0.092724
0.093272
0.093820
0.094603
0.095072
0.095307
0.096246
0.096481
0.097029
0.097264
0.097733
0.098359
0.099142
0.100003
0.100316
0.100629
0.101177
0.101647
0.101803
0.102508
0.103056
0.103604
0.103995
0.105012
0.105169
0.105560
0.105952
0.106578
0.107047
0.107517
0.107830
0.108613
0.108926
0.109709
0.110256
0.110648
0.110961
0.111665
0.112135
0.112135
0.112918
0.113387
0.113935
0.114405
0.114874
0.115579
0.115970
0.116362
0.116831
0.117379
0.117536
0.118318
0.119023
0.119336
0.119805
0.120745
0.121214
0.121214
0.122075
0.122467
0.122858
0.123406
0.123954
0.124267
0.124423
0.125128
0.125363
0.126302
0.126615
0.127084
0.127398
0.127867
0.128572
0.128728
0.129354
0.129433
0.129980
0.130294
0.130841
0.131546
0.132094
0.132407
0.133190
0.133268
0.133503
0.133972
0.134520
0.134833
0.135303
0.136164
0.136555
0.137103
0.137494
0.137729
0.138121
0.138434
0.138825
0.139529
0.139921
0.140312
0.140860
0.141486
0.141877
0.142582
0.142895
0.143286
0.143678
0.144304
0.144695
0.144852
0.145556
0.145869
0.145869
0.146730
0.146887
0.147122
0.147591
0.148139
0.148609
0.149000
0.149391
0.150018
0.150565
0.151035
0.151270
0.151739
0.152053
0.152287
0.153227
0.153383
0.154009
0.154479
0.154635
0.155418
0.155809
0.156357
0.156436
0.156984
0.157845
0.157845
0.158784
0.159175
0.159488
0.159566
0.159958
0.160584
0.161210
0.161836
0.161993
0.162071
0.163089
0.163480
0.163636
0.163793
0.164341
0.164654
0.165828
0.165906
0.166063
0.166611
0.167159
0.167315
0.167707
0.168176
0.168254
0.168567
0.169428
0.169898
0.170524
0.170916
0.171150
0.171698
0.172090
0.172481
0.172951
0.173420
0.173498
0.174046
0.174438
0.174907
0.175377
0.175690
0.175847
0.176394
0.177021
0.177647
0.177569
0.178273
0.178586
0.178899
0.179525
0.179838
0.180073
0.180386
0.180856
0.181404
0.182108
0.182578
0.183282
0.183360
0.183752
0.183908
0.184378
0.184535
0.185239
0.185943
0.186335
0.186570
0.186883
0.187117
0.187509
0.188057
0.188370
0.188526
0.188839
0.189466
0.190013
0.190483
0.191109
0.191422
0.191735
0.192283
0.192518
0.192675
0.193301
0.193536
0.193849
0.194631
0.195023
0.195414
0.195492
0.195649
0.196118
0.196666
0.197136
0.197762
0.198388
0.198545
0.198545
0.199406
0.199797
0.200345
0.200736
0.201128
0.201441
0.202067
0.202693
0.203006
0.203476
0.203789
0.204102
0.204102
0.204259
0.204806
0.205354
0.206137
0.206450
0.206920
0.207076
0.207468
0.207859
0.208172
0.208563
0.208642
0.209581
0.209972
0.210442
0.210833
0.211538
0.211694
0.212085
0.212242
0.212712
0.213103
0.213573
0.213886
0.214199
0.214747
0.215138
0.215451
0.215764
0.215842
0.216312
0.216547
0.216938
0.217877
0.217877
0.218347
0.218895
0.219599
0.219678
0.219834
0.220226
0.220695
0.221478
0.221634
0.222574
0.222417
0.223278
0.223435
0.223591
0.223982
0.224296
0.224843
0.225391
0.225704
0.226174
0.226565
0.226878
0.227113
0.227583
0.227583
0.228131
0.228757
0.229305
0.229618
0.230009
0.230322
0.230635
0.230635
0.231262
0.231653
0.232357
0.232749
0.233140
0.233297
0.233610
0.234001
0.234158
0.234471
0.234784
0.235175
0.235645
0.235958
0.236427
0.236897
0.237132
0.237601
0.238071
0.238228
0.238541
0.239010
0.239402
0.240028
0.240576
0.240576
0.241202
0.241750
0.241750
0.241985
0.242298
0.243237
0.243550
0.243941
0.244333
0.244724
0.244646
0.244959
0.245272
0.245820
0.246133
0.246837
0.247072
0.247229
0.247777
0.248324
0.248794
0.248872
0.249107
0.249577
0.249812
0.250281
0.250672
0.250829
0.251220
0.251533
0.252081
0.252238
0.252708
0.253099
0.253412
0.253725
0.254273
0.254195
0.254664
0.255134
0.255212
0.255760
0.256073
0.256308
0.256856
0.257247
0.257482
0.257717
0.258186
0.258734
0.258813
0.259517
0.259674
0.259987
0.260534
0.260926
0.261474
0.261709
0.262256
0.262178
0.262413
0.262961
0.263196
0.263822
0.263822
0.264448
0.264996
0.265387
0.265544
0.265779
0.266170
0.266640
0.267109
0.267109
0.267579
0.267814
0.267970
0.268831
0.268831
0.269144
0.269692
0.269849
0.270162
0.270553
0.271023
0.271023
0.271414
0.271571
0.272275
0.272823
0.272979
0.273214
0.274153
0.274232
0.274467
0.274623
0.275406
0.275641
0.275875
0.276423
0.276423
0.277049
0.277519
0.277832
0.277989
0.278302
0.278928
0.279163
0.279554
0.280024
0.280337
0.280728
0.281354
0.281511
0.281824
0.282215
0.282841
0.283311
0.283468
0.283624
0.283781
0.284250
0.284407
0.285033
0.285424
0.285816
0.286050
0.286598
0.286833
0.287224
0.287459
0.287851
0.288399
0.289103
0.288868
0.289416
0.289886
0.290042
0.290590
0.290981
0.291060
0.291373
0.291921
0.292234
0.292625
0.292782
0.293330
0.293721
0.294034
0.294347
0.294895
0.295521
0.295521
0.295834
0.296304
0.296773
0.297243
0.297086
0.297713
0.297791
0.298261
0.298495
0.298887
0.299200
0.299435
0.300061
0.300609
0.300922
0.301470
0.301626
0.302487
0.302565
0.302722
0.303348
0.303896
0.303974
0.304522
0.304522
0.305070
0.305461
0.306009
0.306009
0.306479
0.307027
0.306948
0.307653
0.308279
0.308357
0.308592
0.308827
0.309140
0.309610
0.309923
0.310471
0.310705
0.311175
0.311253
0.311879
0.311958
0.312427
0.312506
0.313132
0.313445
0.313914
0.314384
0.314775
0.315323
0.315402
0.315558
0.315871
0.315949
0.316654
0.316889
0.317280
0.317593
0.317985
0.318063
0.318454
0.318689
0.318845
0.319315
0.319941
0.320176
0.320802
0.321037
0.321272
0.321350
0.321585
0.321898
0.322211
0.322759
0.323150
0.323463
0.323933
0.323933
0.324481
0.324872
0.325029
0.325420
0.325733
0.326125
0.326359
0.326672
0.327220
0.327533
0.327690
0.328003
0.328081
0.328473
0.329177
0.329412
0.329725
0.330116
0.330351
0.330586
0.330977
0.331212
0.331447
0.331760
0.331995
0.332464
0.332934
0.333247
0.333482
0.333795
0.334108
0.334656
0.334734
0.335126
0.335673
0.335908
0.336221
0.336456
0.337004
0.337082
0.337552
0.337552
0.338178
0.338569
0.338726
0.338961
0.339274
0.339900
0.340135
0.340448
0.340683
0.340448
0.341622
0.341935
0.342013
0.342483
0.342639
0.343109
0.343344
0.343500
0.343892
0.344283
0.344440
0.344909
0.345222
0.345379
0.345770
0.345849
0.346162
0.346396
0.346788
0.347023
0.347492
0.348040
0.348118
0.348510
0.348588
0.349292
0.349214
0.349762
0.350545
0.350701
0.350701
0.351093
0.351562
0.351484
0.351954
0.352267
0.352267
0.352658
0.352971
0.353362
0.353676
0.354067
0.354223
0.354850
0.354771
0.355241
0.355711
0.355945
0.356258
0.356572
0.357041
0.357354
0.357432
0.358059
0.358372
0.358685
0.358685
0.359233
0.359154
0.359546
0.360172
0.360798
0.360955
0.361189
0.361503
0.361659
0.361737
0.362598
0.362755
0.363068
0.363538
0.363616
0.363851
0.364320
0.364633
0.364946
0.365259
0.365494
0.365964
0.366199
0.366825
0.366903
0.367138
0.367451
0.367842
0.367764
0.368077
0.368625
0.369016
0.369329
0.369564
0.369877
0.370660
0.370660
0.371130
0.371286
0.371834
0.371991
0.372695
0.372852
0.373086
0.373400
0.373634
0.373634
0.374182
0.374417
0.374652
0.374730
0.375435
0.375826
0.376296
0.376530
0.376609
0.377235
0.377626
0.377704
0.378096
0.378565
0.378800
0.379348
0.379583
0.379818
0.380444
0.380600
0.380992
0.381070
0.381540
0.381853
0.382322
0.382635
0.382557
0.383105
0.383653
0.383653
0.384044
0.384357
0.384905
0.385297
0.385453
0.385766
0.386549
0.386705
0.386471
0.387253
0.387566
0.387879
0.388114
0.388662
0.388662
0.389288
0.389445
0.389601
0.389993
0.390071
0.390541
0.391167
0.391323
0.391871
0.391949
0.392419
0.392732
0.392889
0.392967
0.393358
0.393515
0.394219
0.394689
0.394689
0.395002
0.395159
0.395550
0.395941
0.396254
0.396646
0.397272
0.397585
0.397898
0.398368
0.398681
0.398994
0.399072
0.399072
0.399855
0.400246
0.400559
0.401185
0.401420
0.401733
0.401811
0.402281
0.402438
0.402751
0.403064
0.403612
0.404003
0.404394
0.404551
0.404394
0.404864
0.404942
0.405177
0.405725
0.406038
0.406586
0.406742
0.407134
0.407290
0.407760
0.407760
0.408073
0.408543
0.408699
0.409482
0.409482
0.409717
0.409952
0.410108
0.410656
0.410734
0.411204
0.411517
0.411752
0.412065
0.412300
0.412691
0.413082
0.413239
0.413552
0.413630
0.413865
0.414256
0.414648
0.414726
0.415352
0.415274
0.415900
0.416057
0.416448
0.416683
0.416918
0.416918
0.417465
0.417857
0.418326
0.418639
0.418718
0.419031
0.419344
0.419500
0.419814
0.420283
0.420596
0.420909
0.420988
0.421535
0.421614
0.421927
0.422162
0.422162
0.422709
0.422866
0.423336
0.423727
0.424197
0.424197
0.424431
0.424745
0.425058
0.425371
0.425527
0.426075
0.426232
0.426545
0.426858
0.427093
0.427093
0.427484
0.427875
0.428032
0.428736
0.428815
0.429284
0.429284
0.429519
0.429754
0.430067
0.430615
0.431084
0.431163
0.431476
0.431789
0.432024
0.432102
0.432650
0.432650
0.432963
0.433119
0.433824
0.434059
0.434685
0.434528
0.434763
0.434920
0.435154
0.435546
0.435937
0.436563
0.436563
0.436720
0.437346
0.437581
0.437502
0.437737
0.438207
0.438207
0.438677
0.439068
0.439381
0.439851
0.440085
0.440398
0.440712
0.440790
0.441259
0.441573
0.442042
0.442042
0.442668
0.442668
0.442981
0.443138
0.443842
0.443686
0.443921
0.444234
0.444782
0.444703
0.445564
0.445643
0.445956
0.446347
0.446425
0.446817
0.447208
0.447364
0.447756
0.447756
0.448069
0.448304
0.448460
0.448773
0.449008
0.449243
0.449634
0.449869
0.450417
0.450652
0.450730
0.451121
0.451748
0.451904
0.451748
0.452452
0.453000
0.453078
0.453391
0.453548
0.454096
0.454330
0.454487
0.454957
0.455035
0.455739
0.455739
0.456052
0.456600
0.457148
0.457305
0.457383
0.457540
0.457774
0.458087
0.458322
0.458557
0.458870
0.459027
0.459261
0.459809
0.460044
0.460592
0.460592
0.461218
0.461610
0.461923
0.462392
0.462471
0.462627
0.463332
0.463175
0.463566
0.463879
0.464114
0.464740
0.464819
0.464975
0.465367
0.465758
0.465758
0.465836
0.466306
0.466697
0.467167
0.467558
0.467871
0.468184
0.468576
0.468967
0.468810
0.469045
0.469437
0.469671
0.469984
0.470767
0.470767
0.471237
0.471158
0.471393
0.471706
0.472098
0.472333
0.472880
0.473428
0.473585
0.473741
0.474054
0.474289
0.474524
0.474915
0.474915
0.475385
0.475698
0.476011
0.476637
0.476481
0.477029
0.477342
0.477498
0.478046
0.478359
0.478829
0.479064
0.479064
0.479142
0.479690
0.479768
0.479768
0.480629
0.480942
0.481490
0.481725
0.482038
0.482429
0.482508
0.482977
0.483056
0.483525
0.483290
0.484073
0.484308
0.484543
0.484856
0.485091
0.485091
0.485247
0.485717
0.486186
0.486656
0.487047
0.486891
0.487204
0.487439
0.487595
0.487752
0.488456
0.488926
0.489082
0.489317
0.489943
0.489708
0.490178
0.490569
0.490413
0.491039
0.491117
0.491665
0.491900
0.492448
0.492448
0.492761
0.492839
0.493231
0.493387
0.493622
0.494326
0.494483
0.494639
0.494874
0.495266
0.495344
0.495735
0.495735
0.496127
0.496518
0.496596
0.497066
0.497222
0.497614
0.497848
0.497927
0.498083
0.498553
0.498788
0.499179
0.499570
0.499884
0.500197
0.500353
0.500431
0.500823
0.501449
0.501840
0.501840
0.502075
0.502466
0.503014
0.502701
0.503171
0.503406
0.503875
0.504032
0.504267
0.504736
0.504815
0.505128
0.505284
0.505519
0.505754
0.506145
0.506458
0.506693
0.506928
0.507241
0.507006
0.507632
0.507789
0.508258
0.508415
0.508571
0.509432
0.509354
0.509746
0.509746
0.510215
0.510372
0.510372
0.510920
0.511311
0.511389
0.511546
0.512094
0.512563
0.512955
0.513033
0.513189
0.513424
0.513737
0.513737
0.514442
0.514833
0.514755
0.515459
0.515851
0.516085
0.516712
0.516790
0.516946
0.517025
0.517572
0.517729
0.518042
0.518668
0.518433
0.518668
0.519294
0.519451
0.519608
0.519842
0.520312
0.520938
0.521095
0.521408
0.521329
0.521877
0.522582
0.522582
0.522973
0.523521
0.523678
0.523599
0.523834
0.524382
0.525008
0.525086
0.525165
0.525556
0.525791
0.525947
0.526182
0.526417
0.526887
0.527121
0.527591
0.527591
0.527826
0.528295
0.528922
0.529078
0.529235
0.529391
0.529704
0.529783
0.530174
0.530644
0.530722
0.531035
0.531583
0.531896
0.532052
0.532600
0.532679
0.532992
0.533070
0.533540
0.533931
0.534166
0.534557
0.534557
0.534870
0.535340
0.535575
0.535653
0.536201
0.536279
0.536670
0.537218
0.537140
0.537453
0.537766
0.538236
0.538314
0.538471
0.538705
0.539018
0.539566
0.539801
0.540036
0.540271
0.540506
0.540897
0.541132
0.541601
0.542071
0.542541
0.542697
0.543167
0.543167
0.543715
0.543715
0.543871
0.544184
0.544732
0.544967
0.545358
0.545750
0.545671
0.546141
0.546454
0.546767
0.547080
0.547237
0.547472
0.548098
0.547785
0.548176
0.548802
0.549037
0.549272
0.549193
0.549741
0.549898
0.550446
0.550837
0.550915
0.551463
0.551463
0.551698
0.551933
0.552324
0.552716
0.552872
0.553185
0.553420
0.553655
0.553811
0.553890
0.554438
0.554516
0.554907
0.555142
0.555455
0.556081
0.556394
0.556551
0.556864
0.557020
0.557255
0.557412
0.557881
0.558116
0.558664
0.558977
0.559055
0.559447
0.559447
0.559682
0.559916
0.560621
0.561090
0.561012
0.561560
0.561873
0.562108
0.562343
0.562891
0.563204
0.563439
0.563595
0.563830
0.564221
0.564691
0.564534
0.564926
0.565082
0.565474
0.565943
0.566100
0.566335
0.566413
0.566648
0.566961
0.567117
0.567509
0.567978
0.568370
0.568448
0.568683
0.569074
0.569074
0.569074
0.569387
0.569857
0.569935
0.570405
0.570796
0.571422
0.571266
0.571579
0.571657
0.571970
0.572205
0.572674
0.573222
0.573222
0.573457
0.573848
0.573927
0.574005
0.574240
0.574553
0.574553
0.575023
0.575570
0.575805
0.575883
0.576118
0.576353
0.576666
0.576901
0.576979
0.577762
0.577918
0.577997
0.578232
0.578623
0.578701
0.578858
0.579171
0.579562
0.580110
0.580188
0.580267
0.580736
0.580971
0.581362
0.581284
0.581597
0.582145
0.582536
0.582771
0.582928
0.583319
0.583163
0.583632
0.584024
0.584024
0.584180
0.584571
0.584885
0.584963
0.585511
0.585511
0.585511
0.585902
0.586450
0.586528
0.587076
0.587467
0.587624
0.587467
0.587780
0.588250
0.588328
0.588328
0.588563
0.589189
0.589581
0.589816
0.589816
0.589972
0.590598
0.590755
0.591146
0.591303
0.592085
0.592398
0.592242
0.592555
0.592633
0.592868
0.592946
0.593259
0.593572
0.593886
0.594042
0.594042
0.594433
0.594825
0.594981
0.595294
0.595138
0.595607
0.596077
0.596625
0.596860
0.597173
0.597564
0.597642
0.597642
0.598034
0.598582
0.598895
0.598895
0.599364
0.599521
0.599912
0.599834
0.600460
0.600538
0.600538
0.601556
0.601399
0.601791
0.602182
0.602339
0.602808
0.603121
0.603356
0.603356
0.603748
0.604217
0.604217
0.604530
0.605000
0.605235
0.605469
0.605861
0.606252
0.606409
0.606878
0.606722
0.606957
0.607191
0.607583
0.607974
0.608365
0.608522
0.609070
0.609226
0.609148
0.609618
0.609931
0.610400
0.610557
0.610870
0.611496
0.611496
0.611418
0.611966
0.611809
0.612357
0.612514
0.612905
0.613140
0.613844
0.613923
0.614157
0.614314
0.614549
0.614940
0.615097
0.615410
0.615723
0.615645
0.616192
0.616506
0.616584
0.617053
0.617366
0.617601
0.617680
0.617914
0.618227
0.618932
0.618854
0.619245
0.619558
0.619636
0.619715
0.620106
0.620419
0.620889
0.621045
0.621515
0.621437
0.621828
0.621984
0.622454
0.622767
0.622767
0.623315
0.623550
0.623628
0.623628
0.624019
0.624411
0.625037
0.625428
0.625350
0.625663
0.625663
0.626289
0.626054
0.626289
0.626759
0.627150
0.627385
0.627542
0.627933
0.628089
0.628089
0.628246
0.628403
0.628716
0.629342
0.629655
0.629811
0.629968
0.630359
0.630594
0.630594
0.630829
0.631298
0.631533
0.631612
0.632238
0.632316
0.632786
0.632942
0.632942
0.633568
0.633803
0.633881
0.634194
0.634351
0.634586
0.634821
0.635212
0.635369
0.635603
0.635682
0.636229
0.636151
0.636621
0.637012
0.636934
0.637169
0.637247
0.637717
0.638030
0.638343
0.638499
0.638969
0.639047
0.639282
0.639595
0.639595
0.640221
0.640613
0.640691
0.641082
0.641787
0.641787
0.641630
0.641474
0.642100
0.642726
0.642961
0.643274
0.643352
0.643587
0.643743
0.643978
0.644291
0.644683
0.644996
0.645309
0.645465
0.645935
0.645700
0.646091
0.645935
0.646405
0.646639
0.647187
0.647657
0.647579
0.647813
0.648283
0.648048
0.648518
0.648753
0.649066
0.649379
0.649848
0.649927
0.650318
0.650240
0.650318
0.650631
0.650709
0.651492
0.651883
0.652118
0.652431
0.652510
0.652510
0.652744
0.652979
0.653214
0.653527
0.653840
0.654153
0.654388
0.654545
0.654545
0.654779
0.654936
0.655484
0.655719
0.655875
0.656501
0.656658
0.656971
0.656736
0.657362
0.657597
0.657675
0.657988
0.658223
0.658849
0.658771
0.659319
0.659867
0.659710
0.659710
0.660102
0.660571
0.661041
0.661432
0.661745
0.662372
0.662059
0.662372
0.662606
0.662685
0.663076
0.663702
0.663937
0.664250
0.664485
0.664641
0.664641
0.665268
0.665033
0.665581
0.666285
0.666520
0.666990
0.666990
0.667068
0.667381
0.667537
0.667850
0.668164
0.668633
0.668868
0.669181
0.669494
0.669651
0.669807
0.669964
0.670433
0.670590
0.671373
0.671842
0.671999
0.671921
0.672312
0.672547
0.672703
0.673016
0.673642
0.674190
0.674190
0.674425
0.674660
0.674895
0.674973
0.675208
0.675443
0.676147
0.676538
0.676930
0.676852
0.677165
0.677556
0.677712
0.677947
0.678339
0.678730
0.678887
0.679278
0.679513
0.679826
0.680217
0.680452
0.680765
0.681235
0.681861
0.682017
0.682409
0.682565
0.682957
0.682957
0.683191
0.683504
0.684052
0.684365
0.684678
0.684913
0.685226
0.685461
0.686087
0.686166
0.686479
0.686870
0.687261
0.687574
0.687731
0.688279
0.688827
0.688670
0.688905
0.689218
0.689688
0.690001
0.690314
0.690549
0.691175
0.691175
0.691488
0.691645
0.692192
0.692819
0.693053
0.692819
0.693601
0.693366
0.694071
0.694697
0.694697
0.695010
0.695558
0.695401
0.695871
0.696106
0.696576
0.696732
0.696810
0.696967
0.697828
0.697984
0.698063
0.698219
0.698845
0.699002
0.699158
0.699393
0.700098
0.700332
0.700332
0.700802
0.701272
0.701350
0.701976
0.702524
0.702681
0.702681
0.703228
0.703542
0.703776
0.704011
0.704637
0.704950
0.705029
0.705263
0.705498
0.705811
0.706203
0.706516
0.706985
0.706985
0.707533
0.707768
0.707768
0.708316
0.708707
0.708942
0.709099
0.709333
0.710038
0.710273
0.710429
0.710273
0.710586
0.710742
0.710821
0.710899
0.710586
0.710429
0.710742
0.710508
0.710821
0.710977
0.710586
0.710273
0.710194
0.709960
0.709803
0.709490
0.709333
0.709020
0.709099
0.708629
0.708629
0.708238
0.708159
0.707533
0.707064
0.707220
0.706594
0.706594
0.706124
0.706124
0.705890
0.705420
0.704872
0.704872
0.704716
0.704324
0.704011
0.704011
0.703542
0.703307
0.702759
0.702681
0.702133
0.701898
0.701272
0.701115
0.700489
0.700411
0.700254
0.699785
0.699471
0.699393
0.699002
0.698297
0.698141
0.698141
0.697280
0.697202
0.696889
0.696732
0.696497
0.696341
0.696106
0.695245
0.694775
0.694854
0.694462
0.693680
0.693523
0.693210
0.693053
0.692427
0.692192
0.691879
0.691253
0.691175
0.691175
0.690784
0.690392
0.690001
0.689844
0.689531
0.689062
0.688592
0.688357
0.687809
0.687809
0.687496
0.687027
0.686792
0.686479
0.686087
0.685618
0.685618
0.684992
0.684992
0.684678
0.684209
0.683896
0.683426
0.683113
0.682800
0.682409
0.682409
0.681783
0.681626
0.681156
0.680608
0.680061
0.679747
0.679434
0.678965
0.678730
0.678417
0.678182
0.677634
0.676852
0.676773
0.676538
0.676460
0.676147
0.675756
0.675286
0.674660
0.674738
0.674425
0.673956
0.673486
0.673329
0.672860
0.672390
0.671921
0.671921
0.671451
0.671060
0.670825
0.670355
0.670199
0.669807
0.669572
0.669181
0.669025
0.668477
0.668320
0.668085
0.667850
0.667459
0.667381
0.666911
0.666520
0.665894
0.665737
0.665346
0.664876
0.664641
0.664328
0.664172
0.663546
0.663311
0.663311
0.662998
0.662841
0.662528
0.661980
0.661432
0.661119
0.660884
0.660650
0.660258
0.659789
0.659006
0.658928
0.658771
0.658693
0.658145
0.658067
0.657362
0.656893
0.656736
0.656267
0.656032
0.655406
0.655093
0.654936
0.654388
0.654388
0.654075
0.653371
0.652979
0.652744
0.652431
0.652353
0.651962
0.651883
0.651336
0.651101
0.650709
0.650318
0.650318
0.649535
0.649144
0.648831
0.648674
0.648205
0.648048
0.647657
0.647266
0.647109
0.646639
0.646248
0.645935
0.645857
0.645074
0.644761
0.644291
0.643978
0.643978
0.643430
0.643430
0.642961
0.642726
0.642569
0.642413
0.641708
0.641239
0.640691
0.640847
0.640613
0.640143
0.639673
0.639282
0.638969
0.638812
0.638265
0.637951
0.637560
0.636934
0.636699
0.636386
0.636151
0.635838
0.635212
0.635447
0.635055
0.634664
0.634273
0.633881
0.633568
0.633255
0.632629
0.632394
0.632238
0.631846
0.631377
0.631064
0.630829
0.630359
0.630046
0.629263
0.629107
0.628794
0.628559
0.628011
0.627776
0.628011
0.627228
0.627463
0.626994
0.626759
0.626211
0.625585
0.625193
0.625037
0.624646
0.624646
0.624567
0.624019
0.623941
0.623628
0.623158
0.622689
0.622219
0.622063
0.621906
0.621358
0.621202
0.620889
0.620576
0.620262
0.619949
0.619793
0.619245
0.619088
0.618775
0.618462
0.618071
0.617758
0.617523
0.617053
0.616740
0.616506
0.616036
0.615645
0.615410
0.614705
0.614784
0.614862
0.614314
0.614001
0.614001
0.614001
0.613375
0.612749
0.612122
0.612122
0.611575
0.611575
0.611183
0.611105
0.610870
0.610479
0.610166
0.609853
0.609539
0.608913
0.608522
0.608209
0.608209
0.607896
0.607583
0.607426
0.607270
0.606957
0.606487
0.606017
0.605783
0.605078
0.605078
0.604922
0.604687
0.604452
0.604061
0.603748
0.603591
0.603356
0.602730
0.602182
0.602104
0.602182
0.601869
0.601321
0.601321
0.600695
0.600225
0.599991
0.599443
0.599051
0.598895
0.598582
0.598582
0.598112
0.597956
0.597877
0.597721
0.597251
0.596938
0.596312
0.595999
0.595686
0.595529
0.594981
0.594981
0.594747
0.594512
0.594120
0.593807
0.593494
0.593025
0.592555
0.592398
0.592164
0.592164
0.592007
0.591303
0.591381
0.591146
0.590598
0.590050
0.589737
0.589346
0.589268
0.589346
0.588641
0.588407
0.588172
0.588015
0.587546
0.587233
0.586998
0.586606
0.586137
0.586215
0.586215
0.585667
0.585589
0.585119
0.584728
0.584571
0.583945
0.583632
0.583710
0.583241
0.582849
0.582928
0.582536
0.581910
0.581597
0.581284
0.581128
0.580580
0.580267
0.580501
0.579797
0.579406
0.579562
0.578858
0.578545
0.578232
0.578153
0.577762
0.577449
0.577136
0.576823
0.576431
0.576510
0.576275
0.575570
0.575336
0.575101
0.574553
0.574475
0.574318
0.574083
0.573770
0.573614
0.573379
0.572987
0.572753
0.572205
0.572048
0.571657
0.571579
0.571187
0.571031
0.570561
0.570092
0.569700
0.569544
0.569387
0.568996
0.568917
0.568526
0.568213
0.567822
0.567665
0.567509
0.567352
0.566961
0.566491
0.566335
0.565943
0.565943
0.565395
0.565239
0.564847
0.564769
0.564769
0.564300
0.563830
0.563204
0.563047
0.562891
0.562578
0.562265
0.561951
0.561482
0.561404
0.560934
0.560230
0.560151
0.559916
0.559525
0.559290
0.558899
0.558586
0.558273
0.557803
0.557490
0.557020
0.556942
0.556394
0.556551
0.555925
0.555612
0.555377
0.554985
0.554985
0.554751
0.554124
0.553890
0.553420
0.553264
0.553029
0.552950
0.552559
0.552403
0.552168
0.551776
0.551542
0.551150
0.550446
0.550524
0.549976
0.549507
0.549193
0.549428
0.548724
0.548411
0.548333
0.548176
0.547785
0.547315
0.547158
0.546611
0.545984
0.545828
0.545906
0.545515
0.545202
0.544967
0.544654
0.544419
0.544028
0.543949
0.543480
0.543167
0.543088
0.542697
0.542619
0.542306
0.541680
0.541680
0.540819
0.540584
0.540036
0.539958
0.539645
0.539175
0.539097
0.538862
0.538862
0.538471
0.538001
0.537688
0.537218
0.537062
0.536749
0.536983
0.535966
0.535653
0.535418
0.534870
0.534557
0.534557
0.534087
0.533853
0.533618
0.533696
0.533383
0.532835
0.532444
0.532444
0.531739
0.531583
0.530957
0.531035
0.530565
0.530252
0.530017
0.529783
0.529235
0.529156
0.528609
0.528295
0.528139
0.527748
0.527434
0.527200
0.526808
0.526574
0.526574
0.525869
0.525399
0.525165
0.524852
0.524538
0.524382
0.524069
0.523912
0.523834
0.523208
0.523286
0.522738
0.522503
0.522269
0.521564
0.521643
0.521329
0.520703
0.520782
0.520547
0.519999
0.519451
0.518903
0.518512
0.518120
0.518199
0.518277
0.517729
0.517416
0.517651
0.516868
0.516398
0.515929
0.516085
0.515694
0.515459
0.515146
0.515146
0.514598
0.514520
0.514129
0.513033
0.512876
0.512563
0.512407
0.512250
0.511859
0.511859
0.511546
0.510920
0.510685
0.510293
0.509746
0.509746
0.509746
0.509198
0.509276
0.509119
0.508806
0.508024
0.507397
0.507476
0.507241
0.506850
0.506536
0.506458
0.505989
0.505754
0.505519
0.504971
0.504658
0.504501
0.504110
0.503954
0.503797
0.503640
0.503093
0.502858
0.502466
0.502075
0.501840
0.501605
0.501371
0.500979
0.500823
0.500823
0.500040
0.499884
0.499101
0.499101
0.498866
0.498553
0.498318
0.498162
0.497848
0.497535
0.497535
0.496909
0.496518
0.496283
0.496048
0.495657
0.495657
0.495031
0.495109
0.494796
0.494483
0.494170
0.493700
0.493074
0.493231
0.492526
0.492448
0.492135
0.491978
0.491665
0.491352
0.490804
0.490413
0.489943
0.489708
0.489630
0.489239
0.488769
0.488534
0.488300
0.487987
0.487673
0.487360
0.486812
0.486812
0.486578
0.486186
0.486030
0.485482
0.485482
0.484856
0.484464
0.484230
0.484308
0.483682
0.483369
0.483212
0.483212
0.482821
0.482586
0.482273
0.481490
0.481334
0.481020
0.480786
0.480551
0.480160
0.479846
0.479455
0.479299
0.478985
0.478281
0.478203
0.477733
0.477498
0.476950
0.476716
0.476950
0.476559
0.475933
0.475463
0.474994
0.474994
0.474602
0.474289
0.474133
0.474054
0.473663
0.473194
0.472880
0.472411
0.472019
0.471550
0.471550
0.471080
0.470767
0.470689
0.470141
0.469828
0.469280
0.468732
0.468497
0.468263
0.468106
0.467558
0.467088
0.467010
0.466854
0.466619
0.466071
0.465680
0.465367
0.465053
0.464819
0.464427
0.464114
0.463801
0.463879
0.463488
0.463097
0.462392
0.462392
0.462001
0.461610
0.461610
0.460905
0.460514
0.460436
0.459809
0.459418
0.459027
0.458870
0.458322
0.458009
0.457931
0.457696
0.457383
0.456992
0.456679
0.456287
0.455661
0.455583
0.455270
0.455035
0.454644
0.454565
0.453939
0.453861
0.453548
0.453235
0.452609
0.452530
0.452139
0.451982
0.451513
0.451513
0.450965
0.450887
0.450495
0.450026
0.449869
0.449713
0.449243
0.448460
0.448382
0.448147
0.447991
0.447443
0.447051
0.446895
0.446269
0.446112
0.445329
0.445095
0.444938
0.444703
0.444390
0.443999
0.443842
0.443608
0.443138
0.442747
0.442590
0.442199
0.441886
0.441181
0.441416
0.440946
0.440633
0.440085
0.439772
0.438990
0.438677
0.438677
0.438442
0.437894
0.437502
0.437502
0.437189
0.437189
0.436798
0.436485
0.435859
0.435624
0.435233
0.435076
0.434920
0.434607
0.434607
0.434137
0.433746
0.433511
0.433119
0.432806
0.432650
0.432337
0.432102
0.432258
0.431789
0.431632
0.430850
0.430615
0.430223
0.430223
0.429754
0.429519
0.429362
0.429049
0.428501
0.428188
0.428032
0.427484
0.427327
0.426780
0.426545
0.426388
0.426075
0.425605
0.425292
0.425371
0.424901
0.424431
0.424588
0.424040
0.423649
0.423257
0.423101
0.423023
0.422475
0.421927
0.421849
0.421614
0.421301
0.420988
0.420753
0.420518
0.420127
0.419970
0.419657
0.419344
0.419031
0.418718
0.418483
0.418248
0.417935
0.417622
0.417465
0.417074
0.416370
0.416448
0.416291
0.415743
0.415352
0.415196
0.414961
0.414804
0.414569
0.414022
0.413787
0.413474
0.413239
0.413004
0.412769
0.412221
0.412143
0.411595
0.411360
0.410891
0.410108
0.410186
0.409795
0.409560
0.409247
0.408934
0.408856
0.408621
0.408230
0.407995
0.407603
0.407369
0.407134
0.406586
0.406586
0.406273
0.406038
0.405647
0.405099
0.404551
0.404473
0.403925
0.403690
0.403612
0.403299
0.402986
0.402907
0.402438
0.402516
0.402046
0.401185
0.400872
0.400716
0.400324
0.400246
0.400168
0.399542
0.399150
0.398837
0.398602
0.398055
0.397898
0.397741
0.397428
0.397350
0.396959
0.396333
0.396098
0.395706
0.395393
0.394845
0.394689
0.394611
0.394219
0.394141
0.393593
0.393202
0.392732
0.392576
0.392576
0.392106
0.391715
0.391558
0.391245
0.390932
0.390384
0.390071
0.389680
0.389053
0.389367
0.388897
0.388662
0.388427
0.388114
0.387645
0.387410
0.387175
0.386940
0.386236
0.386079
0.385688
0.385375
0.385218
0.384827
0.384592
0.384044
0.383496
0.383418
0.383105
0.382322
0.382401
0.382401
0.381931
0.381540
0.381227
0.380757
0.380366
0.380366
0.379896
0.379505
0.379113
0.378565
0.378644
0.378252
0.378096
0.377470
0.376922
0.376687
0.376530
0.376217
0.375826
0.375669
0.375200
0.374965
0.374574
0.374260
0.374104
0.373713
0.373243
0.373008
0.372852
0.372304
0.372225
0.371756
0.371208
0.370817
0.370504
0.370034
0.369564
0.369486
0.369016
0.368782
0.368469
0.368312
0.367608
0.367529
0.366981
0.366512
0.366277
0.366120
0.366042
0.365494
0.365259
0.364946
0.364633
0.364320
0.363929
0.363381
0.363224
0.362990
0.362598
0.362363
0.361737
0.361659
0.361503
0.360485
0.360485
0.360172
0.359624
0.359233
0.359311
0.358763
0.358528
0.358372
0.357824
0.357354
0.356963
0.356728
0.356102
0.355945
0.355789
0.355476
0.355163
0.354771
0.354458
0.353754
0.353676
0.353206
0.353049
0.352501
0.352188
0.352110
0.351797
0.351327
0.351014
0.351171
0.350466
0.349840
0.349762
0.349449
0.349449
0.348901
0.348510
0.348275
0.348118
0.347805
0.347414
0.346944
0.346866
0.346710
0.346005
0.346005
0.345770
0.345144
0.344675
0.344440
0.344440
0.343814
0.343422
0.343579
0.342953
0.342561
0.343031
0.342561
0.341779
0.341857
0.341309
0.340839
0.340839
0.340448
0.339744
0.339509
0.339039
0.338804
0.338726
0.338100
0.338022
0.337709
0.337317
0.337004
0.336613
0.336456
0.336143
0.335595
0.335282
0.334969
0.334656
0.334578
0.334108
0.334265
0.333795
0.333482
0.333091
0.333012
0.332308
0.331995
0.331760
0.331760
0.331682
0.331134
0.330664
0.330664
0.330273
0.329647
0.329412
0.329099
0.328942
0.328551
0.328394
0.327925
0.327690
0.327220
0.327142
0.326672
0.326281
0.326125
0.325733
0.325264
0.325029
0.325029
0.324403
0.324168
0.323776
0.323385
0.323072
0.322994
0.322446
0.322289
0.321898
0.321585
0.321428
0.321037
0.320646
0.320020
0.319472
0.319002
0.319080
0.319002
0.318454
0.318454
0.318063
0.317828
0.317202
0.316810
0.316654
0.316341
0.315949
0.315558
0.315245
0.315245
0.314775
0.313993
0.313836
0.313680
0.313288
0.313210
0.312975
0.312506
0.312114
0.311958
0.311645
0.310940
0.310705
0.310236
0.310236
0.309844
0.309531
0.309140
0.308827
0.308514
0.307809
0.307340
0.307496
0.306870
0.306557
0.306557
0.306166
0.305618
0.305461
0.304992
0.304522
0.304444
0.304052
0.303818
0.303426
0.303270
0.302722
0.302331
0.301939
0.301626
0.301391
0.300922
0.300530
0.300374
0.299669
0.299513
0.299043
0.298808
0.298574
0.298026
0.297947
0.297556
0.297400
0.296852
0.297008
0.296539
0.296147
0.295678
0.295130
0.294817
0.294347
0.293956
0.293721
0.293486
0.293016
0.292782
0.292390
0.291999
0.291842
0.291373
0.291216
0.290903
0.290355
0.289964
0.290120
0.289338
0.289025
0.288712
0.288320
0.287929
0.287616
0.287146
0.286990
0.286520
0.286129
0.285894
0.285581
0.285033
0.284642
0.284250
0.284015
0.283781
0.283546
0.283389
0.282998
0.282763
0.282293
0.281902
0.281511
0.280885
0.280650
0.280258
0.280024
0.279711
0.279241
0.278615
0.278302
0.278145
0.277597
0.277441
0.276971
0.276580
0.276110
0.275954
0.275719
0.275484
0.275327
0.274545
0.274545
0.273684
0.273449
0.273136
0.272979
0.272666
0.272040
0.272197
0.271805
0.271179
0.270866
0.270553
0.270396
0.270005
0.269692
0.269379
0.268596
0.268440
0.268361
0.267735
0.267422
0.267109
0.266640
0.266170
0.266013
0.265622
0.265465
0.265152
0.265074
0.264291
0.264213
0.264057
0.263430
0.263274
0.262804
0.262569
0.262256
0.262022
0.261865
0.261395
0.260691
0.260534
0.259830
0.259595
0.259126
0.259047
0.258656
0.258108
0.257717
0.257482
0.257091
0.257012
0.256778
0.256230
0.255917
0.255525
0.255369
0.254977
0.254586
0.254273
0.253803
0.253412
0.253255
0.252708
0.252551
0.252316
0.251690
0.251612
0.250986
0.250751
0.250359
0.249890
0.249498
0.249420
0.249029
0.248794
0.248637
0.248324
0.247777
0.247777
0.247150
0.246994
0.246524
0.246524
0.246211
0.245820
0.245194
0.245037
0.244802
0.244333
0.243941
0.243237
0.243080
0.243080
0.242689
0.242376
0.241985
0.242063
0.241593
0.241045
0.240497
0.240028
0.240028
0.239715
0.239480
0.238775
0.238619
0.238228
0.237915
0.237680
0.237054
0.236975
0.236662
0.236271
0.236193
0.235958
0.235253
0.234940
0.234627
0.234158
0.233766
0.233062
0.233453
0.233140
0.232749
0.232279
0.231731
0.231653
0.231183
0.230870
0.230322
0.230166
0.229774
0.229461
0.229305
0.228992
0.228600
0.228600
0.227974
0.227583
0.227505
0.227113
0.227113
0.226644
0.226409
0.226018
0.225548
0.225157
0.224609
0.224687
0.224217
0.223669
0.223513
0.223043
0.222887
0.222495
0.221869
0.221634
0.221400
0.220617
0.220695
0.220147
0.219912
0.219834
0.219051
0.218582
0.218112
0.218034
0.217486
0.217486
0.216782
0.216625
0.216469
0.215999
0.215529
0.215295
0.214747
0.214512
0.214277
0.213807
0.213729
0.213338
0.213103
0.212790
0.212477
0.211929
0.211616
0.210833
0.210442
0.210129
0.209894
0.209346
0.209189
0.208720
0.208407
0.208172
0.207702
0.207389
0.206841
0.206763
0.206372
0.205980
0.205746
0.205746
0.205276
0.205041
0.204415
0.203711
0.203319
0.203084
0.203084
0.202615
0.202145
0.201832
0.201519
0.201049
0.200580
0.199484
0.199406
0.198936
0.198623
0.198310
0.197997
0.197684
0.197058
0.197371
0.196823
0.196275
0.195727
0.195336
0.195101
0.194631
0.194553
0.194083
0.193692
0.193536
0.192909
0.192596
0.191892
0.191814
0.191579
0.190953
0.190718
0.190092
0.189779
0.189387
0.188761
0.188605
0.187822
0.187822
0.187430
0.187117
0.186804
0.186413
0.186100
0.185865
0.185239
0.184926
0.184848
0.184378
0.183987
0.183360
0.182969
0.183204
0.182421
0.182265
0.181717
0.181639
0.181169
0.180778
0.180386
0.180230
0.179682
0.179369
0.179056
0.178508
0.178116
0.177647
0.177177
0.177021
0.176473
0.176081
0.175847
0.175455
0.174829
0.174438
0.174046
0.173968
0.173342
0.173107
0.172716
0.172481
0.172168
0.171933
0.171463
0.171307
0.170916
0.170602
0.169898
0.169507
0.169037
0.168646
0.168411
0.168254
0.167785
0.167393
0.167002
0.166532
0.166376
0.165985
0.165593
0.165280
0.165045
0.164576
0.164184
0.163871
0.163480
0.162854
0.163089
0.162619
0.161993
0.161680
0.161210
0.161288
0.160819
0.160662
0.160114
0.159566
0.159175
0.159175
0.158392
0.157923
0.157610
0.157218
0.157062
0.156670
0.156357
0.155888
0.155418
0.155183
0.154635
0.154322
0.154009
0.153696
0.153696
0.153227
0.152679
0.152444
0.151896
0.151661
0.151035
0.150957
0.150487
0.150096
0.149939
0.149000
0.148843
0.148530
0.148061
0.147826
0.147278
0.147043
0.147122
0.146652
0.146182
0.145791
0.145400
0.145087
0.144617
0.144304
0.143756
0.143599
0.143365
0.143052
0.142425
0.142347
0.141799
0.141408
0.141251
0.140625
0.140312
0.139842
0.139373
0.139138
0.138825
0.138277
0.138199
0.137651
0.137260
0.136946
0.136868
0.136320
0.136007
0.135538
0.135381
0.134833
0.134520
0.133972
0.133581
0.133033
0.132642
0.132798
0.132329
0.131624
0.131311
0.131468
0.130763
0.130137
0.129589
0.129511
0.129041
0.128963
0.128493
0.128102
0.127945
0.127711
0.127084
0.126380
0.126145
0.125597
0.125206
0.124815
0.124658
0.124423
0.123954
0.123641
0.123171
0.122936
0.122388
0.121997
0.121684
0.121214
0.120901
0.120197
0.119805
0.119258
0.119258
0.118162
0.118005
0.117614
0.117222
0.117144
0.116675
0.116362
0.115814
0.115344
0.114718
0.114092
0.113700
0.113622
0.113387
0.112839
0.112213
0.112291
0.111900
0.111509
0.110648
0.110256
0.109787
0.109709
0.109317
0.109082
0.108535
0.108378
0.107987
0.107439
0.106813
0.106578
0.105952
0.105639
0.105325
0.105247
0.104856
0.104308
0.104073
0.103369
0.102821
0.102430
0.101960
0.102195
0.101647
0.100786
0.100629
0.100081
0.099534
0.098907
0.098594
0.098438
0.098046
0.097655
0.097342
0.096716
0.096481
0.096090
0.095855
0.095307
0.094446
0.094446
0.093898
0.093663
0.093194
0.092646
0.092254
0.091863
0.091863
0.091315
0.090532
0.090298
0.089985
0.089672
0.089280
0.088811
0.088341
0.087637
0.087558
0.086619
0.086228
0.086149
0.085367
0.084975
0.085054
0.084584
0.084193
0.083566
0.083253
0.082862
0.082314
0.082001
0.081688
0.081297
0.080905
0.080436
0.079966
0.079496
0.079262
0.078088
0.077540
0.077227
0.076835
0.076287
0.076209
0.075740
0.075583
0.075113
0.074644
0.074018
0.073548
0.073391
0.073000
0.072765
0.072530
0.072061
0.071513
0.070887
0.070809
0.070182
0.069243
0.069087
0.068539
0.068304
0.067834
0.067365
0.067052
0.066817
0.066191
0.065878
0.065330
0.064860
0.064625
0.064312
0.063764
0.063529
0.063216
0.062668
0.062042
0.061416
0.061260
0.060712
0.060242
0.059929
0.059459
0.058990
0.058755
0.057972
0.057581
0.056798
0.056798
0.056407
0.055859
0.055624
0.054998
0.054450
0.053902
0.053746
0.053354
0.052806
0.052572
0.052180
0.051632
0.051085
0.050693
0.050067
0.049910
0.049284
0.049128
0.048736
0.048189
0.047797
0.047406
0.047014
0.046701
0.045762
0.045606
0.045293
0.044823
0.044432
0.043571
0.043649
0.043258
0.042944
0.042318
0.042005
0.041536
0.041223
0.040362
0.040048
0.039344
0.039188
0.038640
0.038248
0.037779
0.037466
0.036761
0.036292
0.035978
0.035587
0.034883
0.034335
0.034491
0.033865
0.033396
0.033004
0.032456
0.032065
0.031361
0.030891
0.030578
0.030108
0.029639
0.029717
0.028856
0.028308
0.027995
0.027682
0.027369
0.026664
0.026351
0.026273
0.026116
0.025569
0.025099
0.024473
0.023690
0.023612
0.022986
0.022673
0.022125
0.021890
0.021420
0.020638
0.020324
0.019698
0.019150
0.018837
0.018368
0.017820
0.017585
0.016881
0.016568
0.016020
0.015393
0.014924
0.014689
0.014376
0.013906
0.013358
0.012732
0.012419
0.011950
0.011323
0.011010
0.010228
0.009523
0.009132
0.008897
0.008349
0.008114
0.007801
0.007723
0.006862
0.006236
0.005766
0.005062
0.004905
0.004514
0.003810
0.003575
0.002949
0.002479
0.002244
0.002009
0.000914
0.000679
0.000053
-0.000182
-0.000730
-0.001356
-0.001669
-0.002061
-0.002609
-0.003313
-0.003861
-0.004252
-0.004644
-0.004878
-0.005583
-0.006209
-0.006600
-0.006679
-0.007226
-0.007853
-0.008322
-0.008948
-0.009340
-0.009809
-0.010201
-0.010749
-0.011297
-0.011531
-0.012001
-0.012705
-0.013253
-0.013723
-0.014427
-0.014819
-0.015132
-0.015680
-0.016149
-0.016854
-0.017088
-0.017323
-0.018263
-0.019045
-0.019437
-0.019828
-0.020063
-0.020767
-0.021080
-0.021785
-0.022333
-0.022880
-0.023350
-0.024368
-0.024681
-0.025150
-0.025776
-0.026090
-0.026324
-0.027107
-0.027420
-0.028281
-0.028594
-0.029925
-0.030394
-0.030707
-0.031099
-0.031412
-0.032038
-0.032508
-0.033134
-0.033682
-0.034230
-0.034934
-0.035560
-0.035873
-0.036265
-0.037047
-0.037360
-0.037987
-0.038456
-0.039161
-0.039787
-0.040569
-0.041274
-0.041900
-0.041978
-0.042604
-0.043152
-0.043700
-0.044248
-0.044718
-0.045344
-0.046127
-0.046831
-0.047144
-0.047457
-0.048083
-0.048709
-0.049179
-0.049805
-0.050118
-0.051449
-0.051997
-0.052623
-0.053171
-0.053640
-0.054267
-0.054971
-0.055362
-0.056145
-0.056771
-0.057632
-0.058337
-0.058571
-0.059198
-0.059511
-0.060137
-0.060763
-0.061233
-0.061546
-0.062407
-0.063502
-0.064050
-0.064363
-0.064755
-0.065381
-0.066085
-0.066555
-0.067103
-0.067494
-0.068042
-0.069138
-0.069764
-0.070234
-0.070782
-0.071329
-0.071799
-0.072503
-0.073130
-0.073364
-0.073991
-0.074773
-0.075713
-0.076104
-0.076417
-0.076808
-0.077121
-0.077904
-0.078609
-0.079391
-0.080096
-0.081426
-0.081818
-0.082522
-0.082600
-0.083383
-0.084009
-0.084400
-0.085105
-0.085575
-0.086357
-0.086983
-0.087610
-0.088392
-0.088705
-0.089253
-0.089645
-0.090271
-0.090662
-0.091523
-0.092227
-0.092306
-0.093323
-0.094184
-0.094654
-0.095202
-0.095515
-0.096141
-0.096532
-0.097472
-0.098098
-0.098489
-0.099272
-0.100054
-0.100602
-0.101229
-0.101776
-0.102324
-0.102950
-0.103420
-0.104124
-0.104672
-0.105690
-0.106394
-0.106786
-0.107412
-0.107881
-0.108273
-0.108899
-0.109838
-0.110699
-0.111325
-0.111951
-0.113126
-0.113517
-0.114221
-0.114691
-0.114847
-0.115708
-0.116335
-0.117039
-0.117822
-0.118370
-0.118839
-0.120092
-0.120874
-0.121266
-0.121657
-0.122440
-0.123066
-0.123692
-0.124318
-0.125101
-0.125649
-0.126510
-0.127136
-0.127762
-0.128153
-0.128779
-0.129484
-0.130188
-0.130893
-0.131441
-0.132223
-0.133006
-0.133710
-0.134258
-0.134806
-0.135354
-0.136059
-0.137076
-0.137546
-0.138172
-0.139111
-0.139816
-0.140363
-0.140911
-0.141381
-0.142085
-0.142711
-0.143651
-0.144355
-0.144512
-0.145529
-0.146625
-0.147251
-0.147486
-0.148112
-0.148503
-0.149364
-0.150304
-0.150852
-0.151399
-0.152026
-0.153043
-0.154061
-0.154452
-0.154843
-0.155548
-0.156174
-0.157113
-0.157661
-0.158365
-0.158992
-0.159931
-0.160400
-0.161340
-0.161809
-0.162357
-0.162905
-0.163610
-0.164705
-0.165253
-0.165723
-0.166584
-0.167053
-0.167914
-0.168384
-0.169088
-0.169558
-0.170184
-0.170967
-0.172141
-0.172611
-0.173002
-0.173863
-0.174411
-0.175037
-0.175741
-0.176133
-0.176681
-0.177855
-0.178403
-0.179263
-0.179890
-0.180672
-0.181377
-0.182159
-0.182629
-0.183020
-0.183490
-0.184351
-0.185525
-0.186229
-0.186777
-0.187247
-0.187873
-0.188421
-0.188891
-0.189673
-0.190065
-0.190926
-0.191787
-0.192882
-0.193352
-0.193900
-0.194604
-0.195465
-0.196248
-0.196639
-0.196796
-0.197735
-0.198361
-0.199614
-0.200396
-0.201101
-0.201883
-0.202510
-0.203136
-0.204075
-0.204310
-0.204858
-0.205640
-0.206423
-0.207362
-0.207675
-0.208145
-0.208928
-0.209319
-0.210102
-0.210728
-0.211354
-0.211589
-0.212685
-0.213702
-0.214328
-0.214955
-0.215659
-0.216363
-0.216911
-0.217537
-0.218085
-0.218790
-0.219494
-0.220668
-0.221451
-0.221921
-0.222625
-0.222860
-0.223642
-0.224269
-0.224973
-0.225599
-0.226147
-0.227165
-0.228104
-0.228495
-0.229200
-0.229748
-0.230295
-0.230843
-0.231548
-0.232252
-0.232722
-0.233504
-0.234600
-0.235148
-0.235539
-0.236009
-0.236635
-0.237496
-0.237653
-0.238201
-0.238905
-0.239688
-0.241410
-0.242192
-0.242271
-0.242819
-0.243366
-0.243914
-0.244619
-0.245010
-0.245558
-0.246028
-0.247280
-0.248141
-0.248532
-0.249080
-0.249393
-0.250019
-0.250880
-0.251272
-0.251741
-0.252211
-0.253072
-0.253933
-0.254324
-0.255185
-0.255029
-0.255890
-0.256281
-0.256672
-0.257298
-0.257846
-0.258394
-0.259412
-0.259960
-0.260194
-0.260742
-0.261212
-0.261760
-0.262621
-0.262934
-0.263638
-0.263795
-0.264656
-0.265517
-0.265908
-0.266299
-0.266769
-0.267160
-0.267708
-0.268413
-0.268569
-0.269117
-0.269509
-0.270213
-0.271074
-0.271544
-0.271544
-0.271622
-0.272405
-0.272952
-0.273344
-0.273657
-0.273813
-0.274674
-0.275144
-0.276240
-0.276396
-0.276631
-0.276788
-0.277022
-0.277649
-0.278275
-0.278510
-0.278588
-0.279527
-0.280153
-0.280701
-0.281249
-0.281640
-0.281953
-0.282580
-0.282814
-0.283128
-0.283675
-0.284067
-0.284458
-0.285084
-0.285476
-0.285710
-0.286180
-0.286337
-0.286258
-0.287041
-0.287041
-0.287745
-0.287980
-0.288841
-0.289076
-0.289546
-0.289389
-0.289937
-0.290015
-0.290720
-0.291111
-0.291189
-0.291581
-0.291737
-0.292207
-0.292598
-0.292911
-0.293303
-0.293694
-0.293929
-0.294085
-0.294477
-0.294790
-0.294711
-0.295416
-0.295807
-0.296512
-0.296668
-0.296590
-0.296668
-0.296903
-0.297451
-0.297764
-0.297920
-0.298234
-0.299016
-0.299016
-0.299329
-0.299721
-0.299721
-0.299799
-0.300269
-0.300347
-0.300425
-0.300738
-0.301130
-0.301521
-0.301599
-0.301756
-0.301834
-0.302304
-0.302617
-0.302460
-0.302773
-0.302930
-0.303008
-0.303399
-0.303712
-0.303556
-0.304339
-0.304182
-0.304260
-0.304260
-0.304495
-0.304573
-0.304887
-0.305043
-0.305043
-0.305356
-0.305591
-0.305747
-0.305904
-0.305826
-0.305747
-0.305826
-0.306139
-0.306452
-0.306530
-0.306374
-0.306765
-0.307078
-0.306922
-0.306843
-0.306922
-0.307078
-0.307156
-0.307156
-0.307313
-0.307548
-0.307861
-0.307782
-0.307704
-0.307861
-0.307861
-0.308017
-0.308252
-0.308252
-0.308096
-0.308330
-0.308330
-0.308409
-0.308565
-0.308565
-0.308722
-0.308565
-0.308800
-0.308409
-0.308565
-0.308722
-0.308722
-0.309035
-0.308800
-0.309113
-0.309113
-0.308878
-0.308957
-0.308878
-0.308878
-0.309035
-0.308957
-0.309035
-0.309035
-0.308957
-0.309191
-0.309113
-0.309426
-0.309113
-0.309191
-0.308878
-0.308800
-0.308957
-0.309113
-0.308800
-0.309035
-0.308878
-0.309191
-0.309191
-0.308878
-0.308878
-0.308643
-0.308722
-0.308487
-0.308722
-0.308722
-0.308565
-0.308800
-0.308800
-0.309035
-0.308878
-0.309035
-0.308722
-0.308409
-0.308252
-0.308330
-0.308330
-0.308330
-0.308330
-0.308409
-0.308330
-0.308409
-0.308487
-0.308330
-0.308017
-0.308096
-0.308017
-0.307939
-0.307861
-0.307782
-0.308096
-0.308017
-0.307782
-0.307626
-0.307626
-0.307313
-0.307469
-0.307548
-0.307626
-0.307391
-0.307548
-0.307548
-0.307469
-0.307548
-0.307313
-0.307078
-0.307235
-0.307078
-0.307000
-0.306843
-0.306922
-0.306765
-0.306765
-0.306843
-0.307156
-0.306843
-0.306687
-0.306608
-0.306530
-0.306530
-0.306295
-0.306452
-0.306374
-0.305982
-0.306530
-0.306374
-0.306217
-0.305982
-0.305904
-0.305591
-0.305669
-0.305591
-0.305356
-0.305278
-0.305200
-0.305591
-0.305669
-0.305434
-0.305200
-0.304965
-0.305121
-0.305043
-0.305200
-0.304965
-0.304573
-0.304808
-0.304965
-0.304652
-0.304495
-0.304260
-0.304417
-0.304104
-0.304260
-0.304182
-0.304260
-0.304026
-0.304026
-0.303947
-0.304104
-0.304026
-0.304026
-0.303634
-0.303478
-0.303634
-0.303478
-0.303478
-0.303321
-0.303243
-0.303008
-0.302930
-0.303008
-0.303086
-0.302851
-0.302617
-0.302930
-0.302851
-0.303008
-0.302773
-0.302538
-0.302695
-0.302773
-0.302695
-0.302617
-0.302304
-0.302382
-0.301991
-0.302617
-0.302147
-0.302304
-0.302147
-0.302147
-0.301834
-0.301834
-0.301991
-0.301756
-0.301912
-0.301912
-0.301756
-0.301912
-0.301599
-0.301443
-0.301756
-0.301443
-0.301912
-0.301756
-0.301677
-0.301521
-0.301677
-0.301599
-0.301286
-0.301443
-0.301051
-0.301130
-0.301130
-0.300973
-0.300895
-0.300816
-0.300660
-0.300816
-0.300895
-0.300816
-0.300503
-0.300347
-0.300425
-0.300503
-0.300660
-0.300347
-0.300034
-0.300503
-0.300503
-0.300660
-0.300503
-0.300503
-0.300425
-0.300503
-0.300425
-0.300190
-0.300269
-0.300347
-0.300425
-0.300425
-0.300738
-0.300503
-0.299956
-0.300034
-0.300034
-0.300269
-0.300112
-0.300034
-0.300112
-0.299956
-0.300190
-0.300347
-0.300112
-0.300112
-0.300112
-0.300269
-0.300269
-0.300112
-0.300112
-0.300190
-0.300034
-0.300112
-0.300269
-0.300269
-0.299721
-0.299799
-0.300190
-0.299956
-0.299956
-0.300112
-0.299956
-0.300112
-0.300034
-0.300112
-0.300425
-0.300190
-0.300112
-0.299956
-0.300112
-0.300034
-0.300112
-0.300269
-0.300034
-0.300190
-0.300425
-0.300738
-0.300582
-0.300738
-0.300425
-0.300425
-0.300347
-0.300660
-0.300503
-0.300503
-0.300738
-0.300660
-0.300816
-0.300582
-0.300895
-0.300816
-0.300738
-0.301051
-0.300503
-0.300816
-0.300816
-0.301208
-0.300973
-0.301286
-0.301286
-0.300973
-0.300895
-0.301286
-0.301051
-0.301208
-0.301286
-0.301443
-0.301834
-0.301834
-0.301912
-0.302069
-0.301834
-0.301521
-0.301521
-0.301834
-0.301599
-0.301677
-0.301912
-0.302069
-0.302225
-0.302147
-0.302147
-0.302069
-0.302304
-0.302382
-0.302382
-0.302695
-0.302538
-0.302460
-0.302617
-0.302851
-0.302851
-0.302695
-0.303008
-0.302930
-0.303321
-0.303086
-0.303243
-0.303165
-0.303556
-0.303556
-0.303712
-0.303869
-0.303947
-0.304026
-0.303634
-0.303712
-0.304182
-0.304104
-0.303869
-0.304260
-0.304182
-0.304182
-0.304260
-0.304730
-0.304887
-0.304573
-0.304260
-0.304652
-0.304887
-0.304965
-0.305121
-0.305434
-0.305591
-0.305747
-0.305747
-0.305904
-0.305747
-0.305747
-0.305747
-0.305982
-0.305747
-0.305904
-0.306061
-0.306374
-0.306608
-0.307000
-0.306765
-0.306765
-0.306765
-0.307000
-0.307235
-0.307078
-0.307078
-0.307235
-0.307626
-0.307391
-0.307704
-0.308017
-0.307861
-0.308174
-0.308174
-0.308252
-0.308252
-0.308565
-0.308565
-0.308643
-0.308878
-0.309113
-0.309191
-0.309504
-0.309270
-0.309504
-0.309270
-0.309739
-0.309896
-0.309896
-0.310131
-0.310365
-0.310444
-0.310444
-0.310444
-0.310600
-0.310835
-0.310992
-0.311148
-0.311383
-0.311226
-0.311226
-0.311618
-0.311774
-0.312244
-0.312322
-0.312244
-0.312244
-0.312557
-0.312870
-0.312870
-0.312948
-0.313183
-0.313574
-0.313574
-0.313574
-0.313888
-0.313888
-0.313888
-0.313966
-0.313966
-0.314122
-0.314592
-0.314279
-0.314670
-0.315296
-0.315218
-0.315140
-0.315766
-0.315375
-0.315375
-0.315296
-0.315688
-0.315923
-0.316001
-0.316157
-0.316392
-0.316705
-0.317018
-0.317097
-0.316940
-0.317175
-0.317175
-0.317410
-0.317644
-0.317644
-0.317801
-0.318036
-0.317958
-0.318584
-0.318740
-0.318819
-0.318819
-0.319132
-0.319210
-0.319366
-0.319914
-0.319366
-0.319914
-0.319993
-0.320384
-0.320854
-0.320932
-0.321010
-0.321167
-0.321010
-0.321480
-0.321636
-0.322028
-0.321871
-0.322106
-0.322106
-0.322497
-0.322810
-0.322889
-0.323045
-0.323123
-0.323515
-0.323436
-0.323515
-0.323515
-0.323906
-0.324063
-0.324063
-0.324689
-0.324845
-0.324924
-0.324924
-0.325393
-0.325315
-0.325393
-0.325785
-0.325785
-0.325785
-0.326176
-0.326254
-0.326567
-0.326489
-0.327037
-0.327037
-0.327272
-0.327272
-0.327585
-0.327820
-0.328211
-0.327898
-0.328367
-0.328367
-0.328759
-0.328759
-0.328759
-0.329150
-0.329150
-0.329307
-0.329541
-0.329855
-0.330481
-0.330402
-0.330402
-0.330872
-0.331029
-0.330950
-0.331420
-0.331733
-0.331655
-0.331968
-0.331968
-0.332203
-0.332437
-0.332985
-0.332907
-0.333377
-0.333533
-0.333455
-0.333925
-0.334081
-0.334394
-0.334472
-0.334629
-0.334551
-0.335255
-0.335020
-0.335099
-0.335725
-0.335803
-0.336194
-0.336351
-0.336429
-0.336742
-0.336742
-0.337212
-0.337368
-0.337368
-0.337525
-0.337603
-0.338073
-0.338229
-0.338229
-0.338621
-0.339090
-0.338856
-0.339325
-0.339403
-0.339090
-0.339560
-0.339717
-0.340108
-0.340108
-0.340734
-0.341125
-0.341047
-0.341438
-0.341673
-0.341595
-0.341908
-0.342221
-0.342378
-0.342378
-0.342769
-0.342926
-0.343239
-0.343552
-0.343474
-0.343865
-0.343943
-0.344100
-0.344256
-0.344648
-0.344804
-0.345039
-0.345117
-0.345587
-0.345430
-0.346056
-0.345900
-0.346448
-0.346369
-0.346448
-0.346683
-0.347074
-0.347465
-0.347230
-0.347700
-0.348170
-0.348326
-0.348248
-0.348718
-0.348796
-0.348796
-0.349031
-0.349344
-0.349579
-0.349892
-0.349892
-0.350205
-0.350518
-0.350753
-0.351144
-0.351144
-0.351379
-0.351927
-0.352083
-0.351927
-0.352396
-0.352475
-0.352788
-0.353179
-0.353492
-0.353727
-0.353805
-0.354118
-0.354588
-0.354823
-0.355057
-0.354979
-0.354979
-0.355214
-0.355371
-0.355684
-0.356153
-0.356466
-0.356701
-0.356936
-0.357092
-0.356858
-0.357327
-0.357484
-0.357875
-0.357797
-0.358188
-0.358267
-0.358658
-0.358501
-0.358736
-0.359441
-0.359441
-0.359675
-0.359910
-0.360536
-0.360849
-0.361006
-0.361397
-0.361867
-0.362258
-0.362337
-0.362415
-0.362806
-0.363119
-0.363198
-0.363276
-0.363589
-0.363589
-0.364293
-0.364293
-0.364841
-0.364841
-0.365546
-0.365467
-0.365389
-0.365624
-0.365937
-0.365859
-0.366328
-0.366485
-0.366876
-0.366876
-0.367189
-0.367659
-0.367972
-0.367972
-0.368442
-0.368442
-0.368676
-0.368755
-0.368989
-0.369224
-0.369850
-0.369929
-0.369850
-0.370085
-0.370398
-0.370868
-0.371024
-0.371259
-0.371729
-0.371651
-0.371964
-0.372042
-0.372277
-0.372512
-0.372825
-0.373294
-0.373294
-0.373294
-0.373607
-0.373842
-0.374155
-0.374077
-0.374703
-0.374703
-0.375251
-0.375642
-0.375721
-0.376190
-0.376582
-0.376738
-0.376660
-0.376973
-0.377443
-0.377599
-0.377677
-0.377912
-0.378147
-0.378225
-0.378773
-0.379086
-0.379086
-0.379478
-0.379634
-0.380182
-0.380417
-0.380417
-0.380495
-0.380652
-0.381278
-0.381434
-0.381669
-0.381982
-0.382217
-0.382687
-0.382687
-0.383000
-0.383391
-0.383391
-0.383782
-0.384330
-0.384565
-0.384643
-0.384878
-0.385348
-0.385348
-0.385661
-0.386052
-0.385974
-0.386365
-0.386600
-0.386444
-0.386913
-0.387226
-0.387696
-0.387774
-0.388009
-0.388479
-0.388713
-0.389027
-0.389027
-0.389653
-0.389731
-0.389888
-0.390201
-0.390670
-0.390983
-0.390905
-0.391531
-0.391609
-0.392001
-0.392236
-0.392314
-0.392862
-0.392705
-0.393097
-0.393253
-0.393723
-0.393801
-0.394036
-0.394662
-0.394740
-0.395053
-0.395210
-0.395366
-0.395836
-0.396227
-0.396384
-0.396619
-0.396697
-0.397010
-0.397167
-0.397714
-0.397871
-0.398028
-0.398341
-0.398184
-0.398810
-0.398889
-0.399280
-0.399515
-0.399671
-0.399984
-0.400532
-0.401002
-0.401315
-0.401550
-0.401628
-0.401941
-0.402098
-0.402724
-0.402802
-0.403193
-0.403350
-0.403820
-0.404133
-0.404211
-0.404446
-0.404524
-0.405228
-0.405385
-0.405463
-0.405776
-0.406089
-0.406168
-0.406559
-0.406872
-0.407029
-0.407498
-0.407733
-0.407655
-0.408203
-0.408281
-0.408907
-0.408516
-0.409064
-0.409298
-0.409690
-0.409925
-0.410316
-0.410786
-0.411020
-0.411177
-0.411333
-0.411568
-0.411803
-0.412116
-0.412429
-0.412429
-0.412742
-0.413134
-0.413368
-0.413838
-0.413682
-0.414386
-0.414777
-0.414934
-0.415325
-0.415482
-0.415325
-0.415795
-0.416343
-0.416499
-0.416812
-0.416891
-0.417282
-0.417438
-0.417438
-0.417986
-0.418221
-0.418299
-0.418613
-0.418847
-0.419160
-0.419395
-0.419708
-0.419865
-0.420491
-0.420882
-0.421274
-0.421430
-0.421665
-0.422213
-0.422448
-0.422604
-0.422761
-0.422839
-0.422996
-0.423309
-0.423935
-0.424013
-0.424013
-0.424404
-0.424561
-0.424874
-0.425031
-0.425422
-0.425422
-0.426048
-0.426439
-0.426674
-0.426753
-0.426987
-0.426987
-0.427535
-0.427770
-0.427848
-0.428005
-0.428553
-0.428788
-0.429179
-0.429570
-0.429570
-0.429649
-0.429805
-0.430275
-0.430744
-0.430901
-0.431214
-0.431605
-0.431762
-0.432231
-0.432779
-0.432779
-0.432858
-0.433249
-0.433484
-0.433875
-0.434266
-0.434423
-0.434658
-0.434736
-0.435284
-0.435832
-0.435910
-0.436615
-0.436615
-0.436693
-0.437241
-0.437397
-0.437476
-0.437710
-0.437789
-0.438415
-0.438337
-0.438571
-0.438806
-0.439041
-0.439511
-0.439745
-0.440215
-0.440293
-0.440606
-0.440998
-0.441389
-0.441389
-0.441702
-0.442015
-0.442172
-0.442563
-0.442954
-0.443502
-0.443581
-0.443659
-0.444285
-0.444598
-0.444520
-0.444989
-0.445381
-0.445616
-0.446007
-0.446085
-0.446242
-0.446398
-0.446790
-0.447181
-0.447103
-0.447494
-0.448120
-0.448355
-0.448355
-0.448355
-0.448746
-0.448981
-0.449607
-0.449373
-0.449764
-0.450312
-0.450703
-0.451016
-0.451094
-0.451408
-0.451799
-0.451721
-0.452034
-0.452190
-0.452347
-0.453051
-0.452816
-0.453599
-0.453834
-0.454304
-0.454382
-0.454617
-0.455008
-0.455165
-0.455399
-0.455634
-0.455791
-0.456339
-0.456417
-0.456652
-0.457200
-0.457747
-0.457904
-0.458139
-0.458139
-0.458765
-0.459000
-0.459000
-0.459626
-0.459861
-0.459939
-0.460096
-0.460565
-0.460878
-0.461113
-0.461348
-0.461896
-0.461974
-0.462600
-0.462522
-0.462678
-0.462913
-0.463383
-0.463383
-0.463931
-0.464244
-0.464400
-0.464792
-0.465027
-0.465653
-0.465887
-0.465887
-0.466122
-0.466514
-0.466748
-0.467062
-0.467531
-0.467844
-0.468392
-0.468549
-0.468783
-0.468862
-0.469018
-0.469253
-0.469644
-0.469801
-0.470114
-0.470662
-0.470897
-0.470975
-0.471445
-0.471679
-0.471914
-0.472462
-0.472853
-0.472775
-0.473010
-0.473010
-0.473636
-0.473714
-0.474184
-0.474184
-0.474575
-0.475045
-0.475593
-0.475593
-0.475671
-0.476219
-0.476532
-0.476532
-0.477002
-0.477393
-0.477706
-0.477706
-0.478411
-0.478567
-0.478959
-0.479350
-0.479585
-0.479898
-0.480211
-0.480680
-0.480759
-0.481072
-0.481463
-0.481855
-0.482089
-0.482168
-0.482559
-0.483107
-0.483342
-0.483811
-0.484046
-0.484203
-0.484437
-0.484594
-0.484750
-0.485064
-0.485455
-0.486003
-0.486238
-0.486786
-0.487020
-0.486864
-0.487099
-0.487490
-0.488038
-0.487960
-0.488116
-0.488664
-0.488821
-0.488977
-0.489525
-0.489838
-0.490229
-0.490621
-0.490856
-0.491169
-0.491560
-0.491873
-0.492030
-0.492421
-0.492656
-0.492891
-0.493125
-0.493282
-0.493595
-0.494221
-0.494456
-0.494769
-0.494769
-0.495082
-0.495082
-0.495630
-0.495630
-0.496100
-0.496413
-0.496647
-0.496726
-0.497587
-0.497430
-0.497978
-0.498213
-0.498448
-0.498448
-0.498839
-0.499074
-0.499465
-0.499622
-0.500170
-0.500483
-0.500952
-0.501187
-0.501578
-0.501892
-0.501735
-0.502361
-0.502518
-0.503144
-0.502831
-0.503379
-0.504005
-0.503848
-0.504240
-0.504709
-0.504866
-0.504788
-0.505257
-0.505570
-0.505883
-0.506196
-0.506431
-0.506666
-0.507136
-0.507214
-0.507840
-0.508153
-0.508075
-0.508466
-0.508936
-0.508936
-0.509484
-0.509640
-0.510110
-0.510110
-0.510423
-0.510893
-0.510736
-0.511206
-0.511754
-0.512067
-0.512380
-0.512458
-0.512771
-0.513319
-0.513476
-0.513789
-0.514023
-0.514336
-0.514493
-0.514806
-0.515276
-0.515432
-0.515824
-0.516137
-0.516215
-0.516528
-0.516763
-0.517076
-0.517546
-0.517702
-0.517937
-0.518407
-0.518485
-0.518876
-0.519189
-0.519659
-0.520285
-0.520442
-0.520442
-0.520833
-0.520911
-0.521302
-0.521772
-0.522398
-0.522633
-0.522555
-0.523416
-0.523572
-0.523729
-0.524120
-0.524277
-0.524746
-0.524825
-0.525059
-0.525607
-0.525529
-0.525607
-0.526155
-0.526233
-0.526547
-0.526703
-0.527251
-0.527799
-0.528190
-0.528190
-0.528660
-0.528660
-0.528973
-0.529208
-0.529521
-0.529912
-0.529990
-0.530304
-0.530695
-0.531008
-0.531243
-0.531634
-0.531947
-0.532104
-0.532182
-0.533199
-0.533043
-0.533199
-0.534217
-0.534139
-0.534374
-0.534765
-0.534687
-0.535000
-0.535391
-0.535391
-0.535782
-0.536252
-0.536487
-0.536800
-0.537426
-0.536956
-0.537661
-0.538365
-0.538522
-0.538522
-0.538835
-0.539148
-0.539618
-0.539931
-0.539931
-0.540479
-0.541026
-0.541026
-0.541340
-0.541809
-0.542044
-0.542122
-0.542279
-0.542435
-0.542670
-0.543061
-0.543453
-0.543844
-0.543922
-0.544157
-0.544627
-0.544549
-0.545018
-0.545566
-0.545879
-0.546271
-0.546114
-0.546584
-0.546818
-0.547053
-0.547445
-0.547758
-0.547836
-0.548149
-0.548540
-0.548619
-0.549010
-0.549323
-0.549558
-0.549714
-0.550027
-0.550341
-0.550732
-0.550810
-0.551280
-0.551593
-0.552063
-0.552219
-0.552454
-0.552610
-0.552767
-0.553158
-0.553237
-0.553550
-0.553706
-0.554098
-0.554098
-0.554489
-0.555193
-0.555193
-0.555663
-0.556133
-0.556211
-0.556446
-0.556994
-0.557228
-0.557541
-0.557776
-0.558168
-0.558246
-0.558794
-0.559029
-0.559185
-0.559733
-0.559968
-0.560281
-0.560985
-0.561220
-0.560907
-0.561377
-0.561768
-0.562394
-0.562316
-0.562472
-0.563099
-0.563333
-0.563412
-0.563725
-0.564273
-0.564429
-0.564820
-0.565055
-0.565212
-0.565368
-0.565603
-0.565838
-0.566542
-0.566777
-0.566856
-0.567482
-0.567873
-0.567716
-0.568030
-0.568421
-0.568499
-0.568891
-0.569125
-0.569908
-0.569595
-0.570221
-0.570299
-0.570612
-0.571004
-0.571239
-0.571552
-0.571865
-0.572021
-0.572569
-0.572491
-0.572882
-0.573195
-0.573508
-0.573900
-0.574213
-0.574526
-0.574839
-0.575074
-0.575230
-0.575465
-0.576091
-0.576248
-0.576404
-0.576404
-0.576952
-0.577422
-0.577657
-0.578048
-0.578048
-0.578518
-0.578518
-0.578909
-0.579144
-0.580005
-0.580161
-0.580240
-0.580866
-0.581179
-0.581414
-0.581570
-0.581883
-0.582509
-0.582901
-0.582901
-0.583214
-0.583605
-0.583684
-0.584231
-0.584466
-0.584623
-0.585014
-0.585171
-0.585562
-0.586423
-0.586736
-0.586971
-0.587284
-0.587206
-0.587440
-0.587910
-0.588458
-0.588693
-0.588771
-0.589084
-0.589397
-0.589632
-0.589867
-0.590336
-0.590102
-0.590963
-0.591119
-0.591041
-0.591589
-0.591980
-0.592215
-0.592528
-0.592998
-0.593076
-0.593546
-0.594015
-0.594093
-0.594563
-0.594641
-0.594798
-0.595267
-0.595815
-0.595972
-0.596598
-0.596520
-0.596833
-0.597224
-0.597459
-0.597616
-0.598007
-0.598320
-0.598790
-0.598868
-0.599259
-0.599651
-0.600120
-0.600120
-0.600512
-0.600668
-0.600668
-0.601686
-0.602077
-0.602468
-0.602860
-0.602860
-0.603329
-0.603642
-0.603721
-0.604190
-0.603955
-0.604268
-0.604895
-0.604895
-0.605208
-0.605677
-0.606147
-0.606382
-0.606773
-0.607008
-0.607243
-0.607556
-0.608025
-0.608338
-0.608573
-0.608495
-0.609043
-0.609199
-0.609356
-0.609982
-0.610217
-0.610295
-0.610608
-0.610921
-0.611313
-0.611626
-0.612017
-0.612409
-0.612722
-0.612878
-0.613191
-0.613739
-0.613426
-0.614287
-0.614287
-0.614522
-0.614522
-0.615070
-0.615305
-0.615539
-0.615852
-0.616165
-0.616635
-0.616870
-0.617026
-0.617496
-0.617653
-0.617809
-0.618279
-0.618592
-0.618670
-0.618905
-0.619140
-0.619531
-0.619844
-0.620079
-0.620470
-0.620862
-0.621331
-0.621644
-0.621801
-0.621801
-0.622427
-0.622584
-0.623053
-0.623288
-0.623523
-0.623601
-0.623914
-0.624306
-0.624853
-0.625166
-0.625323
-0.625793
-0.626106
-0.626341
-0.626654
-0.626967
-0.627280
-0.627280
-0.627515
-0.627984
-0.628454
-0.628610
-0.628610
-0.629158
-0.629080
-0.629471
-0.629784
-0.630176
-0.630724
-0.630802
-0.631037
-0.631350
-0.631272
-0.631741
-0.632054
-0.632602
-0.632837
-0.633072
-0.633620
-0.633776
-0.633854
-0.634324
-0.634481
-0.634715
-0.634794
-0.635420
-0.635498
-0.635889
-0.636437
-0.636594
-0.636907
-0.636985
-0.637298
-0.637533
-0.637768
-0.638238
-0.638472
-0.638551
-0.639020
-0.639646
-0.639646
-0.639725
-0.640586
-0.640742
-0.641134
-0.641055
-0.641603
-0.641916
-0.642386
-0.642386
-0.642621
-0.642621
-0.642855
-0.643716
-0.643560
-0.643951
-0.644108
-0.644499
-0.644890
-0.645125
-0.645204
-0.645595
-0.645830
-0.646143
-0.646691
-0.646926
-0.647082
-0.647473
-0.647708
-0.647865
