-0.558324
-0.558715
-0.559107
-0.559420
-0.559655
-0.560046
-0.560437
-0.560750
-0.560985
-0.561298
-0.562316
-0.562316
-0.562551
-0.563333
-0.563568
-0.563646
-0.564116
-0.564194
-0.564664
-0.564820
-0.565055
-0.565603
-0.565995
-0.566308
-0.566699
-0.566934
-0.567090
-0.567403
-0.567638
-0.568108
-0.568577
-0.568499
-0.568812
-0.569047
-0.569751
-0.570143
-0.570221
-0.570769
-0.571082
-0.571082
-0.571473
-0.571708
-0.571943
-0.572178
-0.572491
-0.572961
-0.573508
-0.574056
-0.574213
-0.574526
-0.575152
-0.575309
-0.575622
-0.576013
-0.576483
-0.576796
-0.577109
-0.576796
-0.577422
-0.577735
-0.578048
-0.578439
-0.578596
-0.578831
-0.579222
-0.579692
-0.580161
-0.580240
-0.580866
-0.581022
-0.581414
-0.581883
-0.582040
-0.582666
-0.582979
-0.583292
-0.583684
-0.583762
-0.584153
-0.584466
-0.585014
-0.585092
-0.585484
-0.585640
-0.586032
-0.585953
-0.586658
-0.586893
-0.587127
-0.587440
-0.587832
-0.588301
-0.588380
-0.588536
-0.588928
-0.589554
-0.589632
-0.589945
-0.590336
-0.590650
-0.590963
-0.590806
-0.591510
-0.591902
-0.592293
-0.592528
-0.592919
-0.593467
-0.593624
-0.593780
-0.594328
-0.594954
-0.595033
-0.595111
-0.595659
-0.595972
-0.596285
-0.596363
-0.596833
-0.597459
-0.597616
-0.597616
-0.598242
-0.598555
-0.598790
-0.598946
-0.599181
-0.599651
-0.600042
-0.600433
-0.600825
-0.600903
-0.601451
-0.602155
-0.602312
-0.602703
-0.603173
-0.603407
-0.603721
-0.603877
-0.604268
-0.604582
-0.604973
-0.605129
-0.605521
-0.606069
-0.606303
-0.606460
-0.606851
-0.607321
-0.607712
-0.607869
-0.608182
-0.608495
-0.608886
-0.609121
-0.609513
-0.610060
-0.610060
-0.610530
-0.611000
-0.611234
-0.611469
-0.611861
-0.611939
-0.612722
-0.612878
-0.613035
-0.613035
-0.613661
-0.614130
-0.613974
-0.614365
-0.615070
-0.615383
-0.615461
-0.615852
-0.616009
-0.616400
-0.616870
-0.617026
-0.617418
-0.617574
-0.617653
-0.617966
-0.618592
-0.618905
-0.619218
-0.619375
-0.619688
-0.620157
-0.620783
-0.620783
-0.620940
-0.621488
-0.621566
-0.622192
-0.622584
-0.622662
-0.623288
-0.623601
-0.624071
-0.624071
-0.624306
-0.624462
-0.625245
-0.625558
-0.625558
-0.625401
-0.626027
-0.626027
-0.626575
-0.627045
-0.627123
-0.627749
-0.627906
-0.628141
-0.628610
-0.628923
-0.629315
-0.629628
-0.629863
-0.630411
-0.630645
-0.631037
-0.631350
-0.631585
-0.631819
-0.632211
-0.633072
-0.633307
-0.633463
-0.633776
-0.634168
-0.634324
-0.634715
-0.634872
-0.635263
-0.635733
-0.636203
-0.636281
-0.636516
-0.636985
-0.637455
-0.637768
-0.637768
-0.638316
-0.638316
-0.638785
-0.639020
-0.639333
-0.639490
-0.639725
-0.640273
-0.640899
-0.641212
-0.641603
-0.641995
-0.642308
-0.642386
-0.642621
-0.643169
-0.643560
-0.643795
-0.644108
-0.644264
-0.644890
-0.644890
-0.645282
-0.645360
-0.645908
-0.645986
-0.646299
-0.646534
-0.647004
-0.647473
-0.647552
-0.647786
-0.648100
-0.648804
-0.648961
-0.649587
-0.649821
-0.650448
-0.650917
-0.650682
-0.650761
-0.651074
-0.651778
-0.651778
-0.652248
-0.652561
-0.653031
-0.653578
-0.653657
-0.653892
-0.654205
-0.654518
-0.654674
-0.654987
-0.655457
-0.655770
-0.655927
-0.656240
-0.656787
-0.657257
-0.657257
-0.657805
-0.658040
-0.658744
-0.658744
-0.659214
-0.659762
-0.660075
-0.660544
-0.660388
-0.660936
-0.661249
-0.661797
-0.661797
-0.662188
-0.662266
-0.662658
-0.662971
-0.663440
-0.663597
-0.664067
-0.664145
-0.664693
-0.664849
-0.665475
-0.665789
-0.665945
-0.666649
-0.666728
-0.667276
-0.667276
-0.667667
-0.667980
-0.668371
-0.668528
-0.669076
-0.669232
-0.669780
-0.670093
-0.670485
-0.670641
-0.670954
-0.671580
-0.672128
-0.672363
-0.672363
-0.672833
-0.673068
-0.673381
-0.673616
-0.674242
-0.674163
-0.674711
-0.674946
-0.675337
-0.675651
-0.675964
-0.676198
-0.676511
-0.677059
-0.677451
-0.677529
-0.678390
-0.678468
-0.678703
-0.678938
-0.679407
-0.679799
-0.680112
-0.680582
-0.680895
-0.681442
-0.681208
-0.681677
-0.682382
-0.682695
-0.682930
-0.683243
-0.683556
-0.684025
-0.684025
-0.684573
-0.684808
-0.684886
-0.685199
-0.685591
-0.686139
-0.686687
-0.686687
-0.687156
-0.687234
-0.687782
-0.688174
-0.688252
-0.688643
-0.688956
-0.688956
-0.689739
-0.689817
-0.689896
-0.690130
-0.690757
-0.691148
-0.691461
-0.691618
-0.692009
-0.692479
-0.692165
-0.692870
-0.692948
-0.693261
-0.693574
-0.693887
-0.694279
-0.694592
-0.694983
-0.695140
-0.695766
-0.695688
-0.696235
-0.696470
-0.697175
-0.697175
-0.697488
-0.697723
-0.697879
-0.698192
-0.698349
-0.699131
-0.699445
-0.699601
-0.700227
-0.700227
-0.700853
-0.701558
-0.701793
-0.702106
-0.702027
-0.702654
-0.702732
-0.703201
-0.703280
-0.703749
-0.703828
-0.704219
-0.704610
-0.704845
-0.705080
-0.705706
-0.705941
-0.706332
-0.706567
-0.706880
-0.707350
-0.707898
-0.708211
-0.708289
-0.708837
-0.709150
-0.709307
-0.709776
-0.709933
-0.710402
-0.710481
-0.711028
-0.711028
-0.711576
-0.711733
-0.711811
-0.712359
-0.712907
-0.713298
-0.713455
-0.713768
-0.713924
-0.714238
-0.714472
-0.715020
-0.715255
-0.715255
-0.716194
-0.716273
-0.716899
-0.717134
-0.717447
-0.717603
-0.717838
-0.718229
-0.718777
-0.718934
-0.719247
-0.719795
-0.719873
-0.720029
-0.720656
-0.721204
-0.721204
-0.721986
-0.722143
-0.722534
-0.722769
-0.723473
-0.723786
-0.724178
-0.724100
-0.724334
-0.724882
-0.725195
-0.725352
-0.725587
-0.726056
-0.726213
-0.726604
-0.727074
-0.727230
-0.727543
-0.727622
-0.728248
-0.728326
-0.728561
-0.729109
-0.729109
-0.729422
-0.729578
-0.730283
-0.730831
-0.731144
-0.731457
-0.731926
-0.732005
-0.732240
-0.732866
-0.733179
-0.733727
-0.733805
-0.734040
-0.734509
-0.734822
-0.734901
-0.735136
-0.735683
-0.735918
-0.735840
-0.735840
-0.735840
-0.735527
-0.735997
-0.735997
-0.735683
-0.735449
-0.735605
-0.735370
-0.734822
-0.734979
-0.734822
-0.734744
-0.734431
-0.734118
-0.733727
-0.733335
-0.733570
-0.733335
-0.732944
-0.732474
-0.732474
-0.732083
-0.731613
-0.731379
-0.731066
-0.730361
-0.730283
-0.729813
-0.729735
-0.729422
-0.728796
-0.728717
-0.728483
-0.728013
-0.728013
-0.727230
-0.727152
-0.726839
-0.726369
-0.726056
-0.725587
-0.725665
-0.724804
-0.724491
-0.724334
-0.723786
-0.723473
-0.723239
-0.722612
-0.722221
-0.722299
-0.721908
-0.721204
-0.720969
-0.720343
-0.720264
-0.719795
-0.719716
-0.719325
-0.718934
-0.718464
-0.717994
-0.717760
-0.717212
-0.717055
-0.716664
-0.716351
-0.716116
-0.715646
-0.715333
-0.715020
-0.714785
-0.714394
-0.713924
-0.713455
-0.713298
-0.712829
-0.712203
-0.711889
-0.711655
-0.711498
-0.711028
-0.710559
-0.710324
-0.709620
-0.709307
-0.709307
-0.708915
-0.708289
-0.707819
-0.707663
-0.707350
-0.706880
-0.706645
-0.706332
-0.705628
-0.705471
-0.704923
-0.704532
-0.704141
-0.703906
-0.703593
-0.703123
-0.702497
-0.702341
-0.702341
-0.701714
-0.701480
-0.700932
-0.700306
-0.700149
-0.699679
-0.699210
-0.698897
-0.698505
-0.698270
-0.697723
-0.697488
-0.696705
-0.696627
-0.696392
-0.695844
-0.695296
-0.695375
-0.695061
-0.694827
-0.694044
-0.693809
-0.693339
-0.692870
-0.692557
-0.692400
-0.691931
-0.691383
-0.691383
-0.690991
-0.690913
-0.690287
-0.689583
-0.689269
-0.689113
-0.688800
-0.688330
-0.687861
-0.687548
-0.687234
-0.686687
-0.686139
-0.686373
-0.685747
-0.685513
-0.685121
-0.684730
-0.684652
-0.684182
-0.683869
-0.683399
-0.682851
-0.682382
-0.681990
-0.681834
-0.681286
-0.680738
-0.680738
-0.680112
-0.679564
-0.679407
-0.679173
-0.678860
-0.678155
-0.678077
-0.677607
-0.677372
-0.677138
-0.676903
-0.676198
-0.675572
-0.675416
-0.675024
-0.674790
-0.674711
-0.674242
-0.673772
-0.673302
-0.672989
-0.672755
-0.672520
-0.672128
-0.671659
-0.671267
-0.670641
-0.670406
-0.669937
-0.669545
-0.669545
-0.669154
-0.668998
-0.668528
-0.668215
-0.667667
-0.667432
-0.667197
-0.666963
-0.666336
-0.665945
-0.665554
-0.665006
-0.664380
-0.664536
-0.664145
-0.663675
-0.663284
-0.662814
-0.662893
-0.662188
-0.662032
-0.661562
-0.660936
-0.660466
-0.659997
-0.659683
-0.659057
-0.659057
-0.658979
-0.658275
-0.657962
-0.657805
-0.657179
-0.656631
-0.656318
-0.656005
-0.656005
-0.655692
-0.655066
-0.654752
-0.654283
-0.654283
-0.653970
-0.653187
-0.652952
-0.652639
-0.652170
-0.651935
-0.651700
-0.651230
-0.650604
-0.650056
-0.649665
-0.649587
-0.649039
-0.648882
-0.648804
-0.648256
-0.648021
-0.647786
-0.647004
-0.646769
-0.646378
-0.646065
-0.645595
-0.645047
-0.644890
-0.644656
-0.644264
-0.643873
-0.643403
-0.642934
-0.642855
-0.642308
-0.641838
-0.641368
-0.641447
-0.640977
-0.640429
-0.639725
-0.639803
-0.639099
-0.638942
-0.638864
-0.638238
-0.638159
-0.637611
-0.637220
-0.636750
-0.636594
-0.636281
-0.635889
-0.635263
-0.635028
-0.634481
-0.634168
-0.633854
-0.633463
-0.633307
-0.632759
-0.632133
-0.631898
-0.631585
-0.631037
-0.630489
-0.630332
-0.630332
-0.629784
-0.629628
-0.629080
-0.628532
-0.628297
-0.628062
-0.627749
-0.627280
-0.627045
-0.626497
-0.626106
-0.625871
-0.625480
-0.625166
-0.624932
-0.624384
-0.623914
-0.623679
-0.623131
-0.622975
-0.622271
-0.622192
-0.621957
-0.621331
-0.621018
-0.620862
-0.620705
-0.620157
-0.619922
-0.619688
-0.619218
-0.618748
-0.618435
-0.617731
-0.617496
-0.617261
-0.616948
-0.616713
-0.615774
-0.615852
-0.615148
-0.614835
-0.614444
-0.614287
-0.613974
-0.613426
-0.613348
-0.612878
-0.612800
-0.612487
-0.611939
-0.611391
-0.611078
-0.610687
-0.610217
-0.609982
-0.609591
-0.609356
-0.609043
-0.608730
-0.608182
-0.607947
-0.607321
-0.607243
-0.607164
-0.606538
-0.606147
-0.605834
-0.605443
-0.604973
-0.604582
-0.604582
-0.604034
-0.603564
-0.603329
-0.602547
-0.602625
-0.601842
-0.601686
-0.601059
-0.600981
-0.600042
-0.599416
-0.599259
-0.599103
-0.598946
-0.598555
-0.597929
-0.597537
-0.597381
-0.597224
-0.596911
-0.596441
-0.596128
-0.595659
-0.595581
-0.595111
-0.594641
-0.594406
-0.594015
-0.593546
-0.592998
-0.592293
-0.592137
-0.591824
-0.591589
-0.591041
-0.590571
-0.590258
-0.590102
-0.589867
-0.589162
-0.588849
-0.588615
-0.588223
-0.588067
-0.587362
-0.587049
-0.586893
-0.586501
-0.586345
-0.585953
-0.585484
-0.585249
-0.584858
-0.584231
-0.583918
-0.583605
-0.583136
-0.583214
-0.582509
-0.582118
-0.581570
-0.581492
-0.581179
-0.580788
-0.580240
-0.580005
-0.579535
-0.579457
-0.578753
-0.578596
-0.577970
-0.577970
-0.577265
-0.577187
-0.576717
-0.576326
-0.576013
-0.575857
-0.575387
-0.574761
-0.574369
-0.574056
-0.573587
-0.573508
-0.572726
-0.572413
-0.572021
-0.571943
-0.571630
-0.571395
-0.571239
-0.570378
-0.570221
-0.569986
-0.569438
-0.569125
-0.568891
-0.568577
-0.568186
-0.567873
-0.567403
-0.566856
-0.566621
-0.566542
-0.565838
-0.565525
-0.565447
-0.565055
-0.564820
-0.564273
-0.563881
-0.563646
-0.563255
-0.562942
-0.562551
-0.561690
-0.561925
-0.561533
-0.560907
-0.560516
-0.560046
-0.559655
-0.559185
-0.558872
-0.558559
-0.558168
-0.557698
-0.557541
-0.557150
-0.556837
-0.556446
-0.556133
-0.555663
-0.555272
-0.555272
-0.554489
-0.554176
-0.553941
-0.553784
-0.553393
-0.552767
-0.552610
-0.552219
-0.551749
-0.551436
-0.551280
-0.550654
-0.550106
-0.549871
-0.549480
-0.549167
-0.549088
-0.548853
-0.548306
-0.548071
-0.547992
-0.547288
-0.546975
-0.546897
-0.546271
-0.545957
-0.545488
-0.545331
-0.545097
-0.544392
-0.544236
-0.544079
-0.543531
-0.543296
-0.542983
-0.542122
-0.542357
-0.541653
-0.541261
-0.540713
-0.540400
-0.540166
-0.539618
-0.539148
-0.539305
-0.538913
-0.538365
-0.537974
-0.537896
-0.537348
-0.537035
-0.536487
-0.536565
-0.536017
-0.535782
-0.535235
-0.534921
-0.534530
-0.534295
-0.533826
-0.533669
-0.533434
-0.532886
-0.532417
-0.532182
-0.531869
-0.531399
-0.530773
-0.530382
-0.530147
-0.529834
-0.529599
-0.529599
-0.529051
-0.528582
-0.528425
-0.527955
-0.527642
-0.527799
-0.527016
-0.526781
-0.526155
-0.525842
-0.525529
-0.524981
-0.524903
-0.524433
-0.524198
-0.523807
-0.523494
-0.523103
-0.522711
-0.522085
-0.521929
-0.521616
-0.520911
-0.520598
-0.520207
-0.519894
-0.519424
-0.519346
-0.518798
-0.518328
-0.518015
-0.517702
-0.517232
-0.516919
-0.516763
-0.516293
-0.516137
-0.515745
-0.515354
-0.515197
-0.514728
-0.514493
-0.514023
-0.513867
-0.513476
-0.513084
-0.512771
-0.512380
-0.511988
-0.511597
-0.511362
-0.510971
-0.510345
-0.509953
-0.509640
-0.509405
-0.509092
-0.508858
-0.508310
-0.507762
-0.507527
-0.507292
-0.507057
-0.506666
-0.506196
-0.505727
-0.505649
-0.505335
-0.505022
-0.504631
-0.504318
-0.503927
-0.503614
-0.503144
-0.502909
-0.502596
-0.501970
-0.501892
-0.501265
-0.501031
-0.500874
-0.500483
-0.499700
-0.499857
-0.499309
-0.498839
-0.498526
-0.498056
-0.497743
-0.497508
-0.497352
-0.496804
-0.496804
-0.496334
-0.496334
-0.495552
-0.495082
-0.495239
-0.494926
-0.494456
-0.493752
-0.493517
-0.493204
-0.492891
-0.492577
-0.492108
-0.491717
-0.491325
-0.490934
-0.490699
-0.490464
-0.489995
-0.489603
-0.489525
-0.489368
-0.488664
-0.488429
-0.488038
-0.487803
-0.487177
-0.487099
-0.486394
-0.486238
-0.485846
-0.485298
-0.485533
-0.484985
-0.484359
-0.484046
-0.483811
-0.483420
-0.482715
-0.482715
-0.482324
-0.481541
-0.481698
-0.480994
-0.480367
-0.480289
-0.479741
-0.479506
-0.479037
-0.478959
-0.478254
-0.477863
-0.477393
-0.476924
-0.476689
-0.476219
-0.475984
-0.475749
-0.475436
-0.474732
-0.474262
-0.473871
-0.473401
-0.473480
-0.473088
-0.472853
-0.472149
-0.471523
-0.471758
-0.471366
-0.471053
-0.470662
-0.470505
-0.469879
-0.469566
-0.469331
-0.469097
-0.468783
-0.468001
-0.467922
-0.467609
-0.467140
-0.466592
-0.466357
-0.466122
-0.465809
-0.465340
-0.465105
-0.464948
-0.464244
-0.464009
-0.463618
-0.463226
-0.462835
-0.462444
-0.462209
-0.461739
-0.461426
-0.460956
-0.460487
-0.460409
-0.460096
-0.459626
-0.459235
-0.458921
-0.458608
-0.458452
-0.457904
-0.457513
-0.457591
-0.457043
-0.456652
-0.456417
-0.455947
-0.455399
-0.455008
-0.454773
-0.454382
-0.453756
-0.453834
-0.453599
-0.453364
-0.452895
-0.452660
-0.452269
-0.451799
-0.451251
-0.451094
-0.450703
-0.450468
-0.450155
-0.449373
-0.449216
-0.448981
-0.448746
-0.448277
-0.447964
-0.447729
-0.447259
-0.446868
-0.446477
-0.446320
-0.445694
-0.445459
-0.444989
-0.444911
-0.444598
-0.444050
-0.443815
-0.443502
-0.443189
-0.442798
-0.442485
-0.442015
-0.441702
-0.440998
-0.440763
-0.440293
-0.439745
-0.439276
-0.439119
-0.438728
-0.438337
-0.438102
-0.437789
-0.437554
-0.437162
-0.436849
-0.436301
-0.435832
-0.435441
-0.435127
-0.435284
-0.434736
-0.434423
-0.433875
-0.433406
-0.432936
-0.433014
-0.432779
-0.432153
-0.431762
-0.431057
-0.430979
-0.430666
-0.430196
-0.429727
-0.429649
-0.429179
-0.429022
-0.428553
-0.428161
-0.428005
-0.427379
-0.427144
-0.426831
-0.426439
-0.426048
-0.425892
-0.425735
-0.425422
-0.425109
-0.424639
-0.424326
-0.423935
-0.423778
-0.423387
-0.423074
-0.422604
-0.422291
-0.421822
-0.421665
-0.421039
-0.421117
-0.420021
-0.419787
-0.419708
-0.419473
-0.419004
-0.418847
-0.418299
-0.418065
-0.417673
-0.417282
-0.417047
-0.416812
-0.416186
-0.415717
-0.415482
-0.415169
-0.414464
-0.414464
-0.413916
-0.413603
-0.413368
-0.413055
-0.412664
-0.412194
-0.411881
-0.411568
-0.411177
-0.410707
-0.410238
-0.410159
-0.409846
-0.409455
-0.408985
-0.408516
-0.408281
-0.408046
-0.407733
-0.407655
-0.407107
-0.406637
-0.406402
-0.406089
-0.405855
-0.405228
-0.405150
-0.404837
-0.404367
-0.404289
-0.403585
-0.403428
-0.403272
-0.402959
-0.402332
-0.402098
-0.401393
-0.401393
-0.400689
-0.400063
-0.399828
-0.399671
-0.399280
-0.398810
-0.398419
-0.398419
-0.397949
-0.397636
-0.397401
-0.396775
-0.396619
-0.395993
-0.395679
-0.395445
-0.395210
-0.394740
-0.394114
-0.394114
-0.393958
-0.393566
-0.393253
-0.393253
-0.392783
-0.392470
-0.392079
-0.391531
-0.391218
-0.391296
-0.390748
-0.390201
-0.389809
-0.389418
-0.389183
-0.388792
-0.388557
-0.388479
-0.388009
-0.387383
-0.387070
-0.386913
-0.386287
-0.386365
-0.385896
-0.385426
-0.385348
-0.384800
-0.384565
-0.384174
-0.383939
-0.383469
-0.383235
-0.382608
-0.382687
-0.381982
-0.381513
-0.381200
-0.381043
-0.380886
-0.380495
-0.380339
-0.379478
-0.379243
-0.378930
-0.378617
-0.378382
-0.378069
-0.377756
-0.377286
-0.377208
-0.376738
-0.376582
-0.376503
-0.376034
-0.375564
-0.375173
-0.374468
-0.374703
-0.374468
-0.373842
-0.373294
-0.373059
-0.372825
-0.372433
-0.372199
-0.372042
-0.371572
-0.371181
-0.370946
-0.370320
-0.370242
-0.369694
-0.369381
-0.368911
-0.368285
-0.368207
-0.367972
-0.367502
-0.367111
-0.367033
-0.366407
-0.366328
-0.366015
-0.365467
-0.364998
-0.364293
-0.364215
-0.363902
-0.363980
-0.363432
-0.363276
-0.362806
-0.362650
-0.362415
-0.361945
-0.361397
-0.361006
-0.360536
-0.360302
-0.359284
-0.359597
-0.359206
-0.358736
-0.358580
-0.358032
-0.357797
-0.357484
-0.357171
-0.356858
-0.356310
-0.356153
-0.355605
-0.355214
-0.354823
-0.354588
-0.354275
-0.354040
-0.353570
-0.353414
-0.352866
-0.352553
-0.352005
-0.351535
-0.351379
-0.351222
-0.350831
-0.350283
-0.350126
-0.349813
-0.349579
-0.349187
-0.348952
-0.348639
-0.348483
-0.347935
-0.347544
-0.347074
-0.346917
-0.346683
-0.346369
-0.345587
-0.345822
-0.345195
-0.345117
-0.344648
-0.344413
-0.344100
-0.343708
-0.343160
-0.343004
-0.342456
-0.342221
-0.341595
-0.341752
-0.341438
-0.340812
-0.340812
-0.340421
-0.340499
-0.339560
-0.339247
-0.338777
-0.338464
-0.338308
-0.337447
-0.337447
-0.337212
-0.336899
-0.336821
-0.336194
-0.335881
-0.335412
-0.335177
-0.334942
-0.334707
-0.334238
-0.334081
-0.333533
-0.333298
-0.333220
-0.332672
-0.332437
-0.331968
-0.331420
-0.331107
-0.330637
-0.330324
-0.330324
-0.329698
-0.329463
-0.329072
-0.328759
-0.328367
-0.328054
-0.327663
-0.327428
-0.327037
-0.326802
-0.326411
-0.326176
-0.325706
-0.325628
-0.325315
-0.325080
-0.324767
-0.324454
-0.324219
-0.323593
-0.323593
-0.323280
-0.322810
-0.322575
-0.322341
-0.321871
-0.321793
-0.321245
-0.321088
-0.320697
-0.320227
-0.319914
-0.319132
-0.319053
-0.318740
-0.318192
-0.318036
-0.317879
-0.317644
-0.317097
-0.316862
-0.316549
-0.316236
-0.315844
-0.315844
-0.315453
-0.315062
-0.314592
-0.314279
-0.313888
-0.313731
-0.313418
-0.312948
-0.312792
-0.312557
-0.311931
-0.311774
-0.310992
-0.310913
-0.310600
-0.310444
-0.310131
-0.309583
-0.309583
-0.309426
-0.308722
-0.308565
-0.308330
-0.308017
-0.307704
-0.307078
-0.307078
-0.306765
-0.306374
-0.306061
-0.305826
-0.305591
-0.305356
-0.304887
-0.304339
-0.304182
-0.303634
-0.303165
-0.303086
-0.302851
-0.302460
-0.302069
-0.301834
-0.301521
-0.301051
-0.300738
-0.300582
-0.300269
-0.299956
-0.299251
-0.298703
-0.298938
-0.298468
-0.298234
-0.297842
-0.297842
-0.297607
-0.296981
-0.296746
-0.296199
-0.295964
-0.295729
-0.295259
-0.295259
-0.294633
-0.294633
-0.294164
-0.293929
-0.293850
-0.293303
-0.293068
-0.292520
-0.292207
-0.292129
-0.291659
-0.291268
-0.291346
-0.290563
-0.290172
-0.289859
-0.289780
-0.289311
-0.288998
-0.288528
-0.288372
-0.288058
-0.287824
-0.287432
-0.286884
-0.286806
-0.286571
-0.286415
-0.286180
-0.285867
-0.285397
-0.285319
-0.284615
-0.284380
-0.284223
-0.283597
-0.283597
-0.283362
-0.282736
-0.282580
-0.282188
-0.281797
-0.281562
-0.281171
-0.280936
-0.280466
-0.280075
-0.279918
-0.279371
-0.279057
-0.278901
-0.278823
-0.278118
-0.277649
-0.277649
-0.277492
-0.277101
-0.276788
-0.276553
-0.276240
-0.275927
-0.275535
-0.274909
-0.274596
-0.274596
-0.274205
-0.273970
-0.273344
-0.273187
-0.272874
-0.272796
-0.272405
-0.271935
-0.272091
-0.272013
-0.271152
-0.271074
-0.270683
-0.270604
-0.269978
-0.269743
-0.269822
-0.269352
-0.268804
-0.268178
-0.268256
-0.267708
-0.267474
-0.267239
-0.267160
-0.266926
-0.266534
-0.266221
-0.265752
-0.265517
-0.265439
-0.265125
-0.264891
-0.264578
-0.264030
-0.263873
-0.263404
-0.263560
-0.262777
-0.262543
-0.262308
-0.262308
-0.261603
-0.261525
-0.260977
-0.260508
-0.260194
-0.260194
-0.259647
-0.259255
-0.258864
-0.258707
-0.258551
-0.258394
-0.258003
-0.257612
-0.257220
-0.256751
-0.256438
-0.256359
-0.256281
-0.256046
-0.255420
-0.255498
-0.254872
-0.254716
-0.254168
-0.254246
-0.253698
-0.253463
-0.253072
-0.252681
-0.252759
-0.252524
-0.252211
-0.251976
-0.251428
-0.251428
-0.251350
-0.250724
-0.250332
-0.250019
-0.249706
-0.249315
-0.248767
-0.248845
-0.248454
-0.248376
-0.247671
-0.247436
-0.247202
-0.247045
-0.246654
-0.246419
-0.246028
-0.245871
-0.245558
-0.245245
-0.244854
-0.244697
-0.244384
-0.244306
-0.243993
-0.243601
-0.243523
-0.243053
-0.242819
-0.242505
-0.242192
-0.242114
-0.241801
-0.241253
-0.240940
-0.240470
-0.240314
-0.240157
-0.239766
-0.239609
-0.238905
-0.238905
-0.238435
-0.238435
-0.238122
-0.238279
-0.237574
-0.237105
-0.236948
-0.236635
-0.236322
-0.235853
-0.235696
-0.235696
-0.235070
-0.234913
-0.234444
-0.234209
-0.233896
-0.233583
-0.233270
-0.233270
-0.232643
-0.232565
-0.232252
-0.231939
-0.231626
-0.231626
-0.231469
-0.231078
-0.230922
-0.230452
-0.230374
-0.229904
-0.229669
-0.229356
-0.228965
-0.228260
-0.228182
-0.228182
-0.227791
-0.227399
-0.227243
-0.226852
-0.226538
-0.226382
-0.226225
-0.225834
-0.225834
-0.225286
-0.225286
-0.224738
-0.224582
-0.224347
-0.224112
-0.223799
-0.223486
-0.223251
-0.222938
-0.222625
-0.222547
-0.222312
-0.222234
-0.221999
-0.221451
-0.221138
-0.220825
-0.220668
-0.219886
-0.219886
-0.219807
-0.219651
-0.219729
-0.219416
-0.218868
-0.218790
-0.218555
-0.218164
-0.217694
-0.217537
-0.217303
-0.217068
-0.216755
-0.216833
-0.216520
-0.216129
-0.215502
-0.215502
-0.215111
-0.214955
-0.214485
-0.214250
-0.214015
-0.213467
-0.213546
-0.213467
-0.213233
-0.213233
-0.212763
-0.212685
-0.212059
-0.211824
-0.211511
-0.211432
-0.211276
-0.211119
-0.210650
-0.210493
-0.210493
-0.210102
-0.209554
-0.209241
-0.209084
-0.208693
-0.208536
-0.208615
-0.208380
-0.208380
-0.207910
-0.208067
-0.207754
-0.207362
-0.207206
-0.207049
-0.206658
-0.206188
-0.206345
-0.205953
-0.206032
-0.205406
-0.205249
-0.204779
-0.204779
-0.204466
-0.204153
-0.203918
-0.203605
-0.203449
-0.203058
-0.203214
-0.202744
-0.202431
-0.202431
-0.202118
-0.201570
-0.201570
-0.201101
-0.201101
-0.200788
-0.200318
-0.199927
-0.200005
-0.199692
-0.199379
-0.199066
-0.198987
-0.198831
-0.198361
-0.198127
-0.197500
-0.197579
-0.197187
-0.197187
-0.196796
-0.196718
-0.196796
-0.196639
-0.196326
-0.195935
-0.195778
-0.195387
-0.195152
-0.194996
-0.194839
-0.194526
-0.194448
-0.194213
-0.194135
-0.194135
-0.193743
-0.193587
-0.193039
-0.193196
-0.192726
-0.192256
-0.192491
-0.192491
-0.192256
-0.191943
-0.191552
-0.191630
-0.191317
-0.191004
-0.190926
-0.190769
-0.190456
-0.190300
-0.189986
-0.189908
-0.189439
-0.189595
-0.189439
-0.189204
-0.188891
-0.188499
-0.188343
-0.188343
-0.188421
-0.187795
-0.187873
-0.187795
-0.187169
-0.187012
-0.186699
-0.186777
-0.186464
-0.186464
-0.186073
-0.185760
-0.185603
-0.185760
-0.185212
-0.184899
-0.184977
-0.184742
-0.184429
-0.184116
-0.184273
-0.183803
-0.183960
-0.183881
-0.183725
-0.183412
-0.183099
-0.183099
-0.182707
-0.182707
-0.182473
-0.182394
-0.182238
-0.182316
-0.182159
-0.181533
-0.181533
-0.181612
-0.181220
-0.180829
-0.181142
-0.180985
-0.180281
-0.180438
-0.180359
-0.180359
-0.179890
-0.179811
-0.179655
-0.179263
-0.179342
-0.179107
-0.179029
-0.178794
-0.178637
-0.178403
-0.178324
-0.178011
-0.178011
-0.177855
-0.177463
-0.177385
-0.177307
-0.177385
-0.176837
-0.176759
-0.176368
-0.176368
-0.176524
-0.176289
-0.176211
-0.175820
-0.175585
-0.175428
-0.175272
-0.175037
-0.175037
-0.175037
-0.174724
-0.174646
-0.174646
-0.174411
-0.174332
-0.173863
-0.173706
-0.173706
-0.173158
-0.173237
-0.172924
-0.172845
-0.173002
-0.172611
-0.172454
-0.172611
-0.172297
-0.172063
-0.172063
-0.171828
-0.171437
-0.171593
-0.171280
-0.171123
-0.170810
-0.170889
-0.170732
-0.170419
-0.170262
-0.170497
-0.170106
-0.169871
-0.169871
-0.169636
-0.169480
-0.169401
-0.169401
-0.169323
-0.169245
-0.169010
-0.168697
-0.168541
-0.168462
-0.168541
-0.168149
-0.167993
-0.167758
-0.167836
-0.168071
-0.167445
-0.167288
-0.166819
-0.166975
-0.167288
-0.167053
-0.166662
-0.166584
-0.166662
-0.166271
-0.166271
-0.166271
-0.165801
-0.165566
-0.165488
-0.165566
-0.165253
-0.164940
-0.165175
-0.165331
-0.164862
-0.164705
-0.164470
-0.164236
-0.164157
-0.164157
-0.164236
-0.164236
-0.164157
-0.164001
-0.163766
-0.163923
-0.163531
-0.163531
-0.163218
-0.163218
-0.163140
-0.162905
-0.162670
-0.162592
-0.162749
-0.162514
-0.162357
-0.162122
-0.162122
-0.161966
-0.161731
-0.161966
-0.161809
-0.161653
-0.161261
-0.161105
-0.160792
-0.161261
-0.161105
-0.160635
-0.160400
-0.160400
-0.159931
-0.160400
-0.159931
-0.159774
-0.159539
-0.160009
-0.159226
-0.159696
-0.159226
-0.158992
-0.158679
-0.158444
-0.158913
-0.158835
-0.158522
-0.158444
-0.158444
-0.158287
-0.157739
-0.158131
-0.157739
-0.157504
-0.157348
-0.157426
-0.157348
-0.157348
-0.157348
-0.157348
-0.156957
-0.156565
-0.156487
-0.156330
-0.156330
-0.156252
-0.156096
-0.155939
-0.155939
-0.155939
-0.155939
-0.155861
-0.155391
-0.155235
-0.155235
-0.154843
-0.154609
-0.154530
-0.154530
-0.154374
-0.154217
-0.154061
-0.154452
-0.154139
-0.153826
-0.153591
-0.153669
-0.153591
-0.153513
-0.153200
-0.153121
-0.153200
-0.153121
-0.152965
-0.152652
-0.152573
-0.152495
-0.152104
-0.152182
-0.151869
-0.151713
-0.151478
-0.151556
-0.151321
-0.151086
-0.150930
-0.150695
-0.150304
-0.150538
-0.150069
-0.149834
-0.149834
-0.149599
-0.149364
-0.149521
-0.149051
-0.148738
-0.148660
-0.148425
-0.148269
-0.148190
-0.148269
-0.148034
-0.147642
-0.147721
-0.147799
-0.147251
-0.147329
-0.146938
-0.147016
-0.146938
-0.146234
-0.146077
-0.145686
-0.145921
-0.145764
-0.145451
-0.145373
-0.145294
-0.144903
-0.144590
-0.144433
-0.143964
-0.143964
-0.143807
-0.143651
-0.143729
-0.143416
-0.143416
-0.143103
-0.142711
-0.142320
-0.142085
-0.141772
-0.141459
-0.141146
-0.141303
-0.140911
-0.140911
-0.140520
-0.139972
-0.140129
-0.139581
-0.139189
-0.139346
-0.138485
-0.138876
-0.138641
-0.138328
-0.138094
-0.137624
-0.137624
-0.137233
-0.136606
-0.136372
-0.136059
-0.135902
-0.135667
-0.135432
-0.135354
-0.134885
-0.134963
-0.134493
-0.134493
-0.133945
-0.133163
-0.132849
-0.132771
-0.132849
-0.132302
-0.131989
-0.131910
-0.131362
-0.131049
-0.130501
-0.130267
-0.129719
-0.129484
-0.129249
-0.128779
-0.128701
-0.128388
-0.128232
-0.127997
-0.127527
-0.127058
-0.126823
-0.126431
-0.126040
-0.125570
-0.125257
-0.124944
-0.124709
-0.124318
-0.124318
-0.123927
-0.123457
-0.123066
-0.122518
-0.122283
-0.121422
-0.121109
-0.121031
-0.120639
-0.120483
-0.120013
-0.119387
-0.118370
-0.118057
-0.117743
-0.117509
-0.116961
-0.116413
-0.116413
-0.115865
-0.115630
-0.115082
-0.114221
-0.113986
-0.113673
-0.113204
-0.113126
-0.112499
-0.112265
-0.111795
-0.111560
-0.111404
-0.110464
-0.109682
-0.109760
-0.109055
-0.109055
-0.107881
-0.107881
-0.107334
-0.107177
-0.106942
-0.106316
-0.105533
-0.104907
-0.104672
-0.104046
-0.103655
-0.103498
-0.102950
-0.102559
-0.102089
-0.102168
-0.100994
-0.100289
-0.099976
-0.099115
-0.099037
-0.098254
-0.097863
-0.097550
-0.097080
-0.096611
-0.095984
-0.095358
-0.094810
-0.094419
-0.093949
-0.093480
-0.093010
-0.092697
-0.092306
-0.092071
-0.091523
-0.090584
-0.090036
-0.089410
-0.088940
-0.088392
-0.087766
-0.087218
-0.087218
-0.086827
-0.086279
-0.085809
-0.084948
-0.084400
-0.084087
-0.083461
-0.082992
-0.082444
-0.081974
-0.081661
-0.081035
-0.080409
-0.079391
-0.078530
-0.078217
-0.077591
-0.077121
-0.077043
-0.076417
-0.075947
-0.075165
-0.074773
-0.074225
-0.073599
-0.072817
-0.072660
-0.071877
-0.071486
-0.071095
-0.070390
-0.069842
-0.069373
-0.068747
-0.067964
-0.067259
-0.066868
-0.066320
-0.066007
-0.065537
-0.064833
-0.064207
-0.063894
-0.063346
-0.062955
-0.061859
-0.061311
-0.060763
-0.060137
-0.059667
-0.059276
-0.058806
-0.058415
-0.057867
-0.057241
-0.056302
-0.055597
-0.055675
-0.054893
-0.054423
-0.053875
-0.053171
-0.052623
-0.052388
-0.051997
-0.050901
-0.050353
-0.049649
-0.049179
-0.048788
-0.048240
-0.047535
-0.047144
-0.046674
-0.046048
-0.045500
-0.044796
-0.044248
-0.043700
-0.043387
-0.042526
-0.042057
-0.041430
-0.040882
-0.040100
-0.039395
-0.038534
-0.037987
-0.037517
-0.036969
-0.036343
-0.035795
-0.035091
-0.034464
-0.033838
-0.033525
-0.032586
-0.031647
-0.031255
-0.030864
-0.030394
-0.029768
-0.028985
-0.028203
-0.027655
-0.026716
-0.026246
-0.025776
-0.025385
-0.024994
-0.024211
-0.023507
-0.023115
-0.022567
-0.021941
-0.020924
-0.020141
-0.019671
-0.019280
-0.018654
-0.018419
-0.017636
-0.017167
-0.016619
-0.015914
-0.015288
-0.014662
-0.014192
-0.013488
-0.013253
-0.012784
-0.012079
-0.011453
-0.011218
-0.010279
-0.009809
-0.009027
-0.008635
-0.007618
-0.007305
-0.006992
-0.006209
-0.006052
-0.005270
-0.004800
-0.004252
-0.003783
-0.003235
-0.002374
-0.001826
-0.001513
-0.001121
-0.000574
-0.000026
0.000444
0.000992
0.001696
0.002088
0.002714
0.003027
0.003888
0.003966
0.004514
0.005140
0.005923
0.006627
0.007332
0.007958
0.008427
0.008975
0.009210
0.010071
0.010306
0.010854
0.011871
0.012419
0.013045
0.013750
0.013750
0.014298
0.014767
0.015550
0.015785
0.016411
0.016802
0.017742
0.018055
0.018681
0.019385
0.020011
0.020481
0.021029
0.021342
0.021968
0.022751
0.023299
0.023847
0.024395
0.024942
0.025334
0.026038
0.026273
0.026664
0.027447
0.027917
0.028699
0.029091
0.029560
0.030343
0.030891
0.031517
0.031674
0.032300
0.032848
0.033630
0.034648
0.034961
0.035274
0.035744
0.036213
0.036918
0.037152
0.037387
0.038013
0.039188
0.040048
0.040753
0.041223
0.041770
0.042240
0.042866
0.043179
0.043571
0.044197
0.044823
0.045449
0.045919
0.046701
0.047171
0.047406
0.047875
0.048345
0.048736
0.048815
0.049832
0.050458
0.051085
0.051789
0.051789
0.052337
0.052728
0.053198
0.053746
0.053980
0.054528
0.055233
0.055937
0.056485
0.057111
0.057424
0.057894
0.058285
0.058677
0.058990
0.059459
0.060242
0.061260
0.061494
0.061964
0.062199
0.062668
0.063138
0.063529
0.063999
0.064547
0.065173
0.066112
0.066425
0.066973
0.067521
0.067834
0.068147
0.068460
0.068852
0.069165
0.070104
0.071043
0.071356
0.071748
0.072296
0.072844
0.073078
0.073391
0.073704
0.074174
0.075113
0.075896
0.076209
0.076600
0.077305
0.077383
0.077931
0.078166
0.078635
0.079105
0.080123
0.080749
0.081297
0.081688
0.082079
0.082706
0.082940
0.083253
0.083566
0.083958
0.084584
0.085288
0.085836
0.086228
0.086854
0.087480
0.087871
0.088028
0.088263
0.088576
0.089515
0.090141
0.090532
0.091002
0.091472
0.092176
0.092568
0.092646
0.092959
0.093742
0.094368
0.094837
0.095229
0.095777
0.096168
0.096716
0.097185
0.097577
0.097499
0.098125
0.098673
0.099220
0.099690
0.100160
0.100629
0.101177
0.101803
0.102038
0.102430
0.102821
0.103525
0.103995
0.104308
0.104856
0.105325
0.105717
0.105873
0.106500
0.106656
0.106891
0.107517
0.108378
0.108926
0.109396
0.110100
0.110335
0.110726
0.111274
0.111587
0.111822
0.112135
0.112996
0.113387
0.113935
0.114013
0.114561
0.115187
0.115344
0.116048
0.116127
0.116596
0.116988
0.117770
0.118240
0.118553
0.119023
0.119336
0.119884
0.120197
0.120745
0.121136
0.121997
0.122545
0.122936
0.123328
0.123797
0.124423
0.124423
0.124736
0.125128
0.125754
0.126145
0.126771
0.127398
0.127476
0.127632
0.128024
0.128650
0.129041
0.129276
0.130528
0.130763
0.130998
0.131546
0.131781
0.132329
0.132876
0.133503
0.133816
0.133972
0.134677
0.135381
0.135538
0.135851
0.136320
0.136477
0.137260
0.137416
0.138199
0.138434
0.139216
0.139608
0.139921
0.140312
0.140860
0.141408
0.141799
0.142112
0.142347
0.142973
0.143286
0.143912
0.144069
0.144852
0.145008
0.145243
0.146026
0.146261
0.146652
0.147278
0.147591
0.147983
0.148139
0.148452
0.148922
0.149548
0.149861
0.150096
0.150957
0.151348
0.151583
0.152209
0.152679
0.152600
0.153148
0.153618
0.153931
0.154401
0.154870
0.155262
0.155418
0.155966
0.156357
0.157062
0.157375
0.158158
0.158392
0.158862
0.159332
0.159723
0.159880
0.160349
0.160819
0.161054
0.161288
0.161836
0.162149
0.162854
0.163323
0.163402
0.164184
0.164497
0.164654
0.165202
0.165202
0.165750
0.166376
0.166767
0.167237
0.167785
0.167941
0.168254
0.168724
0.168881
0.169115
0.169663
0.170055
0.170602
0.171072
0.171150
0.171777
0.172246
0.172716
0.172638
0.173029
0.173342
0.174203
0.174673
0.174751
0.175377
0.175768
0.175925
0.176394
0.176551
0.177177
0.177647
0.178195
0.178508
0.178977
0.179525
0.179760
0.180308
0.180073
0.180386
0.181247
0.181952
0.182108
0.182656
0.182734
0.183282
0.183517
0.183752
0.184065
0.184535
0.184926
0.185395
0.186178
0.186256
0.186648
0.187352
0.187587
0.188135
0.188213
0.188683
0.188761
0.189387
0.190013
0.190561
0.190718
0.191187
0.191422
0.191814
0.192205
0.192440
0.192831
0.193457
0.194005
0.194397
0.194710
0.195101
0.195414
0.195571
0.196275
0.196118
0.197058
0.197840
0.198075
0.198623
0.199093
0.199093
0.199641
0.199954
0.200267
0.201049
0.201441
0.202145
0.202145
0.202693
0.202771
0.203084
0.203319
0.204024
0.204259
0.204650
0.205354
0.205746
0.205980
0.206372
0.206607
0.207311
0.207624
0.207624
0.208250
0.208642
0.209346
0.209894
0.209894
0.210285
0.210442
0.210442
0.210990
0.211303
0.211616
0.212242
0.213025
0.213260
0.213729
0.213651
0.214042
0.214590
0.214825
0.215138
0.215295
0.215608
0.216390
0.216703
0.217095
0.217330
0.217877
0.218034
0.218347
0.218973
0.219286
0.219991
0.220147
0.220617
0.220930
0.221634
0.221869
0.222026
0.222339
0.222652
0.223043
0.223591
0.223982
0.224374
0.224609
0.225157
0.225548
0.225548
0.226096
0.226487
0.226722
0.227505
0.227896
0.228209
0.228444
0.228913
0.228913
0.229305
0.229774
0.229931
0.230401
0.231340
0.231496
0.232436
0.232357
0.232670
0.233375
0.233453
0.233610
0.234001
0.234705
0.235175
0.235410
0.235879
0.236349
0.236506
0.236897
0.237288
0.237836
0.238071
0.238541
0.238932
0.239323
0.239871
0.240184
0.240654
0.240810
0.241358
0.241671
0.242063
0.242532
0.243002
0.243393
0.243550
0.244254
0.244254
0.244802
0.245272
0.245350
0.246133
0.246446
0.247072
0.247385
0.247698
0.247777
0.247933
0.248403
0.248637
0.249185
0.249655
0.250125
0.250594
0.250516
0.251142
0.251299
0.251690
0.251925
0.252316
0.252942
0.253568
0.253882
0.254273
0.254508
0.254743
0.255134
0.255290
0.255760
0.256230
0.256621
0.256934
0.257482
0.257482
0.258108
0.258421
0.258578
0.258969
0.259360
0.259908
0.260300
0.261004
0.261474
0.261552
0.262178
0.262413
0.262335
0.262804
0.263352
0.263352
0.263900
0.264135
0.264448
0.264683
0.265309
0.265387
0.265857
0.266092
0.266796
0.267031
0.267344
0.267579
0.267735
0.268127
0.268675
0.268988
0.269222
0.269614
0.269849
0.270396
0.270475
0.270866
0.271336
0.271571
0.272040
0.272275
0.272823
0.273058
0.273371
0.273997
0.274388
0.274310
0.274623
0.275171
0.275406
0.276267
0.276345
0.276658
0.276971
0.277597
0.278067
0.277832
0.278223
0.278693
0.278928
0.279711
0.279867
0.280102
0.280728
0.280885
0.281589
0.281746
0.281980
0.282763
0.282998
0.283468
0.283781
0.284172
0.284407
0.284720
0.285189
0.285503
0.285972
0.286207
0.286598
0.287068
0.287459
0.287694
0.288164
0.288555
0.288633
0.288712
0.289181
0.289651
0.290199
0.290590
0.290981
0.291373
0.291373
0.291764
0.292155
0.292703
0.293016
0.293251
0.293956
0.294034
0.294034
0.294582
0.295051
0.295051
0.295521
0.296304
0.296460
0.297008
0.297086
0.297478
0.297947
0.297947
0.298339
0.298730
0.299435
0.299591
0.299826
0.300139
0.300922
0.301235
0.301470
0.302096
0.302565
0.303035
0.303113
0.303583
0.303818
0.304052
0.304366
0.304522
0.305070
0.305383
0.305774
0.306244
0.306635
0.306948
0.307496
0.307966
0.308044
0.308357
0.308670
0.308983
0.309297
0.309610
0.310471
0.310314
0.310784
0.311332
0.311253
0.311723
0.312114
0.312427
0.312662
0.313367
0.313523
0.313758
0.314149
0.314854
0.315167
0.315402
0.315636
0.316263
0.316497
0.316889
0.317358
0.317671
0.317906
0.318063
0.318532
0.318845
0.319237
0.319550
0.320020
0.320411
0.320724
0.321194
0.321272
0.322055
0.322055
0.322681
0.323072
0.323150
0.323933
0.324168
0.324324
0.324403
0.324951
0.325420
0.325577
0.326281
0.326594
0.326829
0.327377
0.327612
0.327768
0.327925
0.328707
0.328629
0.328864
0.329334
0.329882
0.330351
0.330899
0.331056
0.331134
0.331603
0.331760
0.332151
0.332386
0.332934
0.333482
0.333873
0.334108
0.334343
0.334656
0.334969
0.335360
0.335517
0.335595
0.336300
0.336848
0.337317
0.337552
0.337709
0.338100
0.338491
0.338413
0.338726
0.339117
0.339509
0.339744
0.340291
0.340526
0.340918
0.341309
0.341700
0.342013
0.342561
0.343109
0.343266
0.343500
0.343735
0.344205
0.344440
0.344596
0.344831
0.345066
0.345770
0.346318
0.346475
0.346553
0.347023
0.347414
0.347805
0.347805
0.348275
0.348510
0.348823
0.348901
0.349762
0.349762
0.350232
0.350623
0.350858
0.351171
0.351562
0.351875
0.352267
0.352423
0.352893
0.353284
0.353441
0.353754
0.354302
0.354615
0.354458
0.355084
0.355789
0.356024
0.356493
0.356728
0.356806
0.357589
0.357746
0.357824
0.358137
0.358528
0.358685
0.358998
0.358998
0.359937
0.360094
0.360250
0.360328
0.361111
0.361737
0.361894
0.362129
0.362442
0.362755
0.363068
0.363459
0.364164
0.364320
0.364712
0.364946
0.365259
0.365573
0.365807
0.366120
0.366512
0.366747
0.367138
0.367529
0.367999
0.368155
0.368469
0.368625
0.369251
0.369643
0.369877
0.369956
0.370269
0.370738
0.371130
0.371208
0.371443
0.371678
0.372225
0.372930
0.372930
0.373008
0.373556
0.373634
0.374182
0.374339
0.374652
0.374808
0.375200
0.376217
0.376374
0.376374
0.376687
0.377470
0.377861
0.377704
0.378096
0.378722
0.378800
0.379270
0.379426
0.379896
0.380052
0.380131
0.381070
0.381227
0.381618
0.382009
0.382479
0.382792
0.382948
0.383418
0.383653
0.384044
0.384514
0.384983
0.385062
0.385375
0.385923
0.386001
0.386236
0.386627
0.386705
0.387097
0.387723
0.387801
0.388114
0.388506
0.388897
0.389367
0.389445
0.389914
0.390071
0.390462
0.390697
0.391558
0.392184
0.392106
0.392419
0.392967
0.392967
0.393437
0.393671
0.393906
0.394532
0.395002
0.395393
0.395472
0.395628
0.396176
0.396254
0.396724
0.397115
0.397350
0.397898
0.398211
0.398524
0.398524
0.398759
0.399385
0.399542
0.400168
0.400403
0.401107
0.401264
0.401890
0.402438
0.402516
0.402594
0.402986
0.403455
0.403846
0.404394
0.404629
0.404707
0.404942
0.405568
0.405725
0.405725
0.406195
0.406586
0.406977
0.407369
0.407917
0.408230
0.408386
0.408464
0.408934
0.409091
0.409638
0.409952
0.410186
0.411047
0.411047
0.411439
0.412221
0.412143
0.412456
0.412769
0.413082
0.413630
0.414022
0.414178
0.414804
0.414883
0.415039
0.415117
0.415509
0.416135
0.416604
0.417074
0.417387
0.417700
0.418170
0.418483
0.418326
0.418796
0.419187
0.419500
0.420127
0.420361
0.420361
0.421066
0.421222
0.421379
0.421927
0.422318
0.422396
0.423023
0.423101
0.423805
0.424275
0.424197
0.424588
0.424588
0.425058
0.425684
0.425997
0.426545
0.426545
0.426858
0.426936
0.427014
0.427640
0.427797
0.428267
0.428658
0.428501
0.428658
0.429206
0.429754
0.430223
0.430223
0.430615
0.430771
0.431084
0.431632
0.432024
0.432571
0.432728
0.433041
0.433432
0.433354
0.433824
0.434059
0.434528
0.434920
0.435076
0.435233
0.435546
0.435781
0.436172
0.436720
0.436798
0.437189
0.437268
0.437346
0.437972
0.438363
0.438677
0.438990
0.439616
0.439616
0.439772
0.440242
0.440477
0.441025
0.441651
0.441729
0.441886
0.442120
0.442668
0.443060
0.443373
0.443608
0.443686
0.443842
0.444155
0.444547
0.445016
0.445408
0.445408
0.445799
0.446112
0.446582
0.446817
0.446660
0.447286
0.447286
0.447521
0.447678
0.448147
0.448460
0.448852
0.448852
0.449321
0.449869
0.449947
0.450339
0.450652
0.450808
0.451278
0.451356
0.452061
0.452452
0.452765
0.453235
0.453704
0.453626
0.453939
0.454330
0.454096
0.454722
0.454957
0.455505
0.455583
0.455818
0.456209
0.456522
0.456835
0.456992
0.457461
0.457774
0.458166
0.458244
0.458635
0.459261
0.459418
0.459575
0.459809
0.459966
0.460514
0.460983
0.461140
0.461766
0.462001
0.462471
0.462862
0.462784
0.462784
0.463488
0.464036
0.464114
0.464271
0.464897
0.464975
0.465367
0.465601
0.465836
0.466149
0.466384
0.466854
0.467245
0.467323
0.467949
0.468028
0.468576
0.468889
0.468967
0.469280
0.469750
0.469984
0.470767
0.470845
0.471002
0.471393
0.471628
0.471706
0.472176
0.472567
0.472880
0.473428
0.473820
0.474133
0.474211
0.474446
0.474759
0.474994
0.475229
0.475776
0.476324
0.476794
0.477029
0.477264
0.477655
0.477733
0.478281
0.478516
0.478594
0.479064
0.479455
0.479768
0.480081
0.480707
0.480707
0.481490
0.481803
0.481881
0.482508
0.482742
0.483290
0.483447
0.483760
0.483916
0.484230
0.484230
0.484621
0.484777
0.485795
0.485560
0.486186
0.486656
0.486343
0.486891
0.487047
0.487126
0.487830
0.488456
0.488926
0.489161
0.489317
0.489474
0.489943
0.490178
0.490335
0.490726
0.491196
0.491509
0.491978
0.492057
0.492370
0.492839
0.492918
0.493309
0.493700
0.494326
0.494639
0.495031
0.495109
0.495657
0.495892
0.496048
0.496361
0.496753
0.497066
0.497222
0.498005
0.498240
0.498162
0.498318
0.498553
0.498631
0.499101
0.499649
0.499884
0.500275
0.500744
0.501136
0.501371
0.501684
0.501919
0.502310
0.502701
0.503093
0.503406
0.503797
0.504032
0.504110
0.504501
0.504736
0.505049
0.504971
0.505597
0.505910
0.506145
0.506302
0.506615
0.506850
0.507163
0.507554
0.507789
0.508102
0.508571
0.508806
0.508885
0.509276
0.509667
0.509824
0.510137
0.510215
0.510685
0.510841
0.511467
0.511781
0.512094
0.512563
0.512720
0.513033
0.513424
0.513816
0.514129
0.514520
0.514598
0.514990
0.515146
0.515537
0.515381
0.515929
0.516398
0.516946
0.516946
0.517259
0.517886
0.517964
0.518120
0.518512
0.518981
0.518981
0.519529
0.519764
0.520390
0.520860
0.520547
0.521173
0.521251
0.521721
0.522112
0.522582
0.522582
0.523286
0.523364
0.523756
0.523756
0.524147
0.524695
0.524695
0.525243
0.525478
0.525713
0.525869
0.526417
0.526417
0.527200
0.527278
0.527278
0.527356
0.527982
0.528217
0.528530
0.528687
0.528765
0.529313
0.529548
0.529704
0.530174
0.530878
0.530722
0.531348
0.531505
0.531739
0.532209
0.532365
0.532679
0.533070
0.533226
0.533696
0.533774
0.533853
0.534087
0.534792
0.534948
0.535261
0.535575
0.535888
0.536122
0.536514
0.536905
0.537375
0.537766
0.538157
0.538236
0.538549
0.538471
0.539175
0.539253
0.539488
0.540036
0.540427
0.540584
0.540897
0.541132
0.541367
0.541836
0.541993
0.542462
0.542775
0.543323
0.543323
0.543715
0.544341
0.544497
0.544497
0.544576
0.545358
0.545202
0.546063
0.545984
0.546532
0.547080
0.547393
0.547706
0.548254
0.548333
0.548646
0.548646
0.548959
0.549115
0.549741
0.550211
0.550054
0.550915
0.550837
0.551072
0.551620
0.551776
0.552403
0.552794
0.552794
0.552872
0.553264
0.553811
0.553968
0.554281
0.554594
0.555064
0.555377
0.555690
0.555690
0.555925
0.556394
0.556473
0.556786
0.557177
0.557803
0.558195
0.558273
0.558508
0.558664
0.558821
0.559369
0.559525
0.560308
0.560856
0.561012
0.561325
0.561795
0.561795
0.562265
0.562656
0.563282
0.563673
0.564378
0.564534
0.564926
0.564769
0.565317
0.565474
0.565630
0.566021
0.566569
0.566726
0.567196
0.567430
0.567822
0.568057
0.568213
0.568526
0.568917
0.569231
0.569622
0.569935
0.570170
0.570561
0.570952
0.571031
0.571422
0.571813
0.572205
0.572674
0.573066
0.573144
0.573379
0.573848
0.573770
0.574083
0.574240
0.574788
0.575179
0.575414
0.575570
0.576040
0.575962
0.576275
0.576510
0.576901
0.577684
0.577918
0.578075
0.578388
0.578701
0.578858
0.579014
0.579093
0.579719
0.580267
0.580501
0.580971
0.581362
0.581675
0.581675
0.582223
0.582145
0.582536
0.583241
0.583867
0.584258
0.584258
0.584415
0.585041
0.585041
0.585589
0.585667
0.585902
0.586685
0.586763
0.587311
0.587311
0.587389
0.587546
0.587546
0.588094
0.588720
0.588955
0.589424
0.589737
0.590285
0.590442
0.590285
0.590755
0.590598
0.591459
0.591616
0.591929
0.592320
0.592242
0.592711
0.592790
0.593338
0.593338
0.593886
0.594433
0.594590
0.594747
0.594903
0.595373
0.595294
0.595373
0.595842
0.596390
0.596390
0.596860
0.597329
0.597486
0.597721
0.598034
0.598269
0.598660
0.598738
0.599443
0.599443
0.599756
0.600304
0.600617
0.600695
0.600852
0.601165
0.601399
0.601947
0.602339
0.602417
0.602965
0.603200
0.603356
0.603591
0.603669
0.604374
0.604765
0.605156
0.605469
0.605783
0.605783
0.606252
0.606644
0.606722
0.606957
0.607583
0.607739
0.607739
0.608052
0.608365
0.608444
0.608757
0.609148
0.609618
0.609774
0.610009
0.610400
0.610635
0.611027
0.611340
0.611653
0.611496
0.612357
0.612514
0.612670
0.613218
0.613453
0.613610
0.614079
0.614314
0.614470
0.614862
0.615331
0.615566
0.615879
0.616114
0.616349
0.616975
0.617053
0.617053
0.617445
0.617680
0.618071
0.618384
0.618775
0.619167
0.619558
0.619715
0.619949
0.620184
0.620497
0.620576
0.621202
0.621437
0.621750
0.622141
0.622454
0.622924
0.623002
0.623393
0.623863
0.623863
0.624332
0.624646
0.625115
0.625428
0.625428
0.625741
0.626133
0.626681
0.626837
0.627385
0.627463
0.627698
0.627542
0.627933
0.628246
0.628559
0.629029
0.629498
0.629498
0.630046
0.630359
0.630516
0.630985
0.631298
0.631455
0.632003
0.632081
0.632864
0.632942
0.633334
0.633490
0.633568
0.634038
0.634508
0.634742
0.634821
0.635055
0.635682
0.635682
0.636308
0.636229
0.636699
0.637012
0.637404
0.637873
0.637717
0.638186
0.638734
0.639047
0.639439
0.639673
0.639986
0.639986
0.640378
0.640769
0.641317
0.641708
0.642100
0.642100
0.642256
0.642491
0.643196
0.643430
0.643430
0.643900
0.644370
0.644448
0.644996
0.645387
0.645700
0.646091
0.646248
0.646483
0.646483
0.647109
0.647579
0.647813
0.647657
0.648283
0.648518
0.648674
0.648831
0.649301
0.649692
0.650005
0.650162
0.650709
0.651022
0.651257
0.651179
0.651727
0.652353
0.652901
0.652901
0.652901
0.653292
0.653840
0.653527
0.653918
0.654310
0.654701
0.655014
0.655093
0.655484
0.655875
0.656032
0.656188
0.656580
0.657049
0.657441
0.657988
0.657519
0.658223
0.658693
0.658615
0.658849
0.659006
0.659476
0.659867
0.660415
0.660571
0.660806
0.661276
0.661745
0.661589
0.661745
0.662215
0.662841
0.662919
0.662998
0.663311
0.663546
0.663780
0.663702
0.663937
0.664485
0.665346
0.665346
0.665502
0.665972
0.665894
0.665894
0.666442
0.666598
0.666990
0.667772
0.667616
0.668085
0.668398
0.668555
0.668790
0.668946
0.669259
0.669416
0.669964
0.670512
0.670903
0.670668
0.670825
0.671294
0.671451
0.671764
0.672155
0.672703
0.672781
0.673095
0.673642
0.673642
0.673721
0.674112
0.673956
0.674895
0.674895
0.675364
0.676069
0.676069
0.676225
0.676382
0.676538
0.676852
0.677086
0.677321
0.678026
0.678104
0.678652
0.678652
0.678730
0.678887
0.679434
0.679904
0.680374
0.680530
0.681000
0.681391
0.681626
0.681704
0.682096
0.682565
0.682957
0.683191
0.683583
0.683818
0.684209
0.684365
0.684287
0.684757
0.684600
0.685305
0.685931
0.685931
0.686479
0.687027
0.686792
0.687105
0.687496
0.687731
0.687966
0.688201
0.689062
0.688983
0.689609
0.689453
0.689923
0.689844
0.690392
0.690236
0.690784
0.691331
0.691566
0.691958
0.692114
0.692114
0.692584
0.692427
0.692975
0.693758
0.693836
0.694071
0.694462
0.694697
0.694697
0.695010
0.695636
0.695715
0.696028
0.696654
0.696732
0.697045
0.697202
0.697593
0.697828
0.698063
0.698297
0.699002
0.699237
0.699393
0.699628
0.700019
0.700098
0.700411
0.701037
0.701115
0.701272
0.701741
0.702133
0.702602
0.702524
0.702915
0.703150
0.703463
0.704481
0.704559
0.704716
0.704794
0.705029
0.705577
0.705733
0.705811
0.706203
0.706516
0.707142
0.707377
0.707298
0.707690
0.708551
0.708081
0.708786
0.708786
0.709412
0.709881
0.709881
0.710508
0.710586
0.710977
0.711212
0.711525
0.712073
0.712151
0.712777
0.712699
0.713090
0.713482
0.713795
0.714030
0.714343
0.714578
0.715047
0.715595
0.715752
0.716221
0.716456
0.717004
0.717004
0.717004
0.717317
0.718256
0.718100
0.718178
0.718726
0.718961
0.719743
0.719274
0.720056
0.720526
0.720683
0.721074
0.721700
0.722091
0.722170
0.722483
0.722874
0.722639
0.723109
0.723735
0.723892
0.724205
0.724596
0.725066
0.725222
0.725144
0.725927
0.726240
0.726553
0.726709
0.727022
0.727414
0.727883
0.728196
0.728431
0.729057
0.729371
0.729371
0.729918
0.730153
0.730545
0.730701
0.731171
0.731484
0.731875
0.732345
0.732423
0.732893
0.732893
0.733284
0.733675
0.733832
0.734067
0.734145
0.734693
0.735006
0.735163
0.735710
0.736102
0.736415
0.736650
0.737041
0.737198
0.737511
0.737276
0.737980
0.738293
0.738685
0.738841
0.738919
0.739624
0.739702
0.740172
0.740641
0.740641
0.741424
0.741972
0.741659
0.742442
0.742676
0.743146
0.743224
0.743303
0.743772
0.744164
0.744711
0.744790
0.744790
0.745494
0.745729
0.745964
0.746512
0.746668
0.747138
0.747529
0.747686
0.748468
0.748312
0.748547
0.749016
0.749173
0.749329
0.749799
0.750347
0.750503
0.750816
0.750973
0.751364
0.751834
0.752147
0.752382
0.752538
0.752773
0.753321
0.753478
0.753008
0.753165
0.753086
0.752930
0.752617
0.752538
0.752460
0.752225
0.752147
0.752069
0.751991
0.751834
0.751599
0.751130
0.751130
0.751130
0.750895
0.750347
0.749956
0.750347
0.749799
0.749251
0.749251
0.748703
0.748390
0.748077
0.747920
0.747451
0.747216
0.747060
0.746668
0.746355
0.746120
0.745885
0.745259
0.745103
0.745103
0.744633
0.744085
0.743850
0.743772
0.743459
0.743068
0.742520
0.742207
0.741737
0.741111
0.740876
0.740407
0.740172
0.739624
0.739311
0.739076
0.738685
0.738293
0.738058
0.737511
0.737119
0.736884
0.736493
0.736180
0.735789
0.735554
0.735397
0.735084
0.734849
0.734380
0.733832
0.733519
0.733127
0.733206
0.732736
0.731875
0.731562
0.731171
0.730701
0.730232
0.729997
0.729605
0.729214
0.729136
0.728823
0.728510
0.727805
0.727336
0.727022
0.726631
0.726318
0.726161
0.725535
0.725066
0.724674
0.724283
0.724048
0.723735
0.723500
0.723266
0.723109
0.722326
0.722170
0.721544
0.721387
0.720604
0.720604
0.719822
0.719587
0.719665
0.718961
0.718335
0.717943
0.717943
0.717552
0.717004
0.716847
0.716534
0.715986
0.715830
0.715282
0.715125
0.714578
0.714108
0.713795
0.713717
0.713169
0.712777
0.712699
0.712229
0.711916
0.711682
0.711055
0.710742
0.710508
0.710273
0.709725
0.709490
0.708864
0.708786
0.708081
0.708081
0.707612
0.707377
0.706829
0.706437
0.705811
0.705655
0.705185
0.704872
0.704559
0.704402
0.703776
0.703542
0.703385
0.703072
0.702681
0.702367
0.702133
0.701428
0.701272
0.701037
0.700411
0.700098
0.699550
0.699315
0.699237
0.698689
0.698141
0.698063
0.697593
0.697123
0.696889
0.696497
0.696341
0.695949
0.695715
0.695323
0.694775
0.694775
0.694227
0.693758
0.693993
0.693053
0.692662
0.692349
0.692114
0.691879
0.691410
0.691175
0.690392
0.690157
0.690001
0.690079
0.689453
0.689062
0.688514
0.688279
0.687809
0.687496
0.687261
0.686948
0.686322
0.686009
0.685696
0.685383
0.685070
0.684444
0.684287
0.684052
0.683583
0.683270
0.683035
0.682330
0.682330
0.681939
0.681469
0.681156
0.680608
0.680374
0.679747
0.679904
0.679121
0.678887
0.678652
0.678182
0.677947
0.677634
0.677086
0.677008
0.676538
0.675834
0.675677
0.675130
0.675364
0.674895
0.674425
0.674425
0.673877
0.673016
0.673251
0.673095
0.672625
0.672234
0.671842
0.671373
0.670903
0.670903
0.670355
0.670120
0.669807
0.669338
0.668946
0.668477
0.667929
0.667694
0.667303
0.666911
0.666598
0.666363
0.665894
0.665659
0.665424
0.665346
0.664720
0.664407
0.663467
0.663624
0.663389
0.663154
0.662763
0.662293
0.662059
0.661745
0.661276
0.660571
0.660337
0.659789
0.659554
0.659397
0.658615
0.658771
0.658458
0.658067
0.657441
0.657284
0.656971
0.656423
0.656032
0.655875
0.655406
0.655093
0.655014
0.654858
0.654310
0.654153
0.653605
0.652901
0.652588
0.652040
0.651883
0.651257
0.651257
0.651022
0.650475
0.650162
0.649848
0.649457
0.649301
0.648518
0.648361
0.648283
0.647970
0.647422
0.647266
0.646874
0.646405
0.646091
0.645778
0.645231
0.644917
0.644291
0.644291
0.644135
0.643352
0.643430
0.643352
0.642961
0.642648
0.641943
0.641474
0.641082
0.640613
0.640456
0.640143
0.639986
0.639908
0.639595
0.639047
0.638578
0.637951
0.637638
0.637090
0.637012
0.636699
0.636464
0.636386
0.635838
0.635212
0.635134
0.634429
0.633960
0.633803
0.633568
0.633568
0.633177
0.632864
0.632786
0.632159
0.631925
0.631690
0.631220
0.630594
0.630359
0.630046
0.629498
0.629342
0.629342
0.628716
0.628324
0.628403
0.627855
0.627228
0.626915
0.626837
0.626446
0.626367
0.626211
0.625898
0.625428
0.625193
0.624411
0.624098
0.623785
0.623550
0.623315
0.622924
0.622689
0.622219
0.622063
0.621828
0.621202
0.621123
0.620262
0.619793
0.619871
0.619715
0.619480
0.619245
0.618775
0.618384
0.618306
0.617523
0.617366
0.617053
0.616819
0.616349
0.616271
0.615879
0.615410
0.615331
0.615018
0.614470
0.614157
0.613688
0.613218
0.613296
0.612905
0.612514
0.612201
0.612279
0.611418
0.610948
0.610557
0.610166
0.609931
0.609696
0.609618
0.609148
0.608992
0.608757
0.608209
0.607896
0.607348
0.607270
0.606800
0.606644
0.606252
0.605939
0.605783
0.605626
0.605313
0.605078
0.604452
0.604061
0.603434
0.603513
0.603434
0.602887
0.602887
0.602182
0.602182
0.601399
0.601165
0.600773
0.600538
0.599991
0.599677
0.599677
0.599286
0.599051
0.598817
0.598112
0.597877
0.597721
0.597251
0.596860
0.596625
0.596312
0.596155
0.595686
0.595373
0.595373
0.594825
0.594120
0.594042
0.593651
0.593572
0.593259
0.592790
0.592398
0.592242
0.591929
0.591694
0.591146
0.590442
0.590129
0.589972
0.589894
0.589737
0.589111
0.588955
0.588720
0.588172
0.587859
0.587624
0.587154
0.586920
0.586450
0.586450
0.585902
0.585824
0.585354
0.584885
0.584102
0.583945
0.583945
0.583710
0.583397
0.583241
0.582536
0.582145
0.582145
0.581832
0.581284
0.580658
0.580267
0.580110
0.579954
0.579249
0.579014
0.579014
0.578701
0.578310
0.577684
0.577449
0.577214
0.576588
0.576588
0.575883
0.575727
0.575805
0.575414
0.574709
0.574396
0.574005
0.573535
0.573535
0.573301
0.572518
0.572596
0.572283
0.571892
0.571344
0.571031
0.570483
0.570405
0.569935
0.569622
0.569231
0.568761
0.568370
0.568135
0.567587
0.567430
0.567352
0.567117
0.566491
0.565865
0.565865
0.565239
0.565161
0.564769
0.564378
0.564065
0.563439
0.563439
0.563360
0.562734
0.562421
0.562108
0.562030
0.561404
0.560621
0.560386
0.560073
0.559682
0.559369
0.559134
0.558586
0.558508
0.558351
0.557881
0.557725
0.557334
0.556942
0.556551
0.556238
0.556003
0.555612
0.555142
0.554751
0.554124
0.554046
0.553811
0.553420
0.552950
0.552637
0.552324
0.552011
0.551855
0.551463
0.550915
0.550602
0.550289
0.550289
0.549507
0.549037
0.548411
0.548176
0.547785
0.547706
0.547472
0.547158
0.546924
0.546689
0.546219
0.545906
0.545437
0.545202
0.544810
0.544576
0.544262
0.543949
0.543636
0.543167
0.542697
0.542619
0.542149
0.541914
0.541914
0.541288
0.541053
0.540427
0.540036
0.539645
0.539488
0.538940
0.538705
0.538314
0.538001
0.537766
0.537610
0.537218
0.536983
0.536670
0.536357
0.535888
0.535809
0.535418
0.534714
0.534714
0.534400
0.534009
0.533774
0.533305
0.533070
0.532913
0.532444
0.532052
0.531583
0.531426
0.531113
0.530722
0.530565
0.530017
0.529626
0.529078
0.528843
0.528452
0.528217
0.527982
0.527904
0.527434
0.527200
0.526730
0.526339
0.526026
0.525399
0.525321
0.525086
0.524930
0.524695
0.524460
0.524069
0.523599
0.523208
0.522973
0.522660
0.522190
0.522269
0.521877
0.521721
0.521095
0.520703
0.520390
0.519842
0.519373
0.518903
0.519060
0.518590
0.518199
0.517964
0.517886
0.517572
0.516790
0.516555
0.516242
0.515694
0.515772
0.515146
0.515068
0.514598
0.514129
0.513816
0.513424
0.513033
0.512563
0.512407
0.512641
0.511937
0.511781
0.511467
0.511076
0.510685
0.509980
0.509980
0.509276
0.509276
0.508806
0.508728
0.508571
0.508337
0.507710
0.507241
0.506850
0.506536
0.506380
0.505989
0.505519
0.505206
0.505206
0.504658
0.504110
0.503875
0.503719
0.503327
0.503093
0.503014
0.502779
0.502623
0.501684
0.501762
0.501371
0.501136
0.500823
0.500197
0.499805
0.499649
0.499257
0.498944
0.498788
0.498396
0.497770
0.497379
0.497222
0.496674
0.496674
0.496596
0.496048
0.495657
0.495422
0.495266
0.494326
0.493935
0.493700
0.493309
0.493231
0.492683
0.492761
0.492370
0.491900
0.491822
0.491196
0.490491
0.490413
0.490178
0.489708
0.489474
0.489082
0.488613
0.488378
0.487752
0.487360
0.487204
0.487047
0.486812
0.486343
0.485873
0.485560
0.485404
0.484934
0.484386
0.484308
0.483525
0.483212
0.482977
0.482899
0.482664
0.482508
0.482351
0.481412
0.481099
0.480473
0.480316
0.479612
0.479612
0.479455
0.478829
0.478516
0.478203
0.477811
0.477342
0.477107
0.476481
0.476637
0.476011
0.475855
0.475542
0.475307
0.474602
0.474133
0.473898
0.473663
0.473428
0.473272
0.472567
0.472724
0.472254
0.472019
0.471550
0.471158
0.470376
0.470141
0.469750
0.469750
0.469593
0.469045
0.469045
0.468497
0.468184
0.467636
0.467167
0.466775
0.466462
0.466149
0.466228
0.465601
0.465288
0.464819
0.464349
0.463566
0.463566
0.463410
0.462862
0.462549
0.462392
0.461844
0.461688
0.461375
0.460749
0.460592
0.460044
0.459418
0.459340
0.459105
0.458870
0.458635
0.458009
0.457774
0.457383
0.456992
0.456444
0.456366
0.456131
0.455583
0.455505
0.454957
0.454878
0.454565
0.454174
0.454017
0.453235
0.453078
0.452922
0.452295
0.451669
0.451669
0.451435
0.450965
0.450495
0.450260
0.449869
0.449478
0.449086
0.448695
0.448695
0.448382
0.448147
0.447834
0.447521
0.447051
0.446895
0.446504
0.446112
0.445956
0.445408
0.445016
0.445016
0.444155
0.443999
0.443999
0.443451
0.443216
0.442747
0.442355
0.441807
0.441964
0.441494
0.440712
0.440320
0.440164
0.439851
0.439224
0.438911
0.438755
0.438050
0.437737
0.437502
0.437502
0.436798
0.436720
0.436485
0.436407
0.435937
0.435389
0.435546
0.435233
0.434920
0.434763
0.434059
0.433902
0.433589
0.433511
0.433198
0.432963
0.432650
0.432102
0.431867
0.431241
0.431319
0.430771
0.430615
0.430067
0.429676
0.429441
0.429206
0.429128
0.428815
0.428267
0.428188
0.427640
0.427327
0.426858
0.426701
0.426388
0.426388
0.425919
0.425527
0.425371
0.424901
0.424666
0.424197
0.423884
0.423570
0.423179
0.422709
0.422475
0.422318
0.422240
0.421927
0.421144
0.420909
0.420753
0.420440
0.420283
0.419422
0.419422
0.419031
0.418874
0.418561
0.418013
0.417700
0.417231
0.417231
0.416918
0.416683
0.416370
0.415978
0.415587
0.415196
0.414491
0.414256
0.414178
0.414022
0.413787
0.413395
0.413004
0.412691
0.412065
0.411987
0.411517
0.411204
0.410656
0.410421
0.410108
0.409795
0.409795
0.409169
0.408308
0.408308
0.407995
0.407995
0.407760
0.407447
0.407056
0.406742
0.406586
0.405960
0.405647
0.405334
0.405021
0.404629
0.404394
0.403846
0.403533
0.403377
0.403142
0.402751
0.402125
0.401733
0.401655
0.401185
0.400637
0.399855
0.399855
0.399855
0.399150
0.398837
0.398211
0.398055
0.397741
0.397272
0.397037
0.396489
0.396176
0.396098
0.395237
0.395237
0.394924
0.394376
0.394063
0.393906
0.393671
0.393280
0.393280
0.392576
0.392263
0.391793
0.391715
0.391010
0.390775
0.390619
0.390071
0.389601
0.389445
0.388897
0.388427
0.388036
0.387958
0.387488
0.387097
0.387332
0.386549
0.386471
0.386001
0.385453
0.385218
0.384749
0.384279
0.384201
0.383809
0.383496
0.383418
0.383027
0.382635
0.382009
0.381774
0.381383
0.380992
0.380835
0.380366
0.380052
0.379583
0.379191
0.378487
0.378252
0.378017
0.377548
0.377078
0.376687
0.376687
0.376217
0.375826
0.375669
0.375043
0.374730
0.374339
0.374260
0.373791
0.373556
0.373478
0.373008
0.372539
0.372069
0.371678
0.370973
0.371051
0.371051
0.370190
0.370034
0.369956
0.369329
0.368938
0.368703
0.367764
0.367608
0.367138
0.366903
0.366668
0.366277
0.366042
0.365729
0.365416
0.364946
0.364477
0.364398
0.363851
0.363459
0.363381
0.363068
0.362833
0.362442
0.362050
0.361894
0.361972
0.361424
0.360642
0.360485
0.360172
0.359781
0.359389
0.358998
0.358920
0.358607
0.357980
0.357746
0.357511
0.357198
0.356963
0.356728
0.356258
0.355554
0.355241
0.355163
0.354771
0.354302
0.354223
0.353676
0.353519
0.353128
0.352736
0.352267
0.351954
0.351641
0.351249
0.351093
0.350466
0.350232
0.349606
0.349762
0.349292
0.348745
0.348510
0.348197
0.348197
0.347727
0.347336
0.347101
0.346710
0.346396
0.345927
0.345770
0.345222
0.345066
0.344596
0.344048
0.344205
0.343814
0.343266
0.343266
0.343031
0.342326
0.342170
0.341857
0.341700
0.340918
0.340761
0.340370
0.340057
0.339665
0.339196
0.338804
0.338726
0.338335
0.338022
0.337630
0.337317
0.336926
0.336456
0.336065
0.335752
0.335439
0.335204
0.334734
0.334186
0.333795
0.333482
0.333325
0.333091
0.332464
0.332699
0.332230
0.331682
0.331525
0.331212
0.330429
0.329960
0.330038
0.329412
0.329334
0.329255
0.329021
0.328316
0.328081
0.327533
0.327142
0.326907
0.326829
0.326516
0.326046
0.325811
0.325107
0.324951
0.324481
0.324246
0.323855
0.323385
0.323150
0.322681
0.322602
0.322055
0.321741
0.321663
0.321037
0.320567
0.320254
0.319628
0.319706
0.319393
0.319080
0.318611
0.318298
0.317750
0.317515
0.317358
0.316654
0.316576
0.316419
0.316028
0.315871
0.315402
0.314932
0.314384
0.313914
0.313523
0.313288
0.313132
0.312819
0.312427
0.311801
0.311566
0.311097
0.310549
0.310471
0.309844
0.310001
0.308983
0.309375
0.308827
0.308514
0.308044
0.307653
0.307340
0.306948
0.306401
0.306244
0.305931
0.305853
0.305227
0.305070
0.304600
0.304052
0.303739
0.303270
0.303113
0.302644
0.302252
0.301704
0.301391
0.301313
0.300843
0.300452
0.299982
0.299591
0.299200
0.298808
0.298652
0.298417
0.298182
0.297791
0.297086
0.296930
0.296539
0.296304
0.295991
0.295443
0.295130
0.294660
0.294347
0.293799
0.293330
0.293095
0.292782
0.292547
0.292155
0.291842
0.291764
0.291060
0.290981
0.290277
0.289964
0.289494
0.289025
0.288633
0.288555
0.288007
0.287851
0.287616
0.286755
0.286598
0.286129
0.285659
0.285346
0.285346
0.284642
0.284329
0.284015
0.283859
0.283311
0.282841
0.282920
0.282685
0.282293
0.281824
0.281511
0.281354
0.280806
0.280493
0.279711
0.279319
0.278771
0.278615
0.277989
0.277910
0.277754
0.277676
0.277128
0.276345
0.276267
0.276110
0.275719
0.275093
0.274780
0.274545
0.274232
0.273997
0.273449
0.272901
0.272666
0.272510
0.271884
0.271571
0.271023
0.270631
0.270710
0.270240
0.269770
0.269301
0.269301
0.268675
0.268596
0.267970
0.268048
0.267422
0.267266
0.266796
0.266483
0.266170
0.265857
0.265544
0.264918
0.264526
0.264291
0.263978
0.263587
0.263352
0.263117
0.262726
0.262335
0.262100
0.261395
0.261239
0.260691
0.260534
0.259908
0.259674
0.259282
0.258891
0.258578
0.258265
0.258030
0.257482
0.257247
0.256856
0.256464
0.256308
0.255760
0.255290
0.254743
0.254743
0.254351
0.254116
0.254038
0.253568
0.253255
0.252708
0.252551
0.252003
0.251690
0.251455
0.250986
0.250751
0.250359
0.250203
0.249655
0.249342
0.249107
0.248559
0.248246
0.247855
0.247150
0.247307
0.246837
0.246759
0.246368
0.245820
0.245350
0.245194
0.244959
0.244567
0.244098
0.243706
0.243550
0.243159
0.242924
0.242454
0.242376
0.241985
0.241828
0.241124
0.240889
0.240810
0.240028
0.239871
0.239480
0.238854
0.238541
0.238384
0.237836
0.237445
0.237367
0.236975
0.236662
0.236349
0.235879
0.235253
0.235097
0.234627
0.234314
0.233923
0.233453
0.233297
0.232827
0.232592
0.232592
0.231809
0.231653
0.231183
0.230870
0.230557
0.230009
0.229696
0.229227
0.228992
0.228992
0.228522
0.228053
0.227426
0.227113
0.226800
0.226487
0.226174
0.225861
0.225470
0.225157
0.224922
0.224374
0.223904
0.223435
0.223435
0.223043
0.222808
0.222574
0.222104
0.221634
0.221556
0.221087
0.220460
0.220069
0.219991
0.219286
0.218973
0.219051
0.218504
0.218425
0.217877
0.217721
0.217095
0.216703
0.216625
0.216156
0.215842
0.215138
0.215373
0.214903
0.214277
0.214042
0.213338
0.212868
0.212946
0.212477
0.212320
0.211851
0.211303
0.211146
0.210833
0.210207
0.209737
0.209268
0.208955
0.208485
0.208094
0.208015
0.207624
0.207233
0.207154
0.206372
0.206059
0.205980
0.205198
0.204963
0.204885
0.204415
0.204024
0.203632
0.203241
0.202850
0.202458
0.202145
0.201754
0.201676
0.201284
0.200580
0.200267
0.199954
0.199328
0.198858
0.198623
0.198310
0.197684
0.197527
0.197136
0.196823
0.196588
0.196197
0.195414
0.195023
0.194553
0.194318
0.194240
0.193849
0.193536
0.193066
0.192518
0.192283
0.191735
0.191344
0.191266
0.190561
0.190561
0.189935
0.189779
0.189387
0.188839
0.188605
0.188057
0.187509
0.187352
0.186726
0.186256
0.186256
0.185787
0.185552
0.185082
0.184691
0.184065
0.183752
0.183752
0.183360
0.182891
0.182656
0.182265
0.181873
0.181325
0.181091
0.180386
0.180151
0.179760
0.179447
0.179134
0.178821
0.178586
0.178116
0.177725
0.177255
0.176786
0.176551
0.176316
0.175847
0.175533
0.175377
0.174751
0.174673
0.174203
0.173890
0.173420
0.173107
0.172872
0.172481
0.172324
0.171777
0.171620
0.171620
0.170602
0.170368
0.169976
0.169663
0.169115
0.168881
0.168646
0.168020
0.167785
0.167550
0.167159
0.166689
0.166532
0.166063
0.165671
0.165202
0.165124
0.164341
0.164184
0.163871
0.163480
0.163167
0.162932
0.162149
0.162228
0.162149
0.161680
0.160584
0.160427
0.160349
0.159801
0.159097
0.158862
0.158392
0.158236
0.157923
0.157610
0.157062
0.156670
0.156201
0.155966
0.155653
0.155027
0.154714
0.154557
0.154166
0.153618
0.153461
0.152992
0.152600
0.152209
0.152053
0.151583
0.151583
0.151035
0.150879
0.150252
0.150018
0.149626
0.149157
0.148765
0.148452
0.148139
0.147591
0.147435
0.147043
0.146730
0.146182
0.146026
0.145556
0.145165
0.144695
0.144460
0.143991
0.143678
0.143443
0.142738
0.142582
0.142347
0.141956
0.141408
0.140782
0.140469
0.140077
0.139686
0.139138
0.138668
0.138434
0.138199
0.137964
0.137181
0.137103
0.136868
0.136399
0.136007
0.135225
0.134990
0.134755
0.134598
0.133972
0.133581
0.133190
0.133190
0.132955
0.132094
0.131702
0.131702
0.131311
0.130841
0.130528
0.130215
0.129902
0.129667
0.129120
0.128963
0.128102
0.127632
0.127319
0.127163
0.126693
0.126224
0.125910
0.125676
0.125519
0.124971
0.124580
0.124267
0.124032
0.123641
0.123014
0.122701
0.122388
0.122232
0.121606
0.121136
0.120040
0.119805
0.119258
0.119571
0.118866
0.118631
0.118240
0.117770
0.117457
0.117066
0.116596
0.116127
0.115970
0.115266
0.115109
0.114483
0.114248
0.113779
0.113700
0.112918
0.112448
0.112213
0.111744
0.111431
0.111117
0.110961
0.110570
0.110022
0.109161
0.108691
0.108378
0.108300
0.107987
0.107517
0.107439
0.106656
0.106265
0.106108
0.105639
0.105247
0.104465
0.104151
0.104073
0.103604
0.103447
0.103134
0.102508
0.101960
0.101490
0.100786
0.100551
0.100551
0.100003
0.099690
0.099455
0.099299
0.098594
0.097890
0.097264
0.096872
0.096559
0.096168
0.096011
0.095620
0.095150
0.094524
0.094211
0.093742
0.093507
0.092881
0.092568
0.092176
0.092176
0.091941
0.091628
0.091002
0.090767
0.089750
0.089437
0.089437
0.088811
0.088263
0.088028
0.088106
0.087480
0.087167
0.086854
0.086619
0.085601
0.085132
0.084897
0.084427
0.084427
0.084114
0.083880
0.083175
0.082784
0.082314
0.081610
0.081297
0.081297
0.080905
0.080357
0.080123
0.079575
0.078792
0.078557
0.078322
0.077853
0.077305
0.077070
0.076600
0.076209
0.075818
0.075661
0.075113
0.074644
0.074096
0.073470
0.073000
0.072922
0.072687
0.072296
0.071748
0.071356
0.071435
0.070652
0.069869
0.069634
0.069321
0.068695
0.068539
0.068382
0.067913
0.067443
0.067286
0.066582
0.066269
0.065799
0.065330
0.065173
0.064782
0.064390
0.063921
0.063608
0.063295
0.062903
0.062121
0.061260
0.061416
0.061338
0.060947
0.060007
0.059851
0.059303
0.058990
0.058364
0.057737
0.057581
0.057033
0.057111
0.056642
0.056407
0.055781
0.055546
0.055076
0.054372
0.053902
0.053824
0.053354
0.052806
0.052650
0.052259
0.052102
0.051867
0.051319
0.050850
0.050224
0.049597
0.049050
0.048971
0.048736
0.048423
0.047719
0.047328
0.047171
0.046388
0.045919
0.045606
0.045136
0.044745
0.044432
0.044119
0.043492
0.043179
0.043023
0.042475
0.041927
0.041379
0.041301
0.040988
0.040518
0.039735
0.039266
0.038953
0.038640
0.038013
0.037700
0.037152
0.036761
0.036370
0.035900
0.035822
0.035274
0.034883
0.034413
0.034022
0.033552
0.033161
0.032691
0.032378
0.031830
0.031361
0.031204
0.030734
0.030421
0.029952
0.029639
0.028856
0.028386
0.028151
0.027917
0.027290
0.026743
0.026821
0.026038
0.025725
0.025490
0.024942
0.024551
0.024003
0.023768
0.023299
0.022594
0.022281
0.021890
0.021655
0.021185
0.020559
0.020090
0.019777
0.019464
0.018837
0.018446
0.017820
0.017585
0.017037
0.016489
0.016254
0.015707
0.015080
0.014924
0.014846
0.014219
0.013985
0.013202
0.012576
0.012263
0.012028
0.011480
0.010932
0.010541
0.010149
0.009602
0.009054
0.008506
0.008114
0.007880
0.007253
0.006940
0.006627
0.005923
0.005766
0.005375
0.004749
0.004123
0.003575
0.003496
0.003183
0.002479
0.002088
0.001696
0.001461
0.001070
0.000209
0.000209
-0.000260
-0.000730
-0.001278
-0.001591
-0.001904
-0.002452
-0.002530
-0.003235
-0.003783
-0.004487
-0.004800
-0.005270
-0.005739
-0.006052
-0.006287
-0.006522
-0.006835
-0.007618
-0.008479
-0.008557
-0.009105
-0.009731
-0.010201
-0.010592
-0.010905
-0.011531
-0.011531
-0.012157
-0.012862
-0.013410
-0.013645
-0.013879
-0.014506
-0.014897
-0.015210
-0.015758
-0.016306
-0.016932
-0.017323
-0.018184
-0.018184
-0.018341
-0.018654
-0.019202
-0.019828
-0.020141
-0.020767
-0.021080
-0.022019
-0.022333
-0.022959
-0.023428
-0.023820
-0.024446
-0.024681
-0.024837
-0.025463
-0.026090
-0.026872
-0.027029
-0.027264
-0.027968
-0.028359
-0.028751
-0.029377
-0.029846
-0.030238
-0.030786
-0.031490
-0.031960
-0.032508
-0.032742
-0.033290
-0.033603
-0.034230
-0.034699
-0.035091
-0.035482
-0.036343
-0.037204
-0.037282
-0.037752
-0.038300
-0.038456
-0.039161
-0.039787
-0.040022
-0.040726
-0.041430
-0.042213
-0.042526
-0.043152
-0.043387
-0.043622
-0.044326
-0.044953
-0.045266
-0.045813
-0.046596
-0.047066
-0.047379
-0.047849
-0.048005
-0.048866
-0.048866
-0.049492
-0.050118
-0.050588
-0.051605
-0.051919
-0.052388
-0.052858
-0.052936
-0.053562
-0.054188
-0.054736
-0.055049
-0.055519
-0.056536
-0.057241
-0.057476
-0.057554
-0.058024
-0.058963
-0.059432
-0.059824
-0.060293
-0.060920
-0.061702
-0.062094
-0.062720
-0.062955
-0.063189
-0.063737
-0.064207
-0.064833
-0.065459
-0.065851
-0.066790
-0.067103
-0.067494
-0.067964
-0.068042
-0.068825
-0.069060
-0.069764
-0.070312
-0.071016
-0.071721
-0.072190
-0.073286
-0.073364
-0.073364
-0.073991
-0.074539
-0.074852
-0.075556
-0.075947
-0.076730
-0.077591
-0.078061
-0.078452
-0.078530
-0.079156
-0.079704
-0.080409
-0.080878
-0.081113
-0.082052
-0.083148
-0.083305
-0.083774
-0.084400
-0.084792
-0.085261
-0.085809
-0.086122
-0.086827
-0.087218
-0.087844
-0.088627
-0.089331
-0.089723
-0.090114
-0.090349
-0.090975
-0.091680
-0.092227
-0.092854
-0.093323
-0.093793
-0.094497
-0.094967
-0.095358
-0.095750
-0.096298
-0.096924
-0.097550
-0.098176
-0.099115
-0.099820
-0.100368
-0.100759
-0.101150
-0.101620
-0.102011
-0.102403
-0.103029
-0.103733
-0.104359
-0.105220
-0.105768
-0.105925
-0.106473
-0.107099
-0.107490
-0.107881
-0.108429
-0.109290
-0.109682
-0.110699
-0.111012
-0.111717
-0.112030
-0.112578
-0.112891
-0.113517
-0.114378
-0.114613
-0.115474
-0.116178
-0.116648
-0.117039
-0.117430
-0.118057
-0.118683
-0.119544
-0.120170
-0.120874
-0.121500
-0.122127
-0.122596
-0.123144
-0.123692
-0.124005
-0.124631
-0.124709
-0.125727
-0.126040
-0.126431
-0.127214
-0.128075
-0.128623
-0.129093
-0.129249
-0.129875
-0.130423
-0.130736
-0.131597
-0.132380
-0.132928
-0.133710
-0.134180
-0.134650
-0.135511
-0.135432
-0.136293
-0.136763
-0.137389
-0.137780
-0.138172
-0.139268
-0.139737
-0.140442
-0.140755
-0.141224
-0.141616
-0.142398
-0.142946
-0.143651
-0.144355
-0.144668
-0.145451
-0.145842
-0.146547
-0.146938
-0.147408
-0.148034
-0.148582
-0.149678
-0.150069
-0.150773
-0.151165
-0.151556
-0.152026
-0.152887
-0.153434
-0.153669
-0.154374
-0.154843
-0.155704
-0.155939
-0.156957
-0.157348
-0.157974
-0.158600
-0.158679
-0.159070
-0.159853
-0.161105
-0.161731
-0.162357
-0.162905
-0.163218
-0.163844
-0.164314
-0.164705
-0.165018
-0.165331
-0.166036
-0.166819
-0.167523
-0.167836
-0.168306
-0.168932
-0.169480
-0.170262
-0.170576
-0.171123
-0.171437
-0.171984
-0.172611
-0.173315
-0.173628
-0.174176
-0.175037
-0.175585
-0.176211
-0.175976
-0.176759
-0.177542
-0.178011
-0.178716
-0.179029
-0.179342
-0.180046
-0.180751
-0.181299
-0.182003
-0.182316
-0.182629
-0.183647
-0.184116
-0.184899
-0.185212
-0.185447
-0.186073
-0.186777
-0.187325
-0.187638
-0.188265
-0.188969
-0.189908
-0.190456
-0.190691
-0.191082
-0.191787
-0.192021
-0.192491
-0.193039
-0.193509
-0.193822
-0.194448
-0.195387
-0.195387
-0.196170
-0.196718
-0.197031
-0.197579
-0.197813
-0.198127
-0.198987
-0.199770
-0.200788
-0.200866
-0.201492
-0.201805
-0.202588
-0.203214
-0.203527
-0.203918
-0.204779
-0.205171
-0.205640
-0.206345
-0.206814
-0.206893
-0.207441
-0.207832
-0.208458
-0.208536
-0.209006
-0.209945
-0.210571
-0.210884
-0.211511
-0.211824
-0.212137
-0.212763
-0.213076
-0.213467
-0.214015
-0.214407
-0.214876
-0.215659
-0.215894
-0.216285
-0.216598
-0.216833
-0.217381
-0.217850
-0.218555
-0.218555
-0.218946
-0.219886
-0.220590
-0.221060
-0.221216
-0.221607
-0.222077
-0.222390
-0.222703
-0.223173
-0.223721
-0.224034
-0.224582
-0.225286
-0.225677
-0.225677
-0.225912
-0.226382
-0.226852
-0.227243
-0.227556
-0.227947
-0.228495
-0.229121
-0.229748
-0.230061
-0.230217
-0.230608
-0.230922
-0.231156
-0.231626
-0.232096
-0.232252
-0.232643
-0.233504
-0.233739
-0.233896
-0.234131
-0.234522
-0.234913
-0.235148
-0.235461
-0.235853
-0.236322
-0.236870
-0.237261
-0.237966
-0.237809
-0.237966
-0.238357
-0.238592
-0.238983
-0.239531
-0.239766
-0.240236
-0.241097
-0.241175
-0.241410
-0.241879
-0.242192
-0.242584
-0.242662
-0.243053
-0.243288
-0.243523
-0.243993
-0.244462
-0.244854
-0.245010
-0.245245
-0.245323
-0.245636
-0.246028
-0.246262
-0.246419
-0.246967
-0.247436
-0.247593
-0.247671
-0.247906
-0.248376
-0.248689
-0.248845
-0.249158
-0.249550
-0.249628
-0.249706
-0.250254
-0.250489
-0.250567
-0.250880
-0.251272
-0.251428
-0.251193
-0.251898
-0.251898
-0.252367
-0.252524
-0.252994
-0.253150
-0.253385
-0.253620
-0.253776
-0.253776
-0.254168
-0.254168
-0.254402
-0.254872
-0.255185
-0.255029
-0.255342
-0.255498
-0.255811
-0.255811
-0.255968
-0.256281
-0.256594
-0.256751
-0.257064
-0.257455
-0.257455
-0.257925
-0.257925
-0.258081
-0.258003
-0.258394
-0.258316
-0.258786
-0.259255
-0.259255
-0.259255
-0.259725
-0.259881
-0.260116
-0.260038
-0.260508
-0.260586
-0.260508
-0.260429
-0.260977
-0.260899
-0.261447
-0.261447
-0.261603
-0.261838
-0.261995
-0.262464
-0.262464
-0.262308
-0.262464
-0.262621
-0.262856
-0.263325
-0.263247
-0.263325
-0.263482
-0.263404
-0.263638
-0.263404
-0.263560
-0.263795
-0.264030
-0.263717
-0.264108
-0.264264
-0.264421
-0.264264
-0.264891
-0.264891
-0.264812
-0.264656
-0.265047
-0.264891
-0.265204
-0.265360
-0.265595
-0.265908
-0.265986
-0.266065
-0.265986
-0.266221
-0.266221
-0.266691
-0.266613
-0.266613
-0.266926
-0.267004
-0.267082
-0.267317
-0.267082
-0.267395
-0.267630
-0.267474
-0.267474
-0.267630
-0.267474
-0.267630
-0.267943
-0.268335
-0.268335
-0.268648
-0.268569
-0.268804
-0.268648
-0.268882
-0.268882
-0.269039
-0.269274
-0.269195
-0.269665
-0.269665
-0.269900
-0.270135
-0.269900
-0.270056
-0.269900
-0.270056
-0.270135
-0.270370
-0.270370
-0.270604
-0.270683
-0.271152
-0.271309
-0.271465
-0.271622
-0.271544
-0.271622
-0.271622
-0.271622
-0.272091
-0.272248
-0.272248
-0.272326
-0.272483
-0.272483
-0.272639
-0.272874
-0.272952
-0.272561
-0.272796
-0.273109
-0.273344
-0.273266
-0.273500
-0.273735
-0.273422
-0.273422
-0.273892
-0.273892
-0.273970
-0.274048
-0.274205
-0.274361
-0.274518
-0.274361
-0.274674
-0.274909
-0.274987
-0.274831
-0.275144
-0.275066
-0.275301
-0.275535
-0.275692
-0.275770
-0.275770
-0.275614
-0.276005
-0.276083
-0.275770
-0.276161
-0.276318
-0.276631
-0.276788
-0.277179
-0.277257
-0.277492
-0.277336
-0.277570
-0.277649
-0.277570
-0.277727
-0.277962
-0.278197
-0.278040
-0.278197
-0.278353
-0.278431
-0.278901
-0.278666
-0.278744
-0.279057
-0.278979
-0.279449
-0.279136
-0.279605
-0.279684
-0.279918
-0.280153
-0.280232
-0.280466
-0.280858
-0.281014
-0.281014
-0.281171
-0.281327
-0.281327
-0.281562
-0.281406
-0.281640
-0.281875
-0.282188
-0.282267
-0.282423
-0.282658
-0.282736
-0.282658
-0.282971
-0.283128
-0.283206
-0.283675
-0.283441
-0.283597
-0.284067
-0.284145
-0.284145
-0.284223
-0.284380
-0.284458
-0.284458
-0.284928
-0.285241
-0.285554
-0.285632
-0.285945
-0.285789
-0.286023
-0.286102
-0.286258
-0.286415
-0.286493
-0.286493
-0.286806
-0.287276
-0.287041
-0.287354
-0.287432
-0.287354
-0.287980
-0.287824
-0.287902
-0.288058
-0.288450
-0.288450
-0.288998
-0.288919
-0.288841
-0.289154
-0.289389
-0.289702
-0.289546
-0.289780
-0.290015
-0.290172
-0.290563
-0.290485
-0.290720
-0.291033
-0.290954
-0.291111
-0.291346
-0.291502
-0.291581
-0.291581
-0.291737
-0.292442
-0.292598
-0.292755
-0.292755
-0.293068
-0.293303
-0.293537
-0.293694
-0.293694
-0.293694
-0.294164
-0.294398
-0.294555
-0.294633
-0.294633
-0.294790
-0.295103
-0.295259
-0.295416
-0.295572
-0.295729
-0.295964
-0.296120
-0.296277
-0.296668
-0.296668
-0.297060
-0.297373
-0.297451
-0.297529
-0.298077
-0.297842
-0.298234
-0.298468
-0.298390
-0.298703
-0.298781
-0.299016
-0.299486
-0.299877
-0.299721
-0.299956
-0.299877
-0.300269
-0.300425
-0.300582
-0.300738
-0.300816
-0.300895
-0.301599
-0.301443
-0.301677
-0.301834
-0.302382
-0.302147
-0.302538
-0.302695
-0.303086
-0.303086
-0.303399
-0.303712
-0.303712
-0.304026
-0.304260
-0.304495
-0.304573
-0.304573
-0.304730
-0.304965
-0.304965
-0.305278
-0.305513
-0.305747
-0.306061
-0.306374
-0.306608
-0.306922
-0.306843
-0.307156
-0.307235
-0.307469
-0.307939
-0.307704
-0.307861
-0.308409
-0.308800
-0.308722
-0.309270
-0.309191
-0.309270
-0.309661
-0.309739
-0.309896
-0.310052
-0.310444
-0.310992
-0.311226
-0.311461
-0.311774
-0.311618
-0.311853
-0.312322
-0.312166
-0.312557
-0.313183
-0.313027
-0.313340
-0.313418
-0.313809
-0.313653
-0.313966
-0.314357
-0.314592
-0.314357
-0.314592
-0.315140
-0.315375
-0.315688
-0.315844
-0.316001
-0.316079
-0.316314
-0.316470
-0.317097
-0.317018
-0.317175
-0.317488
-0.317723
-0.318271
-0.318897
-0.318740
-0.318975
-0.319053
-0.319288
-0.319445
-0.319523
-0.319914
-0.319993
-0.320227
-0.320932
-0.321167
-0.321480
-0.321558
-0.321715
-0.321949
-0.321871
-0.322184
-0.322810
-0.322889
-0.322967
-0.323358
-0.323515
-0.323750
-0.324063
-0.324454
-0.324924
-0.324767
-0.325080
-0.325237
-0.325471
-0.325941
-0.325863
-0.325863
-0.326567
-0.327193
-0.327037
-0.327115
-0.327506
-0.327350
-0.327820
-0.328133
-0.328289
-0.328524
-0.328837
-0.329072
-0.329463
-0.329776
-0.329776
-0.330168
-0.330246
-0.330481
-0.330872
-0.330950
-0.331342
-0.331107
-0.331733
-0.332046
-0.332124
-0.332594
-0.333064
-0.333533
-0.333533
-0.333533
-0.333925
-0.334238
-0.334786
-0.335099
-0.335333
-0.335490
-0.335881
-0.336116
-0.336508
-0.336899
-0.337055
-0.337055
-0.337212
-0.337525
-0.337525
-0.337916
-0.338151
-0.338386
-0.338621
-0.339169
-0.339325
-0.339482
-0.339717
-0.339795
-0.340264
-0.340969
-0.340969
-0.341360
-0.341517
-0.341752
-0.341986
-0.342299
-0.342534
-0.342534
-0.342926
-0.343239
-0.343474
-0.343630
-0.344100
-0.344491
-0.344882
-0.344961
-0.345274
-0.345509
-0.345665
-0.345822
-0.346135
-0.346448
-0.346761
-0.347152
-0.347387
-0.347465
-0.347778
-0.348248
-0.348326
-0.348796
-0.348639
-0.349187
-0.349422
-0.349500
-0.350048
-0.350048
-0.350831
-0.351066
-0.351379
-0.351848
-0.351692
-0.352318
-0.352553
-0.352631
-0.352944
-0.353179
-0.353805
-0.353805
-0.354040
-0.354275
-0.354823
-0.355057
-0.354979
-0.355527
-0.355840
-0.356153
-0.356153
-0.356388
-0.356858
-0.357171
-0.357640
-0.357640
-0.357953
-0.358267
-0.358658
-0.358893
-0.358736
-0.359284
-0.359832
-0.359519
-0.360145
-0.360615
-0.361006
-0.360849
-0.361710
-0.361632
-0.362102
-0.362493
-0.362728
-0.363198
-0.363041
-0.363276
-0.363589
-0.363980
-0.364606
-0.364919
-0.364841
-0.365154
-0.365467
-0.365702
-0.366328
-0.366641
-0.367189
-0.367111
-0.367581
-0.367737
-0.367972
-0.368207
-0.368442
-0.368520
-0.368833
-0.369381
-0.369694
-0.369929
-0.369929
-0.370711
-0.370633
-0.370946
-0.371416
-0.371729
-0.371885
-0.372277
-0.372355
-0.372433
-0.372981
-0.373216
-0.373607
-0.373607
-0.374077
-0.374312
-0.374703
-0.375016
-0.375329
-0.375642
-0.375877
-0.376190
-0.376347
-0.376660
-0.376895
-0.377051
-0.377208
-0.377599
-0.377990
-0.378382
-0.378617
-0.378930
-0.379243
-0.379399
-0.379634
-0.379947
-0.380339
-0.380573
-0.380730
-0.381121
-0.381200
-0.381826
-0.382061
-0.381904
-0.382765
-0.382921
-0.383313
-0.383469
-0.383782
-0.384096
-0.384252
-0.384643
-0.384800
-0.385113
-0.385583
-0.385817
-0.385817
-0.386131
-0.386444
-0.386757
-0.387305
-0.387696
-0.387852
-0.388400
-0.388792
-0.389183
-0.388948
-0.389731
-0.389888
-0.390044
-0.390357
-0.390514
-0.390827
-0.391218
-0.391531
-0.392001
-0.392236
-0.392627
-0.393018
-0.393097
-0.393097
-0.393410
-0.393644
-0.394036
-0.394349
-0.394505
-0.394975
-0.395132
-0.395445
-0.395914
-0.396071
-0.396619
-0.396540
-0.396854
-0.397088
-0.397245
-0.397793
-0.397793
-0.398341
-0.398732
-0.398810
-0.399436
-0.399436
-0.399436
-0.400297
-0.400297
-0.400610
-0.401080
-0.401471
-0.401628
-0.402254
-0.402645
-0.402567
-0.403272
-0.403506
-0.403663
-0.403976
-0.404054
-0.404211
-0.404367
-0.404915
-0.405620
-0.405463
-0.406089
-0.406246
-0.406559
-0.406794
-0.407185
-0.407498
-0.407655
-0.408046
-0.408124
-0.408281
-0.408907
-0.409142
-0.409690
-0.409925
-0.410316
-0.410864
-0.410864
-0.411177
-0.411568
-0.411881
-0.412116
-0.412429
-0.412742
-0.413134
-0.413368
-0.413760
-0.413603
-0.414229
-0.414542
-0.414542
-0.415247
-0.415403
-0.415717
-0.416108
-0.415951
-0.416499
-0.416891
-0.417125
-0.417360
-0.417673
-0.418065
-0.418143
-0.418299
-0.418691
-0.418691
-0.419317
-0.419708
-0.420021
-0.420256
-0.420804
-0.421508
-0.421587
-0.421587
-0.421978
-0.422213
-0.422839
-0.422917
-0.423387
-0.423622
-0.423700
-0.424091
-0.424639
-0.424796
-0.425187
-0.425500
-0.425657
-0.426126
-0.426518
-0.426596
-0.426831
-0.427614
-0.427927
-0.428083
-0.428318
-0.428709
-0.429101
-0.429101
-0.429492
-0.429883
-0.430196
-0.430510
-0.430666
-0.431214
-0.431449
-0.431918
-0.432388
-0.432466
-0.432779
-0.433171
-0.433171
-0.433484
-0.433797
-0.434266
-0.434501
-0.434893
-0.435206
-0.435910
-0.435910
-0.436301
-0.436615
-0.436849
-0.437084
-0.437476
-0.437632
-0.437789
-0.438023
-0.438571
-0.438963
-0.439276
-0.439667
-0.440058
-0.440058
-0.440685
-0.441389
-0.441311
-0.441859
-0.442015
-0.442641
-0.443189
-0.443267
-0.443737
-0.443815
-0.444285
-0.444676
-0.444598
-0.444911
-0.445068
-0.445381
-0.445459
-0.446085
-0.446477
-0.446320
-0.447024
-0.447416
-0.447651
-0.447964
-0.448355
-0.448512
-0.448746
-0.448903
-0.449373
-0.449607
-0.449764
-0.450390
-0.450547
-0.451016
-0.451329
-0.451486
-0.452034
-0.452347
-0.452660
-0.453051
-0.453364
-0.453599
-0.453912
-0.454147
-0.454538
-0.454930
-0.455243
-0.455243
-0.455712
-0.456260
-0.456025
-0.456339
-0.457043
-0.457356
-0.457591
-0.457982
-0.458608
-0.458687
-0.459156
-0.459313
-0.459626
-0.459782
-0.459782
-0.460252
-0.460722
-0.460956
-0.461661
-0.461896
-0.462209
-0.462365
-0.462835
-0.463226
-0.463305
-0.463852
-0.463931
-0.464557
-0.464870
-0.465418
-0.465653
-0.466044
-0.466357
-0.466670
-0.466748
-0.466983
-0.467531
-0.467844
-0.467922
-0.468314
-0.468392
-0.468940
-0.469175
-0.469566
-0.469723
-0.470036
-0.470427
-0.470818
-0.470975
-0.471601
-0.471679
-0.471993
-0.472227
-0.472697
-0.473010
-0.473401
-0.473636
-0.474106
-0.474262
-0.474497
-0.474810
-0.475123
-0.475671
-0.475984
-0.476297
-0.476532
-0.477080
-0.477080
-0.477628
-0.477706
-0.478098
-0.478567
-0.478802
-0.479115
-0.479428
-0.479585
-0.480054
-0.480446
-0.480759
-0.481463
-0.481620
-0.481933
-0.482402
-0.482402
-0.482794
-0.482950
-0.483498
-0.483420
-0.484046
-0.484359
-0.484829
-0.485611
-0.485611
-0.485377
-0.485925
-0.486159
-0.486629
-0.486864
-0.487333
-0.487490
-0.487646
-0.488116
-0.488429
-0.488899
-0.489212
-0.489447
-0.489838
-0.490151
-0.490308
-0.490856
-0.491012
-0.491403
-0.491795
-0.492030
-0.492499
-0.492577
-0.492577
-0.493204
-0.493752
-0.493673
-0.494299
-0.494691
-0.494769
-0.495082
-0.495473
-0.495395
-0.496021
-0.496413
-0.496569
-0.497039
-0.497430
-0.497743
-0.497822
-0.498448
-0.498604
-0.499230
-0.499387
-0.499622
-0.499700
-0.500248
-0.500718
-0.501109
-0.501422
-0.501813
-0.502126
-0.502439
-0.502987
-0.503300
-0.503535
-0.503848
-0.504005
-0.504318
-0.504474
-0.504866
-0.505335
-0.505570
-0.505492
-0.506118
-0.506666
-0.506901
-0.507370
-0.507605
-0.507840
-0.508153
-0.508623
-0.508779
-0.509092
-0.509171
-0.509405
-0.509875
-0.510188
-0.510580
-0.510814
-0.511519
-0.511832
-0.512145
-0.512301
-0.512380
-0.513084
-0.513476
-0.513554
-0.514102
-0.514415
-0.514493
-0.514806
-0.515041
-0.515432
-0.515511
-0.515589
-0.516293
-0.516841
-0.516841
-0.517311
-0.517624
-0.517937
-0.518485
-0.518563
-0.518641
-0.518954
-0.519502
-0.519894
-0.519972
-0.520363
-0.520520
-0.520989
-0.521381
-0.521694
-0.522320
-0.522633
-0.522790
-0.522790
-0.523103
-0.523494
-0.523964
-0.524042
-0.524512
-0.524825
-0.525294
-0.525920
-0.525764
-0.526468
-0.526468
-0.526938
-0.527251
-0.527329
-0.527642
-0.527721
-0.528268
-0.528503
-0.528816
-0.529443
-0.529834
-0.530382
-0.530382
-0.530930
-0.531008
-0.531243
-0.531791
-0.531712
-0.532104
-0.532339
-0.532652
-0.533356
-0.533356
-0.533982
-0.534295
-0.534687
-0.534687
-0.535313
-0.535626
-0.535704
-0.536095
-0.536643
-0.536800
-0.537191
-0.537739
-0.538130
-0.538365
-0.538835
-0.539226
-0.539305
-0.539696
-0.539852
-0.540322
-0.540792
-0.541026
-0.541183
-0.541731
-0.541887
-0.542435
-0.542592
-0.542670
-0.542827
-0.543531
-0.543922
-0.544079
-0.544392
-0.544549
-0.544940
-0.545253
-0.545644
-0.546192
-0.546427
-0.546897
-0.547132
-0.547679
-0.547992
-0.548149
-0.548306
-0.548462
-0.548775
-0.549167
-0.549714
-0.549793
-0.550106
-0.550419
-0.550575
-0.551123
-0.551515
-0.552063
-0.552141
-0.552532
-0.553002
-0.553158
-0.553393
-0.553863
-0.554332
-0.554489
-0.554958
-0.555272
-0.555350
-0.555819
-0.556446
-0.556837
-0.556994
-0.557072
-0.557620
-0.557541
-0.558246
-0.558715
-0.558872
-0.559420
-0.559811
-0.559889
-0.560203
-0.560594
-0.560672
-0.561220
-0.561611
-0.562081
-0.562316
-0.562472
-0.563177
-0.563412
-0.563725
-0.564038
-0.564351
-0.564351
-0.564820
-0.565055
-0.565290
-0.565603
-0.566229
-0.566856
-0.566777
-0.567247
-0.567795
-0.568108
-0.568264
-0.568030
-0.568812
-0.569047
-0.569360
-0.569438
-0.569986
-0.570456
-0.570926
-0.570926
-0.571239
-0.571630
-0.571943
-0.572334
-0.572413
-0.572961
-0.573430
-0.573274
-0.573822
-0.574369
-0.574917
-0.575152
-0.575543
-0.575857
-0.575935
-0.576248
-0.576639
-0.576796
-0.577031
-0.577265
-0.577578
-0.577892
-0.578674
-0.578753
-0.578831
-0.579457
-0.579770
-0.579770
-0.580396
-0.580709
-0.581179
-0.581414
-0.581414
-0.582118
-0.582509
-0.582666
-0.583214
-0.583605
-0.583918
-0.583997
-0.584388
-0.584544
-0.585092
-0.585249
-0.585640
-0.585953
-0.586423
-0.586579
-0.587049
-0.587284
-0.587519
-0.587988
-0.588380
-0.588771
-0.588693
-0.589006
-0.589319
-0.589632
-0.590180
-0.590336
-0.590728
-0.591197
-0.591589
-0.591589
-0.592371
-0.592215
-0.592528
-0.592919
-0.593076
-0.593311
-0.593624
-0.594250
-0.594485
-0.595033
-0.595189
-0.595815
-0.595894
-0.596128
-0.596520
-0.596833
-0.596911
-0.597224
-0.597381
-0.597694
-0.598398
-0.598555
-0.598946
-0.599181
-0.599807
-0.599807
-0.600355
-0.600590
-0.600746
-0.601451
-0.601372
-0.601842
-0.602625
-0.602390
-0.602938
-0.603486
-0.603799
-0.604034
-0.604503
-0.604816
-0.604973
-0.605208
-0.605364
-0.605912
-0.606147
-0.606538
-0.607008
-0.607321
-0.607869
-0.608104
-0.608338
-0.608965
-0.608808
-0.609591
-0.609669
-0.609904
-0.610452
-0.610843
-0.611156
-0.611391
-0.611861
-0.612095
-0.612409
-0.612722
-0.613035
-0.613035
-0.613583
-0.613974
-0.614052
-0.614287
-0.614522
-0.615070
-0.614991
-0.615383
-0.616087
-0.616165
-0.616635
-0.616870
-0.617418
-0.617653
-0.617966
-0.618592
-0.618827
-0.619061
-0.619140
-0.619453
-0.619688
-0.620157
-0.620470
-0.621096
-0.621331
-0.621723
-0.622036
-0.622114
-0.622114
-0.622740
-0.623210
-0.623210
-0.623758
-0.624462
-0.624619
-0.624775
-0.625088
-0.625558
-0.625323
-0.625871
-0.626184
-0.626497
-0.627045
-0.627202
-0.627436
-0.627984
-0.628141
-0.628610
-0.628610
-0.629002
-0.629471
-0.629628
-0.629941
-0.630411
-0.630802
-0.630958
-0.631115
-0.631898
-0.631898
-0.632211
-0.632524
-0.632993
-0.633463
-0.633620
-0.633933
-0.634324
-0.634637
-0.634950
-0.635185
-0.635342
-0.635655
-0.636124
-0.636281
-0.636359
-0.636750
-0.637455
-0.637611
-0.638081
-0.638316
-0.638707
-0.638707
-0.639099
-0.639568
-0.639490
-0.640038
-0.640664
-0.640899
-0.640977
-0.641603
-0.642229
-0.642386
-0.642542
-0.642464
-0.643090
-0.643169
-0.643795
-0.644186
-0.644186
-0.644812
-0.644890
-0.645360
-0.645517
-0.646065
-0.646143
-0.646534
-0.646847
-0.647473
-0.647317
-0.647630
-0.648100
-0.648413
-0.648804
-0.649117
-0.649508
-0.649665
-0.650135
-0.650213
-0.650839
-0.650917
-0.651465
-0.651622
-0.651856
-0.652483
-0.652717
-0.652952
-0.653265
-0.653813
-0.654361
-0.654518
-0.654752
-0.655066
-0.655379
-0.655535
-0.655692
-0.656631
-0.656474
-0.657022
-0.657179
-0.657727
-0.658040
-0.658353
-0.658744
-0.659214
-0.659292
-0.659840
-0.659683
-0.660075
-0.660466
-0.660858
-0.661562
-0.661718
-0.661875
-0.662345
-0.662658
-0.662736
-0.663127
-0.663362
-0.663519
-0.664145
-0.664301
-0.664536
-0.665162
-0.665397
-0.665867
-0.665945
-0.666336
-0.666806
-0.666884
-0.667432
-0.667589
-0.667902
-0.668528
-0.668763
-0.668998
-0.669702
-0.669780
-0.669937
-0.670485
-0.670720
-0.671111
-0.671424
-0.671894
-0.672128
-0.672285
-0.672911
-0.672989
-0.673381
-0.673459
-0.673929
-0.674398
-0.675103
-0.675259
-0.675572
-0.675572
-0.676042
-0.676355
-0.676590
-0.676981
-0.677529
-0.677842
-0.678233
-0.678155
-0.678781
-0.679251
-0.679564
-0.679799
-0.680112
-0.680425
-0.680973
-0.681286
-0.681834
-0.681912
-0.682382
-0.682460
-0.682930
-0.683164
-0.683556
-0.683791
-0.684104
-0.684417
