-0.542905
-0.543531
-0.543531
-0.543766
-0.544236
-0.544157
-0.544705
-0.545253
-0.545566
-0.545488
-0.546114
-0.546114
-0.546192
-0.546740
-0.546975
-0.547523
-0.547836
-0.548149
-0.548619
-0.548775
-0.549167
-0.549245
-0.549480
-0.549871
-0.550184
-0.550810
-0.550732
-0.550888
-0.551202
-0.551593
-0.551749
-0.551984
-0.552532
-0.552767
-0.553158
-0.553393
-0.553706
-0.554019
-0.554411
-0.554724
-0.554724
-0.555037
-0.555272
-0.555663
-0.555898
-0.556367
-0.556915
-0.556915
-0.557385
-0.557620
-0.557776
-0.557933
-0.558402
-0.558872
-0.559263
-0.559029
-0.559576
-0.559498
-0.560046
-0.560203
-0.560672
-0.560750
-0.560750
-0.561611
-0.561925
-0.562316
-0.562394
-0.562785
-0.562942
-0.563412
-0.563725
-0.563881
-0.564038
-0.564429
-0.564664
-0.564899
-0.565681
-0.565681
-0.565916
-0.566386
-0.566621
-0.566856
-0.566856
-0.566856
-0.567403
-0.567482
-0.568264
-0.568421
-0.568891
-0.569047
-0.569204
-0.569595
-0.569986
-0.570065
-0.570456
-0.570691
-0.571082
-0.571552
-0.571865
-0.571865
-0.572413
-0.572726
-0.572726
-0.572961
-0.573743
-0.573665
-0.574135
-0.574213
-0.574839
-0.574996
-0.575309
-0.575778
-0.575935
-0.576091
-0.576639
-0.576639
-0.577187
-0.577500
-0.577657
-0.577892
-0.578126
-0.578361
-0.578909
-0.578909
-0.579144
-0.579613
-0.580083
-0.580318
-0.580318
-0.580709
-0.581335
-0.581648
-0.581883
-0.582040
-0.582275
-0.582509
-0.583136
-0.583370
-0.583527
-0.583918
-0.584153
-0.584231
-0.584623
-0.584936
-0.585405
-0.585562
-0.585797
-0.586501
-0.586579
-0.586814
-0.586893
-0.587127
-0.587362
-0.587832
-0.587675
-0.588145
-0.588536
-0.589084
-0.589084
-0.589475
-0.589867
-0.590023
-0.590180
-0.590493
-0.590728
-0.591276
-0.591510
-0.592215
-0.592293
-0.592528
-0.592606
-0.593232
-0.593311
-0.593467
-0.593702
-0.594015
-0.594563
-0.594485
-0.595189
-0.595346
-0.595659
-0.596128
-0.596285
-0.596363
-0.596598
-0.596755
-0.596989
-0.597459
-0.597929
-0.597772
-0.598163
-0.598476
-0.598790
-0.598946
-0.599416
-0.599807
-0.600198
-0.600746
-0.600981
-0.601138
-0.601216
-0.601451
-0.602077
-0.602547
-0.602938
-0.603016
-0.603094
-0.603721
-0.604034
-0.604347
-0.604582
-0.604973
-0.605051
-0.605286
-0.605443
-0.605912
-0.606538
-0.606460
-0.606538
-0.607086
-0.607399
-0.607634
-0.608025
-0.608338
-0.608573
-0.608808
-0.609278
-0.609278
-0.609669
-0.610060
-0.610452
-0.610530
-0.610765
-0.611156
-0.611782
-0.612017
-0.612095
-0.612095
-0.612487
-0.612878
-0.612956
-0.613426
-0.613896
-0.613974
-0.613974
-0.614600
-0.614757
-0.615539
-0.615539
-0.615774
-0.616009
-0.616400
-0.617105
-0.616792
-0.617574
-0.617731
-0.617966
-0.618200
-0.618435
-0.618983
-0.618905
-0.618983
-0.619531
-0.620001
-0.620236
-0.620079
-0.620627
-0.621018
-0.621488
-0.621723
-0.621879
-0.622505
-0.622818
-0.622975
-0.623131
-0.623601
-0.623758
-0.623758
-0.624540
-0.624775
-0.625166
-0.625088
-0.625480
-0.626341
-0.626654
-0.626575
-0.627202
-0.627358
-0.627593
-0.627749
-0.627906
-0.628219
-0.628532
-0.629237
-0.629315
-0.629628
-0.629863
-0.630254
-0.630567
-0.631193
-0.631037
-0.631585
-0.631741
-0.632054
-0.632289
-0.632837
-0.632837
-0.633150
-0.633776
-0.634011
-0.634324
-0.634637
-0.634559
-0.635028
-0.635185
-0.635733
-0.636046
-0.636046
-0.636437
-0.636516
-0.636750
-0.637377
-0.637611
-0.637924
-0.638316
-0.638472
-0.638785
-0.639177
-0.639490
-0.639881
-0.640038
-0.640586
-0.640742
-0.640977
-0.641290
-0.641681
-0.641916
-0.641681
-0.642308
-0.642542
-0.642934
-0.643716
-0.643795
-0.644108
-0.644186
-0.644499
-0.644656
-0.645204
-0.645360
-0.645751
-0.645908
-0.646221
-0.647004
-0.647239
-0.647552
-0.647630
-0.647865
-0.648021
-0.647943
-0.648334
-0.648647
-0.649195
-0.649508
-0.649665
-0.649821
-0.650526
-0.650839
-0.650917
-0.651309
-0.651935
-0.651856
-0.652248
-0.652248
-0.652796
-0.653031
-0.653265
-0.653657
-0.653970
-0.654283
-0.654752
-0.655144
-0.655379
-0.655535
-0.655457
-0.655848
-0.656396
-0.656631
-0.656944
-0.657257
-0.657414
-0.657648
-0.658431
-0.658588
-0.658823
-0.659136
-0.659136
-0.659605
-0.659918
-0.660153
-0.660075
-0.660779
-0.661405
-0.661405
-0.661953
-0.661953
-0.662188
-0.662658
-0.662971
-0.663206
-0.663049
-0.663127
-0.663362
-0.663362
-0.663440
-0.663754
-0.663754
-0.663597
-0.663284
-0.663206
-0.662971
-0.663206
-0.662971
-0.662814
-0.662423
-0.662736
-0.662110
-0.662032
-0.661640
-0.661640
-0.661014
-0.660779
-0.660701
-0.660544
-0.660310
-0.659918
-0.659527
-0.659214
-0.658666
-0.658588
-0.658275
-0.658196
-0.657962
-0.657414
-0.656787
-0.656631
-0.656474
-0.656161
-0.655848
-0.655379
-0.655144
-0.654752
-0.654674
-0.654518
-0.653970
-0.653813
-0.653344
-0.652796
-0.652874
-0.652326
-0.652326
-0.652091
-0.651465
-0.651074
-0.650761
-0.650369
-0.650291
-0.649743
-0.649352
-0.649352
-0.648961
-0.648334
-0.647943
-0.647865
-0.647473
-0.647160
-0.646612
-0.646065
-0.646065
-0.645830
-0.645673
-0.645047
-0.644812
-0.644421
-0.644264
-0.643716
-0.643638
-0.643325
-0.643012
-0.642621
-0.641995
-0.641838
-0.641525
-0.641055
-0.640820
-0.640038
-0.639959
-0.639803
-0.639177
-0.639255
-0.638942
-0.638394
-0.638081
-0.637846
-0.637611
-0.637298
-0.636907
-0.636672
-0.636203
-0.635811
-0.635733
-0.635028
-0.634715
-0.634715
-0.633933
-0.633620
-0.633541
-0.633072
-0.632602
-0.632211
-0.631976
-0.631585
-0.631428
-0.630802
-0.630724
-0.630489
-0.629784
-0.629315
-0.629158
-0.628845
-0.628532
-0.628376
-0.627984
-0.627358
-0.627280
-0.627123
-0.626732
-0.626419
-0.626106
-0.625949
-0.625636
-0.625010
-0.624697
-0.624384
-0.623914
-0.623445
-0.623053
-0.622897
-0.622349
-0.622036
-0.621879
-0.621566
-0.621096
-0.621096
-0.620705
-0.620470
-0.619766
-0.619453
-0.619140
-0.618592
-0.618279
-0.617809
-0.617731
-0.617261
-0.616870
-0.616635
-0.616400
-0.615852
-0.615696
-0.615383
-0.614757
-0.614991
-0.614522
-0.614444
-0.613739
-0.613583
-0.613035
-0.612800
-0.612722
-0.612095
-0.612095
-0.611469
-0.611313
-0.610687
-0.610295
-0.610060
-0.609982
-0.609591
-0.609199
-0.609199
-0.608573
-0.608182
-0.607869
-0.607556
-0.607086
-0.606851
-0.606460
-0.606303
-0.606147
-0.605677
-0.605286
-0.605051
-0.604895
-0.604268
-0.603955
-0.603955
-0.603564
-0.603251
-0.602547
-0.601920
-0.601686
-0.601372
-0.600981
-0.600668
-0.600277
-0.599885
-0.599103
-0.598868
-0.598633
-0.598320
-0.598085
-0.597616
-0.597224
-0.597146
-0.596833
-0.596441
-0.596207
-0.595659
-0.595346
-0.595111
-0.594798
-0.594563
-0.594093
-0.593937
-0.593467
-0.593232
-0.592998
-0.592685
-0.592450
-0.591824
-0.591197
-0.590963
-0.591041
-0.590493
-0.590102
-0.590023
-0.589475
-0.589162
-0.588849
-0.588458
-0.588067
-0.587519
-0.587362
-0.587127
-0.586423
-0.586501
-0.586188
-0.585719
-0.584936
-0.585014
-0.584310
-0.584153
-0.583684
-0.583527
-0.583214
-0.582823
-0.582744
-0.582275
-0.581805
-0.581022
-0.580866
-0.580553
-0.580318
-0.579613
-0.579457
-0.579613
-0.579066
-0.578753
-0.578518
-0.578205
-0.577735
-0.577578
-0.577344
-0.576561
-0.576483
-0.576404
-0.575935
-0.575465
-0.575152
-0.574839
-0.574604
-0.574213
-0.573587
-0.573508
-0.573039
-0.572413
-0.572334
-0.572178
-0.571708
-0.570769
-0.570691
-0.570769
-0.570299
-0.569751
-0.569438
-0.569360
-0.568969
-0.568734
-0.568186
-0.568186
-0.567482
-0.567403
-0.566856
-0.566542
-0.566386
-0.566151
-0.565916
-0.565838
-0.565212
-0.564977
-0.564351
-0.564038
-0.563725
-0.563490
-0.563255
-0.563020
-0.562394
-0.562159
-0.561846
-0.561768
-0.561064
-0.560907
-0.560281
-0.560281
-0.559733
-0.559263
-0.559107
-0.558715
-0.558402
-0.558089
-0.557541
-0.557463
-0.556994
-0.556524
-0.556289
-0.556211
-0.555898
-0.555506
-0.555193
-0.554880
-0.554724
-0.554176
-0.554098
-0.553550
-0.553158
-0.552767
-0.552376
-0.552141
-0.551593
-0.551593
-0.550888
-0.550732
-0.550419
-0.550419
-0.549871
-0.549871
-0.549323
-0.549010
-0.548775
-0.548462
-0.548071
-0.547679
-0.547601
-0.547132
-0.546975
-0.546740
-0.545801
-0.545488
-0.545566
-0.545253
-0.544940
-0.544705
-0.544079
-0.543766
-0.543218
-0.543061
-0.542827
-0.542592
-0.542279
-0.542122
-0.541418
-0.541418
-0.540713
-0.540870
-0.540244
-0.540087
-0.539696
-0.539148
-0.538835
-0.538444
-0.538052
-0.537583
-0.537583
-0.537113
-0.537035
-0.536722
-0.536330
-0.535939
-0.535548
-0.535391
-0.535000
-0.534765
-0.534217
-0.534060
-0.533434
-0.533669
-0.533121
-0.532965
-0.532652
-0.532182
-0.531791
-0.531399
-0.530930
-0.530773
-0.530538
-0.530225
-0.529521
-0.529364
-0.529208
-0.528738
-0.528425
-0.528503
-0.528034
-0.527642
-0.527486
-0.527173
-0.526781
-0.526547
-0.525999
-0.525764
-0.525607
-0.525059
-0.524825
-0.524668
-0.523964
-0.523885
-0.523416
-0.523024
-0.522946
-0.522790
-0.522163
-0.521850
-0.521537
-0.520833
-0.520442
-0.520207
-0.519972
-0.519581
-0.519346
-0.518876
-0.518641
-0.518720
-0.518172
-0.517859
-0.517467
-0.517076
-0.516685
-0.516371
-0.515745
-0.515667
-0.515354
-0.514806
-0.514963
-0.514336
-0.514102
-0.513867
-0.513476
-0.513084
-0.513084
-0.512693
-0.512223
-0.512067
-0.511519
-0.511284
-0.510736
-0.510345
-0.510188
-0.509875
-0.509484
-0.509171
-0.509014
-0.508466
-0.508466
-0.508075
-0.507918
-0.507292
-0.507214
-0.506823
-0.506509
-0.506196
-0.505883
-0.505492
-0.505179
-0.505101
-0.504944
-0.504553
-0.504083
-0.503927
-0.503614
-0.502987
-0.502909
-0.502674
-0.502205
-0.501892
-0.501578
-0.501265
-0.500874
-0.500718
-0.500170
-0.499857
-0.499309
-0.499152
-0.498761
-0.498526
-0.498369
-0.497822
-0.497430
-0.497352
-0.497117
-0.496491
-0.496100
-0.495865
-0.495552
-0.495317
-0.495160
-0.495004
-0.494456
-0.494143
-0.493986
-0.493595
-0.492891
-0.493282
-0.492343
-0.492186
-0.491795
-0.491325
-0.491012
-0.490542
-0.490542
-0.490073
-0.489681
-0.489290
-0.489290
-0.488977
-0.488742
-0.488351
-0.488038
-0.487646
-0.487333
-0.486864
-0.486472
-0.486394
-0.486003
-0.485690
-0.485220
-0.485142
-0.484672
-0.484437
-0.484124
-0.483890
-0.483420
-0.483029
-0.482715
-0.482559
-0.482089
-0.481541
-0.480994
-0.481072
-0.480289
-0.480367
-0.479898
-0.479272
-0.479193
-0.478645
-0.478489
-0.478176
-0.477863
-0.477550
-0.477158
-0.476845
-0.476532
-0.475984
-0.476219
-0.475671
-0.475280
-0.474967
-0.474575
-0.474184
-0.474028
-0.473636
-0.473401
-0.473088
-0.472540
-0.472306
-0.472227
-0.471523
-0.471445
-0.471210
-0.470975
-0.470662
-0.470271
-0.469957
-0.469566
-0.469253
-0.469018
-0.468392
-0.468079
-0.467766
-0.467766
-0.467296
-0.467140
-0.467062
-0.466592
-0.465966
-0.465887
-0.465418
-0.465340
-0.464870
-0.464479
-0.464400
-0.463774
-0.463461
-0.463148
-0.462991
-0.462600
-0.462600
-0.461896
-0.461583
-0.461191
-0.460565
-0.460252
-0.460096
-0.459939
-0.459391
-0.459078
-0.458530
-0.458295
-0.457904
-0.457434
-0.457278
-0.456886
-0.456730
-0.456417
-0.456025
-0.455791
-0.455243
-0.455165
-0.455008
-0.454382
-0.454382
-0.453990
-0.453521
-0.453286
-0.453129
-0.452503
-0.452112
-0.452190
-0.451799
-0.451408
-0.450938
-0.450625
-0.449842
-0.449607
-0.449451
-0.449373
-0.448903
-0.448746
-0.448433
-0.448433
-0.447885
-0.447651
-0.447259
-0.446946
-0.446790
-0.446477
-0.445772
-0.445850
-0.445537
-0.445068
-0.444911
-0.444676
-0.444598
-0.443894
-0.443659
-0.443424
-0.443189
-0.442485
-0.442093
-0.442015
-0.441624
-0.440763
-0.440685
-0.439902
-0.439902
-0.439589
-0.439197
-0.439041
-0.438650
-0.438258
-0.437945
-0.437945
-0.437397
-0.437162
-0.436771
-0.436458
-0.435832
-0.435519
-0.435441
-0.434893
-0.434736
-0.434580
-0.433953
-0.433875
-0.433562
-0.433249
-0.432779
-0.432701
-0.432466
-0.431918
-0.431684
-0.431527
-0.430979
-0.430666
-0.430118
-0.430431
-0.429414
-0.429727
-0.429257
-0.428944
-0.428631
-0.428318
-0.427692
-0.427379
-0.427066
-0.426518
-0.426596
-0.426126
-0.426126
-0.425657
-0.425187
-0.424952
-0.424718
-0.424326
-0.424013
-0.423778
-0.423465
-0.423309
-0.423074
-0.422839
-0.422291
-0.421978
-0.421743
-0.421665
-0.421117
-0.420648
-0.420648
-0.420100
-0.419708
-0.419317
-0.419160
-0.418847
-0.418221
-0.418299
-0.417908
-0.417908
-0.417438
-0.417125
-0.416891
-0.416499
-0.416343
-0.416186
-0.415560
-0.415247
-0.415090
-0.414777
-0.414308
-0.413838
-0.413682
-0.413290
-0.413134
-0.412586
-0.412194
-0.412194
-0.411881
-0.411647
-0.410942
-0.410629
-0.410159
-0.410238
-0.409768
-0.409455
-0.409298
-0.408829
-0.408437
-0.408124
-0.408046
-0.407655
-0.407420
-0.407029
-0.406794
-0.406168
-0.405855
-0.405620
-0.404994
-0.404915
-0.404602
-0.404289
-0.403976
-0.403976
-0.403663
-0.403193
-0.402880
-0.402645
-0.402176
-0.402019
-0.401785
-0.401393
-0.400610
-0.400689
-0.399906
-0.399515
-0.399280
-0.398810
-0.398497
-0.398497
-0.398497
-0.397558
-0.397558
-0.397323
-0.397010
-0.396775
-0.396227
-0.396227
-0.395836
-0.395366
-0.395053
-0.395053
-0.394349
-0.394192
-0.393879
-0.393801
-0.393723
-0.393018
-0.393018
-0.392627
-0.392236
-0.391688
-0.391453
-0.391218
-0.391062
-0.390435
-0.390435
-0.390201
-0.390044
-0.389418
-0.389340
-0.389027
-0.388948
-0.388166
-0.387852
-0.387696
-0.387696
-0.387305
-0.386678
-0.386365
-0.386052
-0.386131
-0.385974
-0.385348
-0.385113
-0.384878
-0.384565
-0.384565
-0.384017
-0.383626
-0.383313
-0.383156
-0.382608
-0.382452
-0.382139
-0.381982
-0.381513
-0.381278
-0.380965
-0.380104
-0.380104
-0.379791
-0.379478
-0.378930
-0.378617
-0.378304
-0.378147
-0.377756
-0.377364
-0.377051
-0.376738
-0.376660
-0.376269
-0.376034
-0.375564
-0.375173
-0.374938
-0.374625
-0.373999
-0.374077
-0.373764
-0.373216
-0.372903
-0.372903
-0.372512
-0.372433
-0.371885
-0.371729
-0.371181
-0.370946
-0.370711
-0.370320
-0.370007
-0.369616
-0.369459
-0.369146
-0.368911
-0.368598
-0.368207
-0.367972
-0.367659
-0.367189
-0.366876
-0.366641
-0.366641
-0.366172
-0.365780
-0.365624
-0.365389
-0.364998
-0.364998
-0.364450
-0.364137
-0.363824
-0.363589
-0.363198
-0.362650
-0.362102
-0.362493
-0.361945
-0.361554
-0.361554
-0.360849
-0.360693
-0.360536
-0.359910
-0.359519
-0.359284
-0.358736
-0.358736
-0.358188
-0.358032
-0.357640
-0.357484
-0.357014
-0.356779
-0.356545
-0.356231
-0.355371
-0.355214
-0.354979
-0.354666
-0.354510
-0.353962
-0.353649
-0.353570
-0.353257
-0.352944
-0.352553
-0.352161
-0.352083
-0.351692
-0.351300
-0.351144
-0.350831
-0.350518
-0.349813
-0.349657
-0.349187
-0.349109
-0.348874
-0.348326
-0.348248
-0.348248
-0.347622
-0.347387
-0.347387
-0.346683
-0.346604
-0.346213
-0.346056
-0.345509
-0.345195
-0.345352
-0.344961
-0.344726
-0.343865
-0.343787
-0.343630
-0.343160
-0.342847
-0.342769
-0.342299
-0.341830
-0.341282
-0.341517
-0.340891
-0.340499
-0.340108
-0.339951
-0.339169
-0.339012
-0.338543
-0.338386
-0.338151
-0.337995
-0.337682
-0.337447
-0.336742
-0.336586
-0.336586
-0.336273
-0.336038
-0.335881
-0.335255
-0.334786
-0.334629
-0.334159
-0.333925
-0.333612
-0.333846
-0.333220
-0.332985
-0.332359
-0.332124
-0.331968
-0.331890
-0.331263
-0.330950
-0.330794
-0.330324
-0.330089
-0.330089
-0.330168
-0.329385
-0.328994
-0.328524
-0.328367
-0.328289
-0.327820
-0.327350
-0.327193
-0.326646
-0.326332
-0.326411
-0.326019
-0.326019
-0.325550
-0.325002
-0.324924
-0.324532
-0.324219
-0.324063
-0.323671
-0.323593
-0.323280
-0.323045
-0.322575
-0.322497
-0.321949
-0.321949
-0.321480
-0.320932
-0.320540
-0.320854
-0.320071
-0.319758
-0.319445
-0.319288
-0.318740
-0.318505
-0.318114
-0.318036
-0.317566
-0.317488
-0.317331
-0.316862
-0.316549
-0.316236
-0.316236
-0.316001
-0.315688
-0.315531
-0.315062
-0.315140
-0.314827
-0.314279
-0.314044
-0.313574
-0.313731
-0.313418
-0.312792
-0.312713
-0.312557
-0.312244
-0.311774
-0.311383
-0.311148
-0.310992
-0.310992
-0.310287
-0.309504
-0.309896
-0.309426
-0.309348
-0.308957
-0.308330
-0.307939
-0.308096
-0.307626
-0.307548
-0.307391
-0.307156
-0.306765
-0.306530
-0.306061
-0.305982
-0.305513
-0.305356
-0.305043
-0.305043
-0.304495
-0.304339
-0.304182
-0.303947
-0.303791
-0.303165
-0.303165
-0.302225
-0.302147
-0.302147
-0.301677
-0.301599
-0.300895
-0.300738
-0.300660
-0.300582
-0.300112
-0.299877
-0.299486
-0.299173
-0.299173
-0.298625
-0.298547
-0.298077
-0.297842
-0.297373
-0.297373
-0.297294
-0.296981
-0.296433
-0.296199
-0.295807
-0.295651
-0.295181
-0.295025
-0.294555
-0.294555
-0.294320
-0.294242
-0.294007
-0.293772
-0.293381
-0.293146
-0.292755
-0.292676
-0.292129
-0.292050
-0.291581
-0.291815
-0.291268
-0.290954
-0.290876
-0.290407
-0.290094
-0.289859
-0.289467
-0.289233
-0.288919
-0.288685
-0.288372
-0.288215
-0.288058
-0.287902
-0.287432
-0.287276
-0.286806
-0.286728
-0.286493
-0.286180
-0.285945
-0.285710
-0.285319
-0.284849
-0.284458
-0.284536
-0.284380
-0.284223
-0.283754
-0.283597
-0.283284
-0.282893
-0.282501
-0.282345
-0.282110
-0.281640
-0.281406
-0.281406
-0.281092
-0.280623
-0.280310
-0.280153
-0.279918
-0.279136
-0.278979
-0.278666
-0.278510
-0.278118
-0.278040
-0.277805
-0.277492
-0.277649
-0.277101
-0.277101
-0.276866
-0.276318
-0.276005
-0.275692
-0.275535
-0.275222
-0.274753
-0.274361
-0.274283
-0.274283
-0.273892
-0.273735
-0.273187
-0.272796
-0.272639
-0.272326
-0.272091
-0.271778
-0.271465
-0.271387
-0.271230
-0.270761
-0.270761
-0.270135
-0.270056
-0.269900
-0.269117
-0.269117
-0.268882
-0.268491
-0.268335
-0.268178
-0.268100
-0.267708
-0.267474
-0.267239
-0.267160
-0.266613
-0.266221
-0.265908
-0.265752
-0.265360
-0.265360
-0.265125
-0.264969
-0.264656
-0.264264
-0.263795
-0.263638
-0.263560
-0.263012
-0.262934
-0.262543
-0.262386
-0.261916
-0.261838
-0.261838
-0.261603
-0.261055
-0.261055
-0.260742
-0.260194
-0.259725
-0.259647
-0.259333
-0.258864
-0.258864
-0.258473
-0.258551
-0.258159
-0.258081
-0.257612
-0.257612
-0.257142
-0.257142
-0.256359
-0.256438
-0.256203
-0.255733
-0.255577
-0.255733
-0.255185
-0.255185
-0.254794
-0.254716
-0.254481
-0.253776
-0.253776
-0.253620
-0.253228
-0.252837
-0.252837
-0.252602
-0.252289
-0.252211
-0.251898
-0.251428
-0.251193
-0.251193
-0.250724
-0.250254
-0.250176
-0.249941
-0.249863
-0.249628
-0.249158
-0.249002
-0.248532
-0.248297
-0.248297
-0.247671
-0.247750
-0.247671
-0.247123
-0.247123
-0.246889
-0.247045
-0.246732
-0.246341
-0.245871
-0.245558
-0.245401
-0.244932
-0.244854
-0.244775
-0.244462
-0.244227
-0.244384
-0.243758
-0.243758
-0.243601
-0.242975
-0.242897
-0.242740
-0.242584
-0.242036
-0.241879
-0.241723
-0.241175
-0.241175
-0.240862
-0.240705
-0.240314
-0.239688
-0.239766
-0.239296
-0.239140
-0.238749
-0.238514
-0.238592
-0.238122
-0.237966
-0.237809
-0.237888
-0.237496
-0.237105
-0.236948
-0.236557
-0.236322
-0.236322
-0.235931
-0.235539
-0.235383
-0.235539
-0.235148
-0.234757
-0.234600
-0.234444
-0.234365
-0.233974
-0.233504
-0.233426
-0.233270
-0.233113
-0.232878
-0.232957
-0.232409
-0.232174
-0.232252
-0.231861
-0.231704
-0.231626
-0.231156
-0.230765
-0.230765
-0.230452
-0.230217
-0.230061
-0.229826
-0.229748
-0.229591
-0.229200
-0.228965
-0.228573
-0.228573
-0.228417
-0.227947
-0.227634
-0.227478
-0.227399
-0.227243
-0.226852
-0.226773
-0.226460
-0.226147
-0.226225
-0.225834
-0.225677
-0.225364
-0.225051
-0.225130
-0.224660
-0.224895
-0.224582
-0.224190
-0.224190
-0.223956
-0.223799
-0.223877
-0.223408
-0.223173
-0.222938
-0.222781
-0.222547
-0.222468
-0.222077
-0.222234
-0.222077
-0.221607
-0.221373
-0.221216
-0.220981
-0.220355
-0.220512
-0.220433
-0.219886
-0.219964
-0.219651
-0.219416
-0.219416
-0.219338
-0.219103
-0.218946
-0.218555
-0.218633
-0.218398
-0.218242
-0.218242
-0.217772
-0.217694
-0.217537
-0.217694
-0.217381
-0.216833
-0.216598
-0.216520
-0.216363
-0.216285
-0.216129
-0.215894
-0.215815
-0.215581
-0.215346
-0.215189
-0.214876
-0.214955
-0.214641
-0.214094
-0.214094
-0.214094
-0.213702
-0.213624
-0.213624
-0.213624
-0.213233
-0.213233
-0.213076
-0.212998
-0.212606
-0.212606
-0.212450
-0.212059
-0.211667
-0.211824
-0.211745
-0.211667
-0.211745
-0.211354
-0.211198
-0.211198
-0.210728
-0.210415
-0.210493
-0.210024
-0.209710
-0.209945
-0.209554
-0.209632
-0.209554
-0.209163
-0.209006
-0.208928
-0.208615
-0.208223
-0.208223
-0.208145
-0.208302
-0.207910
-0.207832
-0.207597
-0.207675
-0.207519
-0.207128
-0.206971
-0.206658
-0.206580
-0.206501
-0.206345
-0.205875
-0.205953
-0.206110
-0.205797
-0.205719
-0.205171
-0.205171
-0.205093
-0.204936
-0.204858
-0.204701
-0.204701
-0.204232
-0.204466
-0.204310
-0.204153
-0.203918
-0.203605
-0.203527
-0.203292
-0.203136
-0.203136
-0.202901
-0.202823
-0.202901
-0.202588
-0.202744
-0.202823
-0.201962
-0.202197
-0.202510
-0.202197
-0.201962
-0.201805
-0.201727
-0.201570
-0.201727
-0.201492
-0.201257
-0.201179
-0.200631
-0.200788
-0.199848
-0.200240
-0.200240
-0.199927
-0.199379
-0.199927
-0.199457
-0.199379
-0.199301
-0.199222
-0.198987
-0.198674
-0.198361
-0.198440
-0.198205
-0.198361
-0.198283
-0.198440
-0.198048
-0.197970
-0.197892
-0.197657
-0.197344
-0.197109
-0.197031
-0.197031
-0.196952
-0.196874
-0.196952
-0.196718
-0.196952
-0.196874
-0.196013
-0.196091
-0.196013
-0.196170
-0.195935
-0.195857
-0.195935
-0.195700
-0.195465
-0.195857
-0.195544
-0.195152
-0.195152
-0.195152
-0.195074
-0.194604
-0.194761
-0.194683
-0.194839
-0.194917
-0.194291
-0.194370
-0.194370
-0.194213
-0.194448
-0.193900
-0.194056
-0.193822
-0.193900
-0.193822
-0.193978
-0.193587
-0.193509
-0.193352
-0.193352
-0.193352
-0.193196
-0.193117
-0.193039
-0.192882
-0.192961
-0.193274
-0.193039
-0.193039
-0.192648
-0.192335
-0.192569
-0.192491
-0.192413
-0.192335
-0.192335
-0.192256
-0.192256
-0.192178
-0.192335
-0.192100
-0.191787
-0.191787
-0.191943
-0.191943
-0.191943
-0.191943
-0.192100
-0.191865
-0.191787
-0.191943
-0.191943
-0.191787
-0.191708
-0.191552
-0.191474
-0.191552
-0.191630
-0.191474
-0.191708
-0.191474
-0.191474
-0.191630
-0.191630
-0.191317
-0.191395
-0.191004
-0.191239
-0.191082
-0.190926
-0.191160
-0.190769
-0.190613
-0.190769
-0.190769
-0.190769
-0.190769
-0.190691
-0.190221
-0.190456
-0.190691
-0.190300
-0.190300
-0.190300
-0.190534
-0.190613
-0.190221
-0.190300
-0.190221
-0.189986
-0.190221
-0.189908
-0.189986
-0.189830
-0.190065
-0.190143
-0.190221
-0.190300
-0.190143
-0.190065
-0.189830
-0.189908
-0.189830
-0.190143
-0.189830
-0.189673
-0.190143
-0.190143
-0.190143
-0.189752
-0.189752
-0.189908
-0.189752
-0.189986
-0.189986
-0.189830
-0.189986
-0.189830
-0.189908
-0.190065
-0.189986
-0.190065
-0.189752
-0.189673
-0.189908
-0.189752
-0.189752
-0.189752
-0.189752
-0.189752
-0.189908
-0.190065
-0.189986
-0.190065
-0.189673
-0.189752
-0.189830
-0.189673
-0.189908
-0.190065
-0.190065
-0.190221
-0.189752
-0.189986
-0.189986
-0.189752
-0.189908
-0.190065
-0.190065
-0.189908
-0.190065
-0.190143
-0.189986
-0.190143
-0.190065
-0.190143
-0.190143
-0.190378
-0.190221
-0.190300
-0.190456
-0.190378
-0.190613
-0.190300
-0.190300
-0.190534
-0.190456
-0.190378
-0.190300
-0.190847
-0.190613
-0.190691
-0.190456
-0.190847
-0.190769
-0.190847
-0.190613
-0.190847
-0.190613
-0.190691
-0.191004
-0.190691
-0.190847
-0.190613
-0.190769
-0.190926
-0.191239
-0.191004
-0.190847
-0.191004
-0.191160
-0.191160
-0.191160
-0.191317
-0.191160
-0.191160
-0.191239
-0.191160
-0.191160
-0.191160
-0.191317
-0.191474
-0.191395
-0.191474
-0.191160
-0.191317
-0.191317
-0.191160
-0.191317
-0.191239
-0.191317
-0.191474
-0.191395
-0.191552
-0.191787
-0.191708
-0.191317
-0.191395
-0.191474
-0.191474
-0.191630
-0.191239
-0.191474
-0.191787
-0.191708
-0.191552
-0.191630
-0.191474
-0.191395
-0.191552
-0.191317
-0.191552
-0.191160
-0.191395
-0.191239
-0.191552
-0.191474
-0.191317
-0.191395
-0.191552
-0.191474
-0.191239
-0.191395
-0.191317
-0.191239
-0.191317
-0.191552
-0.191395
-0.191395
-0.191004
-0.191317
-0.191160
-0.191317
-0.191160
-0.191160
-0.191239
-0.191474
-0.191082
-0.191082
-0.191004
-0.191082
-0.190691
-0.190613
-0.190691
-0.190769
-0.190769
-0.190769
-0.190613
-0.190691
-0.190456
-0.190534
-0.190065
-0.190065
-0.190221
-0.190143
-0.189986
-0.189595
-0.190065
-0.189986
-0.189908
-0.189752
-0.189673
-0.189282
-0.189360
-0.189282
-0.188812
-0.189204
-0.189125
-0.189047
-0.188969
-0.188734
-0.188891
-0.188656
-0.188421
-0.188421
-0.188421
-0.187873
-0.188030
-0.187951
-0.187404
-0.187482
-0.187638
-0.187325
-0.187169
-0.187325
-0.187169
-0.186934
-0.186777
-0.186308
-0.186386
-0.185995
-0.185995
-0.186073
-0.185995
-0.185760
-0.185603
-0.184977
-0.185134
-0.184977
-0.184742
-0.184586
-0.184429
-0.184273
-0.184038
-0.183960
-0.183725
-0.183334
-0.183177
-0.182864
-0.182707
-0.182473
-0.182707
-0.182473
-0.182081
-0.181690
-0.181299
-0.181299
-0.181142
-0.180751
-0.180594
-0.180359
-0.180046
-0.179890
-0.179577
-0.179263
-0.179263
-0.179107
-0.178637
-0.178089
-0.177855
-0.177463
-0.177385
-0.176837
-0.176759
-0.176524
-0.176289
-0.176054
-0.175585
-0.175350
-0.175272
-0.174802
-0.174176
-0.174332
-0.173628
-0.173472
-0.173080
-0.172845
-0.172689
-0.172141
-0.171671
-0.171671
-0.171123
-0.170732
-0.170341
-0.170028
-0.169871
-0.169401
-0.169245
-0.169010
-0.168775
-0.168306
-0.167914
-0.167445
-0.166740
-0.166662
-0.166349
-0.165958
-0.165645
-0.165410
-0.165097
-0.164549
-0.164236
-0.163688
-0.163375
-0.162592
-0.162592
-0.162279
-0.161653
-0.161261
-0.160870
-0.160400
-0.160087
-0.159226
-0.158835
-0.158444
-0.157818
-0.157191
-0.156644
-0.156565
-0.156252
-0.155939
-0.155548
-0.154843
-0.154295
-0.153748
-0.153434
-0.152965
-0.152652
-0.152260
-0.151869
-0.151478
-0.151086
-0.150147
-0.149678
-0.149443
-0.148660
-0.148190
-0.147799
-0.147251
-0.146938
-0.146547
-0.145999
-0.145373
-0.144747
-0.144199
-0.143494
-0.143103
-0.142477
-0.142085
-0.141694
-0.141068
-0.140755
-0.140520
-0.139659
-0.138641
-0.137937
-0.137233
-0.137076
-0.136763
-0.135745
-0.135745
-0.135432
-0.135041
-0.134337
-0.133554
-0.132849
-0.131910
-0.131362
-0.131049
-0.130580
-0.129954
-0.129406
-0.128779
-0.128466
-0.127684
-0.126901
-0.126118
-0.125570
-0.125101
-0.124475
-0.124162
-0.123692
-0.123457
-0.122831
-0.122205
-0.121422
-0.120483
-0.119700
-0.119231
-0.118604
-0.117978
-0.117509
-0.116804
-0.116569
-0.116100
-0.115004
-0.114065
-0.113360
-0.112812
-0.112499
-0.112108
-0.111247
-0.110856
-0.110230
-0.109603
-0.109212
-0.108195
-0.107177
-0.106864
-0.106473
-0.105612
-0.105064
-0.104359
-0.104046
-0.103577
-0.102872
-0.102246
-0.101385
-0.100759
-0.099976
-0.099272
-0.098959
-0.098176
-0.097785
-0.097080
-0.096454
-0.095671
-0.094967
-0.094028
-0.093715
-0.093167
-0.092384
-0.091914
-0.091210
-0.090662
-0.089958
-0.089488
-0.088549
-0.087844
-0.086983
-0.086670
-0.086357
-0.085731
-0.084557
-0.084400
-0.083540
-0.082913
-0.082131
-0.080800
-0.080644
-0.079626
-0.079235
-0.078374
-0.077669
-0.077434
-0.076808
-0.075947
-0.075556
-0.074460
-0.073834
-0.073051
-0.072660
-0.071877
-0.071251
-0.070703
-0.070077
-0.069451
-0.068668
-0.067416
-0.066712
-0.066242
-0.065772
-0.065146
-0.064129
-0.063659
-0.063346
-0.062563
-0.061859
-0.060606
-0.059667
-0.059041
-0.058571
-0.057945
-0.057163
-0.056458
-0.056223
-0.055441
-0.054893
-0.053797
-0.053014
-0.052545
-0.052232
-0.051449
-0.050510
-0.050118
-0.049101
-0.048709
-0.047457
-0.046909
-0.046205
-0.045892
-0.045500
-0.044796
-0.044326
-0.043544
-0.042839
-0.042448
-0.042057
-0.041117
-0.040022
-0.039474
-0.038847
-0.037987
-0.037439
-0.037047
-0.036265
-0.035638
-0.035012
-0.034230
-0.033212
-0.032351
-0.032273
-0.031803
-0.031647
-0.030551
-0.029690
-0.029220
-0.028594
-0.028125
-0.027264
-0.026324
-0.025698
-0.025463
-0.024994
-0.024054
-0.023350
-0.022489
-0.022254
-0.021550
-0.020924
-0.019437
-0.019202
-0.018576
-0.017871
-0.017558
-0.016775
-0.016071
-0.015445
-0.014584
-0.013958
-0.013175
-0.012862
-0.012314
-0.011766
-0.011062
-0.010436
-0.009653
-0.009183
-0.008479
-0.007774
-0.006757
-0.006522
-0.005896
-0.005583
-0.004878
-0.004487
-0.003704
-0.003235
-0.002765
-0.001904
-0.001043
-0.000417
-0.000026
0.000679
0.000914
0.001540
0.002009
0.002792
0.003418
0.003966
0.004905
0.005297
0.005923
0.006471
0.006706
0.007488
0.008193
0.008662
0.009445
0.009993
0.010776
0.011480
0.011871
0.012576
0.012576
0.013437
0.014298
0.015002
0.015550
0.016098
0.016724
0.017115
0.017976
0.018211
0.018524
0.019307
0.020246
0.021107
0.021420
0.022125
0.022751
0.023299
0.023612
0.024081
0.024551
0.025021
0.025647
0.026430
0.027134
0.027917
0.028543
0.028856
0.029795
0.030186
0.030421
0.031204
0.031674
0.032378
0.032926
0.033474
0.034570
0.034804
0.035352
0.035665
0.036057
0.036526
0.037074
0.037779
0.038561
0.039579
0.039970
0.040596
0.041301
0.041692
0.042162
0.042475
0.043101
0.044040
0.044745
0.045136
0.045527
0.046154
0.047093
0.047406
0.047641
0.048267
0.048736
0.049363
0.050224
0.050771
0.051319
0.051711
0.052337
0.052493
0.052728
0.053120
0.053667
0.054372
0.055468
0.055937
0.056485
0.056798
0.057268
0.057894
0.058129
0.058677
0.059225
0.060007
0.060477
0.061025
0.061651
0.062277
0.062668
0.062982
0.063608
0.063764
0.064156
0.064938
0.065486
0.066269
0.066738
0.067443
0.067834
0.068382
0.068852
0.069165
0.069869
0.070261
0.071278
0.071669
0.071983
0.072530
0.073078
0.073470
0.073861
0.074331
0.074565
0.075113
0.075974
0.076444
0.076757
0.077461
0.077931
0.078479
0.078792
0.079183
0.079575
0.079966
0.081140
0.081610
0.082158
0.082706
0.083019
0.083566
0.084193
0.084427
0.084506
0.085210
0.086306
0.086541
0.087010
0.087480
0.087950
0.088341
0.088889
0.089124
0.089750
0.090141
0.090846
0.091628
0.091707
0.092176
0.092959
0.093428
0.093663
0.093976
0.094446
0.094837
0.095855
0.096324
0.096638
0.097264
0.097264
0.098125
0.098203
0.098751
0.099299
0.099847
0.100394
0.101334
0.101725
0.101882
0.102508
0.103056
0.103447
0.103838
0.104230
0.104699
0.105325
0.105717
0.106265
0.106813
0.107360
0.107674
0.108065
0.108456
0.109004
0.109239
0.110178
0.110491
0.111196
0.111431
0.112057
0.112213
0.112761
0.112918
0.113309
0.113935
0.114718
0.115344
0.115579
0.116205
0.116675
0.116831
0.117301
0.117536
0.118005
0.118397
0.119414
0.120040
0.120275
0.120745
0.121684
0.122075
0.122310
0.122701
0.123328
0.123562
0.124110
0.124815
0.124815
0.125206
0.125910
0.126224
0.126615
0.126771
0.127476
0.127632
0.128180
0.128728
0.129354
0.129746
0.130294
0.130920
0.131389
0.131781
0.131859
0.132485
0.132955
0.133581
0.133816
0.133972
0.134677
0.134911
0.135616
0.136007
0.136555
0.136868
0.137338
0.137964
0.138199
0.138747
0.139138
0.139608
0.139686
0.140469
0.140703
0.141251
0.142269
0.142269
0.143052
0.143130
0.143834
0.143991
0.144460
0.144930
0.145478
0.146026
0.146574
0.146730
0.147122
0.147435
0.148061
0.148452
0.148843
0.149000
0.149548
0.150018
0.150331
0.151113
0.151426
0.151661
0.152287
0.152522
0.152757
0.153227
0.153696
0.154088
0.154557
0.154792
0.155340
0.155575
0.156201
0.156514
0.156905
0.157375
0.157845
0.158549
0.158940
0.159410
0.159566
0.160114
0.160740
0.161288
0.161367
0.162071
0.162932
0.162932
0.163089
0.163636
0.163793
0.164341
0.165124
0.165515
0.165985
0.166141
0.166689
0.166846
0.167628
0.167315
0.167941
0.168333
0.168724
0.169350
0.169820
0.169976
0.170602
0.170681
0.171150
0.171307
0.171855
0.172403
0.172951
0.173420
0.173655
0.174203
0.174438
0.175064
0.175299
0.175455
0.176081
0.176473
0.176864
0.177334
0.177647
0.178195
0.178351
0.178977
0.179056
0.179447
0.179838
0.180621
0.180778
0.181404
0.181404
0.182265
0.182265
0.182499
0.183047
0.183360
0.183674
0.184300
0.184769
0.185161
0.185787
0.186100
0.186100
0.186648
0.186883
0.187274
0.187665
0.188526
0.188839
0.189074
0.189231
0.189857
0.190170
0.190561
0.190953
0.190953
0.191735
0.192205
0.192753
0.192988
0.193301
0.193692
0.194083
0.194162
0.194788
0.195571
0.195571
0.196040
0.196275
0.196823
0.197058
0.197371
0.197762
0.197762
0.198153
0.198701
0.199406
0.199797
0.199875
0.200188
0.201049
0.201206
0.201597
0.201910
0.202302
0.202615
0.203398
0.203867
0.203867
0.204493
0.204885
0.205041
0.205433
0.205746
0.205980
0.206607
0.207154
0.207546
0.208015
0.208172
0.208720
0.209111
0.209189
0.209346
0.209894
0.210442
0.210677
0.211381
0.211538
0.211851
0.212164
0.212790
0.212712
0.213025
0.213651
0.214042
0.214590
0.214747
0.215295
0.215686
0.215842
0.216312
0.216390
0.216469
0.217330
0.217799
0.218034
0.218582
0.219051
0.219286
0.219756
0.219991
0.220539
0.220852
0.221243
0.221947
0.222104
0.222574
0.222887
0.223356
0.223278
0.223356
0.223669
0.224139
0.224687
0.225313
0.225626
0.225861
0.226096
0.226800
0.227270
0.227348
0.227818
0.228287
0.228913
0.228913
0.229696
0.229931
0.230401
0.230635
0.230635
0.231262
0.231653
0.231888
0.232592
0.232905
0.233140
0.233688
0.234079
0.234314
0.234549
0.234705
0.235410
0.235801
0.236349
0.236506
0.237054
0.237601
0.237445
0.237601
0.238228
0.238619
0.239010
0.239558
0.240184
0.240263
0.240497
0.241437
0.241515
0.241671
0.242376
0.242611
0.243159
0.243472
0.243706
0.244333
0.244489
0.244881
0.245115
0.245350
0.245741
0.246211
0.246681
0.247307
0.247385
0.247855
0.248090
0.248559
0.248716
0.248872
0.249264
0.249733
0.250203
0.250672
0.250751
0.251455
0.251533
0.252160
0.252629
0.252394
0.253099
0.253490
0.254116
0.254586
0.254508
0.254977
0.255525
0.255447
0.255917
0.256464
0.256778
0.256934
0.257247
0.257873
0.258108
0.258499
0.259047
0.259439
0.259595
0.259908
0.260456
0.260769
0.261317
0.261630
0.262100
0.262178
0.262648
0.263117
0.263274
0.263665
0.264291
0.264448
0.264761
0.265074
0.265309
0.265622
0.265935
0.266561
0.266874
0.267422
0.267814
0.268048
0.268361
0.268518
0.269222
0.269301
0.269770
0.270005
0.270710
0.271023
0.271414
0.271727
0.271884
0.272118
0.272823
0.272901
0.273058
0.273527
0.274075
0.274310
0.274545
0.275014
0.275249
0.275327
0.275954
0.276345
0.276423
0.276893
0.277128
0.277676
0.277754
0.278067
0.278693
0.278771
0.279241
0.279632
0.280024
0.280337
0.280728
0.281198
0.281667
0.281589
0.282059
0.282607
0.282763
0.283389
0.283702
0.284015
0.284407
0.284720
0.284798
0.285581
0.285659
0.285972
0.286207
0.286364
0.286911
0.287459
0.287772
0.288007
0.288242
0.288790
0.289103
0.289494
0.289729
0.289807
0.290590
0.290825
0.291216
0.291608
0.291842
0.292234
0.292390
0.293330
0.293251
0.293799
0.294034
0.294190
0.294738
0.294660
0.295365
0.295756
0.295834
0.296460
0.296852
0.297008
0.297165
0.297478
0.297947
0.298026
0.298574
0.299200
0.299591
0.299513
0.300217
0.300452
0.300687
0.300609
0.301391
0.301704
0.302017
0.302487
0.302878
0.303035
0.303505
0.303583
0.303896
0.304131
0.304444
0.304913
0.305461
0.305696
0.305931
0.306088
0.306401
0.307105
0.306870
0.307105
0.307731
0.308357
0.308514
0.308670
0.309062
0.309375
0.309531
0.309766
0.310079
0.310549
0.310705
0.311488
0.311566
0.312036
0.312114
0.312662
0.312975
0.312975
0.313445
0.313680
0.314071
0.314541
0.314932
0.315323
0.315871
0.316184
0.316576
0.316654
0.316810
0.317045
0.317515
0.317828
0.318141
0.318454
0.318611
0.319080
0.319315
0.319237
0.320176
0.320489
0.320724
0.320880
0.321428
0.321976
0.322133
0.322524
0.322994
0.322994
0.323463
0.323855
0.324090
0.324481
0.325029
0.325498
0.325811
0.325890
0.326203
0.326438
0.326829
0.327064
0.327768
0.327925
0.328238
0.328629
0.328864
0.329021
0.329177
0.329568
0.330116
0.330273
0.330586
0.331290
0.331369
0.331760
0.331917
0.332386
0.332621
0.332934
0.333325
0.333873
0.333873
0.334421
0.334734
0.334969
0.335204
0.335595
0.335987
0.336221
0.336691
0.336926
0.337161
0.337709
0.337709
0.338022
0.338413
0.338648
0.339196
0.339274
0.339978
0.340291
0.340761
0.340604
0.341152
0.341544
0.342013
0.342326
0.342718
0.343187
0.343187
0.343735
0.343892
0.344048
0.344283
0.344518
0.344988
0.345379
0.345849
0.346162
0.346475
0.346866
0.347179
0.347414
0.347492
0.347962
0.348275
0.348745
0.348823
0.349292
0.349684
0.350466
0.350623
0.350780
0.350858
0.351719
0.352032
0.352267
0.352423
0.352580
0.352971
0.353362
0.353676
0.353989
0.354302
0.354615
0.354850
0.355163
0.355476
0.355476
0.355945
0.356493
0.356806
0.356728
0.356963
0.357511
0.357824
0.358293
0.358372
0.358685
0.359154
0.359311
0.359624
0.360172
0.360485
0.361111
0.361268
0.362050
0.362207
0.362755
0.363068
0.363146
0.363538
0.364007
0.364320
0.364320
0.364398
0.365103
0.365494
0.365494
0.365964
0.366355
0.366434
0.366747
0.367216
0.367138
0.367294
0.367921
0.368469
0.368469
0.368860
0.369095
0.369173
0.369564
0.369877
0.370660
0.370504
0.370895
0.371912
0.371912
0.372147
0.372539
0.372773
0.373086
0.372930
0.373243
0.374104
0.374182
0.374495
0.374808
0.375121
0.375356
0.375982
0.376217
0.376452
0.376374
0.376765
0.377078
0.377783
0.378096
0.378017
0.378409
0.378722
0.378878
0.379191
0.379583
0.380131
0.380522
0.380444
0.380913
0.380992
0.381305
0.381696
0.381931
0.382557
0.382792
0.382948
0.383653
0.383888
0.384201
0.384436
0.384357
0.384670
0.384827
0.385531
0.385844
0.386079
0.386549
0.386705
0.386862
0.387097
0.387645
0.387645
0.387801
0.388740
0.389132
0.389132
0.389288
0.389601
0.389836
0.389993
0.390697
0.391010
0.391402
0.391871
0.392263
0.392263
0.392576
0.392732
0.392967
0.393280
0.393515
0.393984
0.394298
0.394532
0.394767
0.395002
0.395002
0.395550
0.395785
0.396019
0.396489
0.397037
0.397194
0.397663
0.397663
0.398055
0.398211
0.398368
0.398837
0.399150
0.399698
0.399933
0.400481
0.400794
0.400950
0.400950
0.401185
0.401890
0.402281
0.402751
0.402907
0.403533
0.403768
0.403846
0.403846
0.404394
0.404551
0.405021
0.405412
0.405725
0.406351
0.406195
0.406586
0.406586
0.406899
0.407369
0.407603
0.408073
0.408464
0.409012
0.409012
0.409091
0.409560
0.409873
0.410186
0.410499
0.411047
0.411047
0.411752
0.412143
0.412456
0.412691
0.413004
0.413239
0.413552
0.413943
0.414022
0.414413
0.414804
0.415039
0.415274
0.415743
0.415900
0.416057
0.416370
0.416918
0.417152
0.417544
0.417778
0.417778
0.418170
0.418718
0.419109
0.419031
0.419500
0.419892
0.420283
0.420283
0.420674
0.420831
0.421379
0.421692
0.422005
0.422475
0.422553
0.422944
0.423023
0.423492
0.423884
0.424353
0.424275
0.424510
0.425058
0.425527
0.425919
0.425997
0.426545
0.426623
0.426936
0.427171
0.427406
0.427797
0.428110
0.428501
0.428893
0.428815
0.429519
0.429519
0.429832
0.430223
0.430223
0.430458
0.431084
0.431397
0.431632
0.432024
0.432337
0.432493
0.432885
0.433198
0.433511
0.433824
0.434215
0.434372
0.434920
0.435154
0.435389
0.435781
0.436015
0.436328
0.436563
0.436798
0.436798
0.437346
0.437268
0.437816
0.438207
0.438363
0.438598
0.439459
0.439772
0.440007
0.440242
0.441025
0.441259
0.441494
0.441651
0.441886
0.442199
0.442277
0.442590
0.443216
0.443373
0.443451
0.443921
0.444468
0.444312
0.444782
0.445173
0.445486
0.445799
0.446269
0.446347
0.446660
0.446895
0.447051
0.447051
0.447443
0.447599
0.448225
0.448460
0.448852
0.448930
0.449243
0.449243
0.450026
0.450104
0.450417
0.450808
0.451121
0.451669
0.451904
0.452217
0.452765
0.452687
0.453078
0.453391
0.453626
0.453861
0.454565
0.454487
0.454722
0.455191
0.455348
0.455426
0.455739
0.455896
0.456444
0.456835
0.456992
0.457226
0.457305
0.457696
0.457931
0.458322
0.458401
0.458557
0.458948
0.459261
0.459888
0.460044
0.460357
0.460592
0.460827
0.461297
0.461531
0.461453
0.462079
0.462392
0.462862
0.463097
0.463018
0.463332
0.463410
0.463801
0.464036
0.464584
0.464819
0.465132
0.465601
0.465836
0.466071
0.466071
0.466306
0.466619
0.467010
0.467558
0.467949
0.468028
0.468341
0.468263
0.468419
0.468419
0.468889
0.469358
0.469593
0.469984
0.470532
0.470454
0.470767
0.470767
0.471158
0.471472
0.471941
0.472411
0.472724
0.473115
0.473350
0.473350
0.473741
0.474133
0.473976
0.474211
0.474368
0.474759
0.475150
0.475463
0.475776
0.476089
0.476324
0.476324
0.476559
0.477185
0.477498
0.477577
0.477968
0.478438
0.478672
0.478907
0.478985
0.479220
0.479612
0.479925
0.480160
0.480238
0.480864
0.481177
0.481177
0.481490
0.482038
0.482429
0.482742
0.482821
0.483369
0.483447
0.483760
0.484151
0.484230
0.484621
0.484856
0.485247
0.485560
0.485795
0.486265
0.486656
0.486656
0.486969
0.487126
0.487282
0.487908
0.488065
0.488456
0.488769
0.489004
0.489239
0.489317
0.489552
0.489943
0.490022
0.490335
0.490569
0.491430
0.491509
0.491743
0.491900
0.492213
0.492526
0.492683
0.493152
0.493465
0.493857
0.494405
0.494326
0.494483
0.494561
0.495109
0.495344
0.495579
0.496048
0.496361
0.496831
0.497066
0.497457
0.497301
0.497692
0.498083
0.498240
0.498553
0.498709
0.498944
0.499257
0.499570
0.499962
0.500197
0.500275
0.500744
0.501371
0.501762
0.501997
0.502310
0.502388
0.502701
0.503093
0.503249
0.503562
0.504032
0.504267
0.504110
0.504815
0.504893
0.505206
0.505441
0.505675
0.506067
0.506458
0.507241
0.507163
0.507319
0.507945
0.508102
0.508337
0.508650
0.508885
0.508963
0.509511
0.509980
0.509980
0.510215
0.510606
0.510841
0.510920
0.511546
0.511624
0.512015
0.512407
0.512720
0.512876
0.513111
0.513424
0.513816
0.513659
0.514363
0.514442
0.514833
0.515146
0.515851
0.515929
0.516164
0.516398
0.516555
0.516712
0.517181
0.517259
0.517807
0.517964
0.518433
0.518512
0.518903
0.519294
0.519529
0.519686
0.520155
0.520077
0.520468
0.520938
0.521095
0.521799
0.521956
0.522347
0.522582
0.523208
0.523678
0.523678
0.524147
0.524538
0.524460
0.524852
0.525008
0.525165
0.525478
0.525869
0.526104
0.526182
0.526730
0.526808
0.527121
0.527278
0.527434
0.527748
0.528139
0.528530
0.528687
0.529391
0.529626
0.529626
0.530017
0.530174
0.530487
0.530565
0.530800
0.531505
0.532052
0.532131
0.532600
0.532600
0.532992
0.533070
0.533461
0.533774
0.534009
0.534400
0.534557
0.534714
0.535105
0.535340
0.535340
0.535731
0.536044
0.535966
0.536905
0.537062
0.537218
0.537218
0.537766
0.537844
0.538079
0.538314
0.538471
0.539018
0.539175
0.539566
0.539801
0.540036
0.540192
0.540584
0.540819
0.541210
0.541445
0.541836
0.542149
0.542384
0.542932
0.543010
0.543088
0.543480
0.543793
0.543871
0.544341
0.544497
0.544810
0.545123
0.545437
0.545437
0.545671
0.546141
0.546141
0.546532
0.547080
0.547315
0.547550
0.547706
0.547785
0.548019
0.548333
0.548489
0.548880
0.549428
0.549507
0.549741
0.550211
0.550602
0.550524
0.551072
0.551542
0.551933
0.552324
0.552324
0.552794
0.552950
0.553029
0.553420
0.553655
0.553498
0.553968
0.554672
0.554672
0.554907
0.555533
0.555533
0.555768
0.556003
0.556786
0.556707
0.557099
0.557647
0.557490
0.557803
0.558038
0.558429
0.558116
0.558664
0.559055
0.559369
0.559447
0.559916
0.560386
0.560464
0.561012
0.561012
0.561482
0.561951
0.562421
0.562734
0.562656
0.562891
0.563360
0.563439
0.563673
0.563830
0.564300
0.564691
0.565239
0.565552
0.565630
0.565552
0.566178
0.566335
0.566335
0.566882
0.567117
0.567587
0.567587
0.567822
0.567822
0.568370
0.568448
0.568683
0.569074
0.569544
0.570013
0.570483
0.570796
0.570796
0.570874
0.571109
0.571266
0.571813
0.572283
0.572674
0.573066
0.573222
0.573301
0.573301
0.573770
0.573692
0.574162
0.574553
0.574866
0.575257
0.575727
0.575883
0.575962
0.576040
0.576275
0.576744
0.577371
0.577605
0.577762
0.577762
0.578232
0.578545
0.578388
0.578858
0.579093
0.579562
0.579954
0.580423
0.580110
0.580814
0.581206
0.581128
0.581441
0.582067
0.582145
0.582536
0.583084
0.583241
0.583476
0.584024
0.584102
0.584102
0.584102
0.584493
0.585276
0.585667
0.585824
0.586450
0.586137
0.586293
0.586606
0.586763
0.587233
0.587937
0.588015
0.588172
0.588407
0.588641
0.589033
0.589268
0.589502
0.590129
0.590363
0.590598
0.590990
0.591146
0.591459
0.591381
0.591772
0.592242
0.592555
0.593103
0.593103
0.593259
0.593572
0.593572
0.593886
0.594277
0.594590
0.594981
0.595294
0.595451
0.595686
0.595842
0.596234
0.596390
0.596625
0.596703
0.597173
0.597642
0.597877
0.598112
0.598425
0.598503
0.598738
0.598895
0.599364
0.599521
0.599912
0.600225
0.600382
0.600773
0.600930
0.601321
0.601165
0.601713
0.602339
0.602495
0.602495
0.602965
0.603356
0.603356
0.603591
0.604061
0.604139
0.604530
0.604922
0.605391
0.605469
0.605704
0.606017
0.605939
0.606487
0.606800
0.607113
0.607191
0.607504
0.608052
0.608131
0.608131
0.608600
0.608600
0.609148
0.609305
0.609618
0.609774
0.610009
0.610166
0.610635
0.611105
0.610948
0.611027
0.611496
0.611653
0.612044
0.612435
0.612514
0.612827
0.613296
0.613140
0.613688
0.614001
0.614079
0.614314
0.614314
0.614470
0.614940
0.615175
0.615410
0.615645
0.616036
0.616192
0.616506
0.616584
0.616897
0.617366
0.617210
0.617758
0.617993
0.618697
0.618541
0.618619
0.618854
0.619480
0.619480
0.619636
0.619949
0.619949
0.620654
0.620889
0.621045
0.621123
0.621828
0.621906
0.622063
0.622141
0.622689
0.622845
0.622767
0.623080
0.623393
0.623550
0.624098
0.624098
0.624332
0.624724
0.625037
0.625115
0.625350
0.625741
0.625898
0.626289
0.626524
0.626837
0.627072
0.627307
0.627542
0.627776
0.627933
0.628403
0.629107
0.628794
0.629263
0.629655
0.629811
0.630203
0.630046
0.630594
0.630907
0.631298
0.631925
0.632159
0.632238
0.632316
0.632707
0.632864
0.633099
0.633725
0.634038
0.633881
0.634194
0.634586
0.634586
0.635134
0.634899
0.635290
0.635760
0.635995
0.636386
0.636856
0.636699
0.636934
0.636934
0.637325
0.637638
0.638030
0.638734
0.638656
0.638734
0.638969
0.639282
0.639517
0.640065
0.640300
0.640691
0.641082
0.641317
0.641474
0.641865
0.641943
0.641865
0.642178
0.642726
0.642961
0.643743
0.643822
0.643978
0.644291
0.643978
0.644291
0.644839
0.645152
0.645544
0.646326
0.645935
0.646405
0.646952
0.646874
0.646952
0.647579
0.647813
0.648205
0.648127
0.648596
0.648987
0.649379
0.649457
0.649692
0.649927
0.650318
0.650866
0.651101
0.651179
0.651414
0.651805
0.651962
0.651883
0.652431
0.653214
0.653292
0.653684
0.654388
0.653997
0.654466
0.654623
0.654858
0.655171
0.655719
0.655953
0.656267
0.656267
0.656658
0.656971
0.656736
0.656971
0.657284
0.657910
0.658223
0.658458
0.658615
0.658849
0.658849
0.659163
0.659397
0.660102
0.660650
0.660728
0.661198
0.661276
0.661667
0.661667
0.661980
0.662450
0.662528
0.663154
0.663311
0.663702
0.664172
0.663937
0.664094
0.664407
0.664407
0.664720
0.665581
0.665581
0.666050
0.666129
0.666520
0.666442
0.666833
0.667303
0.667303
0.667850
0.668320
0.668633
0.668946
0.668946
0.668946
0.669181
0.669103
0.669886
0.670199
0.670355
0.670433
0.671294
0.671294
0.671451
0.671451
0.671686
0.671921
0.672860
0.673095
0.673408
0.673486
0.673642
0.673799
0.673721
0.674034
0.674738
0.674973
0.675364
0.675677
0.675677
0.675834
0.675991
0.676304
0.676695
0.677008
0.677634
0.677947
0.678104
0.678260
0.678417
0.678417
0.678730
0.678965
0.679434
0.679982
0.680217
0.680374
0.680765
0.681000
0.681469
0.681626
0.682252
0.682643
0.682800
0.683035
0.682878
0.683504
0.683974
0.683818
0.684052
0.684757
0.684757
0.685226
0.685539
0.686009
0.686244
0.686322
0.686635
0.686792
0.687183
0.687809
0.687809
0.687809
0.688279
0.688827
0.688827
0.689062
0.689218
0.689844
0.690157
0.690627
0.690784
0.691097
0.691488
0.691488
0.691801
0.692505
0.692975
0.693288
0.693288
0.693680
0.694149
0.694540
0.694227
0.694775
0.694932
0.695245
0.695636
0.695793
0.696106
0.696732
0.696889
0.696889
0.697593
0.697828
0.698141
0.698454
0.698845
0.699080
0.699550
0.699941
0.699863
0.700489
0.700646
0.701272
0.701272
0.701663
0.701820
0.701898
0.702524
0.702681
0.703307
0.703776
0.703542
0.704011
0.704324
0.704559
0.704872
0.705185
0.705420
0.705655
0.705733
0.706672
0.706516
0.707377
0.707690
0.708003
0.707846
0.707768
0.708003
0.708159
0.707925
0.707846
0.707690
0.707846
0.707533
0.707377
0.707298
0.707064
0.706907
0.706907
0.706516
0.706437
0.706046
0.705811
0.705968
0.705890
0.705263
0.704950
0.704872
0.704168
0.704168
0.704011
0.703542
0.703307
0.703307
0.702446
0.702602
0.702054
0.701820
0.701663
0.701272
0.700646
0.700489
0.700254
0.699706
0.699550
0.699002
0.699080
0.698767
0.698141
0.697984
0.697515
0.697202
0.696654
0.696576
0.696262
0.696106
0.695715
0.695636
0.695167
0.694697
0.694306
0.694071
0.693366
0.692975
0.692975
0.692427
0.692114
0.692036
0.691488
0.691331
0.690940
0.690314
0.690157
0.689609
0.689375
0.688983
0.688905
0.688357
0.688044
0.687340
0.687183
0.687105
0.686244
0.686322
0.686087
0.685618
0.685539
0.684992
0.684835
0.684287
0.684131
0.683426
0.683348
0.683035
0.682722
0.682722
0.682174
0.681626
0.681156
0.680843
0.680295
0.680061
0.679747
0.679278
0.679121
0.678808
0.678104
0.677947
0.677634
0.677399
0.677243
0.676852
0.676538
0.675991
0.675599
0.675443
0.675130
0.674973
0.674503
0.673956
0.673564
0.673173
0.672938
0.672547
0.672155
0.671764
0.671686
0.670981
0.670668
0.670199
0.670433
0.669807
0.669494
0.669338
0.668790
0.668320
0.668164
0.667694
0.667224
0.667459
0.666911
0.666598
0.666129
0.665894
0.665659
0.665581
0.665111
0.664172
0.664172
0.663624
0.663389
0.662841
0.662998
0.662841
0.662372
0.662059
0.661902
0.661511
0.661511
0.660806
0.660650
0.660024
0.659476
0.659163
0.658849
0.658771
0.658458
0.658536
0.658223
0.657832
0.657519
0.657128
0.656971
0.656736
0.656110
0.655875
0.655327
0.655249
0.655093
0.654858
0.654701
0.653997
0.653997
0.653449
0.653136
0.652979
0.652744
0.652275
0.651649
0.651414
0.650631
0.650866
0.650318
0.650005
0.649848
0.649457
0.649066
0.648753
0.648596
0.648283
0.647657
0.647422
0.646952
0.647031
0.646405
0.646405
0.646013
0.645778
0.645231
0.645387
0.644839
0.644291
0.643822
0.643587
0.643430
0.643117
0.642491
0.642413
0.642178
0.641630
0.641708
0.641395
0.641004
0.640221
0.639908
0.639595
0.639282
0.639125
0.638969
0.638578
0.637951
0.637951
0.637560
0.637325
0.636777
0.636464
0.635760
0.635603
0.635603
0.635290
0.634899
0.634664
0.634429
0.634116
0.633803
0.633490
0.633099
0.632473
0.632394
0.632081
0.631768
0.631846
0.631220
0.631220
0.630438
0.630516
0.630359
0.629498
0.629185
0.628872
0.628637
0.628481
0.628168
0.628089
0.627307
0.627307
0.627385
0.626915
0.626211
0.625663
0.624959
0.624724
0.624567
0.624489
0.624332
0.623941
0.623706
0.623550
0.623080
0.622611
0.622219
0.621828
0.621593
0.621202
0.620967
0.620810
0.620654
0.620184
0.620262
0.619480
0.619088
0.618541
0.618384
0.618071
0.617993
0.617523
0.617523
0.616819
0.616740
0.616349
0.616036
0.615331
0.615253
0.614784
0.614549
0.614392
0.614549
0.614392
0.614001
0.613531
0.613296
0.612670
0.612279
0.611731
0.611418
0.611418
0.611105
0.611105
0.610714
0.610400
0.610009
0.609618
0.609305
0.608757
0.608365
0.608365
0.607739
0.607583
0.607661
0.607504
0.606800
0.606644
0.606017
0.605704
0.605235
0.604765
0.604843
0.604295
0.604217
0.603982
0.603748
0.603356
0.603121
0.602808
0.602339
0.601556
0.601399
0.601165
0.600930
0.600617
0.599912
0.599991
0.599912
0.599599
0.598895
0.598112
0.598190
0.598112
0.597564
0.597016
0.597016
0.596625
0.596703
0.595999
0.595764
0.595373
0.594981
0.594747
0.594433
0.594120
0.593807
0.593651
0.593416
0.593259
0.592946
0.592164
0.591851
0.591224
0.591537
0.591224
0.590755
0.590285
0.590129
0.589659
0.589424
0.589033
0.588563
0.588015
0.587859
0.587467
0.587233
0.587154
0.586841
0.586685
0.586059
0.585745
0.585276
0.585041
0.584728
0.584650
0.584415
0.584337
0.583867
0.583397
0.583241
0.582849
0.582302
0.581910
0.581519
0.581441
0.581128
0.581049
0.580736
0.580423
0.580110
0.580032
0.579406
0.579171
0.578466
0.578623
0.578153
0.577840
0.577527
0.577449
0.576744
0.576744
0.575962
0.575649
0.575492
0.575257
0.575257
0.574553
0.574631
0.574240
0.574318
0.573770
0.573301
0.572909
0.572831
0.572518
0.572283
0.571970
0.571735
0.571579
0.571187
0.570952
0.570405
0.570092
0.569622
0.569309
0.569074
0.568761
0.568761
0.568057
0.568213
0.567900
0.567665
0.567352
0.566882
0.566726
0.566491
0.566569
0.566100
0.565943
0.565474
0.565395
0.565082
0.564926
0.564613
0.564065
0.563908
0.563517
0.563204
0.562969
0.562265
0.562578
0.562265
0.561795
0.561247
0.560777
0.560777
0.560308
0.559838
0.559838
0.559134
0.559212
0.559055
0.558742
0.557960
0.557725
0.557725
0.557647
0.557568
0.556786
0.556629
0.556081
0.556081
0.555846
0.555455
0.554985
0.554907
0.554594
0.554438
0.553890
0.553655
0.553342
0.553185
0.553029
0.552637
0.552246
0.551933
0.551855
0.551542
0.551072
0.550602
0.550446
0.549976
0.549663
0.549193
0.548880
0.548567
0.548489
0.547863
0.547706
0.547315
0.547158
0.547080
0.546611
0.546454
0.546297
0.545984
0.545828
0.545202
0.544732
0.545045
0.544654
0.544497
0.544184
0.544028
0.543323
0.543323
0.543167
0.542619
0.542227
0.541914
0.541680
0.541288
0.541367
0.540975
0.540740
0.540192
0.539879
0.539410
0.538940
0.538862
0.538471
0.538079
0.537610
0.537531
0.537453
0.536983
0.536749
0.536436
0.535888
0.535575
0.535575
0.535418
0.535261
0.534870
0.534557
0.534009
0.533774
0.533305
0.533070
0.532679
0.532679
0.532600
0.532052
0.531739
0.531661
0.531035
0.530644
0.530017
0.529861
0.529626
0.529469
0.529469
0.529000
0.528687
0.528452
0.527982
0.527591
0.527278
0.527043
0.526417
0.526339
0.526260
0.526026
0.525556
0.525399
0.524930
0.524773
0.524225
0.524225
0.523443
0.523521
0.523130
0.522895
0.522582
0.522190
0.521799
0.521486
0.520703
0.520155
0.520077
0.519921
0.519999
0.519529
0.519138
0.518668
0.518120
0.518042
0.517651
0.517572
0.517259
0.517181
0.516555
0.516477
0.516242
0.515694
0.515146
0.514755
0.514363
0.514129
0.513972
0.513424
0.513346
0.513189
0.512955
0.512563
0.511859
0.511389
0.511233
0.510685
0.510763
0.510372
0.510215
0.509824
0.509667
0.509198
0.508571
0.508415
0.508415
0.507554
0.507789
0.507163
0.507006
0.506771
0.506380
0.505910
0.505206
0.504971
0.505284
0.504893
0.504423
0.504267
0.504110
0.503875
0.503406
0.502858
0.502936
0.502153
0.502075
0.501840
0.501605
0.501058
0.500744
0.500431
0.500118
0.499727
0.499179
0.498944
0.498475
0.498553
0.498553
0.498083
0.497927
0.497457
0.496909
0.496674
0.495813
0.495735
0.495735
0.495422
0.495266
0.494796
0.494718
0.494405
0.493700
0.493152
0.493152
0.492604
0.492135
0.492057
0.492057
0.491509
0.491509
0.490648
0.490335
0.489943
0.490022
0.489474
0.489395
0.489082
0.488691
0.488613
0.488221
0.487752
0.487517
0.487360
0.486578
0.486734
0.486186
0.486108
0.485873
0.485325
0.485247
0.485091
0.484699
0.484308
0.483838
0.483838
0.483760
0.483447
0.482977
0.483056
0.482508
0.482273
0.481725
0.481334
0.481020
0.480551
0.480394
0.479846
0.479690
0.479299
0.478907
0.478751
0.477968
0.477968
0.477498
0.477498
0.477342
0.476872
0.476794
0.476637
0.476089
0.475776
0.475229
0.475307
0.474915
0.474915
0.474368
0.474133
0.474211
0.473663
0.473428
0.472959
0.472880
0.472019
0.472019
0.471863
0.471550
0.471002
0.471002
0.470298
0.470141
0.469750
0.469593
0.469280
0.468889
0.468654
0.468106
0.468028
0.467871
0.467636
0.467323
0.466854
0.466541
0.466228
0.465914
0.465758
0.465210
0.464897
0.464740
0.464427
0.463958
0.463801
0.463332
0.463018
0.462784
0.462627
0.462314
0.461844
0.461453
0.461375
0.460827
0.460436
0.460122
0.459809
0.459575
0.459027
0.458792
0.458479
0.458479
0.457931
0.457540
0.457383
0.456835
0.456757
0.456287
0.456209
0.455896
0.455739
0.455348
0.455035
0.454878
0.454565
0.454252
0.453783
0.453626
0.453470
0.453156
0.452843
0.452374
0.452217
0.451513
0.451356
0.451043
0.450808
0.450026
0.450104
0.449713
0.449243
0.449008
0.448617
0.448460
0.448147
0.447756
0.447364
0.447286
0.447051
0.446660
0.446347
0.446112
0.445329
0.445408
0.444938
0.444625
0.444234
0.443999
0.443686
0.443608
0.443373
0.442590
0.442512
0.441964
0.441494
0.441807
0.440790
0.440868
0.440477
0.440242
0.439851
0.439459
0.438911
0.438520
0.437972
0.437659
0.437424
0.437111
0.436798
0.436798
0.436563
0.436015
0.435781
0.435546
0.434920
0.434998
0.434372
0.434137
0.433902
0.433589
0.433589
0.433198
0.432963
0.432728
0.432258
0.431632
0.431397
0.431084
0.431006
0.430536
0.430302
0.430067
0.429597
0.429362
0.428893
0.428658
0.428423
0.428032
0.428032
0.427640
0.427171
0.427093
0.426936
0.426153
0.426153
0.425449
0.424823
0.424823
0.424510
0.424510
0.423884
0.423727
0.423492
0.422944
0.422631
0.422318
0.422083
0.421692
0.421770
0.421066
0.420674
0.420518
0.420048
0.419735
0.419422
0.419187
0.418718
0.418639
0.418326
0.418013
0.417778
0.417622
0.416996
0.416213
0.416213
0.415743
0.415587
0.414961
0.414961
0.415039
0.414335
0.414022
0.413552
0.413395
0.413161
0.412848
0.412613
0.412534
0.411908
0.411830
0.411673
0.411047
0.410812
0.410578
0.409952
0.409795
0.409795
0.409717
0.409012
0.408777
0.408308
0.408073
0.407682
0.407369
0.407056
0.406899
0.406742
0.406742
0.406195
0.406038
0.405412
0.405255
0.404707
0.404394
0.404160
0.404081
0.403846
0.403377
0.403142
0.402829
0.402438
0.401890
0.401577
0.401185
0.401185
0.400872
0.400559
0.400011
0.399855
0.399463
0.399150
0.398289
0.398055
0.398211
0.397820
0.397741
0.397272
0.397037
0.396724
0.396333
0.395550
0.395472
0.395393
0.395159
0.394924
0.394845
0.394454
0.394219
0.393750
0.393437
0.393045
0.392732
0.392419
0.391949
0.392028
0.391480
0.391088
0.390854
0.390619
0.390306
0.390149
0.389523
0.388975
0.389053
0.388740
0.388349
0.388114
0.387801
0.387488
0.387175
0.386627
0.386471
0.386236
0.385844
0.385531
0.385375
0.385218
0.384827
0.384514
0.384044
0.383888
0.383809
0.383575
0.383340
0.382870
0.382322
0.382557
0.381931
0.381540
0.381148
0.380679
0.380444
0.380287
0.379896
0.379739
0.379505
0.379270
0.378565
0.378174
0.378017
0.377704
0.377470
0.377313
0.376922
0.376687
0.376452
0.376139
0.375904
0.375356
0.375121
0.374652
0.374339
0.374182
0.373947
0.373478
0.373086
0.373008
0.372773
0.372304
0.371991
0.371678
0.371443
0.371286
0.370817
0.370504
0.370190
0.369956
0.369329
0.369016
0.368625
0.368390
0.368155
0.367842
0.367529
0.367373
0.366981
0.366512
0.365886
0.366042
0.365573
0.365651
0.365103
0.364712
0.364477
0.364242
0.363694
0.363459
0.363068
0.362833
0.362520
0.362129
0.361816
0.361424
0.361033
0.360485
0.360172
0.359781
0.359233
0.358763
0.358685
0.358293
0.357824
0.357746
0.357198
0.357119
0.356572
0.356102
0.356024
0.355632
0.355084
0.354850
0.354928
0.354458
0.354223
0.353754
0.353441
0.352893
0.352736
0.352501
0.352032
0.351562
0.351093
0.351484
0.350858
0.350153
0.350310
0.349840
0.349292
0.348901
0.348353
0.348197
0.348197
0.347727
0.347492
0.347257
0.347023
0.346631
0.346396
0.346005
0.345770
0.345301
0.344988
0.344753
0.344361
0.344048
0.343735
0.343500
0.343109
0.342796
0.342405
0.342170
0.341465
0.341152
0.340996
0.340839
0.340604
0.339822
0.339509
0.339274
0.338961
0.338491
0.338178
0.338100
0.337709
0.337317
0.337161
0.336613
0.336456
0.335595
0.335673
0.335517
0.335282
0.334578
0.334343
0.334265
0.333717
0.333325
0.333012
0.332778
0.332308
0.332073
0.331760
0.331525
0.331212
0.330742
0.330273
0.330038
0.329647
0.329568
0.329177
0.328629
0.328394
0.328316
0.327925
0.327612
0.327142
0.326829
0.326516
0.326125
0.325733
0.325498
0.325107
0.324951
0.324951
0.324168
0.323933
0.323698
0.323229
0.323150
0.322916
0.322602
0.322368
0.321898
0.321428
0.320724
0.320489
0.320254
0.319941
0.319941
0.319159
0.318924
0.318845
0.318454
0.317985
0.317593
0.317202
0.317045
0.316419
0.316576
0.316341
0.315636
0.315402
0.315089
0.314775
0.314541
0.314228
0.313836
0.313601
0.313367
0.312975
0.312897
0.312349
0.312506
0.311958
0.311332
0.310940
0.310627
0.310549
0.309766
0.309688
0.309297
0.309140
0.308827
0.308357
0.308201
0.307809
0.307340
0.306870
0.306557
0.306401
0.306088
0.305774
0.305305
0.305070
0.304913
0.304287
0.303818
0.303661
0.303661
0.303113
0.302957
0.302644
0.302565
0.301939
0.301470
0.301000
0.301000
0.300296
0.300217
0.299748
0.299591
0.299200
0.298887
0.298417
0.298026
0.297713
0.297634
0.297321
0.297008
0.296695
0.296382
0.295912
0.295756
0.295130
0.295051
0.294660
0.294504
0.294504
0.294034
0.293643
0.293330
0.292860
0.292625
0.292234
0.291999
0.291608
0.291216
0.291060
0.290747
0.290590
0.290590
0.290042
0.289416
0.289338
0.288946
0.288633
0.288477
0.288007
0.287929
0.287851
0.287068
0.286755
0.286598
0.286050
0.285659
0.285346
0.285033
0.284642
0.284485
0.284172
0.283624
0.283311
0.283154
0.282920
0.282450
0.281902
0.281746
0.281589
0.280885
0.280493
0.280493
0.279867
0.279241
0.279084
0.278537
0.278458
0.278145
0.277597
0.277284
0.277206
0.276658
0.276345
0.275875
0.275562
0.275406
0.275171
0.274780
0.274388
0.274153
0.273762
0.273292
0.273136
0.272510
0.272275
0.271962
0.271727
0.271492
0.270944
0.271023
0.270240
0.270083
0.269614
0.269457
0.268831
0.268048
0.267970
0.268048
0.267735
0.267422
0.267266
0.266796
0.266405
0.265935
0.265622
0.265309
0.265152
0.264761
0.264605
0.264213
0.263822
0.263274
0.263117
0.262961
0.262335
0.262178
0.261787
0.261552
0.261161
0.260769
0.260769
0.260143
0.259752
0.259204
0.258891
0.258656
0.258421
0.257795
0.257717
0.257247
0.256778
0.256699
0.255995
0.255682
0.255369
0.255212
0.254899
0.254429
0.254038
0.253882
0.253177
0.253099
0.252629
0.252160
0.252160
0.251768
0.251377
0.250986
0.250829
0.250438
0.250438
0.249890
0.249342
0.248951
0.248637
0.248481
0.248168
0.247698
0.247542
0.247307
0.246681
0.246446
0.246055
0.245663
0.245115
0.245037
0.244489
0.244489
0.244098
0.243706
0.243237
0.243237
0.242767
0.242219
0.241906
0.241828
0.241593
0.240967
0.240184
0.240106
0.239715
0.239167
0.238384
0.238619
0.238228
0.237836
0.237680
0.237367
0.237054
0.236819
0.236114
0.235723
0.235488
0.235175
0.234940
0.234314
0.234236
0.233766
0.233453
0.233218
0.232984
0.232592
0.232123
0.231731
0.231262
0.230870
0.230322
0.230166
0.229931
0.229383
0.229227
0.228835
0.228522
0.227896
0.227505
0.227661
0.227113
0.227113
0.226487
0.226409
0.225861
0.225626
0.225235
0.224922
0.224843
0.224296
0.223826
0.223513
0.223513
0.223200
0.222495
0.222417
0.221947
0.221634
0.221321
0.221087
0.220773
0.220382
0.220147
0.219443
0.219286
0.218738
0.218347
0.218191
0.217721
0.217721
0.217408
0.216860
0.216469
0.215999
0.215608
0.215529
0.214903
0.214747
0.214277
0.214042
0.213807
0.213729
0.212790
0.212555
0.211929
0.212007
0.211694
0.211381
0.211381
0.210833
0.210442
0.209894
0.209894
0.209033
0.208876
0.208720
0.208250
0.207859
0.207624
0.207311
0.206998
0.206841
0.206372
0.205902
0.205667
0.205119
0.204963
0.204415
0.204337
0.204259
0.203711
0.203398
0.202850
0.202380
0.202380
0.202067
0.201754
0.201284
0.200815
0.200423
0.199875
0.199641
0.198780
0.198623
0.198623
0.197997
0.197606
0.197371
0.197292
0.196510
0.196588
0.195962
0.195962
0.195414
0.194866
0.194710
0.194240
0.194162
0.193692
0.193536
0.192988
0.192283
0.192048
0.191422
0.191422
0.191187
0.190561
0.190248
0.189935
0.189387
0.188918
0.188683
0.188213
0.187665
0.187665
0.187587
0.187117
0.186491
0.186335
0.185943
0.185787
0.185474
0.185082
0.184613
0.184221
0.184065
0.183830
0.183360
0.183282
0.182656
0.182499
0.182030
0.181717
0.181560
0.181247
0.180621
0.180386
0.179995
0.179760
0.179604
0.178664
0.178351
0.178273
0.177569
0.177255
0.176942
0.176394
0.176081
0.175847
0.175690
0.174907
0.174594
0.174438
0.174281
0.173890
0.173420
0.173107
0.173029
0.172559
0.172324
0.172011
0.171463
0.171150
0.170681
0.170289
0.170133
0.169663
0.169194
0.169037
0.168802
0.168098
0.168020
0.167628
0.167550
0.167159
0.166767
0.166532
0.165906
0.165593
0.165437
0.164967
0.164419
0.164263
0.163950
0.163636
0.163010
0.162541
0.162384
0.162071
0.161601
0.161210
0.160819
0.160662
0.160349
0.159880
0.159488
0.159253
0.158549
0.158471
0.158158
0.157610
0.157453
0.156905
0.156514
0.156201
0.155653
0.155183
0.155027
0.154714
0.154401
0.153853
0.153540
0.153227
0.152757
0.152366
0.151896
0.151739
0.151270
0.151113
0.150409
0.150174
0.149861
0.149157
0.149000
0.148609
0.148139
0.147748
0.147591
0.146965
0.147122
0.146495
0.146182
0.146026
0.145321
0.144695
0.144460
0.144147
0.143834
0.143521
0.143208
0.142817
0.142347
0.141799
0.141799
0.141251
0.140469
0.140312
0.139764
0.139529
0.139216
0.138903
0.138512
0.138277
0.137494
0.137260
0.137103
0.136633
0.136477
0.135929
0.135381
0.135068
0.134677
0.134129
0.133424
0.133111
0.132876
0.132720
0.132485
0.132015
0.131702
0.131155
0.131076
0.130528
0.129746
0.129667
0.129276
0.129041
0.128728
0.128180
0.128024
0.127398
0.127006
0.126928
0.126302
0.125832
0.125441
0.125284
0.125284
0.124971
0.124580
0.124110
0.123719
0.123484
0.122858
0.122075
0.122075
0.121762
0.121684
0.121293
0.120666
0.120040
0.119884
0.119414
0.118866
0.118397
0.118083
0.117457
0.117144
0.116831
0.116753
0.116518
0.115970
0.115266
0.114874
0.114483
0.114170
0.113935
0.113387
0.113231
0.112761
0.112605
0.112057
0.111587
0.111196
0.110804
0.110413
0.110178
0.109787
0.109239
0.109161
0.108691
0.108378
0.107752
0.107204
0.106500
0.106734
0.106265
0.106030
0.105639
0.105404
0.104856
0.104465
0.104073
0.103604
0.103447
0.103134
0.102664
0.102586
0.101960
0.101647
0.101569
0.101334
0.100551
0.100081
0.099690
0.099377
0.098829
0.098516
0.098281
0.097577
0.097107
0.096951
0.096324
0.095855
0.095307
0.095229
0.094837
0.094681
0.094211
0.093742
0.093428
0.092724
0.092333
0.091707
0.091550
0.091550
0.091159
0.090611
0.090219
0.089985
0.089515
0.089045
0.088263
0.088184
0.087715
0.087480
0.087167
0.086776
0.086149
0.085758
0.085367
0.084819
0.084427
0.084349
0.083801
0.083410
0.083175
0.082862
0.082627
0.082001
0.081453
0.080827
0.080514
0.080201
0.079653
0.079183
0.078870
0.078635
0.078244
0.077853
0.077540
0.076914
0.076444
0.075896
0.075583
0.075426
0.075348
0.074800
0.074487
0.074018
0.073235
0.072922
0.072765
0.072139
0.071983
0.071435
0.071278
0.070809
0.070730
0.069948
0.069400
0.068930
0.068382
0.068069
0.068147
0.067678
0.067052
0.066582
0.066504
0.066112
0.065408
0.065173
0.064390
0.064077
0.063686
0.063608
0.062982
0.062434
0.062277
0.061964
0.061181
0.060712
0.060242
0.059772
0.059772
0.059068
0.058598
0.058051
0.057816
0.057503
0.057190
0.056485
0.056407
0.056016
0.055624
0.055546
0.054763
0.054372
0.053824
0.053589
0.053041
0.052650
0.052180
0.051945
0.051711
0.051006
0.050537
0.050145
0.049676
0.049597
0.049050
0.048189
0.047954
0.047484
0.047328
0.047014
0.046780
0.046388
0.045919
0.045527
0.044823
0.044197
0.044119
0.043571
0.043805
0.043101
0.042475
0.041927
0.041536
0.041223
0.040362
0.040127
0.039657
0.039031
0.038796
0.038092
0.037544
0.037231
0.036918
0.036370
0.036057
0.035431
0.035352
0.034726
0.034413
0.034100
0.033317
0.033161
0.032691
0.031987
0.031752
0.031126
0.030656
0.030265
0.029795
0.029326
0.028699
0.028386
0.028073
0.027838
0.027447
0.026977
0.026273
0.025803
0.025334
0.025099
0.024473
0.023847
0.023612
0.023534
0.022751
0.022438
0.022046
0.021812
0.021264
0.021029
0.020638
0.020090
0.019229
0.018994
0.018524
0.018055
0.017663
0.017507
0.017037
0.016411
0.015785
0.015315
0.014924
0.014533
0.014141
0.013672
0.013358
0.012967
0.012498
0.012106
0.011323
0.010697
0.010228
0.009993
0.009523
0.009210
0.008584
0.008506
0.008114
0.007567
0.007019
0.006236
0.005766
0.005531
0.005140
0.004749
0.004201
0.003496
0.003496
0.002636
0.002166
0.001540
0.001148
0.000600
0.000600
0.000287
-0.000026
-0.000808
-0.001043
-0.001356
-0.001748
-0.002687
-0.003235
-0.003156
-0.003470
-0.004017
-0.004644
-0.004878
-0.005348
-0.005583
-0.006209
-0.006913
-0.007226
-0.007853
-0.008244
-0.008870
-0.009105
-0.009575
-0.010044
-0.010670
-0.010983
-0.012001
-0.012314
-0.012549
-0.013097
-0.013410
-0.013958
-0.014192
-0.014740
-0.015288
-0.015445
-0.016384
-0.017245
-0.017323
-0.017636
-0.018028
-0.018576
-0.018810
-0.019515
-0.020063
-0.020689
-0.021706
-0.022176
-0.022411
-0.022802
-0.023272
-0.023741
-0.024524
-0.024837
-0.024759
-0.025620
-0.026090
-0.026794
-0.027264
-0.027577
-0.028046
-0.028516
-0.029142
-0.029768
-0.030238
-0.030551
-0.031568
-0.032195
-0.032821
-0.033056
-0.033369
-0.033916
-0.034151
-0.034856
-0.035012
-0.035951
-0.036812
-0.037439
-0.037673
-0.038300
-0.038221
-0.039082
-0.039474
-0.040100
-0.040648
-0.041274
-0.042135
-0.042996
-0.043309
-0.043935
-0.044405
-0.044874
-0.045422
-0.045970
-0.046440
-0.047222
-0.047692
-0.048553
-0.048709
-0.049414
-0.049884
-0.050588
-0.050979
-0.051449
-0.051997
-0.052936
-0.053406
-0.053875
-0.054345
-0.054815
-0.055284
-0.055754
-0.056458
-0.056693
-0.057554
-0.058102
-0.058650
-0.059432
-0.059824
-0.060137
-0.060528
-0.060841
-0.061937
-0.062485
-0.062798
-0.063189
-0.063972
-0.064363
-0.065303
-0.065381
-0.065929
-0.066790
-0.067338
-0.067651
-0.068042
-0.068590
-0.069529
-0.070468
-0.070703
-0.071408
-0.071721
-0.072034
-0.072817
-0.073678
-0.073912
-0.074304
-0.074852
-0.075634
-0.076495
-0.076808
-0.076965
-0.077513
-0.078452
-0.078922
-0.079626
-0.080409
-0.081191
-0.081818
-0.082600
-0.082992
-0.083226
-0.083540
-0.084635
-0.084948
-0.085653
-0.085966
-0.087140
-0.087688
-0.088079
-0.088705
-0.088705
-0.089331
-0.090192
-0.090662
-0.090975
-0.091601
-0.092541
-0.093088
-0.093402
-0.094184
-0.094419
-0.094732
-0.095671
-0.096141
-0.096689
-0.097237
-0.097863
-0.098959
-0.099193
-0.099898
-0.100681
-0.100837
-0.101542
-0.102403
-0.102872
-0.103342
-0.104046
-0.104985
-0.105690
-0.105925
-0.107020
-0.107568
-0.107960
-0.108586
-0.108977
-0.109447
-0.110073
-0.110934
-0.111717
-0.112265
-0.112891
-0.112891
-0.113673
-0.114143
-0.115317
-0.115708
-0.116335
-0.117039
-0.117665
-0.118604
-0.118996
-0.119622
-0.120405
-0.121187
-0.121892
-0.122674
-0.122909
-0.123692
-0.124318
-0.125179
-0.125570
-0.126118
-0.126510
-0.127292
-0.127919
-0.128701
-0.129171
-0.129875
-0.130580
-0.131597
-0.131989
-0.132380
-0.133006
-0.133710
-0.134571
-0.135119
-0.135824
-0.136293
-0.136841
-0.137780
-0.138015
-0.138798
-0.139346
-0.139816
-0.140676
-0.141694
-0.142164
-0.142946
-0.143494
-0.143886
-0.144590
-0.145216
-0.145607
-0.146155
-0.146625
-0.147486
-0.148425
-0.148973
-0.149443
-0.150147
-0.150773
-0.151713
-0.151947
-0.152887
-0.153278
-0.154061
-0.154922
-0.155313
-0.156409
-0.156644
-0.157426
-0.158052
-0.158757
-0.159226
-0.159618
-0.160557
-0.161809
-0.162514
-0.162827
-0.163375
-0.163923
-0.164705
-0.165253
-0.165566
-0.166271
-0.167210
-0.168227
-0.168775
-0.169323
-0.169793
-0.170184
-0.171202
-0.171671
-0.172219
-0.172689
-0.173393
-0.174332
-0.174959
-0.175820
-0.175976
-0.176915
-0.177463
-0.177776
-0.178559
-0.179263
-0.179420
-0.180985
-0.181455
-0.182473
-0.182551
-0.182942
-0.183803
-0.184508
-0.184742
-0.185525
-0.185916
-0.186856
-0.187873
-0.188421
-0.189047
-0.189673
-0.190143
-0.190613
-0.191474
-0.191865
-0.192335
-0.193039
-0.194213
-0.194996
-0.195544
-0.196013
-0.196326
-0.197031
-0.197422
-0.197970
-0.198440
-0.199379
-0.200396
-0.201179
-0.202040
-0.202353
-0.203292
-0.203605
-0.204310
-0.204779
-0.205327
-0.205875
-0.206736
-0.207597
-0.207910
-0.208693
-0.209163
-0.209632
-0.210180
-0.210806
-0.211511
-0.212215
-0.212763
-0.213859
-0.214563
-0.214798
-0.215424
-0.215659
-0.216207
-0.216755
-0.217537
-0.217929
-0.218477
-0.218868
-0.219807
-0.220433
-0.220981
-0.221294
-0.221921
-0.222547
-0.223095
-0.223642
-0.224034
-0.224738
-0.225834
-0.226382
-0.226852
-0.227243
-0.227634
-0.228495
-0.228808
-0.229356
-0.230139
-0.230374
-0.231156
-0.232174
-0.232643
-0.232878
-0.233583
-0.233974
-0.234052
-0.234444
-0.235383
-0.235696
-0.236166
-0.237105
-0.237731
-0.238122
-0.238592
-0.238749
-0.239296
-0.240157
-0.240784
-0.241175
-0.241879
-0.242584
-0.243366
-0.243758
-0.244306
-0.244775
-0.244932
-0.245558
-0.246184
-0.246341
-0.246732
-0.247358
-0.247750
-0.248689
-0.249158
-0.249785
-0.249785
-0.250332
-0.250646
-0.251350
-0.251820
-0.252054
-0.252915
-0.253307
-0.253855
-0.254246
-0.254481
-0.255029
-0.255420
-0.255890
-0.256203
-0.256672
-0.257064
-0.257690
-0.258159
-0.258551
-0.259020
-0.259177
-0.259490
-0.260351
-0.260664
-0.261212
-0.261212
-0.261760
-0.262308
-0.262777
-0.263247
-0.263560
-0.263638
-0.264264
-0.264499
-0.264969
-0.265439
-0.265752
-0.266143
-0.266769
-0.267160
-0.267474
-0.267474
-0.267943
-0.268256
-0.268726
-0.269274
-0.269900
-0.269822
-0.270291
-0.270839
-0.271465
-0.271465
-0.271857
-0.272248
-0.272405
-0.272639
-0.272874
-0.272874
-0.273344
-0.273813
-0.274048
-0.274440
-0.274753
-0.274909
-0.275066
-0.275379
-0.275927
-0.275927
-0.276396
-0.276631
-0.277022
-0.277414
-0.277649
-0.277962
-0.278118
-0.278118
-0.278431
-0.278666
-0.278823
-0.279057
-0.279057
-0.279918
-0.280232
-0.280310
-0.280623
-0.281014
-0.281406
-0.281484
-0.281640
-0.281875
-0.282423
-0.282658
-0.282736
-0.283128
-0.283519
-0.283675
-0.283910
-0.283597
-0.284145
-0.284223
-0.284615
-0.284849
-0.284771
-0.285084
-0.285554
-0.285554
-0.285632
-0.285867
-0.285945
-0.286258
-0.286415
-0.286415
-0.286571
-0.286728
-0.286884
-0.287041
-0.287354
-0.287511
-0.287511
-0.287667
-0.287667
-0.287824
-0.287824
-0.288137
-0.288293
-0.288606
-0.288685
-0.288919
-0.288998
-0.288919
-0.289311
-0.289233
-0.289311
-0.289233
-0.289233
-0.289859
-0.289780
-0.289859
-0.290094
-0.290094
-0.290094
-0.289937
-0.290172
-0.290015
-0.290407
-0.290407
-0.290563
-0.290563
-0.290563
-0.290720
-0.290641
-0.290876
-0.291189
-0.290798
-0.291111
-0.291189
-0.291268
-0.290954
-0.290954
-0.291424
-0.291346
-0.291502
-0.291424
-0.291346
-0.291189
-0.291424
-0.291424
-0.291581
-0.291502
-0.291581
-0.291815
-0.291581
-0.291737
-0.291581
-0.291659
-0.291502
-0.291502
-0.291581
-0.291581
-0.291424
-0.291737
-0.291659
-0.292050
-0.291972
-0.291972
-0.291815
-0.291815
-0.291894
-0.291815
-0.291894
-0.291894
-0.291815
-0.291972
-0.291894
-0.291815
-0.291737
-0.291894
-0.291659
-0.291815
-0.291581
-0.291972
-0.291815
-0.291972
-0.291894
-0.291972
-0.292285
-0.291659
-0.292050
-0.291972
-0.291815
-0.291737
-0.291737
-0.291659
-0.291659
-0.291659
-0.291737
-0.291815
-0.291659
-0.291189
-0.291424
-0.291424
-0.291581
-0.291581
-0.291424
-0.291502
-0.291581
-0.291502
-0.291659
-0.291737
-0.291424
-0.291424
-0.291424
-0.291189
-0.291268
-0.291346
-0.291111
-0.291346
-0.291268
-0.291111
-0.290954
-0.290876
-0.291189
-0.291033
-0.291189
-0.291111
-0.290954
-0.291033
-0.290954
-0.290876
-0.291111
-0.290954
-0.290720
-0.290876
-0.290798
-0.290954
-0.290720
-0.290798
-0.290563
-0.290798
-0.290720
-0.290876
-0.290563
-0.290407
-0.290328
-0.290641
-0.290485
-0.290720
-0.290407
-0.290172
-0.290328
-0.290407
-0.290328
-0.290250
-0.290328
-0.290328
-0.290250
-0.290172
-0.290250
-0.290094
-0.290172
-0.290094
-0.290250
-0.290172
-0.289780
-0.289702
-0.289702
-0.290015
-0.290328
-0.290094
-0.289859
-0.289702
-0.289624
-0.289859
-0.289467
-0.289702
-0.289937
-0.289937
-0.289859
-0.289780
-0.289702
-0.289702
-0.290015
-0.289937
-0.290015
-0.289859
-0.289780
-0.289546
-0.289937
-0.289389
-0.289859
-0.289859
-0.289702
-0.289702
-0.289624
-0.289389
-0.289937
-0.289702
-0.289624
-0.289780
-0.289467
-0.289546
-0.290015
-0.289624
-0.289624
-0.289311
-0.289859
-0.289859
-0.289624
-0.289859
-0.289780
-0.289937
-0.290015
-0.289780
-0.289859
-0.289389
-0.289702
-0.289546
-0.289937
-0.289702
-0.289624
-0.289780
-0.289624
-0.290015
-0.289859
-0.289937
-0.290015
-0.290094
-0.289859
-0.289780
-0.289859
-0.289859
-0.290015
-0.290328
-0.290250
-0.290407
-0.290172
-0.290328
-0.290250
-0.290250
-0.290328
-0.290720
-0.290407
-0.290563
-0.290641
-0.290798
-0.290798
-0.290720
-0.290720
-0.290641
-0.290798
-0.290798
-0.290954
-0.290720
-0.290876
-0.290876
-0.291111
-0.291346
-0.291424
-0.291033
-0.291111
-0.291111
-0.291581
-0.291268
-0.291581
-0.291268
-0.291737
-0.291659
-0.291815
-0.291894
-0.292050
-0.292050
-0.291972
-0.292129
-0.292050
-0.292129
-0.292207
-0.292285
-0.292442
-0.292598
-0.292520
-0.292833
-0.292520
-0.292520
-0.292833
-0.292676
-0.292676
-0.292911
-0.293146
-0.292989
-0.293303
-0.293303
-0.293381
-0.293146
-0.293381
-0.293537
-0.293694
-0.293772
-0.293616
-0.293850
-0.294007
-0.294085
-0.294242
-0.294398
-0.294398
-0.294398
-0.294320
-0.294242
-0.294242
-0.294398
-0.294555
-0.294946
-0.294868
-0.294868
-0.294868
-0.295103
-0.295103
-0.295416
-0.295338
-0.295416
-0.295807
-0.295964
-0.296042
-0.295964
-0.296277
-0.296512
-0.296590
-0.296277
-0.296590
-0.296590
-0.296825
-0.296746
-0.296668
-0.297060
-0.297216
-0.297529
-0.297607
-0.297529
-0.297686
-0.297607
-0.297764
-0.297920
-0.298468
-0.298312
-0.298468
-0.298390
-0.298938
-0.298625
-0.298703
-0.298860
-0.298703
-0.299251
-0.299173
-0.299408
-0.299408
-0.299877
-0.299564
-0.299799
-0.300112
-0.299877
-0.300112
-0.300269
-0.300425
-0.300269
-0.300660
-0.300738
-0.300973
-0.301051
-0.301521
-0.301521
-0.301756
-0.301599
-0.301521
-0.301756
-0.301912
-0.302069
-0.302304
-0.302460
-0.302538
-0.302617
-0.302695
-0.303243
-0.303165
-0.303086
-0.303008
-0.303086
-0.303478
-0.303243
-0.303478
-0.303791
-0.303712
-0.304026
-0.304026
-0.304182
-0.304495
-0.304260
-0.304417
-0.304730
-0.304495
-0.304887
-0.305356
-0.305434
-0.305591
-0.305669
-0.305747
-0.305982
-0.305904
-0.305826
-0.306061
-0.306687
-0.306530
-0.306765
-0.306843
-0.307000
-0.307156
-0.307313
-0.307156
-0.307626
-0.307704
-0.307939
-0.308017
-0.307861
-0.308017
-0.308330
-0.308565
-0.308878
-0.308800
-0.309035
-0.309113
-0.309583
-0.309896
-0.309896
-0.309661
-0.310052
-0.310522
-0.310522
-0.310992
-0.311070
-0.311070
-0.311461
-0.311461
-0.311305
-0.311618
-0.311774
-0.312009
-0.312400
-0.312322
-0.312557
-0.312792
-0.312948
-0.312948
-0.313183
-0.313105
-0.313418
-0.313653
-0.313496
-0.313888
-0.314122
-0.314592
-0.314514
-0.314905
-0.314983
-0.314905
-0.315062
-0.315609
-0.315688
-0.315296
-0.315453
-0.315844
-0.316392
-0.316157
-0.316549
-0.316784
-0.316627
-0.316862
-0.317018
-0.317331
-0.317801
-0.317879
-0.317723
-0.318271
-0.318271
-0.318505
-0.318427
-0.318662
-0.318897
-0.319210
-0.319288
-0.319601
-0.319914
-0.320149
-0.320306
-0.320384
-0.320619
-0.320775
-0.320854
-0.321010
-0.321558
-0.321245
-0.321715
-0.321871
-0.322106
-0.322184
-0.322575
-0.322654
-0.322967
-0.322967
-0.323202
-0.323358
-0.323123
-0.323515
-0.323828
-0.324063
-0.324219
-0.324297
-0.324610
-0.324845
-0.325002
-0.325237
-0.325393
-0.325393
-0.326019
-0.326019
-0.326332
-0.326489
-0.326880
-0.326880
-0.327350
-0.327663
-0.327663
-0.327741
-0.328054
-0.327976
-0.328211
-0.328681
-0.328759
-0.329072
-0.328994
-0.329228
-0.329463
-0.329307
-0.329620
-0.329776
-0.330246
-0.330481
-0.330872
-0.331342
-0.331029
-0.331107
-0.331498
-0.331733
-0.331968
-0.332046
-0.332516
-0.332751
-0.332751
-0.333298
-0.333533
-0.333690
-0.333925
-0.334081
-0.334238
-0.334629
-0.334786
-0.334786
-0.335099
-0.335490
-0.335490
-0.335725
-0.336194
-0.336429
-0.336508
-0.336742
-0.337055
-0.337055
-0.337447
-0.337603
-0.337682
-0.337838
-0.338308
-0.338386
-0.338464
-0.338699
-0.338934
-0.339403
-0.339247
-0.339482
-0.339951
-0.340264
-0.340656
-0.341125
-0.341517
-0.341438
-0.341986
-0.341830
-0.342221
-0.342299
-0.342456
-0.342769
-0.342926
-0.343160
-0.343474
-0.343787
-0.343943
-0.344491
-0.344413
-0.344100
-0.344569
-0.344726
-0.344804
-0.345352
-0.345587
-0.345978
-0.346369
-0.346448
-0.346683
-0.346526
-0.346839
-0.347152
-0.347465
-0.347778
-0.347857
-0.348013
-0.348326
-0.348405
-0.349031
-0.349031
-0.349187
-0.349813
-0.349813
-0.349892
-0.349970
-0.350126
-0.350440
-0.350674
-0.350987
-0.351300
-0.351614
-0.352161
-0.352318
-0.352553
-0.352553
-0.353101
-0.353179
-0.353257
-0.353727
-0.354118
-0.354196
-0.354431
-0.354666
-0.354588
-0.354979
-0.355449
-0.355527
-0.355605
-0.355918
-0.356231
-0.356779
-0.356858
-0.357014
-0.357484
-0.357719
-0.358110
-0.358110
-0.358580
-0.358423
-0.358736
-0.359049
-0.359127
-0.359597
-0.359754
-0.359988
-0.360771
-0.360693
-0.361006
-0.361397
-0.361710
-0.361632
-0.361945
-0.362493
-0.362415
-0.363041
-0.363276
-0.363432
-0.363667
-0.364137
-0.364450
-0.364685
-0.364841
-0.364998
-0.365154
-0.365624
-0.365937
-0.365859
-0.366093
-0.366798
-0.366876
-0.366954
-0.367268
-0.367424
-0.367894
-0.368050
-0.368128
-0.368363
-0.368676
-0.368755
-0.369381
-0.369459
-0.369772
-0.369694
-0.370242
-0.370242
-0.370555
-0.370790
-0.371103
-0.371729
-0.371729
-0.372042
-0.372199
-0.372355
-0.372825
-0.373138
-0.373216
-0.373529
-0.373607
-0.373842
-0.374077
-0.374234
-0.374468
-0.374860
-0.375095
-0.375173
-0.375721
-0.375955
-0.375799
-0.376347
-0.376582
-0.376582
-0.376895
-0.377364
-0.377599
-0.377912
-0.378225
-0.378225
-0.378617
-0.378695
-0.379008
-0.379321
-0.379634
-0.379712
-0.379869
-0.380182
-0.380730
-0.381043
-0.381121
-0.381747
-0.381669
-0.382061
-0.382295
-0.382530
-0.382843
-0.383078
-0.383235
-0.383235
-0.383939
-0.384174
-0.384330
-0.384722
-0.384878
-0.384878
-0.385270
-0.385504
-0.385739
-0.385739
-0.386600
-0.386365
-0.386678
-0.386757
-0.387226
-0.387305
-0.387774
-0.388087
-0.388322
-0.388635
-0.389027
-0.389183
-0.389496
-0.389496
-0.389809
-0.389888
-0.390514
-0.390592
-0.390827
-0.390905
-0.391453
-0.391688
-0.391923
-0.392236
-0.392470
-0.392862
-0.393018
-0.393488
-0.393644
-0.393958
-0.394036
-0.393958
-0.394505
-0.394505
-0.394897
-0.395053
-0.395523
-0.395366
-0.396071
-0.396227
-0.396384
-0.396775
-0.396932
-0.397088
-0.397167
-0.398028
-0.398341
-0.398341
-0.398654
-0.399045
-0.398967
-0.399358
-0.399749
-0.400532
-0.400532
-0.400689
-0.401158
-0.401628
-0.401785
-0.401863
-0.402489
-0.402724
-0.402880
-0.403350
-0.403193
-0.403506
-0.403976
-0.404524
-0.404524
-0.404759
-0.404837
-0.405463
-0.405307
-0.405620
-0.406246
-0.406402
-0.406402
-0.407029
-0.407185
-0.407576
-0.407655
-0.407968
-0.408046
-0.408124
-0.408359
-0.408751
-0.408985
-0.409220
-0.409377
-0.409925
-0.410081
-0.410316
-0.410786
-0.410786
-0.411412
-0.411725
-0.411960
-0.412116
-0.412194
-0.412664
-0.412821
-0.413055
-0.413134
-0.413368
-0.413603
-0.413995
-0.414308
-0.414386
-0.414699
-0.415012
-0.415325
-0.415638
-0.415795
-0.415873
-0.416577
-0.416812
-0.417282
-0.417360
-0.417673
-0.417830
-0.418065
-0.418613
-0.418769
-0.418691
-0.419473
-0.419395
-0.419865
-0.420021
-0.420648
-0.420648
-0.421039
-0.421039
-0.421508
-0.421900
-0.422213
-0.422135
-0.422839
-0.423309
-0.423387
-0.423544
-0.424091
-0.424404
-0.424248
-0.424561
-0.425109
-0.425422
-0.425735
-0.425970
-0.426205
-0.426439
-0.427222
-0.427144
-0.427457
-0.427300
-0.428005
-0.427848
-0.428553
-0.428553
-0.428944
-0.429022
-0.429257
-0.430118
-0.430040
-0.429883
-0.430510
-0.430901
-0.431136
-0.431684
-0.431762
-0.431997
-0.432153
-0.432545
-0.432858
-0.433014
-0.433171
-0.433719
-0.433875
-0.434266
-0.434345
-0.434423
-0.434814
-0.435049
-0.435362
-0.435597
-0.436223
-0.436301
-0.436536
-0.437006
-0.437084
-0.437710
-0.437945
-0.437867
-0.438493
-0.438415
-0.438728
-0.438884
-0.439197
-0.439589
-0.439902
-0.440215
-0.440763
-0.440919
-0.441467
-0.442015
-0.442328
-0.442485
-0.442798
-0.443111
-0.443111
-0.443581
-0.443502
-0.443894
-0.444363
-0.444911
-0.445068
-0.445303
-0.445381
-0.445850
-0.445850
-0.446007
-0.446868
-0.446790
-0.446946
-0.447494
-0.447807
-0.448120
-0.448277
-0.448512
-0.448825
-0.449059
-0.449373
-0.450077
-0.449607
-0.450077
-0.450468
-0.450860
-0.451094
-0.451642
-0.451799
-0.452112
-0.452347
-0.452895
-0.452816
-0.453208
-0.453364
-0.453912
-0.453756
-0.454695
-0.454538
-0.455165
-0.455243
-0.455478
-0.455791
-0.456104
-0.456495
-0.456652
-0.456808
-0.457278
-0.457513
-0.457747
-0.457982
-0.458608
-0.458921
-0.459078
-0.459391
-0.459782
-0.459704
-0.460330
-0.460643
-0.460956
-0.461035
-0.461583
-0.461974
-0.461896
-0.462444
-0.462600
-0.463539
-0.463383
-0.463774
-0.464166
-0.464244
-0.464557
-0.464792
-0.465183
-0.465418
-0.465418
-0.465809
-0.466279
-0.466670
-0.466905
-0.466827
-0.467296
-0.467609
-0.467609
-0.468079
-0.468314
-0.468549
-0.468862
-0.469097
-0.469566
-0.469801
-0.470192
-0.470662
-0.470584
-0.471132
-0.471132
-0.471523
-0.471993
-0.472227
-0.472227
-0.472306
-0.472853
-0.473088
-0.473636
-0.473871
-0.474184
-0.474184
-0.474262
-0.474654
-0.474888
-0.475280
-0.475671
-0.476063
-0.475906
-0.476610
-0.477080
-0.477080
-0.477393
-0.477863
-0.477863
-0.478019
-0.478332
-0.478489
-0.478802
-0.479193
-0.479428
-0.479741
-0.480211
-0.480367
-0.480680
-0.481150
-0.481072
-0.481776
-0.482011
-0.482402
-0.482872
-0.483185
-0.483263
-0.484046
-0.484437
-0.484281
-0.484750
-0.484829
-0.484907
-0.485377
-0.485846
-0.485846
-0.486003
-0.486472
-0.486786
-0.487020
-0.487412
-0.487803
-0.487725
-0.488116
-0.488194
-0.488821
-0.488821
-0.489212
-0.489525
-0.489760
-0.490151
-0.490308
-0.490699
-0.490934
-0.491403
-0.491403
-0.491717
-0.491951
-0.492186
-0.492421
-0.493047
-0.492969
-0.493125
-0.493830
-0.493752
-0.494378
-0.494691
-0.494691
-0.495004
-0.495395
-0.495787
-0.495865
-0.496021
-0.496804
-0.497117
-0.497195
-0.497430
-0.497900
-0.498135
-0.498448
-0.498839
-0.498761
-0.499152
-0.499465
-0.499935
-0.500091
-0.500404
-0.500326
-0.500952
-0.501422
-0.501344
-0.501892
-0.502205
-0.502518
-0.503066
-0.502909
-0.503222
-0.503457
-0.503614
-0.504005
-0.504553
-0.504631
-0.505101
-0.505335
-0.505649
-0.506040
-0.506431
-0.506823
-0.506901
-0.507292
-0.507449
-0.507762
-0.507997
-0.508388
-0.508701
-0.508936
-0.508936
-0.509249
-0.509484
-0.509797
-0.509875
-0.510345
-0.510501
-0.510814
-0.511284
-0.511440
-0.511910
-0.512301
-0.512301
-0.512928
-0.513241
-0.513476
-0.513789
-0.513867
-0.514102
-0.514336
-0.514650
-0.514963
-0.515197
-0.515511
-0.515902
-0.516137
-0.516371
-0.516606
-0.517154
-0.517154
-0.517624
-0.517624
-0.518172
-0.518798
-0.518876
-0.519346
-0.519424
-0.519659
-0.520050
-0.520285
-0.520755
-0.520911
-0.521381
-0.521772
-0.521850
-0.522242
-0.522398
-0.522633
-0.523181
-0.523651
-0.523416
-0.524042
-0.524590
-0.524668
-0.524825
-0.525216
-0.525373
-0.525686
-0.526077
-0.526312
-0.526625
-0.526703
-0.527329
-0.527564
-0.527721
-0.528190
-0.528738
-0.528816
-0.529286
-0.529286
-0.529677
-0.530225
-0.530538
-0.530695
-0.531164
-0.531399
-0.531556
-0.531869
-0.532260
-0.532730
-0.533043
-0.533513
-0.533513
-0.533747
-0.533904
-0.534217
-0.534374
-0.534374
-0.534921
-0.535391
-0.535782
-0.535782
-0.536095
-0.536565
-0.536643
-0.536643
-0.537113
-0.537817
-0.538052
-0.538209
-0.538835
-0.538757
-0.539305
-0.539696
-0.539852
-0.540087
-0.540400
-0.540713
-0.541105
-0.541183
-0.541653
-0.541966
-0.542201
-0.542279
-0.542670
-0.543218
-0.543453
-0.543844
-0.544157
-0.544314
-0.544549
-0.545097
-0.545175
-0.545410
-0.545879
-0.546114
-0.546349
-0.546662
-0.547288
-0.547210
-0.547523
-0.547992
-0.548149
-0.548540
-0.548853
-0.548853
-0.549245
-0.549558
-0.549793
-0.550184
-0.550575
-0.550888
-0.551280
-0.551358
-0.551828
-0.552219
-0.552376
-0.552532
-0.553002
-0.553237
-0.553706
-0.554019
-0.554019
-0.554254
-0.554567
-0.554958
-0.555506
-0.555428
-0.555898
-0.556289
-0.556602
-0.556680
-0.556994
-0.557307
-0.557698
-0.558089
-0.557854
-0.558715
-0.558872
-0.559263
-0.559576
-0.559811
-0.559968
-0.560281
-0.560516
-0.561064
-0.561298
-0.561768
-0.562081
-0.562394
-0.562551
-0.562942
-0.563333
-0.563333
-0.563568
-0.563881
-0.564273
-0.564351
-0.565055
-0.564977
-0.565447
-0.565760
-0.565916
-0.566073
-0.566464
-0.566856
-0.566777
-0.567325
-0.567482
-0.567638
-0.567951
-0.568108
-0.568499
-0.568812
-0.568969
-0.569282
-0.569830
-0.569908
-0.570299
-0.570456
-0.571004
-0.571395
-0.571395
-0.571787
-0.572021
-0.572256
-0.572569
-0.573195
-0.573430
-0.573587
-0.573900
-0.574213
-0.574369
-0.574761
-0.574917
-0.575309
-0.575622
-0.575935
-0.576091
-0.576483
-0.576717
-0.576796
-0.577265
-0.577578
-0.578048
-0.577970
-0.578596
-0.578831
-0.578753
-0.579379
-0.579692
-0.580161
-0.580396
-0.580866
-0.581179
-0.581335
-0.581492
-0.582431
-0.582509
-0.582509
-0.582744
-0.583136
-0.583370
-0.583762
-0.584153
-0.584388
-0.584544
-0.585014
-0.585092
-0.585249
-0.585797
-0.586032
-0.586188
-0.586188
-0.586893
-0.587049
-0.587519
-0.587597
-0.587832
-0.588223
-0.588223
-0.588771
-0.589006
-0.589397
-0.589632
-0.589789
-0.590102
-0.590415
-0.590806
-0.591041
-0.591197
-0.591667
-0.591902
-0.592371
-0.592606
-0.592919
-0.593232
-0.593232
-0.593780
-0.593859
-0.594015
-0.594406
-0.595033
-0.595033
-0.595502
-0.595581
-0.596207
-0.596285
-0.596363
-0.596989
-0.597068
-0.597224
-0.597616
-0.597929
-0.598163
-0.598476
-0.598946
-0.599181
-0.599572
-0.600120
-0.600277
-0.600277
-0.600590
-0.600981
-0.601372
-0.601529
-0.601999
-0.601920
-0.602703
-0.602938
-0.603173
-0.603564
-0.603955
-0.604503
-0.604738
-0.604738
-0.604973
-0.605286
-0.605521
-0.606069
-0.606147
-0.606225
-0.607164
-0.607008
-0.607478
-0.607947
-0.608025
-0.608417
-0.608730
-0.608886
-0.609199
-0.609513
-0.609826
-0.609982
-0.610452
-0.610843
-0.611313
-0.611313
-0.611391
-0.611861
-0.612095
-0.612409
-0.612878
-0.612956
-0.613113
-0.613504
-0.613739
-0.613974
-0.614287
-0.614600
-0.614757
-0.615305
-0.615618
-0.615931
-0.616087
-0.616322
-0.616713
-0.616792
-0.617340
-0.617653
-0.617809
-0.617887
-0.618200
-0.618514
-0.618748
-0.619296
-0.619766
-0.619609
-0.619844
-0.620549
-0.620549
-0.620783
-0.621331
-0.621331
-0.621879
-0.622114
-0.622271
-0.622740
-0.622975
-0.623523
-0.623758
-0.623914
-0.624149
-0.624462
-0.624775
-0.624853
-0.625166
-0.625636
-0.626106
-0.626184
-0.626810
-0.626888
-0.627202
-0.627436
-0.627671
-0.628062
-0.628219
-0.628454
-0.629002
-0.629315
-0.629550
-0.630254
-0.630176
-0.630254
-0.631037
-0.631193
-0.631506
-0.631898
-0.632133
-0.632289
-0.632680
-0.633150
-0.633385
-0.633698
-0.634246
-0.634402
-0.634715
-0.634872
-0.635185
-0.635498
-0.635811
-0.636124
-0.636750
-0.636750
-0.636750
-0.637298
-0.637455
-0.637690
-0.638081
-0.638472
-0.638551
-0.639020
-0.639412
-0.639568
-0.639881
-0.640038
-0.640194
-0.640351
-0.641055
-0.641134
-0.641760
-0.641838
-0.642073
-0.642386
-0.642699
-0.643169
-0.643716
-0.643638
-0.644186
-0.644421
-0.644656
-0.644577
-0.644969
-0.645360
-0.645751
-0.646299
-0.646378
-0.646847
-0.646769
-0.647552
-0.647473
-0.647630
-0.647708
-0.648256
-0.649039
-0.648961
-0.649274
-0.649587
-0.650213
-0.650448
-0.650526
-0.650761
-0.651465
-0.651778
-0.651935
-0.652326
-0.652483
-0.652952
-0.653344
-0.653344
-0.653892
-0.654048
-0.654596
-0.654987
-0.655066
-0.655379
-0.655457
-0.655613
-0.656161
-0.656631
-0.656709
-0.657179
-0.657257
-0.657648
-0.657962
