-0.557385
-0.557541
-0.557776
-0.557854
-0.558168
-0.558481
-0.559107
-0.559185
-0.559576
-0.559576
-0.560203
-0.560672
-0.560907
-0.561298
-0.562081
-0.562316
-0.562316
-0.562864
-0.563490
-0.563568
-0.563960
-0.564194
-0.564273
-0.564899
-0.565055
-0.565447
-0.565995
-0.566308
-0.566464
-0.567012
-0.567169
-0.567247
-0.567638
-0.568186
-0.568343
-0.568656
-0.569047
-0.569125
-0.569673
-0.570065
-0.570378
-0.570769
-0.570769
-0.571395
-0.571630
-0.572021
-0.572334
-0.572334
-0.572726
-0.573117
-0.573430
-0.573743
-0.574056
-0.574526
-0.574839
-0.575074
-0.575465
-0.575700
-0.576091
-0.576326
-0.576796
-0.576874
-0.577187
-0.577578
-0.577578
-0.578361
-0.578439
-0.578674
-0.578831
-0.579457
-0.579692
-0.580083
-0.580474
-0.580631
-0.581101
-0.581492
-0.581727
-0.582040
-0.582588
-0.582901
-0.583292
-0.583449
-0.583918
-0.584231
-0.584310
-0.585092
-0.585171
-0.585484
-0.585719
-0.585953
-0.586345
-0.586736
-0.586893
-0.587754
-0.587519
-0.588145
-0.588223
-0.588615
-0.589006
-0.588928
-0.589632
-0.589867
-0.590102
-0.590884
-0.591119
-0.590963
-0.591510
-0.591980
-0.591902
-0.592450
-0.592606
-0.593546
-0.593624
-0.594172
-0.594250
-0.594563
-0.594876
-0.595346
-0.595346
-0.595737
-0.596363
-0.596285
-0.596598
-0.596989
-0.597381
-0.597616
-0.597850
-0.598320
-0.598633
-0.598868
-0.599572
-0.599729
-0.599807
-0.600512
-0.600981
-0.601372
-0.601529
-0.601764
-0.602312
-0.602860
-0.603016
-0.603407
-0.603721
-0.604190
-0.604660
-0.604738
-0.604895
-0.605286
-0.605599
-0.605990
-0.606382
-0.606695
-0.607321
-0.607399
-0.607712
-0.608104
-0.608104
-0.608573
-0.608965
-0.609121
-0.609434
-0.609826
-0.610139
-0.610374
-0.610530
-0.610843
-0.611548
-0.611861
-0.612095
-0.612252
-0.612956
-0.613113
-0.613583
-0.613817
-0.614130
-0.614365
-0.614600
-0.615305
-0.615305
-0.615852
-0.616087
-0.616244
-0.616635
-0.617026
-0.617340
-0.617653
-0.617731
-0.618122
-0.618200
-0.618827
-0.619140
-0.619453
-0.619609
-0.619922
-0.620236
-0.620549
-0.620862
-0.621253
-0.621644
-0.622114
-0.622271
-0.622427
-0.622897
-0.623131
-0.623601
-0.623836
-0.624071
-0.624619
-0.624932
-0.625166
-0.625480
-0.625949
-0.626184
-0.626732
-0.627358
-0.627280
-0.627593
-0.627749
-0.628062
-0.628454
-0.628689
-0.628923
-0.629471
-0.629706
-0.629941
-0.630176
-0.630489
-0.630880
-0.631115
-0.631663
-0.631976
-0.632680
-0.632524
-0.632837
-0.633228
-0.633463
-0.633620
-0.633698
-0.634246
-0.634637
-0.634950
-0.635185
-0.635342
-0.635889
-0.636124
-0.636281
-0.637064
-0.637064
-0.637455
-0.637768
-0.638081
-0.638316
-0.638707
-0.639099
-0.639020
-0.639646
-0.639881
-0.640351
-0.640586
-0.640977
-0.641212
-0.641603
-0.641916
-0.642308
-0.642855
-0.643090
-0.643403
-0.644030
-0.644264
-0.644812
-0.644969
-0.645125
-0.645517
-0.645360
-0.645908
-0.645986
-0.646534
-0.646612
-0.646926
-0.647082
-0.647395
-0.648178
-0.648334
-0.648569
-0.649039
-0.649508
-0.649743
-0.650291
-0.650682
-0.650761
-0.651230
-0.651074
-0.651387
-0.651622
-0.652248
-0.652874
-0.653031
-0.653187
-0.653500
-0.653892
-0.654126
-0.654596
-0.654831
-0.655144
-0.655692
-0.655927
-0.656240
-0.656787
-0.656944
-0.657335
-0.657727
-0.658040
-0.658353
-0.658588
-0.658979
-0.659214
-0.659605
-0.659762
-0.660075
-0.660544
-0.660936
-0.661171
-0.661640
-0.662345
-0.662345
-0.662579
-0.662971
-0.663362
-0.663519
-0.663910
-0.664301
-0.664928
-0.665241
-0.665397
-0.665710
-0.665789
-0.666649
-0.667041
-0.667197
-0.667589
-0.667902
-0.668137
-0.668371
-0.668841
-0.669467
-0.669702
-0.670015
-0.670328
-0.670720
-0.671111
-0.671424
-0.671894
-0.672128
-0.672441
-0.672207
-0.672833
-0.673224
-0.673459
-0.673694
-0.674242
-0.674320
-0.675259
-0.675259
-0.675572
-0.675494
-0.675885
-0.676433
-0.676590
-0.677059
-0.676981
-0.677686
-0.677686
-0.678233
-0.678625
-0.679016
-0.679329
-0.679407
-0.679799
-0.680190
-0.680582
-0.681129
-0.681364
-0.681912
-0.682225
-0.682538
-0.682695
-0.683164
-0.683243
-0.683712
-0.683869
-0.684182
-0.684495
-0.684730
-0.685199
-0.685591
-0.686060
-0.686452
-0.686530
-0.686687
-0.687078
-0.687391
-0.687704
-0.688095
-0.688252
-0.688722
-0.689113
-0.689191
-0.689739
-0.689896
-0.690365
-0.690757
-0.691461
-0.691618
-0.691774
-0.691931
-0.692244
-0.692557
-0.692792
-0.693183
-0.693574
-0.693653
-0.694122
-0.694279
-0.694748
-0.695061
-0.695531
-0.695844
-0.696001
-0.696705
-0.696940
-0.697018
-0.697331
-0.697488
-0.697801
-0.698192
-0.698505
-0.698897
-0.698897
-0.699679
-0.700149
-0.700227
-0.700697
-0.700853
-0.701323
-0.701714
-0.701714
-0.702184
-0.702497
-0.702888
-0.703280
-0.703749
-0.703828
-0.704062
-0.704610
-0.704689
-0.705315
-0.705784
-0.705628
-0.706332
-0.706645
-0.706724
-0.706958
-0.707350
-0.707898
-0.708289
-0.708446
-0.708915
-0.709150
-0.709385
-0.709620
-0.709854
-0.710481
-0.710559
-0.711185
-0.711655
-0.711655
-0.712281
-0.712516
-0.712750
-0.713220
-0.713768
-0.713611
-0.714081
-0.714316
-0.714472
-0.714864
-0.714942
-0.715333
-0.715333
-0.716116
-0.716586
-0.716664
-0.717055
-0.717290
-0.717760
-0.718073
-0.717916
-0.718542
-0.718934
-0.719169
-0.719403
-0.719482
-0.720186
-0.720421
-0.721125
-0.721204
-0.721830
-0.722221
-0.722456
-0.722612
-0.722691
-0.723239
-0.723552
-0.723786
-0.724413
-0.724647
-0.724882
-0.725430
-0.725821
-0.725900
-0.726135
-0.726135
-0.726917
-0.727309
-0.727230
-0.727700
-0.728091
-0.728404
-0.728639
-0.728952
-0.729735
-0.729813
-0.729970
-0.730439
-0.730987
-0.731222
-0.731222
-0.731613
-0.731770
-0.732161
-0.732709
-0.732944
-0.733179
-0.733648
-0.734118
-0.734509
-0.734744
-0.734979
-0.735449
-0.735918
-0.735840
-0.736075
-0.736153
-0.736231
-0.736623
-0.736623
-0.736388
-0.736388
-0.736075
-0.736153
-0.736153
-0.736153
-0.735997
-0.735527
-0.735683
-0.735370
-0.734979
-0.735057
-0.734509
-0.734509
-0.734196
-0.734040
-0.733883
-0.733414
-0.733570
-0.733257
-0.732866
-0.732631
-0.732709
-0.731848
-0.731613
-0.731379
-0.731066
-0.730674
-0.730126
-0.729735
-0.729500
-0.728874
-0.728639
-0.728404
-0.727935
-0.727856
-0.727543
-0.727230
-0.727074
-0.726761
-0.725978
-0.725743
-0.725352
-0.725352
-0.724569
-0.724178
-0.724100
-0.723630
-0.723317
-0.722925
-0.722691
-0.722299
-0.721986
-0.721282
-0.721282
-0.720577
-0.720186
-0.719795
-0.719560
-0.718934
-0.718542
-0.718229
-0.717994
-0.717760
-0.717212
-0.716820
-0.716273
-0.715959
-0.715725
-0.715568
-0.715177
-0.714629
-0.714238
-0.713846
-0.713455
-0.713455
-0.712829
-0.712750
-0.712359
-0.712046
-0.711498
-0.711263
-0.710637
-0.710167
-0.710089
-0.709620
-0.709307
-0.708680
-0.708524
-0.708211
-0.707663
-0.707585
-0.707272
-0.707037
-0.706254
-0.705941
-0.705550
-0.705471
-0.705080
-0.705158
-0.704610
-0.704376
-0.703671
-0.703515
-0.702810
-0.702732
-0.702419
-0.701714
-0.701323
-0.700853
-0.700619
-0.700227
-0.699992
-0.699210
-0.698818
-0.698505
-0.698192
-0.697723
-0.697644
-0.697331
-0.696705
-0.696470
-0.696314
-0.695844
-0.695766
-0.695218
-0.694748
-0.694357
-0.694200
-0.693653
-0.693261
-0.692635
-0.692479
-0.692165
-0.691852
-0.691148
-0.690991
-0.690835
-0.690287
-0.689504
-0.689504
-0.688956
-0.688643
-0.688408
-0.688017
-0.687704
-0.687234
-0.687234
-0.686687
-0.686608
-0.686139
-0.685747
-0.685356
-0.685043
-0.684495
-0.684025
-0.683869
-0.683243
-0.683164
-0.682773
-0.682303
-0.682147
-0.681442
-0.681208
-0.680660
-0.680582
-0.679877
-0.679486
-0.679016
-0.678938
-0.678546
-0.678233
-0.677999
-0.678077
-0.677216
-0.676981
-0.676590
-0.676042
-0.675885
-0.675651
-0.675416
-0.674946
-0.674711
-0.674085
-0.673694
-0.673381
-0.672989
-0.672520
-0.672363
-0.671972
-0.671659
-0.671033
-0.670798
-0.670250
-0.670015
-0.669702
-0.669232
-0.668685
-0.668371
-0.668215
-0.667980
-0.667667
-0.667276
-0.666728
-0.666571
-0.666102
-0.665789
-0.665475
-0.665319
-0.664536
-0.664223
-0.663832
-0.663362
-0.662736
-0.662658
-0.661953
-0.661875
-0.661327
-0.661327
-0.660779
-0.660544
-0.659918
-0.659605
-0.659370
-0.658979
-0.658823
-0.657962
-0.657648
-0.657257
-0.656709
-0.656553
-0.656240
-0.655927
-0.655222
-0.655144
-0.654831
-0.654439
-0.654126
-0.654205
-0.653578
-0.653109
-0.652952
-0.652483
-0.651622
-0.651856
-0.651465
-0.650761
-0.650291
-0.649821
-0.649508
-0.649508
-0.649117
-0.648726
-0.648491
-0.648021
-0.647865
-0.647317
-0.647160
-0.646769
-0.646456
-0.645908
-0.645517
-0.645282
-0.644577
-0.644343
-0.643951
-0.643560
-0.643482
-0.642934
-0.642542
-0.642229
-0.642073
-0.641447
-0.640977
-0.640977
-0.640664
-0.640038
-0.639646
-0.639333
-0.638942
-0.638551
-0.638238
-0.637924
-0.637611
-0.637377
-0.636750
-0.636359
-0.636203
-0.635576
-0.635185
-0.634950
-0.634559
-0.634011
-0.633541
-0.633385
-0.633072
-0.632446
-0.632289
-0.631976
-0.631741
-0.631428
-0.630802
-0.630332
-0.630176
-0.629784
-0.629550
-0.629158
-0.628923
-0.628297
-0.627749
-0.627280
-0.626810
-0.626654
-0.626419
-0.625949
-0.625793
-0.625323
-0.625245
-0.624540
-0.624462
-0.623836
-0.623914
-0.623601
-0.623366
-0.622740
-0.622036
-0.621801
-0.621253
-0.620940
-0.620470
-0.620314
-0.620079
-0.619688
-0.619218
-0.618983
-0.618514
-0.618200
-0.618122
-0.617418
-0.617340
-0.616713
-0.616479
-0.616322
-0.615696
-0.615539
-0.614913
-0.614522
-0.614365
-0.613817
-0.613583
-0.613269
-0.612878
-0.612409
-0.612174
-0.611939
-0.611313
-0.611000
-0.610843
-0.610374
-0.609826
-0.609669
-0.609434
-0.608808
-0.608573
-0.608338
-0.607947
-0.607478
-0.607321
-0.606851
-0.606460
-0.606303
-0.606147
-0.605521
-0.605208
-0.604738
-0.604347
-0.603799
-0.603721
-0.603407
-0.602938
-0.602781
-0.602233
-0.601529
-0.600825
-0.600355
-0.600042
-0.599651
-0.599337
-0.598790
-0.598555
-0.598007
-0.597850
-0.598007
-0.597302
-0.596598
-0.596833
-0.596128
-0.595502
-0.595581
-0.595267
-0.595033
-0.594015
-0.593780
-0.593546
-0.593232
-0.592528
-0.592293
-0.591667
-0.591354
-0.591119
-0.590806
-0.590493
-0.590102
-0.589632
-0.589319
-0.589084
-0.588771
-0.588536
-0.588301
-0.587754
-0.587597
-0.586814
-0.586345
-0.586032
-0.585797
-0.585171
-0.584858
-0.584858
-0.584231
-0.584153
-0.583684
-0.583292
-0.582901
-0.582588
-0.582118
-0.582118
-0.581179
-0.581179
-0.580709
-0.580474
-0.580005
-0.579692
-0.579457
-0.579222
-0.578831
-0.578283
-0.578048
-0.577657
-0.577344
-0.576874
-0.576717
-0.576170
-0.576013
-0.575543
-0.575465
-0.574917
-0.574291
-0.574056
-0.573900
-0.573587
-0.573195
-0.572882
-0.572178
-0.572178
-0.571630
-0.571239
-0.570926
-0.570612
-0.570456
-0.569908
-0.569282
-0.568969
-0.568734
-0.568421
-0.568030
-0.567638
-0.567482
-0.567090
-0.566699
-0.566308
-0.566073
-0.565681
-0.565055
-0.565212
-0.564742
-0.564351
-0.564116
-0.563725
-0.563255
-0.562942
-0.561925
-0.561925
-0.561690
-0.561064
-0.560594
-0.560594
-0.559889
-0.559576
-0.559107
-0.559185
-0.558637
-0.558011
-0.557698
-0.557463
-0.557072
-0.556524
-0.556133
-0.555819
-0.555193
-0.555115
-0.554802
-0.554332
-0.554176
-0.554019
-0.553628
-0.552845
-0.552689
-0.552376
-0.552063
-0.551749
-0.551202
-0.550810
-0.550575
-0.550262
-0.549793
-0.549636
-0.549010
-0.548775
-0.548540
-0.547992
-0.547679
-0.547679
-0.547445
-0.546740
-0.546584
-0.546036
-0.545331
-0.545018
-0.544783
-0.544627
-0.544157
-0.543844
-0.543296
-0.542983
-0.542592
-0.542279
-0.541966
-0.541731
-0.541183
-0.540557
-0.540322
-0.540166
-0.539931
-0.539383
-0.539070
-0.538757
-0.538444
-0.538209
-0.537661
-0.537661
-0.537270
-0.536487
-0.536330
-0.536017
-0.535704
-0.535078
-0.535156
-0.534608
-0.534295
-0.533904
-0.533591
-0.533434
-0.533043
-0.532652
-0.532104
-0.531869
-0.531399
-0.531008
-0.530617
-0.530538
-0.530069
-0.529364
-0.529129
-0.528816
-0.528738
-0.528034
-0.528112
-0.527721
-0.527173
-0.526860
-0.526703
-0.526155
-0.525686
-0.525607
-0.525216
-0.524746
-0.524277
-0.523964
-0.523651
-0.523337
-0.523024
-0.522555
-0.522242
-0.521694
-0.521224
-0.520755
-0.520285
-0.520207
-0.520050
-0.519502
-0.518876
-0.518798
-0.518172
-0.517780
-0.517702
-0.517232
-0.516919
-0.516606
-0.516215
-0.515980
-0.515589
-0.515119
-0.514963
-0.514728
-0.514258
-0.514180
-0.513945
-0.513241
-0.513319
-0.513006
-0.512067
-0.511597
-0.511284
-0.510893
-0.510580
-0.510345
-0.509719
-0.509640
-0.509171
-0.508936
-0.508466
-0.508388
-0.507918
-0.507762
-0.507449
-0.507057
-0.506353
-0.505883
-0.505805
-0.505570
-0.505179
-0.504944
-0.504553
-0.504318
-0.503848
-0.503535
-0.503222
-0.502596
-0.502283
-0.502048
-0.501578
-0.501187
-0.501031
-0.500561
-0.500326
-0.499935
-0.499465
-0.498996
-0.498917
-0.498213
-0.498291
-0.497743
-0.497587
-0.496961
-0.496804
-0.496178
-0.496021
-0.495708
-0.495395
-0.494926
-0.494847
-0.494221
-0.494299
-0.493830
-0.493517
-0.492891
-0.492656
-0.492343
-0.492108
-0.491638
-0.491169
-0.490699
-0.490542
-0.489995
-0.489681
-0.489447
-0.489055
-0.488429
-0.488586
-0.487881
-0.487490
-0.487255
-0.486786
-0.486316
-0.486003
-0.485690
-0.485377
-0.485142
-0.484594
-0.484437
-0.484124
-0.483576
-0.483420
-0.482950
-0.482559
-0.482089
-0.482011
-0.481620
-0.481228
-0.480837
-0.480446
-0.479663
-0.479663
-0.479272
-0.478959
-0.478332
-0.478019
-0.477706
-0.477471
-0.477237
-0.476376
-0.476063
-0.475906
-0.475749
-0.475436
-0.474967
-0.474497
-0.474106
-0.473714
-0.473636
-0.473401
-0.473088
-0.472462
-0.472306
-0.471836
-0.471601
-0.471132
-0.470584
-0.470818
-0.469957
-0.469410
-0.469253
-0.468392
-0.468392
-0.468314
-0.467766
-0.467296
-0.466983
-0.466748
-0.466514
-0.466279
-0.465966
-0.465418
-0.464792
-0.464792
-0.464870
-0.464322
-0.463774
-0.463461
-0.462835
-0.462522
-0.462365
-0.461896
-0.461504
-0.460878
-0.460722
-0.460096
-0.459782
-0.459782
-0.459156
-0.458765
-0.458843
-0.458295
-0.458060
-0.457669
-0.457200
-0.456808
-0.456104
-0.455947
-0.455556
-0.455478
-0.455008
-0.454617
-0.454460
-0.453990
-0.453756
-0.453364
-0.453051
-0.452895
-0.452816
-0.452112
-0.451721
-0.451408
-0.451016
-0.450468
-0.450547
-0.450312
-0.449607
-0.449294
-0.449294
-0.448668
-0.448277
-0.447964
-0.447729
-0.447259
-0.446946
-0.446790
-0.446398
-0.445929
-0.445772
-0.445616
-0.444911
-0.444755
-0.444285
-0.444050
-0.443581
-0.443189
-0.442876
-0.442093
-0.442093
-0.441780
-0.441311
-0.440841
-0.440606
-0.439824
-0.439432
-0.439276
-0.438884
-0.438650
-0.437867
-0.437710
-0.437476
-0.437162
-0.436928
-0.436536
-0.435754
-0.435597
-0.435206
-0.434971
-0.434736
-0.434345
-0.433640
-0.433406
-0.433327
-0.432858
-0.432701
-0.432388
-0.431997
-0.431918
-0.431370
-0.430901
-0.430823
-0.430275
-0.429962
-0.429414
-0.429179
-0.428788
-0.428396
-0.428161
-0.428005
-0.427535
-0.427222
-0.426596
-0.426753
-0.426048
-0.425579
-0.425344
-0.424952
-0.424561
-0.424561
-0.424170
-0.423700
-0.422996
-0.423152
-0.422683
-0.422369
-0.422056
-0.421587
-0.421195
-0.420961
-0.420256
-0.419865
-0.419317
-0.419395
-0.418769
-0.418378
-0.418143
-0.418143
-0.417517
-0.417360
-0.416812
-0.416421
-0.415873
-0.415717
-0.415482
-0.415247
-0.414856
-0.414621
-0.414386
-0.413838
-0.413290
-0.412821
-0.412429
-0.412116
-0.411881
-0.411725
-0.411333
-0.410864
-0.410551
-0.410472
-0.409925
-0.409611
-0.409220
-0.408985
-0.408516
-0.408516
-0.408046
-0.407576
-0.407342
-0.406950
-0.406559
-0.406481
-0.406246
-0.405698
-0.405385
-0.405072
-0.404759
-0.404446
-0.404211
-0.403663
-0.403428
-0.402959
-0.402567
-0.402411
-0.402176
-0.401550
-0.400924
-0.400689
-0.400376
-0.400297
-0.399671
-0.399123
-0.398654
-0.398341
-0.398028
-0.397714
-0.397480
-0.397010
-0.396619
-0.396540
-0.395993
-0.395836
-0.395366
-0.395210
-0.394740
-0.394349
-0.394036
-0.393801
-0.393253
-0.393175
-0.392783
-0.392314
-0.391923
-0.391844
-0.391062
-0.390827
-0.390514
-0.390122
-0.389261
-0.389340
-0.388948
-0.388557
-0.388244
-0.388166
-0.387618
-0.387539
-0.387070
-0.386992
-0.386678
-0.386052
-0.385661
-0.385270
-0.385113
-0.384643
-0.384487
-0.383939
-0.383626
-0.383391
-0.383235
-0.382765
-0.382217
-0.382061
-0.381513
-0.381591
-0.380573
-0.380573
-0.380260
-0.379556
-0.379243
-0.378930
-0.378460
-0.378304
-0.378304
-0.377599
-0.377208
-0.376895
-0.376660
-0.376347
-0.376269
-0.376112
-0.375408
-0.375016
-0.375095
-0.374468
-0.374155
-0.373842
-0.373216
-0.373059
-0.372668
-0.372277
-0.372120
-0.371807
-0.371338
-0.371259
-0.371024
-0.370242
-0.370320
-0.369616
-0.369146
-0.369068
-0.368833
-0.368442
-0.367737
-0.367424
-0.367581
-0.367033
-0.366876
-0.366641
-0.366172
-0.365937
-0.365467
-0.364998
-0.364528
-0.364372
-0.364293
-0.363745
-0.363354
-0.362806
-0.362650
-0.362415
-0.361945
-0.361710
-0.361162
-0.360615
-0.360536
-0.359832
-0.359362
-0.359049
-0.358580
-0.358345
-0.358110
-0.357875
-0.357249
-0.357092
-0.356858
-0.356545
-0.356388
-0.355684
-0.355684
-0.354979
-0.354823
-0.354353
-0.354040
-0.353883
-0.353649
-0.353101
-0.352709
-0.352553
-0.352005
-0.352005
-0.351379
-0.350987
-0.350440
-0.350361
-0.349892
-0.349657
-0.349579
-0.349187
-0.348561
-0.348405
-0.348013
-0.347544
-0.347465
-0.347152
-0.346996
-0.346448
-0.346369
-0.345665
-0.345430
-0.345352
-0.344804
-0.344648
-0.344491
-0.343630
-0.343474
-0.343317
-0.343082
-0.342847
-0.342378
-0.342221
-0.341438
-0.341360
-0.341125
-0.340812
-0.340812
-0.340030
-0.339482
-0.339012
-0.338777
-0.338543
-0.337995
-0.337603
-0.337212
-0.336977
-0.336664
-0.336273
-0.336273
-0.335647
-0.335647
-0.335255
-0.334864
-0.334472
-0.333925
-0.333925
-0.333377
-0.333142
-0.332907
-0.332751
-0.332281
-0.331890
-0.331420
-0.331498
-0.331107
-0.330402
-0.330324
-0.329855
-0.329855
-0.329463
-0.329307
-0.328602
-0.328367
-0.328054
-0.327663
-0.327272
-0.326880
-0.326646
-0.326489
-0.326019
-0.325550
-0.325471
-0.325237
-0.324767
-0.324376
-0.323906
-0.323436
-0.323358
-0.323045
-0.322575
-0.322419
-0.322028
-0.321793
-0.321558
-0.321323
-0.320854
-0.320384
-0.320306
-0.319993
-0.319601
-0.318975
-0.318740
-0.318427
-0.318036
-0.317644
-0.317331
-0.317018
-0.316627
-0.316392
-0.316314
-0.315609
-0.315453
-0.315140
-0.314827
-0.314514
-0.314279
-0.313888
-0.313653
-0.313496
-0.313183
-0.312792
-0.312166
-0.311618
-0.311461
-0.311383
-0.311148
-0.310913
-0.310600
-0.310131
-0.309504
-0.309270
-0.309035
-0.308487
-0.308330
-0.308174
-0.307626
-0.307626
-0.307235
-0.306765
-0.306295
-0.306295
-0.305826
-0.305278
-0.305356
-0.304887
-0.304887
-0.304260
-0.303791
-0.303712
-0.303399
-0.302851
-0.302773
-0.302460
-0.302304
-0.301991
-0.301443
-0.300973
-0.301051
-0.300660
-0.300269
-0.299956
-0.299564
-0.299329
-0.298938
-0.298234
-0.297920
-0.297451
-0.297373
-0.297060
-0.296825
-0.296355
-0.296199
-0.295807
-0.295572
-0.295103
-0.295103
-0.294555
-0.294085
-0.294085
-0.293537
-0.293459
-0.293224
-0.292833
-0.292755
-0.292442
-0.291815
-0.291659
-0.291111
-0.290798
-0.290563
-0.290094
-0.289624
-0.289546
-0.289311
-0.288763
-0.288685
-0.288058
-0.287667
-0.287511
-0.287432
-0.287041
-0.286415
-0.286415
-0.285789
-0.285789
-0.285397
-0.285084
-0.284849
-0.284615
-0.284067
-0.283910
-0.283675
-0.283128
-0.282893
-0.282501
-0.282110
-0.282032
-0.281327
-0.281014
-0.280701
-0.280701
-0.280388
-0.279684
-0.279527
-0.279136
-0.278744
-0.278275
-0.278118
-0.277883
-0.277649
-0.277492
-0.277257
-0.276866
-0.276475
-0.276240
-0.276005
-0.275848
-0.275066
-0.274909
-0.274674
-0.274440
-0.274048
-0.273970
-0.273031
-0.272952
-0.272796
-0.272326
-0.272248
-0.272013
-0.271622
-0.271387
-0.270761
-0.270996
-0.270448
-0.269900
-0.269743
-0.269430
-0.269039
-0.269039
-0.268491
-0.268335
-0.267630
-0.267474
-0.267239
-0.266769
-0.266534
-0.266691
-0.266221
-0.265986
-0.265673
-0.265752
-0.265360
-0.264891
-0.264421
-0.264343
-0.263638
-0.263717
-0.263482
-0.263012
-0.262777
-0.262934
-0.262464
-0.262073
-0.261682
-0.261290
-0.260586
-0.260586
-0.260429
-0.260429
-0.259881
-0.259490
-0.259412
-0.259177
-0.258707
-0.258707
-0.257925
-0.257846
-0.257377
-0.257064
-0.256985
-0.256594
-0.256281
-0.255968
-0.255655
-0.255342
-0.255342
-0.254950
-0.254794
-0.254168
-0.253933
-0.253855
-0.253463
-0.253072
-0.252759
-0.252289
-0.252367
-0.251741
-0.252054
-0.251585
-0.251037
-0.250489
-0.250489
-0.250254
-0.249863
-0.249706
-0.249237
-0.248845
-0.248845
-0.248297
-0.247906
-0.247593
-0.247515
-0.246889
-0.246654
-0.246497
-0.246341
-0.245715
-0.245558
-0.245401
-0.245480
-0.244775
-0.244619
-0.244306
-0.244071
-0.243445
-0.243445
-0.243210
-0.242427
-0.242114
-0.242271
-0.241879
-0.241566
-0.241645
-0.241018
-0.240392
-0.240001
-0.239609
-0.239062
-0.239453
-0.238983
-0.238592
-0.238122
-0.238435
-0.238279
-0.237653
-0.237183
-0.236948
-0.236635
-0.236244
-0.236009
-0.235696
-0.235461
-0.235461
-0.235070
-0.234757
-0.234444
-0.234052
-0.233583
-0.233583
-0.233270
-0.233035
-0.232643
-0.232487
-0.232409
-0.231939
-0.231704
-0.231626
-0.231156
-0.230765
-0.230687
-0.230608
-0.230139
-0.229591
-0.229356
-0.229121
-0.228887
-0.228808
-0.228652
-0.228260
-0.227478
-0.227556
-0.227008
-0.227008
-0.226617
-0.226304
-0.226225
-0.225834
-0.225599
-0.225521
-0.225364
-0.225051
-0.224895
-0.224660
-0.224112
-0.223799
-0.223408
-0.223251
-0.223173
-0.222860
-0.222860
-0.222390
-0.222077
-0.222077
-0.221686
-0.220981
-0.220981
-0.220903
-0.220433
-0.220120
-0.219807
-0.219338
-0.219259
-0.219259
-0.218868
-0.218477
-0.218320
-0.218242
-0.217929
-0.217616
-0.217068
-0.216990
-0.216833
-0.216598
-0.216363
-0.216207
-0.215815
-0.215737
-0.215268
-0.215189
-0.214798
-0.214485
-0.214485
-0.214094
-0.213859
-0.213780
-0.213311
-0.213076
-0.212998
-0.212763
-0.212293
-0.212059
-0.212059
-0.211745
-0.211276
-0.211354
-0.211119
-0.210571
-0.210493
-0.210102
-0.210180
-0.209945
-0.209476
-0.209397
-0.208849
-0.209084
-0.208536
-0.208302
-0.207910
-0.207675
-0.207519
-0.207441
-0.206658
-0.206893
-0.206814
-0.206501
-0.206110
-0.205797
-0.205484
-0.205249
-0.205093
-0.204858
-0.204466
-0.204075
-0.203918
-0.203840
-0.203605
-0.203371
-0.203371
-0.202823
-0.202744
-0.202353
-0.202588
-0.202353
-0.201805
-0.201179
-0.201336
-0.201257
-0.201101
-0.200475
-0.200240
-0.200083
-0.199457
-0.199614
-0.199066
-0.198831
-0.198361
-0.198205
-0.198361
-0.197892
-0.197892
-0.197735
-0.197109
-0.196796
-0.196796
-0.196639
-0.196170
-0.196091
-0.195935
-0.195778
-0.195465
-0.195231
-0.195152
-0.194683
-0.194448
-0.193900
-0.193978
-0.193978
-0.193978
-0.193743
-0.193352
-0.193274
-0.193352
-0.192882
-0.192882
-0.192491
-0.192335
-0.191787
-0.191630
-0.191395
-0.191395
-0.191317
-0.191317
-0.191082
-0.190691
-0.190613
-0.190221
-0.190300
-0.189830
-0.189517
-0.189204
-0.189204
-0.188656
-0.188578
-0.188734
-0.188499
-0.188343
-0.187638
-0.187482
-0.187247
-0.187169
-0.186699
-0.186777
-0.186308
-0.186464
-0.186543
-0.185995
-0.185995
-0.185603
-0.185447
-0.185134
-0.184899
-0.184742
-0.184351
-0.183960
-0.184116
-0.183960
-0.184038
-0.183725
-0.183568
-0.183334
-0.182786
-0.182786
-0.182786
-0.182473
-0.182316
-0.182238
-0.182159
-0.182081
-0.182003
-0.182238
-0.181768
-0.181612
-0.181299
-0.181064
-0.181142
-0.180751
-0.180516
-0.180359
-0.180359
-0.180438
-0.180359
-0.180124
-0.179733
-0.179655
-0.179185
-0.178950
-0.178950
-0.178872
-0.178716
-0.178559
-0.178872
-0.178481
-0.178089
-0.178246
-0.177933
-0.177542
-0.177228
-0.177228
-0.177307
-0.176994
-0.176837
-0.176994
-0.176759
-0.176602
-0.176602
-0.176289
-0.176054
-0.175585
-0.175507
-0.175428
-0.175350
-0.175193
-0.175193
-0.175272
-0.175115
-0.174959
-0.174332
-0.174332
-0.174098
-0.173863
-0.173706
-0.173550
-0.173472
-0.173550
-0.173315
-0.173080
-0.172924
-0.173002
-0.172845
-0.172454
-0.172454
-0.171906
-0.171828
-0.171593
-0.171515
-0.171750
-0.171437
-0.171593
-0.171123
-0.170810
-0.170654
-0.170654
-0.170419
-0.170341
-0.169949
-0.169949
-0.169715
-0.170028
-0.169793
-0.169558
-0.169558
-0.169167
-0.169010
-0.168775
-0.168775
-0.168541
-0.168541
-0.168619
-0.168775
-0.168384
-0.168306
-0.167836
-0.167601
-0.167680
-0.167210
-0.167210
-0.166897
-0.166819
-0.166975
-0.166897
-0.166662
-0.166506
-0.166584
-0.166036
-0.165801
-0.165879
-0.165331
-0.165488
-0.165645
-0.165253
-0.165410
-0.165331
-0.165253
-0.164705
-0.164862
-0.164549
-0.164392
-0.164392
-0.164470
-0.164549
-0.164079
-0.164001
-0.163844
-0.163766
-0.163688
-0.163453
-0.163062
-0.163296
-0.163140
-0.162827
-0.162905
-0.162827
-0.162749
-0.162827
-0.162592
-0.162435
-0.162122
-0.162122
-0.161966
-0.161888
-0.161575
-0.161653
-0.161261
-0.161261
-0.161183
-0.161105
-0.160635
-0.160870
-0.160479
-0.160557
-0.160479
-0.160166
-0.159853
-0.160087
-0.160087
-0.159539
-0.159618
-0.159383
-0.159461
-0.159305
-0.158992
-0.158913
-0.158913
-0.158835
-0.158679
-0.158444
-0.158600
-0.158209
-0.158287
-0.157818
-0.157504
-0.157270
-0.157504
-0.157270
-0.157270
-0.157035
-0.156957
-0.157191
-0.156878
-0.156800
-0.156487
-0.156487
-0.156330
-0.156565
-0.156252
-0.156252
-0.155939
-0.156174
-0.155783
-0.155548
-0.155235
-0.155078
-0.155000
-0.154843
-0.155000
-0.155156
-0.154843
-0.154530
-0.154609
-0.154217
-0.153982
-0.153904
-0.153826
-0.153748
-0.153591
-0.153513
-0.153356
-0.153121
-0.153121
-0.153043
-0.152652
-0.152495
-0.152495
-0.152417
-0.152260
-0.152104
-0.152182
-0.151791
-0.151634
-0.151556
-0.151399
-0.151556
-0.151165
-0.151086
-0.150930
-0.150773
-0.150538
-0.150538
-0.150069
-0.149756
-0.149599
-0.149364
-0.149364
-0.149130
-0.149130
-0.148817
-0.148895
-0.148582
-0.148660
-0.148347
-0.148190
-0.147956
-0.147799
-0.147329
-0.147329
-0.147251
-0.146938
-0.146782
-0.147016
-0.146390
-0.146312
-0.146155
-0.145686
-0.145686
-0.145216
-0.144903
-0.144825
-0.144512
-0.144433
-0.144277
-0.144120
-0.143964
-0.143572
-0.143494
-0.142946
-0.142946
-0.142868
-0.142555
-0.142085
-0.142007
-0.141929
-0.141459
-0.141224
-0.141381
-0.140598
-0.140520
-0.140207
-0.139972
-0.139502
-0.139581
-0.139346
-0.138876
-0.138720
-0.138407
-0.138328
-0.137859
-0.137624
-0.137546
-0.137154
-0.136920
-0.136685
-0.136372
-0.135902
-0.135902
-0.135589
-0.135198
-0.135198
-0.134963
-0.134180
-0.134180
-0.134102
-0.133789
-0.133476
-0.133006
-0.133006
-0.132771
-0.132223
-0.132145
-0.131675
-0.131049
-0.130658
-0.130580
-0.130188
-0.130032
-0.130032
-0.129484
-0.128936
-0.128545
-0.128310
-0.128075
-0.127449
-0.127449
-0.127058
-0.126901
-0.126431
-0.125883
-0.125805
-0.125336
-0.125179
-0.124788
-0.124553
-0.124005
-0.123848
-0.123144
-0.122753
-0.122440
-0.122205
-0.121892
-0.121500
-0.121109
-0.120405
-0.119700
-0.119622
-0.119387
-0.119074
-0.118604
-0.118057
-0.117900
-0.117587
-0.116726
-0.116100
-0.115865
-0.115552
-0.115161
-0.114926
-0.114456
-0.114143
-0.113752
-0.113360
-0.112969
-0.112343
-0.111795
-0.111560
-0.111012
-0.110621
-0.109995
-0.109916
-0.109525
-0.109290
-0.108899
-0.108508
-0.107725
-0.107255
-0.106629
-0.106551
-0.105768
-0.105455
-0.104907
-0.104751
-0.104281
-0.103968
-0.103107
-0.102481
-0.102403
-0.101933
-0.101385
-0.100837
-0.100054
-0.100054
-0.099428
-0.099037
-0.098176
-0.097472
-0.097002
-0.097002
-0.096219
-0.095906
-0.095358
-0.094810
-0.094419
-0.094106
-0.093715
-0.092932
-0.091836
-0.091680
-0.091445
-0.090584
-0.090114
-0.089801
-0.089018
-0.088940
-0.088471
-0.087923
-0.086827
-0.086670
-0.086279
-0.085809
-0.085261
-0.084400
-0.084244
-0.083618
-0.083148
-0.082522
-0.081896
-0.081191
-0.080722
-0.080409
-0.079235
-0.079313
-0.078687
-0.078139
-0.077748
-0.077278
-0.076495
-0.075478
-0.075165
-0.074852
-0.074382
-0.073912
-0.073286
-0.072660
-0.072425
-0.071877
-0.071173
-0.070625
-0.069686
-0.069294
-0.068825
-0.068042
-0.067259
-0.067259
-0.066868
-0.066633
-0.066085
-0.065537
-0.064677
-0.063894
-0.063581
-0.063189
-0.062641
-0.061702
-0.061467
-0.061154
-0.060763
-0.059746
-0.059041
-0.058493
-0.057789
-0.057006
-0.056771
-0.055675
-0.055597
-0.055441
-0.054736
-0.054267
-0.053719
-0.052701
-0.052232
-0.051840
-0.051214
-0.050431
-0.049884
-0.049257
-0.048709
-0.048396
-0.047614
-0.046753
-0.046127
-0.045813
-0.045031
-0.044718
-0.043935
-0.043465
-0.043309
-0.042448
-0.041822
-0.041039
-0.040178
-0.039317
-0.038926
-0.038300
-0.037752
-0.037360
-0.036812
-0.036421
-0.036265
-0.035247
-0.034464
-0.033603
-0.033212
-0.032429
-0.031960
-0.031334
-0.030786
-0.030160
-0.029455
-0.029064
-0.028046
-0.027577
-0.026716
-0.026246
-0.025463
-0.024915
-0.024446
-0.023976
-0.023507
-0.022646
-0.021941
-0.021393
-0.020689
-0.020298
-0.019593
-0.018967
-0.018654
-0.018106
-0.017636
-0.016932
-0.016149
-0.015601
-0.014740
-0.014192
-0.013801
-0.013332
-0.012784
-0.012392
-0.011844
-0.011140
-0.010670
-0.009653
-0.009105
-0.008714
-0.008166
-0.007540
-0.006992
-0.006522
-0.005896
-0.005661
-0.004957
-0.004096
-0.003156
-0.003078
-0.002843
-0.002061
-0.001669
-0.001278
-0.000652
-0.000182
0.000522
0.000992
0.001618
0.002088
0.002322
0.003105
0.003496
0.004123
0.004514
0.004984
0.005610
0.006314
0.006862
0.007175
0.007880
0.008427
0.008819
0.009602
0.009915
0.010462
0.011167
0.012106
0.012654
0.012967
0.013593
0.013985
0.014611
0.015237
0.015707
0.016176
0.016724
0.017350
0.017742
0.018368
0.018916
0.019307
0.020168
0.020638
0.021499
0.021812
0.021968
0.022829
0.023534
0.024551
0.024395
0.025021
0.025569
0.026038
0.026664
0.026977
0.027447
0.027995
0.028856
0.029482
0.030030
0.030186
0.030500
0.031204
0.032065
0.032613
0.032691
0.033474
0.034257
0.034648
0.035352
0.035509
0.036213
0.036683
0.036996
0.037544
0.037935
0.038796
0.038953
0.039657
0.040518
0.041066
0.041223
0.042083
0.042318
0.043023
0.043649
0.044040
0.044588
0.045449
0.045684
0.045997
0.046467
0.046936
0.047797
0.048267
0.048893
0.049441
0.049754
0.050537
0.050850
0.051163
0.051789
0.052337
0.052963
0.053354
0.053980
0.054528
0.055076
0.055702
0.056250
0.056329
0.056798
0.057190
0.057816
0.058442
0.058990
0.059459
0.060007
0.060633
0.061181
0.061338
0.061729
0.062355
0.062825
0.063529
0.063842
0.064077
0.064703
0.065330
0.065878
0.066347
0.066738
0.067286
0.068069
0.068460
0.068773
0.069087
0.070026
0.070417
0.070965
0.071278
0.071669
0.071904
0.072765
0.073704
0.074174
0.074252
0.074879
0.075661
0.075740
0.075974
0.076522
0.077148
0.077305
0.078244
0.078714
0.079262
0.079575
0.080592
0.080592
0.081218
0.081688
0.082236
0.082706
0.083175
0.083880
0.084193
0.084819
0.085367
0.085993
0.086149
0.086541
0.087010
0.087323
0.087871
0.088732
0.089045
0.089358
0.090298
0.090611
0.090924
0.091315
0.091472
0.092176
0.092881
0.093350
0.093742
0.094289
0.094916
0.095307
0.095698
0.096011
0.096403
0.096951
0.097577
0.098046
0.098438
0.098986
0.099220
0.099768
0.100316
0.100551
0.100786
0.101412
0.102351
0.102899
0.103056
0.103447
0.103995
0.104621
0.104778
0.105247
0.105717
0.106108
0.106813
0.107126
0.107674
0.107987
0.108221
0.108848
0.109317
0.109630
0.109943
0.110100
0.110883
0.111431
0.111822
0.112370
0.112761
0.113152
0.113857
0.113935
0.114327
0.114953
0.115579
0.116362
0.116675
0.117144
0.117536
0.118005
0.118083
0.118866
0.118944
0.119571
0.120275
0.121058
0.121371
0.121840
0.122232
0.122780
0.123249
0.123562
0.124032
0.124345
0.124815
0.125284
0.125754
0.126224
0.126537
0.127084
0.127163
0.127711
0.128102
0.128493
0.129433
0.129824
0.130294
0.130763
0.131233
0.131546
0.132015
0.132329
0.132329
0.133033
0.133581
0.133346
0.134442
0.134677
0.134911
0.135694
0.135929
0.136477
0.136633
0.137416
0.137807
0.138042
0.138825
0.139138
0.139608
0.139608
0.140312
0.140547
0.141095
0.141799
0.142112
0.142582
0.143052
0.143834
0.143912
0.144852
0.144695
0.145087
0.145400
0.145791
0.146495
0.146808
0.147200
0.147591
0.147983
0.148061
0.148843
0.149235
0.149391
0.149861
0.150487
0.151270
0.151426
0.151505
0.151974
0.152522
0.152835
0.153070
0.153305
0.153696
0.154322
0.154870
0.155418
0.156123
0.156357
0.156514
0.156905
0.157062
0.157610
0.158236
0.158862
0.159019
0.159723
0.160114
0.160349
0.160819
0.161054
0.161758
0.162071
0.162776
0.162932
0.163480
0.163636
0.164106
0.164419
0.164889
0.165515
0.165593
0.165985
0.166611
0.167002
0.167393
0.167393
0.167941
0.168254
0.168802
0.169428
0.169663
0.169898
0.170916
0.171072
0.171385
0.171855
0.172246
0.172638
0.173029
0.173498
0.173733
0.173812
0.174438
0.174673
0.175142
0.175533
0.175925
0.176394
0.176629
0.176942
0.177177
0.177490
0.178038
0.178586
0.179056
0.179212
0.179995
0.180386
0.180464
0.181012
0.180934
0.181952
0.182265
0.182969
0.182891
0.183204
0.183830
0.184535
0.184848
0.185161
0.185630
0.186256
0.186413
0.186648
0.187274
0.187744
0.187978
0.188526
0.188839
0.189074
0.189466
0.190326
0.190405
0.190953
0.191344
0.191735
0.192283
0.192205
0.192909
0.193066
0.193379
0.193927
0.194475
0.194397
0.194866
0.195179
0.195571
0.196275
0.196666
0.197136
0.197449
0.197840
0.197997
0.198545
0.199014
0.199641
0.199875
0.200110
0.200815
0.201128
0.201676
0.202223
0.202302
0.203006
0.203084
0.203554
0.204493
0.204337
0.204572
0.205041
0.205433
0.205980
0.205980
0.206607
0.206763
0.207154
0.207624
0.208172
0.208250
0.208720
0.209268
0.209816
0.210129
0.210285
0.210911
0.211225
0.211851
0.212164
0.212555
0.212946
0.213338
0.213886
0.214042
0.214355
0.214825
0.215216
0.215686
0.216077
0.216782
0.216860
0.217251
0.217564
0.217956
0.218112
0.218738
0.219208
0.219912
0.219991
0.220460
0.220930
0.221243
0.221478
0.222026
0.222026
0.222574
0.223043
0.223200
0.223826
0.224217
0.224452
0.225157
0.225313
0.225783
0.225783
0.226487
0.227035
0.227426
0.227505
0.227974
0.228444
0.228600
0.229148
0.228992
0.229774
0.230088
0.230792
0.230792
0.231496
0.231653
0.232123
0.232670
0.232827
0.232984
0.233531
0.233844
0.234471
0.234471
0.234940
0.235488
0.236114
0.236427
0.236506
0.236975
0.237523
0.237993
0.238384
0.238541
0.239167
0.239480
0.239558
0.240028
0.240497
0.240654
0.241437
0.241593
0.242141
0.242532
0.242767
0.243002
0.243315
0.243472
0.244098
0.244333
0.244802
0.245428
0.245820
0.246211
0.246524
0.246837
0.247229
0.247542
0.247855
0.248090
0.248637
0.248951
0.249342
0.249342
0.249890
0.250046
0.250516
0.250907
0.251299
0.251533
0.252160
0.252786
0.252708
0.253255
0.253647
0.253803
0.254116
0.254429
0.254821
0.255290
0.255603
0.255917
0.256073
0.256464
0.256699
0.256856
0.257560
0.257873
0.258186
0.258813
0.259126
0.259674
0.259752
0.260456
0.260613
0.260769
0.261082
0.261709
0.261709
0.262256
0.262804
0.263196
0.263665
0.263822
0.263900
0.264135
0.264526
0.264996
0.265309
0.266092
0.266170
0.266874
0.267031
0.267266
0.267814
0.267814
0.268048
0.268205
0.268831
0.269222
0.269536
0.269770
0.270396
0.270553
0.270866
0.271257
0.271257
0.271884
0.272588
0.272666
0.272823
0.273527
0.273840
0.273997
0.274310
0.274701
0.275093
0.275484
0.276032
0.276423
0.276815
0.277049
0.277441
0.277754
0.277910
0.278145
0.278537
0.279006
0.279319
0.279789
0.280180
0.280415
0.281041
0.281198
0.281354
0.281824
0.282450
0.282763
0.283233
0.283546
0.284094
0.284250
0.284720
0.284798
0.285503
0.285503
0.286050
0.286520
0.286911
0.287146
0.287772
0.288007
0.288477
0.288399
0.288712
0.289181
0.289494
0.290277
0.290590
0.290903
0.291373
0.291686
0.291999
0.291999
0.292703
0.293173
0.293330
0.293408
0.293799
0.294425
0.294582
0.295208
0.295521
0.295834
0.296147
0.296147
0.296617
0.296930
0.297243
0.297791
0.297947
0.298495
0.298808
0.298965
0.299278
0.300217
0.300452
0.300843
0.301313
0.301861
0.302096
0.302252
0.302878
0.303113
0.303583
0.303974
0.304444
0.304600
0.304913
0.305383
0.305774
0.305931
0.306088
0.306479
0.307105
0.307340
0.307575
0.308201
0.308670
0.309375
0.309218
0.309766
0.309923
0.310471
0.310940
0.311097
0.311488
0.311645
0.311801
0.312349
0.312819
0.312897
0.313210
0.313601
0.313914
0.314384
0.314619
0.315558
0.315480
0.315793
0.316184
0.316732
0.317202
0.317828
0.317906
0.318063
0.318689
0.318845
0.319393
0.319863
0.320098
0.320411
0.320959
0.321350
0.321741
0.321741
0.322524
0.322837
0.323072
0.323385
0.323776
0.324403
0.324324
0.324637
0.325029
0.325420
0.325655
0.325968
0.326438
0.326672
0.327064
0.327377
0.327690
0.327847
0.328394
0.328551
0.328864
0.329490
0.329803
0.330038
0.330273
0.330742
0.330977
0.331134
0.331760
0.332308
0.332464
0.332778
0.333091
0.333482
0.333873
0.334265
0.334343
0.334656
0.334969
0.335517
0.336221
0.336378
0.336613
0.337161
0.337239
0.337474
0.338100
0.338022
0.338413
0.339039
0.339430
0.339900
0.340135
0.340526
0.340761
0.340918
0.341465
0.341779
0.342013
0.342405
0.342718
0.343109
0.343031
0.343500
0.343814
0.344127
0.344753
0.344753
0.345144
0.345614
0.345614
0.346240
0.346553
0.347023
0.347336
0.347727
0.347884
0.348353
0.348979
0.348745
0.349136
0.349449
0.349840
0.350232
0.350545
0.350858
0.351327
0.351875
0.352110
0.352423
0.352736
0.353284
0.353441
0.353597
0.353832
0.354145
0.354693
0.354771
0.355476
0.355476
0.356102
0.355945
0.356650
0.356728
0.357198
0.357511
0.358059
0.358293
0.358841
0.358998
0.359233
0.359624
0.359702
0.360407
0.360563
0.360955
0.361346
0.361659
0.362285
0.362285
0.362990
0.362833
0.363459
0.363538
0.364164
0.364320
0.364946
0.365416
0.365651
0.365964
0.366199
0.366434
0.366903
0.367216
0.367608
0.367608
0.368234
0.368390
0.368782
0.368938
0.369486
0.369643
0.370269
0.370582
0.371208
0.371443
0.371756
0.371834
0.372695
0.372539
0.372695
0.373086
0.373400
0.373713
0.374104
0.374417
0.374730
0.375121
0.375356
0.375669
0.375982
0.376530
0.376843
0.377313
0.377470
0.377939
0.378017
0.378409
0.378409
0.378957
0.379113
0.379974
0.380131
0.380366
0.381070
0.381383
0.381540
0.382009
0.382087
0.382479
0.383027
0.383183
0.383496
0.383888
0.384592
0.384670
0.384592
0.385297
0.385297
0.385610
0.386158
0.386392
0.386627
0.387175
0.387488
0.387801
0.388036
0.388662
0.388662
0.389367
0.389993
0.389758
0.390306
0.390854
0.390932
0.391323
0.391636
0.391871
0.392654
0.392732
0.393124
0.393280
0.393671
0.393984
0.394454
0.394845
0.394924
0.395159
0.395628
0.395863
0.396411
0.396567
0.396724
0.397194
0.397585
0.397741
0.397898
0.398289
0.399072
0.399072
0.399307
0.399698
0.400324
0.400481
0.400950
0.401498
0.402046
0.402281
0.402829
0.402986
0.403612
0.403768
0.404160
0.404081
0.404707
0.405021
0.405490
0.405647
0.406273
0.406586
0.406899
0.407212
0.407525
0.407760
0.407682
0.408230
0.408543
0.409169
0.409482
0.409560
0.410030
0.409873
0.410734
0.411047
0.411282
0.411673
0.412143
0.412691
0.412691
0.413317
0.413474
0.413552
0.413865
0.414100
0.414413
0.414883
0.415274
0.415509
0.415743
0.416057
0.416526
0.417074
0.416918
0.417544
0.417622
0.417935
0.418092
0.418953
0.419109
0.419500
0.419735
0.419892
0.420361
0.420361
0.421066
0.421222
0.421535
0.421927
0.422396
0.422475
0.422866
0.423179
0.423492
0.423962
0.424353
0.424510
0.424823
0.425214
0.425840
0.426075
0.426153
0.426466
0.427093
0.427327
0.427640
0.427875
0.428501
0.428815
0.428971
0.429441
0.429441
0.429519
0.429989
0.430145
0.430536
0.430928
0.431711
0.431789
0.431789
0.432337
0.432571
0.432885
0.433432
0.433511
0.433902
0.434215
0.434685
0.434763
0.434920
0.435076
0.435389
0.435702
0.436015
0.436485
0.436720
0.436876
0.437424
0.437659
0.438050
0.438363
0.438755
0.438755
0.438911
0.439851
0.440555
0.440712
0.441025
0.441338
0.441416
0.441651
0.442199
0.442199
0.442512
0.442825
0.443373
0.443764
0.443921
0.444077
0.444468
0.444390
0.445329
0.445329
0.445564
0.446112
0.446112
0.446582
0.446973
0.447286
0.447443
0.447599
0.447834
0.448304
0.448695
0.448773
0.448930
0.449556
0.449556
0.449947
0.450260
0.450808
0.450965
0.451278
0.451826
0.451904
0.452530
0.452530
0.453548
0.453391
0.453548
0.454487
0.454565
0.454800
0.455113
0.455426
0.455739
0.455974
0.456209
0.456131
0.456522
0.456992
0.457383
0.457774
0.458009
0.458322
0.458557
0.458714
0.459027
0.459105
0.459653
0.459966
0.460201
0.460905
0.461218
0.461375
0.461688
0.461766
0.462001
0.462157
0.463018
0.463253
0.463566
0.463958
0.464114
0.464271
0.464584
0.464584
0.465132
0.465053
0.465680
0.466071
0.466619
0.467167
0.467323
0.467323
0.467871
0.467793
0.468106
0.468576
0.469202
0.469202
0.469671
0.469828
0.470298
0.470454
0.470611
0.471237
0.471472
0.472098
0.472489
0.472646
0.473115
0.473194
0.473507
0.473741
0.473976
0.474524
0.474994
0.475463
0.475620
0.476324
0.476324
0.476637
0.477185
0.477498
0.477733
0.478046
0.478438
0.478751
0.479142
0.479612
0.479533
0.480003
0.480629
0.480864
0.481177
0.481647
0.481881
0.482116
0.482586
0.483134
0.482821
0.483447
0.483682
0.483916
0.484151
0.484543
0.484699
0.485012
0.485404
0.485169
0.485717
0.486186
0.486578
0.486578
0.487360
0.487595
0.488143
0.488378
0.488456
0.488691
0.489004
0.489474
0.489552
0.490100
0.490569
0.490726
0.491039
0.491430
0.491509
0.492057
0.492291
0.492604
0.492918
0.493152
0.493544
0.494013
0.494326
0.494483
0.494639
0.495266
0.495657
0.496048
0.496205
0.496283
0.496988
0.497379
0.497535
0.497770
0.498083
0.498396
0.498553
0.499101
0.499257
0.499492
0.499884
0.500353
0.500197
0.500510
0.500979
0.501449
0.501997
0.502153
0.502310
0.502545
0.503014
0.503249
0.503484
0.503719
0.504032
0.504345
0.504658
0.504971
0.505284
0.505675
0.505597
0.505989
0.506536
0.506380
0.506928
0.507319
0.507710
0.508024
0.508024
0.508415
0.508963
0.509119
0.509354
0.509432
0.509667
0.510215
0.510372
0.510685
0.510998
0.511702
0.511859
0.511781
0.512094
0.512485
0.513033
0.513346
0.513424
0.513737
0.514050
0.514520
0.514442
0.514911
0.515459
0.515537
0.516085
0.516320
0.516633
0.517103
0.517416
0.517807
0.517807
0.518120
0.518512
0.518825
0.519216
0.519608
0.519842
0.520155
0.520390
0.520468
0.521173
0.521564
0.521877
0.522034
0.522582
0.522817
0.523051
0.523208
0.523678
0.523756
0.524147
0.524695
0.524852
0.525243
0.525556
0.526104
0.526417
0.526495
0.526730
0.527121
0.527278
0.527669
0.527982
0.528687
0.529078
0.529000
0.529078
0.529704
0.529861
0.530017
0.530252
0.530565
0.531113
0.531426
0.531896
0.532052
0.532209
0.532209
0.532679
0.532913
0.533774
0.534009
0.534322
0.534870
0.534557
0.534557
0.535340
0.535340
0.535575
0.536122
0.536592
0.536905
0.537140
0.537453
0.537453
0.537610
0.538079
0.538314
0.538784
0.539175
0.539566
0.539879
0.539879
0.540036
0.540427
0.540662
0.541053
0.541601
0.541914
0.542541
0.542619
0.542697
0.543167
0.543558
0.543715
0.544028
0.544262
0.544732
0.545202
0.545593
0.545515
0.546063
0.546063
0.546297
0.546767
0.547158
0.547315
0.547628
0.547941
0.548411
0.548489
0.548802
0.549037
0.549115
0.549585
0.550368
0.550446
0.550759
0.551307
0.551698
0.551776
0.552011
0.552324
0.552637
0.552794
0.553185
0.553498
0.553968
0.554281
0.554438
0.554594
0.555142
0.555377
0.556081
0.556394
0.556786
0.556786
0.557099
0.557334
0.557099
0.557568
0.557881
0.558351
0.558742
0.558977
0.559212
0.559838
0.559995
0.560073
0.560543
0.561090
0.561404
0.561951
0.562265
0.562656
0.563282
0.563673
0.563673
0.563830
0.564065
0.564534
0.564769
0.565239
0.565395
0.565317
0.565943
0.566256
0.566569
0.566804
0.567274
0.567587
0.567822
0.568135
0.568370
0.568996
0.568917
0.569465
0.569544
0.569778
0.570248
0.570561
0.570952
0.571266
0.571813
0.571892
0.572205
0.572518
0.572831
0.573222
0.573144
0.573535
0.573848
0.574318
0.574083
0.574475
0.574788
0.575101
0.575727
0.575962
0.576275
0.576588
0.577136
0.577449
0.577527
0.577840
0.578075
0.578466
0.578545
0.579093
0.579093
0.579562
0.580110
0.580032
0.580580
0.580658
0.581128
0.581597
0.582145
0.582302
0.582458
0.582849
0.583241
0.583554
0.584102
0.584024
0.584728
0.584415
0.584963
0.585432
0.585589
0.585980
0.586215
0.586528
0.586841
0.587154
0.587467
0.587937
0.588250
0.588641
0.588876
0.589268
0.589424
0.589502
0.589894
0.589972
0.590442
0.591146
0.591303
0.591616
0.591694
0.592320
0.592477
0.592946
0.592711
0.592946
0.593494
0.593807
0.594042
0.594355
0.594747
0.594903
0.595138
0.595294
0.595921
0.596155
0.596703
0.597016
0.597173
0.597642
0.597956
0.598034
0.598112
0.598425
0.598582
0.598895
0.599521
0.599756
0.599912
0.600304
0.600695
0.600617
0.601243
0.601713
0.601869
0.602495
0.602887
0.603043
0.603200
0.603356
0.603669
0.603982
0.604295
0.605000
0.605469
0.605704
0.605783
0.606096
0.606330
0.606565
0.606722
0.607035
0.607348
0.607661
0.608131
0.608209
0.608209
0.608679
0.608913
0.608992
0.609383
0.609696
0.610479
0.610635
0.611261
0.611340
0.611653
0.611496
0.612122
0.612357
0.612983
0.613375
0.613453
0.613844
0.613844
0.614314
0.614470
0.614784
0.614627
0.615253
0.615801
0.616192
0.616897
0.616662
0.617210
0.617210
0.617288
0.617680
0.617993
0.618697
0.618775
0.619245
0.619558
0.619871
0.619715
0.620262
0.620184
0.620732
0.621358
0.621906
0.622063
0.622219
0.622611
0.622924
0.622611
0.623002
0.623472
0.623941
0.624411
0.624567
0.624880
0.625350
0.624959
0.625663
0.625663
0.626133
0.626602
0.627228
0.627463
0.627776
0.627776
0.628168
0.628089
0.628481
0.628637
0.629185
0.629811
0.629968
0.630124
0.630516
0.630672
0.630829
0.631064
0.631533
0.632238
0.632629
0.632786
0.633255
0.633490
0.633803
0.633647
0.634038
0.634508
0.634977
0.635369
0.635682
0.635682
0.636229
0.636151
0.636308
0.636621
0.636934
0.637560
0.638108
0.638421
0.638812
0.639125
0.639282
0.639517
0.639752
0.640221
0.640534
0.640613
0.641395
0.641474
0.641865
0.641943
0.642178
0.642648
0.643352
0.643352
0.643274
0.643743
0.644135
0.644291
0.644604
0.644917
0.644996
0.645544
0.645778
0.646326
0.646561
0.646874
0.646874
0.646874
0.647266
0.647813
0.648596
0.648518
0.648596
0.648831
0.649066
0.648909
0.649457
0.649848
0.649770
0.650553
0.651101
0.651179
0.651727
0.651962
0.652118
0.651962
0.652510
0.652901
0.653214
0.653449
0.653918
0.653918
0.654310
0.654466
0.654466
0.655171
0.654858
0.655719
0.656110
0.656188
0.656423
0.656658
0.656893
0.657206
0.657597
0.657988
0.658380
0.658771
0.659163
0.658928
0.659163
0.659789
0.660102
0.660180
0.660728
0.661276
0.661276
0.661745
0.662137
0.662372
0.662763
0.662606
0.662998
0.663467
0.663702
0.664015
0.664250
0.664563
0.664798
0.665346
0.665502
0.665737
0.666050
0.666363
0.666520
0.666833
0.666990
0.667381
0.667929
0.668164
0.668320
0.668398
0.669025
0.669416
0.669416
0.669886
0.670199
0.670355
0.670746
0.670903
0.671294
0.671607
0.671921
0.672312
0.672625
0.673016
0.673408
0.673486
0.674034
0.674034
0.674582
0.674738
0.674973
0.675208
0.675677
0.675912
0.676225
0.676695
0.676773
0.676930
0.677243
0.677869
0.677869
0.678104
0.678652
0.678965
0.678965
0.679591
0.679826
0.680217
0.680217
0.680452
0.681000
0.681313
0.681391
0.681939
0.682487
0.682252
0.682800
0.683035
0.683035
0.683504
0.684287
0.684522
0.684600
0.684992
0.685226
0.685070
0.685383
0.686166
0.686479
0.686479
0.687340
0.687183
0.687340
0.687653
0.687653
0.687966
0.688670
0.689062
0.689218
0.689531
0.689688
0.689923
0.689766
0.690392
0.690627
0.690705
0.691331
0.691879
0.692192
0.692505
0.692662
0.692975
0.693053
0.692975
0.693680
0.694071
0.694462
0.694697
0.695088
0.695167
0.695401
0.695793
0.696262
0.696497
0.696889
0.697280
0.697671
0.697671
0.698063
0.698141
0.698532
0.698454
0.698924
0.699550
0.699863
0.700489
0.700489
0.700646
0.701115
0.701193
0.701193
0.702133
0.702681
0.702759
0.702837
0.703150
0.703307
0.703307
0.703698
0.704011
0.704716
0.705263
0.705420
0.705968
0.706124
0.705968
0.706281
0.706359
0.706985
0.707768
0.708003
0.708003
0.708238
0.708238
0.708081
0.708394
0.708629
0.709255
0.709647
0.710116
0.710351
0.710821
0.710899
0.710821
0.711055
0.711212
0.711838
0.712151
0.712621
0.713404
0.713560
0.713717
0.713873
0.713717
0.714421
0.714421
0.714812
0.715752
0.716065
0.716299
0.716221
0.716847
0.716769
0.717004
0.717552
0.717943
0.718178
0.718569
0.718804
0.718882
0.719117
0.719117
0.719430
0.720135
0.720996
0.721387
0.721309
0.722091
0.722405
0.722483
0.722326
0.722796
0.723735
0.724048
0.724205
0.724440
0.724518
0.724909
0.725066
0.725144
0.725770
0.726396
0.726709
0.726944
0.727336
0.727570
0.727492
0.727649
0.727883
0.728510
0.729449
0.729918
0.730232
0.730466
0.730545
0.730701
0.730701
0.731249
0.731562
0.732267
0.732501
0.732814
0.733127
0.733284
0.733832
0.734067
0.734380
0.734693
0.735476
0.735397
0.735789
0.736180
0.736180
0.736571
0.736806
0.737041
0.737589
0.737980
0.738137
0.738685
0.738919
0.738998
0.739154
0.739702
0.740094
0.740563
0.741268
0.741346
0.741502
0.741737
0.741972
0.742285
0.742676
0.742989
0.743616
0.743616
0.743929
0.744633
0.744790
0.745259
0.745181
0.745651
0.746120
0.746512
0.746981
0.747060
0.747138
0.747294
0.747842
0.748077
0.748390
0.749016
0.749486
0.749642
0.749721
0.749956
0.750582
0.750816
0.751051
0.751599
0.751912
0.752225
0.752460
0.752851
0.753243
0.753399
0.754026
0.754026
0.754260
0.754573
0.754886
0.754495
0.754652
0.754808
0.754808
0.754730
0.754886
0.754886
0.754965
0.754808
0.754495
0.753947
0.753791
0.753634
0.753399
0.753321
0.753165
0.753243
0.753086
0.752460
0.751991
0.751912
0.751834
0.751286
0.751286
0.750895
0.750347
0.750347
0.749956
0.749721
0.749408
0.749251
0.749173
0.748312
0.748155
0.747607
0.747451
0.747060
0.746746
0.746277
0.745964
0.745729
0.745494
0.744946
0.744790
0.744242
0.743772
0.743850
0.743694
0.743068
0.742989
0.742442
0.741894
0.741659
0.741033
0.740641
0.740328
0.739780
0.739311
0.739233
0.738998
0.738606
0.738450
0.738372
0.737745
0.737198
0.736806
0.736493
0.735945
0.735945
0.735319
0.735084
0.734771
0.734223
0.733910
0.733362
0.733049
0.732658
0.732188
0.732110
0.731797
0.731171
0.730936
0.730779
0.730075
0.729449
0.729449
0.729136
0.728823
0.728431
0.727962
0.727257
0.726788
0.726475
0.726396
0.725770
0.725692
0.725222
0.724909
0.724518
0.724205
0.724205
0.723813
0.723579
0.723109
0.722874
0.722013
0.721309
0.721074
0.720526
0.720213
0.719978
0.719509
0.719039
0.718726
0.718491
0.717865
0.717552
0.717474
0.717630
0.717082
0.716456
0.716143
0.715830
0.715439
0.715282
0.714891
0.714264
0.714264
0.713560
0.713717
0.713090
0.712699
0.712386
0.712229
0.711838
0.711290
0.710821
0.710273
0.710116
0.709725
0.709255
0.709177
0.708551
0.708551
0.707768
0.707455
0.707142
0.706907
0.706281
0.705577
0.705655
0.705107
0.705107
0.704637
0.704559
0.704324
0.703776
0.703855
0.703072
0.702524
0.702446
0.702054
0.701428
0.700724
0.699941
0.700098
0.699706
0.699471
0.699315
0.698924
0.698767
0.698141
0.697984
0.697828
0.697202
0.696654
0.696419
0.695949
0.695480
0.695401
0.695088
0.695088
0.694697
0.694384
0.693993
0.693366
0.693288
0.692662
0.692271
0.691175
0.691175
0.691097
0.690862
0.690627
0.689923
0.689688
0.689375
0.689140
0.689062
0.688279
0.687731
0.687574
0.686792
0.686792
0.686479
0.686244
0.685853
0.685696
0.685461
0.685305
0.684678
0.684131
0.683583
0.683270
0.682722
0.682487
0.682487
0.681861
0.681626
0.681391
0.681078
0.680922
0.680374
0.679434
0.678887
0.678417
0.678104
0.678026
0.677712
0.677478
0.677321
0.676852
0.676695
0.676225
0.675756
0.675051
0.675130
0.674503
0.674425
0.673799
0.673642
0.673486
0.673173
0.673016
0.672468
0.671764
0.671294
0.670512
0.670199
0.670042
0.669807
0.669494
0.669338
0.669103
0.668946
0.668711
0.667929
0.667303
0.667068
0.667068
0.666520
0.666285
0.666129
0.665659
0.665424
0.664955
0.664720
0.664407
0.663624
0.663311
0.662919
0.662606
0.662528
0.662059
0.662293
0.661354
0.661589
0.660806
0.660650
0.659789
0.659397
0.658928
0.658849
0.658458
0.658536
0.658145
0.657910
0.657832
0.657362
0.656971
0.656110
0.655562
0.655406
0.655093
0.654936
0.654936
0.654466
0.654388
0.653918
0.653605
0.652979
0.652588
0.652275
0.651962
0.651414
0.651414
0.651179
0.650944
0.650631
0.650240
0.649927
0.649457
0.648831
0.648831
0.648283
0.648048
0.647970
0.647500
0.647422
0.646952
0.646874
0.645935
0.645622
0.645074
0.644839
0.644526
0.644448
0.644135
0.643900
0.643665
0.643274
0.642804
0.642100
0.642100
0.641630
0.641317
0.640847
0.640691
0.640534
0.640300
0.639908
0.639517
0.638812
0.638343
0.637873
0.637873
0.637404
0.637169
0.636934
0.636621
0.636464
0.636229
0.635838
0.635290
0.635134
0.634429
0.633803
0.633803
0.633647
0.633490
0.632942
0.632707
0.632551
0.632081
0.631533
0.630907
0.630751
0.630516
0.630359
0.629968
0.629498
0.629342
0.628872
0.628481
0.628011
0.627542
0.627385
0.627072
0.626994
0.626602
0.625898
0.625663
0.625507
0.625115
0.624646
0.624332
0.624176
0.623550
0.623315
0.623158
0.622924
0.622767
0.622532
0.622141
0.621593
0.621202
0.620732
0.620654
0.620106
0.619949
0.619871
0.619480
0.619088
0.618854
0.618149
0.617914
0.617993
0.617288
0.617053
0.616975
0.616584
0.616192
0.615645
0.615566
0.615331
0.614705
0.614236
0.613844
0.614079
0.613531
0.613296
0.613062
0.612357
0.612044
0.611731
0.611340
0.611027
0.610322
0.610322
0.609931
0.609853
0.609618
0.609070
0.608913
0.608444
0.608131
0.607974
0.607583
0.607035
0.606722
0.606644
0.606252
0.605939
0.605704
0.605156
0.604922
0.604608
0.604374
0.603904
0.603748
0.603434
0.602573
0.602104
0.601869
0.601634
0.601165
0.600930
0.600538
0.600460
0.599912
0.599443
0.599208
0.598895
0.598738
0.598269
0.597956
0.597564
0.597095
0.596782
0.596782
0.596625
0.595921
0.595686
0.595216
0.594981
0.594512
0.594512
0.594277
0.593886
0.593416
0.593181
0.593025
0.592320
0.592085
0.591694
0.591616
0.591303
0.590755
0.590285
0.589972
0.589346
0.589111
0.588485
0.588250
0.587937
0.587780
0.587780
0.587233
0.586920
0.586685
0.586372
0.586059
0.585511
0.585198
0.585119
0.584728
0.584337
0.584102
0.583867
0.583710
0.583163
0.582771
0.582302
0.581754
0.581128
0.581284
0.581049
0.580580
0.580423
0.580110
0.579719
0.579171
0.578701
0.578545
0.578153
0.578232
0.577840
0.577762
0.577449
0.577136
0.576510
0.575883
0.575570
0.575257
0.575101
0.574866
0.574553
0.574240
0.574005
0.573614
0.573066
0.572518
0.572361
0.571813
0.571657
0.571892
0.571735
0.571109
0.570952
0.570405
0.570170
0.569544
0.568917
0.568839
0.568448
0.568370
0.568057
0.567822
0.567587
0.567509
0.567196
0.566413
0.566178
0.565395
0.565552
0.565317
0.565161
0.564926
0.564221
0.563830
0.563752
0.563204
0.562656
0.562186
0.561795
0.561951
0.561090
0.561090
0.561012
0.560386
0.560151
0.559603
0.559290
0.558664
0.558273
0.558116
0.557960
0.557490
0.557334
0.556942
0.556707
0.555925
0.555533
0.554829
0.554829
0.554672
0.554359
0.554281
0.554046
0.553577
0.552872
0.552559
0.552246
0.552011
0.551307
0.551385
0.551150
0.550524
0.550602
0.549741
0.549272
0.548959
0.548646
0.548176
0.548098
0.547628
0.547706
0.547315
0.546845
0.546141
0.545593
0.545515
0.545202
0.545280
0.544654
0.544497
0.544419
0.544184
0.543636
0.543323
0.542932
0.542462
0.542384
0.541758
0.541601
0.541132
0.540819
0.540740
0.540114
0.539566
0.539175
0.538862
0.538157
0.538314
0.538314
0.538001
0.537453
0.537062
0.536983
0.536357
0.536044
0.535888
0.535731
0.535027
0.534948
0.534557
0.534087
0.533931
0.533226
0.533305
0.532679
0.532287
0.532052
0.531974
0.531426
0.531191
0.531035
0.530644
0.530017
0.529704
0.529235
0.529156
0.528687
0.528374
0.528139
0.527591
0.527513
0.527121
0.526574
0.526339
0.525791
0.525478
0.525165
0.525086
0.524695
0.524460
0.524304
0.523912
0.523599
0.523286
0.522973
0.522582
0.522112
0.521799
0.521486
0.521173
0.520312
0.520312
0.519999
0.519060
0.518981
0.518825
0.518590
0.518199
0.517807
0.517416
0.517181
0.516868
0.516398
0.515929
0.515694
0.515381
0.514677
0.514520
0.514363
0.513894
0.513502
0.513268
0.512955
0.512407
0.512485
0.512094
0.511859
0.511702
0.510920
0.510763
0.510293
0.510372
0.509980
0.509432
0.509276
0.509041
0.508728
0.508415
0.508024
0.507710
0.507163
0.506850
0.506771
0.506380
0.505910
0.505284
0.505206
0.504893
0.504658
0.504188
0.503797
0.503484
0.503014
0.502936
0.502623
0.502388
0.502153
0.501214
0.500979
0.500823
0.500744
0.500353
0.499649
0.499414
0.498944
0.498788
0.498083
0.497848
0.497614
0.497770
0.497457
0.496753
0.496283
0.495813
0.495657
0.495187
0.494796
0.494718
0.494326
0.493935
0.493935
0.493231
0.492683
0.492604
0.492370
0.491743
0.491665
0.491117
0.490882
0.490569
0.490335
0.490100
0.489787
0.489317
0.488847
0.488691
0.488143
0.487987
0.487439
0.487126
0.486891
0.486343
0.486186
0.485795
0.485717
0.485325
0.484934
0.484464
0.484543
0.484151
0.483916
0.483212
0.483212
0.482742
0.482351
0.481881
0.481255
0.480942
0.481020
0.480629
0.480081
0.479612
0.479064
0.478829
0.478438
0.477811
0.477733
0.477577
0.477420
0.477107
0.476637
0.476324
0.476089
0.475776
0.474915
0.474759
0.474524
0.474289
0.473898
0.473741
0.473350
0.473037
0.472802
0.472019
0.471628
0.471472
0.471158
0.470845
0.470298
0.470063
0.470063
0.469280
0.468889
0.468576
0.468419
0.467949
0.467949
0.467636
0.467167
0.466932
0.466697
0.466149
0.465758
0.465053
0.464975
0.464975
0.464349
0.464114
0.463645
0.463801
0.463018
0.462471
0.462392
0.461844
0.461766
0.461297
0.460983
0.460827
0.460357
0.459966
0.459575
0.458870
0.458557
0.458166
0.457931
0.458087
0.457461
0.457305
0.456992
0.456679
0.456131
0.455505
0.455113
0.454957
0.454644
0.454409
0.454409
0.453861
0.453783
0.453391
0.453078
0.452530
0.452061
0.451669
0.451278
0.451121
0.450730
0.450260
0.450026
0.449869
0.449399
0.448930
0.448617
0.448304
0.447834
0.447912
0.447678
0.447286
0.446895
0.446425
0.446034
0.445251
0.445173
0.444938
0.444782
0.444077
0.444077
0.443764
0.443451
0.442903
0.442512
0.442042
0.441651
0.441573
0.441416
0.441025
0.440712
0.440633
0.439538
0.439068
0.438990
0.438363
0.438520
0.437894
0.437737
0.437502
0.437189
0.436720
0.436407
0.435624
0.435389
0.435154
0.435076
0.434450
0.434450
0.434293
0.434137
0.433902
0.433511
0.432963
0.432571
0.432258
0.432102
0.431397
0.431397
0.431006
0.430771
0.430771
0.429910
0.429910
0.429206
0.429049
0.428971
0.428736
0.428580
0.428110
0.428188
0.427327
0.427171
0.426858
0.426466
0.426075
0.425840
0.425605
0.425449
0.425292
0.424510
0.423962
0.423649
0.423257
0.422788
0.422709
0.422162
0.422083
0.421770
0.421457
0.420831
0.420596
0.420048
0.419657
0.419657
0.419344
0.419344
0.418953
0.418639
0.418092
0.417935
0.417309
0.417152
0.416996
0.416448
0.416057
0.415900
0.415822
0.415430
0.414961
0.414726
0.414491
0.413943
0.413787
0.413474
0.413395
0.412926
0.412534
0.412300
0.411987
0.411595
0.411282
0.410891
0.410030
0.410030
0.409717
0.409404
0.408777
0.408543
0.408621
0.408230
0.407838
0.407369
0.407134
0.406742
0.406821
0.406273
0.405960
0.405803
0.405412
0.405177
0.404473
0.404394
0.404081
0.403455
0.403455
0.402986
0.402359
0.402281
0.401890
0.401733
0.400872
0.400794
0.400559
0.400090
0.399229
0.399150
0.398837
0.398837
0.398446
0.397976
0.397507
0.397115
0.396959
0.396411
0.395941
0.395706
0.395472
0.395237
0.394924
0.394532
0.393984
0.393984
0.393202
0.393124
0.392576
0.392497
0.392341
0.391949
0.391245
0.391010
0.390697
0.390306
0.389914
0.389445
0.389053
0.389132
0.388584
0.388114
0.387958
0.387410
0.386784
0.386471
0.386392
0.385610
0.385688
0.385453
0.385062
0.384749
0.384122
0.383888
0.383418
0.383183
0.382948
0.382401
0.382087
0.382244
0.381618
0.381148
0.380522
0.380131
0.379505
0.379426
0.379270
0.379191
0.378644
0.378331
0.377783
0.377470
0.377235
0.376843
0.376374
0.376217
0.375826
0.375513
0.375121
0.374887
0.374495
0.373947
0.373791
0.373400
0.372930
0.372773
0.372539
0.372304
0.372069
0.371756
0.371051
0.370895
0.370347
0.369564
0.369564
0.369016
0.368625
0.368390
0.368234
0.367686
0.367686
0.367216
0.366668
0.366512
0.366199
0.365729
0.365651
0.365338
0.364946
0.364477
0.364242
0.363929
0.363303
0.362911
0.362598
0.362520
0.362363
0.361816
0.361111
0.361346
0.360720
0.360250
0.359781
0.359624
0.358920
0.358607
0.358293
0.357980
0.358137
0.357589
0.357198
0.356650
0.356102
0.356024
0.355789
0.355319
0.355006
0.354537
0.354223
0.354145
0.353832
0.353049
0.352815
0.352580
0.352345
0.352110
0.351719
0.351249
0.351014
0.350623
0.350232
0.349997
0.349449
0.349371
0.348901
0.348745
0.348510
0.347962
0.347649
0.347336
0.346866
0.346710
0.346396
0.346240
0.345457
0.345301
0.345144
0.344988
0.344440
0.343892
0.343814
0.343031
0.343031
0.342874
0.342248
0.341935
0.341465
0.341074
0.340839
0.340683
0.340135
0.340135
0.339587
0.339430
0.338961
0.338883
0.338413
0.338178
0.337787
0.337161
0.336848
0.336769
0.336065
0.335830
0.335360
0.335204
0.334734
0.334265
0.334108
0.333795
0.333325
0.333247
0.332778
0.332464
0.332308
0.331838
0.331760
0.331369
0.330977
0.330351
0.329803
0.329568
0.329334
0.329177
0.328786
0.328629
0.328238
0.327847
0.327377
0.327142
0.326594
0.326203
0.326203
0.325733
0.325420
0.324951
0.324637
0.324403
0.324011
0.323620
0.323229
0.322837
0.322759
0.322602
0.321976
0.321663
0.321194
0.320959
0.320489
0.320098
0.319785
0.319393
0.318689
0.318611
0.318532
0.318219
0.317671
0.317280
0.316810
0.316654
0.316419
0.316263
0.315636
0.315636
0.315089
0.314697
0.314071
0.313993
0.313367
0.312819
0.312506
0.312584
0.311723
0.311801
0.311410
0.311019
0.310549
0.310158
0.310236
0.309531
0.309218
0.308827
0.308514
0.308201
0.307966
0.307809
0.307183
0.307027
0.306401
0.305931
0.305774
0.305227
0.304835
0.304600
0.304366
0.303974
0.303818
0.303348
0.302957
0.302644
0.302252
0.301939
0.301313
0.301313
0.301078
0.301000
0.300061
0.299904
0.299200
0.298965
0.298574
0.298104
0.298182
0.297556
0.297086
0.296852
0.296617
0.295991
0.295756
0.295756
0.295286
0.294660
0.294347
0.294269
0.293799
0.293408
0.293251
0.292703
0.292312
0.291686
0.291608
0.290825
0.290903
0.290747
0.290277
0.289964
0.289651
0.288946
0.288399
0.287616
0.287772
0.287224
0.287068
0.286677
0.286364
0.285972
0.285424
0.285346
0.284720
0.284329
0.284329
0.283702
0.283624
0.283468
0.283154
0.282607
0.282293
0.281667
0.280963
0.280728
0.280337
0.280102
0.279554
0.279319
0.278850
0.278458
0.277989
0.277362
0.277128
0.277049
0.276658
0.276423
0.275875
0.275719
0.275406
0.275014
0.274701
0.274153
0.273840
0.273527
0.272979
0.273058
0.272431
0.271884
0.271805
0.271492
0.270866
0.270553
0.269849
0.269927
0.269457
0.269379
0.268988
0.268440
0.267892
0.267735
0.267344
0.266953
0.266248
0.266013
0.265935
0.265700
0.265465
0.265152
0.264448
0.264135
0.263978
0.263509
0.262961
0.262883
0.262569
0.262178
0.261865
0.261865
0.261082
0.260848
0.260221
0.259987
0.259830
0.259439
0.259126
0.258813
0.258343
0.258343
0.257639
0.257247
0.256778
0.256464
0.256073
0.255917
0.255603
0.255369
0.255056
0.254664
0.254429
0.254116
0.253568
0.253334
0.253255
0.252708
0.252551
0.252003
0.251847
0.251455
0.250986
0.250359
0.249968
0.249655
0.249342
0.249029
0.248872
0.248403
0.247855
0.247620
0.246994
0.246759
0.246368
0.245976
0.245820
0.245272
0.244802
0.244489
0.244333
0.243628
0.243550
0.243080
0.242846
0.242532
0.242298
0.241515
0.241437
0.241202
0.241045
0.240263
0.239793
0.239480
0.239245
0.238619
0.238462
0.238071
0.237758
0.237288
0.237054
0.236819
0.236271
0.236114
0.235958
0.235332
0.235097
0.234940
0.234705
0.234001
0.233610
0.233375
0.232827
0.232905
0.232436
0.232044
0.231809
0.231262
0.231105
0.230949
0.230244
0.229853
0.229540
0.229070
0.229227
0.228913
0.228287
0.227974
0.227896
0.227426
0.227113
0.226878
0.226487
0.226174
0.225626
0.225000
0.224922
0.224687
0.224296
0.223982
0.223591
0.223043
0.222652
0.222495
0.221947
0.221634
0.221008
0.220617
0.220382
0.220147
0.220147
0.219443
0.219051
0.218660
0.218269
0.217799
0.217643
0.217330
0.216938
0.216547
0.216077
0.215608
0.215451
0.214903
0.214903
0.214120
0.213964
0.213651
0.213338
0.212868
0.212320
0.211694
0.211459
0.211459
0.210990
0.210677
0.210285
0.209737
0.209503
0.209111
0.208485
0.208172
0.207937
0.207781
0.207233
0.207154
0.206685
0.206137
0.206215
0.205667
0.205041
0.204650
0.204415
0.203789
0.203632
0.203241
0.203006
0.202458
0.202145
0.201910
0.201441
0.200815
0.200815
0.200110
0.199328
0.199406
0.198623
0.198701
0.198075
0.197527
0.197292
0.196745
0.196510
0.196040
0.195414
0.195179
0.194710
0.194553
0.194083
0.193849
0.193536
0.192831
0.192675
0.192205
0.191892
0.191344
0.191109
0.190718
0.190326
0.190170
0.189779
0.189231
0.188918
0.188683
0.188213
0.187665
0.187274
0.187274
0.186883
0.186335
0.186100
0.185630
0.185317
0.184848
0.184456
0.183987
0.183674
0.183204
0.182969
0.182656
0.182499
0.182030
0.181639
0.181169
0.180699
0.180464
0.180308
0.179838
0.179604
0.179056
0.178586
0.178351
0.177725
0.177177
0.176942
0.176629
0.176238
0.175847
0.175768
0.175220
0.174907
0.174516
0.174125
0.173733
0.173498
0.173185
0.172794
0.172246
0.171777
0.171698
0.171463
0.170994
0.170524
0.170446
0.169820
0.169663
0.169350
0.168881
0.168567
0.168333
0.168098
0.167472
0.166924
0.166924
0.166454
0.166141
0.165750
0.165437
0.165280
0.164732
0.164576
0.164184
0.163480
0.163167
0.163010
0.162776
0.162071
0.161836
0.161445
0.160740
0.160584
0.160193
0.159175
0.159410
0.158862
0.158392
0.158236
0.157766
0.157688
0.157062
0.156670
0.156123
0.155731
0.155262
0.155183
0.154714
0.154479
0.154322
0.153696
0.153461
0.153148
0.152600
0.152366
0.151896
0.151818
0.151426
0.151270
0.150565
0.150331
0.149939
0.149548
0.148922
0.148530
0.147983
0.147826
0.147826
0.147356
0.146730
0.146730
0.146574
0.145948
0.145321
0.145243
0.144773
0.144539
0.144304
0.144069
0.143521
0.143286
0.143130
0.142191
0.141643
0.141486
0.141486
0.140860
0.140469
0.140156
0.139686
0.139451
0.138903
0.138512
0.137807
0.137651
0.137260
0.137260
0.137025
0.136477
0.136007
0.135616
0.135381
0.134598
0.134285
0.133972
0.133894
0.133659
0.133111
0.132720
0.132642
0.132015
0.131624
0.131311
0.130450
0.130372
0.130059
0.129902
0.129433
0.129041
0.128493
0.128180
0.127476
0.127319
0.127084
0.126693
0.126537
0.126145
0.125989
0.125363
0.125128
0.124893
0.124267
0.123797
0.123406
0.123014
0.122858
0.122467
0.121840
0.121840
0.121136
0.120979
0.120588
0.119727
0.119023
0.118866
0.118397
0.118553
0.117927
0.117614
0.117222
0.116831
0.116518
0.115657
0.115422
0.114953
0.114561
0.114092
0.113935
0.113544
0.112918
0.112526
0.112448
0.111900
0.111352
0.111196
0.110961
0.110335
0.110100
0.109630
0.109396
0.108691
0.108378
0.107674
0.107674
0.107360
0.107047
0.106656
0.106186
0.105795
0.105404
0.105169
0.104778
0.104230
0.103604
0.103290
0.103056
0.102743
0.102195
0.101882
0.101569
0.101255
0.100316
0.099925
0.099534
0.099220
0.098986
0.098673
0.098125
0.097577
0.097420
0.096872
0.096559
0.096168
0.096011
0.095385
0.095229
0.094681
0.094368
0.093742
0.093663
0.093037
0.092724
0.092098
0.091785
0.091393
0.091080
0.090611
0.090454
0.089985
0.089515
0.088967
0.088576
0.088106
0.087950
0.087480
0.087245
0.086697
0.086384
0.085758
0.085210
0.084662
0.084506
0.084036
0.083410
0.083332
0.082784
0.082549
0.081923
0.081766
0.081610
0.080984
0.080044
0.079888
0.079575
0.079105
0.078635
0.078009
0.077540
0.077461
0.076914
0.076600
0.076053
0.075896
0.075270
0.074879
0.074409
0.074096
0.073626
0.073078
0.073000
0.072530
0.072217
0.071669
0.071356
0.070809
0.070574
0.069869
0.069556
0.069165
0.068539
0.068069
0.068069
0.067521
0.066973
0.066660
0.066269
0.065878
0.065564
0.064938
0.064703
0.064156
0.063842
0.063451
0.062825
0.062434
0.061964
0.061651
0.061494
0.060868
0.060477
0.060477
0.059616
0.059303
0.058677
0.058677
0.057894
0.057346
0.057268
0.056642
0.056250
0.055702
0.055937
0.055233
0.054998
0.054841
0.054137
0.053589
0.053433
0.052963
0.052572
0.052024
0.051554
0.051006
0.051085
0.050928
0.050302
0.049832
0.049363
0.048736
0.048815
0.048423
0.047954
0.047641
0.047014
0.046780
0.046388
0.045684
0.045293
0.045136
0.044745
0.044119
0.043884
0.043571
0.042788
0.042631
0.042005
0.041927
0.041536
0.041457
0.041223
0.040283
0.039892
0.039579
0.039109
0.038483
0.037779
0.037309
0.036918
0.036605
0.036526
0.036292
0.035587
0.035039
0.034804
0.034257
0.033943
0.033630
0.033239
0.032691
0.032378
0.032143
0.031361
0.031282
0.030813
0.030186
0.029795
0.029091
0.029169
0.028699
0.028151
0.027604
0.027369
0.026821
0.026586
0.026273
0.025334
0.025021
0.024786
0.024316
0.023847
0.023690
0.023064
0.022751
0.022438
0.022203
0.021655
0.020481
0.020481
0.020168
0.019933
0.019385
0.018681
0.018289
0.017742
0.017507
0.016802
0.016411
0.015863
0.015863
0.015472
0.015080
0.014767
0.014298
0.013985
0.013437
0.012654
0.012341
0.011950
0.011480
0.010932
0.010854
0.010149
0.009915
0.009445
0.008506
0.008271
0.007567
0.007097
0.006706
0.006471
0.006079
0.005688
0.005297
0.004749
0.004279
0.004044
0.003731
0.002949
0.002401
0.002088
0.002009
0.001775
0.001148
0.000835
0.000600
-0.000026
-0.000887
-0.001278
-0.001826
-0.002139
-0.002295
-0.002765
-0.003078
-0.003626
-0.003861
-0.004878
-0.005191
-0.005583
-0.005896
-0.006600
-0.006679
-0.007070
-0.007696
-0.008166
-0.008322
-0.008792
-0.009418
-0.010201
-0.010749
-0.010905
-0.011375
-0.011766
-0.012236
-0.012627
-0.012940
-0.013332
-0.014036
-0.014975
-0.014819
-0.015601
-0.015914
-0.016228
-0.016697
-0.017245
-0.017636
-0.018184
-0.018889
-0.019437
-0.019750
-0.020141
-0.020532
-0.020924
-0.021550
-0.021863
-0.022333
-0.022724
-0.023507
-0.023898
-0.024446
-0.024759
-0.025229
-0.025698
-0.026324
-0.026559
-0.026872
-0.027420
-0.027890
-0.028751
-0.028985
-0.029612
-0.030160
-0.030551
-0.030942
-0.031255
-0.032195
-0.032664
-0.033134
-0.033760
-0.033995
-0.034464
-0.034934
-0.035638
-0.036030
-0.036656
-0.037047
-0.037282
-0.038143
-0.038613
-0.039474
-0.039708
-0.040022
-0.040491
-0.041665
-0.042057
-0.042135
-0.042839
-0.043700
-0.044326
-0.044718
-0.045031
-0.045579
-0.046048
-0.046753
-0.046988
-0.047222
-0.047614
-0.048475
-0.049023
-0.049336
-0.049884
-0.050431
-0.050901
-0.051371
-0.051997
-0.052310
-0.052858
-0.053406
-0.054032
-0.054580
-0.055128
-0.055049
-0.055597
-0.056302
-0.057163
-0.057241
-0.057789
-0.058493
-0.059198
-0.059432
-0.059824
-0.060293
-0.060606
-0.061467
-0.061859
-0.062407
-0.062720
-0.063346
-0.063894
-0.064677
-0.065303
-0.065381
-0.066007
-0.066398
-0.066633
-0.067259
-0.067886
-0.068120
-0.069060
-0.069764
-0.069921
-0.070390
-0.070860
-0.071643
-0.072034
-0.072503
-0.072895
-0.073364
-0.073912
-0.074539
-0.074930
-0.075399
-0.075713
-0.076260
-0.076887
-0.077513
-0.077748
-0.078530
-0.079235
-0.079548
-0.080565
-0.080722
-0.081191
-0.082052
-0.082444
-0.082992
-0.083383
-0.083931
-0.084322
-0.085105
-0.085496
-0.085731
-0.086279
-0.086827
-0.087610
-0.088392
-0.088549
-0.089018
-0.089645
-0.090584
-0.091132
-0.091523
-0.091680
-0.092227
-0.092932
-0.093558
-0.093949
-0.094654
-0.094967
-0.095593
-0.096219
-0.096689
-0.097080
-0.097550
-0.097941
-0.098802
-0.099272
-0.099428
-0.100368
-0.101072
-0.101933
-0.102168
-0.102716
-0.102794
-0.103733
-0.104594
-0.105377
-0.105533
-0.105925
-0.106551
-0.107099
-0.107881
-0.108195
-0.108821
-0.109290
-0.110073
-0.111090
-0.111169
-0.111873
-0.112343
-0.112969
-0.113282
-0.113830
-0.114221
-0.114926
-0.115395
-0.116178
-0.116569
-0.117039
-0.117665
-0.117900
-0.118683
-0.118996
-0.119700
-0.120718
-0.121187
-0.121813
-0.122440
-0.122988
-0.123457
-0.123848
-0.124475
-0.125023
-0.125570
-0.125727
-0.126744
-0.127292
-0.127840
-0.128701
-0.129171
-0.129719
-0.130110
-0.130814
-0.131284
-0.131910
-0.132067
-0.133006
-0.134024
-0.134337
-0.134963
-0.135276
-0.135745
-0.136450
-0.136606
-0.137076
-0.137780
-0.138407
-0.139502
-0.140207
-0.140363
-0.141068
-0.141537
-0.142555
-0.142790
-0.143103
-0.143729
-0.144042
-0.144825
-0.145842
-0.146312
-0.146703
-0.147408
-0.147721
-0.147721
-0.148347
-0.148973
-0.149678
-0.150147
-0.151008
-0.151634
-0.151947
-0.152573
-0.153043
-0.153513
-0.153982
-0.154609
-0.155078
-0.155548
-0.156644
-0.157504
-0.157739
-0.158522
-0.158679
-0.159383
-0.160400
-0.160635
-0.161340
-0.162122
-0.162514
-0.163375
-0.164001
-0.164549
-0.164549
-0.165410
-0.165801
-0.166349
-0.166819
-0.167366
-0.168149
-0.168854
-0.169401
-0.170262
-0.171045
-0.171280
-0.171828
-0.172219
-0.172845
-0.173237
-0.174019
-0.174646
-0.175272
-0.175898
-0.176524
-0.176681
-0.177150
-0.177698
-0.178089
-0.178559
-0.179107
-0.179655
-0.180438
-0.181455
-0.181768
-0.182473
-0.182629
-0.183177
-0.183647
-0.184194
-0.184664
-0.185134
-0.185995
-0.186856
-0.187247
-0.187638
-0.187795
-0.188578
-0.189439
-0.189830
-0.190534
-0.190847
-0.191395
-0.192491
-0.192569
-0.193196
-0.193352
-0.193900
-0.194526
-0.194683
-0.195231
-0.196091
-0.196639
-0.197422
-0.197970
-0.198205
-0.198518
-0.198909
-0.199379
-0.199927
-0.200709
-0.201179
-0.201805
-0.202588
-0.202823
-0.203684
-0.204075
-0.204388
-0.204623
-0.204858
-0.205484
-0.206032
-0.206658
-0.207049
-0.207910
-0.208615
-0.208536
-0.209006
-0.209397
-0.210024
-0.210493
-0.210963
-0.210963
-0.211432
-0.212059
-0.212998
-0.213624
-0.213780
-0.214407
-0.214641
-0.214955
-0.215581
-0.216050
-0.216363
-0.216755
-0.217068
-0.217772
-0.218555
-0.218711
-0.219103
-0.219729
-0.219886
-0.220199
-0.220825
-0.221060
-0.221529
-0.221999
-0.222703
-0.223408
-0.223642
-0.224034
-0.224269
-0.224582
-0.225364
-0.225756
-0.225912
-0.226382
-0.226852
-0.227399
-0.227712
-0.227791
-0.228182
-0.228339
-0.229121
-0.229591
-0.230139
-0.230217
-0.230922
-0.231469
-0.231704
-0.232096
-0.232487
-0.232878
-0.233035
-0.233426
-0.233739
-0.233739
-0.234131
-0.234757
-0.235148
-0.235696
-0.236087
-0.236322
-0.236400
-0.237027
-0.236870
-0.237340
-0.237731
-0.238357
-0.238592
-0.238749
-0.239140
-0.239453
-0.240079
-0.239923
-0.240314
-0.240392
-0.240627
-0.241566
-0.241879
-0.242349
-0.242662
-0.243053
-0.243366
-0.243680
-0.243914
-0.244227
-0.244462
-0.244619
-0.244697
-0.245167
-0.245558
-0.245871
-0.246262
-0.246419
-0.246576
-0.246967
-0.247202
-0.247593
-0.247593
-0.247906
-0.248219
-0.248767
-0.248845
-0.249315
-0.249471
-0.249785
-0.250098
-0.250411
-0.250567
-0.250880
-0.251272
-0.251507
-0.251585
-0.252054
-0.252211
-0.252289
-0.252759
-0.252915
-0.253072
-0.253072
-0.253463
-0.253776
-0.254089
-0.254402
-0.254481
-0.254637
-0.254716
-0.255185
-0.255263
-0.255342
-0.255577
-0.255890
-0.256046
-0.256594
-0.256672
-0.256516
-0.256985
-0.257220
-0.257455
-0.257533
-0.257768
-0.257768
-0.257846
-0.258159
-0.258316
-0.258394
-0.258551
-0.258786
-0.259412
-0.259412
-0.259803
-0.259333
-0.259803
-0.259881
-0.260038
-0.260508
-0.260508
-0.260821
-0.261055
-0.260977
-0.261212
-0.261603
-0.261525
-0.261682
-0.261995
-0.261838
-0.262229
-0.262229
-0.262621
-0.262464
-0.262621
-0.262777
-0.263090
-0.263325
-0.263404
-0.263404
-0.263404
-0.263247
-0.263717
-0.263951
-0.264108
-0.263951
-0.264108
-0.264186
-0.264264
-0.264578
-0.264499
-0.264812
-0.265047
-0.264891
-0.265204
-0.265282
-0.265360
-0.265517
-0.265752
-0.265830
-0.266065
-0.266065
-0.266221
-0.266065
-0.266534
-0.266456
-0.266613
-0.266691
-0.266847
-0.267317
-0.267082
-0.267239
-0.267474
-0.267317
-0.267630
-0.267708
-0.267943
-0.268256
-0.268100
-0.268256
-0.268491
-0.268569
-0.268491
-0.268726
-0.268882
-0.268961
-0.269039
-0.269195
-0.269039
-0.269587
-0.269352
-0.269509
-0.269822
-0.269822
-0.270056
-0.269822
-0.269900
-0.270526
-0.270526
-0.270448
-0.270370
-0.270604
-0.270604
-0.270761
-0.271230
-0.271309
-0.271230
-0.271230
-0.271700
-0.271778
-0.271857
-0.271935
-0.272013
-0.272248
-0.272248
-0.272483
-0.272483
-0.272796
-0.272483
-0.272718
-0.272952
-0.272874
-0.272952
-0.273031
-0.273266
-0.273266
-0.273344
-0.273657
-0.273344
-0.273657
-0.273813
-0.273813
-0.273970
-0.274283
-0.274048
-0.274518
-0.274674
-0.274831
-0.274753
-0.274753
-0.275144
-0.274909
-0.275066
-0.275222
-0.275301
-0.275614
-0.276083
-0.275848
-0.276161
-0.276396
-0.276318
-0.276396
-0.276240
-0.276553
-0.276318
-0.276709
-0.276788
-0.276866
-0.277257
-0.277257
-0.277414
-0.277570
-0.277257
-0.277805
-0.277805
-0.277883
-0.278040
-0.278118
-0.278197
-0.278666
-0.278744
-0.279292
-0.278979
-0.279057
-0.278979
-0.278979
-0.279449
-0.279449
-0.279605
-0.280153
-0.280545
-0.280310
-0.280153
-0.281092
-0.280701
-0.280936
-0.281092
-0.281406
-0.281092
-0.281562
-0.281719
-0.281875
-0.281953
-0.282110
-0.282267
-0.282423
-0.282736
-0.282501
-0.282736
-0.282658
-0.282736
-0.283049
-0.283519
-0.283597
-0.283597
-0.283675
-0.283988
-0.283754
-0.284067
-0.284067
-0.284223
-0.284302
-0.284693
-0.284928
-0.285084
-0.285006
-0.285241
-0.285397
-0.285397
-0.285554
-0.285554
-0.285710
-0.286023
-0.285789
-0.286415
-0.286571
-0.287041
-0.286884
-0.287119
-0.287119
-0.287276
-0.287589
-0.287432
-0.287511
-0.288137
-0.288215
-0.287980
-0.288450
-0.288841
-0.288606
-0.288763
-0.289233
-0.289154
-0.289154
-0.289780
-0.289467
-0.290094
-0.290172
-0.290407
-0.290720
-0.290720
-0.290641
-0.290407
-0.290798
-0.291268
-0.291346
-0.291581
-0.291972
-0.292207
-0.292520
-0.292520
-0.292598
-0.292676
-0.292911
-0.292676
-0.292911
-0.293459
-0.293772
-0.293850
-0.294398
-0.294398
-0.294555
-0.294711
-0.294477
-0.294946
-0.295025
-0.294868
-0.295338
-0.295181
-0.295729
-0.296120
-0.296277
-0.296433
-0.296590
-0.296746
-0.296981
-0.297529
-0.297373
-0.297686
-0.297686
-0.298077
-0.298312
-0.298625
-0.298468
-0.298860
-0.299016
-0.299095
-0.299408
-0.299173
-0.299721
-0.299877
-0.299956
-0.300269
-0.300425
-0.300503
-0.300738
-0.300973
-0.301051
-0.301364
-0.301521
-0.301599
-0.301991
-0.302382
-0.302617
-0.302460
-0.302851
-0.303008
-0.303321
-0.303399
-0.303712
-0.303712
-0.303869
-0.304339
-0.304652
-0.304887
-0.305043
-0.305200
-0.305200
-0.305591
-0.305747
-0.305747
-0.306139
-0.306374
-0.306374
-0.306608
-0.306922
-0.307235
-0.307391
-0.307391
-0.308017
-0.308174
-0.308017
-0.308330
-0.308409
-0.308957
-0.309035
-0.309191
-0.309739
-0.309583
-0.309739
-0.310287
-0.310209
-0.310365
-0.310600
-0.310992
-0.310992
-0.311461
-0.311305
-0.311774
-0.312166
-0.312635
-0.312635
-0.312713
-0.312948
-0.313183
-0.313340
-0.313731
-0.313496
-0.314044
-0.314044
-0.314201
-0.314670
-0.314670
-0.314827
-0.315140
-0.315218
-0.315296
-0.315923
-0.316157
-0.316157
-0.316314
-0.316784
-0.317018
-0.317175
-0.317723
-0.317879
-0.317723
-0.318349
-0.318349
-0.318740
-0.318897
-0.319132
-0.319601
-0.319758
-0.320071
-0.320149
-0.320540
-0.320384
-0.320854
-0.321010
-0.321245
-0.321636
-0.321793
-0.321949
-0.322654
-0.322889
-0.323202
-0.323202
-0.323280
-0.323593
-0.324063
-0.324141
-0.324610
-0.324376
-0.324845
-0.325002
-0.325550
-0.325550
-0.325785
-0.325706
-0.326019
-0.326332
-0.326724
-0.326959
-0.326802
-0.327272
-0.327820
-0.327820
-0.328054
-0.328054
-0.328602
-0.328681
-0.328994
-0.328994
-0.329620
-0.329463
-0.329933
-0.330168
-0.330637
-0.330794
-0.331107
-0.331107
-0.331342
-0.331733
-0.332124
-0.332516
-0.332751
-0.332985
-0.333220
-0.333298
-0.333768
-0.334081
-0.334316
-0.334316
-0.334707
-0.335020
-0.335255
-0.335725
-0.336116
-0.336038
-0.336038
-0.336273
-0.336742
-0.337055
-0.337368
-0.337290
-0.337760
-0.338073
-0.338464
-0.338777
-0.338621
-0.338856
-0.338856
-0.339482
-0.339951
-0.340264
-0.340343
-0.340578
-0.340969
-0.341595
-0.341595
-0.341673
-0.342143
-0.342613
-0.342847
-0.343004
-0.343317
-0.343552
-0.343552
-0.343787
-0.344256
-0.344413
-0.344804
-0.344804
-0.345039
-0.345352
-0.345978
-0.345978
-0.346291
-0.346604
-0.346839
-0.347230
-0.347387
-0.347544
-0.348091
-0.347857
-0.348561
-0.348796
-0.348796
-0.348952
-0.349344
-0.349579
-0.350048
-0.350361
-0.350831
-0.350831
-0.351222
-0.351535
-0.351692
-0.351770
-0.352240
-0.352396
-0.352631
-0.352944
-0.353414
-0.353649
-0.353805
-0.354275
-0.354431
-0.354901
-0.354901
-0.355057
-0.355527
-0.355449
-0.356153
-0.356623
-0.356701
-0.356936
-0.357171
-0.357484
-0.357719
-0.357875
-0.358188
-0.358423
-0.358893
-0.359127
-0.359832
-0.360458
-0.360615
-0.361084
-0.361397
-0.361162
-0.361632
-0.361945
-0.362023
-0.362571
-0.362884
-0.362963
-0.363511
-0.363980
-0.364215
-0.364372
-0.364919
-0.364998
-0.365076
-0.365154
-0.365467
-0.366015
-0.366093
-0.366485
-0.367033
-0.367581
-0.367502
-0.367659
-0.367972
-0.368207
-0.368207
-0.368755
-0.368911
-0.369303
-0.369616
-0.370007
-0.370398
-0.370477
-0.370633
-0.371024
-0.371338
-0.371651
-0.371572
-0.371964
-0.372120
-0.372277
-0.372981
-0.373529
-0.373686
-0.373999
-0.373999
-0.374390
-0.374625
-0.374938
-0.375329
-0.375721
-0.375721
-0.376034
-0.376738
-0.376738
-0.377051
-0.377286
-0.377756
-0.377677
-0.377912
-0.378382
-0.378851
-0.378930
-0.379634
-0.379556
-0.379478
-0.380026
-0.380495
-0.380730
-0.381043
-0.381200
-0.381747
-0.381591
-0.382061
-0.382452
-0.382687
-0.382921
-0.383313
-0.383469
-0.383939
-0.384487
-0.384409
-0.384330
-0.384878
-0.385191
-0.385191
-0.385426
-0.385974
-0.386365
-0.386678
-0.387070
-0.387226
-0.387539
-0.387774
-0.388322
-0.388479
-0.388635
-0.389027
-0.389105
-0.389496
-0.389888
-0.390201
-0.390357
-0.391140
-0.391140
-0.391375
-0.391609
-0.391766
-0.392236
-0.392705
-0.393018
-0.393018
-0.393566
-0.393958
-0.394271
-0.394584
-0.394740
-0.395288
-0.395601
-0.395366
-0.395758
-0.395993
-0.396306
-0.396697
-0.396854
-0.397088
-0.397793
-0.397871
-0.397949
-0.398419
-0.398810
-0.399202
-0.399202
-0.399749
-0.399906
-0.400376
-0.401080
-0.401158
-0.401863
-0.401863
-0.402332
-0.402645
-0.402880
-0.403115
-0.403193
-0.403898
-0.404054
-0.404211
-0.404367
-0.405072
-0.405228
-0.405228
-0.405776
-0.405933
-0.406481
-0.406402
-0.406559
-0.407185
-0.407263
-0.407655
-0.408046
-0.408516
-0.408985
-0.409064
-0.409455
-0.409846
-0.410081
-0.410159
-0.410394
-0.410629
-0.411099
-0.411255
-0.411725
-0.412038
-0.412116
-0.412586
-0.412821
-0.413134
-0.413525
-0.413916
-0.413995
-0.414229
-0.414464
-0.415090
-0.415325
-0.415638
-0.415951
-0.416264
-0.416421
-0.416891
-0.417125
-0.417517
-0.417673
-0.418143
-0.418221
-0.418769
-0.419160
-0.419552
-0.419552
-0.419865
-0.419865
-0.420569
-0.420804
-0.421039
-0.421587
-0.421665
-0.422135
-0.422761
-0.422683
-0.422996
-0.423544
-0.423935
-0.424013
-0.424326
-0.424483
-0.424796
-0.425031
-0.425422
-0.425579
-0.425813
-0.426126
-0.426596
-0.426909
-0.427066
-0.427535
-0.427927
-0.428318
-0.428709
-0.428709
-0.429257
-0.429335
-0.429883
-0.430040
-0.430431
-0.430979
-0.430979
-0.431370
-0.431684
-0.431997
-0.432310
-0.432545
-0.432623
-0.433171
-0.433406
-0.433640
-0.434188
-0.434188
-0.434814
-0.434814
-0.435362
-0.435910
-0.436067
-0.436223
-0.436301
-0.436693
-0.437006
-0.437241
-0.437789
-0.438102
-0.438415
-0.438571
-0.438728
-0.439432
-0.439824
-0.440137
-0.440528
-0.440841
-0.441232
-0.441780
-0.441780
-0.442250
-0.442720
-0.442876
-0.443267
-0.443424
-0.443815
-0.443972
-0.444520
-0.444676
-0.444833
-0.444989
-0.445459
-0.446007
-0.446242
-0.446477
-0.446711
-0.447181
-0.447572
-0.447572
-0.447964
-0.448277
-0.448512
-0.448903
-0.449216
-0.449607
-0.449607
-0.450234
-0.450390
-0.450938
-0.451173
-0.451329
-0.451486
-0.451799
-0.452269
-0.452660
-0.452816
-0.453208
-0.453599
-0.453834
-0.454147
-0.454695
-0.455008
-0.455086
-0.455869
-0.455947
-0.456025
-0.456652
-0.457043
-0.457356
-0.457591
-0.457747
-0.458139
-0.458530
-0.458452
-0.459078
-0.459469
-0.459782
-0.460096
-0.460330
-0.460643
-0.461113
-0.461191
-0.461896
-0.462365
-0.463070
-0.463070
-0.463148
-0.463618
-0.463774
-0.464087
-0.464244
-0.464557
-0.464792
-0.465340
-0.465496
-0.465966
-0.466122
-0.466592
-0.466514
-0.466905
-0.467609
-0.467531
-0.467844
-0.468236
-0.468549
-0.468940
-0.469488
-0.469723
-0.469801
-0.470584
-0.470662
-0.470975
-0.471132
-0.471523
-0.471914
-0.472149
-0.472697
-0.473167
-0.473245
-0.473636
-0.474028
-0.474262
-0.474419
-0.474888
-0.475358
-0.475436
-0.475906
-0.476141
-0.476532
-0.476845
-0.477237
-0.477628
-0.478098
-0.478411
-0.478645
-0.478724
-0.479037
-0.479506
-0.479663
-0.480211
-0.480367
-0.480759
-0.481385
-0.481620
-0.481698
-0.482168
-0.482481
-0.482559
-0.483029
-0.483498
-0.483811
-0.483968
-0.484437
-0.484829
-0.485142
-0.485690
-0.485925
-0.486472
-0.486551
-0.487099
-0.486942
-0.487412
-0.487568
-0.488116
-0.488194
-0.488899
-0.488977
-0.489447
-0.489447
-0.489995
-0.490308
-0.490699
-0.490934
-0.491169
-0.491247
-0.491717
-0.491873
-0.492264
-0.492656
-0.493282
-0.493125
-0.493438
-0.493908
-0.494221
-0.494456
-0.494926
-0.495004
-0.495473
-0.495708
-0.496178
-0.496413
-0.496726
-0.496804
-0.497274
-0.497430
-0.497743
-0.497822
-0.498291
-0.498683
-0.499152
-0.499543
-0.499935
-0.500404
-0.500561
-0.500874
-0.501422
-0.501500
-0.501970
-0.502361
-0.502596
-0.503066
-0.503379
-0.503848
-0.504240
-0.504474
-0.504944
-0.505179
-0.505492
-0.505649
-0.505962
-0.506353
-0.506588
-0.506823
-0.506979
-0.507449
-0.507918
-0.508075
-0.508153
-0.508858
-0.509014
-0.509092
-0.509797
-0.509797
-0.510423
-0.510188
-0.510971
-0.511049
-0.511440
-0.511988
-0.512615
-0.512771
-0.512693
-0.513241
-0.513632
-0.513867
-0.514023
-0.514415
-0.514806
-0.514806
-0.515511
-0.515589
-0.516058
-0.516293
-0.516998
-0.517311
-0.517467
-0.517624
-0.518093
-0.518250
-0.518563
-0.519111
-0.519111
-0.520050
-0.519894
-0.520207
-0.520676
-0.521459
-0.521381
-0.522085
-0.522085
-0.522633
-0.522711
-0.523259
-0.523572
-0.523964
-0.524042
-0.524433
-0.524981
-0.524903
-0.525373
-0.525842
-0.525920
-0.526233
-0.526625
-0.526625
-0.526938
-0.527094
-0.527408
-0.527799
-0.528268
-0.528973
-0.529051
-0.529599
-0.529599
-0.530069
-0.530225
-0.530851
-0.531086
-0.531712
-0.531556
-0.532104
-0.532495
-0.532730
-0.533121
-0.533356
-0.533513
-0.533982
-0.534060
-0.534530
-0.535000
-0.535078
-0.535391
-0.535861
-0.536409
-0.536252
-0.536643
-0.536956
-0.537270
-0.537896
-0.538130
-0.538365
-0.538365
-0.538991
-0.538913
-0.539461
-0.539539
-0.539852
-0.540322
-0.541105
-0.541183
-0.541574
-0.541809
-0.542044
-0.542435
-0.543061
-0.543061
-0.543453
-0.543922
-0.543766
-0.544549
-0.544705
-0.545018
-0.545175
-0.545566
-0.545957
-0.546349
-0.546584
-0.547210
-0.547288
-0.547758
-0.547992
-0.548384
-0.548619
-0.549088
-0.549167
-0.549480
-0.550027
-0.550027
-0.550341
-0.550967
-0.551045
-0.551436
-0.551749
-0.552141
-0.552767
-0.553158
-0.553315
-0.553315
-0.553863
-0.554176
-0.554411
-0.554880
-0.555037
-0.555428
-0.556054
-0.556446
-0.556367
-0.556680
-0.556915
-0.557150
-0.557150
-0.557776
-0.558324
-0.558402
-0.558559
-0.559107
-0.559576
-0.559811
-0.560437
-0.560516
-0.561377
-0.561768
-0.561533
-0.562081
-0.562472
-0.562785
-0.562942
-0.563412
-0.563412
-0.564038
-0.564507
-0.564742
-0.564820
-0.565134
-0.565760
-0.565916
-0.566542
-0.566777
-0.567325
-0.567638
-0.567638
-0.568343
-0.568499
-0.568499
-0.569047
-0.569204
-0.569517
-0.569751
-0.570143
-0.570534
-0.570534
-0.571395
-0.571943
-0.572021
-0.572021
-0.572178
-0.572647
-0.572961
-0.573430
-0.573900
-0.574369
-0.574761
-0.574839
-0.575074
-0.575543
-0.575700
-0.576326
-0.576326
-0.576796
-0.576874
-0.577109
-0.577657
-0.578205
-0.578205
-0.578909
-0.579066
-0.579222
-0.579848
-0.579927
-0.580396
-0.580788
-0.581022
-0.581414
-0.581492
-0.582196
-0.582509
-0.582744
-0.583057
-0.583292
-0.583605
-0.583997
-0.583918
-0.584231
-0.584544
-0.584936
-0.585484
-0.585797
-0.586423
-0.586423
-0.587049
-0.587206
-0.587675
-0.587440
-0.588223
-0.588615
-0.588693
-0.589006
-0.589632
-0.589710
-0.590102
-0.590728
-0.590650
-0.590963
-0.591119
-0.591902
-0.591902
-0.592293
-0.592528
-0.593076
-0.593389
-0.593624
-0.593859
-0.594015
-0.594720
-0.595189
-0.595346
-0.595346
-0.595737
-0.596128
-0.596128
-0.596676
-0.597068
-0.597381
-0.597772
-0.597929
-0.598242
-0.598633
-0.598868
-0.599181
-0.599572
-0.600042
-0.600198
-0.600746
-0.600668
-0.601607
-0.601920
-0.602155
-0.602468
-0.602781
-0.603016
-0.603251
-0.603955
-0.603955
-0.604347
-0.604660
-0.605208
-0.605677
-0.605443
-0.605990
-0.606538
-0.606773
-0.607243
-0.607399
-0.607634
-0.608260
-0.608260
-0.608573
-0.608886
-0.609278
-0.609356
-0.609982
-0.610295
-0.610374
-0.610843
-0.611078
-0.611548
-0.611861
-0.612095
-0.612565
-0.612722
-0.613269
-0.613583
-0.613739
-0.614287
-0.614600
-0.614913
-0.615070
-0.615305
-0.615852
-0.616165
-0.616479
-0.616635
-0.616948
-0.617105
-0.617496
-0.617809
-0.618279
-0.618670
-0.618827
-0.619218
-0.619531
-0.619766
-0.620314
-0.620314
-0.620470
-0.620940
-0.621175
-0.622036
-0.622192
-0.622584
-0.622975
-0.623131
-0.623445
-0.623601
-0.624071
-0.624306
-0.624619
-0.625010
-0.625480
-0.625871
-0.625871
-0.626419
-0.626888
-0.627202
-0.627202
-0.627671
-0.627906
-0.627984
-0.628454
-0.628767
-0.628923
-0.629550
-0.629706
-0.629941
-0.630489
-0.630724
-0.630958
-0.631428
-0.631898
-0.632054
-0.632524
-0.632759
-0.633228
-0.633150
-0.633620
-0.633776
-0.634481
-0.634559
-0.635185
-0.635420
-0.635889
-0.636281
-0.636516
-0.636594
-0.637064
-0.637064
-0.637690
-0.638159
-0.638238
-0.638785
-0.638942
-0.639333
-0.639881
-0.639881
-0.640194
-0.640664
-0.641212
-0.641525
-0.641525
-0.642386
-0.642308
-0.642777
-0.642386
-0.643403
-0.643795
-0.643951
-0.644186
-0.644656
-0.644343
-0.644969
-0.644969
-0.645595
-0.645908
-0.646221
-0.646612
-0.646926
-0.647317
-0.647708
-0.647943
-0.648256
-0.648726
-0.648882
-0.649195
-0.649665
-0.650135
-0.650369
-0.650761
-0.651230
-0.651230
-0.651543
-0.652091
-0.652404
-0.652796
-0.653187
-0.653109
-0.653500
-0.653892
-0.654283
-0.654596
-0.654831
-0.654909
-0.655300
-0.655770
-0.655927
-0.656553
-0.656944
-0.656866
-0.657257
-0.657648
-0.658118
-0.658040
-0.658431
-0.658979
-0.659214
-0.659214
-0.659370
-0.660153
-0.660544
-0.661092
-0.661171
-0.661718
-0.661953
-0.662658
-0.662814
-0.662814
-0.663362
-0.663832
-0.664223
-0.664301
-0.664849
-0.665084
-0.665475
-0.665789
-0.666180
-0.666180
-0.666728
-0.666884
-0.667510
-0.667510
-0.667980
-0.668215
-0.668606
-0.668998
-0.669545
-0.669702
-0.670015
-0.670406
-0.670641
-0.671189
-0.671502
-0.671659
-0.671972
-0.672598
-0.672755
-0.673224
-0.673224
-0.673694
-0.674007
-0.674007
-0.674320
-0.674555
-0.674868
-0.675103
-0.675651
-0.675885
-0.676277
-0.676590
-0.676668
-0.676981
-0.677686
-0.677842
-0.678312
-0.678781
-0.679251
-0.679407
-0.679564
-0.680034
-0.680503
-0.681286
-0.681677
-0.681834
-0.682303
-0.682538
-0.683086
-0.683477
-0.683791
-0.684025
