-0.534608
-0.534765
-0.534843
-0.535391
-0.535782
-0.536330
-0.536565
-0.536956
-0.536800
-0.537191
-0.537661
-0.537896
-0.538209
-0.538522
-0.538678
-0.538835
-0.539383
-0.539618
-0.539852
-0.540244
-0.540400
-0.541105
-0.541183
-0.541574
-0.541653
-0.541966
-0.542435
-0.542748
-0.542905
-0.543140
-0.543609
-0.544157
-0.544236
-0.544470
-0.544783
-0.545253
-0.545175
-0.545723
-0.545644
-0.545957
-0.546427
-0.546975
-0.546897
-0.547132
-0.547366
-0.547992
-0.548306
-0.548227
-0.548775
-0.548697
-0.549010
-0.549401
-0.549167
-0.549558
-0.549871
-0.550341
-0.550575
-0.550888
-0.551280
-0.551358
-0.551671
-0.552063
-0.552219
-0.552689
-0.552767
-0.552845
-0.553315
-0.553628
-0.554176
-0.554254
-0.554176
-0.554724
-0.555115
-0.555506
-0.555585
-0.556054
-0.556133
-0.556289
-0.556680
-0.556994
-0.557385
-0.557541
-0.557854
-0.557933
-0.558246
-0.559029
-0.559185
-0.559342
-0.559576
-0.559889
-0.560437
-0.560516
-0.560672
-0.560907
-0.561690
-0.562003
-0.562159
-0.562472
-0.563020
-0.563177
-0.563333
-0.563568
-0.564038
-0.564351
-0.564273
-0.564977
-0.565290
-0.565134
-0.565603
-0.565760
-0.565838
-0.566308
-0.566699
-0.566856
-0.567247
-0.567247
-0.567716
-0.568030
-0.568264
-0.568734
-0.568656
-0.568969
-0.569517
-0.569908
-0.570299
-0.570378
-0.570534
-0.571239
-0.571317
-0.571552
-0.572021
-0.572491
-0.572569
-0.572804
-0.573117
-0.573195
-0.573430
-0.573900
-0.574056
-0.574448
-0.574839
-0.574996
-0.575309
-0.575465
-0.575857
-0.576248
-0.576170
-0.576717
-0.576874
-0.577265
-0.577422
-0.577892
-0.578283
-0.578439
-0.579066
-0.578909
-0.579379
-0.579379
-0.579848
-0.580161
-0.580318
-0.580944
-0.581257
-0.581805
-0.581962
-0.581883
-0.582275
-0.582744
-0.582979
-0.583449
-0.583605
-0.583918
-0.584310
-0.584623
-0.584858
-0.585092
-0.585562
-0.586110
-0.586266
-0.586579
-0.586658
-0.587206
-0.587675
-0.587988
-0.587675
-0.587988
-0.588301
-0.588615
-0.588928
-0.589397
-0.589710
-0.589945
-0.590102
-0.590650
-0.591119
-0.591276
-0.591589
-0.591667
-0.592215
-0.592371
-0.593076
-0.592919
-0.593467
-0.593624
-0.594093
-0.594485
-0.594798
-0.594954
-0.595267
-0.595424
-0.595894
-0.596128
-0.596363
-0.596520
-0.597068
-0.597381
-0.597616
-0.598007
-0.598163
-0.598555
-0.598790
-0.599103
-0.599259
-0.599572
-0.599651
-0.600120
-0.600590
-0.600825
-0.601216
-0.601920
-0.602077
-0.602703
-0.602781
-0.602938
-0.603329
-0.603642
-0.603799
-0.604425
-0.604503
-0.604660
-0.604973
-0.605443
-0.605521
-0.605990
-0.605990
-0.606382
-0.606773
-0.606851
-0.607321
-0.607478
-0.608025
-0.608182
-0.608730
-0.608886
-0.609121
-0.609434
-0.609982
-0.610139
-0.610765
-0.610765
-0.610921
-0.611548
-0.611313
-0.612095
-0.612330
-0.613035
-0.613269
-0.613269
-0.613426
-0.613583
-0.613817
-0.613974
-0.613974
-0.614678
-0.615226
-0.614991
-0.615226
-0.615774
-0.616165
-0.616322
-0.616635
-0.617105
-0.617183
-0.617574
-0.617731
-0.618279
-0.618514
-0.618514
-0.619296
-0.619140
-0.619766
-0.620001
-0.620314
-0.620314
-0.620705
-0.620940
-0.621175
-0.621566
-0.621879
-0.622192
-0.622349
-0.622427
-0.623131
-0.623366
-0.623836
-0.624071
-0.624149
-0.624775
-0.625010
-0.625323
-0.625480
-0.625793
-0.625871
-0.626341
-0.626341
-0.626732
-0.627045
-0.627436
-0.627906
-0.627906
-0.628219
-0.628689
-0.629158
-0.629237
-0.629393
-0.629784
-0.630097
-0.630176
-0.630489
-0.630880
-0.631428
-0.631350
-0.631898
-0.631898
-0.632602
-0.633072
-0.633541
-0.633620
-0.633776
-0.634168
-0.634402
-0.634402
-0.634872
-0.635185
-0.635811
-0.636046
-0.636359
-0.636594
-0.636907
-0.636829
-0.637220
-0.637611
-0.637924
-0.638159
-0.638472
-0.638394
-0.638942
-0.639177
-0.639646
-0.639646
-0.640038
-0.640507
-0.640507
-0.640742
-0.641525
-0.641525
-0.641760
-0.642308
-0.642542
-0.642777
-0.642855
-0.643403
-0.643638
-0.644030
-0.644108
-0.644577
-0.644656
-0.644812
-0.645204
-0.645595
-0.645908
-0.646534
-0.646691
-0.646769
-0.647082
-0.647317
-0.647865
-0.648100
-0.648178
-0.648647
-0.648491
-0.648961
-0.649587
-0.649665
-0.649978
-0.650135
-0.650604
-0.651152
-0.651387
-0.651543
-0.651778
-0.652013
-0.652639
-0.652796
-0.652874
-0.653265
-0.653500
-0.653735
-0.653813
-0.654439
-0.654831
-0.655144
-0.655300
-0.655848
-0.656083
-0.656318
-0.656631
-0.656787
-0.656709
-0.656709
-0.656944
-0.656787
-0.656553
-0.656866
-0.656631
-0.656866
-0.656866
-0.656787
-0.656474
-0.656553
-0.656318
-0.656083
-0.655848
-0.655222
-0.655457
-0.655066
-0.654831
-0.654518
-0.654439
-0.654048
-0.653578
-0.653500
-0.653344
-0.653031
-0.653109
-0.652639
-0.652326
-0.652483
-0.652013
-0.651622
-0.651309
-0.650996
-0.650682
-0.650213
-0.650213
-0.649900
-0.649430
-0.649117
-0.648726
-0.648334
-0.648021
-0.647865
-0.647317
-0.647082
-0.646769
-0.646456
-0.646065
-0.645908
-0.645751
-0.645282
-0.644890
-0.644499
-0.644264
-0.644108
-0.643638
-0.643169
-0.643325
-0.642464
-0.642073
-0.641838
-0.641760
-0.641055
-0.640742
-0.640429
-0.640038
-0.639646
-0.639333
-0.639020
-0.638629
-0.638159
-0.638316
-0.637924
-0.637533
-0.637142
-0.636985
-0.636750
-0.636437
-0.636124
-0.635733
-0.635263
-0.635342
-0.634715
-0.634168
-0.634246
-0.633933
-0.633385
-0.632993
-0.632915
-0.632367
-0.632446
-0.631976
-0.631272
-0.631272
-0.630567
-0.630724
-0.630176
-0.629784
-0.629550
-0.629237
-0.628689
-0.628297
-0.628297
-0.627984
-0.627515
-0.627202
-0.626888
-0.626810
-0.626184
-0.626106
-0.625636
-0.625323
-0.625010
-0.624697
-0.624306
-0.624149
-0.623679
-0.623053
-0.622818
-0.622818
-0.622349
-0.621879
-0.621488
-0.621331
-0.620783
-0.620314
-0.620079
-0.620001
-0.619609
-0.618983
-0.618670
-0.618592
-0.618200
-0.618044
-0.617731
-0.617105
-0.616792
-0.616400
-0.616165
-0.615539
-0.615383
-0.615148
-0.614835
-0.614522
-0.613974
-0.613739
-0.613269
-0.613035
-0.612878
-0.612409
-0.612174
-0.612017
-0.611548
-0.611313
-0.611000
-0.610452
-0.610139
-0.609669
-0.609356
-0.609513
-0.608730
-0.608573
-0.608182
-0.607712
-0.607478
-0.607086
-0.606930
-0.606538
-0.606069
-0.605834
-0.605208
-0.605286
-0.604582
-0.604347
-0.604112
-0.603955
-0.603799
-0.603251
-0.602938
-0.602860
-0.602233
-0.601920
-0.601451
-0.600668
-0.600590
-0.599964
-0.599494
-0.599416
-0.599259
-0.598790
-0.598242
-0.598007
-0.597929
-0.597694
-0.597459
-0.596989
-0.596911
-0.596363
-0.596050
-0.595659
-0.595659
-0.595189
-0.594876
-0.594798
-0.594250
-0.593780
-0.593389
-0.592841
-0.592450
-0.592371
-0.591902
-0.591589
-0.591197
-0.590963
-0.590415
-0.590102
-0.589554
-0.589632
-0.589475
-0.588771
-0.588693
-0.588223
-0.587910
-0.587754
-0.587675
-0.587049
-0.586658
-0.586423
-0.585953
-0.585640
-0.585092
-0.584858
-0.584701
-0.584701
-0.584075
-0.583918
-0.583370
-0.583136
-0.583214
-0.582588
-0.582353
-0.581805
-0.581570
-0.581414
-0.580944
-0.580474
-0.580161
-0.579613
-0.579535
-0.579222
-0.578753
-0.578518
-0.578283
-0.577735
-0.577344
-0.577265
-0.576796
-0.576483
-0.576091
-0.575543
-0.575152
-0.574996
-0.574682
-0.574448
-0.574135
-0.573665
-0.573508
-0.572961
-0.572961
-0.572491
-0.572256
-0.572100
-0.571865
-0.571160
-0.571004
-0.570456
-0.570221
-0.569438
-0.569517
-0.569282
-0.569047
-0.568577
-0.568030
-0.567873
-0.567403
-0.567090
-0.566464
-0.566308
-0.565995
-0.565525
-0.565603
-0.565055
-0.564429
-0.564116
-0.563803
-0.563568
-0.563099
-0.562864
-0.562551
-0.562003
-0.561533
-0.561455
-0.561064
-0.561064
-0.560750
-0.560359
-0.559889
-0.559498
-0.559420
-0.558715
-0.558246
-0.558168
-0.557933
-0.557541
-0.557228
-0.556837
-0.556524
-0.556367
-0.555741
-0.555741
-0.555115
-0.555037
-0.554254
-0.554019
-0.553706
-0.553706
-0.553158
-0.552767
-0.552532
-0.552297
-0.551593
-0.551436
-0.551280
-0.550888
-0.550262
-0.550106
-0.549949
-0.549558
-0.549245
-0.548853
-0.548384
-0.548227
-0.547836
-0.547445
-0.546818
-0.546818
-0.546662
-0.546271
-0.545723
-0.545175
-0.545097
-0.544862
-0.544549
-0.544079
-0.543922
-0.543609
-0.543061
-0.542827
-0.542357
-0.542122
-0.542122
-0.541574
-0.541418
-0.540948
-0.540792
-0.540400
-0.540244
-0.539696
-0.539539
-0.539070
-0.538835
-0.538365
-0.538209
-0.537817
-0.537270
-0.537270
-0.536800
-0.536252
-0.536174
-0.535939
-0.535391
-0.535156
-0.534765
-0.534452
-0.534217
-0.533904
-0.533591
-0.533278
-0.533199
-0.532886
-0.532417
-0.532104
-0.531556
-0.531556
-0.531164
-0.530930
-0.530304
-0.530069
-0.529599
-0.529521
-0.529208
-0.528503
-0.528034
-0.527721
-0.527251
-0.527486
-0.527094
-0.526547
-0.526233
-0.525607
-0.525764
-0.525294
-0.525138
-0.524825
-0.524512
-0.523807
-0.523729
-0.523494
-0.522790
-0.522790
-0.522320
-0.521850
-0.521537
-0.521302
-0.520911
-0.520285
-0.519894
-0.519581
-0.519111
-0.519033
-0.518720
-0.518407
-0.518172
-0.517859
-0.517311
-0.516998
-0.516763
-0.516528
-0.516058
-0.515745
-0.515589
-0.515276
-0.514806
-0.514650
-0.514336
-0.514180
-0.513554
-0.513476
-0.513084
-0.512693
-0.512771
-0.512301
-0.511910
-0.511519
-0.511206
-0.510658
-0.510345
-0.510032
-0.509797
-0.509562
-0.509014
-0.508936
-0.508466
-0.508153
-0.507918
-0.507840
-0.507214
-0.507057
-0.506509
-0.506196
-0.505883
-0.505805
-0.505570
-0.505179
-0.504944
-0.504553
-0.504161
-0.503457
-0.503457
-0.503222
-0.503144
-0.502205
-0.502126
-0.501735
-0.501344
-0.501109
-0.500561
-0.500326
-0.500170
-0.500091
-0.499543
-0.499152
-0.498839
-0.498213
-0.497978
-0.497822
-0.497274
-0.496726
-0.496804
-0.496334
-0.496334
-0.495787
-0.495239
-0.495082
-0.494847
-0.494612
-0.494691
-0.494065
-0.493830
-0.493360
-0.493282
-0.492577
-0.492577
-0.492186
-0.491795
-0.491795
-0.491482
-0.491482
-0.490934
-0.490542
-0.490308
-0.489838
-0.489368
-0.489134
-0.488821
-0.488429
-0.488038
-0.487881
-0.487568
-0.487333
-0.486864
-0.486786
-0.486394
-0.486159
-0.485690
-0.485455
-0.485142
-0.484829
-0.484437
-0.484359
-0.483890
-0.483420
-0.483107
-0.482872
-0.482402
-0.482089
-0.481855
-0.481776
-0.481307
-0.481150
-0.480446
-0.479976
-0.480133
-0.479272
-0.479193
-0.478645
-0.478724
-0.478332
-0.477863
-0.477628
-0.477471
-0.477002
-0.476610
-0.476219
-0.476063
-0.475671
-0.475593
-0.475123
-0.475123
-0.474810
-0.474341
-0.474184
-0.473636
-0.473323
-0.472932
-0.472853
-0.472384
-0.472306
-0.471601
-0.471523
-0.471132
-0.470740
-0.470349
-0.470114
-0.469723
-0.469488
-0.469253
-0.468549
-0.468236
-0.468079
-0.467844
-0.467531
-0.467218
-0.466905
-0.466514
-0.466357
-0.466122
-0.465496
-0.465340
-0.465105
-0.464557
-0.464087
-0.464087
-0.463852
-0.463618
-0.463226
-0.462757
-0.462444
-0.462522
-0.461817
-0.461348
-0.461270
-0.460800
-0.460409
-0.459939
-0.459782
-0.459235
-0.459391
-0.459078
-0.458530
-0.458217
-0.458060
-0.457434
-0.457278
-0.457043
-0.456652
-0.456495
-0.456104
-0.455869
-0.455556
-0.455008
-0.454930
-0.454225
-0.454225
-0.453834
-0.453443
-0.453286
-0.452816
-0.452582
-0.452269
-0.451642
-0.451408
-0.451173
-0.450781
-0.450625
-0.450312
-0.449842
-0.449764
-0.449216
-0.448903
-0.448668
-0.448198
-0.448355
-0.447964
-0.447494
-0.447181
-0.446946
-0.446555
-0.446163
-0.446007
-0.445772
-0.445381
-0.444911
-0.444598
-0.444207
-0.443815
-0.443815
-0.443346
-0.443189
-0.442720
-0.442485
-0.441780
-0.441780
-0.441546
-0.440998
-0.440763
-0.440293
-0.439824
-0.439276
-0.439041
-0.438650
-0.438571
-0.438180
-0.437789
-0.437945
-0.437084
-0.437084
-0.436615
-0.436380
-0.436067
-0.435675
-0.435675
-0.435127
-0.434580
-0.434580
-0.434110
-0.433797
-0.433562
-0.433171
-0.432858
-0.432623
-0.432388
-0.431997
-0.431605
-0.431370
-0.430744
-0.430510
-0.430275
-0.429649
-0.429335
-0.429022
-0.428866
-0.428553
-0.428083
-0.427535
-0.427379
-0.427066
-0.426831
-0.426518
-0.426283
-0.425813
-0.425579
-0.425265
-0.424718
-0.424483
-0.424248
-0.423778
-0.423544
-0.423152
-0.422917
-0.422526
-0.422448
-0.421665
-0.421587
-0.420882
-0.420961
-0.420413
-0.420100
-0.419865
-0.419630
-0.419082
-0.418847
-0.418534
-0.418143
-0.417908
-0.417673
-0.417204
-0.417047
-0.416577
-0.416656
-0.416264
-0.415717
-0.415638
-0.415403
-0.414856
-0.414542
-0.414151
-0.413760
-0.413525
-0.413368
-0.412899
-0.412429
-0.412273
-0.412194
-0.411647
-0.411255
-0.411099
-0.410786
-0.410551
-0.409925
-0.409690
-0.409377
-0.409142
-0.408751
-0.408516
-0.408359
-0.407890
-0.407733
-0.407655
-0.406950
-0.406794
-0.406402
-0.406089
-0.405463
-0.405620
-0.405228
-0.404915
-0.404680
-0.404446
-0.404133
-0.403663
-0.403193
-0.403193
-0.402645
-0.402411
-0.402254
-0.401706
-0.401237
-0.401315
-0.400532
-0.400454
-0.399828
-0.399671
-0.399280
-0.399045
-0.398497
-0.398262
-0.397793
-0.397714
-0.397636
-0.397323
-0.396932
-0.396540
-0.396462
-0.396071
-0.395836
-0.395366
-0.395132
-0.394975
-0.395132
-0.394427
-0.394114
-0.393801
-0.393488
-0.393018
-0.392862
-0.392705
-0.392236
-0.392079
-0.391844
-0.391296
-0.391062
-0.390670
-0.390592
-0.390201
-0.389888
-0.389496
-0.389027
-0.388948
-0.388635
-0.388322
-0.388244
-0.387696
-0.387461
-0.386992
-0.386678
-0.386365
-0.386052
-0.385583
-0.385191
-0.384957
-0.384957
-0.384643
-0.384174
-0.383861
-0.383704
-0.383626
-0.383156
-0.382843
-0.382765
-0.382295
-0.381904
-0.381434
-0.381121
-0.381121
-0.381043
-0.380495
-0.380495
-0.379869
-0.379791
-0.379321
-0.378773
-0.378851
-0.378538
-0.378069
-0.377834
-0.377677
-0.376973
-0.376895
-0.376660
-0.376347
-0.376269
-0.376034
-0.375564
-0.375642
-0.375095
-0.374781
-0.374468
-0.374234
-0.373920
-0.373607
-0.373216
-0.372512
-0.372668
-0.372590
-0.371964
-0.372120
-0.371651
-0.371024
-0.370633
-0.370398
-0.370477
-0.369850
-0.369772
-0.369537
-0.368833
-0.368676
-0.368598
-0.368363
-0.368050
-0.367894
-0.367737
-0.367268
-0.366876
-0.366876
-0.366172
-0.365702
-0.365467
-0.365154
-0.365154
-0.364685
-0.364372
-0.363980
-0.363745
-0.363354
-0.362963
-0.362884
-0.362493
-0.362415
-0.361710
-0.361554
-0.361476
-0.361162
-0.360536
-0.360302
-0.359441
-0.359362
-0.359127
-0.358658
-0.358345
-0.358032
-0.357797
-0.357406
-0.357327
-0.357014
-0.356936
-0.356623
-0.356310
-0.356310
-0.355997
-0.355371
-0.354979
-0.354588
-0.354196
-0.353883
-0.353570
-0.353492
-0.353414
-0.352709
-0.352318
-0.352396
-0.351848
-0.351692
-0.351300
-0.351222
-0.350831
-0.350361
-0.350283
-0.350205
-0.349657
-0.349187
-0.348952
-0.348483
-0.348248
-0.347778
-0.347935
-0.347622
-0.347230
-0.346996
-0.346683
-0.346213
-0.346213
-0.345743
-0.345665
-0.345117
-0.344804
-0.344648
-0.344648
-0.344021
-0.343552
-0.343239
-0.342926
-0.343082
-0.342691
-0.342221
-0.342065
-0.341517
-0.341595
-0.340969
-0.340734
-0.340578
-0.339951
-0.339951
-0.339482
-0.339169
-0.339012
-0.338543
-0.338464
-0.338308
-0.338073
-0.337447
-0.337682
-0.337368
-0.336664
-0.336586
-0.336194
-0.335960
-0.335803
-0.335333
-0.334942
-0.334942
-0.334551
-0.334394
-0.334238
-0.333846
-0.333220
-0.333220
-0.332751
-0.332359
-0.332124
-0.331733
-0.331655
-0.331498
-0.331107
-0.330872
-0.330481
-0.330089
-0.329855
-0.329385
-0.329385
-0.329072
-0.328602
-0.328367
-0.328133
-0.327741
-0.327272
-0.327037
-0.327037
-0.326489
-0.326489
-0.326176
-0.325785
-0.325550
-0.325315
-0.324845
-0.324610
-0.324063
-0.323906
-0.323593
-0.323358
-0.323123
-0.323123
-0.322654
-0.322341
-0.322262
-0.322106
-0.322028
-0.321323
-0.320932
-0.320384
-0.320306
-0.320071
-0.319679
-0.319366
-0.318897
-0.318584
-0.318505
-0.318427
-0.317801
-0.317410
-0.317175
-0.316940
-0.316392
-0.316470
-0.316001
-0.315609
-0.315531
-0.314983
-0.315140
-0.314905
-0.314435
-0.314122
-0.313888
-0.313574
-0.313340
-0.313340
-0.312792
-0.312087
-0.312166
-0.312166
-0.311853
-0.311461
-0.311226
-0.310992
-0.310678
-0.310287
-0.309974
-0.309270
-0.309270
-0.308957
-0.308957
-0.308487
-0.308330
-0.308017
-0.307704
-0.307391
-0.307391
-0.307235
-0.306687
-0.306374
-0.306295
-0.305904
-0.305747
-0.305121
-0.304965
-0.304730
-0.304495
-0.304026
-0.303869
-0.303634
-0.303634
-0.303243
-0.302851
-0.302851
-0.302460
-0.301834
-0.301677
-0.301364
-0.301286
-0.300895
-0.300582
-0.300347
-0.299877
-0.299642
-0.299329
-0.299173
-0.298703
-0.298703
-0.298077
-0.298077
-0.297842
-0.297607
-0.297138
-0.297138
-0.296903
-0.296668
-0.296120
-0.295572
-0.295729
-0.295103
-0.295103
-0.294790
-0.294711
-0.294555
-0.294164
-0.294164
-0.293381
-0.293146
-0.293068
-0.292676
-0.292520
-0.292050
-0.291894
-0.291581
-0.291424
-0.291268
-0.290954
-0.290641
-0.290250
-0.290015
-0.289859
-0.289233
-0.289233
-0.288841
-0.288606
-0.288293
-0.288215
-0.288293
-0.287589
-0.287667
-0.287354
-0.287041
-0.286571
-0.286102
-0.286102
-0.285945
-0.285319
-0.285397
-0.285241
-0.285006
-0.284693
-0.284536
-0.284302
-0.284145
-0.283754
-0.283284
-0.283206
-0.282971
-0.282658
-0.282658
-0.282110
-0.282188
-0.281484
-0.281562
-0.281406
-0.280779
-0.280466
-0.280075
-0.279527
-0.279292
-0.278666
-0.278823
-0.278510
-0.278510
-0.278510
-0.277727
-0.277727
-0.277727
-0.277179
-0.276866
-0.276396
-0.276318
-0.276161
-0.275927
-0.275457
-0.275379
-0.275301
-0.275144
-0.274987
-0.274283
-0.274048
-0.273813
-0.273422
-0.273031
-0.272952
-0.272718
-0.272561
-0.272326
-0.271857
-0.271857
-0.271544
-0.271544
-0.271309
-0.270839
-0.270839
-0.270526
-0.270213
-0.270056
-0.269743
-0.269352
-0.269117
-0.268726
-0.268882
-0.268569
-0.268100
-0.267865
-0.267708
-0.267552
-0.267474
-0.267082
-0.266769
-0.266456
-0.266299
-0.266065
-0.266065
-0.265673
-0.265204
-0.264812
-0.264891
-0.264421
-0.264264
-0.263873
-0.263873
-0.263560
-0.263560
-0.263325
-0.263012
-0.262621
-0.262386
-0.262386
-0.261838
-0.261525
-0.261447
-0.261212
-0.260977
-0.260508
-0.260194
-0.260038
-0.259960
-0.259255
-0.259333
-0.259020
-0.258942
-0.258473
-0.258551
-0.258159
-0.257533
-0.257846
-0.257377
-0.257220
-0.256985
-0.256907
-0.256359
-0.256281
-0.256046
-0.255733
-0.255498
-0.255263
-0.255029
-0.254950
-0.254559
-0.254324
-0.254324
-0.254011
-0.253776
-0.253463
-0.253463
-0.252915
-0.252837
-0.252602
-0.252446
-0.252054
-0.251898
-0.251585
-0.251115
-0.250880
-0.250646
-0.250567
-0.249941
-0.250019
-0.249863
-0.249628
-0.249471
-0.249158
-0.249080
-0.248611
-0.248611
-0.248454
-0.247984
-0.247984
-0.247671
-0.247358
-0.247358
-0.247202
-0.246732
-0.246341
-0.246341
-0.246028
-0.245949
-0.245949
-0.245323
-0.245323
-0.245088
-0.244697
-0.244697
-0.244227
-0.244306
-0.243914
-0.243758
-0.243601
-0.243210
-0.243053
-0.242584
-0.242427
-0.242192
-0.242271
-0.241879
-0.241879
-0.241566
-0.241253
-0.241097
-0.240627
-0.240862
-0.240157
-0.240001
-0.239844
-0.239609
-0.239375
-0.239140
-0.238905
-0.238749
-0.238592
-0.238357
-0.238122
-0.237966
-0.237653
-0.237183
-0.237183
-0.236948
-0.236792
-0.236322
-0.236166
-0.236009
-0.236009
-0.235853
-0.235853
-0.235305
-0.235383
-0.234913
-0.234835
-0.234600
-0.234365
-0.234209
-0.233974
-0.234052
-0.233818
-0.233426
-0.233113
-0.232957
-0.232878
-0.232722
-0.232565
-0.232330
-0.232487
-0.232096
-0.231861
-0.231548
-0.231391
-0.231391
-0.231000
-0.231000
-0.230687
-0.230530
-0.230295
-0.229982
-0.229748
-0.229669
-0.229434
-0.229513
-0.228887
-0.228808
-0.228417
-0.228182
-0.228339
-0.228260
-0.227791
-0.227869
-0.227634
-0.227086
-0.227086
-0.226930
-0.226538
-0.226382
-0.226460
-0.226382
-0.226304
-0.226225
-0.225599
-0.225756
-0.225521
-0.225364
-0.224895
-0.224817
-0.224582
-0.224503
-0.224034
-0.224269
-0.223877
-0.223564
-0.223721
-0.223329
-0.223408
-0.223173
-0.222703
-0.222860
-0.222625
-0.222547
-0.222155
-0.222234
-0.222155
-0.221842
-0.221764
-0.221216
-0.221060
-0.220981
-0.220981
-0.220668
-0.220512
-0.220199
-0.220199
-0.219807
-0.219651
-0.219338
-0.219338
-0.218711
-0.218946
-0.218633
-0.218320
-0.218477
-0.218555
-0.218164
-0.217929
-0.218085
-0.218085
-0.217537
-0.217303
-0.217303
-0.216990
-0.216676
-0.216833
-0.216990
-0.216676
-0.216363
-0.216285
-0.216363
-0.216207
-0.215815
-0.215815
-0.215502
-0.215346
-0.215189
-0.215268
-0.215111
-0.214955
-0.214720
-0.214876
-0.214798
-0.214485
-0.214407
-0.213937
-0.213780
-0.213624
-0.213702
-0.213780
-0.213389
-0.213546
-0.213389
-0.213546
-0.213154
-0.213076
-0.212998
-0.212606
-0.212372
-0.212293
-0.212137
-0.211980
-0.211980
-0.211980
-0.212059
-0.211902
-0.211667
-0.211354
-0.211354
-0.211198
-0.210963
-0.210728
-0.210493
-0.210493
-0.210337
-0.210415
-0.210415
-0.210180
-0.209867
-0.209945
-0.209710
-0.209554
-0.209397
-0.209554
-0.209163
-0.209084
-0.209319
-0.209006
-0.209241
-0.209006
-0.208615
-0.208458
-0.208536
-0.208615
-0.208380
-0.208223
-0.208067
-0.208223
-0.208223
-0.208145
-0.207910
-0.207754
-0.207441
-0.207519
-0.207206
-0.207284
-0.207362
-0.207284
-0.206971
-0.207049
-0.207128
-0.207049
-0.206814
-0.206814
-0.206658
-0.206188
-0.206032
-0.206267
-0.205719
-0.206110
-0.206345
-0.206658
-0.206188
-0.205953
-0.206032
-0.205953
-0.205640
-0.205484
-0.205484
-0.205249
-0.205171
-0.205327
-0.205327
-0.205171
-0.205014
-0.205249
-0.204936
-0.204623
-0.204466
-0.204701
-0.204545
-0.204388
-0.204779
-0.204466
-0.204779
-0.204388
-0.204232
-0.204075
-0.204075
-0.203605
-0.203997
-0.203918
-0.204075
-0.203762
-0.204153
-0.204075
-0.204075
-0.203840
-0.203840
-0.203605
-0.203762
-0.203605
-0.203527
-0.203214
-0.203527
-0.203449
-0.203371
-0.203371
-0.203292
-0.203371
-0.203214
-0.203058
-0.203214
-0.203136
-0.203214
-0.202979
-0.203214
-0.203058
-0.203136
-0.203136
-0.202901
-0.202744
-0.202744
-0.202744
-0.203058
-0.203058
-0.202979
-0.202744
-0.202744
-0.202744
-0.203058
-0.203058
-0.202823
-0.202666
-0.202510
-0.202823
-0.202823
-0.202588
-0.202510
-0.202823
-0.202744
-0.202901
-0.202744
-0.202901
-0.202588
-0.202744
-0.202353
-0.202666
-0.202744
-0.202901
-0.202666
-0.203058
-0.202979
-0.203058
-0.203214
-0.202901
-0.202510
-0.202510
-0.202744
-0.203058
-0.203058
-0.202979
-0.203058
-0.202979
-0.203058
-0.203371
-0.203058
-0.203292
-0.203136
-0.203058
-0.203371
-0.203058
-0.202823
-0.202901
-0.203214
-0.203136
-0.203292
-0.202979
-0.202979
-0.203214
-0.203136
-0.203136
-0.203527
-0.203371
-0.203214
-0.203214
-0.203371
-0.203449
-0.203449
-0.203136
-0.203058
-0.203214
-0.203371
-0.203605
-0.203527
-0.203527
-0.203527
-0.203527
-0.203449
-0.203840
-0.203762
-0.203762
-0.203762
-0.203762
-0.203605
-0.203918
-0.203918
-0.203840
-0.204232
-0.204075
-0.204075
-0.204232
-0.203762
-0.204153
-0.204310
-0.204153
-0.204388
-0.204232
-0.204232
-0.204310
-0.204232
-0.204466
-0.204388
-0.204232
-0.204388
-0.204310
-0.204466
-0.204936
-0.205093
-0.204779
-0.204936
-0.204936
-0.205093
-0.205093
-0.205093
-0.205014
-0.204936
-0.205249
-0.205484
-0.205484
-0.205093
-0.205327
-0.205484
-0.205171
-0.205327
-0.205484
-0.205640
-0.205640
-0.205719
-0.206032
-0.205953
-0.206110
-0.206032
-0.205953
-0.206188
-0.206188
-0.206345
-0.206188
-0.206658
-0.206580
-0.206814
-0.206814
-0.206814
-0.206893
-0.206658
-0.206658
-0.206736
-0.206814
-0.206814
-0.206893
-0.207441
-0.207519
-0.207519
-0.207675
-0.207362
-0.207519
-0.207754
-0.207441
-0.207754
-0.207675
-0.207832
-0.207832
-0.207910
-0.208223
-0.208067
-0.208223
-0.208223
-0.208223
-0.208615
-0.208223
-0.208458
-0.208380
-0.208849
-0.209006
-0.208849
-0.208928
-0.208771
-0.208928
-0.209241
-0.209163
-0.209319
-0.209241
-0.209163
-0.209241
-0.209789
-0.210024
-0.209554
-0.209554
-0.209789
-0.209554
-0.209632
-0.209476
-0.209789
-0.209789
-0.209867
-0.210102
-0.210493
-0.210102
-0.210415
-0.210258
-0.210258
-0.210415
-0.210493
-0.210180
-0.210415
-0.211041
-0.210650
-0.210806
-0.210728
-0.210806
-0.210337
-0.211041
-0.211041
-0.210728
-0.210963
-0.210806
-0.210806
-0.211041
-0.211354
-0.211041
-0.210963
-0.211119
-0.211198
-0.211354
-0.211198
-0.211119
-0.211354
-0.211354
-0.211354
-0.211432
-0.211276
-0.211511
-0.211354
-0.211667
-0.211589
-0.211511
-0.211667
-0.211589
-0.211511
-0.211824
-0.211902
-0.211980
-0.211432
-0.211354
-0.211354
-0.211354
-0.211119
-0.211119
-0.211276
-0.211511
-0.211667
-0.211589
-0.211589
-0.211198
-0.211511
-0.211119
-0.211198
-0.211276
-0.211276
-0.211119
-0.211432
-0.211276
-0.211119
-0.210884
-0.210884
-0.210806
-0.210728
-0.210650
-0.210571
-0.210337
-0.210728
-0.210650
-0.210806
-0.210493
-0.210102
-0.210180
-0.210024
-0.210102
-0.209945
-0.209945
-0.209476
-0.209554
-0.209397
-0.209476
-0.209241
-0.209241
-0.209084
-0.208693
-0.208693
-0.208536
-0.208536
-0.208615
-0.208302
-0.208380
-0.208145
-0.207989
-0.207910
-0.207519
-0.207362
-0.207441
-0.207049
-0.206893
-0.206736
-0.206658
-0.206345
-0.206658
-0.206423
-0.206188
-0.206032
-0.205406
-0.205484
-0.205249
-0.204936
-0.204858
-0.204936
-0.204388
-0.204232
-0.204075
-0.203684
-0.203918
-0.203684
-0.203214
-0.203058
-0.202666
-0.202666
-0.202431
-0.202431
-0.201883
-0.201805
-0.201336
-0.201101
-0.200631
-0.200083
-0.200083
-0.199614
-0.199222
-0.199301
-0.198831
-0.198596
-0.198361
-0.198205
-0.197813
-0.197500
-0.197187
-0.196874
-0.196561
-0.196326
-0.196170
-0.195935
-0.195387
-0.195074
-0.194839
-0.194604
-0.193900
-0.193978
-0.193509
-0.193039
-0.192648
-0.192413
-0.192256
-0.191943
-0.191160
-0.190926
-0.190926
-0.190143
-0.189752
-0.189439
-0.188578
-0.189047
-0.188186
-0.188030
-0.187638
-0.187482
-0.186777
-0.186151
-0.185995
-0.185447
-0.184899
-0.184194
-0.184038
-0.183881
-0.183490
-0.182786
-0.182551
-0.181768
-0.181142
-0.180985
-0.180438
-0.179655
-0.179655
-0.179263
-0.178637
-0.178324
-0.177776
-0.177150
-0.176524
-0.176368
-0.175898
-0.175272
-0.174880
-0.174332
-0.173785
-0.173237
-0.173158
-0.172376
-0.171671
-0.171045
-0.170419
-0.170028
-0.169636
-0.169088
-0.168697
-0.168227
-0.167758
-0.166897
-0.166271
-0.165253
-0.165018
-0.164549
-0.164157
-0.163531
-0.163375
-0.162905
-0.162514
-0.161809
-0.161496
-0.160557
-0.159226
-0.158757
-0.158365
-0.157661
-0.157113
-0.156957
-0.156330
-0.155704
-0.155548
-0.154530
-0.153826
-0.153200
-0.152887
-0.151947
-0.151713
-0.151243
-0.150695
-0.149599
-0.149443
-0.148817
-0.147799
-0.147486
-0.146782
-0.146312
-0.145451
-0.144981
-0.144120
-0.143572
-0.143103
-0.142946
-0.142320
-0.141146
-0.140442
-0.139894
-0.139189
-0.138720
-0.138015
-0.137389
-0.137233
-0.136528
-0.135980
-0.134885
-0.134337
-0.133632
-0.132615
-0.131989
-0.131519
-0.130814
-0.130188
-0.129640
-0.129640
-0.128310
-0.127527
-0.126588
-0.126040
-0.125805
-0.125023
-0.124318
-0.123692
-0.123222
-0.122753
-0.122127
-0.120718
-0.120170
-0.119074
-0.118057
-0.117352
-0.116882
-0.116178
-0.115474
-0.115161
-0.114691
-0.113673
-0.112812
-0.112108
-0.111638
-0.111012
-0.110308
-0.109369
-0.108586
-0.108351
-0.107881
-0.106707
-0.105455
-0.104829
-0.104124
-0.103968
-0.103029
-0.102559
-0.102011
-0.101385
-0.100681
-0.099976
-0.098959
-0.097785
-0.097472
-0.096845
-0.096298
-0.095671
-0.095045
-0.094106
-0.093949
-0.093245
-0.092541
-0.091367
-0.090819
-0.090036
-0.089566
-0.088627
-0.087844
-0.087062
-0.086749
-0.085809
-0.085105
-0.084009
-0.082913
-0.082365
-0.081818
-0.081035
-0.080330
-0.079156
-0.078530
-0.078295
-0.076730
-0.076182
-0.075399
-0.074773
-0.074069
-0.073443
-0.072973
-0.072347
-0.071486
-0.070938
-0.070077
-0.068747
-0.068120
-0.067807
-0.067338
-0.066633
-0.066007
-0.065146
-0.064598
-0.064050
-0.063189
-0.062485
-0.061233
-0.060920
-0.060215
-0.059511
-0.058963
-0.058180
-0.057632
-0.056771
-0.056145
-0.054971
-0.054188
-0.053562
-0.052936
-0.052153
-0.051684
-0.050744
-0.049962
-0.049257
-0.048475
-0.047849
-0.046831
-0.046205
-0.045813
-0.045266
-0.044718
-0.044013
-0.043387
-0.042604
-0.041900
-0.041352
-0.040256
-0.039395
-0.038534
-0.038065
-0.037752
-0.036343
-0.035951
-0.035325
-0.034699
-0.033760
-0.032664
-0.032273
-0.031803
-0.031177
-0.031020
-0.030160
-0.029220
-0.028359
-0.027733
-0.027029
-0.026324
-0.025542
-0.024915
-0.024524
-0.023898
-0.023507
-0.022724
-0.021785
-0.021002
-0.020376
-0.019437
-0.018654
-0.018263
-0.017715
-0.017088
-0.016541
-0.015601
-0.014897
-0.014349
-0.013723
-0.012940
-0.011766
-0.011688
-0.011375
-0.010514
-0.009731
-0.009027
-0.007774
-0.007226
-0.006992
-0.006209
-0.005348
-0.005113
-0.004644
-0.004017
-0.003704
-0.002374
-0.001904
-0.001278
-0.000652
-0.000026
0.000600
0.001070
0.001540
0.002088
0.002714
0.003653
0.004201
0.005297
0.005297
0.006392
0.007175
0.007488
0.008036
0.007958
0.008819
0.009523
0.010541
0.010932
0.011793
0.012576
0.013045
0.014141
0.014219
0.014689
0.015393
0.016098
0.016646
0.017429
0.018055
0.018681
0.019307
0.020168
0.020481
0.021185
0.021733
0.022360
0.023142
0.023847
0.024708
0.025177
0.025412
0.026351
0.026899
0.027212
0.027369
0.027995
0.029012
0.029873
0.030500
0.031047
0.031517
0.032143
0.032848
0.033004
0.033396
0.033865
0.034726
0.035352
0.036292
0.036605
0.037466
0.038170
0.038796
0.039031
0.039735
0.040440
0.041223
0.042162
0.042631
0.042866
0.043962
0.044588
0.044901
0.045214
0.045527
0.046388
0.047093
0.047875
0.048189
0.048815
0.049441
0.050067
0.050615
0.051163
0.051711
0.052024
0.052650
0.053902
0.054215
0.054841
0.055389
0.056016
0.056094
0.056642
0.057190
0.057659
0.058520
0.059146
0.060086
0.060477
0.061181
0.061494
0.061886
0.062355
0.062825
0.063216
0.063608
0.064625
0.065173
0.065799
0.066425
0.067052
0.067521
0.067756
0.068147
0.068773
0.069478
0.070417
0.070965
0.071356
0.071904
0.072139
0.072609
0.073157
0.073548
0.073939
0.074409
0.075270
0.076287
0.076757
0.077227
0.077853
0.078009
0.078635
0.078714
0.079496
0.080044
0.080984
0.081766
0.082392
0.082862
0.083332
0.083723
0.084114
0.084427
0.084897
0.085523
0.086384
0.086854
0.087323
0.087793
0.088184
0.088889
0.089124
0.089828
0.089906
0.090532
0.091472
0.092098
0.092333
0.092881
0.093350
0.093820
0.094368
0.094759
0.095072
0.095620
0.096481
0.096951
0.097264
0.097890
0.098125
0.098829
0.099142
0.099612
0.100160
0.100708
0.101647
0.101960
0.102430
0.103056
0.103290
0.103838
0.104151
0.104856
0.105091
0.105560
0.106500
0.107047
0.107439
0.107752
0.108378
0.108926
0.109709
0.109865
0.110491
0.110961
0.111352
0.112057
0.112291
0.112605
0.113074
0.113779
0.114248
0.114483
0.115266
0.115892
0.116518
0.116675
0.117222
0.117770
0.118083
0.118553
0.118866
0.119571
0.120275
0.120979
0.121527
0.122153
0.122467
0.122780
0.123406
0.123719
0.124423
0.124658
0.124971
0.125597
0.126224
0.126145
0.126615
0.127084
0.127711
0.128259
0.128806
0.129276
0.129667
0.130137
0.130685
0.131468
0.131781
0.132094
0.132720
0.133111
0.133424
0.134129
0.134285
0.134755
0.135303
0.135616
0.136164
0.136555
0.137260
0.137729
0.137886
0.138512
0.138747
0.139686
0.140234
0.140312
0.140703
0.141095
0.141643
0.142034
0.142191
0.142973
0.143521
0.144069
0.144460
0.144773
0.145321
0.145634
0.146104
0.146495
0.146808
0.147513
0.147591
0.148530
0.148765
0.149391
0.149391
0.149861
0.150565
0.150722
0.151348
0.151739
0.151896
0.152757
0.152835
0.153383
0.153540
0.153853
0.154557
0.154870
0.155418
0.155731
0.156357
0.156827
0.157140
0.157923
0.157766
0.158471
0.158862
0.159410
0.160114
0.160427
0.161132
0.161288
0.162149
0.162462
0.162697
0.162854
0.163323
0.164106
0.164497
0.165202
0.165750
0.166063
0.166376
0.166532
0.166846
0.167315
0.167707
0.168333
0.168646
0.168959
0.169428
0.170368
0.170602
0.170602
0.171229
0.171542
0.171933
0.172403
0.172872
0.173264
0.173498
0.173890
0.174594
0.174907
0.175142
0.175533
0.176081
0.176786
0.177021
0.177255
0.177960
0.178351
0.178429
0.178821
0.179447
0.179760
0.180230
0.180778
0.181091
0.181404
0.182030
0.182499
0.182813
0.183204
0.183517
0.183830
0.184535
0.184769
0.185395
0.185630
0.186256
0.186648
0.186961
0.187039
0.187430
0.188057
0.188683
0.189152
0.189309
0.189857
0.190405
0.190874
0.191109
0.191501
0.191814
0.192518
0.193144
0.193536
0.193927
0.194240
0.194397
0.194866
0.194944
0.195257
0.196040
0.196118
0.196979
0.197449
0.197371
0.197997
0.198388
0.198623
0.199093
0.199249
0.200188
0.200580
0.201284
0.201676
0.201910
0.202615
0.202850
0.203163
0.203398
0.203867
0.204180
0.205198
0.205589
0.205902
0.206137
0.206607
0.206841
0.207154
0.207311
0.207781
0.208015
0.208642
0.209111
0.209503
0.209894
0.210520
0.210598
0.211225
0.211381
0.211772
0.212477
0.212868
0.213416
0.213807
0.213886
0.214277
0.214747
0.214825
0.214981
0.215686
0.216390
0.216703
0.217173
0.217564
0.217799
0.218425
0.218504
0.218895
0.218973
0.219599
0.220147
0.220617
0.220930
0.221243
0.221791
0.222026
0.222261
0.222574
0.222808
0.223513
0.224217
0.224530
0.224609
0.224922
0.225391
0.225548
0.225783
0.226096
0.226722
0.227113
0.227348
0.227661
0.228209
0.228679
0.228913
0.229148
0.229461
0.229696
0.230088
0.230714
0.231340
0.231653
0.232201
0.232436
0.232905
0.233140
0.233610
0.233923
0.234236
0.234627
0.234862
0.235566
0.235958
0.236193
0.236506
0.236819
0.237132
0.237445
0.238071
0.238462
0.238775
0.239245
0.239480
0.240028
0.240341
0.240810
0.240889
0.241358
0.241906
0.242532
0.243002
0.242846
0.243393
0.243941
0.244098
0.244254
0.245115
0.245194
0.245741
0.245663
0.246368
0.246837
0.246994
0.247542
0.247933
0.248011
0.248403
0.249107
0.249342
0.249577
0.249812
0.250594
0.250672
0.250829
0.251220
0.251768
0.252003
0.252316
0.252786
0.253255
0.253334
0.253803
0.254351
0.254508
0.254743
0.254977
0.255603
0.256151
0.256308
0.256778
0.257091
0.257482
0.257795
0.258343
0.258265
0.258734
0.259282
0.259517
0.260221
0.260456
0.260848
0.261082
0.261395
0.261865
0.262100
0.262413
0.262961
0.263196
0.263665
0.264213
0.264448
0.264761
0.265152
0.265152
0.265465
0.266092
0.266405
0.266874
0.266874
0.267344
0.267657
0.268048
0.268596
0.268909
0.269301
0.269457
0.269927
0.270318
0.270631
0.271023
0.271492
0.271727
0.272040
0.272275
0.272745
0.272979
0.273527
0.273840
0.274075
0.274701
0.274936
0.275327
0.275406
0.275875
0.276188
0.276502
0.276893
0.277284
0.277597
0.277910
0.278615
0.278928
0.279241
0.279554
0.280337
0.280572
0.281041
0.281198
0.281902
0.281902
0.282607
0.282841
0.283076
0.283233
0.283781
0.284329
0.284250
0.284720
0.285268
0.285737
0.285894
0.286364
0.286833
0.286833
0.287146
0.287694
0.288007
0.288633
0.288868
0.289259
0.289807
0.289729
0.290434
0.290981
0.291216
0.291608
0.291764
0.292077
0.292547
0.293095
0.293330
0.293721
0.293956
0.294347
0.295051
0.295365
0.295365
0.295991
0.296304
0.296539
0.297086
0.297086
0.297321
0.297947
0.298261
0.298417
0.299043
0.299200
0.299669
0.299982
0.300530
0.300609
0.301078
0.301548
0.301783
0.302096
0.302409
0.303113
0.303348
0.303661
0.304209
0.304522
0.304679
0.305305
0.305461
0.305774
0.306166
0.306401
0.306870
0.307183
0.307731
0.307888
0.308279
0.308514
0.308983
0.309218
0.309531
0.310236
0.310392
0.310862
0.311097
0.311332
0.311566
0.311958
0.312349
0.312897
0.313210
0.313445
0.314071
0.314149
0.314228
0.314462
0.314775
0.315245
0.315636
0.316497
0.316497
0.316576
0.316889
0.317515
0.317906
0.318141
0.318376
0.319002
0.319080
0.319393
0.319472
0.320020
0.320646
0.320646
0.321272
0.320802
0.321507
0.322211
0.322602
0.322681
0.323307
0.323855
0.323855
0.324090
0.324246
0.324559
0.324951
0.325498
0.325890
0.326203
0.326203
0.326438
0.326907
0.327612
0.327455
0.328003
0.328316
0.328864
0.329334
0.329647
0.329803
0.330038
0.330273
0.330508
0.330899
0.331447
0.331682
0.331838
0.332151
0.332464
0.332621
0.333169
0.333247
0.333638
0.333873
0.334499
0.334891
0.335126
0.335517
0.335830
0.336300
0.336456
0.336691
0.337004
0.337317
0.337709
0.337943
0.338256
0.338569
0.338804
0.338883
0.339430
0.339587
0.339822
0.340370
0.340996
0.341231
0.341387
0.341779
0.342092
0.342561
0.342561
0.343031
0.343266
0.343657
0.343892
0.344596
0.344909
0.344675
0.345144
0.345614
0.345849
0.346162
0.346710
0.346631
0.347179
0.347257
0.347805
0.348197
0.348275
0.348745
0.348901
0.349449
0.349527
0.349997
0.350232
0.350780
0.351171
0.351484
0.351719
0.352032
0.352267
0.352345
0.352736
0.353284
0.353676
0.353989
0.354145
0.354693
0.354771
0.354928
0.355319
0.355945
0.356180
0.356180
0.356963
0.357511
0.357902
0.357824
0.358215
0.358607
0.359076
0.359076
0.359781
0.359781
0.360328
0.360876
0.361033
0.361346
0.361503
0.362207
0.362442
0.362990
0.363146
0.363694
0.364007
0.364320
0.364633
0.364946
0.365181
0.365651
0.365807
0.366042
0.366355
0.366590
0.366981
0.367373
0.367764
0.367999
0.368469
0.368625
0.369095
0.369251
0.369329
0.369877
0.370269
0.370425
0.370269
0.371051
0.371443
0.371834
0.372147
0.372460
0.372773
0.373243
0.373321
0.373400
0.373713
0.374104
0.374808
0.374808
0.375278
0.375669
0.375904
0.376452
0.376922
0.377078
0.377470
0.377783
0.378017
0.378565
0.379035
0.379348
0.379583
0.379739
0.380052
0.380366
0.380913
0.380913
0.381618
0.381774
0.382166
0.382870
0.382870
0.383418
0.383105
0.383966
0.383888
0.384436
0.384749
0.385062
0.385297
0.385844
0.385844
0.386079
0.386471
0.386940
0.387097
0.387566
0.387958
0.388271
0.388584
0.388819
0.389367
0.389601
0.389914
0.389993
0.390228
0.390775
0.391010
0.391402
0.391871
0.391871
0.392263
0.392419
0.393124
0.393593
0.393750
0.393984
0.394141
0.394454
0.394924
0.395159
0.395863
0.396098
0.396333
0.396489
0.396959
0.397272
0.397585
0.397585
0.397898
0.398289
0.398446
0.399229
0.399463
0.399620
0.400168
0.400324
0.400481
0.401185
0.401185
0.401577
0.402046
0.402125
0.402516
0.402829
0.403142
0.403299
0.403455
0.403846
0.404316
0.404551
0.404786
0.404864
0.405412
0.405803
0.406038
0.406273
0.406821
0.406899
0.407056
0.407525
0.407603
0.407995
0.408386
0.408543
0.408621
0.409012
0.409404
0.409717
0.409873
0.410186
0.410734
0.411282
0.411282
0.411752
0.411987
0.412065
0.412300
0.412769
0.412926
0.413161
0.413552
0.413865
0.413943
0.414335
0.414726
0.414883
0.415196
0.415196
0.415430
0.415978
0.416448
0.416526
0.416761
0.417309
0.417544
0.417622
0.418013
0.418170
0.418561
0.419031
0.419344
0.419500
0.419892
0.420048
0.420205
0.420753
0.420909
0.421222
0.422083
0.422005
0.422318
0.422396
0.422709
0.423336
0.423492
0.423492
0.423805
0.423884
0.424666
0.424979
0.425058
0.425605
0.425762
0.426153
0.426232
0.426623
0.426780
0.427014
0.427640
0.427484
0.427954
0.428267
0.428423
0.428423
0.428815
0.428971
0.429206
0.429676
0.430380
0.430771
0.430771
0.431084
0.431632
0.431632
0.432258
0.432258
0.432728
0.432963
0.433041
0.433276
0.433824
0.434059
0.434059
0.434685
0.434685
0.435311
0.435233
0.435781
0.436250
0.436407
0.436642
0.436642
0.437111
0.437581
0.437581
0.438207
0.438285
0.438442
0.439068
0.439224
0.439772
0.439929
0.439772
0.440398
0.440555
0.441259
0.441338
0.441651
0.442277
0.442355
0.442668
0.442825
0.443060
0.443373
0.443842
0.444312
0.444234
0.444860
0.444860
0.445251
0.445564
0.446112
0.446425
0.446425
0.446973
0.447364
0.447599
0.448069
0.448304
0.448460
0.448695
0.449008
0.449399
0.449321
0.449947
0.450260
0.450730
0.450652
0.451278
0.451356
0.451435
0.451669
0.452530
0.452687
0.453156
0.453235
0.453626
0.453704
0.454252
0.454409
0.454722
0.455113
0.455348
0.455739
0.455896
0.456209
0.456600
0.456679
0.456835
0.457226
0.457618
0.457618
0.458166
0.458479
0.458870
0.459027
0.459496
0.459966
0.460122
0.460044
0.460749
0.460983
0.461140
0.461453
0.462001
0.462157
0.462705
0.462784
0.463253
0.463410
0.463958
0.464114
0.464349
0.464819
0.465210
0.465288
0.465601
0.465836
0.466306
0.466306
0.466697
0.467323
0.467402
0.467871
0.468184
0.468576
0.468497
0.468889
0.468889
0.469437
0.469906
0.470219
0.470767
0.470454
0.471002
0.471237
0.471393
0.471706
0.472333
0.472567
0.472880
0.473115
0.473663
0.473585
0.473976
0.474289
0.474446
0.474759
0.474994
0.475385
0.475776
0.475855
0.476403
0.476716
0.476637
0.476872
0.477107
0.477342
0.477733
0.478203
0.478281
0.478594
0.478829
0.479064
0.479220
0.479768
0.480160
0.480238
0.480551
0.480942
0.480942
0.481334
0.481568
0.482038
0.481881
0.482586
0.482664
0.483134
0.483447
0.483760
0.483995
0.484386
0.484621
0.484934
0.485169
0.485482
0.485795
0.486186
0.486186
0.486421
0.486812
0.486656
0.486969
0.487126
0.487673
0.487908
0.488456
0.488613
0.489082
0.489161
0.489161
0.489552
0.490022
0.490491
0.490491
0.491117
0.491196
0.491743
0.491978
0.491900
0.492057
0.492370
0.492683
0.493074
0.493387
0.493935
0.493622
0.494013
0.494326
0.494405
0.494405
0.495031
0.495500
0.495344
0.495970
0.496283
0.496909
0.496596
0.496988
0.497379
0.497535
0.498005
0.498162
0.498553
0.498788
0.498944
0.499336
0.499414
0.499492
0.499805
0.500353
0.500431
0.500744
0.501527
0.501449
0.501527
0.501840
0.502075
0.502545
0.502779
0.503406
0.503640
0.503875
0.504423
0.504501
0.504345
0.504971
0.505206
0.505284
0.505597
0.505754
0.506145
0.506536
0.506380
0.506928
0.507006
0.507163
0.507867
0.508415
0.508493
0.509041
0.509119
0.509432
0.509824
0.509980
0.510137
0.510606
0.510528
0.511154
0.511546
0.511467
0.511937
0.512407
0.512485
0.512485
0.512876
0.513268
0.513581
0.513894
0.514207
0.514755
0.514911
0.515303
0.515303
0.515616
0.516085
0.516555
0.516555
0.517025
0.517338
0.517338
0.517651
0.517886
0.518199
0.518512
0.518668
0.519294
0.519373
0.519529
0.519764
0.520234
0.520703
0.520938
0.521329
0.521643
0.521956
0.522034
0.522425
0.522895
0.523443
0.523364
0.523678
0.523834
0.524304
0.524538
0.525086
0.525478
0.525321
0.525869
0.526260
0.526260
0.526808
0.526965
0.527121
0.527748
0.527826
0.528295
0.528609
0.528765
0.529156
0.529548
0.529783
0.530252
0.530330
0.530722
0.530957
0.531270
0.531818
0.531896
0.532444
0.532600
0.532757
0.532992
0.533070
0.533461
0.534009
0.534322
0.534479
0.534948
0.535261
0.535418
0.535731
0.536122
0.536436
0.536514
0.537062
0.537610
0.537531
0.538157
0.538236
0.538705
0.538862
0.539331
0.539488
0.540036
0.539958
0.540427
0.540897
0.541132
0.541758
0.541601
0.542149
0.542541
0.542775
0.542854
0.543402
0.543558
0.543793
0.544184
0.544184
0.544576
0.544889
0.545045
0.545593
0.545515
0.545906
0.546141
0.546219
0.546845
0.547472
0.547706
0.547785
0.548098
0.548567
0.548646
0.549037
0.549272
0.549663
0.549898
0.549898
0.550681
0.550994
0.550915
0.551463
0.551463
0.551776
0.552246
0.552716
0.552637
0.553264
0.553342
0.553733
0.554046
0.554203
0.554281
0.554203
0.554594
0.555220
0.555455
0.555690
0.556159
0.556473
0.556629
0.556707
0.556942
0.557099
0.557099
0.557647
0.557568
0.558038
0.558508
0.558664
0.558899
0.559134
0.559369
0.559603
0.560151
0.560621
0.560777
0.561169
0.561638
0.561560
0.561638
0.561717
0.562186
0.562578
0.562969
0.563282
0.563595
0.563595
0.563908
0.563908
0.564534
0.564926
0.565161
0.565552
0.565552
0.565943
0.566256
0.566491
0.566413
0.566491
0.566961
0.567509
0.567665
0.567978
0.568057
0.568213
0.568291
0.568448
0.568996
0.568917
0.569700
0.570013
0.570405
0.570405
0.570796
0.570718
0.570874
0.571266
0.571579
0.572048
0.572283
0.572518
0.572518
0.572831
0.572909
0.573222
0.573535
0.573770
0.574162
0.574553
0.574788
0.575023
0.575492
0.575414
0.575492
0.575727
0.576118
0.576353
0.576823
0.577371
0.577214
0.577684
0.577997
0.578232
0.578153
0.578232
0.578779
0.579014
0.579484
0.579719
0.579875
0.580267
0.580423
0.580345
0.580580
0.580814
0.581519
0.581832
0.581989
0.582458
0.582693
0.582849
0.583006
0.583319
0.583632
0.583945
0.584493
0.584258
0.584650
0.585198
0.585119
0.585745
0.585667
0.586137
0.586450
0.586841
0.586998
0.587389
0.587389
0.587546
0.587780
0.588015
0.588407
0.588955
0.589033
0.589268
0.589816
0.589894
0.590363
0.590363
0.590755
0.591303
0.591851
0.592085
0.592398
0.592711
0.592633
0.592946
0.593025
0.593572
0.593494
0.594120
0.594433
0.594512
0.594903
0.595294
0.595373
0.595451
0.595764
0.595999
0.596390
0.596782
0.596860
0.597173
0.597642
0.597721
0.598503
0.598269
0.598660
0.599130
0.599521
0.599443
0.600069
0.600460
0.600460
0.600773
0.600930
0.601321
0.601478
0.602260
0.602730
0.602808
0.602887
0.603200
0.603121
0.603748
0.603904
0.604295
0.604765
0.604765
0.605000
0.605469
0.605783
0.606017
0.606252
0.606487
0.606644
0.607035
0.607426
0.607661
0.607739
0.607818
0.608365
0.608444
0.608913
0.608992
0.609305
0.609931
0.609853
0.609774
0.610714
0.610870
0.611105
0.611575
0.612122
0.612357
0.612514
0.612670
0.613218
0.613453
0.613453
0.613844
0.613844
0.614236
0.614549
0.614705
0.614627
0.615253
0.615645
0.615645
0.615958
0.616271
0.616584
0.616897
0.616897
0.617210
0.617445
0.617758
0.617914
0.618384
0.618384
0.618854
0.618932
0.619323
0.619480
0.619793
0.620106
0.620262
0.620576
0.620967
0.621358
0.621593
0.621593
0.621906
0.622297
0.622376
0.622767
0.623080
0.623237
0.623393
0.623550
0.623706
0.624254
0.624802
0.625037
0.625272
0.625507
0.625585
0.625663
0.626054
0.626289
0.626524
0.626681
0.626994
0.627463
0.627855
0.628089
0.627776
0.628246
0.628089
0.628481
0.628950
0.629107
0.629263
0.629263
0.629811
0.629811
0.629890
0.630359
0.630516
0.630985
0.631142
0.631455
0.631533
0.632159
0.632394
0.632394
0.632551
0.633177
0.633412
0.633960
0.634038
0.634273
0.634351
0.634508
0.634508
0.634821
0.635212
0.635682
0.635995
0.635916
0.636151
0.636543
0.636543
0.636543
0.637012
0.637717
0.637951
0.637638
0.638343
0.638499
0.638499
0.638812
0.639125
0.639282
0.639360
0.639908
0.639986
0.640221
0.640769
0.640769
0.640769
0.641317
0.641474
0.641865
0.642413
0.642491
0.642335
0.642804
0.642804
0.643274
0.643274
0.643587
0.643743
0.644291
0.644604
0.644761
0.645152
0.645231
0.645309
0.645700
0.646091
0.646483
0.646483
0.647031
0.647266
0.647500
0.647735
0.647970
0.648283
0.648596
0.648674
0.648987
0.649379
0.649535
0.649692
0.649770
0.649927
0.650240
0.650631
0.651101
0.651805
0.652040
0.652040
0.652197
0.652197
0.652901
0.652744
0.653214
0.653997
0.654075
0.654623
0.654623
0.655014
0.654779
0.655249
0.655327
0.655640
0.656110
0.656501
0.656893
0.656971
0.656971
0.656814
0.657441
0.657988
0.658536
0.658771
0.659241
0.659163
0.659710
0.659554
0.659867
0.660337
0.660650
0.661041
0.661432
0.661824
0.662137
0.662450
0.662450
0.662919
0.663076
0.663467
0.663859
0.664407
0.664563
0.664876
0.664798
0.665189
0.665346
0.665737
0.666050
0.666833
0.666911
0.666676
0.667146
0.667694
0.667772
0.667929
0.668164
0.668790
0.669025
0.669259
0.669729
0.669807
0.669964
0.670433
0.670199
0.670981
0.671373
0.671842
0.671764
0.672077
0.672625
0.672625
0.673016
0.673016
0.673564
0.673956
0.674269
0.674347
0.674817
0.674738
0.675130
0.675599
0.675756
0.675991
0.676617
0.676930
0.677086
0.677165
0.677791
0.677556
0.677869
0.678026
0.678495
0.678965
0.679513
0.679747
0.679747
0.680217
0.680530
0.680843
0.681313
0.681704
0.682252
0.682174
0.682722
0.682957
0.683270
0.683270
0.683270
0.683974
0.683818
0.684678
0.684835
0.685226
0.685618
0.686009
0.686244
0.686087
0.686635
0.686948
0.687418
0.687809
0.688044
0.688201
0.688357
0.688514
0.688827
0.689062
0.689531
0.689766
0.689923
0.690314
0.690784
0.691018
0.691253
0.691175
0.691488
0.692114
0.692271
0.692505
0.692897
0.693445
0.693680
0.693680
0.694071
0.694227
0.694697
0.695010
0.695245
0.695715
0.695949
0.696419
0.696419
0.696576
0.697202
0.697280
0.697358
0.697828
0.698297
0.698532
0.699002
0.699002
0.699237
0.699863
0.700254
0.700254
0.700332
0.701037
0.701350
0.701428
0.701820
0.701976
0.702367
0.702759
0.702681
0.703072
0.703463
0.703855
0.704089
0.704716
0.704794
0.705107
0.705263
0.705498
0.705655
0.706203
0.706594
0.706672
0.707142
0.707377
0.707690
0.708003
0.708003
0.708394
0.708942
0.709412
0.709803
0.709881
0.710116
0.710273
0.710664
0.710742
0.710899
0.711368
0.711525
0.711995
0.711682
0.711682
0.711525
0.711290
0.711603
0.711447
0.711290
0.711134
0.710899
0.710899
0.710351
0.710194
0.710038
0.709960
0.709803
0.709881
0.709177
0.709020
0.708629
0.708707
0.707925
0.707690
0.707612
0.707142
0.707142
0.706985
0.706203
0.706203
0.705890
0.705733
0.705420
0.705263
0.704950
0.704716
0.704481
0.704089
0.704011
0.703698
0.703620
0.702994
0.702681
0.702367
0.702054
0.701350
0.701193
0.701037
0.700567
0.700176
0.699706
0.699628
0.699393
0.698924
0.698219
0.698063
0.697593
0.697280
0.697045
0.696810
0.696419
0.696419
0.695949
0.695793
0.695245
0.695010
0.694540
0.694149
0.693836
0.693914
0.693210
0.692662
0.692505
0.691958
0.691958
0.691253
0.691097
0.690862
0.690549
0.690079
0.689688
0.689688
0.689218
0.689062
0.688670
0.688279
0.688201
0.687966
0.687183
0.686792
0.686479
0.685931
0.685774
0.685461
0.685148
0.684835
0.684600
0.684522
0.683974
0.683739
0.683739
0.683113
0.682800
0.682643
0.681939
0.681548
0.680608
0.680295
0.680061
0.679904
0.679669
0.679513
0.679200
0.678730
0.678495
0.678026
0.677712
0.677399
0.677243
0.676773
0.676460
0.676225
0.675677
0.675756
0.675364
0.674973
0.674660
0.674347
0.673877
0.673721
0.673095
0.673173
0.672938
0.672860
0.672234
0.671529
0.671138
0.671451
0.670981
0.670668
0.670355
0.670355
0.669886
0.669338
0.668711
0.668633
0.668242
0.668085
0.667772
0.667303
0.667068
0.666676
0.666598
0.665972
0.665894
0.665346
0.665033
0.664798
0.664328
0.663859
0.663702
0.663311
0.663233
0.662919
0.662763
0.662137
0.662215
0.661980
0.661432
0.660493
0.660024
0.659867
0.659867
0.659554
0.659006
0.658536
0.658302
0.658302
0.657832
0.657754
0.657284
0.657049
0.656423
0.656032
0.655875
0.655640
0.655640
0.654779
0.654701
0.653840
0.653997
0.653762
0.653449
0.653292
0.652666
0.652353
0.651962
0.651570
0.651179
0.650866
0.650866
0.650083
0.649692
0.649692
0.649222
0.648674
0.648440
0.647970
0.647735
0.647579
0.647422
0.647187
0.646718
0.646248
0.645935
0.645935
0.645622
0.645152
0.644683
0.644683
0.644213
0.643509
0.643587
0.643274
0.642804
0.642178
0.642100
0.641708
0.641395
0.641082
0.640769
0.640378
0.639830
0.639673
0.639517
0.639204
0.638969
0.638343
0.638108
0.638030
0.637404
0.636934
0.636308
0.636229
0.635838
0.635603
0.635447
0.634977
0.634586
0.634273
0.633803
0.633568
0.633177
0.632707
0.632316
0.631925
0.631768
0.631846
0.630907
0.630985
0.630438
0.630124
0.629968
0.629263
0.628794
0.628637
0.628403
0.628246
0.627855
0.627542
0.627463
0.627072
0.626602
0.626211
0.625820
0.625193
0.624959
0.624567
0.624411
0.624176
0.624098
0.623785
0.623315
0.622924
0.622454
0.621828
0.621437
0.621358
0.621202
0.620889
0.620654
0.620262
0.619949
0.619793
0.619245
0.618697
0.618227
0.617836
0.617601
0.617445
0.617288
0.616975
0.616662
0.616506
0.616349
0.615958
0.615331
0.614862
0.614784
0.614314
0.614236
0.613766
0.613766
0.613766
0.613140
0.612827
0.612592
0.612044
0.611340
0.610948
0.610479
0.610635
0.610166
0.609931
0.609774
0.609539
0.609305
0.608835
0.608287
0.607739
0.607583
0.607661
0.607191
0.607035
0.606800
0.606330
0.606174
0.606096
0.605626
0.605000
0.604687
0.604139
0.604217
0.603982
0.603591
0.603356
0.603043
0.602730
0.602260
0.601713
0.601478
0.600930
0.600538
0.600304
0.600617
0.600069
0.599834
0.599364
0.599130
0.598660
0.598112
0.597877
0.597408
0.597486
0.597016
0.597173
0.596547
0.596468
0.595999
0.595921
0.595451
0.594981
0.594668
0.594277
0.594199
0.593807
0.593807
0.593338
0.593416
0.592946
0.592711
0.592164
0.592007
0.591537
0.591303
0.591303
0.590990
0.590755
0.590442
0.590363
0.589737
0.589111
0.588876
0.588641
0.588407
0.588172
0.587859
0.587702
0.587467
0.587233
0.587154
0.586841
0.586059
0.585824
0.585432
0.585354
0.585432
0.584806
0.584650
0.584024
0.584024
0.583632
0.583084
0.583006
0.582458
0.582067
0.581989
0.582145
0.581754
0.581049
0.581284
0.580658
0.580267
0.580345
0.579797
0.579562
0.579406
0.578936
0.579093
0.578858
0.578232
0.578075
0.577371
0.577449
0.576979
0.576744
0.576666
0.576118
0.575570
0.575883
0.575414
0.574788
0.574475
0.574475
0.574005
0.573848
0.573614
0.573457
0.573066
0.572674
0.572518
0.572283
0.571892
0.571422
0.571109
0.570718
0.570796
0.570405
0.570483
0.569857
0.569778
0.569231
0.569074
0.568526
0.568370
0.568213
0.568213
0.568057
0.567587
0.567352
0.567039
0.567039
0.566413
0.566100
0.565943
0.565630
0.565161
0.565317
0.564613
0.564456
0.564065
0.563986
0.563595
0.563282
0.562891
0.562343
0.562343
0.562186
0.561325
0.561404
0.561090
0.560464
0.560230
0.559760
0.559290
0.559290
0.559055
0.558821
0.558273
0.558195
0.558116
0.557725
0.557334
0.556707
0.556629
0.556551
0.556238
0.555612
0.555299
0.554907
0.554594
0.554438
0.554281
0.553890
0.553577
0.553342
0.553107
0.552637
0.552403
0.552246
0.552168
0.551776
0.551228
0.550994
0.550681
0.550289
0.550211
0.549663
0.549350
0.549037
0.549115
0.548646
0.548333
0.547863
0.547393
0.547002
0.546611
0.546376
0.546063
0.546376
0.545593
0.545202
0.545202
0.545123
0.544810
0.544497
0.544184
0.543558
0.543323
0.543323
0.542775
0.542462
0.541914
0.541680
0.541210
0.541053
0.541053
0.540114
0.539958
0.539723
0.539566
0.539175
0.538705
0.538862
0.538314
0.538236
0.537531
0.537296
0.537062
0.536670
0.536592
0.535966
0.536122
0.535575
0.535340
0.534870
0.534166
0.534244
0.533696
0.533461
0.533226
0.532992
0.532444
0.532600
0.532131
0.531661
0.531035
0.530878
0.530644
0.530409
0.529861
0.529704
0.529548
0.529078
0.528922
0.528765
0.528217
0.527826
0.527669
0.527356
0.526965
0.526730
0.526652
0.525869
0.525713
0.525556
0.524930
0.524538
0.524225
0.524069
0.523834
0.523678
0.523443
0.523208
0.522582
0.522269
0.521721
0.521721
0.521016
0.520782
0.520547
0.519842
0.519842
0.519373
0.519060
0.518825
0.518277
0.517964
0.518199
0.517729
0.517572
0.517494
0.517025
0.516868
0.516320
0.515851
0.515537
0.515146
0.514833
0.514598
0.514598
0.514285
0.513816
0.513659
0.513033
0.512641
0.512407
0.512015
0.511781
0.511546
0.511467
0.511076
0.510763
0.510606
0.509667
0.509667
0.509354
0.509119
0.508650
0.508885
0.508415
0.508258
0.507789
0.507789
0.507241
0.506771
0.506302
0.505989
0.505675
0.505754
0.505284
0.505049
0.504815
0.504423
0.504110
0.503875
0.503249
0.503327
0.503327
0.502779
0.502545
0.502310
0.502388
0.501684
0.501292
0.500510
0.500197
0.499805
0.499727
0.499492
0.499492
0.499179
0.499101
0.498240
0.498162
0.497614
0.497614
0.497379
0.497222
0.496518
0.496361
0.495970
0.496127
0.495344
0.495187
0.494874
0.494405
0.494326
0.493857
0.493857
0.493544
0.493309
0.492918
0.492526
0.492057
0.491822
0.491509
0.491665
0.491430
0.490882
0.490726
0.490335
0.489630
0.489395
0.489082
0.488769
0.488769
0.488613
0.488300
0.488300
0.488221
0.487830
0.487282
0.486969
0.486578
0.486265
0.485717
0.485638
0.485560
0.485325
0.485169
0.484699
0.484230
0.483838
0.483603
0.483603
0.483369
0.482742
0.482586
0.482351
0.482038
0.481490
0.481255
0.481099
0.480629
0.479846
0.479612
0.479142
0.478907
0.478907
0.478516
0.478203
0.477733
0.477185
0.477185
0.476794
0.476872
0.476481
0.476089
0.475698
0.475385
0.475150
0.474524
0.474368
0.473976
0.473898
0.473741
0.473350
0.472880
0.473194
0.472489
0.472019
0.471706
0.471472
0.470924
0.470611
0.470532
0.470219
0.469906
0.469515
0.469280
0.468810
0.468732
0.468263
0.468028
0.467636
0.467480
0.467010
0.466775
0.466228
0.466149
0.465758
0.465680
0.465132
0.464584
0.464349
0.464192
0.463879
0.463566
0.463175
0.463018
0.462236
0.462236
0.462001
0.461688
0.461218
0.460905
0.460749
0.460436
0.459731
0.459496
0.459027
0.458479
0.458244
0.458087
0.457618
0.457383
0.457148
0.456757
0.456522
0.456131
0.455896
0.455739
0.455426
0.455113
0.454409
0.454565
0.453939
0.453704
0.453391
0.452765
0.452609
0.452295
0.452061
0.451200
0.451121
0.450808
0.450260
0.450104
0.449713
0.449478
0.449243
0.448695
0.448695
0.448147
0.447991
0.447834
0.447286
0.447130
0.446817
0.446582
0.446034
0.445643
0.445329
0.444938
0.444703
0.444312
0.444234
0.443608
0.443451
0.443294
0.442825
0.442590
0.442042
0.441964
0.441729
0.441025
0.440868
0.440477
0.439929
0.439538
0.439146
0.439224
0.438598
0.438207
0.438050
0.437816
0.437424
0.437268
0.436720
0.436328
0.436328
0.435781
0.435624
0.435154
0.434685
0.434528
0.434215
0.433980
0.433589
0.433432
0.433198
0.432806
0.431945
0.432024
0.431867
0.431554
0.430928
0.430771
0.430693
0.430145
0.429832
0.429362
0.429049
0.428893
0.428658
0.428501
0.428110
0.427954
0.427719
0.427406
0.427093
0.426623
0.426310
0.426153
0.425605
0.425762
0.424823
0.425058
0.424353
0.424197
0.423805
0.423492
0.423336
0.423179
0.422553
0.422396
0.422396
0.421770
0.421379
0.420909
0.420596
0.420753
0.420048
0.420205
0.419657
0.419344
0.419266
0.418796
0.418326
0.418248
0.417622
0.417231
0.417387
0.417074
0.416761
0.416683
0.416135
0.415743
0.415587
0.414961
0.414726
0.414491
0.414491
0.414100
0.414022
0.413552
0.413552
0.413004
0.412456
0.412221
0.412065
0.411673
0.411595
0.411204
0.410734
0.410656
0.410030
0.410030
0.409717
0.408934
0.408934
0.408777
0.408073
0.407995
0.408073
0.407369
0.407212
0.406899
0.406429
0.406273
0.406038
0.405647
0.405647
0.405177
0.404942
0.404786
0.404081
0.403612
0.403220
0.403142
0.403142
0.402907
0.402594
0.402281
0.401968
0.401733
0.401577
0.400950
0.400559
0.399933
0.400168
0.399463
0.399229
0.398837
0.398446
0.398446
0.397898
0.397898
0.396959
0.397194
0.397037
0.396646
0.396567
0.396254
0.396019
0.395550
0.394845
0.394454
0.394063
0.393671
0.393828
0.393515
0.393124
0.392889
0.392497
0.392106
0.391558
0.391167
0.391245
0.390854
0.390541
0.390384
0.390149
0.390149
0.389758
0.388819
0.388584
0.388349
0.387879
0.387801
0.387566
0.386940
0.387175
0.386784
0.386392
0.385610
0.385218
0.384983
0.384670
0.384122
0.384279
0.384122
0.383575
0.383183
0.383027
0.382948
0.382479
0.382087
0.381853
0.381540
0.381227
0.380992
0.380522
0.380131
0.379661
0.379583
0.379113
0.378644
0.378565
0.378252
0.377861
0.377939
0.377470
0.377156
0.376530
0.376139
0.375826
0.375356
0.375278
0.375356
0.374730
0.374652
0.374182
0.374026
0.373321
0.373008
0.372695
0.372460
0.372069
0.371834
0.371834
0.370660
0.370738
0.370269
0.370034
0.369251
0.369329
0.368782
0.368625
0.368390
0.368234
0.367764
0.367373
0.366981
0.366434
0.366120
0.365964
0.365729
0.365494
0.365181
0.365025
0.364555
0.364164
0.363694
0.363538
0.363303
0.362833
0.362520
0.362050
0.361581
0.361503
0.360955
0.360563
0.360250
0.359859
0.359468
0.359076
0.358998
0.358841
0.358450
0.358137
0.357589
0.357119
0.357041
0.356806
0.356415
0.355945
0.355554
0.355241
0.354928
0.354537
0.354223
0.354067
0.353597
0.353362
0.353128
0.352658
0.352815
0.352110
0.352188
0.351797
0.351327
0.351093
0.350623
0.350310
0.349840
0.349606
0.349058
0.348823
0.348353
0.347962
0.347492
0.347492
0.347179
0.346710
0.346396
0.346083
0.345457
0.345457
0.345457
0.345066
0.344518
0.344283
0.344127
0.343735
0.343422
0.342953
0.342796
0.342561
0.342326
0.341779
0.340996
0.341231
0.340996
0.340057
0.339978
0.339587
0.339274
0.339274
0.338961
0.338726
0.338178
0.337709
0.337474
0.337239
0.336926
0.336691
0.336143
0.335830
0.335439
0.335360
0.334891
0.334656
0.334265
0.333560
0.333482
0.333169
0.333169
0.332699
0.332621
0.332151
0.331995
0.331525
0.331369
0.330821
0.330429
0.330429
0.329803
0.329725
0.329099
0.328707
0.328864
0.328160
0.328003
0.327533
0.327533
0.327299
0.326751
0.326594
0.326281
0.325811
0.325264
0.324872
0.324872
0.324481
0.324168
0.324246
0.323698
0.323307
0.323307
0.322916
0.322446
0.322055
0.321663
0.321507
0.321428
0.320959
0.320567
0.319941
0.319863
0.319315
0.319002
0.318298
0.318141
0.317828
0.317515
0.317358
0.317280
0.316967
0.316419
0.316028
0.315636
0.315480
0.314932
0.314775
0.314384
0.314228
0.313914
0.313680
0.312897
0.312662
0.312349
0.312193
0.312114
0.311645
0.311332
0.311019
0.310784
0.310549
0.309923
0.309531
0.309140
0.308983
0.308827
0.308514
0.308201
0.308123
0.307653
0.307340
0.306948
0.306322
0.306244
0.305618
0.305383
0.305305
0.305070
0.304679
0.304444
0.303818
0.303739
0.303192
0.303035
0.302878
0.302487
0.301861
0.301626
0.301157
0.301157
0.300843
0.300452
0.299904
0.299669
0.299356
0.299043
0.298965
0.298339
0.298182
0.298182
0.297400
0.297321
0.296852
0.296460
0.296226
0.295834
0.295521
0.295365
0.294817
0.294660
0.294034
0.293877
0.293643
0.293330
0.292860
0.292860
0.292312
0.292312
0.291842
0.291216
0.290747
0.290668
0.290042
0.289651
0.289416
0.289103
0.288868
0.288320
0.288320
0.287851
0.287381
0.287303
0.286911
0.286598
0.286207
0.285972
0.285581
0.285424
0.284798
0.284563
0.284172
0.283937
0.283468
0.282920
0.282685
0.282450
0.281902
0.281589
0.281198
0.280806
0.280493
0.279789
0.279554
0.279319
0.279163
0.278615
0.278145
0.277832
0.277362
0.277049
0.276580
0.276423
0.276110
0.275797
0.275562
0.275249
0.274936
0.274858
0.274153
0.273527
0.273292
0.272823
0.272666
0.272275
0.272040
0.272040
0.271414
0.270788
0.270710
0.270240
0.269927
0.269536
0.269222
0.268440
0.268361
0.268048
0.267892
0.267422
0.266874
0.266561
0.266248
0.265465
0.265387
0.265074
0.264605
0.264839
0.264213
0.263822
0.263352
0.263430
0.262961
0.262335
0.261943
0.261709
0.261552
0.261161
0.260534
0.260065
0.259830
0.259204
0.258969
0.258421
0.258578
0.258030
0.257717
0.257247
0.257169
0.256621
0.256308
0.256151
0.255760
0.255290
0.254743
0.254664
0.254429
0.254273
0.253803
0.253334
0.252786
0.252551
0.252238
0.252238
0.251612
0.251299
0.251142
0.250751
0.250281
0.250125
0.249420
0.249107
0.248872
0.248481
0.248324
0.248090
0.247933
0.247229
0.247229
0.247072
0.246524
0.245976
0.245663
0.245428
0.245115
0.244802
0.244489
0.243785
0.243628
0.243315
0.243237
0.242767
0.242376
0.242298
0.241828
0.241593
0.241202
0.240497
0.240263
0.240028
0.239402
0.238854
0.238541
0.238384
0.238228
0.237680
0.237367
0.237132
0.236819
0.236349
0.236036
0.235488
0.235253
0.235410
0.234471
0.234471
0.234236
0.233766
0.233297
0.233062
0.232670
0.232827
0.232201
0.231888
0.231731
0.231027
0.230949
0.230635
0.230088
0.229774
0.229070
0.229227
0.228600
0.228366
0.228287
0.227818
0.227583
0.227583
0.226800
0.226487
0.225861
0.225783
0.225704
0.225157
0.224609
0.224374
0.223982
0.223826
0.223278
0.222965
0.222574
0.222574
0.222339
0.221869
0.221556
0.220930
0.220852
0.220226
0.219834
0.219599
0.219286
0.218895
0.218817
0.218425
0.218034
0.217643
0.217408
0.216860
0.216938
0.215921
0.215764
0.215138
0.214903
0.214981
0.214668
0.214277
0.213729
0.213416
0.212868
0.212633
0.212399
0.211929
0.211772
0.211225
0.211068
0.210598
0.210050
0.209581
0.209189
0.208798
0.208563
0.208250
0.208172
0.207781
0.207624
0.207311
0.206998
0.206528
0.206137
0.205902
0.205198
0.205041
0.204572
0.204259
0.204102
0.203867
0.203398
0.202615
0.202458
0.202302
0.201832
0.201284
0.200893
0.200658
0.200267
0.199797
0.199406
0.198623
0.198623
0.198075
0.197606
0.197292
0.197214
0.196823
0.196510
0.195805
0.195727
0.194944
0.194866
0.194553
0.194083
0.193770
0.193222
0.193144
0.192675
0.192361
0.191970
0.191266
0.191109
0.190874
0.190561
0.189935
0.189544
0.189622
0.189074
0.188683
0.188135
0.187900
0.187117
0.187196
0.187039
0.186648
0.186100
0.185787
0.185395
0.184848
0.184535
0.184143
0.183987
0.183517
0.182813
0.182891
0.182421
0.181952
0.181325
0.181091
0.180464
0.180621
0.179760
0.179525
0.179447
0.179056
0.178899
0.178351
0.178038
0.177334
0.176864
0.176551
0.176160
0.175925
0.175455
0.175064
0.174751
0.174673
0.173968
0.173968
0.173498
0.173029
0.173029
0.172481
0.172246
0.171855
0.171463
0.170994
0.170681
0.170289
0.169898
0.169742
0.169194
0.168724
0.168411
0.168020
0.167941
0.167159
0.166689
0.166376
0.166376
0.166298
0.165828
0.165593
0.165045
0.164419
0.164184
0.163793
0.163245
0.162932
0.162462
0.162149
0.161915
0.161523
0.161132
0.160584
0.160271
0.159801
0.159723
0.159019
0.158940
0.158471
0.157923
0.157453
0.157375
0.156905
0.156749
0.156123
0.155809
0.155183
0.155027
0.154479
0.154401
0.153774
0.153148
0.153227
0.152835
0.152366
0.152131
0.152053
0.151426
0.151113
0.150879
0.150565
0.149783
0.149783
0.149000
0.148922
0.148296
0.147826
0.147591
0.146965
0.146808
0.146417
0.145948
0.145556
0.145321
0.145087
0.144695
0.144304
0.143834
0.143365
0.143052
0.142504
0.142191
0.141721
0.141721
0.141173
0.140782
0.140469
0.140156
0.139764
0.139216
0.138590
0.138590
0.137807
0.137964
0.137181
0.136868
0.136555
0.136164
0.135772
0.135381
0.134911
0.134598
0.134442
0.133972
0.133816
0.133268
0.133033
0.132798
0.132329
0.131624
0.131389
0.130841
0.130528
0.130372
0.129746
0.129824
0.129354
0.129120
0.128963
0.128415
0.127945
0.127554
0.127398
0.126850
0.126693
0.126615
0.125832
0.125754
0.125284
0.124815
0.124189
0.123954
0.123719
0.123406
0.122936
0.122545
0.121997
0.121840
0.121606
0.120823
0.120197
0.119805
0.119492
0.118944
0.118397
0.117927
0.117927
0.117614
0.117144
0.116518
0.116048
0.115892
0.115344
0.115187
0.114561
0.114405
0.113935
0.113700
0.112761
0.112605
0.112135
0.111822
0.111665
0.111117
0.110726
0.110335
0.110100
0.109865
0.108926
0.108143
0.108065
0.107752
0.107047
0.106813
0.106734
0.106343
0.106030
0.105404
0.104934
0.104543
0.104308
0.103995
0.103604
0.103447
0.103056
0.102586
0.102195
0.101803
0.101334
0.100394
0.100160
0.099847
0.099768
0.099299
0.098907
0.098516
0.098438
0.097733
0.097499
0.096559
0.096168
0.095933
0.095620
0.094994
0.095072
0.094603
0.094133
0.093663
0.093037
0.093037
0.092646
0.092098
0.091863
0.091393
0.091002
0.090532
0.089750
0.089672
0.089202
0.088889
0.088654
0.087793
0.087637
0.087167
0.086619
0.086228
0.085915
0.085523
0.084662
0.084114
0.083880
0.083410
0.083253
0.082862
0.082627
0.082314
0.081845
0.081297
0.080514
0.079966
0.079575
0.079653
0.078557
0.078401
0.078009
0.077618
0.077227
0.076835
0.076131
0.075583
0.075583
0.074879
0.074722
0.074487
0.074018
0.073391
0.073235
0.072687
0.071904
0.071591
0.071122
0.070965
0.070339
0.070417
0.070026
0.069478
0.068930
0.068460
0.067991
0.067521
0.067286
0.066660
0.066504
0.065956
0.065643
0.065173
0.064938
0.064234
0.063608
0.063216
0.063138
0.062277
0.062355
0.061807
0.061416
0.061025
0.060399
0.059851
0.059225
0.058677
0.058598
0.058129
0.057816
0.057268
0.056720
0.056329
0.056172
0.055546
0.054920
0.054607
0.054059
0.054059
0.053511
0.052963
0.052259
0.051632
0.051632
0.051006
0.050537
0.050302
0.049754
0.049441
0.048815
0.048580
0.047875
0.047406
0.047171
0.047093
0.046310
0.046232
0.045527
0.044979
0.044901
0.044275
0.044040
0.043101
0.042944
0.042397
0.042162
0.041770
0.041223
0.040988
0.040205
0.039735
0.039109
0.038405
0.037935
0.037622
0.037152
0.036448
0.036370
0.035900
0.035587
0.035039
0.034726
0.034335
0.033787
0.033630
0.033004
0.032613
0.032221
0.031908
0.031674
0.031126
0.030343
0.029639
0.029326
0.028856
0.028543
0.027760
0.027369
0.027369
0.026821
0.026116
0.025803
0.025177
0.024864
0.024316
0.023925
0.023299
0.023299
0.022907
0.022203
0.021499
0.021420
0.020481
0.020246
0.019698
0.019229
0.018837
0.018603
0.018133
0.017507
0.017037
0.016411
0.016098
0.015472
0.015159
0.015002
0.014376
0.014219
0.013515
0.013280
0.012419
0.011558
0.011323
0.010697
0.010384
0.009836
0.009523
0.009210
0.008819
0.007958
0.007410
0.006549
0.006392
0.005923
0.005766
0.004905
0.004905
0.004436
0.003731
0.003731
0.002714
0.002088
0.001853
0.001383
0.000914
0.000366
-0.000104
-0.000104
-0.000495
-0.001121
-0.001748
-0.002452
-0.002687
-0.003235
-0.003861
-0.004330
-0.004878
-0.004878
-0.005661
-0.006287
-0.007070
-0.007540
-0.007931
-0.008322
-0.008635
-0.009105
-0.009731
-0.010279
-0.010592
-0.011375
-0.011610
-0.012236
-0.012549
-0.012940
-0.013566
-0.014036
-0.014584
-0.014897
-0.015523
-0.016228
-0.016932
-0.017088
-0.017636
-0.018263
-0.018497
-0.019045
-0.019358
-0.019828
-0.020219
-0.021237
-0.021941
-0.022724
-0.022880
-0.023428
-0.023976
-0.024211
-0.024837
-0.024994
-0.025620
-0.026090
-0.026950
-0.027655
-0.028125
-0.028438
-0.029064
-0.029533
-0.029925
-0.030707
-0.031020
-0.031803
-0.032351
-0.032899
-0.033603
-0.034308
-0.034386
-0.034777
-0.035482
-0.036030
-0.036578
-0.036969
-0.037752
-0.038221
-0.038691
-0.039239
-0.039787
-0.040569
-0.041117
-0.041900
-0.042135
-0.042839
-0.043387
-0.044092
-0.044639
-0.045187
-0.045579
-0.046283
-0.046518
-0.046909
-0.047692
-0.048318
-0.049179
-0.049649
-0.050353
-0.050744
-0.051292
-0.051919
-0.052545
-0.053093
-0.053719
-0.054345
-0.055362
-0.056067
-0.056458
-0.056771
-0.057476
-0.057476
-0.058337
-0.058493
-0.059589
-0.059980
-0.060685
-0.061624
-0.062172
-0.062485
-0.062955
-0.063189
-0.063737
-0.064520
-0.065146
-0.065772
-0.066868
-0.067259
-0.067886
-0.068120
-0.068903
-0.069608
-0.070077
-0.070782
-0.071173
-0.072190
-0.073208
-0.073521
-0.074069
-0.074225
-0.074617
-0.075008
-0.075634
-0.076495
-0.077200
-0.077904
-0.079000
-0.079469
-0.080096
-0.080565
-0.081270
-0.081818
-0.082522
-0.082913
-0.083383
-0.084400
-0.085261
-0.085653
-0.086514
-0.086827
-0.087140
-0.087375
-0.088236
-0.088862
-0.089331
-0.089879
-0.090897
-0.091601
-0.092384
-0.092541
-0.093010
-0.093871
-0.094262
-0.095123
-0.095593
-0.096219
-0.096845
-0.097863
-0.098254
-0.098959
-0.099272
-0.099898
-0.100602
-0.101385
-0.102011
-0.102481
-0.103342
-0.104046
-0.104672
-0.104907
-0.105690
-0.106316
-0.106786
-0.107568
-0.108195
-0.108977
-0.109682
-0.110621
-0.111404
-0.111951
-0.112343
-0.112734
-0.113126
-0.113595
-0.114847
-0.115082
-0.115787
-0.116804
-0.117665
-0.117900
-0.118526
-0.118996
-0.119778
-0.120639
-0.121657
-0.122205
-0.122831
-0.123535
-0.124240
-0.124866
-0.125257
-0.125962
-0.126275
-0.127292
-0.128153
-0.128936
-0.129484
-0.129954
-0.130814
-0.131362
-0.132458
-0.132615
-0.133006
-0.133789
-0.134728
-0.135354
-0.136137
-0.137076
-0.137780
-0.138250
-0.138955
-0.139502
-0.139816
-0.140363
-0.141381
-0.142085
-0.142868
-0.143338
-0.144042
-0.145060
-0.145373
-0.146077
-0.146468
-0.147251
-0.148347
-0.148817
-0.149521
-0.150225
-0.151008
-0.151634
-0.152104
-0.152730
-0.153043
-0.154061
-0.154843
-0.155391
-0.156252
-0.156957
-0.157504
-0.158287
-0.158992
-0.159774
-0.160479
-0.161105
-0.161653
-0.162827
-0.163531
-0.163923
-0.164784
-0.165488
-0.166114
-0.166662
-0.167288
-0.167523
-0.168697
-0.169480
-0.169715
-0.170576
-0.171437
-0.171984
-0.172532
-0.173393
-0.173706
-0.174489
-0.175115
-0.175976
-0.176681
-0.177150
-0.177776
-0.178559
-0.179029
-0.179733
-0.180359
-0.180985
-0.181612
-0.182786
-0.183725
-0.184429
-0.185134
-0.185212
-0.185995
-0.186856
-0.187325
-0.188030
-0.188969
-0.189282
-0.190378
-0.191395
-0.191787
-0.192335
-0.193039
-0.193822
-0.194291
-0.194996
-0.195152
-0.196170
-0.197031
-0.198048
-0.198596
-0.198909
-0.199379
-0.200709
-0.201414
-0.201962
-0.202510
-0.203214
-0.203997
-0.205093
-0.205640
-0.205953
-0.206893
-0.207597
-0.208067
-0.208615
-0.209476
-0.209554
-0.210337
-0.210963
-0.212137
-0.212685
-0.213076
-0.214094
-0.214641
-0.215111
-0.215737
-0.216442
-0.217146
-0.218085
-0.219025
-0.219416
-0.220199
-0.220746
-0.221686
-0.222312
-0.222938
-0.223642
-0.223799
-0.224895
-0.225991
-0.226460
-0.226852
-0.227791
-0.228026
-0.228965
-0.229434
-0.229826
-0.230608
-0.231000
-0.232017
-0.233113
-0.233583
-0.233583
-0.234600
-0.235305
-0.235696
-0.236166
-0.236870
-0.237340
-0.238122
-0.239218
-0.239844
-0.240705
-0.240862
-0.241331
-0.242349
-0.242662
-0.243132
-0.243601
-0.244619
-0.245401
-0.246106
-0.246654
-0.247358
-0.247828
-0.248454
-0.248845
-0.249393
-0.249863
-0.250489
-0.251507
-0.252211
-0.252994
-0.253228
-0.253855
-0.254011
-0.254872
-0.255107
-0.256046
-0.255968
-0.256907
-0.257846
-0.258629
-0.258942
-0.259333
-0.259725
-0.260273
-0.260821
-0.261212
-0.261682
-0.262464
-0.262856
-0.263795
-0.264499
-0.264891
-0.265204
-0.265752
-0.266221
-0.266769
-0.267239
-0.267552
-0.268021
-0.268804
-0.269195
-0.270213
-0.270526
-0.270761
-0.271074
-0.271622
-0.272091
-0.272796
-0.272796
-0.273657
-0.274440
-0.275066
-0.275301
-0.275848
-0.276005
-0.276318
-0.276709
-0.277257
-0.277727
-0.278118
-0.278744
-0.279371
-0.279605
-0.280388
-0.280936
-0.281406
-0.281797
-0.282345
-0.282658
-0.282971
-0.283519
-0.284223
-0.284771
-0.285084
-0.285710
-0.285867
-0.286102
-0.286571
-0.286963
-0.287276
-0.287667
-0.287980
-0.288685
-0.289233
-0.289546
-0.289937
-0.290015
-0.290407
-0.290563
-0.290954
-0.291424
-0.292129
-0.292598
-0.292911
-0.293146
-0.293303
-0.293537
-0.293929
-0.294398
-0.294711
-0.294946
-0.295181
-0.295338
-0.295807
-0.296199
-0.296668
-0.296903
-0.296981
-0.297529
-0.297842
-0.297842
-0.298312
-0.298234
-0.298938
-0.299251
-0.299956
-0.300034
-0.300190
-0.300582
-0.300816
-0.301051
-0.301130
-0.301443
-0.301912
-0.301991
-0.302538
-0.302538
-0.302851
-0.303321
-0.303165
-0.303634
-0.303791
-0.303712
-0.304182
-0.304417
-0.304652
-0.304808
-0.304965
-0.305356
-0.305356
-0.305434
-0.305904
-0.305747
-0.305826
-0.306452
-0.306452
-0.306608
-0.306922
-0.307156
-0.307235
-0.307078
-0.307235
-0.307548
-0.307704
-0.307704
-0.307861
-0.307704
-0.308096
-0.308487
-0.308643
-0.308878
-0.308957
-0.308565
-0.308722
-0.308878
-0.308957
-0.308643
-0.309270
-0.309348
-0.309504
-0.309818
-0.309818
-0.309661
-0.309739
-0.310209
-0.309974
-0.309661
-0.309818
-0.310131
-0.310131
-0.310131
-0.310678
-0.310600
-0.310600
-0.310678
-0.310678
-0.310757
-0.310913
-0.310992
-0.310992
-0.311226
-0.311305
-0.311305
-0.311148
-0.311148
-0.311070
-0.311226
-0.310992
-0.311305
-0.311383
-0.311383
-0.311461
-0.311539
-0.311461
-0.311853
-0.311305
-0.310992
-0.311461
-0.311539
-0.311461
-0.311226
-0.311383
-0.311305
-0.311461
-0.311383
-0.311226
-0.311461
-0.311148
-0.311226
-0.311070
-0.310913
-0.311226
-0.310913
-0.310913
-0.311305
-0.310913
-0.311070
-0.311148
-0.310992
-0.310835
-0.310835
-0.310678
-0.310678
-0.310678
-0.310600
-0.310444
-0.310678
-0.310992
-0.310678
-0.310600
-0.310365
-0.310209
-0.310052
-0.310052
-0.310287
-0.310131
-0.310131
-0.310131
-0.309974
-0.310131
-0.309739
-0.309661
-0.309739
-0.309583
-0.309504
-0.309504
-0.309504
-0.309504
-0.309583
-0.309426
-0.309426
-0.309270
-0.309191
-0.309270
-0.309113
-0.308957
-0.309191
-0.309035
-0.308565
-0.308800
-0.309035
-0.309035
-0.308722
-0.308643
-0.308565
-0.308487
-0.308330
-0.308017
-0.308252
-0.308096
-0.308252
-0.308174
-0.308330
-0.307704
-0.307782
-0.307548
-0.307548
-0.307548
-0.307469
-0.307391
-0.307391
-0.307469
-0.307156
-0.307704
-0.307626
-0.306922
-0.306922
-0.307000
-0.306765
-0.306530
-0.306374
-0.306374
-0.306452
-0.306687
-0.306843
-0.306374
-0.306217
-0.306139
-0.306139
-0.306295
-0.306061
-0.306295
-0.305826
-0.305982
-0.305904
-0.305982
-0.305513
-0.305278
-0.305513
-0.305278
-0.305434
-0.305200
-0.305121
-0.304965
-0.305043
-0.305434
-0.305278
-0.305200
-0.304652
-0.304652
-0.304808
-0.304495
-0.304730
-0.304495
-0.304730
-0.304417
-0.304730
-0.304573
-0.304417
-0.304182
-0.304260
-0.303791
-0.304260
-0.304339
-0.304026
-0.304026
-0.303947
-0.303947
-0.304104
-0.303634
-0.303556
-0.303791
-0.303321
-0.303634
-0.303712
-0.303478
-0.303321
-0.303243
-0.303165
-0.303321
-0.303243
-0.303008
-0.303086
-0.303321
-0.303008
-0.303008
-0.303165
-0.302695
-0.302538
-0.302851
-0.302930
-0.302695
-0.302304
-0.302538
-0.302851
-0.302695
-0.302460
-0.302460
-0.302460
-0.302147
-0.302382
-0.302617
-0.302304
-0.302304
-0.302304
-0.302304
-0.302147
-0.301756
-0.301834
-0.301991
-0.302069
-0.301912
-0.301991
-0.301834
-0.301599
-0.301677
-0.301756
-0.301756
-0.301834
-0.301677
-0.301834
-0.301599
-0.301521
-0.301443
-0.301521
-0.301599
-0.301286
-0.301599
-0.301599
-0.301756
-0.301208
-0.301599
-0.301286
-0.301208
-0.301521
-0.301364
-0.301443
-0.301677
-0.301364
-0.301756
-0.301599
-0.301599
-0.301286
-0.301286
-0.300973
-0.301364
-0.301286
-0.301286
-0.301443
-0.301521
-0.301677
-0.301677
-0.301521
-0.301599
-0.301521
-0.301756
-0.301677
-0.301834
-0.301677
-0.301834
-0.301756
-0.301677
-0.301912
-0.302147
-0.301991
-0.301599
-0.301834
-0.301521
-0.301677
-0.301756
-0.301834
-0.301834
-0.302225
-0.301912
-0.301834
-0.301991
-0.301834
-0.301834
-0.301834
-0.301912
-0.301912
-0.301834
-0.301991
-0.302304
-0.302460
-0.302304
-0.301991
-0.302069
-0.302147
-0.302617
-0.302382
-0.302382
-0.302460
-0.302382
-0.302382
-0.302617
-0.302773
-0.302695
-0.302695
-0.302773
-0.302617
-0.302695
-0.302695
-0.302851
-0.303243
-0.303086
-0.303712
-0.303556
-0.303399
-0.303634
-0.303165
-0.303086
-0.303399
-0.303556
-0.303321
-0.303556
-0.303869
-0.304104
-0.303947
-0.304182
-0.303869
-0.303712
-0.303791
-0.304026
-0.304182
-0.304182
-0.304104
-0.304339
-0.304339
-0.304808
-0.304652
-0.304573
-0.304652
-0.304965
-0.305121
-0.304808
-0.304887
-0.305278
-0.305278
-0.305513
-0.305669
-0.305669
-0.305434
-0.305434
-0.305747
-0.305591
-0.305904
-0.305669
-0.305982
-0.306217
-0.306295
-0.306530
-0.306295
-0.306452
-0.306530
-0.306217
-0.306530
-0.306765
-0.306608
-0.306608
-0.306765
-0.307156
-0.307313
-0.307626
-0.307469
-0.307391
-0.307469
-0.307548
-0.307548
-0.307626
-0.308017
-0.307861
-0.308017
-0.308174
-0.308487
-0.308330
-0.308487
-0.308174
-0.308565
-0.308643
-0.308643
-0.308800
-0.308957
-0.309191
-0.308957
-0.309113
-0.309583
-0.309661
-0.309426
-0.309426
-0.309504
-0.309896
-0.309818
-0.310209
-0.309896
-0.310365
-0.310600
-0.310522
-0.310913
-0.311070
-0.310992
-0.311148
-0.311305
-0.311148
-0.311226
-0.311539
-0.311539
-0.311853
-0.311696
-0.312166
-0.312322
-0.312322
-0.312479
-0.312479
-0.312479
-0.312635
-0.312713
-0.313261
-0.313261
-0.313418
-0.313653
-0.313574
-0.313731
-0.313888
-0.314201
-0.314279
-0.314279
-0.314357
-0.314435
-0.314435
-0.314670
-0.314983
-0.314905
-0.315062
-0.315531
-0.315218
-0.315375
-0.315375
-0.315844
-0.315766
-0.315844
-0.316079
-0.316549
-0.316705
-0.316627
-0.316940
-0.316940
-0.317175
-0.317018
-0.317331
-0.317488
-0.317410
-0.317879
-0.318271
-0.318505
-0.318662
-0.318349
-0.318427
-0.318819
-0.319132
-0.319210
-0.319445
-0.319914
-0.319836
-0.320149
-0.320071
-0.320540
-0.320697
-0.320462
-0.320932
-0.320932
-0.321167
-0.321480
-0.321793
-0.321715
-0.321793
-0.322028
-0.322575
-0.322419
-0.322497
-0.322810
-0.322889
-0.323436
-0.323358
-0.323593
-0.323906
-0.323906
-0.324297
-0.324376
-0.324454
-0.324610
-0.325080
-0.325080
-0.325471
-0.325628
-0.325628
-0.325706
-0.326019
-0.326254
-0.326489
-0.326802
-0.326959
-0.327115
-0.327193
-0.327506
-0.327428
-0.327663
-0.327898
-0.328054
-0.328211
-0.328524
-0.328759
-0.328915
-0.328915
-0.329228
-0.329307
-0.329541
-0.329698
-0.329933
-0.330011
-0.330168
-0.330324
-0.330402
-0.330402
-0.331185
-0.331029
-0.331107
-0.331420
-0.331890
-0.331733
-0.332046
-0.332281
-0.332437
-0.332907
-0.332751
-0.332985
-0.333377
-0.333455
-0.333768
-0.334003
-0.334081
-0.334081
-0.334551
-0.334629
-0.335099
-0.334942
-0.335099
-0.335490
-0.335490
-0.335725
-0.335960
-0.336194
-0.336194
-0.336351
-0.336586
-0.336899
-0.337447
-0.337290
-0.337603
-0.337682
-0.337916
-0.338073
-0.338229
-0.338699
-0.338934
-0.339169
-0.338777
-0.339638
-0.339638
-0.339795
-0.340421
-0.340186
-0.340499
-0.340812
-0.341125
-0.341438
-0.341360
-0.341830
-0.341986
-0.342299
-0.342613
-0.342378
-0.342613
-0.342847
-0.343004
-0.343239
-0.343474
-0.343708
-0.343865
-0.343943
-0.344256
-0.344491
-0.344648
-0.344882
-0.344961
-0.345274
-0.345587
-0.345743
-0.345978
-0.346056
-0.346135
-0.346213
-0.346839
-0.346917
-0.346996
-0.347465
-0.347778
-0.347622
-0.347935
-0.348326
-0.348639
-0.348718
-0.348874
-0.349265
-0.349187
-0.349344
-0.349657
-0.349735
-0.349970
-0.350596
-0.350674
-0.350987
-0.351144
-0.351692
-0.351692
-0.351692
-0.352240
-0.352396
-0.352475
-0.352944
-0.352944
-0.353179
-0.353414
-0.353570
-0.353727
-0.353805
-0.354118
-0.354275
-0.354353
-0.354275
-0.355136
-0.354979
-0.355527
-0.355527
-0.355840
-0.356153
-0.356231
-0.356388
-0.356545
-0.356545
-0.357092
-0.357327
-0.357484
-0.357719
-0.357875
-0.358267
-0.358267
-0.358736
-0.358814
-0.359049
-0.359284
-0.359675
-0.359910
-0.360223
-0.360615
-0.360849
-0.361476
-0.361710
-0.362023
-0.362102
-0.361867
-0.362415
-0.362493
-0.362650
-0.363276
-0.363432
-0.363667
-0.363824
-0.364137
-0.364058
-0.364528
-0.364841
-0.364841
-0.364998
-0.365076
-0.365624
-0.366172
-0.366015
-0.366250
-0.366641
-0.366954
-0.367346
-0.367346
-0.367894
-0.367581
-0.368050
-0.368207
-0.368285
-0.368520
-0.369068
-0.369381
-0.369459
-0.369694
-0.369929
-0.370164
-0.370398
-0.370477
-0.370477
-0.370868
-0.371103
-0.371338
-0.371494
-0.371885
-0.372042
-0.372355
-0.372512
-0.372981
-0.373138
-0.373216
-0.373607
-0.373607
-0.373999
-0.373686
-0.374625
-0.374781
-0.375016
-0.375251
-0.375408
-0.375955
-0.376112
-0.376269
-0.376034
-0.376425
-0.376738
-0.376816
-0.377051
-0.377364
-0.377521
-0.378069
-0.378147
-0.378304
-0.378773
-0.379008
-0.379399
-0.379399
-0.379556
-0.379712
-0.380104
-0.380652
-0.380808
-0.380886
-0.381434
-0.381669
-0.382061
-0.381904
-0.382452
-0.382687
-0.382843
-0.383156
-0.383626
-0.383782
-0.383939
-0.384330
-0.384643
-0.384878
-0.385035
-0.385426
-0.385504
-0.385896
-0.386209
-0.386365
-0.386365
-0.386913
-0.386913
-0.387461
-0.387696
-0.387931
-0.388087
-0.388322
-0.388557
-0.388948
-0.388792
-0.389340
-0.389731
-0.390201
-0.390357
-0.390357
-0.390592
-0.390748
-0.391218
-0.391531
-0.391609
-0.391844
-0.392314
-0.392705
-0.392862
-0.392940
-0.393331
-0.393175
-0.393644
-0.393801
-0.394192
-0.394427
-0.394662
-0.394897
-0.394897
-0.395445
-0.395523
-0.396149
-0.396306
-0.396462
-0.396697
-0.396932
-0.396932
-0.397245
-0.397793
-0.397793
-0.398028
-0.398341
-0.398654
-0.398810
-0.399515
-0.399515
-0.399828
-0.399984
-0.400532
-0.400924
-0.400767
-0.401471
-0.401941
-0.401785
-0.402489
-0.402959
-0.402959
-0.403350
-0.403585
-0.403585
-0.403976
-0.404446
-0.404524
-0.404602
-0.405072
-0.405150
-0.405307
-0.405620
-0.405698
-0.406168
-0.406402
-0.406794
-0.407263
-0.407185
-0.407576
-0.407655
-0.408281
-0.408203
-0.408437
-0.408751
-0.409220
-0.409298
-0.409455
-0.409846
-0.410081
-0.410316
-0.410472
-0.410786
-0.411099
-0.411568
-0.411725
-0.411881
-0.412429
-0.412507
-0.412664
-0.413134
-0.413290
-0.413682
-0.413525
-0.413682
-0.414308
-0.414542
-0.414542
-0.415325
-0.415247
-0.415795
-0.416030
-0.416343
-0.416421
-0.416577
-0.416969
-0.417438
-0.417438
-0.417908
-0.417986
-0.418378
-0.418534
-0.418769
-0.418926
-0.419395
-0.419395
-0.419865
-0.420100
-0.420178
-0.420804
-0.421039
-0.421195
-0.421508
-0.421665
-0.422056
-0.422448
-0.422604
-0.423152
-0.423309
-0.423857
-0.424013
-0.424326
-0.424170
-0.424483
-0.424874
-0.425344
-0.425187
-0.425813
-0.425813
-0.426126
-0.426439
-0.426909
-0.427066
-0.427535
-0.427848
-0.427692
-0.428161
-0.428396
-0.428866
-0.428944
-0.429022
-0.429570
-0.429727
-0.429805
-0.430118
-0.430744
-0.430744
-0.430979
-0.431292
-0.431762
-0.431605
-0.432310
-0.432545
-0.432858
-0.433014
-0.433484
-0.433953
-0.433953
-0.434188
-0.434501
-0.434736
-0.434971
-0.435284
-0.435284
-0.435910
-0.436301
-0.436380
-0.436771
-0.437006
-0.437084
-0.437476
-0.437632
-0.438023
-0.438023
-0.438415
-0.438493
-0.439119
-0.439354
-0.439589
-0.440137
-0.440450
-0.440450
-0.440919
-0.441389
-0.441780
-0.441624
-0.442172
-0.442172
-0.442485
-0.443033
-0.443346
-0.443346
-0.443894
-0.444207
-0.444598
-0.444676
-0.445146
-0.445224
-0.445616
-0.445929
-0.446163
-0.446398
-0.446633
-0.446790
-0.447103
-0.447651
-0.447885
-0.447964
-0.448433
-0.448512
-0.448668
-0.449059
-0.449294
-0.449529
-0.449920
-0.450234
-0.450703
-0.450625
-0.450860
-0.451016
-0.451173
-0.451564
-0.451721
-0.452034
-0.452503
-0.452738
-0.452660
-0.453208
-0.453599
-0.453912
-0.454069
-0.454695
-0.454617
-0.455086
-0.455321
-0.455634
-0.455947
-0.456025
-0.456339
-0.456965
-0.457356
-0.457434
-0.457669
-0.457826
-0.458139
-0.458139
-0.458687
-0.458687
-0.458921
-0.458921
-0.459469
-0.460017
-0.460330
-0.460643
-0.460565
-0.460956
-0.461348
-0.461739
-0.461896
-0.462052
-0.462209
-0.462678
-0.462913
-0.463383
-0.463618
-0.463852
-0.464244
-0.464479
-0.464635
-0.464948
-0.465340
-0.465653
-0.465966
-0.466201
-0.466201
-0.466201
-0.466827
-0.467062
-0.467688
-0.467688
-0.467844
-0.468392
-0.468392
-0.468705
-0.468627
-0.469018
-0.469488
-0.469723
-0.470114
-0.470505
-0.470975
-0.471053
-0.471366
-0.471758
-0.471993
-0.472462
-0.472462
-0.472697
-0.473010
-0.473636
-0.473480
-0.474184
-0.474419
-0.474497
-0.474732
-0.474967
-0.475045
-0.475436
-0.475828
-0.476219
-0.476454
-0.476924
-0.477080
-0.477393
-0.477628
-0.477863
-0.478254
-0.478567
-0.478959
-0.479193
-0.479428
-0.479506
-0.479976
-0.480289
-0.480446
-0.481072
-0.481463
-0.481698
-0.482168
-0.482481
-0.482481
-0.482872
-0.483029
-0.483576
-0.483576
-0.484124
-0.484281
-0.484594
-0.484985
-0.485298
-0.485690
-0.485925
-0.486394
-0.486472
-0.486864
-0.486472
-0.487099
-0.487725
-0.487881
-0.488038
-0.488351
-0.488586
-0.488821
-0.489134
-0.489447
-0.489916
-0.489838
-0.490308
-0.490464
-0.490542
-0.490699
-0.491247
-0.491795
-0.492108
-0.492499
-0.492577
-0.493282
-0.493204
-0.493673
-0.493830
-0.494065
-0.494221
-0.494456
-0.494691
-0.495160
-0.495317
-0.495787
-0.495943
-0.496569
-0.496726
-0.496804
-0.497274
-0.497039
-0.497587
-0.498056
-0.498213
-0.498761
-0.498917
-0.499387
-0.499700
-0.500013
-0.500326
-0.500483
-0.500718
-0.500874
-0.501344
-0.501344
-0.501735
-0.502048
-0.502439
-0.502909
-0.503144
-0.503379
-0.503457
-0.504005
-0.504553
-0.504631
-0.504866
-0.505101
-0.505414
-0.505805
-0.506275
-0.505962
-0.506353
-0.506979
-0.507214
-0.507292
-0.507840
-0.507997
-0.508466
-0.508388
-0.508779
-0.509171
-0.509405
-0.509719
-0.509953
-0.510345
-0.510658
-0.511127
-0.511206
-0.511597
-0.511910
-0.512145
-0.512223
-0.512615
-0.513084
-0.513241
-0.513476
-0.514102
-0.514336
-0.514650
-0.514884
-0.515276
-0.515432
-0.515745
-0.516058
-0.516058
-0.516371
-0.516528
-0.516841
-0.517311
-0.517467
-0.517859
-0.518172
-0.518485
-0.518641
-0.518876
-0.519346
-0.519502
-0.519972
-0.520207
-0.520442
-0.520755
-0.521381
-0.521772
-0.522007
-0.522085
-0.522477
-0.522555
-0.523103
-0.523494
-0.523651
-0.523651
-0.524277
-0.524590
-0.524825
-0.524981
-0.525451
-0.525607
-0.525920
-0.526077
-0.526077
-0.527094
-0.526781
-0.527329
-0.527799
-0.527721
-0.528112
-0.528347
-0.528660
-0.528895
-0.529129
-0.529521
-0.529912
-0.530304
-0.530225
-0.530930
-0.531478
-0.531634
-0.531869
-0.532339
-0.532417
-0.532652
-0.532886
-0.533278
-0.533591
-0.533826
-0.534295
-0.534452
-0.534687
-0.534687
-0.535156
-0.535313
-0.535704
-0.536017
-0.536330
-0.536643
-0.536956
-0.537191
-0.537504
-0.537661
-0.538052
-0.538287
-0.538444
-0.538365
-0.538913
-0.539305
-0.539539
-0.539696
-0.540166
-0.540244
-0.540713
-0.541105
-0.541418
-0.541731
-0.542201
-0.542435
-0.542827
-0.542983
-0.543218
-0.543531
-0.543844
-0.544392
-0.544627
-0.544627
-0.544940
-0.545488
-0.545331
-0.545644
-0.546036
-0.546662
-0.546584
-0.547366
-0.547523
-0.547445
-0.547914
-0.548071
-0.548540
-0.548462
-0.549323
-0.549323
-0.549401
-0.549871
-0.550027
-0.550106
-0.550575
-0.550810
-0.551280
-0.551280
-0.551593
-0.551984
-0.552297
-0.552689
-0.553002
-0.553158
-0.553393
-0.553863
-0.553941
-0.554724
-0.554645
-0.554880
-0.555428
-0.555428
-0.555663
-0.556133
-0.556054
-0.556446
-0.556759
-0.556837
-0.557620
-0.557463
-0.557854
-0.558481
-0.558559
-0.559029
-0.559107
-0.559498
-0.559733
-0.560437
-0.560437
-0.560672
-0.560829
-0.561220
-0.561455
-0.561846
-0.562159
-0.562316
-0.562864
-0.562942
-0.563333
-0.563568
-0.563881
-0.564429
-0.564586
-0.564899
-0.564977
-0.565212
-0.565760
-0.565995
-0.566151
-0.566464
-0.566856
-0.567012
-0.567716
-0.567716
-0.568030
-0.568343
-0.568186
-0.568577
-0.569047
-0.569125
-0.569673
-0.569908
-0.570378
-0.570769
-0.571082
-0.571239
-0.571395
-0.571630
-0.572021
-0.572178
-0.572334
-0.572726
-0.572882
-0.573039
-0.573274
-0.573822
-0.573978
-0.574448
-0.574761
-0.574996
-0.574996
-0.575700
-0.575857
-0.576013
-0.576326
-0.576796
-0.576952
-0.577422
-0.577657
-0.577892
-0.578283
-0.578518
-0.578909
-0.578987
-0.579222
-0.579613
-0.579927
-0.580083
-0.580474
-0.580866
-0.581101
-0.581335
-0.581805
-0.582118
-0.582275
-0.582588
-0.583057
-0.583449
-0.583605
-0.583840
-0.584388
-0.584310
-0.585092
-0.585171
-0.585484
-0.585640
-0.586032
-0.586345
-0.586736
-0.587049
-0.587049
-0.587362
-0.587597
-0.587910
-0.588380
-0.588458
-0.588849
-0.589162
-0.589397
-0.590180
-0.590336
-0.590493
-0.590806
-0.590963
-0.591589
-0.591510
-0.591824
-0.592215
-0.592371
-0.592919
-0.593546
-0.593467
-0.593624
-0.594250
-0.594328
-0.594720
-0.595033
-0.595189
-0.595659
-0.596050
-0.596441
-0.596520
-0.596989
-0.597537
-0.597302
-0.597772
-0.598242
-0.598163
-0.598242
-0.598946
-0.599024
-0.599337
-0.599885
-0.600355
-0.600433
-0.600981
-0.601372
-0.601529
-0.601920
-0.602155
-0.602625
-0.602703
-0.603251
-0.603486
-0.603721
-0.603955
-0.604425
-0.604816
-0.604973
-0.605129
-0.605599
-0.606225
-0.606382
-0.606382
-0.606695
-0.606851
-0.607164
-0.607712
-0.608182
-0.608338
-0.608652
-0.609043
-0.609121
-0.609513
-0.609982
-0.610060
-0.610530
-0.610608
-0.610843
-0.610921
-0.611469
-0.611704
-0.612174
-0.612252
-0.612956
-0.613035
-0.613035
-0.613583
-0.613504
-0.613896
-0.614287
-0.614678
-0.614757
-0.615305
-0.615305
-0.615852
-0.616087
-0.616400
-0.616870
-0.617183
-0.617653
-0.617731
-0.617887
-0.617966
-0.618435
-0.619061
-0.619218
-0.619453
-0.619844
-0.620236
-0.620314
-0.620862
-0.620940
-0.620862
-0.621331
-0.621723
-0.621957
-0.622584
-0.622897
-0.622975
-0.622975
-0.623523
-0.623758
-0.623836
-0.624149
-0.624775
-0.625166
-0.625166
-0.625480
-0.626027
-0.626262
-0.626497
-0.626732
-0.626967
-0.627123
-0.627123
-0.627749
-0.627984
-0.628376
-0.628610
-0.629158
-0.629080
-0.629550
-0.629863
-0.630097
-0.630724
-0.630724
-0.631037
-0.631741
-0.631976
-0.632289
-0.632524
-0.632680
-0.633150
-0.633620
-0.633698
-0.634011
-0.633933
-0.634715
-0.634559
-0.635185
-0.635498
-0.635576
-0.636124
-0.636281
-0.636672
-0.636672
-0.636750
-0.637533
-0.637846
-0.637690
-0.638081
-0.638238
-0.638551
-0.638629
-0.639020
-0.639333
-0.639959
-0.640116
-0.640586
-0.640820
-0.640820
-0.641212
-0.641447
-0.641838
-0.642386
-0.642621
-0.642308
-0.643012
-0.643638
-0.643638
-0.644186
-0.644108
-0.644812
-0.644577
-0.644969
-0.645282
-0.645517
-0.645830
-0.646143
-0.646378
-0.646456
-0.646926
-0.647239
-0.647473
-0.648021
-0.648256
-0.648569
