-0.537113
-0.537504
-0.537661
-0.538130
-0.538365
-0.538678
-0.539070
-0.538913
-0.539226
-0.539774
-0.539931
-0.540166
-0.540400
-0.540713
-0.541026
-0.541418
-0.541574
-0.541887
-0.542122
-0.542514
-0.542905
-0.543218
-0.543453
-0.543766
-0.544079
-0.544392
-0.544236
-0.544783
-0.544940
-0.545410
-0.545723
-0.545879
-0.546427
-0.546897
-0.546897
-0.547053
-0.547210
-0.547679
-0.548071
-0.548227
-0.548384
-0.548540
-0.549401
-0.549558
-0.549793
-0.549714
-0.550262
-0.550341
-0.550810
-0.550967
-0.551515
-0.551671
-0.551828
-0.551984
-0.552689
-0.553080
-0.553158
-0.553393
-0.553628
-0.553784
-0.554332
-0.554411
-0.554880
-0.554958
-0.555428
-0.555663
-0.555898
-0.556446
-0.556759
-0.556680
-0.557228
-0.557541
-0.557776
-0.558168
-0.558481
-0.558872
-0.559029
-0.559263
-0.559420
-0.559733
-0.560281
-0.560750
-0.560829
-0.561220
-0.561925
-0.562238
-0.562081
-0.562551
-0.562864
-0.563333
-0.563568
-0.563803
-0.563803
-0.564038
-0.564351
-0.564586
-0.564977
-0.565525
-0.565603
-0.565995
-0.566073
-0.566621
-0.566856
-0.566777
-0.567012
-0.567560
-0.567795
-0.568030
-0.568421
-0.568656
-0.568969
-0.569047
-0.569204
-0.569751
-0.570143
-0.570456
-0.570926
-0.571082
-0.571239
-0.571395
-0.572021
-0.572256
-0.572569
-0.572726
-0.573352
-0.573587
-0.573822
-0.574056
-0.574213
-0.574526
-0.574761
-0.575152
-0.575465
-0.575700
-0.576248
-0.576248
-0.576483
-0.576561
-0.577265
-0.577578
-0.577813
-0.577970
-0.578205
-0.578674
-0.579066
-0.579222
-0.579457
-0.579692
-0.580161
-0.580709
-0.580944
-0.581179
-0.581414
-0.581727
-0.582118
-0.582196
-0.582431
-0.582823
-0.582979
-0.583684
-0.583840
-0.584388
-0.584466
-0.584858
-0.585171
-0.585171
-0.585484
-0.586110
-0.586423
-0.586579
-0.586736
-0.587049
-0.587832
-0.587910
-0.588223
-0.588067
-0.588693
-0.589241
-0.589241
-0.589475
-0.589945
-0.589945
-0.590102
-0.590806
-0.591041
-0.591354
-0.592137
-0.592058
-0.592371
-0.592371
-0.593076
-0.593154
-0.593546
-0.593702
-0.594485
-0.594406
-0.594563
-0.594720
-0.595346
-0.595346
-0.596050
-0.595894
-0.596050
-0.596520
-0.596755
-0.597068
-0.597381
-0.597772
-0.598007
-0.598242
-0.598555
-0.598868
-0.599337
-0.599494
-0.600120
-0.600120
-0.600355
-0.600746
-0.601138
-0.601372
-0.601372
-0.601920
-0.602390
-0.602860
-0.603016
-0.603564
-0.604034
-0.604112
-0.604503
-0.604738
-0.605286
-0.605521
-0.605834
-0.605990
-0.606773
-0.606851
-0.607164
-0.607478
-0.607556
-0.608104
-0.608417
-0.608730
-0.608808
-0.609121
-0.609278
-0.609826
-0.610060
-0.610295
-0.610608
-0.611156
-0.611234
-0.611782
-0.611939
-0.612252
-0.612409
-0.612878
-0.613113
-0.613426
-0.613583
-0.613739
-0.613896
-0.614522
-0.614757
-0.615305
-0.615305
-0.615931
-0.616165
-0.616165
-0.616479
-0.616948
-0.617183
-0.617418
-0.617731
-0.617966
-0.617966
-0.618357
-0.618748
-0.618905
-0.619296
-0.619609
-0.620314
-0.620314
-0.620470
-0.620705
-0.621018
-0.621331
-0.621957
-0.622271
-0.622584
-0.622818
-0.623131
-0.623288
-0.623445
-0.623992
-0.624462
-0.624462
-0.624697
-0.625010
-0.625010
-0.625558
-0.625714
-0.626027
-0.626106
-0.626654
-0.627202
-0.627358
-0.627515
-0.627749
-0.628454
-0.628767
-0.628923
-0.629002
-0.629158
-0.629550
-0.629863
-0.630332
-0.630489
-0.630567
-0.631037
-0.631115
-0.631428
-0.631585
-0.632054
-0.632367
-0.632680
-0.632993
-0.633463
-0.633541
-0.633620
-0.634246
-0.634481
-0.634794
-0.635107
-0.635263
-0.635576
-0.635733
-0.636046
-0.636437
-0.636672
-0.636829
-0.636829
-0.637142
-0.637768
-0.638316
-0.638551
-0.638864
-0.638942
-0.639177
-0.639490
-0.639803
-0.639959
-0.640507
-0.640820
-0.641212
-0.641134
-0.641916
-0.642151
-0.642229
-0.642464
-0.642777
-0.643090
-0.643638
-0.643716
-0.643951
-0.644264
-0.644499
-0.644890
-0.645282
-0.645360
-0.645595
-0.646065
-0.646534
-0.646847
-0.646847
-0.647395
-0.647943
-0.647786
-0.648178
-0.648413
-0.648961
-0.649117
-0.649274
-0.650056
-0.649900
-0.650213
-0.650682
-0.650682
-0.651074
-0.651387
-0.651935
-0.651935
-0.652091
-0.652561
-0.652717
-0.653109
-0.653500
-0.653657
-0.653970
-0.654283
-0.654752
-0.654674
-0.655144
-0.655613
-0.656083
-0.656083
-0.656240
-0.656787
-0.656944
-0.657257
-0.657257
-0.657414
-0.657335
-0.657492
-0.657492
-0.657727
-0.657335
-0.657257
-0.657022
-0.657101
-0.657179
-0.657257
-0.656944
-0.656709
-0.656709
-0.656161
-0.656161
-0.655770
-0.655927
-0.655535
-0.655457
-0.654909
-0.654439
-0.654752
-0.654205
-0.653813
-0.653657
-0.653578
-0.653265
-0.652796
-0.652483
-0.652717
-0.652091
-0.651622
-0.651465
-0.651074
-0.650761
-0.650369
-0.649978
-0.650291
-0.649352
-0.649117
-0.649117
-0.648491
-0.647943
-0.647943
-0.647708
-0.647317
-0.646769
-0.646769
-0.646534
-0.645908
-0.645908
-0.645595
-0.644969
-0.644734
-0.644421
-0.644186
-0.643795
-0.643482
-0.643247
-0.642699
-0.642542
-0.642229
-0.641760
-0.641212
-0.640820
-0.640742
-0.640273
-0.639881
-0.639490
-0.639099
-0.638864
-0.638629
-0.638159
-0.638081
-0.637611
-0.637455
-0.637064
-0.636829
-0.636750
-0.636203
-0.635811
-0.635576
-0.635576
-0.634872
-0.634715
-0.634481
-0.633854
-0.633463
-0.633307
-0.633072
-0.632602
-0.632289
-0.632211
-0.631428
-0.631350
-0.630880
-0.630489
-0.630411
-0.629863
-0.629550
-0.629471
-0.629002
-0.628610
-0.628376
-0.627984
-0.627671
-0.627045
-0.626888
-0.626497
-0.626184
-0.626027
-0.625401
-0.625166
-0.624697
-0.624697
-0.624306
-0.623992
-0.623679
-0.623210
-0.622897
-0.622740
-0.622505
-0.622036
-0.621801
-0.621410
-0.620940
-0.620783
-0.620236
-0.619922
-0.619688
-0.619609
-0.618827
-0.618357
-0.618279
-0.618044
-0.617653
-0.617340
-0.617026
-0.616792
-0.616400
-0.616087
-0.616009
-0.615383
-0.614913
-0.614678
-0.614444
-0.614052
-0.613817
-0.613269
-0.612800
-0.612565
-0.612487
-0.612565
-0.612017
-0.611548
-0.611391
-0.610687
-0.610687
-0.610374
-0.610139
-0.609591
-0.609434
-0.608965
-0.608417
-0.608338
-0.608025
-0.607556
-0.607243
-0.606695
-0.606695
-0.606147
-0.605912
-0.605677
-0.605521
-0.605129
-0.604582
-0.604268
-0.603799
-0.603642
-0.603407
-0.603016
-0.602390
-0.602233
-0.602077
-0.601529
-0.601059
-0.600903
-0.600512
-0.600120
-0.599807
-0.599181
-0.598868
-0.598633
-0.598242
-0.597850
-0.597850
-0.597302
-0.596911
-0.596520
-0.596285
-0.596207
-0.595502
-0.595424
-0.594876
-0.594485
-0.594172
-0.593937
-0.593389
-0.593154
-0.592763
-0.592685
-0.592371
-0.591980
-0.591432
-0.591276
-0.590806
-0.590415
-0.590336
-0.590023
-0.589789
-0.588849
-0.589006
-0.588458
-0.588301
-0.587754
-0.587362
-0.587127
-0.586579
-0.586814
-0.586266
-0.585875
-0.585640
-0.585484
-0.584936
-0.584544
-0.584388
-0.584075
-0.583684
-0.583370
-0.583136
-0.582901
-0.582353
-0.582196
-0.581883
-0.581414
-0.581257
-0.581022
-0.580631
-0.580083
-0.579770
-0.579613
-0.579066
-0.578753
-0.578518
-0.577813
-0.577735
-0.577578
-0.577109
-0.576796
-0.576326
-0.576091
-0.575778
-0.575465
-0.575152
-0.575074
-0.574448
-0.574369
-0.574056
-0.573665
-0.573508
-0.573039
-0.572961
-0.572491
-0.572256
-0.571552
-0.570926
-0.570847
-0.570691
-0.570143
-0.569908
-0.569751
-0.569204
-0.568969
-0.568812
-0.568577
-0.568108
-0.567716
-0.567560
-0.566856
-0.566464
-0.566308
-0.565760
-0.565525
-0.565212
-0.564664
-0.564429
-0.564116
-0.564038
-0.563725
-0.563412
-0.562942
-0.562472
-0.562238
-0.561768
-0.561377
-0.561533
-0.560359
-0.560046
-0.559655
-0.559263
-0.559342
-0.558950
-0.558481
-0.558246
-0.557776
-0.557463
-0.557307
-0.556759
-0.556680
-0.556289
-0.556133
-0.555585
-0.555037
-0.554958
-0.554645
-0.554176
-0.554019
-0.553706
-0.553471
-0.553315
-0.552923
-0.552454
-0.551984
-0.551515
-0.551436
-0.550967
-0.550419
-0.550106
-0.549636
-0.549480
-0.549401
-0.548853
-0.548697
-0.548384
-0.547992
-0.547758
-0.547601
-0.547210
-0.546897
-0.546662
-0.546271
-0.545801
-0.545410
-0.544862
-0.544862
-0.544470
-0.544001
-0.543609
-0.543609
-0.543140
-0.542905
-0.542592
-0.542670
-0.542122
-0.541653
-0.540870
-0.540792
-0.540479
-0.540244
-0.539774
-0.539226
-0.539070
-0.538913
-0.538678
-0.538209
-0.537896
-0.537583
-0.537348
-0.536800
-0.536487
-0.536409
-0.535861
-0.535626
-0.535156
-0.535078
-0.534921
-0.534217
-0.534139
-0.533747
-0.533199
-0.533199
-0.532886
-0.532417
-0.531869
-0.531478
-0.531321
-0.530930
-0.530460
-0.529990
-0.529834
-0.529521
-0.529208
-0.528816
-0.528738
-0.528503
-0.528112
-0.527955
-0.527251
-0.527173
-0.526938
-0.525920
-0.525999
-0.525764
-0.525373
-0.524512
-0.524355
-0.524120
-0.523807
-0.523651
-0.523103
-0.522790
-0.522398
-0.522085
-0.522007
-0.521616
-0.521068
-0.520833
-0.520285
-0.519815
-0.519815
-0.519424
-0.518798
-0.518641
-0.518172
-0.518093
-0.517780
-0.517076
-0.517311
-0.516919
-0.516371
-0.515980
-0.515745
-0.515589
-0.514963
-0.514806
-0.514102
-0.514102
-0.513945
-0.513476
-0.513319
-0.512928
-0.512380
-0.511910
-0.511675
-0.511675
-0.511049
-0.510971
-0.510658
-0.510345
-0.509875
-0.509484
-0.509405
-0.508779
-0.508545
-0.508231
-0.508153
-0.507840
-0.507527
-0.507370
-0.506744
-0.506275
-0.505883
-0.505570
-0.505179
-0.504866
-0.504553
-0.504631
-0.504161
-0.503927
-0.503457
-0.503300
-0.502987
-0.502674
-0.502361
-0.502048
-0.501657
-0.501344
-0.501031
-0.500561
-0.500248
-0.499857
-0.499309
-0.498996
-0.498761
-0.498604
-0.498056
-0.497822
-0.497587
-0.497195
-0.496726
-0.496569
-0.496569
-0.496021
-0.495473
-0.495239
-0.494612
-0.494534
-0.494221
-0.493908
-0.493830
-0.493752
-0.493360
-0.492499
-0.492421
-0.492108
-0.491951
-0.491482
-0.491012
-0.490856
-0.490699
-0.490386
-0.490229
-0.489760
-0.489290
-0.489134
-0.488586
-0.488351
-0.487960
-0.487568
-0.487412
-0.487099
-0.486786
-0.486081
-0.485925
-0.485533
-0.485455
-0.485377
-0.484829
-0.484750
-0.484359
-0.483811
-0.483811
-0.483263
-0.482950
-0.482794
-0.482324
-0.481855
-0.481385
-0.480994
-0.480915
-0.480602
-0.480289
-0.479819
-0.479663
-0.479350
-0.479037
-0.478724
-0.478098
-0.477941
-0.478098
-0.477706
-0.477080
-0.477080
-0.476689
-0.476219
-0.476063
-0.475593
-0.475280
-0.474888
-0.474654
-0.474419
-0.474028
-0.473636
-0.473480
-0.473245
-0.472697
-0.472306
-0.471993
-0.471914
-0.471445
-0.471210
-0.470975
-0.470662
-0.470271
-0.470036
-0.469488
-0.468940
-0.468783
-0.468470
-0.468001
-0.467688
-0.467531
-0.467140
-0.466827
-0.466357
-0.466279
-0.466201
-0.465653
-0.465418
-0.465261
-0.464792
-0.464479
-0.464166
-0.463852
-0.463618
-0.463383
-0.462913
-0.462678
-0.462444
-0.461896
-0.461739
-0.461348
-0.461191
-0.461035
-0.460487
-0.460252
-0.459861
-0.459391
-0.459000
-0.458765
-0.458530
-0.458374
-0.457982
-0.457904
-0.457278
-0.457121
-0.457043
-0.456339
-0.456182
-0.455478
-0.455243
-0.455243
-0.454851
-0.454538
-0.454225
-0.453521
-0.453756
-0.453051
-0.452973
-0.452738
-0.452347
-0.452034
-0.451486
-0.451486
-0.450860
-0.450625
-0.450312
-0.449920
-0.449999
-0.449451
-0.449138
-0.448903
-0.448433
-0.447807
-0.447885
-0.447651
-0.447259
-0.447181
-0.446633
-0.446320
-0.446163
-0.446007
-0.445381
-0.445381
-0.445146
-0.444598
-0.444128
-0.443894
-0.443659
-0.443424
-0.443189
-0.442720
-0.442172
-0.441859
-0.441702
-0.441232
-0.440685
-0.440528
-0.440215
-0.439667
-0.439589
-0.439276
-0.438884
-0.438258
-0.438102
-0.438102
-0.437397
-0.437162
-0.436849
-0.436849
-0.436536
-0.436145
-0.435754
-0.435127
-0.434893
-0.434658
-0.434188
-0.433640
-0.433406
-0.433171
-0.433014
-0.433014
-0.432231
-0.432231
-0.431997
-0.431762
-0.431057
-0.430744
-0.430588
-0.430118
-0.429570
-0.429179
-0.429257
-0.428866
-0.428553
-0.428005
-0.427692
-0.427379
-0.427535
-0.426987
-0.426674
-0.426361
-0.426126
-0.425657
-0.425500
-0.424952
-0.424718
-0.424248
-0.424091
-0.423857
-0.423544
-0.423309
-0.423309
-0.422839
-0.422369
-0.422213
-0.421665
-0.421352
-0.420648
-0.420648
-0.420100
-0.419708
-0.419473
-0.419160
-0.418691
-0.418534
-0.418065
-0.417908
-0.417752
-0.417125
-0.416734
-0.416812
-0.416421
-0.415873
-0.415717
-0.415403
-0.415012
-0.414856
-0.414542
-0.414151
-0.413682
-0.413603
-0.413368
-0.412977
-0.412742
-0.412429
-0.412194
-0.411568
-0.411490
-0.410864
-0.410942
-0.410472
-0.410238
-0.409846
-0.409690
-0.409142
-0.408672
-0.408437
-0.408124
-0.407811
-0.407420
-0.407263
-0.406794
-0.406716
-0.406324
-0.406089
-0.405855
-0.405463
-0.405228
-0.404915
-0.404446
-0.403976
-0.403820
-0.403506
-0.403193
-0.403037
-0.402645
-0.402176
-0.401785
-0.401393
-0.401158
-0.400767
-0.400219
-0.400063
-0.399202
-0.398967
-0.398889
-0.398732
-0.398341
-0.398106
-0.397949
-0.397480
-0.397323
-0.396854
-0.396540
-0.395914
-0.395914
-0.395679
-0.395445
-0.394897
-0.394740
-0.394349
-0.393801
-0.393723
-0.393488
-0.393175
-0.392783
-0.392705
-0.391844
-0.392079
-0.391218
-0.390983
-0.390748
-0.390670
-0.390201
-0.390122
-0.389731
-0.389574
-0.389105
-0.388635
-0.388400
-0.388087
-0.388009
-0.387618
-0.387226
-0.386835
-0.386757
-0.386522
-0.386131
-0.386052
-0.385426
-0.385113
-0.384957
-0.384487
-0.384174
-0.384252
-0.383939
-0.383469
-0.383078
-0.382530
-0.382530
-0.382295
-0.381904
-0.381904
-0.381434
-0.380965
-0.380886
-0.380495
-0.380026
-0.379712
-0.379556
-0.379008
-0.378538
-0.378460
-0.377990
-0.378069
-0.377677
-0.377443
-0.377051
-0.376582
-0.376503
-0.376190
-0.376269
-0.375877
-0.375486
-0.375095
-0.375016
-0.374703
-0.374312
-0.373999
-0.373607
-0.373373
-0.373216
-0.372825
-0.372433
-0.372042
-0.371651
-0.371729
-0.371416
-0.370946
-0.370477
-0.370164
-0.370007
-0.369459
-0.369537
-0.369303
-0.369146
-0.368598
-0.368207
-0.367894
-0.367659
-0.367268
-0.367189
-0.366954
-0.366563
-0.366328
-0.366015
-0.365546
-0.365311
-0.364998
-0.364606
-0.364528
-0.364137
-0.363824
-0.363589
-0.363198
-0.362650
-0.362728
-0.362415
-0.362023
-0.361554
-0.361397
-0.361162
-0.360928
-0.360145
-0.359832
-0.359597
-0.359284
-0.358814
-0.358423
-0.358032
-0.358110
-0.357719
-0.357719
-0.357092
-0.356936
-0.356388
-0.356231
-0.355918
-0.355762
-0.355292
-0.354901
-0.354901
-0.354666
-0.354118
-0.353962
-0.354040
-0.353649
-0.353257
-0.352866
-0.352475
-0.352083
-0.352083
-0.351457
-0.351379
-0.351379
-0.350518
-0.350674
-0.350518
-0.350048
-0.349813
-0.349813
-0.348952
-0.348796
-0.348718
-0.348326
-0.347935
-0.348013
-0.347544
-0.347230
-0.346996
-0.346683
-0.346448
-0.345822
-0.345665
-0.345509
-0.345195
-0.345039
-0.344491
-0.344100
-0.343865
-0.343708
-0.343239
-0.342926
-0.342769
-0.342534
-0.342221
-0.341908
-0.341908
-0.341204
-0.340656
-0.340421
-0.340108
-0.339795
-0.339482
-0.339169
-0.339090
-0.338464
-0.338308
-0.337916
-0.337525
-0.337525
-0.337055
-0.336742
-0.336821
-0.336273
-0.336273
-0.335725
-0.335412
-0.335490
-0.335099
-0.334551
-0.334081
-0.334081
-0.333533
-0.333533
-0.333064
-0.332672
-0.332437
-0.332281
-0.331733
-0.331498
-0.331185
-0.330950
-0.330872
-0.330716
-0.330402
-0.330168
-0.329541
-0.329385
-0.329072
-0.328915
-0.328602
-0.328133
-0.328211
-0.328133
-0.327741
-0.327193
-0.326802
-0.326567
-0.326176
-0.325941
-0.325393
-0.325002
-0.324689
-0.324610
-0.324376
-0.324454
-0.324376
-0.323906
-0.323515
-0.323045
-0.322732
-0.322654
-0.322262
-0.322028
-0.321636
-0.321167
-0.321010
-0.320854
-0.320306
-0.320071
-0.319836
-0.319679
-0.319288
-0.318975
-0.318584
-0.318584
-0.317958
-0.317566
-0.317566
-0.317253
-0.317175
-0.316627
-0.316470
-0.316079
-0.315688
-0.315453
-0.315140
-0.314905
-0.314435
-0.314201
-0.313809
-0.313731
-0.313653
-0.313340
-0.313105
-0.312635
-0.312166
-0.311931
-0.311618
-0.311305
-0.310992
-0.310757
-0.310287
-0.310287
-0.310052
-0.309818
-0.309270
-0.309191
-0.309035
-0.308330
-0.308096
-0.308017
-0.307861
-0.307313
-0.307235
-0.307000
-0.307000
-0.306452
-0.306295
-0.305747
-0.305356
-0.305278
-0.305043
-0.304965
-0.304260
-0.304182
-0.303712
-0.303556
-0.303165
-0.303399
-0.303008
-0.302773
-0.302538
-0.302225
-0.301834
-0.301286
-0.301443
-0.300973
-0.300425
-0.300425
-0.299721
-0.299564
-0.299564
-0.299408
-0.298703
-0.298547
-0.298155
-0.297764
-0.297529
-0.297373
-0.297060
-0.296668
-0.296668
-0.296512
-0.296120
-0.295964
-0.295807
-0.295494
-0.295103
-0.294555
-0.294242
-0.294007
-0.293537
-0.293381
-0.293146
-0.292833
-0.292911
-0.292676
-0.292520
-0.291894
-0.291581
-0.291659
-0.291346
-0.290720
-0.290563
-0.289859
-0.290015
-0.289467
-0.289154
-0.289076
-0.288685
-0.288450
-0.288293
-0.288137
-0.287902
-0.287511
-0.287198
-0.286884
-0.286728
-0.286415
-0.286180
-0.286102
-0.285710
-0.285476
-0.285084
-0.284928
-0.284615
-0.284380
-0.284067
-0.283832
-0.283441
-0.283206
-0.283128
-0.282814
-0.282580
-0.282423
-0.281953
-0.281797
-0.281092
-0.281014
-0.280779
-0.280153
-0.280232
-0.279840
-0.279292
-0.279057
-0.278901
-0.278510
-0.278275
-0.278197
-0.277649
-0.277336
-0.277257
-0.276866
-0.276709
-0.276396
-0.276240
-0.276083
-0.275614
-0.275535
-0.275222
-0.274831
-0.274831
-0.274361
-0.274205
-0.274283
-0.273735
-0.273579
-0.273187
-0.273031
-0.272796
-0.272483
-0.272483
-0.272013
-0.271622
-0.271387
-0.270917
-0.271074
-0.270526
-0.270291
-0.270135
-0.270135
-0.269665
-0.269665
-0.269195
-0.268726
-0.268256
-0.268100
-0.268021
-0.267552
-0.267474
-0.267004
-0.267004
-0.266847
-0.266691
-0.266378
-0.266143
-0.265830
-0.265908
-0.265360
-0.265439
-0.264969
-0.264578
-0.264421
-0.264186
-0.263795
-0.263560
-0.263169
-0.263090
-0.262699
-0.262621
-0.262386
-0.262073
-0.262073
-0.261682
-0.261290
-0.261134
-0.260977
-0.260742
-0.260194
-0.259960
-0.259725
-0.259568
-0.259412
-0.259177
-0.258786
-0.258786
-0.258316
-0.258316
-0.257925
-0.257846
-0.257220
-0.257142
-0.256594
-0.256438
-0.256359
-0.256124
-0.255733
-0.255655
-0.255420
-0.254872
-0.255029
-0.254481
-0.254481
-0.254168
-0.253855
-0.253855
-0.253620
-0.253542
-0.253072
-0.252837
-0.252759
-0.252367
-0.252289
-0.252133
-0.251820
-0.251741
-0.251507
-0.251193
-0.250646
-0.250489
-0.250411
-0.249706
-0.249628
-0.249393
-0.249315
-0.249158
-0.248767
-0.248689
-0.248611
-0.248689
-0.248219
-0.248219
-0.247828
-0.247593
-0.247202
-0.247045
-0.246732
-0.246497
-0.246028
-0.246184
-0.245871
-0.245636
-0.245715
-0.245480
-0.245167
-0.244854
-0.244697
-0.244384
-0.244149
-0.243914
-0.243914
-0.243523
-0.243210
-0.242897
-0.242897
-0.242662
-0.242271
-0.242114
-0.241801
-0.241488
-0.241175
-0.241018
-0.240705
-0.240314
-0.240236
-0.240001
-0.239609
-0.239531
-0.239296
-0.239140
-0.238749
-0.238357
-0.238435
-0.238122
-0.237966
-0.237888
-0.237653
-0.237340
-0.237340
-0.236870
-0.236714
-0.236557
-0.236244
-0.236166
-0.236009
-0.235774
-0.235383
-0.235226
-0.235226
-0.234757
-0.234600
-0.234522
-0.234287
-0.233974
-0.233661
-0.233426
-0.233348
-0.233035
-0.233113
-0.233113
-0.232878
-0.232487
-0.232565
-0.232017
-0.231939
-0.231548
-0.231156
-0.230922
-0.230765
-0.230374
-0.230217
-0.230295
-0.230295
-0.229826
-0.229669
-0.229278
-0.229278
-0.229121
-0.228808
-0.228573
-0.228417
-0.228104
-0.228026
-0.227869
-0.227947
-0.227243
-0.227243
-0.227086
-0.226695
-0.226617
-0.225991
-0.226069
-0.225912
-0.225677
-0.225521
-0.225912
-0.225364
-0.225051
-0.224817
-0.224582
-0.224503
-0.224269
-0.224190
-0.223877
-0.223642
-0.223564
-0.223251
-0.223329
-0.223329
-0.222860
-0.222860
-0.222547
-0.222234
-0.222077
-0.221607
-0.221686
-0.221373
-0.221529
-0.221138
-0.221216
-0.220825
-0.220512
-0.220277
-0.220120
-0.219807
-0.219729
-0.219651
-0.219494
-0.219181
-0.218868
-0.218868
-0.218790
-0.218477
-0.218477
-0.218320
-0.218007
-0.218085
-0.217616
-0.217459
-0.217224
-0.217381
-0.217068
-0.216990
-0.216911
-0.216598
-0.216520
-0.216363
-0.216129
-0.215659
-0.215737
-0.215502
-0.215268
-0.215346
-0.215424
-0.215111
-0.215189
-0.214720
-0.214407
-0.214328
-0.214250
-0.214094
-0.214015
-0.213859
-0.213780
-0.213702
-0.213389
-0.213233
-0.213311
-0.212841
-0.212841
-0.212685
-0.212372
-0.212215
-0.212059
-0.211824
-0.211824
-0.211824
-0.211667
-0.211902
-0.211432
-0.211198
-0.211041
-0.210963
-0.210650
-0.210728
-0.210415
-0.210337
-0.210102
-0.210180
-0.210102
-0.209945
-0.209710
-0.209789
-0.209397
-0.209241
-0.209084
-0.209163
-0.208615
-0.208771
-0.208615
-0.208615
-0.208302
-0.208380
-0.207910
-0.207910
-0.207832
-0.207832
-0.207832
-0.207597
-0.207441
-0.207362
-0.207206
-0.206893
-0.206893
-0.206580
-0.206658
-0.206267
-0.206032
-0.206188
-0.205640
-0.205797
-0.205797
-0.205719
-0.205640
-0.205562
-0.205171
-0.205171
-0.205093
-0.205014
-0.204779
-0.204623
-0.204232
-0.204623
-0.204701
-0.204466
-0.204388
-0.204232
-0.203840
-0.203605
-0.203527
-0.203214
-0.203527
-0.203371
-0.203292
-0.203292
-0.203371
-0.203371
-0.203214
-0.202979
-0.202823
-0.202901
-0.202744
-0.202588
-0.202353
-0.202197
-0.202197
-0.202431
-0.202275
-0.201962
-0.201883
-0.201649
-0.201179
-0.201570
-0.201492
-0.201179
-0.201101
-0.201179
-0.200709
-0.200788
-0.201179
-0.201022
-0.200788
-0.200709
-0.200318
-0.200475
-0.200318
-0.200318
-0.200318
-0.200162
-0.200005
-0.199770
-0.200005
-0.199692
-0.199457
-0.199457
-0.199144
-0.199379
-0.199379
-0.199144
-0.199301
-0.199066
-0.199457
-0.199066
-0.199144
-0.198909
-0.198674
-0.198831
-0.199066
-0.198909
-0.198518
-0.198283
-0.198283
-0.198674
-0.198361
-0.198440
-0.198127
-0.198283
-0.197892
-0.198127
-0.198048
-0.197970
-0.198283
-0.198127
-0.197970
-0.198048
-0.197813
-0.197892
-0.197813
-0.197892
-0.197657
-0.197735
-0.197422
-0.197657
-0.197344
-0.197657
-0.197500
-0.197579
-0.197344
-0.197500
-0.197344
-0.197344
-0.197422
-0.197344
-0.197344
-0.197500
-0.197657
-0.197735
-0.197500
-0.197579
-0.197187
-0.197266
-0.197422
-0.197735
-0.197657
-0.197500
-0.197657
-0.197422
-0.197422
-0.197735
-0.197422
-0.197422
-0.197266
-0.197500
-0.197735
-0.197735
-0.197813
-0.197892
-0.197344
-0.197344
-0.197500
-0.197657
-0.197579
-0.197344
-0.197422
-0.197344
-0.197579
-0.197500
-0.197892
-0.197422
-0.197187
-0.197031
-0.197500
-0.197266
-0.197735
-0.197579
-0.197813
-0.197813
-0.197657
-0.197735
-0.197500
-0.197657
-0.197579
-0.197657
-0.197735
-0.197657
-0.197657
-0.197657
-0.197657
-0.197657
-0.197970
-0.197657
-0.197892
-0.197735
-0.197970
-0.197657
-0.197735
-0.197813
-0.197657
-0.197735
-0.198127
-0.197892
-0.198127
-0.198205
-0.198048
-0.197970
-0.198127
-0.198205
-0.197813
-0.198048
-0.198048
-0.198518
-0.198596
-0.198831
-0.198518
-0.198283
-0.198361
-0.198440
-0.198440
-0.198596
-0.198753
-0.198831
-0.199222
-0.199144
-0.199379
-0.198909
-0.198909
-0.199066
-0.199301
-0.199066
-0.199222
-0.199144
-0.199144
-0.198909
-0.199301
-0.199927
-0.199457
-0.199457
-0.199535
-0.199614
-0.199379
-0.199379
-0.199379
-0.199848
-0.199770
-0.200162
-0.200396
-0.200083
-0.199692
-0.200005
-0.200083
-0.199770
-0.200475
-0.200240
-0.199770
-0.200553
-0.200866
-0.200788
-0.201101
-0.200631
-0.200631
-0.200709
-0.201101
-0.200788
-0.201101
-0.200944
-0.201492
-0.201649
-0.201492
-0.201336
-0.201492
-0.201414
-0.201336
-0.201336
-0.201257
-0.201492
-0.201805
-0.201805
-0.201805
-0.202040
-0.202118
-0.201883
-0.201883
-0.202040
-0.201805
-0.201883
-0.202118
-0.202197
-0.202353
-0.202353
-0.202431
-0.202588
-0.202510
-0.202275
-0.202353
-0.202510
-0.202510
-0.202744
-0.202823
-0.202823
-0.202666
-0.202979
-0.203058
-0.202979
-0.202901
-0.202979
-0.202979
-0.202823
-0.203136
-0.203292
-0.203214
-0.203371
-0.203371
-0.203371
-0.203214
-0.203136
-0.203214
-0.203371
-0.203371
-0.203371
-0.203214
-0.203371
-0.203684
-0.203527
-0.203449
-0.203371
-0.203292
-0.203371
-0.203371
-0.203292
-0.203449
-0.203527
-0.203840
-0.203527
-0.203684
-0.203762
-0.203371
-0.203605
-0.203605
-0.203605
-0.203527
-0.203684
-0.203997
-0.203840
-0.203684
-0.203997
-0.203762
-0.203605
-0.203684
-0.203605
-0.203449
-0.203527
-0.203371
-0.203605
-0.203605
-0.203684
-0.203762
-0.203605
-0.203605
-0.203527
-0.203371
-0.203605
-0.203371
-0.203371
-0.203527
-0.203449
-0.203684
-0.203371
-0.203449
-0.203371
-0.203214
-0.203058
-0.202979
-0.202901
-0.202979
-0.202901
-0.202901
-0.203058
-0.203058
-0.202823
-0.202823
-0.202901
-0.202588
-0.202510
-0.202353
-0.202510
-0.202197
-0.202197
-0.201805
-0.202275
-0.201962
-0.201883
-0.201492
-0.201649
-0.201414
-0.201414
-0.201414
-0.201336
-0.201022
-0.201022
-0.200396
-0.200944
-0.200631
-0.200240
-0.200162
-0.199535
-0.199692
-0.199457
-0.199535
-0.199222
-0.199066
-0.198909
-0.198674
-0.198361
-0.198283
-0.198048
-0.198127
-0.198205
-0.197657
-0.197813
-0.197657
-0.197500
-0.197031
-0.197031
-0.196639
-0.196639
-0.196170
-0.196091
-0.195935
-0.195622
-0.195387
-0.195152
-0.195231
-0.195231
-0.194604
-0.194526
-0.194370
-0.193509
-0.193352
-0.193352
-0.193274
-0.193039
-0.192569
-0.192882
-0.192491
-0.191943
-0.191630
-0.191160
-0.191160
-0.190926
-0.191004
-0.190769
-0.190300
-0.189908
-0.189752
-0.189439
-0.189439
-0.188812
-0.188734
-0.188343
-0.187951
-0.187795
-0.187482
-0.186777
-0.186934
-0.186386
-0.186229
-0.185682
-0.185212
-0.184821
-0.184429
-0.184429
-0.183960
-0.183412
-0.183412
-0.183412
-0.182942
-0.182786
-0.182238
-0.181768
-0.181533
-0.180829
-0.180438
-0.180124
-0.179577
-0.179420
-0.178950
-0.178559
-0.178011
-0.177542
-0.177307
-0.176837
-0.176602
-0.176211
-0.175585
-0.175272
-0.174880
-0.174724
-0.174411
-0.173863
-0.173080
-0.172532
-0.172297
-0.172297
-0.171437
-0.171202
-0.170419
-0.170184
-0.169715
-0.169323
-0.168462
-0.167993
-0.167680
-0.167132
-0.166662
-0.166114
-0.165801
-0.165566
-0.165175
-0.164392
-0.164157
-0.163218
-0.162670
-0.162279
-0.161653
-0.160948
-0.160635
-0.159774
-0.159226
-0.158600
-0.158131
-0.157818
-0.156878
-0.156409
-0.156096
-0.155626
-0.155078
-0.154609
-0.153826
-0.153356
-0.152965
-0.152417
-0.151321
-0.150538
-0.150382
-0.149756
-0.149208
-0.148973
-0.148503
-0.147721
-0.147095
-0.146938
-0.145842
-0.145216
-0.144590
-0.144042
-0.143572
-0.143103
-0.142320
-0.141616
-0.141068
-0.140833
-0.139737
-0.138955
-0.138407
-0.137859
-0.137311
-0.136763
-0.136137
-0.135354
-0.135041
-0.134493
-0.133710
-0.132615
-0.132145
-0.131754
-0.131362
-0.130580
-0.129719
-0.129406
-0.128310
-0.127840
-0.127058
-0.126431
-0.125414
-0.125101
-0.124788
-0.124162
-0.123457
-0.122909
-0.121892
-0.121109
-0.121031
-0.120561
-0.119309
-0.118448
-0.117743
-0.117430
-0.116648
-0.116335
-0.115239
-0.114534
-0.113830
-0.113204
-0.112186
-0.111638
-0.111012
-0.110073
-0.109760
-0.109134
-0.108195
-0.107177
-0.107020
-0.106238
-0.105846
-0.104594
-0.104124
-0.103811
-0.103107
-0.102794
-0.101933
-0.100837
-0.100054
-0.099428
-0.098880
-0.098019
-0.097158
-0.096611
-0.095906
-0.095671
-0.095202
-0.094106
-0.093088
-0.092697
-0.092306
-0.091288
-0.090192
-0.089723
-0.089410
-0.088784
-0.088157
-0.087531
-0.086436
-0.085888
-0.085183
-0.084244
-0.083305
-0.082600
-0.082365
-0.081583
-0.081113
-0.080096
-0.078922
-0.078061
-0.077748
-0.076887
-0.075869
-0.075399
-0.074773
-0.074225
-0.073599
-0.072817
-0.072269
-0.071173
-0.070625
-0.069764
-0.069373
-0.068120
-0.067886
-0.067416
-0.066868
-0.065929
-0.065303
-0.064050
-0.063502
-0.063111
-0.062094
-0.061389
-0.060763
-0.060293
-0.059746
-0.059198
-0.057867
-0.057084
-0.056380
-0.055441
-0.054423
-0.053797
-0.053484
-0.052936
-0.052701
-0.051919
-0.050979
-0.049884
-0.049257
-0.048475
-0.048083
-0.047379
-0.046596
-0.045970
-0.045657
-0.045109
-0.044013
-0.043152
-0.042761
-0.041665
-0.041117
-0.040569
-0.039395
-0.039161
-0.038534
-0.037987
-0.037360
-0.036421
-0.035560
-0.034934
-0.034386
-0.033525
-0.032899
-0.032195
-0.031803
-0.031177
-0.030629
-0.029690
-0.028829
-0.027890
-0.027498
-0.026559
-0.026324
-0.025542
-0.025307
-0.024446
-0.023976
-0.022880
-0.022176
-0.021472
-0.020689
-0.019906
-0.019437
-0.019045
-0.018576
-0.017949
-0.017402
-0.016462
-0.015445
-0.014662
-0.014271
-0.013488
-0.013018
-0.012236
-0.012001
-0.011375
-0.010905
-0.009888
-0.009105
-0.008479
-0.007696
-0.007226
-0.006366
-0.006052
-0.005739
-0.005426
-0.004878
-0.004174
-0.003156
-0.002374
-0.002139
-0.001513
-0.001121
-0.000652
-0.000104
0.000444
0.000835
0.001383
0.002401
0.003183
0.003810
0.004123
0.004905
0.005453
0.006001
0.006471
0.007097
0.007723
0.008662
0.009445
0.009993
0.010462
0.011402
0.011715
0.012576
0.012811
0.013593
0.013985
0.014846
0.015393
0.015707
0.016489
0.016802
0.017507
0.018446
0.018681
0.019542
0.019542
0.020481
0.021264
0.022046
0.022594
0.023299
0.023768
0.024081
0.024473
0.025177
0.025960
0.026586
0.027525
0.028073
0.028621
0.029247
0.029247
0.030186
0.030969
0.031047
0.031595
0.032378
0.033317
0.033865
0.034335
0.034804
0.035274
0.035744
0.036213
0.036683
0.037231
0.037779
0.038561
0.039344
0.040440
0.040909
0.041457
0.042005
0.042475
0.042944
0.043336
0.043962
0.044901
0.045527
0.046232
0.046545
0.047328
0.047797
0.048267
0.048736
0.048893
0.049597
0.050537
0.051398
0.051789
0.052415
0.053120
0.053667
0.054215
0.054841
0.055389
0.056094
0.056485
0.057424
0.057659
0.057816
0.058677
0.059303
0.060007
0.060242
0.060790
0.061494
0.062355
0.062747
0.063373
0.063842
0.064390
0.064625
0.065330
0.065799
0.066660
0.067208
0.067599
0.068382
0.069008
0.069321
0.070182
0.070417
0.070887
0.071278
0.071513
0.072374
0.073000
0.073626
0.074018
0.074252
0.075113
0.075270
0.076131
0.076679
0.077461
0.077618
0.078166
0.078792
0.079340
0.080279
0.081062
0.081140
0.081923
0.082236
0.083019
0.083332
0.083958
0.084349
0.084975
0.085210
0.085601
0.085915
0.086541
0.087167
0.087793
0.088341
0.088889
0.089437
0.089828
0.090298
0.090846
0.091159
0.091550
0.092411
0.093037
0.093350
0.094133
0.094603
0.095307
0.095620
0.095855
0.096481
0.096951
0.097420
0.098046
0.098594
0.098829
0.099612
0.100160
0.100708
0.101021
0.101334
0.102038
0.102821
0.103290
0.103682
0.104386
0.104778
0.105325
0.105482
0.105717
0.106343
0.107047
0.107439
0.107752
0.108300
0.109004
0.109552
0.110022
0.110256
0.110804
0.111274
0.111744
0.112370
0.112839
0.113309
0.113779
0.114327
0.114640
0.115109
0.115187
0.116283
0.116909
0.117222
0.118083
0.118162
0.118710
0.119179
0.119571
0.120118
0.120353
0.120979
0.121527
0.122153
0.122701
0.123014
0.123719
0.123954
0.124502
0.124580
0.125128
0.125597
0.126067
0.127006
0.127163
0.127476
0.127789
0.128493
0.128885
0.129120
0.129511
0.130372
0.130685
0.131311
0.131546
0.132250
0.132563
0.132876
0.133346
0.133816
0.134207
0.134833
0.135303
0.135851
0.136399
0.136712
0.137260
0.137573
0.137886
0.138121
0.138668
0.139373
0.139842
0.140234
0.140390
0.141173
0.141408
0.141956
0.142347
0.142738
0.142817
0.143678
0.144460
0.144773
0.145008
0.145478
0.145948
0.146417
0.146808
0.146887
0.147043
0.147591
0.148061
0.148609
0.148765
0.149548
0.149861
0.150096
0.150644
0.150879
0.151583
0.152366
0.152757
0.153070
0.153461
0.153853
0.154557
0.154557
0.154949
0.155418
0.155575
0.156279
0.157140
0.157218
0.157923
0.158158
0.158392
0.158627
0.159019
0.159332
0.159880
0.160349
0.160897
0.161445
0.161758
0.162462
0.162854
0.162854
0.163010
0.163480
0.163871
0.164654
0.165045
0.165671
0.165828
0.166141
0.166532
0.167080
0.167393
0.167863
0.167785
0.168646
0.169115
0.169507
0.169742
0.170524
0.170916
0.171150
0.171307
0.171855
0.172168
0.173107
0.173264
0.173733
0.173890
0.174516
0.174986
0.175220
0.175377
0.175847
0.176238
0.176786
0.177334
0.177569
0.178038
0.178429
0.178664
0.179369
0.179369
0.179760
0.180230
0.181247
0.181482
0.182108
0.182343
0.182813
0.183047
0.183439
0.183987
0.183987
0.184613
0.184926
0.185474
0.186022
0.186100
0.186491
0.187117
0.187509
0.187665
0.188057
0.188918
0.189387
0.189387
0.189935
0.190013
0.190561
0.191109
0.191735
0.191970
0.192361
0.193066
0.193222
0.193770
0.193927
0.194631
0.194866
0.195414
0.195571
0.195884
0.196745
0.196745
0.197214
0.197606
0.197762
0.198232
0.199014
0.199249
0.199562
0.199875
0.200815
0.201519
0.201832
0.201754
0.202458
0.203084
0.203476
0.203554
0.203789
0.204415
0.204572
0.205276
0.205589
0.205980
0.206372
0.206607
0.206998
0.207233
0.207781
0.208015
0.208876
0.209346
0.209816
0.210207
0.210364
0.211225
0.211225
0.211459
0.212007
0.212712
0.212868
0.213338
0.213651
0.214120
0.214590
0.214981
0.215608
0.215529
0.215921
0.216625
0.216860
0.217095
0.217330
0.218034
0.218504
0.218738
0.219286
0.219521
0.220147
0.220617
0.221087
0.221556
0.221478
0.222182
0.222808
0.223043
0.223043
0.223748
0.224296
0.224452
0.224843
0.225391
0.225470
0.225939
0.226487
0.226722
0.227035
0.227583
0.228053
0.228522
0.228600
0.228835
0.229305
0.229618
0.230244
0.230322
0.230557
0.231183
0.231418
0.231888
0.232357
0.232749
0.233218
0.233688
0.233923
0.234001
0.234705
0.234784
0.235175
0.235645
0.236036
0.236036
0.236584
0.236819
0.237445
0.237680
0.238306
0.238775
0.239089
0.239245
0.239636
0.240341
0.240810
0.241124
0.241280
0.241515
0.242063
0.242532
0.242689
0.243080
0.243393
0.243550
0.244098
0.244489
0.244802
0.244959
0.245194
0.245741
0.245820
0.246759
0.246916
0.247150
0.247463
0.248090
0.248637
0.248716
0.249107
0.249498
0.249655
0.249733
0.250203
0.250672
0.251220
0.251377
0.251690
0.252003
0.252316
0.252786
0.252942
0.253412
0.253647
0.254273
0.254743
0.254977
0.255369
0.255525
0.255995
0.255838
0.256464
0.256778
0.257091
0.257169
0.257717
0.258421
0.258578
0.258813
0.259126
0.259360
0.259674
0.260534
0.260769
0.261161
0.261630
0.262100
0.261865
0.262648
0.262961
0.263274
0.263274
0.263900
0.264448
0.264526
0.264839
0.265152
0.265465
0.265700
0.265779
0.266092
0.266561
0.267031
0.267500
0.267970
0.267970
0.268596
0.268988
0.269301
0.269536
0.269692
0.270318
0.270318
0.270866
0.271257
0.271571
0.271727
0.272118
0.272666
0.272901
0.272979
0.273371
0.273840
0.274310
0.274623
0.275093
0.275406
0.275719
0.276032
0.276188
0.276736
0.277284
0.277754
0.277832
0.278302
0.278380
0.278850
0.279241
0.279319
0.279789
0.280258
0.280963
0.281354
0.281589
0.282293
0.282607
0.282920
0.282920
0.283546
0.283624
0.284250
0.284563
0.284876
0.285268
0.285581
0.285816
0.286207
0.286598
0.286990
0.287459
0.287929
0.288399
0.288868
0.288712
0.289338
0.289416
0.289807
0.290277
0.290355
0.291373
0.291686
0.291921
0.292312
0.292703
0.292938
0.292938
0.293486
0.293877
0.294034
0.294504
0.295130
0.295365
0.295756
0.296147
0.296382
0.296617
0.296930
0.297243
0.297478
0.298026
0.298652
0.298887
0.299043
0.299278
0.299748
0.299904
0.300374
0.301235
0.301313
0.302096
0.302174
0.302565
0.303035
0.303348
0.303505
0.303818
0.303974
0.304679
0.304992
0.305070
0.305774
0.306244
0.306479
0.306714
0.307183
0.307262
0.307496
0.307966
0.308357
0.308749
0.309297
0.309766
0.309766
0.310079
0.310471
0.310862
0.311253
0.311723
0.312271
0.312584
0.312819
0.313132
0.313680
0.313680
0.313914
0.314228
0.314775
0.315089
0.315245
0.315715
0.315871
0.316576
0.316732
0.316967
0.317202
0.317437
0.317906
0.318376
0.318532
0.318845
0.319393
0.319550
0.320176
0.320333
0.320802
0.321115
0.321585
0.322289
0.322446
0.322759
0.323229
0.323463
0.323385
0.324011
0.324090
0.324403
0.324951
0.325185
0.325577
0.325968
0.326516
0.326594
0.326751
0.327142
0.327533
0.327768
0.328238
0.328551
0.328629
0.329099
0.329334
0.329725
0.330038
0.330116
0.330586
0.330977
0.330977
0.331682
0.332230
0.332151
0.332699
0.333169
0.333560
0.333873
0.334108
0.334108
0.334499
0.334734
0.335282
0.335830
0.335673
0.336221
0.336456
0.336691
0.337082
0.337474
0.337709
0.337865
0.338178
0.338335
0.338726
0.339039
0.339430
0.339665
0.339665
0.340135
0.340448
0.341152
0.341231
0.341935
0.342013
0.342561
0.342561
0.342639
0.343109
0.343735
0.343892
0.344283
0.344440
0.344675
0.344988
0.345144
0.345614
0.345770
0.346318
0.346240
0.346866
0.347179
0.347336
0.347805
0.348040
0.348197
0.348510
0.349058
0.349136
0.349449
0.350075
0.350232
0.350310
0.350623
0.351014
0.351484
0.351719
0.351875
0.352188
0.352736
0.352736
0.352971
0.353519
0.353832
0.353910
0.354458
0.354771
0.355084
0.355397
0.355711
0.355867
0.356180
0.356650
0.356963
0.357276
0.357589
0.357902
0.358215
0.358763
0.358920
0.358920
0.359154
0.359781
0.359859
0.359937
0.360642
0.361033
0.361659
0.361816
0.362207
0.362833
0.362755
0.363303
0.363381
0.363929
0.364555
0.364790
0.364712
0.365181
0.365494
0.365651
0.365964
0.366120
0.366199
0.366825
0.366903
0.367451
0.367921
0.368312
0.368625
0.368469
0.368938
0.369016
0.369721
0.370112
0.370347
0.370973
0.371443
0.371991
0.372069
0.372617
0.372539
0.372930
0.373008
0.373478
0.373713
0.374026
0.374182
0.374574
0.374652
0.375278
0.375826
0.376061
0.376061
0.376687
0.377078
0.377470
0.377626
0.378017
0.378409
0.378644
0.378800
0.379035
0.379426
0.379896
0.380366
0.380444
0.380913
0.381305
0.381540
0.381774
0.382244
0.382401
0.382714
0.383262
0.383418
0.383809
0.383966
0.384201
0.384592
0.384749
0.385140
0.385531
0.385923
0.386314
0.386784
0.387488
0.387410
0.387645
0.387879
0.388349
0.388427
0.389132
0.389445
0.389367
0.389836
0.390306
0.390619
0.391010
0.391088
0.391480
0.392106
0.392184
0.392497
0.393124
0.393202
0.393358
0.393671
0.393750
0.394376
0.394611
0.395080
0.395237
0.395550
0.396019
0.396176
0.396333
0.396646
0.397194
0.397428
0.397741
0.398133
0.398211
0.398368
0.399150
0.399463
0.399542
0.400403
0.399933
0.400637
0.401029
0.401498
0.401577
0.402281
0.402359
0.402829
0.403142
0.403299
0.403768
0.404003
0.404473
0.404942
0.405490
0.405725
0.405881
0.406116
0.406351
0.407134
0.407290
0.407525
0.407603
0.407838
0.408621
0.408777
0.409012
0.409247
0.409560
0.409482
0.409795
0.410421
0.410891
0.411126
0.410969
0.411439
0.411752
0.411987
0.412143
0.412613
0.412848
0.413161
0.413395
0.413865
0.414178
0.414491
0.414491
0.415196
0.415430
0.415587
0.415900
0.416291
0.416448
0.416526
0.416604
0.416996
0.417152
0.417387
0.417935
0.418248
0.418561
0.418874
0.419422
0.419579
0.419579
0.419579
0.420440
0.420753
0.421379
0.421222
0.421692
0.422318
0.422083
0.422475
0.422475
0.422944
0.423414
0.423414
0.424040
0.424197
0.424588
0.424745
0.425214
0.425214
0.425684
0.425762
0.426388
0.426466
0.426466
0.427093
0.427171
0.427562
0.428110
0.428188
0.428501
0.428736
0.428893
0.429597
0.429519
0.429989
0.429910
0.430380
0.430771
0.430850
0.431397
0.431711
0.431945
0.432337
0.432493
0.432963
0.433041
0.433198
0.433511
0.433511
0.434137
0.434293
0.434528
0.434841
0.435311
0.435546
0.435937
0.435937
0.436328
0.436485
0.436642
0.437268
0.437424
0.437502
0.438050
0.438363
0.438363
0.438755
0.439381
0.439381
0.440085
0.440085
0.440712
0.440633
0.441103
0.441807
0.441886
0.442042
0.442277
0.442747
0.443060
0.443294
0.443294
0.443686
0.443842
0.444155
0.444234
0.444547
0.444938
0.445329
0.445408
0.446269
0.446504
0.446660
0.446660
0.447130
0.447364
0.447756
0.448069
0.448460
0.448695
0.449008
0.449008
0.449243
0.449399
0.449713
0.450260
0.450652
0.451121
0.451278
0.451826
0.452139
0.452139
0.452609
0.452843
0.453000
0.453391
0.453783
0.453939
0.454330
0.454878
0.455113
0.455426
0.455270
0.455661
0.455818
0.456052
0.456444
0.456757
0.457148
0.457305
0.457540
0.457774
0.457931
0.458401
0.458479
0.458557
0.459340
0.459575
0.459809
0.460201
0.460436
0.460827
0.460749
0.461297
0.462001
0.462392
0.462627
0.463018
0.462862
0.463253
0.463723
0.464036
0.464192
0.464506
0.464975
0.465367
0.465601
0.466071
0.466306
0.466228
0.466306
0.467010
0.467245
0.467636
0.467636
0.468106
0.468654
0.469123
0.469202
0.469280
0.469750
0.469750
0.470219
0.470532
0.470845
0.471472
0.471550
0.472019
0.472333
0.472802
0.472802
0.473037
0.473428
0.473507
0.473820
0.474446
0.474915
0.474915
0.474994
0.475150
0.475776
0.476481
0.476716
0.476872
0.476950
0.477185
0.477498
0.477577
0.477811
0.478125
0.478672
0.478751
0.479299
0.479768
0.479299
0.479925
0.480003
0.480629
0.481020
0.481490
0.481490
0.482038
0.482116
0.482664
0.482742
0.482821
0.483212
0.483682
0.483838
0.484151
0.484699
0.484621
0.484934
0.485012
0.485247
0.485482
0.485873
0.486265
0.486578
0.486734
0.486656
0.487047
0.487673
0.487908
0.488378
0.488769
0.489004
0.489239
0.489474
0.490100
0.490100
0.490491
0.490882
0.491196
0.491352
0.491509
0.491743
0.492057
0.492291
0.492526
0.493074
0.492918
0.493231
0.493622
0.493935
0.494248
0.494483
0.494639
0.495109
0.495500
0.495735
0.495892
0.496048
0.496440
0.496753
0.496909
0.497379
0.497379
0.497770
0.498083
0.498396
0.498631
0.498866
0.499257
0.499336
0.499805
0.500040
0.500197
0.500666
0.500979
0.501292
0.501292
0.501840
0.502075
0.502232
0.502545
0.502701
0.502936
0.503484
0.503719
0.504110
0.504501
0.504580
0.504736
0.504971
0.505362
0.505754
0.505754
0.506302
0.506536
0.506850
0.507006
0.507163
0.507397
0.507867
0.508258
0.508493
0.508806
0.508963
0.509198
0.509511
0.509667
0.510372
0.510372
0.510606
0.510841
0.510841
0.511233
0.511624
0.512094
0.512328
0.512407
0.512563
0.512641
0.513111
0.513581
0.513972
0.514129
0.514442
0.514520
0.514677
0.514833
0.515303
0.515537
0.516085
0.516242
0.516790
0.517103
0.517181
0.517259
0.517494
0.517886
0.518277
0.518747
0.518903
0.519216
0.519686
0.519529
0.519686
0.519999
0.520468
0.520938
0.521564
0.522034
0.522112
0.522347
0.522425
0.522660
0.523051
0.523130
0.523678
0.524069
0.524304
0.524382
0.524852
0.524852
0.525321
0.525556
0.525634
0.526182
0.526730
0.526808
0.526808
0.527356
0.527669
0.527748
0.527982
0.528374
0.528687
0.529078
0.529548
0.529548
0.529783
0.530252
0.530330
0.530722
0.531035
0.531426
0.531818
0.532131
0.532444
0.532679
0.532913
0.532992
0.533461
0.533696
0.533774
0.534244
0.534635
0.535183
0.535418
0.535418
0.535575
0.536044
0.535888
0.536279
0.537062
0.537531
0.537610
0.537844
0.538079
0.538392
0.538549
0.538627
0.539097
0.539331
0.539566
0.539645
0.540192
0.540819
0.540819
0.541053
0.541053
0.541601
0.542071
0.542854
0.543167
0.543010
0.543167
0.543793
0.543793
0.543793
0.544184
0.544576
0.544967
0.545358
0.545750
0.545984
0.546063
0.546454
0.546767
0.546845
0.547393
0.547863
0.548176
0.548333
0.548333
0.548959
0.548959
0.549115
0.549193
0.549741
0.550133
0.550681
0.551072
0.551307
0.551307
0.551620
0.552011
0.552246
0.552324
0.552872
0.553185
0.553655
0.553811
0.553890
0.554203
0.554046
0.554438
0.554985
0.555377
0.555690
0.556394
0.556316
0.556473
0.556864
0.557020
0.557490
0.557803
0.558116
0.558429
0.558821
0.559212
0.559134
0.559212
0.559838
0.560073
0.560386
0.560543
0.561247
0.561404
0.561951
0.562186
0.562186
0.562343
0.563126
0.563517
0.563908
0.563986
0.564221
0.564691
0.564847
0.565239
0.565239
0.565474
0.565552
0.566100
0.566413
0.566491
0.566961
0.567274
0.567352
0.567509
0.567665
0.567900
0.568213
0.568370
0.568839
0.569074
0.569231
0.569622
0.569622
0.569778
0.570405
0.570796
0.570952
0.571500
0.571657
0.571813
0.572283
0.572048
0.572361
0.572361
0.573144
0.573301
0.573222
0.573614
0.573535
0.574162
0.574318
0.574709
0.574944
0.575101
0.575023
0.575649
0.575962
0.576353
0.576510
0.576744
0.576666
0.577058
0.577449
0.577762
0.578153
0.578153
0.578701
0.579171
0.579327
0.579249
0.579719
0.580032
0.580267
0.580267
0.580423
0.581049
0.581362
0.581675
0.581754
0.582067
0.582615
0.582849
0.583163
0.583632
0.584102
0.583945
0.584180
0.584337
0.584806
0.585119
0.585432
0.585432
0.585432
0.585824
0.586293
0.586450
0.586685
0.586763
0.587154
0.587154
0.587467
0.587546
0.587937
0.588407
0.588720
0.589033
0.589111
0.589424
0.589581
0.589972
0.590129
0.590676
0.590833
0.591381
0.591459
0.591616
0.591851
0.592164
0.592242
0.592711
0.592868
0.593259
0.593729
0.593886
0.593886
0.594512
0.594668
0.594668
0.594747
0.595373
0.595529
0.595764
0.596312
0.596390
0.596938
0.596860
0.597016
0.597408
0.597721
0.598269
0.598269
0.598660
0.598817
0.599208
0.598973
0.599051
0.599443
0.600069
0.600147
0.601008
0.600930
0.601321
0.601713
0.601556
0.601869
0.602182
0.602495
0.602808
0.602887
0.603356
0.603748
0.603748
0.604217
0.604061
0.604530
0.604843
0.605235
0.605861
0.605939
0.606330
0.606487
0.606644
0.606800
0.606957
0.607270
0.607504
0.608052
0.608052
0.608365
0.608600
0.608913
0.609148
0.609383
0.609539
0.610322
0.610557
0.610635
0.611027
0.610948
0.611027
0.611340
0.611731
0.612044
0.612670
0.613140
0.613296
0.613766
0.613453
0.613531
0.614001
0.614157
0.614470
0.614705
0.615175
0.615097
0.615645
0.615801
0.616036
0.616036
0.616506
0.616897
0.617053
0.617836
0.618149
0.618227
0.618306
0.618462
0.618541
0.618775
0.619167
0.619793
0.620341
0.620576
0.620654
0.621045
0.621045
0.621280
0.621671
0.621437
0.622297
0.622297
0.622689
0.623080
0.623237
0.623472
0.623550
0.623941
0.624254
0.624332
0.624959
0.625428
0.625193
0.625585
0.625820
0.625898
0.626133
0.626524
0.627072
0.627463
0.627620
0.627933
0.628168
0.628089
0.628324
0.628794
0.628950
0.629263
0.629811
0.629811
0.630124
0.630203
0.630281
0.630359
0.630829
0.631298
0.631846
0.632316
0.632238
0.632707
0.632786
0.632864
0.633099
0.633412
0.633803
0.634273
0.634821
0.634508
0.634977
0.635134
0.635055
0.635055
0.635682
0.636073
0.636386
0.636543
0.636856
0.637247
0.637404
0.637404
0.637795
0.637795
0.638186
0.638891
0.639125
0.638969
0.639595
0.639517
0.639908
0.639830
0.640300
0.640613
0.641160
0.641004
0.641239
0.641630
0.641865
0.641865
0.642178
0.642491
0.642961
0.643196
0.643509
0.643665
0.643978
0.644448
0.644526
0.644683
0.644839
0.645465
0.646013
0.645935
0.646248
0.646483
0.646718
0.646952
0.647109
0.647266
0.647735
0.647892
0.648127
0.648440
0.648518
0.648909
0.648987
0.649301
0.649535
0.649535
0.650005
0.650396
0.650709
0.650475
0.650866
0.651336
0.651570
0.651962
0.652431
0.652275
0.652901
0.652979
0.653371
0.653449
0.653371
0.653840
0.654153
0.654466
0.654623
0.654623
0.655249
0.655406
0.655484
0.655875
0.656188
0.656814
0.656736
0.656814
0.657128
0.657519
0.657597
0.657832
0.658380
0.658536
0.659006
0.658849
0.659397
0.659476
0.659789
0.660258
0.660415
0.660571
0.661119
0.661432
0.661745
0.661589
0.661980
0.662372
0.662763
0.662919
0.663154
0.663702
0.663859
0.663937
0.664015
0.664172
0.664250
0.664876
0.665189
0.665424
0.665581
0.666129
0.666207
0.666598
0.667068
0.667381
0.667459
0.667929
0.668007
0.668398
0.668398
0.668868
0.668790
0.669181
0.669259
0.669886
0.669964
0.670512
0.670746
0.671138
0.671216
0.671373
0.671764
0.672312
0.672781
0.672860
0.673251
0.673486
0.673642
0.673799
0.674112
0.673956
0.674582
0.674973
0.675130
0.675756
0.675677
0.675991
0.676382
0.676617
0.676852
0.677243
0.677634
0.677712
0.677869
0.678652
0.678808
0.678887
0.679043
0.679513
0.679747
0.680608
0.680765
0.680922
0.681626
0.681704
0.681704
0.681939
0.682330
0.682722
0.683348
0.683661
0.683896
0.684209
0.684600
0.684757
0.684913
0.685226
0.685618
0.686244
0.686322
0.686479
0.687105
0.686870
0.687027
0.687731
0.688357
0.688749
0.689062
0.689218
0.689531
0.689923
0.689923
0.690079
0.690236
0.690549
0.691566
0.692036
0.691801
0.692349
0.692505
0.692740
0.692662
0.693053
0.693288
0.694149
0.694384
0.694619
0.695401
0.695480
0.695558
0.695480
0.695871
0.696576
0.697123
0.697358
0.697593
0.697984
0.697828
0.697906
0.698219
0.698454
0.699237
0.699393
0.699706
0.700489
0.700489
0.700724
0.701193
0.701350
0.701663
0.702524
0.702837
0.703150
0.703385
0.703855
0.703698
0.703855
0.704246
0.704637
0.705185
0.705185
0.705577
0.706046
0.706124
0.706203
0.706672
0.706672
0.707690
0.707690
0.708159
0.708473
0.708473
0.708629
0.708394
0.708707
0.708394
0.708473
0.708629
0.708629
0.708707
0.708864
0.708707
0.708473
0.708551
0.708003
0.707925
0.707925
0.707690
0.707377
0.707142
0.706907
0.706594
0.706359
0.706281
0.705811
0.705655
0.705263
0.704950
0.704950
0.704637
0.704481
0.703776
0.703776
0.703620
0.703072
0.702915
0.702681
0.702446
0.701976
0.701507
0.700802
0.700489
0.700176
0.699706
0.699237
0.698611
0.698532
0.698297
0.697984
0.697593
0.697436
0.697280
0.696889
0.696967
0.696654
0.696106
0.696184
0.695715
0.695323
0.694932
0.694619
0.694697
0.694306
0.694149
0.693836
0.693210
0.692819
0.692114
0.691801
0.691175
0.691175
0.690627
0.690549
0.690470
0.690001
0.690001
0.689453
0.689375
0.688905
0.688670
0.688357
0.688044
0.687574
0.687105
0.686479
0.686166
0.685774
0.685148
0.685226
0.684600
0.684365
0.683818
0.683974
0.683818
0.683035
0.682957
0.682878
0.682565
0.682174
0.681939
0.681313
0.680295
0.680217
0.679747
0.679591
0.679043
0.678652
0.678652
0.678417
0.678026
0.677556
0.677321
0.676773
0.676695
0.676304
0.676069
0.675364
0.675051
0.674503
0.674269
0.673721
0.674034
0.673329
0.673408
0.672938
0.672312
0.672077
0.672155
0.671607
0.670903
0.670433
0.670042
0.669729
0.669181
0.669338
0.669103
0.668868
0.668633
0.668164
0.668007
0.667146
0.667146
0.666755
0.666285
0.665737
0.665346
0.664876
0.664720
0.664641
0.664328
0.664094
0.663859
0.663311
0.662919
0.662606
0.662528
0.661902
0.661589
0.660884
0.660806
0.660415
0.660258
0.659476
0.659632
0.659397
0.658928
0.658693
0.658223
0.658145
0.657675
0.657519
0.656893
0.656658
0.656188
0.656032
0.655719
0.655171
0.655171
0.655014
0.654701
0.654466
0.653997
0.653684
0.653292
0.652744
0.652275
0.652040
0.651805
0.651414
0.651257
0.651179
0.650553
0.650396
0.649848
0.650005
0.649144
0.648596
0.648283
0.647892
0.647579
0.647422
0.647031
0.646952
0.646561
0.646091
0.645622
0.645544
0.645074
0.644683
0.644056
0.644056
0.643900
0.643352
0.642961
0.642961
0.642726
0.642256
0.641787
0.641552
0.641395
0.640847
0.640143
0.639986
0.639908
0.639517
0.639125
0.638891
0.638499
0.637873
0.638030
0.637560
0.637090
0.636699
0.636308
0.635838
0.635525
0.635369
0.635134
0.634821
0.634351
0.634116
0.634116
0.633412
0.633099
0.632707
0.632473
0.632238
0.631925
0.631455
0.631142
0.630672
0.630751
0.630594
0.630359
0.629811
0.629263
0.628872
0.628481
0.628324
0.628089
0.628089
0.627776
0.626915
0.626759
0.626681
0.626211
0.625741
0.625585
0.625115
0.625115
0.624880
0.624489
0.623941
0.623785
0.623785
0.623237
0.623002
0.622767
0.622219
0.621671
0.621437
0.621202
0.620497
0.620262
0.620184
0.619636
0.619245
0.619088
0.618697
0.618071
0.618227
0.618071
0.617758
0.616975
0.617132
0.616662
0.616192
0.615958
0.615801
0.615488
0.615018
0.614627
0.614549
0.614236
0.614079
0.613923
0.613531
0.613218
0.612827
0.612592
0.612201
0.611731
0.611418
0.611183
0.610948
0.610479
0.610244
0.609853
0.609931
0.609539
0.609070
0.608913
0.608522
0.608600
0.608287
0.607896
0.607583
0.607113
0.606722
0.606644
0.605939
0.605469
0.605469
0.605235
0.605156
0.604452
0.604217
0.603748
0.603748
0.603513
0.603200
0.602808
0.602495
0.602339
0.602182
0.601791
0.601008
0.600538
0.600538
0.600304
0.600460
0.599912
0.599756
0.599364
0.598738
0.598660
0.597956
0.597956
0.597251
0.597173
0.597016
0.596625
0.596547
0.596390
0.595999
0.595686
0.595373
0.594825
0.594590
0.593964
0.594042
0.594042
0.593338
0.593259
0.593025
0.592868
0.592633
0.591851
0.591303
0.591616
0.591224
0.590990
0.590520
0.590129
0.590050
0.589659
0.589111
0.588798
0.588641
0.588172
0.587780
0.587389
0.587467
0.587389
0.586920
0.586763
0.586450
0.585902
0.585745
0.585432
0.584885
0.584650
0.584728
0.584571
0.584024
0.583632
0.583789
0.583397
0.582928
0.582302
0.581989
0.581989
0.581597
0.581675
0.580971
0.580736
0.580345
0.580110
0.579327
0.578858
0.578545
0.578701
0.578466
0.578232
0.578075
0.577684
0.577371
0.576901
0.576431
0.576040
0.575962
0.575649
0.575492
0.575414
0.575023
0.574396
0.574396
0.573848
0.573535
0.573144
0.572987
0.572674
0.572283
0.572440
0.572048
0.572048
0.571500
0.571031
0.570718
0.570170
0.569857
0.569544
0.569231
0.569231
0.568917
0.568761
0.568291
0.568213
0.567978
0.567430
0.566961
0.566648
0.566335
0.566178
0.566413
0.565787
0.565708
0.565239
0.565004
0.564378
0.564221
0.563908
0.563360
0.563204
0.563047
0.562969
0.562499
0.562108
0.561404
0.561090
0.560777
0.560543
0.560230
0.559995
0.559682
0.559369
0.559055
0.559055
0.558586
0.558273
0.557960
0.557412
0.557334
0.557099
0.556473
0.556238
0.556081
0.555925
0.555377
0.554907
0.554516
0.554359
0.553890
0.553890
0.553811
0.553264
0.553264
0.553185
0.552637
0.552324
0.551855
0.551463
0.551150
0.550994
0.550681
0.550368
0.550289
0.549507
0.549507
0.548880
0.548333
0.548176
0.547706
0.547472
0.547472
0.547315
0.547080
0.546611
0.546297
0.545750
0.545515
0.545358
0.545123
0.544967
0.544576
0.544654
0.544106
0.543636
0.543793
0.543167
0.542619
0.542306
0.541680
0.541758
0.541367
0.541053
0.540975
0.540427
0.539958
0.539645
0.539175
0.539018
0.538627
0.538627
0.538314
0.537923
0.537766
0.537453
0.537140
0.536670
0.536201
0.536436
0.535966
0.535966
0.535575
0.535183
0.535027
0.534635
0.534087
0.533931
0.533540
0.533383
0.532992
0.532679
0.532444
0.532365
0.531974
0.531896
0.531348
0.530957
0.530565
0.530330
0.530174
0.529548
0.529548
0.528922
0.528687
0.528452
0.528217
0.527748
0.527200
0.527043
0.526965
0.526574
0.526417
0.526260
0.525713
0.525713
0.525321
0.525008
0.524695
0.524460
0.524147
0.523834
0.523678
0.523443
0.523286
0.522817
0.522112
0.521956
0.521408
0.521329
0.521408
0.520703
0.520077
0.520390
0.519764
0.519529
0.519294
0.518981
0.518433
0.518355
0.517964
0.517729
0.517416
0.517338
0.517181
0.516555
0.516242
0.516007
0.515694
0.515537
0.515303
0.514598
0.514520
0.514520
0.514442
0.514050
0.513581
0.513346
0.513111
0.513033
0.512328
0.511859
0.511702
0.511546
0.511233
0.511076
0.510372
0.510137
0.509824
0.509276
0.509276
0.508806
0.508650
0.508415
0.508337
0.507867
0.507476
0.507084
0.507006
0.506615
0.506145
0.505910
0.505519
0.505519
0.505049
0.504736
0.504580
0.504267
0.504032
0.503954
0.503171
0.503014
0.502858
0.502701
0.502232
0.501762
0.501371
0.501371
0.501058
0.500431
0.499962
0.499649
0.499649
0.499257
0.498944
0.498475
0.498396
0.497927
0.497770
0.497301
0.497144
0.496674
0.496361
0.496440
0.495892
0.495500
0.495187
0.494639
0.494248
0.493857
0.493700
0.493544
0.493231
0.493074
0.492448
0.492370
0.492291
0.491665
0.491352
0.491039
0.490569
0.490569
0.489943
0.489708
0.489474
0.489082
0.488769
0.488534
0.488221
0.487830
0.487360
0.487439
0.487673
0.486969
0.486656
0.486499
0.486108
0.485638
0.485091
0.484934
0.484777
0.484151
0.484230
0.483916
0.483760
0.483447
0.483056
0.482742
0.482273
0.482116
0.481725
0.481725
0.481255
0.481177
0.480473
0.479925
0.479690
0.479377
0.478751
0.478751
0.478516
0.478125
0.478438
0.477577
0.477264
0.476950
0.476324
0.476089
0.475620
0.475542
0.475385
0.475072
0.474915
0.474681
0.474524
0.473898
0.473820
0.473037
0.472724
0.472646
0.472176
0.472019
0.471863
0.471550
0.471158
0.470611
0.469984
0.469593
0.469593
0.469280
0.469123
0.468654
0.468184
0.468341
0.467949
0.467480
0.467167
0.466775
0.466306
0.465914
0.465914
0.465601
0.465210
0.464740
0.464427
0.464114
0.463879
0.463253
0.463332
0.462549
0.462549
0.462314
0.462157
0.461688
0.460983
0.460592
0.460122
0.459809
0.459888
0.459809
0.459261
0.459027
0.458557
0.458479
0.458244
0.457931
0.457461
0.457148
0.456522
0.456600
0.456287
0.455818
0.455739
0.455348
0.454957
0.454722
0.454330
0.453704
0.453861
0.453783
0.453470
0.452765
0.452687
0.452295
0.451513
0.451356
0.450887
0.450574
0.450339
0.450104
0.450026
0.449556
0.449165
0.449086
0.448382
0.448304
0.447756
0.447678
0.447521
0.447208
0.446973
0.446425
0.446112
0.445721
0.445486
0.445095
0.444782
0.444782
0.444468
0.444234
0.443686
0.443842
0.443216
0.442981
0.442590
0.442277
0.441886
0.441494
0.441259
0.440868
0.440555
0.440555
0.440085
0.439459
0.438990
0.438363
0.438207
0.437972
0.437894
0.437424
0.437424
0.436876
0.436642
0.436328
0.435781
0.435859
0.435546
0.435076
0.434841
0.434528
0.434372
0.434059
0.433902
0.433511
0.433198
0.433041
0.432415
0.432493
0.431945
0.431711
0.431632
0.431319
0.430850
0.430458
0.430380
0.429676
0.429519
0.429206
0.428971
0.428736
0.428501
0.428188
0.427954
0.427249
0.426936
0.426701
0.426623
0.426545
0.425997
0.425605
0.425292
0.425058
0.424745
0.424275
0.424118
0.423570
0.423570
0.423179
0.423101
0.422553
0.422396
0.422083
0.421927
0.421301
0.420909
0.420831
0.420205
0.420048
0.419814
0.419657
0.419031
0.418639
0.418639
0.418248
0.417935
0.417465
0.417544
0.416918
0.416839
0.416370
0.415978
0.416213
0.415352
0.415196
0.415039
0.414413
0.414335
0.413943
0.413630
0.413474
0.413239
0.412848
0.412691
0.412143
0.411752
0.411673
0.411282
0.411204
0.410734
0.410421
0.409873
0.409717
0.409325
0.409091
0.408934
0.408386
0.408308
0.408073
0.407603
0.407447
0.406821
0.406586
0.406664
0.406116
0.405725
0.405177
0.405099
0.405255
0.404473
0.404473
0.404160
0.403690
0.403455
0.403299
0.402986
0.402751
0.402125
0.402125
0.401655
0.401107
0.400794
0.400168
0.400168
0.399620
0.399620
0.399150
0.399072
0.399072
0.398602
0.398055
0.397741
0.397507
0.397115
0.396646
0.396098
0.395863
0.395863
0.395785
0.395393
0.395002
0.394845
0.394845
0.394298
0.393984
0.393593
0.393358
0.393280
0.392889
0.392341
0.392106
0.391715
0.391402
0.391167
0.390541
0.390619
0.389914
0.389836
0.389288
0.389210
0.388740
0.388427
0.387879
0.387645
0.387488
0.387175
0.386627
0.386784
0.386314
0.386079
0.386079
0.385610
0.385062
0.384749
0.384122
0.383888
0.383575
0.383183
0.383340
0.382948
0.382244
0.381931
0.381461
0.381305
0.381148
0.380757
0.380522
0.380287
0.379661
0.379191
0.378957
0.378800
0.378409
0.377939
0.377626
0.377470
0.377235
0.376922
0.376687
0.376530
0.375904
0.375513
0.375278
0.375043
0.374417
0.374339
0.374260
0.373634
0.373478
0.373086
0.372617
0.372460
0.372069
0.371678
0.371208
0.371208
0.370738
0.370504
0.369799
0.369643
0.369408
0.368860
0.368625
0.368155
0.367921
0.367529
0.367842
0.367216
0.367138
0.366512
0.366042
0.365807
0.365416
0.365181
0.365103
0.364712
0.364085
0.363772
0.363616
0.363146
0.363146
0.362442
0.362129
0.361581
0.361189
0.361346
0.361111
0.360876
0.360094
0.359781
0.359468
0.359233
0.358372
0.358372
0.357980
0.357746
0.357354
0.357198
0.356572
0.356180
0.355789
0.355554
0.354850
0.354771
0.354771
0.354615
0.353989
0.353676
0.353519
0.353128
0.352423
0.352345
0.352110
0.351562
0.351875
0.351171
0.350701
0.350232
0.350232
0.349684
0.349214
0.349058
0.348745
0.348353
0.347962
0.347884
0.347727
0.347257
0.346788
0.346475
0.346162
0.345614
0.345614
0.345222
0.345066
0.344753
0.344283
0.343970
0.343657
0.343500
0.343031
0.342561
0.342718
0.342170
0.341779
0.341700
0.341622
0.341152
0.340683
0.339978
0.339744
0.339744
0.339274
0.339274
0.338961
0.338491
0.338178
0.337709
0.337552
0.337317
0.337161
0.336769
0.336300
0.336065
0.335830
0.335282
0.334969
0.334343
0.334186
0.333873
0.333482
0.333482
0.333169
0.332778
0.332543
0.332308
0.331995
0.331838
0.331447
0.331134
0.330429
0.330586
0.330038
0.329882
0.329334
0.329177
0.328629
0.328316
0.328316
0.327847
0.327690
0.327220
0.326907
0.326438
0.326203
0.325890
0.325342
0.325185
0.325029
0.324481
0.324403
0.324246
0.324090
0.323463
0.323229
0.323150
0.322602
0.322133
0.321663
0.321741
0.321115
0.320880
0.320098
0.320333
0.320020
0.319550
0.319237
0.319002
0.318611
0.318376
0.317828
0.317906
0.317593
0.317124
0.316497
0.316419
0.316106
0.315793
0.315010
0.314854
0.314619
0.314228
0.313993
0.313914
0.313288
0.313367
0.312975
0.312584
0.312036
0.311645
0.311488
0.311097
0.310862
0.310627
0.310001
0.309766
0.309140
0.309140
0.308670
0.308201
0.308123
0.307966
0.307418
0.306870
0.306792
0.306479
0.306244
0.305774
0.305931
0.305383
0.304992
0.304679
0.304209
0.303974
0.303739
0.303348
0.303035
0.302800
0.302487
0.301861
0.301939
0.301391
0.301000
0.300139
0.299904
0.299904
0.299200
0.298887
0.298730
0.298339
0.298182
0.297791
0.297400
0.297165
0.296695
0.296226
0.295991
0.295521
0.295365
0.295051
0.294817
0.294425
0.294034
0.293799
0.293330
0.293095
0.292703
0.292312
0.292234
0.291842
0.291608
0.290903
0.290747
0.290434
0.290042
0.289494
0.289338
0.289025
0.288633
0.288164
0.287929
0.287538
0.287224
0.286911
0.286442
0.285737
0.285816
0.285581
0.285189
0.284720
0.284563
0.284329
0.283859
0.283546
0.283154
0.282528
0.282293
0.281980
0.281902
0.281746
0.281119
0.280963
0.280493
0.279945
0.279554
0.279163
0.278850
0.278458
0.277989
0.277597
0.277441
0.276971
0.276736
0.276267
0.275641
0.275562
0.275093
0.275014
0.274780
0.274310
0.273997
0.273606
0.273527
0.272431
0.272275
0.271962
0.272040
0.271492
0.271179
0.270866
0.270710
0.269927
0.269770
0.269379
0.268831
0.268518
0.268205
0.267970
0.267579
0.267500
0.267344
0.266483
0.266326
0.266170
0.265544
0.265465
0.264918
0.264761
0.264683
0.264135
0.263665
0.263665
0.263117
0.262961
0.262726
0.262022
0.261943
0.261552
0.261395
0.260926
0.260926
0.260613
0.259830
0.259595
0.259282
0.258813
0.258343
0.258265
0.257717
0.257325
0.256934
0.256856
0.256386
0.255995
0.255838
0.255212
0.254899
0.254899
0.254429
0.254195
0.253725
0.253647
0.252864
0.252708
0.252551
0.252473
0.251533
0.251690
0.251455
0.251064
0.250751
0.250516
0.250203
0.249498
0.249342
0.248951
0.248794
0.248559
0.248246
0.248090
0.247698
0.247307
0.246916
0.246368
0.246133
0.245663
0.245272
0.245115
0.245037
0.244724
0.244333
0.243863
0.243628
0.243002
0.242846
0.242376
0.242141
0.241906
0.241593
0.241358
0.240810
0.240654
0.240184
0.239558
0.238932
0.238854
0.238775
0.238228
0.237836
0.237758
0.237523
0.236819
0.236584
0.236506
0.236349
0.235566
0.235723
0.235332
0.234862
0.234314
0.234236
0.233923
0.233688
0.233766
0.232984
0.232592
0.232123
0.232201
0.231496
0.231262
0.230949
0.230479
0.230166
0.229774
0.229774
0.229227
0.229070
0.228600
0.228444
0.228131
0.227505
0.227505
0.226957
0.226644
0.226409
0.225783
0.225626
0.225313
0.224765
0.224296
0.224217
0.223748
0.223278
0.222965
0.222495
0.222495
0.222261
0.221634
0.221634
0.221478
0.220695
0.220617
0.220304
0.219599
0.219286
0.219130
0.218504
0.218347
0.217877
0.217486
0.217330
0.216938
0.216077
0.216077
0.215608
0.215608
0.214825
0.214903
0.214434
0.213964
0.213729
0.213573
0.213103
0.212477
0.212320
0.211772
0.211694
0.211303
0.210911
0.210677
0.210442
0.209972
0.209503
0.208876
0.208876
0.208250
0.208015
0.207937
0.207389
0.206841
0.206685
0.205902
0.205433
0.205276
0.205119
0.204493
0.204180
0.204259
0.203789
0.203398
0.203084
0.202458
0.202380
0.201754
0.201519
0.201206
0.200658
0.200110
0.200267
0.199562
0.199093
0.198780
0.198310
0.197840
0.197684
0.197292
0.196823
0.196588
0.196197
0.196040
0.195414
0.195023
0.194553
0.194162
0.193692
0.193379
0.193144
0.192675
0.192205
0.191970
0.191422
0.191109
0.190718
0.190405
0.190170
0.189779
0.189231
0.188918
0.188605
0.188291
0.187822
0.187509
0.187117
0.186804
0.186335
0.186256
0.185943
0.185552
0.185004
0.184848
0.183987
0.183517
0.183360
0.183047
0.182969
0.182499
0.181873
0.181482
0.181482
0.180778
0.180308
0.179917
0.179760
0.179134
0.178977
0.178821
0.178429
0.177960
0.177725
0.177099
0.176551
0.176160
0.175925
0.175847
0.175377
0.174986
0.174751
0.174438
0.174046
0.173498
0.173107
0.172638
0.172481
0.172090
0.172168
0.171463
0.170837
0.170681
0.170368
0.169742
0.169194
0.168881
0.168646
0.168176
0.168020
0.167785
0.167550
0.167080
0.166846
0.166141
0.165593
0.165593
0.165202
0.164732
0.164732
0.164419
0.163950
0.163871
0.163323
0.162776
0.162541
0.162071
0.161680
0.161445
0.161054
0.160819
0.160584
0.160036
0.159488
0.159332
0.159019
0.158705
0.158158
0.157766
0.157375
0.156984
0.157062
0.156670
0.156201
0.155653
0.155105
0.154949
0.154635
0.154166
0.154244
0.153540
0.153305
0.152914
0.152522
0.152053
0.151661
0.151426
0.151192
0.150722
0.150331
0.150174
0.149704
0.149157
0.148922
0.148452
0.148061
0.147826
0.147748
0.147278
0.146887
0.146574
0.146182
0.145791
0.145321
0.145087
0.144773
0.144539
0.144226
0.143912
0.143521
0.143286
0.142817
0.142347
0.141877
0.141173
0.140782
0.140938
0.140469
0.140156
0.139764
0.139451
0.139138
0.138825
0.138121
0.137729
0.137729
0.137260
0.137103
0.136555
0.136164
0.135851
0.135616
0.134833
0.134520
0.134129
0.133816
0.133503
0.133033
0.132798
0.132094
0.132250
0.132015
0.131468
0.130841
0.130372
0.129980
0.129824
0.129120
0.128806
0.128572
0.127945
0.127711
0.127554
0.127163
0.126458
0.126224
0.125676
0.125284
0.125284
0.124815
0.124658
0.123797
0.123406
0.123171
0.122936
0.122467
0.121997
0.121762
0.121214
0.120823
0.120666
0.120197
0.120118
0.119414
0.118788
0.118397
0.117927
0.117144
0.117066
0.117144
0.116440
0.116362
0.115344
0.115344
0.115109
0.114170
0.114248
0.113779
0.112996
0.113074
0.112683
0.112135
0.111665
0.111274
0.111117
0.110726
0.110570
0.109943
0.109396
0.109004
0.108613
0.108221
0.107830
0.107360
0.106891
0.106421
0.106343
0.105873
0.105247
0.105325
0.104543
0.104230
0.103917
0.103604
0.103134
0.102977
0.102586
0.102195
0.101725
0.101334
0.101099
0.100629
0.099768
0.099534
0.099220
0.098829
0.098203
0.097890
0.097342
0.097107
0.096794
0.096403
0.095933
0.095463
0.095072
0.094759
0.094055
0.093742
0.093428
0.093194
0.093115
0.092098
0.092020
0.091550
0.091159
0.091002
0.090376
0.089906
0.089358
0.089280
0.088654
0.088184
0.087950
0.087558
0.087010
0.086541
0.085915
0.085523
0.084975
0.084975
0.084349
0.084114
0.083958
0.083332
0.082862
0.082627
0.082001
0.081688
0.080905
0.080670
0.080279
0.079888
0.079340
0.078714
0.078244
0.078009
0.077148
0.076914
0.076366
0.075974
0.075818
0.075583
0.074957
0.074879
0.074644
0.074018
0.073470
0.073000
0.072687
0.072374
0.071983
0.071435
0.071278
0.070730
0.070182
0.070104
0.069165
0.068695
0.068382
0.068382
0.067913
0.067286
0.067052
0.066738
0.066269
0.065643
0.064938
0.064547
0.064156
0.063842
0.063842
0.063138
0.062903
0.062434
0.061807
0.061494
0.060947
0.060242
0.059929
0.059772
0.059538
0.058911
0.058677
0.058207
0.057972
0.057346
0.056720
0.056016
0.056172
0.055624
0.055311
0.054763
0.054763
0.054372
0.053589
0.053198
0.052650
0.052102
0.051711
0.051554
0.051398
0.051006
0.050458
0.049910
0.049676
0.049050
0.048423
0.047797
0.047562
0.047093
0.047014
0.046545
0.045997
0.045527
0.045214
0.044745
0.043962
0.043805
0.043492
0.042788
0.042866
0.042240
0.041614
0.041144
0.040675
0.040048
0.039422
0.039109
0.038796
0.038248
0.037935
0.037544
0.037074
0.036448
0.036292
0.035431
0.035274
0.034804
0.034335
0.034100
0.033943
0.033396
0.033082
0.032769
0.031830
0.031439
0.030578
0.030421
0.030343
0.029717
0.029326
0.028778
0.028308
0.027917
0.027290
0.026586
0.026351
0.026038
0.025569
0.025569
0.024864
0.024473
0.024081
0.023612
0.023299
0.022438
0.022046
0.021812
0.021264
0.021029
0.020716
0.019620
0.019464
0.019307
0.018603
0.017976
0.017585
0.017272
0.016802
0.016568
0.016020
0.015550
0.015393
0.014846
0.014376
0.014063
0.013124
0.012967
0.012654
0.012106
0.011793
0.011167
0.010462
0.010149
0.009836
0.009054
0.008662
0.008114
0.007958
0.007253
0.007175
0.006392
0.006079
0.005531
0.005062
0.004827
0.003966
0.003496
0.003105
0.002636
0.002479
0.001853
0.001383
0.000835
0.000444
-0.000182
-0.000965
-0.001043
-0.001278
-0.001591
-0.001982
-0.002452
-0.003156
-0.003470
-0.003939
-0.004330
-0.005035
-0.005583
-0.005896
-0.005974
-0.006679
-0.007226
-0.007774
-0.008244
-0.008635
-0.009418
-0.009809
-0.010749
-0.010983
-0.011375
-0.011844
-0.012079
-0.012862
-0.013488
-0.013879
-0.014349
-0.014819
-0.015523
-0.015758
-0.016619
-0.017088
-0.017871
-0.018184
-0.018889
-0.019358
-0.019593
-0.020376
-0.021002
-0.021315
-0.022019
-0.022646
-0.022959
-0.023428
-0.024289
-0.024915
-0.025307
-0.025698
-0.026090
-0.026637
-0.027185
-0.027498
-0.028281
-0.028829
-0.029925
-0.029925
-0.030551
-0.031099
-0.031412
-0.032116
-0.032351
-0.032664
-0.033290
-0.034230
-0.035012
-0.035247
-0.035717
-0.036343
-0.036969
-0.037439
-0.037830
-0.038456
-0.038769
-0.040100
-0.040569
-0.040882
-0.041665
-0.042213
-0.042526
-0.043074
-0.043231
-0.043778
-0.044483
-0.044718
-0.045422
-0.046283
-0.046674
-0.047222
-0.047457
-0.048553
-0.048709
-0.049570
-0.050275
-0.050979
-0.051605
-0.051997
-0.052545
-0.053171
-0.053640
-0.054267
-0.055128
-0.055284
-0.055989
-0.056850
-0.057632
-0.058180
-0.058258
-0.059119
-0.059902
-0.060450
-0.060763
-0.061311
-0.062015
-0.063033
-0.063581
-0.063894
-0.064598
-0.065146
-0.066007
-0.066007
-0.066555
-0.067103
-0.067572
-0.068668
-0.069060
-0.069686
-0.070234
-0.070938
-0.071408
-0.072190
-0.072582
-0.072973
-0.073912
-0.074539
-0.075086
-0.075321
-0.076104
-0.076260
-0.076808
-0.077356
-0.078139
-0.078217
-0.079313
-0.080252
-0.081191
-0.081348
-0.082131
-0.082679
-0.083070
-0.084087
-0.084244
-0.084714
-0.085183
-0.086357
-0.086983
-0.087453
-0.087844
-0.088314
-0.088940
-0.089566
-0.090506
-0.090975
-0.091445
-0.092149
-0.092854
-0.093636
-0.093871
-0.094497
-0.094889
-0.095671
-0.095984
-0.096611
-0.097237
-0.097785
-0.099115
-0.099663
-0.099820
-0.100289
-0.100837
-0.101463
-0.102089
-0.102559
-0.103107
-0.103733
-0.104751
-0.105299
-0.105846
-0.106316
-0.106864
-0.107490
-0.108195
-0.108664
-0.109212
-0.109838
-0.110934
-0.111873
-0.112265
-0.112969
-0.113282
-0.113830
-0.114300
-0.115317
-0.115317
-0.116100
-0.117117
-0.118213
-0.118683
-0.119074
-0.119622
-0.120092
-0.120796
-0.121657
-0.122048
-0.122831
-0.123692
-0.124866
-0.125179
-0.125649
-0.126197
-0.126823
-0.127527
-0.128075
-0.128466
-0.129093
-0.129954
-0.130893
-0.131519
-0.132223
-0.132536
-0.133006
-0.133710
-0.134337
-0.134728
-0.135667
-0.136372
-0.137467
-0.138094
-0.138641
-0.139033
-0.139346
-0.140129
-0.140598
-0.141537
-0.142242
-0.143025
-0.143964
-0.144981
-0.145294
-0.145764
-0.146468
-0.146938
-0.147721
-0.148190
-0.148817
-0.149521
-0.150773
-0.151634
-0.151791
-0.152495
-0.152887
-0.153121
-0.153982
-0.154843
-0.155469
-0.155783
-0.156330
-0.157426
-0.158444
-0.158757
-0.159148
-0.159931
-0.160557
-0.161731
-0.162670
-0.162983
-0.163531
-0.164705
-0.165331
-0.165723
-0.166584
-0.167288
-0.167523
-0.168149
-0.168932
-0.169480
-0.170419
-0.170967
-0.172219
-0.172611
-0.172924
-0.173628
-0.174019
-0.174802
-0.175741
-0.176133
-0.176446
-0.177620
-0.178246
-0.179185
-0.179733
-0.180124
-0.180672
-0.181220
-0.182394
-0.182864
-0.183647
-0.184116
-0.185055
-0.185995
-0.186464
-0.186934
-0.187482
-0.187951
-0.188812
-0.189908
-0.190378
-0.190769
-0.191552
-0.192569
-0.193039
-0.193665
-0.193978
-0.194761
-0.195074
-0.195935
-0.196483
-0.197344
-0.197892
-0.198674
-0.199614
-0.200553
-0.201101
-0.201805
-0.202353
-0.202979
-0.203918
-0.204779
-0.205327
-0.206110
-0.207049
-0.207441
-0.207910
-0.208615
-0.208771
-0.209241
-0.210806
-0.211589
-0.212137
-0.212372
-0.213467
-0.214172
-0.214407
-0.215268
-0.215737
-0.216285
-0.217303
-0.218085
-0.218633
-0.219103
-0.220042
-0.220825
-0.221529
-0.221686
-0.222234
-0.222703
-0.223251
-0.224503
-0.224895
-0.225834
-0.226460
-0.227243
-0.227634
-0.228260
-0.228887
-0.229513
-0.230139
-0.230843
-0.231704
-0.232252
-0.232487
-0.233426
-0.233583
-0.234600
-0.234835
-0.234992
-0.236009
-0.236714
-0.237340
-0.237731
-0.238357
-0.238749
-0.239688
-0.240392
-0.241331
-0.241879
-0.242114
-0.242975
-0.243445
-0.244227
-0.244697
-0.245088
-0.245558
-0.246419
-0.247045
-0.247280
-0.247750
-0.248454
-0.249002
-0.249706
-0.250332
-0.250802
-0.251428
-0.251976
-0.252837
-0.253150
-0.253307
-0.253776
-0.254324
-0.255498
-0.256046
-0.256516
-0.256594
-0.257220
-0.257925
-0.258238
-0.258707
-0.259177
-0.259647
-0.260508
-0.261055
-0.261682
-0.261995
-0.262308
-0.262934
-0.263482
-0.263951
-0.264499
-0.264499
-0.265125
-0.265908
-0.266613
-0.266769
-0.267082
-0.267552
-0.268178
-0.268726
-0.269117
-0.269743
-0.269822
-0.270683
-0.271465
-0.271622
-0.271935
-0.272091
-0.272796
-0.273187
-0.273813
-0.273970
-0.274361
-0.274753
-0.275144
-0.275692
-0.276083
-0.276396
-0.276866
-0.277022
-0.277649
-0.277883
-0.278275
-0.278510
-0.278901
-0.279527
-0.279997
-0.280701
-0.280545
-0.281484
-0.281797
-0.282032
-0.282423
-0.282658
-0.283128
-0.283519
-0.283988
-0.284302
-0.284536
-0.285084
-0.285319
-0.285867
-0.286023
-0.286258
-0.286415
-0.286963
-0.287432
-0.287511
-0.287824
-0.288137
-0.288215
-0.288450
-0.288998
-0.289154
-0.289624
-0.289702
-0.290094
-0.290485
-0.290720
-0.290876
-0.291111
-0.291659
-0.291659
-0.291815
-0.292442
-0.292442
-0.292598
-0.293146
-0.293381
-0.293850
-0.293616
-0.293929
-0.294242
-0.294085
-0.294711
-0.294711
-0.294868
-0.295103
-0.295181
-0.295651
-0.295651
-0.296120
-0.295807
-0.296199
-0.296512
-0.296668
-0.296981
-0.297216
-0.297294
-0.297451
-0.297607
-0.297764
-0.298155
-0.297842
-0.298155
-0.298390
-0.298703
-0.298547
-0.298781
-0.298938
-0.299251
-0.299642
-0.299877
-0.299564
-0.299877
-0.300034
-0.299956
-0.300034
-0.300190
-0.300425
-0.300660
-0.300738
-0.300973
-0.301051
-0.301130
-0.301130
-0.301364
-0.301051
-0.301051
-0.301443
-0.301599
-0.301599
-0.301834
-0.302069
-0.301912
-0.302147
-0.301991
-0.301991
-0.302069
-0.302069
-0.302225
-0.302695
-0.302304
-0.302617
-0.302695
-0.302851
-0.302851
-0.302773
-0.302773
-0.302695
-0.302851
-0.303165
-0.302930
-0.303165
-0.303086
-0.303321
-0.303321
-0.303243
-0.303321
-0.303165
-0.303321
-0.303165
-0.303086
-0.303243
-0.303399
-0.303478
-0.303399
-0.303712
-0.303399
-0.303321
-0.303008
-0.303399
-0.303478
-0.303321
-0.303165
-0.303165
-0.303086
-0.303321
-0.303321
-0.303399
-0.303165
-0.303399
-0.303086
-0.303008
-0.302930
-0.303008
-0.303243
-0.303321
-0.303165
-0.303399
-0.303321
-0.303165
-0.303243
-0.303165
-0.302851
-0.302617
-0.303008
-0.302695
-0.302773
-0.302930
-0.303165
-0.303165
-0.302695
-0.302695
-0.302460
-0.302304
-0.302538
-0.302460
-0.302382
-0.302147
-0.302538
-0.302538
-0.302617
-0.302382
-0.302304
-0.302304
-0.302147
-0.302069
-0.302069
-0.302069
-0.302069
-0.301912
-0.302147
-0.302225
-0.301991
-0.301834
-0.301677
-0.301756
-0.301677
-0.301443
-0.301834
-0.301599
-0.301208
-0.301599
-0.301756
-0.301521
-0.301599
-0.301286
-0.301130
-0.301051
-0.301051
-0.300738
-0.300895
-0.300895
-0.300816
-0.301051
-0.300973
-0.301051
-0.300895
-0.300660
-0.300582
-0.300347
-0.300660
-0.300425
-0.300347
-0.300425
-0.300660
-0.300503
-0.300269
-0.300034
-0.299956
-0.300190
-0.299956
-0.299799
-0.300034
-0.300269
-0.299721
-0.299721
-0.299486
-0.299408
-0.299251
-0.299329
-0.299173
-0.299251
-0.299408
-0.299173
-0.299251
-0.299564
-0.299408
-0.299095
-0.299095
-0.298860
-0.298781
-0.298625
-0.298390
-0.298468
-0.298468
-0.298468
-0.298468
-0.298468
-0.298547
-0.298155
-0.298390
-0.297999
-0.298312
-0.298234
-0.298155
-0.298312
-0.297999
-0.297999
-0.298312
-0.298234
-0.298077
-0.297999
-0.297920
-0.297920
-0.297686
-0.297920
-0.297529
-0.297529
-0.297607
-0.297686
-0.297529
-0.297373
-0.297529
-0.297294
-0.297294
-0.296981
-0.297138
-0.297216
-0.297451
-0.297451
-0.297373
-0.297138
-0.297060
-0.296903
-0.297138
-0.296825
-0.296903
-0.296903
-0.296981
-0.296981
-0.297216
-0.297216
-0.296981
-0.296825
-0.296668
-0.296825
-0.296590
-0.296590
-0.296668
-0.296433
-0.296355
-0.296590
-0.296825
-0.296825
-0.296590
-0.296433
-0.296355
-0.296512
-0.296355
-0.296433
-0.296277
-0.296120
-0.296199
-0.296355
-0.296746
-0.296199
-0.296199
-0.296512
-0.296277
-0.296277
-0.296277
-0.296433
-0.296355
-0.296277
-0.296590
-0.296590
-0.296120
-0.296277
-0.296042
-0.296120
-0.296355
-0.296512
-0.296668
-0.296199
-0.296668
-0.296668
-0.296668
-0.296590
-0.296355
-0.296433
-0.296512
-0.296277
-0.296433
-0.296277
-0.296199
-0.296825
-0.296512
-0.296512
-0.296746
-0.296668
-0.296590
-0.296668
-0.296668
-0.296590
-0.296590
-0.296590
-0.296668
-0.296668
-0.296746
-0.296981
-0.296512
-0.296903
-0.296746
-0.296981
-0.296981
-0.296981
-0.297060
-0.297138
-0.297294
-0.297060
-0.297060
-0.297216
-0.297138
-0.297529
-0.297373
-0.297529
-0.297686
-0.297529
-0.297686
-0.297842
-0.297607
-0.297842
-0.297764
-0.298155
-0.297999
-0.297764
-0.297920
-0.297999
-0.298312
-0.298234
-0.298390
-0.298234
-0.298468
-0.298390
-0.298390
-0.298781
-0.298703
-0.299016
-0.298860
-0.298703
-0.298938
-0.299173
-0.299173
-0.299095
-0.299486
-0.299564
-0.299408
-0.299721
-0.299642
-0.299564
-0.299486
-0.299564
-0.299877
-0.300112
-0.300112
-0.300034
-0.300112
-0.300425
-0.300503
-0.300503
-0.300347
-0.300347
-0.300503
-0.300738
-0.300895
-0.300816
-0.300816
-0.300973
-0.300973
-0.301677
-0.301364
-0.301756
-0.301834
-0.301834
-0.301756
-0.301677
-0.301991
-0.301834
-0.302304
-0.302460
-0.302695
-0.302538
-0.302617
-0.302695
-0.302695
-0.302773
-0.303086
-0.303243
-0.303086
-0.303086
-0.303321
-0.303243
-0.303556
-0.303712
-0.303712
-0.303556
-0.303791
-0.303791
-0.303947
-0.304026
-0.304104
-0.304182
-0.304495
-0.304573
-0.305043
-0.304965
-0.305043
-0.305121
-0.305278
-0.304887
-0.305434
-0.305434
-0.305591
-0.305904
-0.305826
-0.305904
-0.306452
-0.306295
-0.306061
-0.306374
-0.306139
-0.306530
-0.306608
-0.307078
-0.307235
-0.307156
-0.307469
-0.307861
-0.307782
-0.307704
-0.307626
-0.307469
-0.308096
-0.308017
-0.308096
-0.308409
-0.308722
-0.309035
-0.309191
-0.309113
-0.309270
-0.309035
-0.309426
-0.309426
-0.309504
-0.309818
-0.310052
-0.310131
-0.310444
-0.310757
-0.310835
-0.310757
-0.311305
-0.311383
-0.311383
-0.311148
-0.311461
-0.311305
-0.311618
-0.311853
-0.312087
-0.312244
-0.312322
-0.312635
-0.312792
-0.312713
-0.312870
-0.313027
-0.313183
-0.313418
-0.313653
-0.313966
-0.314122
-0.314044
-0.314279
-0.314279
-0.314357
-0.314279
-0.314827
-0.314670
-0.314983
-0.315609
-0.315844
-0.315844
-0.315766
-0.316157
-0.315923
-0.316314
-0.316392
-0.316392
-0.316549
-0.316705
-0.316862
-0.317253
-0.317331
-0.317644
-0.317566
-0.317879
-0.317723
-0.317879
-0.318427
-0.318036
-0.318349
-0.318819
-0.318740
-0.319132
-0.319366
-0.319445
-0.320071
-0.319993
-0.320149
-0.320384
-0.320384
-0.320854
-0.320854
-0.321088
-0.321636
-0.321636
-0.321715
-0.321871
-0.322419
-0.322341
-0.322810
-0.322732
-0.322732
-0.322967
-0.323202
-0.323436
-0.323436
-0.323828
-0.323828
-0.324063
-0.324063
-0.324376
-0.324454
-0.324767
-0.324924
-0.325158
-0.325315
-0.325550
-0.325706
-0.325785
-0.326098
-0.326489
-0.326646
-0.326567
-0.326880
-0.326724
-0.326959
-0.327428
-0.327663
-0.327820
-0.327976
-0.328054
-0.328367
-0.328211
-0.328367
-0.328602
-0.328915
-0.328915
-0.329228
-0.329307
-0.329776
-0.329933
-0.330168
-0.330559
-0.330559
-0.330559
-0.330637
-0.331185
-0.331185
-0.331420
-0.331811
-0.332046
-0.331890
-0.332281
-0.332672
-0.332751
-0.332751
-0.333220
-0.333298
-0.333612
-0.333768
-0.334003
-0.334238
-0.334472
-0.334707
-0.335099
-0.335099
-0.335490
-0.335647
-0.335412
-0.335647
-0.336194
-0.335960
-0.336586
-0.336586
-0.336977
-0.337290
-0.337760
-0.337682
-0.337525
-0.337682
-0.338151
-0.338464
-0.338386
-0.338777
-0.338934
-0.339247
-0.339638
-0.340108
-0.340108
-0.340186
-0.340264
-0.340891
-0.340812
-0.341282
-0.341517
-0.341517
-0.341595
-0.341673
-0.342221
-0.342378
-0.342691
-0.342691
-0.342926
-0.343239
-0.343317
-0.343787
-0.343630
-0.343787
-0.344021
-0.344413
-0.344648
-0.344961
-0.345195
-0.345117
-0.345665
-0.345665
-0.345978
-0.346135
-0.346526
-0.346839
-0.346917
-0.346996
-0.347230
-0.347465
-0.347622
-0.347935
-0.348013
-0.348170
-0.348248
-0.348718
-0.348952
-0.349187
-0.349735
-0.349579
-0.349970
-0.349892
-0.350126
-0.350440
-0.351144
-0.351144
-0.351222
-0.351535
-0.351770
-0.351927
-0.352318
-0.352631
-0.352788
-0.352553
-0.353101
-0.353492
-0.353414
-0.353570
-0.353492
-0.354196
-0.354275
-0.354353
-0.354901
-0.355136
-0.355214
-0.355605
-0.355762
-0.356075
-0.356153
-0.356545
-0.356858
-0.357249
-0.357249
-0.357562
-0.357640
-0.357719
-0.358267
-0.358267
-0.358423
-0.358736
-0.359049
-0.359049
-0.359441
-0.359910
-0.359988
-0.360145
-0.360536
-0.360849
-0.361084
-0.361397
-0.361789
-0.362102
-0.362258
-0.362650
-0.362884
-0.363119
-0.363354
-0.363589
-0.363824
-0.363902
-0.364215
-0.364293
-0.364450
-0.364841
-0.364919
-0.365233
-0.365859
-0.365780
-0.366093
-0.366328
-0.366485
-0.366563
-0.366876
-0.367346
-0.367737
-0.367972
-0.368050
-0.368207
-0.368520
-0.368442
-0.368598
-0.368911
-0.369224
-0.369694
-0.369694
-0.370242
-0.370477
-0.370633
-0.370868
-0.370946
-0.370946
-0.371651
-0.371729
-0.372120
-0.372199
-0.372355
-0.372668
-0.372746
-0.373138
-0.373764
-0.373842
-0.373920
-0.374390
-0.374625
-0.374781
-0.374860
-0.375486
-0.375721
-0.375877
-0.376112
-0.376347
-0.376738
-0.376816
-0.377051
-0.377130
-0.377677
-0.377677
-0.377990
-0.378069
-0.378538
-0.378851
-0.379008
-0.379086
-0.379634
-0.379712
-0.380026
-0.380260
-0.380495
-0.380965
-0.381200
-0.381669
-0.381982
-0.381982
-0.382217
-0.382608
-0.382452
-0.382608
-0.383235
-0.383391
-0.383626
-0.383939
-0.384174
-0.384409
-0.384878
-0.385191
-0.385348
-0.385739
-0.386287
-0.386052
-0.386522
-0.386835
-0.386913
-0.386913
-0.387539
-0.387774
-0.387852
-0.388479
-0.388479
-0.388948
-0.389027
-0.389418
-0.389340
-0.389496
-0.390044
-0.390201
-0.390201
-0.390670
-0.390905
-0.391218
-0.391453
-0.391531
-0.391923
-0.392314
-0.392627
-0.392940
-0.392940
-0.393488
-0.393566
-0.393958
-0.394271
-0.394662
-0.394818
-0.395132
-0.395523
-0.395914
-0.395836
-0.396071
-0.396619
-0.396619
-0.396932
-0.397245
-0.397558
-0.397793
-0.397949
-0.398341
-0.398732
-0.398810
-0.399045
-0.399436
-0.399515
-0.400141
-0.400219
-0.400532
-0.400845
-0.401550
-0.401315
-0.401785
-0.401941
-0.402567
-0.402567
-0.402802
-0.403037
-0.403272
-0.403663
-0.403820
-0.404367
-0.404602
-0.404602
-0.404915
-0.405228
-0.405150
-0.405620
-0.406089
-0.406168
-0.406481
-0.406559
-0.407107
-0.407342
-0.407576
-0.407968
-0.407890
-0.408516
-0.408985
-0.408907
-0.408985
-0.409533
-0.409690
-0.409925
-0.410159
-0.410472
-0.410864
-0.410942
-0.411412
-0.411881
-0.412038
-0.412194
-0.412507
-0.412664
-0.412899
-0.413290
-0.413603
-0.413682
-0.414229
-0.414621
-0.414386
-0.415012
-0.415090
-0.415795
-0.415638
-0.415873
-0.416264
-0.416891
-0.416812
-0.417204
-0.417517
-0.417517
-0.418143
-0.418456
-0.418378
-0.418613
-0.419004
-0.419239
-0.419473
-0.419787
-0.420178
-0.420569
-0.420491
-0.421117
-0.421274
-0.421508
-0.421978
-0.422291
-0.422369
-0.422448
-0.422917
-0.423230
-0.423387
-0.423622
-0.423857
-0.424404
-0.424718
-0.424718
-0.425187
-0.425422
-0.425892
-0.425970
-0.426048
-0.426439
-0.426674
-0.427222
-0.427379
-0.427692
-0.428005
-0.428083
-0.428396
-0.428553
-0.428788
-0.429101
-0.429257
-0.429570
-0.429962
-0.430510
-0.430588
-0.430901
-0.431057
-0.431136
-0.431449
-0.431527
-0.431997
-0.432545
-0.432231
-0.432466
-0.432858
-0.433014
-0.433327
-0.433719
-0.433953
-0.434345
-0.434423
-0.435049
-0.435284
-0.435206
-0.435675
-0.436067
-0.436067
-0.436615
-0.436771
-0.437162
-0.437319
-0.437632
-0.437945
-0.438102
-0.438493
-0.438728
-0.438884
-0.439119
-0.439432
-0.439745
-0.440137
-0.440372
-0.440763
-0.440763
-0.441389
-0.441624
-0.441859
-0.442172
-0.442563
-0.442563
-0.443111
-0.443502
-0.443581
-0.444050
-0.444207
-0.444363
-0.444520
-0.445068
-0.445459
-0.445616
-0.445616
-0.446242
-0.446398
-0.446633
-0.446868
-0.447181
-0.447494
-0.448042
-0.447964
-0.448355
-0.448512
-0.449059
-0.449216
-0.449373
-0.449607
-0.449920
-0.450312
-0.450468
-0.450390
-0.451251
-0.451173
-0.451799
-0.452034
-0.452347
-0.452269
-0.452503
-0.452816
-0.453051
-0.453443
-0.453677
-0.454069
-0.454304
-0.454851
-0.455243
-0.455321
-0.455478
-0.455712
-0.455869
-0.456339
-0.456417
-0.456808
-0.457043
-0.457513
-0.457591
-0.457904
-0.458060
-0.458295
-0.458530
-0.458921
-0.459391
-0.459548
-0.459704
-0.460409
-0.460096
-0.460487
-0.461113
-0.461191
-0.461583
-0.462365
-0.462287
-0.462757
-0.462678
-0.462835
-0.463383
-0.463618
-0.463774
-0.464087
-0.464713
-0.464713
-0.465105
-0.465105
-0.465574
-0.465966
-0.466201
-0.466357
-0.466592
-0.467218
-0.467218
-0.467688
-0.468157
-0.468157
-0.468236
-0.468705
-0.469018
-0.469488
-0.469644
-0.470036
-0.470427
-0.470662
-0.470897
-0.471366
-0.471523
-0.471758
-0.471993
-0.472227
-0.472697
-0.472619
-0.473088
-0.473245
-0.473558
-0.473793
-0.474184
-0.474419
-0.474654
-0.474888
-0.475202
-0.475593
-0.475984
-0.476219
-0.476532
-0.476532
-0.477237
-0.477393
-0.477863
-0.477706
-0.478176
-0.478411
-0.478802
-0.478959
-0.479272
-0.479428
-0.480367
-0.480759
-0.480680
-0.480994
-0.481150
-0.481698
-0.481933
-0.481698
-0.482402
-0.482715
-0.482872
-0.483342
-0.483733
-0.483890
-0.484203
-0.484672
-0.484672
-0.485220
-0.485455
-0.485846
-0.486159
-0.486551
-0.486629
-0.486864
-0.487255
-0.487646
-0.487412
-0.487960
-0.488038
-0.488586
-0.488821
-0.489368
-0.489447
-0.489838
-0.490229
-0.490699
-0.490934
-0.491325
-0.491325
-0.491717
-0.491951
-0.492108
-0.492734
-0.492891
-0.493125
-0.493360
-0.493830
-0.494143
-0.494456
-0.494847
-0.495004
-0.495160
-0.495630
-0.496021
-0.496021
-0.496178
-0.496647
-0.496882
-0.497117
-0.497430
-0.497587
-0.497822
-0.498135
-0.498604
-0.498917
-0.498917
-0.499387
-0.499778
-0.499700
-0.500326
-0.500170
-0.500718
-0.501031
-0.501422
-0.501657
-0.501892
-0.502439
-0.502753
-0.503144
-0.503066
-0.503379
-0.503614
-0.503692
-0.504318
-0.504709
-0.505179
-0.505101
-0.505805
-0.506353
-0.506275
-0.506353
-0.507057
-0.507214
-0.507292
-0.507605
-0.507762
-0.507997
-0.508388
-0.508701
-0.508858
-0.509327
-0.509719
-0.510032
-0.509875
-0.510501
-0.510893
-0.511127
-0.511127
-0.511675
-0.511910
-0.512458
-0.512693
-0.512849
-0.513319
-0.513476
-0.513867
-0.514023
-0.514493
-0.514493
-0.515041
-0.515197
-0.515119
-0.515589
-0.516215
-0.516293
-0.516841
-0.517154
-0.517389
-0.517702
-0.518093
-0.518250
-0.518563
-0.518485
-0.518720
-0.519267
-0.519502
-0.520050
-0.520285
-0.520520
-0.520911
-0.521146
-0.521224
-0.521616
-0.521929
-0.522242
-0.522711
-0.522946
-0.523103
-0.523416
-0.523807
-0.523885
-0.524277
-0.524277
-0.524981
-0.525373
-0.525059
-0.525686
-0.526077
-0.526547
-0.526547
-0.527094
-0.527173
-0.527564
-0.527721
-0.528190
-0.528112
-0.528582
-0.528895
-0.529286
-0.529286
-0.529364
-0.529599
-0.529990
-0.529912
-0.530538
-0.530773
-0.531321
-0.531556
-0.531791
-0.532260
-0.532417
-0.533121
-0.533199
-0.533434
-0.533513
-0.533747
-0.533982
-0.534530
-0.534843
-0.534921
-0.535313
-0.535626
-0.535939
-0.535939
-0.536330
-0.536487
-0.536800
-0.536878
-0.537191
-0.537504
-0.537974
-0.538130
-0.538287
-0.538835
-0.539070
-0.539383
-0.539539
-0.540009
-0.540087
-0.540635
-0.540713
-0.541026
-0.541653
-0.541966
-0.542357
-0.542435
-0.542670
-0.542983
-0.543140
-0.543609
-0.543844
-0.544001
-0.544392
-0.544549
-0.544783
-0.545018
-0.545566
-0.545566
-0.546036
-0.545879
-0.546584
-0.546505
-0.546897
-0.547445
-0.547445
-0.547992
-0.547992
-0.548384
-0.548775
-0.549010
-0.549245
-0.549714
-0.550262
-0.550341
-0.550497
-0.550810
-0.551202
-0.551358
-0.551671
-0.552063
-0.552219
-0.552689
-0.553002
-0.553315
-0.553550
-0.553863
-0.554019
-0.554019
-0.554567
-0.555037
-0.555272
-0.555428
-0.555898
-0.555976
-0.555976
-0.556602
-0.556759
-0.557072
-0.557933
-0.558168
-0.558089
-0.558402
-0.558794
-0.558715
-0.559107
-0.559420
-0.559733
-0.559811
-0.560750
-0.560672
-0.561064
-0.561064
-0.561533
-0.562081
-0.562159
-0.562785
-0.562864
-0.563255
-0.563333
-0.563725
-0.564194
-0.564273
-0.564586
-0.564899
-0.565134
-0.565760
-0.565995
-0.566229
-0.566386
-0.566621
-0.567169
-0.567247
-0.567638
-0.568030
-0.568343
-0.568656
-0.568734
-0.569438
-0.569830
-0.569751
-0.569751
-0.570143
-0.570378
-0.570847
-0.571160
-0.571552
-0.571865
-0.572178
-0.572647
-0.572726
-0.573039
-0.573117
-0.573508
-0.573822
-0.573822
-0.574369
-0.574604
-0.575074
-0.575074
-0.575465
-0.575778
-0.576091
-0.576170
-0.576483
-0.576483
-0.576874
-0.577265
-0.577735
-0.577892
-0.578126
-0.578674
-0.578987
-0.579379
-0.579457
-0.579848
-0.580161
-0.580709
-0.580631
-0.581101
-0.581257
-0.581727
-0.581805
-0.582040
-0.582509
-0.582744
-0.583214
-0.583605
-0.583762
-0.583997
-0.584075
-0.584701
-0.584701
-0.584936
-0.585484
-0.585640
-0.586110
-0.586658
-0.586971
-0.587049
-0.587597
-0.587597
-0.587754
-0.588067
-0.588615
-0.588771
-0.589475
-0.589084
-0.589632
-0.590258
-0.590415
-0.590650
-0.590884
-0.591041
-0.591354
-0.591902
-0.591902
-0.592528
-0.592998
-0.592919
-0.593232
-0.593154
-0.593937
-0.594250
-0.594485
-0.594798
-0.594954
-0.595267
-0.595815
-0.595894
-0.596207
-0.596363
-0.596833
-0.597068
-0.597224
-0.597459
-0.598163
-0.598320
-0.598711
-0.598946
-0.599181
-0.599494
-0.599651
-0.600277
-0.600590
-0.600825
-0.601216
-0.601842
-0.601920
-0.602155
-0.602781
-0.603251
-0.603329
-0.603642
-0.604034
-0.604347
-0.604190
-0.604582
-0.604973
-0.605208
-0.605677
-0.605990
-0.605990
-0.606225
-0.606773
-0.607243
-0.607556
-0.607634
-0.607947
-0.608495
-0.608338
-0.609043
-0.609199
-0.609591
-0.609669
-0.609982
-0.610374
-0.610452
-0.611156
-0.611548
-0.611548
-0.611861
-0.612252
-0.612565
-0.612800
-0.613191
-0.613348
-0.613974
-0.614130
-0.614287
-0.614600
-0.614913
-0.615539
-0.615305
-0.615696
-0.616009
-0.616165
-0.616870
-0.617261
-0.617574
-0.617496
-0.618044
-0.618200
-0.618200
-0.618592
-0.618983
-0.619375
-0.619140
-0.619688
-0.620236
-0.620079
-0.620392
-0.620783
-0.621175
-0.621801
-0.621801
-0.622192
-0.622662
-0.622584
-0.623210
-0.623445
-0.623366
-0.624227
-0.624306
-0.624384
-0.624619
-0.625010
-0.625245
-0.625480
-0.625871
-0.626262
-0.626419
-0.626810
-0.627202
-0.627436
-0.627671
-0.628062
-0.628141
-0.628689
-0.629002
-0.629158
-0.629237
-0.629784
-0.630019
-0.630567
-0.630880
-0.630958
-0.631350
-0.631506
-0.631898
-0.632367
-0.632680
-0.632837
-0.633307
-0.633385
-0.633620
-0.633698
-0.634168
-0.634637
-0.634950
-0.635028
-0.635342
-0.635733
-0.636359
-0.636359
-0.636750
-0.637064
-0.637298
-0.637690
-0.637924
-0.638081
-0.638551
-0.638629
-0.638707
-0.639255
-0.639490
-0.639881
-0.640194
-0.640507
-0.640664
-0.641055
-0.641368
-0.641838
-0.642229
-0.642308
-0.642699
-0.642934
-0.643247
-0.643795
-0.643795
-0.644343
-0.644264
-0.644577
-0.644890
-0.645047
-0.645438
-0.645438
-0.645908
-0.646065
-0.646534
-0.647004
-0.647082
-0.647630
-0.647473
-0.647943
-0.648100
-0.648569
-0.648961
-0.649039
-0.649352
-0.649978
-0.650135
-0.650291
-0.650369
-0.650996
-0.651230
-0.651309
-0.651700
