-0.535000
-0.535078
-0.535391
-0.535548
-0.535939
-0.536487
-0.536643
-0.536800
-0.537270
-0.537739
-0.537817
-0.538052
-0.538287
-0.538600
-0.538991
-0.539226
-0.539618
-0.539852
-0.540166
-0.540166
-0.540713
-0.541026
-0.541105
-0.541574
-0.542044
-0.542279
-0.542514
-0.542827
-0.542983
-0.543375
-0.543375
-0.543766
-0.544236
-0.544549
-0.544627
-0.544862
-0.545410
-0.545566
-0.545723
-0.546271
-0.546505
-0.546740
-0.547053
-0.547445
-0.547758
-0.548071
-0.548149
-0.548462
-0.548853
-0.549167
-0.549088
-0.549480
-0.549714
-0.550027
-0.550419
-0.550575
-0.550732
-0.550732
-0.551123
-0.551436
-0.551671
-0.552141
-0.552532
-0.553002
-0.552923
-0.553628
-0.553706
-0.554176
-0.554332
-0.554489
-0.554880
-0.555037
-0.555585
-0.555741
-0.555819
-0.556211
-0.556524
-0.556994
-0.557307
-0.557541
-0.557776
-0.558168
-0.558637
-0.559029
-0.558794
-0.559107
-0.559733
-0.559655
-0.560203
-0.560594
-0.561064
-0.561220
-0.561690
-0.562081
-0.562472
-0.562551
-0.563177
-0.563177
-0.563177
-0.563646
-0.563881
-0.564116
-0.564507
-0.565055
-0.565134
-0.565447
-0.565525
-0.565760
-0.566073
-0.566621
-0.566934
-0.567247
-0.567247
-0.567638
-0.567795
-0.567951
-0.568577
-0.568812
-0.569125
-0.569360
-0.569595
-0.569673
-0.570221
-0.570378
-0.570612
-0.570926
-0.571317
-0.571708
-0.571943
-0.572413
-0.572961
-0.573039
-0.573352
-0.573195
-0.573900
-0.574213
-0.574526
-0.574839
-0.575465
-0.575230
-0.575622
-0.575778
-0.576248
-0.576717
-0.576717
-0.576874
-0.577422
-0.577892
-0.578126
-0.578361
-0.578596
-0.578909
-0.579300
-0.579613
-0.579927
-0.580161
-0.580631
-0.580553
-0.581101
-0.581335
-0.581570
-0.581962
-0.581962
-0.582509
-0.582823
-0.582901
-0.583214
-0.583292
-0.583918
-0.584310
-0.584623
-0.584701
-0.585327
-0.585484
-0.585953
-0.585953
-0.586345
-0.586658
-0.587049
-0.587127
-0.587910
-0.588145
-0.588380
-0.588615
-0.588849
-0.589475
-0.589475
-0.589945
-0.590336
-0.590336
-0.590806
-0.591119
-0.591197
-0.591980
-0.592058
-0.592528
-0.592685
-0.593232
-0.593232
-0.593702
-0.593624
-0.593937
-0.594406
-0.594641
-0.595189
-0.595267
-0.595659
-0.595894
-0.596363
-0.596755
-0.596755
-0.597068
-0.597537
-0.597694
-0.597929
-0.598320
-0.598398
-0.598711
-0.599337
-0.599807
-0.600042
-0.600198
-0.600590
-0.600981
-0.601529
-0.601686
-0.602233
-0.602233
-0.602781
-0.603094
-0.603329
-0.603642
-0.603799
-0.604112
-0.604425
-0.604895
-0.605129
-0.605286
-0.605756
-0.605834
-0.606460
-0.606538
-0.607164
-0.607321
-0.607478
-0.607947
-0.608260
-0.608573
-0.608573
-0.608886
-0.609121
-0.609513
-0.609747
-0.610139
-0.610530
-0.610608
-0.611078
-0.611156
-0.611391
-0.611626
-0.612095
-0.612330
-0.612878
-0.612878
-0.613348
-0.613739
-0.613661
-0.614130
-0.614444
-0.614757
-0.615226
-0.615383
-0.615696
-0.616322
-0.616400
-0.616400
-0.616870
-0.617105
-0.617340
-0.617574
-0.617809
-0.617887
-0.618279
-0.618514
-0.618827
-0.619375
-0.619453
-0.619766
-0.620470
-0.620470
-0.620627
-0.621018
-0.621018
-0.621801
-0.621957
-0.622505
-0.622584
-0.623053
-0.623210
-0.624071
-0.623992
-0.623992
-0.623992
-0.624697
-0.624462
-0.625010
-0.625401
-0.625636
-0.625558
-0.626419
-0.626419
-0.626654
-0.627123
-0.627280
-0.627671
-0.627749
-0.628141
-0.628297
-0.628845
-0.629002
-0.629002
-0.629706
-0.629863
-0.630254
-0.630567
-0.630645
-0.630958
-0.631115
-0.631193
-0.631741
-0.632054
-0.632602
-0.632915
-0.633228
-0.633776
-0.633620
-0.633854
-0.634168
-0.634637
-0.634872
-0.635263
-0.635420
-0.635968
-0.636124
-0.636359
-0.636672
-0.636829
-0.637533
-0.637768
-0.638081
-0.638159
-0.638316
-0.638551
-0.638942
-0.639412
-0.639646
-0.639646
-0.639959
-0.640351
-0.640507
-0.640899
-0.641055
-0.641525
-0.641681
-0.642308
-0.642464
-0.642621
-0.643090
-0.643247
-0.643716
-0.643795
-0.644030
-0.644264
-0.644812
-0.645125
-0.645595
-0.645751
-0.645751
-0.645908
-0.646378
-0.646769
-0.646847
-0.647317
-0.647630
-0.647708
-0.648100
-0.648334
-0.648726
-0.648804
-0.648961
-0.649195
-0.649665
-0.650056
-0.650604
-0.650839
-0.651074
-0.651152
-0.651543
-0.651778
-0.652013
-0.652717
-0.652483
-0.652874
-0.653109
-0.653344
-0.653970
-0.654126
-0.654752
-0.654674
-0.654909
-0.655066
-0.655379
-0.656005
-0.655927
-0.656396
-0.656631
-0.657022
-0.657335
-0.657492
-0.657648
-0.657570
-0.657648
-0.657570
-0.657492
-0.657492
-0.657414
-0.657335
-0.657570
-0.657414
-0.657101
-0.656944
-0.656787
-0.656474
-0.656396
-0.656161
-0.655927
-0.655613
-0.655379
-0.654909
-0.654752
-0.654518
-0.654361
-0.654205
-0.653735
-0.653657
-0.653344
-0.652796
-0.652717
-0.652639
-0.652326
-0.651856
-0.651622
-0.651152
-0.650917
-0.650682
-0.650369
-0.649978
-0.649821
-0.649665
-0.649274
-0.648961
-0.648647
-0.648256
-0.648178
-0.647708
-0.647473
-0.647160
-0.646769
-0.646612
-0.646299
-0.646065
-0.645595
-0.645360
-0.644812
-0.644264
-0.644421
-0.643951
-0.643560
-0.643482
-0.643090
-0.642464
-0.642229
-0.641525
-0.641368
-0.641368
-0.640820
-0.640977
-0.640194
-0.639725
-0.639333
-0.639177
-0.639020
-0.638472
-0.638316
-0.638003
-0.637768
-0.636907
-0.636907
-0.636672
-0.636750
-0.635889
-0.635498
-0.635342
-0.634950
-0.634715
-0.634324
-0.633854
-0.633698
-0.633228
-0.633072
-0.632289
-0.632054
-0.632054
-0.631741
-0.631506
-0.631037
-0.630880
-0.630254
-0.629784
-0.629315
-0.629080
-0.628767
-0.628767
-0.628219
-0.627593
-0.627828
-0.627749
-0.627045
-0.626732
-0.626654
-0.625871
-0.625558
-0.625480
-0.625010
-0.624619
-0.624149
-0.624306
-0.623836
-0.623445
-0.622818
-0.622427
-0.622505
-0.622114
-0.621644
-0.621410
-0.620862
-0.620862
-0.620236
-0.619844
-0.619609
-0.619218
-0.618670
-0.618592
-0.618200
-0.617809
-0.617574
-0.617261
-0.616948
-0.616479
-0.616087
-0.616244
-0.615852
-0.615539
-0.615148
-0.615070
-0.614444
-0.614287
-0.613504
-0.613035
-0.612956
-0.612878
-0.612330
-0.612174
-0.611469
-0.611313
-0.611391
-0.610608
-0.610530
-0.610217
-0.609826
-0.609278
-0.608965
-0.608886
-0.608338
-0.608104
-0.607869
-0.607243
-0.606851
-0.606851
-0.606538
-0.606147
-0.605756
-0.605599
-0.605208
-0.605051
-0.604582
-0.604268
-0.604190
-0.603564
-0.603486
-0.603094
-0.602625
-0.602390
-0.601607
-0.601294
-0.601138
-0.601059
-0.600198
-0.599964
-0.599964
-0.599572
-0.599181
-0.598633
-0.598320
-0.598085
-0.597694
-0.597224
-0.597068
-0.596833
-0.596520
-0.596128
-0.595972
-0.595346
-0.595111
-0.594954
-0.594406
-0.594172
-0.593859
-0.593389
-0.593076
-0.592763
-0.592137
-0.591745
-0.591667
-0.591197
-0.590963
-0.590728
-0.590102
-0.590180
-0.589632
-0.589241
-0.589084
-0.588536
-0.588301
-0.588223
-0.587754
-0.587206
-0.586971
-0.586423
-0.586110
-0.586188
-0.585640
-0.585484
-0.585249
-0.584858
-0.584623
-0.584075
-0.583684
-0.583449
-0.582979
-0.582744
-0.582275
-0.581962
-0.581805
-0.581492
-0.580631
-0.580553
-0.580318
-0.580318
-0.579770
-0.579300
-0.578909
-0.579066
-0.578439
-0.577892
-0.577578
-0.577265
-0.576952
-0.577031
-0.576483
-0.576326
-0.575857
-0.575152
-0.574761
-0.574448
-0.574526
-0.574213
-0.574056
-0.573508
-0.573117
-0.572882
-0.572726
-0.572178
-0.571865
-0.571004
-0.571082
-0.570769
-0.570221
-0.569986
-0.569751
-0.569282
-0.569204
-0.569047
-0.568499
-0.568108
-0.567873
-0.567560
-0.567482
-0.567012
-0.566621
-0.566386
-0.565995
-0.565603
-0.565447
-0.564899
-0.564429
-0.564273
-0.564116
-0.563725
-0.563568
-0.563099
-0.562629
-0.562472
-0.561846
-0.561298
-0.561455
-0.560750
-0.560124
-0.559889
-0.559576
-0.559185
-0.559029
-0.558559
-0.558324
-0.557854
-0.557776
-0.557463
-0.557150
-0.556602
-0.555976
-0.555898
-0.555585
-0.555428
-0.554958
-0.554880
-0.554567
-0.554254
-0.553706
-0.553315
-0.553080
-0.552845
-0.552454
-0.552219
-0.551671
-0.551593
-0.551280
-0.550732
-0.550497
-0.549871
-0.549714
-0.549401
-0.549167
-0.549088
-0.548462
-0.547992
-0.547836
-0.547601
-0.546975
-0.546975
-0.546584
-0.545957
-0.545644
-0.545410
-0.545253
-0.544783
-0.544470
-0.544157
-0.543688
-0.543531
-0.543140
-0.542827
-0.542279
-0.542122
-0.541731
-0.541574
-0.541340
-0.540635
-0.540479
-0.539852
-0.539618
-0.539539
-0.538991
-0.538678
-0.538365
-0.538365
-0.537896
-0.537348
-0.537426
-0.537113
-0.536487
-0.536174
-0.535704
-0.535391
-0.534921
-0.534765
-0.534374
-0.534139
-0.533669
-0.533278
-0.532965
-0.532886
-0.532495
-0.532182
-0.532025
-0.531791
-0.531086
-0.530695
-0.530304
-0.530225
-0.529677
-0.529677
-0.529286
-0.529051
-0.528816
-0.528425
-0.528112
-0.527408
-0.527173
-0.526938
-0.526703
-0.525999
-0.525999
-0.525529
-0.525059
-0.524981
-0.524590
-0.524433
-0.523885
-0.523494
-0.523259
-0.522633
-0.522477
-0.522555
-0.521772
-0.521772
-0.521302
-0.520911
-0.520363
-0.519894
-0.519502
-0.519189
-0.518798
-0.518641
-0.518172
-0.517859
-0.517546
-0.517311
-0.516919
-0.516606
-0.516215
-0.515980
-0.515354
-0.515197
-0.514884
-0.514493
-0.514336
-0.514023
-0.513789
-0.513006
-0.513162
-0.512849
-0.512145
-0.512145
-0.511754
-0.511754
-0.510893
-0.510580
-0.510658
-0.509953
-0.509953
-0.509562
-0.509092
-0.509092
-0.508623
-0.508231
-0.507997
-0.508153
-0.507292
-0.507057
-0.506666
-0.506431
-0.506353
-0.505492
-0.505022
-0.505022
-0.504709
-0.504083
-0.504083
-0.503614
-0.503379
-0.503144
-0.502361
-0.502283
-0.501970
-0.501422
-0.501109
-0.500874
-0.500483
-0.500248
-0.499778
-0.499230
-0.498996
-0.498917
-0.498213
-0.498135
-0.497743
-0.497587
-0.497352
-0.497117
-0.496569
-0.496334
-0.495865
-0.495473
-0.495160
-0.494926
-0.494691
-0.494378
-0.493752
-0.493517
-0.493204
-0.492969
-0.492577
-0.492264
-0.491951
-0.491560
-0.491560
-0.491169
-0.490777
-0.490464
-0.490151
-0.489838
-0.489603
-0.489055
-0.488977
-0.488821
-0.488273
-0.487881
-0.487646
-0.487412
-0.487255
-0.486942
-0.486472
-0.486238
-0.485768
-0.485533
-0.485220
-0.484750
-0.484516
-0.484046
-0.483890
-0.483498
-0.483263
-0.483107
-0.482559
-0.482402
-0.482089
-0.481385
-0.480994
-0.480602
-0.480289
-0.480211
-0.479898
-0.479663
-0.479272
-0.478724
-0.478489
-0.478411
-0.477941
-0.477863
-0.477550
-0.477158
-0.477080
-0.476610
-0.476297
-0.476141
-0.475515
-0.475123
-0.474810
-0.474497
-0.474262
-0.474028
-0.473401
-0.473167
-0.473010
-0.472853
-0.472149
-0.471993
-0.471758
-0.471523
-0.470975
-0.470897
-0.470505
-0.470114
-0.469644
-0.469566
-0.469097
-0.468940
-0.468549
-0.468079
-0.468001
-0.467531
-0.467062
-0.466827
-0.466592
-0.466201
-0.466122
-0.465887
-0.465340
-0.465340
-0.464948
-0.464557
-0.464557
-0.464400
-0.464087
-0.463383
-0.463148
-0.462678
-0.462522
-0.462052
-0.462209
-0.461817
-0.461504
-0.461035
-0.460565
-0.460174
-0.460096
-0.459626
-0.459156
-0.458921
-0.458687
-0.458374
-0.458295
-0.458060
-0.457591
-0.457200
-0.456965
-0.456573
-0.456339
-0.456025
-0.455869
-0.455321
-0.455165
-0.454773
-0.454382
-0.454225
-0.453912
-0.453677
-0.453443
-0.452973
-0.452738
-0.452582
-0.452190
-0.451799
-0.451486
-0.451173
-0.451016
-0.450390
-0.449920
-0.449451
-0.449451
-0.449138
-0.448590
-0.448355
-0.448433
-0.448277
-0.447651
-0.447416
-0.446946
-0.446711
-0.446477
-0.446163
-0.445929
-0.445772
-0.445224
-0.444911
-0.444598
-0.444442
-0.443815
-0.443502
-0.443267
-0.443033
-0.442720
-0.442563
-0.442172
-0.441546
-0.441311
-0.441232
-0.440293
-0.439980
-0.439980
-0.439589
-0.439276
-0.438806
-0.438571
-0.438180
-0.437867
-0.437397
-0.437319
-0.437084
-0.436849
-0.436615
-0.436145
-0.435675
-0.435519
-0.435206
-0.435127
-0.434658
-0.434266
-0.433953
-0.433640
-0.433171
-0.433092
-0.432545
-0.432231
-0.432075
-0.431762
-0.431449
-0.431214
-0.430744
-0.430118
-0.429883
-0.429492
-0.429257
-0.428788
-0.428553
-0.428475
-0.428083
-0.427848
-0.427535
-0.427379
-0.426753
-0.426596
-0.426283
-0.425892
-0.425500
-0.425265
-0.424874
-0.424404
-0.424091
-0.424013
-0.423700
-0.423387
-0.422996
-0.422839
-0.422526
-0.422213
-0.421900
-0.421587
-0.421430
-0.420882
-0.420726
-0.420100
-0.419787
-0.419239
-0.419004
-0.419004
-0.418847
-0.418221
-0.417673
-0.417517
-0.417438
-0.416969
-0.416656
-0.416343
-0.416421
-0.415717
-0.415247
-0.415169
-0.414464
-0.414229
-0.414308
-0.413838
-0.413760
-0.413368
-0.412742
-0.412429
-0.412194
-0.411960
-0.411647
-0.411255
-0.410864
-0.410707
-0.410159
-0.410003
-0.409611
-0.409377
-0.409064
-0.408516
-0.408437
-0.408046
-0.407498
-0.407342
-0.407029
-0.406637
-0.406168
-0.406089
-0.405855
-0.405463
-0.405072
-0.404759
-0.404446
-0.404133
-0.403741
-0.403350
-0.403193
-0.402880
-0.402411
-0.402254
-0.401785
-0.401628
-0.401237
-0.400924
-0.400454
-0.400297
-0.399828
-0.399358
-0.399045
-0.398732
-0.398262
-0.398028
-0.397871
-0.397714
-0.397323
-0.396932
-0.396540
-0.396384
-0.396306
-0.395758
-0.395445
-0.395523
-0.394897
-0.394427
-0.393958
-0.393879
-0.393644
-0.393644
-0.393097
-0.392862
-0.392314
-0.392079
-0.391766
-0.391531
-0.390905
-0.390670
-0.390748
-0.389966
-0.389731
-0.389574
-0.389340
-0.388870
-0.388713
-0.388479
-0.388166
-0.387774
-0.387383
-0.387070
-0.386913
-0.386444
-0.386052
-0.385817
-0.385661
-0.385348
-0.385113
-0.384643
-0.384017
-0.384096
-0.383548
-0.383469
-0.383235
-0.382765
-0.382295
-0.382295
-0.381904
-0.381669
-0.381121
-0.380886
-0.380808
-0.380260
-0.380026
-0.379712
-0.379478
-0.379008
-0.378695
-0.378069
-0.377834
-0.377677
-0.377286
-0.377286
-0.376816
-0.376582
-0.376269
-0.376347
-0.375877
-0.375251
-0.374860
-0.374860
-0.374625
-0.374312
-0.373999
-0.373842
-0.373294
-0.373138
-0.372746
-0.372512
-0.372277
-0.372042
-0.371572
-0.371416
-0.370946
-0.370555
-0.370320
-0.369929
-0.369459
-0.369459
-0.368989
-0.368911
-0.368676
-0.368442
-0.368050
-0.367659
-0.367346
-0.367346
-0.366876
-0.366563
-0.366328
-0.366172
-0.365859
-0.365389
-0.365233
-0.364606
-0.364215
-0.363824
-0.363980
-0.363432
-0.363198
-0.362728
-0.362650
-0.362258
-0.361945
-0.361241
-0.361319
-0.361476
-0.361006
-0.360380
-0.359754
-0.359675
-0.359049
-0.359049
-0.358814
-0.358501
-0.357953
-0.357640
-0.357406
-0.357092
-0.356779
-0.356545
-0.356545
-0.355997
-0.355997
-0.355840
-0.355136
-0.354979
-0.354666
-0.354666
-0.354118
-0.353883
-0.353570
-0.353179
-0.352866
-0.352396
-0.352240
-0.352005
-0.351770
-0.351692
-0.351066
-0.350987
-0.350361
-0.349970
-0.349735
-0.349892
-0.349500
-0.348952
-0.348718
-0.348561
-0.348326
-0.348013
-0.347544
-0.347387
-0.347152
-0.346996
-0.346839
-0.346135
-0.345900
-0.345900
-0.345274
-0.344961
-0.344569
-0.344648
-0.344178
-0.343395
-0.343865
-0.343317
-0.343082
-0.342847
-0.342847
-0.342299
-0.342221
-0.341673
-0.341360
-0.341047
-0.340421
-0.340421
-0.340108
-0.339795
-0.339325
-0.339247
-0.338856
-0.338777
-0.338151
-0.337916
-0.337525
-0.337290
-0.336899
-0.336664
-0.336586
-0.336586
-0.335803
-0.335725
-0.335333
-0.335099
-0.334707
-0.334551
-0.334551
-0.334316
-0.333768
-0.333298
-0.333220
-0.332672
-0.332672
-0.332046
-0.332046
-0.331655
-0.331420
-0.330872
-0.330559
-0.330637
-0.330324
-0.330324
-0.329698
-0.329307
-0.328915
-0.328759
-0.328602
-0.328289
-0.327976
-0.327506
-0.327741
-0.327272
-0.327037
-0.326724
-0.326332
-0.326019
-0.325471
-0.325393
-0.324845
-0.324454
-0.324532
-0.324376
-0.323750
-0.323358
-0.323280
-0.323280
-0.322732
-0.322575
-0.322262
-0.321793
-0.321401
-0.321167
-0.321010
-0.320932
-0.320619
-0.320306
-0.319993
-0.319366
-0.319366
-0.319132
-0.318662
-0.318271
-0.318271
-0.317566
-0.317410
-0.317410
-0.317097
-0.316784
-0.316236
-0.316314
-0.316236
-0.315609
-0.315453
-0.315218
-0.314983
-0.314592
-0.314357
-0.314122
-0.313966
-0.313574
-0.313418
-0.312870
-0.312635
-0.312479
-0.312009
-0.311931
-0.311305
-0.311461
-0.310600
-0.310365
-0.309896
-0.309739
-0.309504
-0.309113
-0.309113
-0.308722
-0.308409
-0.308174
-0.307626
-0.307548
-0.307313
-0.307000
-0.306452
-0.306608
-0.306374
-0.305747
-0.305669
-0.305669
-0.305121
-0.304652
-0.304339
-0.304026
-0.303634
-0.303556
-0.303399
-0.303165
-0.302695
-0.302382
-0.302382
-0.302304
-0.302069
-0.301677
-0.301364
-0.301130
-0.300660
-0.300269
-0.299877
-0.299564
-0.299642
-0.299016
-0.298860
-0.298781
-0.298312
-0.298077
-0.297842
-0.297686
-0.297451
-0.296668
-0.296746
-0.296355
-0.296120
-0.295964
-0.295729
-0.295103
-0.295259
-0.294946
-0.294477
-0.294085
-0.294007
-0.293694
-0.293537
-0.293068
-0.292989
-0.292676
-0.292442
-0.292285
-0.291737
-0.291502
-0.291424
-0.290954
-0.290641
-0.290407
-0.290094
-0.289780
-0.289859
-0.289389
-0.288919
-0.288763
-0.288919
-0.288606
-0.287980
-0.287980
-0.287667
-0.287198
-0.286963
-0.286571
-0.286415
-0.286415
-0.286258
-0.285945
-0.285789
-0.285554
-0.285006
-0.284693
-0.284380
-0.283988
-0.283910
-0.283910
-0.283441
-0.283049
-0.282893
-0.282580
-0.282345
-0.282032
-0.281640
-0.281171
-0.281014
-0.280623
-0.280310
-0.279762
-0.279684
-0.279527
-0.279136
-0.279057
-0.278979
-0.278666
-0.278197
-0.278197
-0.277883
-0.277570
-0.277257
-0.277022
-0.276866
-0.276475
-0.276318
-0.276318
-0.275848
-0.275535
-0.275222
-0.274909
-0.274518
-0.274283
-0.274048
-0.273892
-0.273657
-0.273266
-0.273031
-0.272874
-0.272718
-0.272561
-0.272326
-0.271935
-0.271778
-0.271544
-0.271074
-0.270996
-0.270683
-0.270213
-0.270056
-0.269665
-0.269509
-0.269117
-0.269039
-0.268648
-0.268256
-0.268100
-0.267787
-0.267474
-0.267395
-0.267082
-0.266847
-0.266613
-0.266769
-0.266221
-0.266065
-0.265595
-0.265517
-0.265047
-0.264578
-0.264343
-0.264421
-0.264186
-0.263638
-0.263873
-0.263638
-0.263325
-0.263169
-0.262934
-0.262699
-0.262151
-0.261916
-0.261760
-0.261603
-0.261368
-0.261055
-0.260977
-0.260664
-0.260664
-0.260038
-0.259881
-0.259490
-0.259490
-0.258942
-0.258942
-0.258629
-0.258159
-0.257612
-0.257612
-0.257377
-0.257377
-0.257142
-0.256672
-0.256516
-0.256359
-0.256124
-0.255968
-0.255733
-0.255577
-0.255185
-0.254950
-0.254794
-0.254559
-0.254402
-0.253855
-0.253855
-0.253776
-0.253463
-0.253150
-0.252915
-0.252602
-0.252602
-0.252289
-0.252133
-0.251898
-0.251507
-0.251350
-0.250959
-0.250567
-0.250254
-0.250567
-0.250176
-0.249393
-0.249628
-0.249393
-0.249158
-0.248767
-0.248845
-0.248376
-0.248297
-0.247750
-0.247593
-0.247436
-0.247750
-0.247045
-0.246732
-0.246732
-0.246419
-0.246262
-0.246419
-0.245793
-0.245558
-0.245167
-0.245167
-0.245010
-0.244697
-0.244462
-0.244384
-0.244462
-0.243758
-0.243680
-0.243366
-0.243132
-0.242897
-0.242505
-0.242505
-0.242192
-0.241879
-0.241645
-0.241566
-0.241331
-0.241331
-0.240470
-0.240470
-0.240236
-0.240236
-0.239766
-0.239375
-0.239140
-0.239218
-0.238905
-0.238827
-0.238670
-0.238435
-0.238514
-0.238122
-0.237888
-0.237731
-0.237418
-0.237340
-0.236792
-0.236479
-0.236400
-0.236244
-0.236166
-0.236009
-0.236009
-0.235305
-0.234992
-0.234913
-0.234913
-0.234600
-0.234365
-0.234131
-0.234052
-0.233739
-0.233739
-0.233504
-0.233035
-0.232878
-0.232957
-0.232722
-0.232565
-0.232174
-0.232174
-0.231626
-0.231626
-0.231078
-0.231313
-0.230765
-0.230843
-0.230687
-0.230374
-0.230374
-0.230139
-0.229826
-0.229434
-0.229356
-0.228965
-0.228652
-0.228730
-0.228495
-0.228339
-0.228339
-0.227869
-0.227712
-0.227399
-0.227634
-0.227086
-0.226930
-0.226538
-0.226460
-0.226382
-0.226069
-0.226147
-0.225912
-0.225912
-0.225756
-0.225521
-0.225286
-0.225130
-0.225051
-0.224503
-0.224503
-0.224190
-0.223956
-0.223956
-0.223877
-0.223564
-0.223408
-0.223408
-0.223173
-0.223016
-0.222547
-0.222390
-0.222390
-0.222234
-0.222155
-0.221999
-0.221686
-0.221842
-0.221764
-0.221138
-0.221216
-0.220825
-0.220277
-0.220512
-0.220199
-0.219651
-0.219651
-0.219651
-0.219572
-0.219338
-0.219259
-0.219181
-0.219025
-0.218555
-0.218398
-0.218164
-0.218007
-0.217929
-0.217850
-0.217459
-0.217537
-0.217381
-0.217381
-0.217146
-0.216676
-0.216911
-0.216598
-0.216442
-0.216520
-0.215894
-0.215737
-0.215815
-0.215972
-0.215815
-0.215659
-0.215189
-0.214876
-0.214876
-0.214563
-0.214328
-0.214407
-0.214250
-0.214015
-0.214094
-0.214094
-0.213937
-0.213702
-0.213389
-0.213233
-0.213233
-0.213076
-0.212998
-0.212606
-0.212685
-0.212528
-0.212606
-0.212450
-0.212293
-0.211980
-0.211745
-0.211745
-0.211667
-0.211276
-0.211276
-0.211041
-0.210728
-0.210884
-0.211119
-0.210571
-0.210258
-0.210337
-0.209945
-0.209789
-0.209789
-0.209554
-0.209789
-0.209241
-0.209084
-0.209241
-0.209241
-0.208615
-0.208536
-0.208615
-0.208536
-0.208067
-0.208145
-0.208067
-0.208145
-0.207910
-0.208067
-0.208067
-0.207910
-0.207675
-0.207362
-0.207441
-0.207049
-0.206893
-0.206736
-0.206423
-0.206580
-0.206501
-0.206971
-0.206736
-0.206110
-0.205953
-0.205953
-0.205797
-0.205484
-0.205719
-0.205719
-0.205562
-0.205562
-0.205640
-0.205406
-0.205249
-0.205093
-0.204779
-0.204701
-0.204623
-0.204545
-0.204232
-0.204701
-0.204388
-0.204388
-0.204232
-0.203997
-0.203918
-0.203762
-0.203762
-0.203762
-0.203684
-0.203449
-0.203527
-0.203058
-0.203684
-0.203292
-0.203371
-0.202979
-0.202823
-0.202744
-0.202510
-0.202666
-0.202744
-0.202744
-0.202823
-0.202744
-0.202353
-0.202588
-0.202666
-0.202353
-0.202353
-0.202197
-0.201883
-0.201805
-0.201727
-0.201492
-0.201570
-0.201883
-0.202040
-0.201570
-0.201257
-0.201414
-0.201022
-0.200866
-0.200944
-0.201101
-0.200709
-0.200944
-0.201257
-0.201022
-0.201022
-0.200788
-0.200475
-0.200162
-0.200631
-0.200396
-0.199848
-0.200240
-0.200162
-0.200553
-0.200631
-0.200475
-0.200005
-0.200083
-0.199692
-0.200162
-0.199614
-0.199770
-0.199614
-0.199770
-0.199927
-0.200240
-0.200162
-0.199848
-0.199692
-0.199848
-0.199457
-0.199222
-0.199535
-0.199614
-0.199379
-0.199457
-0.199692
-0.200005
-0.199927
-0.199301
-0.199066
-0.199144
-0.199457
-0.199222
-0.199614
-0.199614
-0.199222
-0.199457
-0.200005
-0.200005
-0.199692
-0.199927
-0.199301
-0.199457
-0.199301
-0.199692
-0.199457
-0.199614
-0.199457
-0.199614
-0.199692
-0.200318
-0.199770
-0.199535
-0.199692
-0.199692
-0.199535
-0.199614
-0.199379
-0.199457
-0.199457
-0.199692
-0.199692
-0.199848
-0.199770
-0.199848
-0.199614
-0.199770
-0.199848
-0.199848
-0.199692
-0.199535
-0.199848
-0.199927
-0.199848
-0.200162
-0.199614
-0.199614
-0.199614
-0.199692
-0.200240
-0.199692
-0.200083
-0.200162
-0.199614
-0.200475
-0.200240
-0.200083
-0.200083
-0.200083
-0.200083
-0.200162
-0.200396
-0.200240
-0.200240
-0.200240
-0.200553
-0.200162
-0.200553
-0.200162
-0.200631
-0.200318
-0.200318
-0.200553
-0.200631
-0.200475
-0.200866
-0.201101
-0.200866
-0.201022
-0.200944
-0.200944
-0.200944
-0.201179
-0.201570
-0.200944
-0.201101
-0.201492
-0.201727
-0.201492
-0.201727
-0.201492
-0.201257
-0.201414
-0.202040
-0.201805
-0.201962
-0.201883
-0.201805
-0.202353
-0.202197
-0.202666
-0.202275
-0.202197
-0.202275
-0.202353
-0.202510
-0.202510
-0.202431
-0.202588
-0.202510
-0.202823
-0.202666
-0.202823
-0.202744
-0.202823
-0.202979
-0.203292
-0.203058
-0.203292
-0.203058
-0.203214
-0.203371
-0.203136
-0.203214
-0.203527
-0.203527
-0.203918
-0.203762
-0.204075
-0.203605
-0.203684
-0.203918
-0.203762
-0.203762
-0.204075
-0.204075
-0.204388
-0.203997
-0.204232
-0.204310
-0.204153
-0.204153
-0.204310
-0.204388
-0.204545
-0.204623
-0.204466
-0.204388
-0.204779
-0.205014
-0.204936
-0.204936
-0.205014
-0.204936
-0.205093
-0.204858
-0.204936
-0.205171
-0.205093
-0.205484
-0.205249
-0.205327
-0.205171
-0.205484
-0.205014
-0.205484
-0.205484
-0.205640
-0.205406
-0.205719
-0.205875
-0.205562
-0.205640
-0.205719
-0.205875
-0.205875
-0.206032
-0.206032
-0.206110
-0.206032
-0.206188
-0.206267
-0.206345
-0.206267
-0.206267
-0.206345
-0.206110
-0.206345
-0.206267
-0.206423
-0.206188
-0.206580
-0.206345
-0.206580
-0.206736
-0.206658
-0.206658
-0.206658
-0.206501
-0.206580
-0.206658
-0.206893
-0.206971
-0.207049
-0.206814
-0.206814
-0.207128
-0.207049
-0.206893
-0.206658
-0.206814
-0.207049
-0.206893
-0.207128
-0.206893
-0.206814
-0.206736
-0.206971
-0.206971
-0.206971
-0.206580
-0.206736
-0.206501
-0.206501
-0.206658
-0.206971
-0.206736
-0.206893
-0.206580
-0.206580
-0.206658
-0.206501
-0.206345
-0.206423
-0.206267
-0.206188
-0.206345
-0.206423
-0.206188
-0.206188
-0.206032
-0.205797
-0.205562
-0.205719
-0.205797
-0.205719
-0.206032
-0.205875
-0.205797
-0.205640
-0.205797
-0.205640
-0.205327
-0.205171
-0.205093
-0.205093
-0.205014
-0.205014
-0.205014
-0.204701
-0.204701
-0.204701
-0.204466
-0.204153
-0.204153
-0.203840
-0.203605
-0.203918
-0.203840
-0.203527
-0.203605
-0.203527
-0.203058
-0.203136
-0.203058
-0.202901
-0.202744
-0.202275
-0.202353
-0.202197
-0.202118
-0.201962
-0.201962
-0.201649
-0.201570
-0.201101
-0.201101
-0.200709
-0.200553
-0.200240
-0.200318
-0.200162
-0.200240
-0.199770
-0.199301
-0.199066
-0.198831
-0.198596
-0.198205
-0.197970
-0.198205
-0.197735
-0.197657
-0.197344
-0.197187
-0.196952
-0.196874
-0.196405
-0.196248
-0.195857
-0.195622
-0.195152
-0.195074
-0.194683
-0.194683
-0.194448
-0.194056
-0.193352
-0.193117
-0.193117
-0.192726
-0.192491
-0.192335
-0.192178
-0.191865
-0.191630
-0.191317
-0.190926
-0.190456
-0.190143
-0.189986
-0.189439
-0.189204
-0.188969
-0.188499
-0.188265
-0.188186
-0.187638
-0.187247
-0.186934
-0.186543
-0.186308
-0.185838
-0.185447
-0.185290
-0.185369
-0.184742
-0.184273
-0.183725
-0.183334
-0.183099
-0.182473
-0.182316
-0.181925
-0.181455
-0.181142
-0.180907
-0.180281
-0.179811
-0.179185
-0.178716
-0.178168
-0.177855
-0.177385
-0.177307
-0.176759
-0.176446
-0.175976
-0.175898
-0.175350
-0.174411
-0.174098
-0.173628
-0.173080
-0.172689
-0.172297
-0.171437
-0.171045
-0.171045
-0.170419
-0.169871
-0.169088
-0.168541
-0.168227
-0.167523
-0.167053
-0.166740
-0.166271
-0.165801
-0.165488
-0.165097
-0.164236
-0.163453
-0.163062
-0.162592
-0.162044
-0.161027
-0.160870
-0.160557
-0.159931
-0.159383
-0.158913
-0.157739
-0.157348
-0.156957
-0.156252
-0.155626
-0.155391
-0.155000
-0.154217
-0.153904
-0.153356
-0.152887
-0.152182
-0.151243
-0.150852
-0.150147
-0.149521
-0.148660
-0.148347
-0.147877
-0.147721
-0.146860
-0.145842
-0.145060
-0.144590
-0.144120
-0.143338
-0.142633
-0.142242
-0.141929
-0.141537
-0.140911
-0.139659
-0.138955
-0.138172
-0.137624
-0.136841
-0.136528
-0.136059
-0.135354
-0.134963
-0.134415
-0.133789
-0.132536
-0.131754
-0.131206
-0.130501
-0.130032
-0.129171
-0.128623
-0.128310
-0.127919
-0.127214
-0.125805
-0.125179
-0.124553
-0.124083
-0.123144
-0.122518
-0.122048
-0.121735
-0.121187
-0.120483
-0.118917
-0.118135
-0.117743
-0.116726
-0.116413
-0.115630
-0.114847
-0.114613
-0.113908
-0.113360
-0.112578
-0.111795
-0.110856
-0.110386
-0.109603
-0.109134
-0.108273
-0.107725
-0.107020
-0.106942
-0.105690
-0.104907
-0.104124
-0.103342
-0.102716
-0.101933
-0.101542
-0.100759
-0.100289
-0.099350
-0.098880
-0.097472
-0.096767
-0.096219
-0.095671
-0.095358
-0.094576
-0.093715
-0.093167
-0.092462
-0.091993
-0.091288
-0.090114
-0.089097
-0.088862
-0.088079
-0.087531
-0.086905
-0.085966
-0.085261
-0.084792
-0.083931
-0.082600
-0.081818
-0.081113
-0.080565
-0.079783
-0.078765
-0.077669
-0.077278
-0.076730
-0.075869
-0.075008
-0.074304
-0.073756
-0.073443
-0.072660
-0.072112
-0.071329
-0.070547
-0.069921
-0.068981
-0.067886
-0.067416
-0.066633
-0.066164
-0.065772
-0.065068
-0.064285
-0.063502
-0.062798
-0.062250
-0.061076
-0.060137
-0.059354
-0.059041
-0.058415
-0.057554
-0.057006
-0.056380
-0.055910
-0.055049
-0.054580
-0.053327
-0.052701
-0.052232
-0.051919
-0.051449
-0.050275
-0.049257
-0.048709
-0.048162
-0.047301
-0.046283
-0.045735
-0.045031
-0.044561
-0.043935
-0.043074
-0.042213
-0.041900
-0.041196
-0.040335
-0.039552
-0.038534
-0.038143
-0.037673
-0.037126
-0.036578
-0.035717
-0.034777
-0.034151
-0.033525
-0.032664
-0.031881
-0.031177
-0.030707
-0.030160
-0.029377
-0.028516
-0.028046
-0.027107
-0.026637
-0.025698
-0.024837
-0.024524
-0.024211
-0.023585
-0.023037
-0.022411
-0.021550
-0.020924
-0.020454
-0.019593
-0.018732
-0.018028
-0.017402
-0.017088
-0.016228
-0.015601
-0.015210
-0.014114
-0.013645
-0.012862
-0.012001
-0.011531
-0.011062
-0.010592
-0.010279
-0.009105
-0.008479
-0.007540
-0.007148
-0.006287
-0.005583
-0.004800
-0.004409
-0.004096
-0.003626
-0.003000
-0.002061
-0.001356
-0.000965
-0.000495
0.000366
0.000757
0.001148
0.001696
0.002088
0.002949
0.003496
0.004044
0.004905
0.005610
0.006392
0.006784
0.007410
0.008114
0.008193
0.009132
0.009993
0.010541
0.011167
0.012028
0.012654
0.013437
0.014063
0.014454
0.014689
0.015393
0.016176
0.016959
0.017507
0.018133
0.018759
0.019542
0.020090
0.020559
0.020951
0.021499
0.022281
0.022986
0.023690
0.024160
0.024864
0.025334
0.026116
0.026430
0.026899
0.027290
0.028151
0.029326
0.029873
0.030265
0.030578
0.031204
0.031908
0.032613
0.032769
0.033082
0.033943
0.034648
0.035274
0.035509
0.036135
0.036761
0.037152
0.037700
0.038092
0.038874
0.039501
0.040440
0.041066
0.041770
0.042631
0.043179
0.043727
0.044197
0.044432
0.044901
0.045214
0.046467
0.047249
0.047719
0.048345
0.048893
0.049363
0.049832
0.050145
0.050693
0.051476
0.052102
0.052650
0.053511
0.053902
0.054685
0.055311
0.055937
0.056250
0.056876
0.057111
0.057737
0.058207
0.059303
0.059538
0.059929
0.060712
0.060947
0.061886
0.062355
0.062825
0.063138
0.064156
0.064860
0.065330
0.065721
0.066504
0.066973
0.067208
0.067521
0.068226
0.068695
0.069478
0.070495
0.070652
0.071356
0.071669
0.072217
0.072530
0.072687
0.073470
0.074018
0.074800
0.075426
0.076209
0.076600
0.077070
0.077618
0.078166
0.078714
0.079027
0.079575
0.080436
0.081375
0.081923
0.082392
0.082940
0.083332
0.083645
0.084193
0.084819
0.085288
0.085836
0.086228
0.086697
0.087245
0.087715
0.088497
0.088654
0.089124
0.089672
0.090298
0.091080
0.091863
0.092176
0.092489
0.093115
0.093742
0.093898
0.094446
0.094994
0.095463
0.096324
0.096794
0.097185
0.097733
0.098281
0.098673
0.098829
0.099377
0.099925
0.100394
0.101412
0.102038
0.102273
0.102977
0.103369
0.103917
0.104230
0.104543
0.105169
0.105560
0.106186
0.106813
0.107282
0.107517
0.108065
0.108456
0.109082
0.109396
0.110022
0.110726
0.111352
0.111822
0.112448
0.112761
0.113231
0.113779
0.114013
0.114561
0.115031
0.115892
0.116362
0.116831
0.117144
0.117692
0.118005
0.118710
0.119179
0.119336
0.120118
0.120666
0.121371
0.121919
0.122153
0.122388
0.123171
0.123562
0.124110
0.124189
0.124580
0.125284
0.125754
0.126145
0.126537
0.127084
0.127163
0.127711
0.128493
0.128650
0.129041
0.129980
0.130294
0.130763
0.131233
0.131859
0.131937
0.132485
0.133111
0.133346
0.133737
0.134285
0.135068
0.135225
0.135616
0.136007
0.136555
0.136868
0.137338
0.137573
0.137964
0.138668
0.139060
0.139608
0.139842
0.140703
0.140782
0.141330
0.141721
0.142034
0.142582
0.143052
0.143521
0.143912
0.144304
0.144930
0.145556
0.146026
0.146261
0.146417
0.147278
0.147591
0.147904
0.148374
0.148530
0.149000
0.149704
0.150252
0.150722
0.150879
0.151583
0.151739
0.152444
0.152757
0.153148
0.153461
0.153931
0.154557
0.154714
0.155340
0.155496
0.156201
0.156357
0.156749
0.156984
0.157766
0.158236
0.158549
0.158862
0.159175
0.159801
0.160349
0.160897
0.161132
0.161288
0.161680
0.162149
0.162697
0.163089
0.163558
0.163950
0.164654
0.164732
0.165124
0.165202
0.165593
0.166454
0.167080
0.167472
0.167550
0.168098
0.168489
0.168802
0.169194
0.169507
0.169976
0.170524
0.171150
0.171385
0.172011
0.172324
0.172481
0.173029
0.173264
0.173577
0.173890
0.174673
0.174986
0.175220
0.175847
0.176551
0.176394
0.177177
0.177334
0.177490
0.178195
0.178664
0.179212
0.179447
0.179682
0.180230
0.180856
0.181091
0.181639
0.181795
0.182421
0.182891
0.183282
0.183908
0.184065
0.184926
0.184848
0.185395
0.185552
0.186100
0.186648
0.186961
0.187665
0.187744
0.188057
0.188605
0.188839
0.189309
0.189622
0.190170
0.190953
0.191579
0.191735
0.192205
0.192518
0.192675
0.193379
0.193457
0.193770
0.194397
0.194710
0.195414
0.195884
0.196118
0.196588
0.196510
0.197058
0.197371
0.197684
0.198232
0.199014
0.199249
0.199719
0.200580
0.201206
0.201441
0.201832
0.201989
0.202302
0.202850
0.203554
0.203945
0.204415
0.204493
0.204728
0.205119
0.205511
0.205902
0.206372
0.206998
0.207468
0.207859
0.208015
0.208329
0.208407
0.209268
0.209503
0.209503
0.210364
0.210911
0.211381
0.211694
0.212164
0.212320
0.212712
0.213103
0.213338
0.213416
0.213964
0.214903
0.215295
0.215764
0.216077
0.216312
0.216547
0.216782
0.217173
0.217330
0.217721
0.218582
0.218895
0.218973
0.219678
0.220226
0.220539
0.220852
0.221556
0.221869
0.222574
0.223200
0.223356
0.223669
0.223982
0.224530
0.224609
0.224765
0.225235
0.226174
0.226018
0.226800
0.227113
0.227270
0.227661
0.228209
0.228287
0.228600
0.229227
0.229618
0.230088
0.230322
0.230635
0.231340
0.231653
0.231731
0.231966
0.232592
0.232436
0.232905
0.234001
0.234001
0.234549
0.234940
0.235097
0.235566
0.235723
0.236036
0.236819
0.236975
0.237288
0.237915
0.238228
0.238541
0.239089
0.239323
0.239636
0.240028
0.240732
0.241202
0.241671
0.241906
0.242376
0.242689
0.242611
0.242924
0.243237
0.243628
0.244333
0.244802
0.245115
0.245507
0.245663
0.246055
0.246524
0.246916
0.247150
0.247777
0.248090
0.248403
0.248559
0.249264
0.249342
0.249577
0.250281
0.250125
0.250672
0.251064
0.251612
0.251925
0.252081
0.252551
0.252864
0.253021
0.253412
0.253725
0.254116
0.254664
0.255056
0.255134
0.255603
0.255995
0.256151
0.256543
0.256934
0.257325
0.257795
0.258108
0.258421
0.258656
0.258969
0.259047
0.259439
0.259830
0.260143
0.260769
0.261239
0.261865
0.261865
0.262256
0.262491
0.262804
0.263117
0.263430
0.263665
0.264370
0.264448
0.264605
0.264918
0.265387
0.265935
0.266092
0.266248
0.266561
0.266953
0.267344
0.267735
0.268205
0.268440
0.268831
0.269066
0.269536
0.269614
0.270083
0.270631
0.270788
0.271414
0.271649
0.272118
0.272431
0.272979
0.273136
0.273371
0.273449
0.274310
0.274388
0.274780
0.275327
0.275562
0.275641
0.276188
0.276345
0.276580
0.277206
0.277441
0.277754
0.278302
0.278537
0.279163
0.279241
0.279789
0.280415
0.280415
0.280963
0.281667
0.281980
0.282372
0.282450
0.282920
0.283624
0.283624
0.284015
0.284407
0.284720
0.284955
0.285346
0.285737
0.286207
0.286598
0.286833
0.287224
0.287616
0.287851
0.288164
0.288555
0.289103
0.289494
0.289964
0.290277
0.290355
0.290981
0.291451
0.291608
0.291764
0.292155
0.292469
0.292703
0.293095
0.293408
0.294112
0.294504
0.294817
0.295051
0.295208
0.295912
0.295834
0.296617
0.296930
0.297165
0.297556
0.297791
0.298417
0.298652
0.299043
0.299200
0.299669
0.300217
0.300765
0.300843
0.301470
0.301704
0.302096
0.302487
0.302644
0.303113
0.303426
0.303739
0.304209
0.304366
0.304835
0.305070
0.305461
0.305931
0.306088
0.306479
0.306792
0.307027
0.307731
0.308123
0.308201
0.308592
0.309140
0.309375
0.309531
0.310079
0.310471
0.310705
0.311253
0.311645
0.311801
0.312114
0.312271
0.312662
0.313132
0.313288
0.313914
0.314306
0.314697
0.315010
0.315402
0.315793
0.315715
0.316184
0.316810
0.316967
0.317593
0.317985
0.317985
0.318454
0.318767
0.318924
0.319237
0.319550
0.319863
0.320724
0.321115
0.321428
0.321976
0.321976
0.322446
0.322681
0.323072
0.323542
0.323855
0.324481
0.324324
0.324559
0.324951
0.325498
0.325577
0.326046
0.326516
0.326751
0.326986
0.327377
0.327690
0.328081
0.328160
0.328394
0.328707
0.329177
0.329334
0.329568
0.329960
0.330429
0.330977
0.331056
0.331603
0.332151
0.332230
0.332543
0.332934
0.333091
0.333404
0.333717
0.334265
0.334343
0.334734
0.335126
0.335439
0.335752
0.336300
0.336769
0.337004
0.337004
0.337630
0.337865
0.338022
0.338413
0.338491
0.339039
0.339196
0.339587
0.339978
0.340291
0.340526
0.340683
0.341544
0.341309
0.341700
0.342483
0.342639
0.342718
0.343109
0.343344
0.343735
0.344127
0.344361
0.344440
0.344988
0.345222
0.345770
0.346005
0.346240
0.346788
0.346944
0.347336
0.347414
0.347727
0.348197
0.348431
0.348510
0.349058
0.349606
0.349684
0.349762
0.350153
0.350545
0.350858
0.351484
0.351797
0.352345
0.352345
0.352580
0.352815
0.353128
0.353362
0.353676
0.353910
0.354067
0.354537
0.354928
0.355319
0.355632
0.355789
0.356180
0.356728
0.356885
0.357119
0.357432
0.358059
0.358372
0.358293
0.358841
0.358998
0.359546
0.359702
0.360015
0.360407
0.361033
0.361189
0.361503
0.362129
0.362050
0.362520
0.362911
0.363303
0.363616
0.363929
0.364320
0.364555
0.364868
0.364868
0.365573
0.365651
0.365573
0.365964
0.366355
0.366825
0.367529
0.367373
0.367686
0.367999
0.368625
0.368625
0.368782
0.369408
0.369799
0.370112
0.370660
0.370660
0.371130
0.371208
0.371678
0.372069
0.372539
0.372695
0.372852
0.373400
0.373634
0.373713
0.374260
0.374495
0.374574
0.375121
0.375356
0.375591
0.376217
0.376609
0.376843
0.377078
0.377235
0.377939
0.378096
0.378174
0.378722
0.379035
0.379583
0.379896
0.380131
0.380366
0.380913
0.380992
0.381461
0.381853
0.382322
0.382322
0.382557
0.382948
0.383340
0.383496
0.383653
0.384044
0.384592
0.385218
0.385375
0.385844
0.386001
0.386314
0.386862
0.387175
0.387253
0.387566
0.387723
0.387958
0.388740
0.389132
0.389210
0.389445
0.389523
0.390149
0.390384
0.390384
0.391010
0.391245
0.391949
0.392341
0.392263
0.392732
0.392810
0.393358
0.393515
0.393750
0.394219
0.394532
0.394532
0.395159
0.395550
0.395785
0.395941
0.396411
0.396489
0.397115
0.397428
0.397820
0.397820
0.398368
0.398837
0.398994
0.399463
0.399855
0.400011
0.400403
0.400872
0.401420
0.401655
0.402125
0.402359
0.402516
0.402986
0.403142
0.403377
0.403846
0.404160
0.404160
0.404629
0.404864
0.405099
0.405490
0.405803
0.405881
0.406664
0.406664
0.407212
0.407838
0.407838
0.408230
0.408151
0.408699
0.408856
0.409169
0.409717
0.410265
0.410343
0.410734
0.411282
0.411517
0.411517
0.411752
0.412456
0.412534
0.412691
0.413082
0.413552
0.413865
0.413787
0.414178
0.414491
0.414648
0.415196
0.415274
0.415587
0.415900
0.416370
0.416448
0.416526
0.416761
0.417544
0.417778
0.418013
0.418170
0.418483
0.418796
0.419031
0.419266
0.419657
0.419892
0.420361
0.420831
0.420909
0.421144
0.421770
0.422083
0.422240
0.422631
0.422788
0.422788
0.423023
0.423492
0.423884
0.423962
0.424197
0.424745
0.424979
0.425136
0.425371
0.425527
0.425919
0.426701
0.426701
0.427093
0.427327
0.427797
0.428110
0.428188
0.428580
0.428893
0.428971
0.429441
0.429754
0.429910
0.430145
0.430458
0.430693
0.430850
0.431319
0.431867
0.431789
0.432258
0.432415
0.432806
0.433041
0.433354
0.433589
0.433824
0.433824
0.434293
0.434607
0.434685
0.434920
0.435389
0.435311
0.435546
0.435859
0.436015
0.436407
0.437033
0.437189
0.437346
0.437659
0.437972
0.438442
0.438207
0.438911
0.439459
0.439303
0.439851
0.440085
0.440712
0.440555
0.441181
0.441729
0.441573
0.441729
0.442120
0.442825
0.442747
0.443060
0.443529
0.443294
0.443999
0.444390
0.444312
0.444860
0.445329
0.445329
0.445643
0.446034
0.446190
0.446504
0.446817
0.447051
0.447364
0.447834
0.447991
0.448460
0.448617
0.449086
0.449165
0.449321
0.449556
0.449947
0.449869
0.450339
0.450730
0.451278
0.451513
0.451748
0.452295
0.452295
0.452922
0.453235
0.453235
0.453704
0.454017
0.454330
0.454565
0.454644
0.455113
0.455505
0.455896
0.456287
0.456522
0.456913
0.456835
0.457148
0.457540
0.457853
0.457774
0.458322
0.458714
0.458870
0.459261
0.459575
0.459653
0.459731
0.460201
0.460592
0.460983
0.461375
0.461844
0.462157
0.462471
0.462549
0.462862
0.463175
0.463566
0.463958
0.464271
0.464584
0.465053
0.465288
0.465288
0.465680
0.465758
0.466306
0.466619
0.467010
0.466697
0.467871
0.468028
0.468184
0.468341
0.468576
0.468810
0.469123
0.469280
0.469750
0.469984
0.470689
0.470845
0.471002
0.471393
0.471550
0.471863
0.471863
0.472489
0.473194
0.473350
0.473820
0.473585
0.473741
0.474289
0.474289
0.474446
0.474915
0.475542
0.475933
0.476246
0.476559
0.476637
0.476872
0.477264
0.477342
0.477811
0.477890
0.478281
0.478751
0.478829
0.479220
0.479377
0.479690
0.480081
0.480160
0.480394
0.481020
0.481568
0.481881
0.482116
0.482508
0.482821
0.482742
0.483290
0.483369
0.483760
0.484308
0.484230
0.484777
0.484856
0.485325
0.485404
0.485638
0.485951
0.485873
0.486265
0.487047
0.487282
0.487439
0.487752
0.487595
0.487987
0.488378
0.488847
0.489161
0.489630
0.489708
0.489943
0.490256
0.490491
0.490804
0.491039
0.491665
0.491900
0.492213
0.492526
0.493074
0.493152
0.493309
0.493700
0.493700
0.494248
0.494405
0.495187
0.495187
0.495344
0.495970
0.495735
0.496205
0.496518
0.496518
0.497066
0.497457
0.497770
0.498005
0.498240
0.498709
0.498475
0.498788
0.499023
0.499492
0.499805
0.500275
0.500510
0.500979
0.501214
0.501371
0.501840
0.501762
0.502153
0.502623
0.502936
0.503562
0.503640
0.503954
0.503797
0.504110
0.504423
0.504658
0.505049
0.505284
0.505441
0.505910
0.505754
0.506067
0.506458
0.506771
0.507084
0.507397
0.507789
0.507945
0.508258
0.508102
0.508571
0.508885
0.509041
0.509432
0.509746
0.510215
0.510215
0.510685
0.510841
0.511311
0.511311
0.511859
0.512094
0.511937
0.512407
0.512798
0.513111
0.513424
0.513346
0.513816
0.513894
0.514129
0.514911
0.515303
0.515459
0.515224
0.516085
0.516085
0.516164
0.516477
0.516790
0.517181
0.517729
0.517886
0.517964
0.518277
0.518747
0.519529
0.519216
0.519764
0.520155
0.520468
0.520234
0.520468
0.521329
0.521486
0.521486
0.521877
0.522190
0.522582
0.523051
0.523286
0.523364
0.523756
0.524225
0.524304
0.524695
0.524538
0.524930
0.525086
0.525399
0.525713
0.525947
0.526182
0.526730
0.527043
0.527121
0.527434
0.527826
0.528061
0.528452
0.528452
0.528843
0.529313
0.529391
0.529861
0.530174
0.530722
0.530722
0.530800
0.531035
0.531818
0.532131
0.532131
0.532287
0.532757
0.532913
0.533305
0.533461
0.533774
0.534009
0.534244
0.534714
0.535027
0.535340
0.535496
0.535731
0.535966
0.536592
0.536905
0.537140
0.537296
0.538001
0.537844
0.538079
0.538236
0.538784
0.538784
0.539253
0.539488
0.539879
0.540427
0.540192
0.540740
0.541053
0.541210
0.541523
0.542149
0.542149
0.542384
0.542775
0.543245
0.543480
0.543793
0.544106
0.544341
0.544184
0.544889
0.544889
0.545280
0.545593
0.545984
0.546297
0.546297
0.546689
0.547158
0.547315
0.547785
0.548176
0.548333
0.548567
0.549115
0.549037
0.549193
0.549585
0.549741
0.550368
0.550602
0.551150
0.551228
0.551542
0.551855
0.552089
0.551855
0.552481
0.552950
0.553420
0.553498
0.553890
0.554203
0.554281
0.554359
0.554359
0.555142
0.555533
0.555846
0.556238
0.556394
0.556473
0.557177
0.556942
0.557099
0.557647
0.558195
0.558508
0.558742
0.559055
0.559447
0.559525
0.559525
0.559760
0.560386
0.560699
0.561169
0.561404
0.561795
0.562265
0.562343
0.562656
0.563047
0.563282
0.563673
0.563908
0.564378
0.564378
0.564769
0.564926
0.565317
0.565161
0.565552
0.565943
0.566726
0.566882
0.566882
0.567117
0.567509
0.567274
0.567900
0.567978
0.568448
0.568917
0.568996
0.569387
0.569544
0.569387
0.569778
0.570248
0.570248
0.570639
0.571109
0.571579
0.571813
0.571970
0.572127
0.572283
0.572283
0.572831
0.573222
0.573692
0.574005
0.574005
0.574162
0.574709
0.575336
0.575101
0.575257
0.575649
0.576118
0.576510
0.577058
0.576823
0.577136
0.577292
0.577605
0.577918
0.578153
0.578545
0.578936
0.579014
0.579171
0.579406
0.579406
0.579484
0.580032
0.580110
0.580736
0.581128
0.581597
0.581519
0.581910
0.582223
0.582145
0.582458
0.582536
0.583163
0.583554
0.583867
0.583789
0.584180
0.584415
0.584415
0.584728
0.584963
0.585511
0.585824
0.585980
0.586137
0.586685
0.586763
0.586998
0.586998
0.587389
0.587624
0.588172
0.588015
0.588250
0.588720
0.588876
0.588798
0.589111
0.589659
0.590207
0.590598
0.590755
0.590990
0.591459
0.591381
0.591616
0.591694
0.592007
0.592555
0.593103
0.593181
0.593338
0.593729
0.593964
0.594120
0.594199
0.594747
0.595060
0.595216
0.595529
0.595686
0.595921
0.595921
0.596312
0.596234
0.596390
0.597016
0.597564
0.597877
0.597877
0.598269
0.598738
0.598895
0.599364
0.599834
0.599912
0.600147
0.600460
0.600382
0.600773
0.601165
0.601165
0.601556
0.601791
0.602104
0.602495
0.602495
0.603200
0.603200
0.603434
0.603591
0.603982
0.604452
0.604687
0.604843
0.605156
0.605548
0.605704
0.605626
0.606017
0.606409
0.606722
0.607035
0.607113
0.607191
0.607739
0.608131
0.607974
0.608052
0.608679
0.608600
0.609148
0.609618
0.609618
0.610087
0.610322
0.610792
0.610635
0.611027
0.611183
0.611731
0.611888
0.612044
0.612279
0.612514
0.613062
0.613531
0.613453
0.613610
0.613923
0.614001
0.614314
0.614705
0.615410
0.615488
0.615331
0.615879
0.616192
0.616192
0.616819
0.616975
0.617053
0.617210
0.617680
0.617758
0.618227
0.618541
0.618932
0.619167
0.619088
0.619323
0.619871
0.620106
0.620341
0.620654
0.620732
0.621123
0.621358
0.621671
0.621984
0.622219
0.622532
0.622845
0.623080
0.623393
0.623706
0.623785
0.624254
0.624567
0.624724
0.625428
0.625272
0.625741
0.625741
0.626367
0.626367
0.626602
0.626759
0.627385
0.627542
0.628089
0.628246
0.628559
0.628716
0.628950
0.628716
0.629029
0.629811
0.629968
0.630124
0.630359
0.630907
0.631064
0.630907
0.631612
0.631533
0.632081
0.633020
0.633020
0.633255
0.633490
0.633647
0.633647
0.633881
0.633960
0.634742
0.635290
0.635134
0.635447
0.635916
0.635603
0.635916
0.636464
0.636386
0.636777
0.637169
0.637404
0.637717
0.637795
0.637717
0.637795
0.638265
0.638734
0.639204
0.639439
0.639752
0.639830
0.640221
0.640613
0.640534
0.640769
0.641004
0.641708
0.642100
0.642413
0.642491
0.642804
0.642804
0.642804
0.643117
0.643352
0.643900
0.644135
0.644370
0.644839
0.644839
0.644761
0.645074
0.645231
0.645700
0.645857
0.646326
0.646718
0.646874
0.647187
0.647500
0.647266
0.647579
0.647735
0.648048
0.648596
0.648674
0.648831
0.649301
0.649144
0.649692
0.649692
0.649927
0.650631
0.650866
0.650866
0.651336
0.651570
0.651962
0.651727
0.652197
0.652666
0.653136
0.653605
0.653605
0.653684
0.654232
0.654310
0.654310
0.654858
0.655093
0.655406
0.655562
0.655797
0.656345
0.656267
0.656345
0.656345
0.657206
0.657441
0.657675
0.657597
0.658145
0.658536
0.658771
0.659006
0.659006
0.659476
0.659789
0.660024
0.660258
0.660571
0.660963
0.660963
0.660806
0.661276
0.661589
0.662528
0.662606
0.662841
0.662998
0.663154
0.663467
0.663624
0.663937
0.664172
0.664955
0.665033
0.664955
0.665268
0.665424
0.665189
0.665972
0.666363
0.666598
0.666833
0.667459
0.667616
0.668007
0.668164
0.668007
0.668320
0.668790
0.668946
0.669494
0.669572
0.670042
0.670355
0.670355
0.670355
0.670746
0.670903
0.671294
0.671607
0.671999
0.672312
0.672155
0.672703
0.672938
0.673173
0.673564
0.673799
0.674425
0.674660
0.675051
0.675208
0.675364
0.675443
0.675991
0.676225
0.676773
0.677008
0.677478
0.677712
0.677634
0.678182
0.678339
0.678652
0.678808
0.679200
0.679513
0.679826
0.680374
0.680452
0.681078
0.681391
0.681861
0.681939
0.682409
0.682878
0.683191
0.683191
0.683661
0.683818
0.684052
0.684209
0.684522
0.685070
0.685383
0.685618
0.685931
0.686244
0.686479
0.686714
0.687105
0.687418
0.688044
0.688357
0.688592
0.688905
0.689375
0.689218
0.689375
0.689766
0.690157
0.690314
0.690627
0.691018
0.691566
0.691958
0.692114
0.692505
0.692662
0.693210
0.693523
0.693758
0.693836
0.694619
0.694619
0.694932
0.695088
0.695636
0.696028
0.695949
0.696576
0.696732
0.697280
0.697358
0.697750
0.697906
0.698611
0.698767
0.698924
0.699393
0.699550
0.700019
0.700254
0.700646
0.701193
0.701507
0.701507
0.701898
0.702367
0.702837
0.703307
0.703463
0.703855
0.704089
0.704324
0.704481
0.704716
0.705185
0.705498
0.705811
0.706124
0.706124
0.706829
0.707142
0.707377
0.707768
0.707455
0.708159
0.708707
0.708707
0.709020
0.709647
0.709881
0.709960
0.710273
0.710508
0.710821
0.711055
0.711290
0.711290
0.711447
0.711682
0.711682
0.711290
0.711603
0.711368
0.711447
0.711603
0.711447
0.711212
0.711055
0.710977
0.711055
0.710977
0.710351
0.710194
0.710038
0.709803
0.709568
0.709255
0.708942
0.709020
0.708551
0.708473
0.708081
0.708003
0.707533
0.707533
0.706907
0.706672
0.706359
0.706046
0.705498
0.705263
0.705185
0.704402
0.704089
0.704011
0.703855
0.703463
0.703307
0.702759
0.702367
0.702133
0.702054
0.701663
0.701193
0.701272
0.700959
0.700411
0.699706
0.699863
0.699550
0.699002
0.698689
0.698297
0.697671
0.697515
0.697358
0.696967
0.696419
0.696419
0.695715
0.695480
0.695323
0.694540
0.694697
0.694384
0.694306
0.693836
0.693523
0.693053
0.692584
0.692662
0.692271
0.691723
0.691488
0.690862
0.690705
0.690001
0.689531
0.689453
0.689453
0.689140
0.688592
0.688514
0.688044
0.687574
0.687261
0.686714
0.686557
0.686479
0.685853
0.685539
0.685226
0.684835
0.684131
0.684052
0.683583
0.683270
0.683191
0.683270
0.682878
0.682330
0.681626
0.681156
0.680843
0.680843
0.680452
0.680139
0.679513
0.679200
0.678887
0.678573
0.678260
0.678104
0.677478
0.677399
0.677086
0.676460
0.675991
0.675756
0.675443
0.675051
0.675051
0.674503
0.674034
0.673486
0.673486
0.673095
0.673016
0.672703
0.672155
0.671451
0.671216
0.671060
0.670355
0.670355
0.670042
0.669651
0.669338
0.668633
0.668320
0.668477
0.668164
0.667850
0.667459
0.666755
0.666363
0.666442
0.666050
0.665502
0.665268
0.665111
0.664720
0.664407
0.664172
0.663702
0.663467
0.663467
0.662841
0.662215
0.662059
0.661667
0.661276
0.660728
0.660493
0.660024
0.659789
0.659319
0.659084
0.659006
0.658458
0.657754
0.657519
0.657284
0.656971
0.657049
0.656423
0.656032
0.655484
0.655484
0.655093
0.654858
0.654623
0.653684
0.653292
0.653214
0.653214
0.652666
0.652275
0.652040
0.651257
0.651101
0.650788
0.650709
0.650396
0.649770
0.649614
0.649066
0.648909
0.648831
0.648283
0.647813
0.647735
0.647266
0.647031
0.646874
0.646248
0.645778
0.645309
0.645387
0.644839
0.644526
0.643978
0.643978
0.643822
0.642804
0.643196
0.642961
0.642569
0.641865
0.641552
0.641239
0.641160
0.640534
0.640300
0.640534
0.639986
0.639517
0.639047
0.638656
0.638578
0.638030
0.637325
0.637012
0.636934
0.636699
0.636386
0.635995
0.635682
0.635525
0.635290
0.634821
0.634273
0.634116
0.633881
0.633334
0.633177
0.632864
0.632551
0.632238
0.632159
0.631768
0.631612
0.630438
0.630203
0.630203
0.630203
0.629655
0.629498
0.629342
0.629029
0.628794
0.628324
0.628246
0.628011
0.627385
0.626915
0.626681
0.626367
0.625976
0.625820
0.625507
0.625428
0.624959
0.624802
0.624489
0.623785
0.623315
0.622767
0.622611
0.622611
0.622141
0.621906
0.621671
0.621593
0.620889
0.620262
0.619949
0.619323
0.619323
0.619088
0.618775
0.618619
0.618149
0.618071
0.617366
0.617366
0.616740
0.616271
0.616349
0.616192
0.615645
0.615566
0.615410
0.614940
0.614940
0.614314
0.613923
0.613375
0.613062
0.613062
0.612983
0.612357
0.612514
0.611966
0.611809
0.611653
0.611027
0.610479
0.610009
0.609931
0.609539
0.609305
0.609070
0.608835
0.608522
0.608209
0.608052
0.607739
0.607035
0.606722
0.606644
0.606878
0.606330
0.606174
0.605783
0.605548
0.605156
0.604843
0.604608
0.603748
0.603669
0.603434
0.603200
0.603121
0.602887
0.602808
0.602182
0.602026
0.601399
0.601008
0.600304
0.600225
0.600069
0.599991
0.599599
0.599443
0.599208
0.598895
0.598425
0.598034
0.597486
0.597329
0.597016
0.596938
0.596703
0.596390
0.595999
0.595999
0.595607
0.594903
0.594747
0.594277
0.594277
0.594042
0.593886
0.593651
0.593494
0.593103
0.592711
0.592555
0.592007
0.591851
0.591146
0.591224
0.591068
0.590598
0.590442
0.590129
0.589894
0.589502
0.589111
0.588485
0.587859
0.587702
0.587780
0.587546
0.587076
0.586998
0.586685
0.586293
0.586059
0.585432
0.585119
0.584963
0.584885
0.584415
0.584258
0.584024
0.583710
0.583319
0.582693
0.582536
0.582380
0.582067
0.581832
0.581519
0.581441
0.580971
0.580423
0.579954
0.579797
0.579484
0.578936
0.578701
0.578779
0.578466
0.577918
0.577684
0.577449
0.577292
0.576666
0.576275
0.576353
0.575883
0.575570
0.575492
0.575336
0.574709
0.574553
0.574475
0.573848
0.573535
0.573144
0.572753
0.572518
0.572518
0.572361
0.571813
0.571422
0.571109
0.570874
0.570092
0.570092
0.569778
0.569622
0.569074
0.568996
0.568604
0.568370
0.568370
0.567743
0.567509
0.567509
0.566961
0.566726
0.566178
0.566100
0.566100
0.565708
0.565395
0.565161
0.564534
0.564065
0.563908
0.563673
0.563126
0.563047
0.562812
0.562343
0.562108
0.561951
0.560699
0.560621
0.560386
0.559995
0.559682
0.559447
0.559055
0.558821
0.558508
0.558038
0.557725
0.557490
0.557334
0.557177
0.556786
0.556316
0.555768
0.555690
0.555377
0.554829
0.554359
0.554359
0.553968
0.553733
0.553420
0.553029
0.552637
0.552559
0.552403
0.551542
0.551620
0.551307
0.550994
0.551150
0.550759
0.550133
0.549898
0.549428
0.549350
0.549037
0.548880
0.548489
0.548176
0.547941
0.547315
0.547158
0.546767
0.546141
0.546297
0.545984
0.545906
0.545437
0.545280
0.544889
0.544889
0.544262
0.543949
0.543636
0.543558
0.543636
0.543245
0.542697
0.542306
0.541993
0.541758
0.541288
0.540740
0.540349
0.540506
0.540584
0.539566
0.539566
0.539097
0.539175
0.538784
0.538236
0.538001
0.537688
0.537296
0.537375
0.537296
0.536983
0.536514
0.536201
0.536044
0.535575
0.535261
0.534714
0.534635
0.534479
0.534244
0.533774
0.533383
0.533226
0.532913
0.532444
0.532052
0.531896
0.531661
0.531583
0.531191
0.531035
0.530487
0.530330
0.529939
0.529469
0.528922
0.529000
0.528765
0.528295
0.528139
0.527591
0.527434
0.527121
0.526574
0.526182
0.526026
0.525713
0.525556
0.525321
0.525086
0.524930
0.524382
0.524069
0.523678
0.523051
0.522973
0.522817
0.522660
0.522503
0.522190
0.521877
0.521486
0.521251
0.520547
0.519921
0.519686
0.519373
0.519451
0.519138
0.518981
0.518825
0.518590
0.517807
0.517494
0.517181
0.517025
0.516790
0.516555
0.516320
0.516242
0.515851
0.515303
0.514911
0.514442
0.514050
0.513816
0.513659
0.513268
0.513189
0.512876
0.512876
0.512328
0.512015
0.511389
0.511076
0.510763
0.510763
0.510841
0.509980
0.510137
0.509824
0.509198
0.508650
0.508650
0.508337
0.507867
0.507945
0.507397
0.507241
0.507006
0.506536
0.505989
0.505989
0.505362
0.504893
0.505049
0.504815
0.504658
0.504110
0.504267
0.503640
0.503327
0.502701
0.502466
0.502466
0.501997
0.502153
0.501605
0.501292
0.500979
0.500588
0.500197
0.499727
0.499570
0.499101
0.498944
0.498631
0.498631
0.498396
0.498083
0.497535
0.497301
0.497144
0.496753
0.496440
0.496127
0.495735
0.495657
0.495735
0.495031
0.494326
0.494170
0.493935
0.493465
0.493387
0.493152
0.492761
0.492761
0.492448
0.492135
0.491509
0.491039
0.490961
0.490648
0.490256
0.490256
0.489943
0.489630
0.489395
0.488847
0.488456
0.488378
0.487908
0.487360
0.487126
0.487204
0.486578
0.486499
0.485951
0.485638
0.485404
0.484934
0.484543
0.484230
0.484230
0.483995
0.483682
0.483369
0.483056
0.482508
0.482586
0.482116
0.481725
0.481255
0.481412
0.480864
0.480473
0.480160
0.480003
0.479220
0.478751
0.478672
0.478359
0.477890
0.477890
0.477264
0.476950
0.476716
0.476168
0.475776
0.475776
0.475229
0.474837
0.474759
0.474602
0.474054
0.473976
0.473507
0.473194
0.472646
0.472567
0.472254
0.472254
0.471393
0.471315
0.471002
0.470689
0.470454
0.469750
0.469437
0.469123
0.468810
0.468732
0.468184
0.468028
0.467715
0.467480
0.467010
0.466541
0.466228
0.465914
0.465523
0.465445
0.465367
0.464662
0.464584
0.464114
0.463879
0.463566
0.463097
0.462627
0.462392
0.462236
0.462157
0.462079
0.461218
0.461297
0.460905
0.460357
0.460201
0.459731
0.459418
0.458948
0.458714
0.458166
0.458009
0.457696
0.457383
0.457148
0.456600
0.456209
0.456052
0.455739
0.455505
0.455113
0.454487
0.454565
0.454174
0.453704
0.453470
0.453235
0.452843
0.452609
0.452374
0.452139
0.451591
0.451200
0.451200
0.450652
0.450495
0.450026
0.449713
0.449321
0.448852
0.448930
0.448617
0.448304
0.448225
0.447834
0.447130
0.446817
0.446347
0.446112
0.445956
0.445564
0.445486
0.445251
0.445095
0.444312
0.443999
0.443842
0.443608
0.443373
0.442903
0.442747
0.442590
0.442199
0.441729
0.441807
0.441338
0.440555
0.440242
0.439851
0.439538
0.439381
0.438911
0.438520
0.438363
0.438207
0.437894
0.437268
0.436876
0.436798
0.436642
0.436485
0.435937
0.435859
0.435546
0.434841
0.434450
0.434450
0.434059
0.433746
0.433589
0.433119
0.432885
0.432806
0.432571
0.432180
0.431789
0.431476
0.431163
0.430615
0.430693
0.430302
0.429910
0.429676
0.429441
0.429128
0.428580
0.428345
0.428188
0.428267
0.427719
0.427327
0.427093
0.426936
0.426623
0.425997
0.425605
0.425371
0.425136
0.424901
0.424745
0.424197
0.424275
0.423727
0.423336
0.423101
0.422788
0.422162
0.422475
0.421927
0.421692
0.421301
0.421144
0.420753
0.420518
0.420361
0.419657
0.419344
0.418953
0.418953
0.418483
0.418405
0.418013
0.417857
0.417622
0.417152
0.416918
0.416448
0.416291
0.415743
0.415743
0.415274
0.414804
0.414569
0.414335
0.414022
0.413552
0.413395
0.413474
0.413161
0.412769
0.412848
0.412456
0.412065
0.411204
0.410734
0.410891
0.410343
0.410108
0.409717
0.409404
0.409247
0.408777
0.408464
0.408073
0.407917
0.407290
0.407290
0.407447
0.407212
0.406821
0.406429
0.405881
0.405647
0.405255
0.404864
0.404473
0.404238
0.404003
0.403925
0.403455
0.403064
0.402672
0.402516
0.402046
0.401890
0.401577
0.400950
0.400950
0.400403
0.400324
0.399698
0.399072
0.398915
0.398759
0.398446
0.398289
0.397741
0.397585
0.397115
0.396880
0.396411
0.396098
0.395628
0.395472
0.395237
0.394767
0.394924
0.394454
0.394298
0.393828
0.393437
0.393045
0.392732
0.392576
0.392184
0.392106
0.391949
0.391088
0.391088
0.390384
0.389836
0.389445
0.389288
0.388975
0.388584
0.388584
0.388271
0.387879
0.387723
0.387410
0.386940
0.386471
0.386158
0.385844
0.385453
0.385766
0.385610
0.384514
0.384357
0.383888
0.383496
0.383340
0.382792
0.382401
0.382087
0.381774
0.381696
0.381305
0.380835
0.380522
0.380209
0.380209
0.379583
0.379270
0.378957
0.378800
0.378331
0.378017
0.377704
0.377235
0.377078
0.376530
0.376374
0.376061
0.375748
0.375356
0.374965
0.375200
0.374182
0.374104
0.373556
0.373556
0.373086
0.372773
0.372460
0.372225
0.371834
0.371365
0.371365
0.370660
0.370190
0.370112
0.369721
0.369486
0.369016
0.368782
0.368390
0.368234
0.367921
0.367373
0.367060
0.366825
0.366590
0.366277
0.365729
0.365494
0.365181
0.364555
0.364555
0.364398
0.364164
0.363381
0.363459
0.362755
0.362520
0.362207
0.361972
0.361424
0.361346
0.360563
0.360485
0.359937
0.359781
0.359154
0.359154
0.358841
0.358685
0.358215
0.357980
0.357119
0.357354
0.356572
0.356337
0.356102
0.355867
0.355319
0.355241
0.355084
0.354458
0.353989
0.353676
0.353519
0.353128
0.353128
0.352971
0.352423
0.351875
0.352032
0.351406
0.351327
0.350936
0.350623
0.350310
0.350075
0.349997
0.349371
0.348901
0.348745
0.348197
0.347805
0.347492
0.347414
0.347179
0.347101
0.346475
0.346083
0.345927
0.345849
0.345144
0.344988
0.344675
0.344205
0.344127
0.344127
0.343579
0.343422
0.342874
0.342718
0.342092
0.342092
0.341544
0.341074
0.340996
0.340604
0.340526
0.339978
0.339744
0.339352
0.338883
0.338883
0.338804
0.338100
0.337943
0.337709
0.337474
0.337004
0.336613
0.335987
0.335830
0.335752
0.335204
0.335047
0.334499
0.334421
0.334108
0.333717
0.333560
0.333169
0.332856
0.332464
0.332386
0.331838
0.331525
0.331369
0.331369
0.330508
0.330429
0.330273
0.329882
0.329177
0.329177
0.328629
0.328551
0.328473
0.328003
0.327377
0.327377
0.326751
0.326516
0.326203
0.325811
0.325968
0.325577
0.325264
0.324951
0.324324
0.324011
0.323776
0.323229
0.322994
0.322759
0.322681
0.322289
0.321976
0.321272
0.321037
0.320411
0.320020
0.319863
0.319472
0.319472
0.319237
0.318845
0.318219
0.317906
0.317593
0.317280
0.316967
0.316732
0.316497
0.316263
0.316106
0.315636
0.315245
0.314697
0.314149
0.313993
0.313601
0.313132
0.313367
0.313132
0.312975
0.312506
0.312036
0.311879
0.311097
0.310940
0.310705
0.310001
0.310001
0.309610
0.309375
0.309297
0.308670
0.308123
0.307575
0.307575
0.307262
0.306948
0.306557
0.306479
0.306009
0.305931
0.305227
0.304757
0.304679
0.304209
0.303974
0.303974
0.303426
0.302957
0.302800
0.302565
0.302096
0.301626
0.301235
0.301000
0.300609
0.300452
0.299904
0.299356
0.299121
0.298574
0.298261
0.297791
0.297478
0.297243
0.297086
0.296852
0.296852
0.296304
0.295678
0.295130
0.295051
0.294504
0.294504
0.294034
0.294034
0.293408
0.293330
0.292860
0.292469
0.292077
0.291999
0.291608
0.291060
0.290512
0.290120
0.289729
0.289494
0.289181
0.288946
0.288477
0.288085
0.287616
0.287146
0.286755
0.286442
0.286520
0.285894
0.285424
0.285503
0.284955
0.284720
0.284329
0.284015
0.283389
0.283389
0.282920
0.282841
0.282059
0.281902
0.281589
0.280885
0.280885
0.280180
0.279867
0.279319
0.279084
0.278458
0.278458
0.277910
0.277597
0.277597
0.276815
0.276345
0.276267
0.276188
0.275562
0.275641
0.275171
0.274623
0.274545
0.274153
0.273840
0.273214
0.273136
0.272823
0.272510
0.272040
0.271492
0.271257
0.270944
0.270162
0.270005
0.269849
0.269379
0.268988
0.268831
0.268127
0.268048
0.267579
0.267500
0.266953
0.266874
0.266874
0.265935
0.265779
0.265465
0.265074
0.264605
0.264526
0.264057
0.263744
0.263117
0.263117
0.262883
0.262804
0.262569
0.262100
0.261552
0.261082
0.261161
0.260456
0.260143
0.260143
0.259674
0.259360
0.258734
0.258813
0.258186
0.257717
0.257560
0.257247
0.257012
0.256543
0.256230
0.256073
0.255760
0.255212
0.255212
0.254977
0.254508
0.253960
0.253803
0.253412
0.253021
0.252786
0.252629
0.252081
0.251847
0.251377
0.250986
0.250359
0.250281
0.249968
0.249812
0.249107
0.248716
0.248403
0.248324
0.247933
0.247072
0.247307
0.246994
0.246837
0.246211
0.245820
0.245820
0.245272
0.244959
0.244333
0.244098
0.243706
0.243550
0.243472
0.243002
0.242846
0.242454
0.241906
0.241437
0.241124
0.240810
0.240341
0.240028
0.239715
0.239480
0.239010
0.238932
0.238462
0.237836
0.237523
0.237680
0.236975
0.236662
0.236662
0.236193
0.235566
0.235566
0.235488
0.234862
0.234549
0.234705
0.234001
0.234001
0.233766
0.233140
0.232670
0.232514
0.232123
0.231575
0.231340
0.230949
0.230870
0.230479
0.230401
0.230088
0.229618
0.229148
0.229148
0.228522
0.228209
0.227896
0.227739
0.227113
0.227035
0.226800
0.226487
0.226252
0.225626
0.224765
0.224452
0.224530
0.223904
0.223904
0.223669
0.223200
0.222887
0.222495
0.222417
0.221713
0.221400
0.221008
0.220539
0.220460
0.220226
0.219599
0.219678
0.219208
0.218425
0.217956
0.217643
0.217173
0.216782
0.216625
0.216312
0.216077
0.215764
0.215295
0.214747
0.214825
0.214120
0.214042
0.213494
0.212946
0.212868
0.212242
0.212085
0.211616
0.211303
0.210598
0.210442
0.209972
0.209972
0.209268
0.209033
0.208642
0.208250
0.207781
0.207546
0.207233
0.206685
0.206528
0.206215
0.205667
0.205433
0.204963
0.204728
0.204102
0.203711
0.203476
0.203006
0.202771
0.202615
0.201989
0.201676
0.201363
0.200971
0.200736
0.199797
0.199249
0.199562
0.198936
0.198310
0.198075
0.197840
0.197292
0.196979
0.196510
0.196197
0.195805
0.195336
0.195101
0.194788
0.194397
0.194083
0.193692
0.193144
0.192675
0.192596
0.192127
0.192048
0.191422
0.191266
0.190405
0.190326
0.189857
0.189231
0.189074
0.188839
0.188448
0.187900
0.187822
0.187274
0.186883
0.186491
0.186178
0.186100
0.185552
0.185395
0.184769
0.184456
0.184300
0.183674
0.183047
0.182969
0.182656
0.181952
0.181717
0.181247
0.181091
0.180621
0.180308
0.179682
0.179682
0.179212
0.178821
0.178195
0.178116
0.177803
0.177412
0.176942
0.176629
0.176238
0.176003
0.175533
0.175064
0.174751
0.174203
0.174046
0.173812
0.173342
0.173185
0.172716
0.172559
0.172168
0.171620
0.171463
0.170837
0.170368
0.170211
0.169585
0.169272
0.168959
0.168959
0.168333
0.167863
0.167550
0.167237
0.167159
0.166376
0.166141
0.165828
0.165358
0.165045
0.164576
0.164341
0.164184
0.163871
0.163558
0.163245
0.162854
0.162384
0.162071
0.161680
0.161288
0.161054
0.160193
0.160427
0.159880
0.159488
0.158784
0.158314
0.158158
0.157923
0.157610
0.157297
0.156905
0.156592
0.156436
0.155966
0.155496
0.155262
0.154870
0.154401
0.154166
0.153774
0.153461
0.153148
0.152835
0.152600
0.151818
0.151818
0.151583
0.151035
0.150722
0.150644
0.150331
0.149548
0.149470
0.149157
0.148687
0.148061
0.147826
0.147591
0.147278
0.146652
0.146730
0.146261
0.145791
0.145008
0.144852
0.144460
0.143912
0.143991
0.143365
0.143130
0.142660
0.142582
0.141877
0.141721
0.141330
0.140860
0.140547
0.140625
0.140077
0.139686
0.139295
0.139138
0.138825
0.138042
0.137886
0.137416
0.137025
0.136868
0.136164
0.135851
0.135538
0.134990
0.134833
0.134050
0.133816
0.133581
0.133268
0.132955
0.132563
0.132250
0.131781
0.131546
0.130920
0.130528
0.130215
0.130137
0.129902
0.129120
0.129276
0.128572
0.128102
0.127867
0.127711
0.127084
0.126537
0.125989
0.125989
0.125597
0.124971
0.124815
0.124345
0.123797
0.123406
0.123014
0.122623
0.122467
0.122310
0.121606
0.121214
0.120666
0.120197
0.119962
0.119258
0.118866
0.118162
0.117927
0.117614
0.117379
0.117222
0.116831
0.116362
0.115657
0.115109
0.114953
0.114561
0.114092
0.113857
0.113544
0.113074
0.112761
0.112448
0.111744
0.111431
0.110883
0.110804
0.110335
0.109865
0.109630
0.109396
0.108926
0.108456
0.107908
0.107439
0.106891
0.106500
0.106500
0.106030
0.105795
0.105169
0.104856
0.104308
0.103838
0.103525
0.102899
0.102664
0.102586
0.102351
0.101882
0.101490
0.101021
0.100473
0.099768
0.099142
0.098829
0.098359
0.098125
0.097968
0.097733
0.097342
0.096638
0.096246
0.095463
0.095229
0.095150
0.094681
0.094524
0.093898
0.093272
0.092959
0.092646
0.092020
0.091472
0.090767
0.091002
0.090611
0.090063
0.089515
0.089202
0.088576
0.088263
0.087950
0.087402
0.086776
0.086619
0.086306
0.085680
0.085445
0.084897
0.084584
0.084271
0.083723
0.083019
0.082627
0.082392
0.082001
0.081610
0.081297
0.080514
0.080436
0.079966
0.079262
0.078949
0.078166
0.077853
0.077618
0.077305
0.076914
0.076366
0.075896
0.075426
0.074957
0.074487
0.074252
0.074018
0.073313
0.073078
0.072374
0.072296
0.071669
0.071278
0.070887
0.070339
0.069948
0.069400
0.068930
0.068539
0.068304
0.067678
0.067286
0.067052
0.066504
0.065878
0.065564
0.065251
0.064860
0.064547
0.064077
0.063686
0.063138
0.062668
0.062277
0.061964
0.061651
0.061025
0.060712
0.059851
0.059694
0.059459
0.058755
0.058364
0.057972
0.057190
0.056955
0.056642
0.056485
0.056250
0.055702
0.055076
0.054841
0.054215
0.054059
0.053589
0.053198
0.052806
0.052572
0.051945
0.051398
0.050850
0.050302
0.049910
0.049676
0.049363
0.048971
0.048893
0.048345
0.047875
0.047328
0.047014
0.046388
0.045762
0.045136
0.044901
0.044432
0.044040
0.044040
0.043336
0.042944
0.042553
0.042083
0.041614
0.040831
0.040753
0.040048
0.039814
0.039031
0.038483
0.038013
0.037466
0.037700
0.036996
0.036135
0.036213
0.035822
0.035352
0.035039
0.034648
0.033865
0.033943
0.033082
0.032691
0.032065
0.031674
0.031439
0.031047
0.030734
0.029952
0.029639
0.029091
0.028543
0.028308
0.027917
0.027525
0.027056
0.026586
0.026038
0.025725
0.025255
0.024786
0.024395
0.023847
0.023612
0.023142
0.022594
0.022203
0.021420
0.021185
0.020716
0.019933
0.019698
0.019307
0.018681
0.018446
0.017976
0.017663
0.017115
0.016489
0.016098
0.015785
0.015315
0.014689
0.014298
0.014063
0.013515
0.013045
0.012811
0.012028
0.011402
0.011010
0.010854
0.010149
0.009367
0.008975
0.008662
0.008114
0.007567
0.007253
0.006314
0.006001
0.005845
0.005375
0.004671
0.004279
0.003810
0.003340
0.002949
0.002479
0.001696
0.001305
0.000992
0.000679
0.000131
-0.000260
-0.000574
-0.001043
-0.001591
-0.002139
-0.002765
-0.003235
-0.003626
-0.004174
-0.004565
-0.005191
-0.005426
-0.005974
-0.006366
-0.007305
-0.007461
-0.007931
-0.008009
-0.008792
-0.009105
-0.009653
-0.009888
-0.010670
-0.011297
-0.011688
-0.012392
-0.012940
-0.012940
-0.013723
-0.014192
-0.014897
-0.015288
-0.015993
-0.016619
-0.017010
-0.017715
-0.018419
-0.018732
-0.019202
-0.019593
-0.019906
-0.020532
-0.020689
-0.021550
-0.022254
-0.022959
-0.023350
-0.023820
-0.023976
-0.024602
-0.025229
-0.025620
-0.026324
-0.026950
-0.027264
-0.028046
-0.028672
-0.029142
-0.029846
-0.030081
-0.030394
-0.031099
-0.031647
-0.032116
-0.033134
-0.033838
-0.034151
-0.034464
-0.034777
-0.035169
-0.035717
-0.036186
-0.037047
-0.037282
-0.037752
-0.039161
-0.039865
-0.040022
-0.040491
-0.041039
-0.041587
-0.042370
-0.042604
-0.043152
-0.043857
-0.044874
-0.045422
-0.045735
-0.046127
-0.046674
-0.046988
-0.047379
-0.047849
-0.048475
-0.049414
-0.050197
-0.050979
-0.051605
-0.051840
-0.052623
-0.053406
-0.053719
-0.054423
-0.054893
-0.055206
-0.056145
-0.057163
-0.057632
-0.057789
-0.058337
-0.058885
-0.059589
-0.060137
-0.060528
-0.061311
-0.062172
-0.062641
-0.063189
-0.063502
-0.064050
-0.064677
-0.065459
-0.066007
-0.066477
-0.067416
-0.068120
-0.068512
-0.069138
-0.069373
-0.069999
-0.070547
-0.071251
-0.072034
-0.072269
-0.073364
-0.073912
-0.074382
-0.074695
-0.075478
-0.075713
-0.076182
-0.077043
-0.077513
-0.078139
-0.078609
-0.079861
-0.080487
-0.080878
-0.081348
-0.081661
-0.082209
-0.083070
-0.083618
-0.084322
-0.085105
-0.086122
-0.086670
-0.087062
-0.087375
-0.087610
-0.088236
-0.088940
-0.089645
-0.090427
-0.090740
-0.091758
-0.092149
-0.092854
-0.093010
-0.093558
-0.094106
-0.094967
-0.095358
-0.096063
-0.096611
-0.097550
-0.098254
-0.098489
-0.098959
-0.099428
-0.100133
-0.100759
-0.101620
-0.101933
-0.102246
-0.103264
-0.103968
-0.104672
-0.104907
-0.105299
-0.105846
-0.106316
-0.107412
-0.107568
-0.108586
-0.109212
-0.110151
-0.111090
-0.111404
-0.111795
-0.112421
-0.112969
-0.113830
-0.114456
-0.114926
-0.115474
-0.116178
-0.116961
-0.117509
-0.118057
-0.118604
-0.119074
-0.120170
-0.121187
-0.121422
-0.122205
-0.122909
-0.123535
-0.124318
-0.125179
-0.125101
-0.125649
-0.126588
-0.127449
-0.127605
-0.128623
-0.129406
-0.130032
-0.130736
-0.131519
-0.131754
-0.132067
-0.133006
-0.133945
-0.134337
-0.135041
-0.135432
-0.136450
-0.137076
-0.137702
-0.138015
-0.138876
-0.139894
-0.140520
-0.141459
-0.141772
-0.142320
-0.143025
-0.143807
-0.144590
-0.145138
-0.145529
-0.146234
-0.147016
-0.147877
-0.148034
-0.149286
-0.149991
-0.150460
-0.150930
-0.151713
-0.152417
-0.152965
-0.153669
-0.154217
-0.155156
-0.155783
-0.156487
-0.157035
-0.157739
-0.158522
-0.158757
-0.159305
-0.160557
-0.161575
-0.162122
-0.162592
-0.163375
-0.164157
-0.164549
-0.165253
-0.165566
-0.166427
-0.166897
-0.168149
-0.168854
-0.169636
-0.170028
-0.170419
-0.171437
-0.172063
-0.172845
-0.173237
-0.173706
-0.175037
-0.175585
-0.175898
-0.176681
-0.177307
-0.178089
-0.178559
-0.179185
-0.179811
-0.180672
-0.181220
-0.182159
-0.183020
-0.183490
-0.183960
-0.184742
-0.185603
-0.185995
-0.186464
-0.187404
-0.187951
-0.188969
-0.189986
-0.190534
-0.191004
-0.191787
-0.192335
-0.193117
-0.193743
-0.194056
-0.194683
-0.195622
-0.196561
-0.197187
-0.197657
-0.197892
-0.198753
-0.199770
-0.200475
-0.201101
-0.201570
-0.202510
-0.203762
-0.204310
-0.204701
-0.205327
-0.205797
-0.206814
-0.207206
-0.208223
-0.208615
-0.209084
-0.210102
-0.210963
-0.211276
-0.212137
-0.212450
-0.212841
-0.213859
-0.214172
-0.215033
-0.215502
-0.216207
-0.217381
-0.218164
-0.218633
-0.218790
-0.219651
-0.220277
-0.221216
-0.221686
-0.222468
-0.223016
-0.224503
-0.225364
-0.225443
-0.225834
-0.226617
-0.227008
-0.227791
-0.228417
-0.228887
-0.229513
-0.230530
-0.231469
-0.232252
-0.232487
-0.232957
-0.233739
-0.234287
-0.234600
-0.235305
-0.235618
-0.236557
-0.237418
-0.238201
-0.238435
-0.238983
-0.239296
-0.240392
-0.241018
-0.241410
-0.242114
-0.242897
-0.243680
-0.244619
-0.245167
-0.245401
-0.245949
-0.246419
-0.246732
-0.247436
-0.248297
-0.248454
-0.249315
-0.250176
-0.250959
-0.251428
-0.251663
-0.252211
-0.252602
-0.253385
-0.253698
-0.254089
-0.254716
-0.255498
-0.256672
-0.257064
-0.257298
-0.257690
-0.258159
-0.258551
-0.259412
-0.259647
-0.260273
-0.260351
-0.261447
-0.262308
-0.262543
-0.262856
-0.263560
-0.263873
-0.264264
-0.264891
-0.265047
-0.265752
-0.266143
-0.266926
-0.267474
-0.267552
-0.268178
-0.268648
-0.269039
-0.269665
-0.270056
-0.270448
-0.271074
-0.271857
-0.272561
-0.272561
-0.273187
-0.273579
-0.273422
-0.274518
-0.274831
-0.275379
-0.275379
-0.275927
-0.276553
-0.276944
-0.277492
-0.277883
-0.278118
-0.278353
-0.278666
-0.279371
-0.279840
-0.280232
-0.280701
-0.281327
-0.281953
-0.282110
-0.282658
-0.283128
-0.283206
-0.283832
-0.284145
-0.284380
-0.284615
-0.285319
-0.285710
-0.285945
-0.286650
-0.286650
-0.286963
-0.287276
-0.287432
-0.288058
-0.288293
-0.288841
-0.289233
-0.289859
-0.290094
-0.290328
-0.290250
-0.290720
-0.291111
-0.291424
-0.291581
-0.292050
-0.292207
-0.292598
-0.292911
-0.293146
-0.293694
-0.293537
-0.294085
-0.294164
-0.294320
-0.294633
-0.294946
-0.295103
-0.295338
-0.295885
-0.295964
-0.296277
-0.296512
-0.296825
-0.296903
-0.297216
-0.297373
-0.297842
-0.298390
-0.298468
-0.298390
-0.298703
-0.298703
-0.299095
-0.299329
-0.299408
-0.299251
-0.299721
-0.300112
-0.299956
-0.300112
-0.300660
-0.300816
-0.300738
-0.300973
-0.301521
-0.301286
-0.301443
-0.301834
-0.302147
-0.302304
-0.302382
-0.302617
-0.302617
-0.302773
-0.302930
-0.303165
-0.303086
-0.303165
-0.303556
-0.303634
-0.303791
-0.303791
-0.303712
-0.303869
-0.304026
-0.304026
-0.304182
-0.304260
-0.304260
-0.304339
-0.304573
-0.304652
-0.304652
-0.304495
-0.305434
-0.305121
-0.305121
-0.304808
-0.305434
-0.305278
-0.305669
-0.305669
-0.305904
-0.305982
-0.305982
-0.305904
-0.305904
-0.305904
-0.305826
-0.306061
-0.306061
-0.305982
-0.306452
-0.306374
-0.306608
-0.306687
-0.306687
-0.306765
-0.306687
-0.306452
-0.306452
-0.306687
-0.306765
-0.306765
-0.306922
-0.306843
-0.306765
-0.306765
-0.306608
-0.306217
-0.306608
-0.306765
-0.306687
-0.306687
-0.306843
-0.306687
-0.306765
-0.306843
-0.306922
-0.307000
-0.306608
-0.306608
-0.306608
-0.306452
-0.306530
-0.306374
-0.306608
-0.306765
-0.306765
-0.306452
-0.306608
-0.306530
-0.306295
-0.305982
-0.305982
-0.306295
-0.306139
-0.306217
-0.306295
-0.306295
-0.306608
-0.306530
-0.306452
-0.305982
-0.306139
-0.305982
-0.306374
-0.306061
-0.306061
-0.305982
-0.306217
-0.306295
-0.306217
-0.305826
-0.305591
-0.305747
-0.305591
-0.305591
-0.305434
-0.305669
-0.305747
-0.305591
-0.305669
-0.305434
-0.305121
-0.305043
-0.305043
-0.305043
-0.305043
-0.304808
-0.305043
-0.305043
-0.304965
-0.305200
-0.305121
-0.304417
-0.304417
-0.304652
-0.304417
-0.304417
-0.304495
-0.304182
-0.304339
-0.304339
-0.304182
-0.304495
-0.304104
-0.304182
-0.303869
-0.304182
-0.304182
-0.303712
-0.303791
-0.303791
-0.303556
-0.303556
-0.303712
-0.303712
-0.303086
-0.303243
-0.303086
-0.303478
-0.303321
-0.303399
-0.303165
-0.303086
-0.303165
-0.303008
-0.302930
-0.302773
-0.302851
-0.302617
-0.302617
-0.302695
-0.302460
-0.302538
-0.302617
-0.302538
-0.302460
-0.302225
-0.302147
-0.302069
-0.302147
-0.302147
-0.301677
-0.301599
-0.301756
-0.301521
-0.301834
-0.301834
-0.301443
-0.301443
-0.301599
-0.301521
-0.301364
-0.301286
-0.301286
-0.301130
-0.301130
-0.301286
-0.301051
-0.301286
-0.300738
-0.300816
-0.300660
-0.301130
-0.301051
-0.300816
-0.300190
-0.300895
-0.300503
-0.300503
-0.300425
-0.300347
-0.300112
-0.300112
-0.300425
-0.300269
-0.300347
-0.300112
-0.300269
-0.299956
-0.299642
-0.299799
-0.300034
-0.299877
-0.299642
-0.299721
-0.299721
-0.299564
-0.299564
-0.299408
-0.299642
-0.299408
-0.299564
-0.299408
-0.299642
-0.299329
-0.299329
-0.299251
-0.298860
-0.298781
-0.298938
-0.299408
-0.299251
-0.299251
-0.298860
-0.299173
-0.299173
-0.299173
-0.299016
-0.298860
-0.298781
-0.298938
-0.299016
-0.298860
-0.298781
-0.298781
-0.298781
-0.298860
-0.298938
-0.299173
-0.298860
-0.298938
-0.298781
-0.298860
-0.298703
-0.298547
-0.298547
-0.298625
-0.299016
-0.299016
-0.299095
-0.298938
-0.298938
-0.298860
-0.299016
-0.298625
-0.298703
-0.298703
-0.298938
-0.298781
-0.299016
-0.299016
-0.298703
-0.298781
-0.298625
-0.298547
-0.298547
-0.298703
-0.298781
-0.298703
-0.298860
-0.298781
-0.298860
-0.298860
-0.298547
-0.298860
-0.299095
-0.298781
-0.298860
-0.298781
-0.298781
-0.299173
-0.299329
-0.299251
-0.299408
-0.299251
-0.299016
-0.299173
-0.298781
-0.299095
-0.299251
-0.299329
-0.299173
-0.299486
-0.299329
-0.299564
-0.299329
-0.299408
-0.299251
-0.299486
-0.299408
-0.299486
-0.299642
-0.299642
-0.299877
-0.300034
-0.300112
-0.300269
-0.299799
-0.299877
-0.300190
-0.300034
-0.300269
-0.300425
-0.300503
-0.300503
-0.300738
-0.300503
-0.300269
-0.300425
-0.300660
-0.300816
-0.300582
-0.300973
-0.300895
-0.301051
-0.301051
-0.301834
-0.301443
-0.301443
-0.301599
-0.301286
-0.301364
-0.301756
-0.301756
-0.301912
-0.302147
-0.301834
-0.302304
-0.302382
-0.302147
-0.302225
-0.302147
-0.302225
-0.302382
-0.302460
-0.302617
-0.302695
-0.303008
-0.303008
-0.303165
-0.303165
-0.303086
-0.303086
-0.302930
-0.303165
-0.303321
-0.303399
-0.303556
-0.303712
-0.303712
-0.303712
-0.303947
-0.303791
-0.304182
-0.304339
-0.304339
-0.304339
-0.304260
-0.304652
-0.304730
-0.304965
-0.305043
-0.305121
-0.304965
-0.305043
-0.305278
-0.305278
-0.305121
-0.305356
-0.305513
-0.305591
-0.305904
-0.305904
-0.306061
-0.306295
-0.305747
-0.306061
-0.306217
-0.306295
-0.306452
-0.306530
-0.306608
-0.307000
-0.307156
-0.307156
-0.307078
-0.307313
-0.307235
-0.307861
-0.307861
-0.307782
-0.308017
-0.308174
-0.308252
-0.308330
-0.308565
-0.308409
-0.308409
-0.308487
-0.308878
-0.309113
-0.309270
-0.309035
-0.309348
-0.309739
-0.309661
-0.310052
-0.310052
-0.309974
-0.310052
-0.310131
-0.309974
-0.310757
-0.310600
-0.310757
-0.310913
-0.310835
-0.311226
-0.311383
-0.311696
-0.311618
-0.311774
-0.311774
-0.311931
-0.312166
-0.312166
-0.312479
-0.312870
-0.312713
-0.312948
-0.313105
-0.313261
-0.313340
-0.313340
-0.313574
-0.313496
-0.313888
-0.314122
-0.314201
-0.314435
-0.314435
-0.314983
-0.314670
-0.314670
-0.314905
-0.315062
-0.315218
-0.315296
-0.315609
-0.315923
-0.316001
-0.316079
-0.316392
-0.316627
-0.316470
-0.316627
-0.317018
-0.317018
-0.317253
-0.317566
-0.317644
-0.317801
-0.318192
-0.318114
-0.318036
-0.318505
-0.318662
-0.318740
-0.318740
-0.319132
-0.319445
-0.319445
-0.319601
-0.319445
-0.319914
-0.320462
-0.320071
-0.320227
-0.320384
-0.320619
-0.320932
-0.321010
-0.321245
-0.321558
-0.321636
-0.322184
-0.322106
-0.322419
-0.322341
-0.322654
-0.322732
-0.322967
-0.323280
-0.323202
-0.323515
-0.323828
-0.323906
-0.323828
-0.324141
-0.324376
-0.324610
-0.324610
-0.325080
-0.325237
-0.325315
-0.325315
-0.325315
-0.325706
-0.325785
-0.325941
-0.326098
-0.326254
-0.326254
-0.326567
-0.326724
-0.327115
-0.326880
-0.327350
-0.327741
-0.327663
-0.327898
-0.328211
-0.328367
-0.328524
-0.328837
-0.328915
-0.329072
-0.329307
-0.329620
-0.329385
-0.329933
-0.329933
-0.330246
-0.330402
-0.330481
-0.331107
-0.331185
-0.331420
-0.331498
-0.331655
-0.331890
-0.332046
-0.332281
-0.332672
-0.332672
-0.332672
-0.333064
-0.333377
-0.333690
-0.333846
-0.334003
-0.334394
-0.334316
-0.334472
-0.334864
-0.334942
-0.334942
-0.335412
-0.335412
-0.335568
-0.335803
-0.336038
-0.336194
-0.336664
-0.336821
-0.336977
-0.337134
-0.337290
-0.337525
-0.337760
-0.338151
-0.338308
-0.338777
-0.338699
-0.339012
-0.338856
-0.339012
-0.339482
-0.339560
-0.339951
-0.340108
-0.340578
-0.340734
-0.341125
-0.341282
-0.341673
-0.341752
-0.341673
-0.342221
-0.342065
-0.342221
-0.342691
-0.342926
-0.343082
-0.343082
-0.343239
-0.343630
-0.343630
-0.343943
-0.344100
-0.344256
-0.344413
-0.344882
-0.345117
-0.345274
-0.345587
-0.345665
-0.346135
-0.345978
-0.346369
-0.346369
-0.346448
-0.346917
-0.347152
-0.347152
-0.347700
-0.348013
-0.348170
-0.348405
-0.348639
-0.348796
-0.349187
-0.349109
-0.349422
-0.349422
-0.349813
-0.349735
-0.349735
-0.350440
-0.350674
-0.350753
-0.351144
-0.351144
-0.351457
-0.351379
-0.351535
-0.352005
-0.352083
-0.352553
-0.352553
-0.353336
-0.353570
-0.353492
-0.353727
-0.353883
-0.354118
-0.354353
-0.354588
-0.354588
-0.354979
-0.355371
-0.355449
-0.355762
-0.355840
-0.356075
-0.356466
-0.356701
-0.356779
-0.356936
-0.357092
-0.357327
-0.357640
-0.357875
-0.358267
-0.358501
-0.358814
-0.359441
-0.359441
-0.359284
-0.359675
-0.359754
-0.359988
-0.360302
-0.360849
-0.361006
-0.361632
-0.362102
-0.361945
-0.361945
-0.362728
-0.362571
-0.362806
-0.362806
-0.363041
-0.363667
-0.363432
-0.364137
-0.363980
-0.364606
-0.364841
-0.364841
-0.365311
-0.365467
-0.365702
-0.365937
-0.366172
-0.366720
-0.366485
-0.366876
-0.367502
-0.367737
-0.367894
-0.368128
-0.368128
-0.368442
-0.368755
-0.368989
-0.369068
-0.369146
-0.369616
-0.370085
-0.370555
-0.370633
-0.370868
-0.371259
-0.371338
-0.371494
-0.371572
-0.372120
-0.371885
-0.372433
-0.372668
-0.372981
-0.373059
-0.373529
-0.373764
-0.374077
-0.373920
-0.374468
-0.374625
-0.374860
-0.374860
-0.375329
-0.375721
-0.375486
-0.375642
-0.376269
-0.376190
-0.376660
-0.376738
-0.377051
-0.377130
-0.377756
-0.377677
-0.378147
-0.378304
-0.378617
-0.379008
-0.379165
-0.379478
-0.379947
-0.379869
-0.380339
-0.380495
-0.380573
-0.381043
-0.381200
-0.381121
-0.381747
-0.381826
-0.382452
-0.382217
-0.382921
-0.383156
-0.383548
-0.383626
-0.383626
-0.384096
-0.384487
-0.384565
-0.384878
-0.384957
-0.385348
-0.385583
-0.385661
-0.385974
-0.385974
-0.386600
-0.386678
-0.387148
-0.387305
-0.387539
-0.387618
-0.388166
-0.388322
-0.388792
-0.389105
-0.389418
-0.389183
-0.389888
-0.390044
-0.390201
-0.390357
-0.390905
-0.391062
-0.391375
-0.391766
-0.392001
-0.392157
-0.392236
-0.392549
-0.392783
-0.393175
-0.393488
-0.393644
-0.394036
-0.394427
-0.394818
-0.395366
-0.395523
-0.395523
-0.396071
-0.396071
-0.396149
-0.396462
-0.396775
-0.396932
-0.397323
-0.397558
-0.398106
-0.397949
-0.398575
-0.398654
-0.399045
-0.399045
-0.399671
-0.399749
-0.400063
-0.399906
-0.400924
-0.401002
-0.401550
-0.401550
-0.401393
-0.402019
-0.402254
-0.402802
-0.402959
-0.403115
-0.403506
-0.403741
-0.404211
-0.404133
-0.404524
-0.405150
-0.405228
-0.405072
-0.405698
-0.405855
-0.405933
-0.406559
-0.406637
-0.406872
-0.407107
-0.407498
-0.407655
-0.407968
-0.408437
-0.408437
-0.408829
-0.409220
-0.409220
-0.409533
-0.409846
-0.410003
-0.410394
-0.410551
-0.410942
-0.410942
-0.411412
-0.411568
-0.412116
-0.412507
-0.412586
-0.412586
-0.412977
-0.412899
-0.413290
-0.413916
-0.413916
-0.414308
-0.414308
-0.414386
-0.415012
-0.415247
-0.415482
-0.415951
-0.416186
-0.416264
-0.416656
-0.417047
-0.417282
-0.417438
-0.417752
-0.418143
-0.418221
-0.418456
-0.418691
-0.419160
-0.419160
-0.419317
-0.419943
-0.419943
-0.420334
-0.420413
-0.420726
-0.421274
-0.421508
-0.421978
-0.421978
-0.422291
-0.422839
-0.422917
-0.423152
-0.423465
-0.423700
-0.424013
-0.424404
-0.424483
-0.424718
-0.425265
-0.425500
-0.425422
-0.425813
-0.426048
-0.426283
-0.426753
-0.426987
-0.427457
-0.427300
-0.427614
-0.428161
-0.428396
-0.428396
-0.428788
-0.428944
-0.429257
-0.429649
-0.429727
-0.430353
-0.430431
-0.430510
-0.430979
-0.431370
-0.431605
-0.431762
-0.432153
-0.432310
-0.432623
-0.432858
-0.433092
-0.433327
-0.433797
-0.434032
-0.434032
-0.434266
-0.434736
-0.435362
-0.435441
-0.435519
-0.436223
-0.436067
-0.436615
-0.436615
-0.436928
-0.437319
-0.437632
-0.437632
-0.438102
-0.438337
-0.438415
-0.438571
-0.438806
-0.439197
-0.439511
-0.439902
-0.440137
-0.440606
-0.440998
-0.441154
-0.441467
-0.441859
-0.442328
-0.442641
-0.442485
-0.442876
-0.442954
-0.443424
-0.443894
-0.443894
-0.444128
-0.444363
-0.444755
-0.445068
-0.445146
-0.445616
-0.445772
-0.446163
-0.446555
-0.446555
-0.446868
-0.447416
-0.447729
-0.447572
-0.447885
-0.448355
-0.448746
-0.448590
-0.449059
-0.449686
-0.449373
-0.450077
-0.450312
-0.450547
-0.450625
-0.451486
-0.451329
-0.451955
-0.451642
-0.452190
-0.452347
-0.452816
-0.452660
-0.453051
-0.453051
-0.453599
-0.453912
-0.454147
-0.454460
-0.454851
-0.455008
-0.455321
-0.455634
-0.456025
-0.456182
-0.456025
-0.456730
-0.456808
-0.456965
-0.457591
-0.458060
-0.458060
-0.458374
-0.458530
-0.458921
-0.459235
-0.459626
-0.459861
-0.460252
-0.460330
-0.460643
-0.461035
-0.461270
-0.461661
-0.462131
-0.462131
-0.462600
-0.462913
-0.463226
-0.463383
-0.463539
-0.463931
-0.464166
-0.464557
-0.464792
-0.464792
-0.465340
-0.465418
-0.465809
-0.466122
-0.466279
-0.466592
-0.466827
-0.467062
-0.467218
-0.467531
-0.468001
-0.468314
-0.468627
-0.469253
-0.469097
-0.469488
-0.469723
-0.470192
-0.470271
-0.470505
-0.470662
-0.471210
-0.471601
-0.471758
-0.472149
-0.472462
-0.473088
-0.473167
-0.473558
-0.473793
-0.474028
-0.473949
-0.474262
-0.474654
-0.474967
-0.475436
-0.475593
-0.476063
-0.476141
-0.476689
-0.477002
-0.477393
-0.477393
-0.477706
-0.478176
-0.478098
-0.478567
-0.478802
-0.479193
-0.479506
-0.479898
-0.480367
-0.480446
-0.480524
-0.480602
-0.481385
-0.481698
-0.481776
-0.482246
-0.482481
-0.483107
-0.483263
-0.483733
-0.483420
-0.484046
-0.484437
-0.484437
-0.484750
-0.485142
-0.485611
-0.485768
-0.485768
-0.486238
-0.486707
-0.487020
-0.487255
-0.487960
-0.487803
-0.488038
-0.488116
-0.488586
-0.489055
-0.489055
-0.489603
-0.489760
-0.490073
-0.490308
-0.490934
-0.490934
-0.491247
-0.491560
-0.492030
-0.492264
-0.492499
-0.492812
-0.493125
-0.493517
-0.493830
-0.494221
-0.494378
-0.494847
-0.495004
-0.495395
-0.495630
-0.495943
-0.496021
-0.496178
-0.496491
-0.496882
-0.497274
-0.497352
-0.497743
-0.497743
-0.498135
-0.498683
-0.498839
-0.499152
-0.499387
-0.499543
-0.499700
-0.500013
-0.500561
-0.500874
-0.501187
-0.501657
-0.501892
-0.502439
-0.502674
-0.502753
-0.503379
-0.503379
-0.503535
-0.504161
-0.504161
-0.504788
-0.504944
-0.505335
-0.505570
-0.505883
-0.506275
-0.506431
-0.506744
-0.506979
-0.507214
-0.507527
-0.507840
-0.507918
-0.508466
-0.508545
-0.509092
-0.509249
-0.509327
-0.509640
-0.509797
-0.510266
-0.510423
-0.510580
-0.510971
-0.511206
-0.511519
-0.512223
-0.512536
-0.512693
-0.512928
-0.513319
-0.513476
-0.513945
-0.513945
-0.514415
-0.514336
-0.515119
-0.515119
-0.515745
-0.515902
-0.516137
-0.516215
-0.516763
-0.516841
-0.517467
-0.517467
-0.517859
-0.518015
-0.518485
-0.518641
-0.518798
-0.519033
-0.519267
-0.519737
-0.520128
-0.520442
-0.520598
-0.521068
-0.521537
-0.521694
-0.522007
-0.522320
-0.522555
-0.522555
-0.523103
-0.523337
-0.523259
-0.523964
-0.524120
-0.524433
-0.524668
-0.525138
-0.525138
-0.525529
-0.525764
-0.525920
-0.526312
-0.526781
-0.526938
-0.527016
-0.527642
-0.527877
-0.528034
-0.528190
-0.528503
-0.529208
-0.529208
-0.529443
-0.529912
-0.529990
-0.530304
-0.530460
-0.530851
-0.531008
-0.531321
-0.531556
-0.531869
-0.532182
-0.532260
-0.532886
-0.533043
-0.533356
-0.533747
-0.534060
-0.534139
-0.534374
-0.534843
-0.534921
-0.535235
-0.535548
-0.535469
-0.535782
-0.536565
-0.536565
-0.536722
-0.537348
-0.537661
-0.537896
-0.538130
-0.538835
-0.538913
-0.539070
-0.539226
-0.539852
-0.539852
-0.540244
-0.540792
-0.541026
-0.541026
-0.541574
-0.542122
-0.542201
-0.542748
-0.542905
-0.543218
-0.543296
-0.543296
-0.544001
-0.544001
-0.544470
-0.544862
-0.545018
-0.545175
-0.545644
-0.546192
-0.546114
-0.546427
-0.546897
-0.547053
-0.547366
-0.547523
-0.547992
-0.548462
-0.548384
-0.548697
-0.549088
-0.549088
-0.549401
-0.549793
-0.550106
-0.550184
-0.550575
-0.550888
-0.551045
-0.551436
-0.551593
-0.551828
-0.552376
-0.552689
-0.553158
-0.553315
-0.553706
-0.554098
-0.554254
-0.554567
-0.554567
-0.554958
-0.555193
-0.555663
-0.555741
-0.555976
-0.556524
-0.557072
-0.557072
-0.557541
-0.557698
-0.558089
-0.558089
-0.558559
-0.559029
-0.559185
-0.559420
-0.559733
-0.559889
-0.560516
-0.560594
-0.561142
-0.561611
-0.561611
-0.562081
-0.562472
-0.562629
-0.563333
-0.563255
-0.563725
-0.564038
-0.564273
-0.564429
-0.564742
-0.565290
-0.564977
-0.565760
-0.565760
-0.566229
-0.566308
-0.566542
-0.567012
-0.567012
-0.567560
-0.567638
-0.568186
-0.568343
-0.568656
-0.568812
-0.569282
-0.569673
-0.569673
-0.570065
-0.570143
-0.570691
-0.571160
-0.571160
-0.571552
-0.571943
-0.572100
-0.572413
-0.572804
-0.572882
-0.572961
-0.573665
-0.573587
-0.573900
-0.574135
-0.574526
-0.574761
-0.575387
-0.575778
-0.575857
-0.576091
-0.576170
-0.576796
-0.577109
-0.577500
-0.577813
-0.577735
-0.578048
-0.578205
-0.578518
-0.579066
-0.579379
-0.579613
-0.579692
-0.580396
-0.580553
-0.580788
-0.581101
-0.581648
-0.581727
-0.581883
-0.582588
-0.582823
-0.582823
-0.583292
-0.583762
-0.583762
-0.584310
-0.584466
-0.584936
-0.585014
-0.585562
-0.585953
-0.586423
-0.586501
-0.586736
-0.587049
-0.587362
-0.587832
-0.588067
-0.588615
-0.588615
-0.588849
-0.589241
-0.589554
-0.589789
-0.590180
-0.590415
-0.590806
-0.591041
-0.591276
-0.591824
-0.592058
-0.592371
-0.592293
-0.592919
-0.592919
-0.593546
-0.593702
-0.594015
-0.594485
-0.594720
-0.595111
-0.595346
-0.596207
-0.595972
-0.596285
-0.596676
-0.596755
-0.596989
-0.597068
-0.597694
-0.597929
-0.598242
-0.598555
-0.598790
-0.599103
-0.599729
-0.599729
-0.599964
-0.600277
-0.600903
-0.600903
-0.601216
-0.601920
-0.602233
-0.602547
-0.602860
-0.603251
-0.603564
-0.604034
-0.604503
-0.604582
-0.604816
-0.605129
-0.605364
-0.605677
-0.606069
-0.606147
-0.606617
-0.606851
-0.607243
-0.607478
-0.608025
-0.607947
-0.608338
-0.608886
-0.608652
-0.608965
-0.609199
-0.609826
-0.609826
-0.610139
-0.610452
-0.610843
-0.611391
-0.611313
-0.611861
-0.612017
-0.612252
-0.612643
-0.613113
-0.613035
-0.613739
-0.613661
-0.614052
-0.614600
-0.614835
-0.615305
-0.615305
-0.615539
-0.615774
-0.615931
-0.616557
-0.617026
-0.616948
-0.617496
-0.617653
-0.617653
-0.618044
-0.618435
-0.618592
-0.618670
-0.619296
-0.619531
-0.620001
-0.620079
-0.620314
-0.620627
-0.621018
-0.621018
-0.621723
-0.621644
-0.622036
-0.622271
-0.622897
-0.623210
-0.623523
-0.623758
-0.623914
-0.624227
-0.624306
-0.624540
-0.624853
-0.625245
-0.625401
-0.625714
-0.626184
-0.626654
-0.626888
-0.626967
-0.627436
-0.627749
-0.627749
-0.628454
-0.628532
-0.628767
-0.629315
-0.629393
-0.629706
-0.630019
-0.630019
-0.630645
-0.630880
-0.631115
-0.631272
-0.631663
-0.631819
-0.631819
-0.632367
-0.632837
-0.632915
-0.633150
-0.633541
-0.633854
-0.634011
-0.634481
-0.634559
-0.634872
-0.635028
-0.635498
-0.635733
-0.636124
-0.636516
-0.636437
-0.636907
-0.637064
-0.637611
-0.637924
-0.638159
-0.638316
-0.638551
-0.639020
-0.639020
-0.639333
-0.639568
-0.639959
-0.640273
-0.640742
-0.640899
-0.641212
-0.641447
-0.642073
-0.642073
-0.642621
-0.642934
-0.643169
-0.643716
-0.643951
-0.644030
-0.644264
-0.644499
-0.644890
-0.645360
-0.645360
-0.645908
-0.646065
-0.646221
-0.646769
-0.646847
-0.647082
-0.647395
-0.647552
-0.647786
-0.648334
-0.648491
-0.648647
-0.648961
