-0.541653
-0.541966
-0.542435
-0.542670
-0.543140
-0.543453
-0.543688
-0.544001
-0.544549
-0.544940
-0.544783
-0.545410
-0.545410
-0.545879
-0.545957
-0.546349
-0.546662
-0.546897
-0.547288
-0.547679
-0.548071
-0.548306
-0.548540
-0.549088
-0.549088
-0.549088
-0.549088
-0.549714
-0.550106
-0.550184
-0.550810
-0.551123
-0.551515
-0.551828
-0.552063
-0.552219
-0.552454
-0.552845
-0.553002
-0.553158
-0.553863
-0.554019
-0.554176
-0.554567
-0.554958
-0.555037
-0.555428
-0.555976
-0.555898
-0.556054
-0.556680
-0.556837
-0.557150
-0.557307
-0.557776
-0.558011
-0.558324
-0.558481
-0.559029
-0.559420
-0.559576
-0.559968
-0.560203
-0.560281
-0.560594
-0.561455
-0.561690
-0.561925
-0.561768
-0.562551
-0.562864
-0.562942
-0.563490
-0.563803
-0.563568
-0.564273
-0.564664
-0.564820
-0.564977
-0.565055
-0.565525
-0.565838
-0.566151
-0.566386
-0.566464
-0.567247
-0.567716
-0.567716
-0.567638
-0.568186
-0.568343
-0.568577
-0.569047
-0.569282
-0.569751
-0.570065
-0.570065
-0.570612
-0.570926
-0.571317
-0.571552
-0.571787
-0.572021
-0.572413
-0.572334
-0.572491
-0.573274
-0.573352
-0.573508
-0.573900
-0.574369
-0.574761
-0.574682
-0.575074
-0.575074
-0.575465
-0.575778
-0.576248
-0.576717
-0.576717
-0.577344
-0.577344
-0.577813
-0.578048
-0.578518
-0.578439
-0.578753
-0.579066
-0.579144
-0.579535
-0.579927
-0.580474
-0.580709
-0.580631
-0.581179
-0.581414
-0.581805
-0.581962
-0.582353
-0.582588
-0.582823
-0.583136
-0.583840
-0.583605
-0.583997
-0.584544
-0.584701
-0.584779
-0.584936
-0.585405
-0.585797
-0.585953
-0.586423
-0.586579
-0.586658
-0.587206
-0.587440
-0.587440
-0.587832
-0.588380
-0.588536
-0.589006
-0.589319
-0.589475
-0.589632
-0.589632
-0.589789
-0.590415
-0.590963
-0.591197
-0.591432
-0.591824
-0.592215
-0.592293
-0.592763
-0.592919
-0.593232
-0.593546
-0.593546
-0.593937
-0.594328
-0.594328
-0.594563
-0.595033
-0.595267
-0.595346
-0.595815
-0.595972
-0.596363
-0.596989
-0.597068
-0.597381
-0.597616
-0.598163
-0.598320
-0.598555
-0.599103
-0.599337
-0.599572
-0.599807
-0.599964
-0.600355
-0.600668
-0.601294
-0.601529
-0.601764
-0.601999
-0.602233
-0.602703
-0.603094
-0.603329
-0.603799
-0.604112
-0.604347
-0.604503
-0.604973
-0.605286
-0.605286
-0.605912
-0.605912
-0.606225
-0.606695
-0.606695
-0.607008
-0.607399
-0.607712
-0.608025
-0.608495
-0.608495
-0.609121
-0.609121
-0.609591
-0.610060
-0.610217
-0.610452
-0.610687
-0.611000
-0.611234
-0.611782
-0.612095
-0.612330
-0.612722
-0.612722
-0.612956
-0.613426
-0.613504
-0.613739
-0.614052
-0.614130
-0.614365
-0.615226
-0.615539
-0.616009
-0.616322
-0.616400
-0.616635
-0.617026
-0.617418
-0.617261
-0.617731
-0.617887
-0.618357
-0.618592
-0.618983
-0.619296
-0.619296
-0.619453
-0.619922
-0.620392
-0.620705
-0.620627
-0.620940
-0.621018
-0.621410
-0.622114
-0.622349
-0.622818
-0.623210
-0.623445
-0.623914
-0.624149
-0.624306
-0.624462
-0.624932
-0.625323
-0.625558
-0.625714
-0.626106
-0.626654
-0.626732
-0.626888
-0.627280
-0.627515
-0.627593
-0.627828
-0.628141
-0.628454
-0.628845
-0.629158
-0.629471
-0.629550
-0.630254
-0.630489
-0.630802
-0.630802
-0.631506
-0.631585
-0.631819
-0.632289
-0.632759
-0.632837
-0.632759
-0.633620
-0.633854
-0.634089
-0.634402
-0.634559
-0.634794
-0.634950
-0.635263
-0.635733
-0.636046
-0.636359
-0.636829
-0.636829
-0.637142
-0.637611
-0.637846
-0.638081
-0.638238
-0.638629
-0.639412
-0.639255
-0.639490
-0.639881
-0.640351
-0.640586
-0.640899
-0.641368
-0.641525
-0.641916
-0.642073
-0.642699
-0.642934
-0.643090
-0.643012
-0.643638
-0.644186
-0.644186
-0.644499
-0.644734
-0.644969
-0.645282
-0.645595
-0.646299
-0.646221
-0.646534
-0.647004
-0.647160
-0.647473
-0.648021
-0.648178
-0.648413
-0.648647
-0.649117
-0.649430
-0.649587
-0.649821
-0.650056
-0.650291
-0.650604
-0.651309
-0.651387
-0.651778
-0.651778
-0.652248
-0.652483
-0.652796
-0.653031
-0.653187
-0.653578
-0.653813
-0.654048
-0.654518
-0.654909
-0.655066
-0.655770
-0.655770
-0.656240
-0.656318
-0.656709
-0.656787
-0.657257
-0.657492
-0.658040
-0.658353
-0.658588
-0.658666
-0.659136
-0.659292
-0.659527
-0.659683
-0.659683
-0.660310
-0.660858
-0.661014
-0.661484
-0.661562
-0.661640
-0.661953
-0.661640
-0.661953
-0.661953
-0.662188
-0.662032
-0.661953
-0.662266
-0.661718
-0.661640
-0.661092
-0.661249
-0.660779
-0.660701
-0.660310
-0.660153
-0.660231
-0.659918
-0.659527
-0.659683
-0.659605
-0.658979
-0.658979
-0.658353
-0.658431
-0.658196
-0.657727
-0.657570
-0.657179
-0.657101
-0.656553
-0.656631
-0.656474
-0.655770
-0.655379
-0.654987
-0.654674
-0.654361
-0.654361
-0.653735
-0.653187
-0.653187
-0.653031
-0.652483
-0.652326
-0.651700
-0.651700
-0.651230
-0.650996
-0.650604
-0.650213
-0.650056
-0.649821
-0.649352
-0.648961
-0.648726
-0.648256
-0.647943
-0.647552
-0.647160
-0.646847
-0.646612
-0.646299
-0.646065
-0.645517
-0.645360
-0.644890
-0.644343
-0.644186
-0.643795
-0.643795
-0.643325
-0.642934
-0.642621
-0.642229
-0.642229
-0.641760
-0.641525
-0.641212
-0.640586
-0.640429
-0.640194
-0.639333
-0.639099
-0.638942
-0.639020
-0.638316
-0.637924
-0.637768
-0.637064
-0.637064
-0.636516
-0.636124
-0.635811
-0.635655
-0.635342
-0.634715
-0.634481
-0.634089
-0.633854
-0.633620
-0.633307
-0.632915
-0.632759
-0.632289
-0.631976
-0.631663
-0.631350
-0.631037
-0.630567
-0.630019
-0.629863
-0.629315
-0.629158
-0.628767
-0.628454
-0.628141
-0.627515
-0.627358
-0.627123
-0.626888
-0.626341
-0.626341
-0.625714
-0.625714
-0.625010
-0.624932
-0.624697
-0.623836
-0.623679
-0.623445
-0.623210
-0.622818
-0.622584
-0.622036
-0.621957
-0.621644
-0.621175
-0.620705
-0.620392
-0.620001
-0.619844
-0.619140
-0.619061
-0.618905
-0.618357
-0.617966
-0.617731
-0.617418
-0.616792
-0.616713
-0.616322
-0.616244
-0.615696
-0.615539
-0.615148
-0.614991
-0.614757
-0.614365
-0.613739
-0.613035
-0.612878
-0.612878
-0.612487
-0.612017
-0.612017
-0.611626
-0.611000
-0.610530
-0.610295
-0.610060
-0.609669
-0.609278
-0.609043
-0.608808
-0.608652
-0.608025
-0.607712
-0.607399
-0.607008
-0.606617
-0.606617
-0.606382
-0.605834
-0.605443
-0.605129
-0.604973
-0.604582
-0.604347
-0.603877
-0.603721
-0.603094
-0.603094
-0.602547
-0.601920
-0.601764
-0.601372
-0.600590
-0.600277
-0.599651
-0.599416
-0.599103
-0.598711
-0.598398
-0.598085
-0.597929
-0.597537
-0.597302
-0.596755
-0.596520
-0.596128
-0.595659
-0.595424
-0.595267
-0.595111
-0.594563
-0.594328
-0.593859
-0.593780
-0.593624
-0.593232
-0.592841
-0.592450
-0.592215
-0.592137
-0.591432
-0.591276
-0.590806
-0.590336
-0.589867
-0.589397
-0.589162
-0.588928
-0.588536
-0.588067
-0.587832
-0.587519
-0.587049
-0.586736
-0.586501
-0.586188
-0.585953
-0.585640
-0.585249
-0.585014
-0.584858
-0.584231
-0.583840
-0.583527
-0.583449
-0.582901
-0.582196
-0.582431
-0.581805
-0.581335
-0.581101
-0.580788
-0.580474
-0.580083
-0.579613
-0.579144
-0.578987
-0.578831
-0.578439
-0.577970
-0.577578
-0.577187
-0.577109
-0.576404
-0.576639
-0.576013
-0.575152
-0.575387
-0.575074
-0.574604
-0.573978
-0.574056
-0.573665
-0.573039
-0.573195
-0.572882
-0.572256
-0.571708
-0.571395
-0.571239
-0.570926
-0.570847
-0.570221
-0.569595
-0.569360
-0.569282
-0.568891
-0.568499
-0.568499
-0.568108
-0.567716
-0.567403
-0.567169
-0.566699
-0.566542
-0.566151
-0.565603
-0.565290
-0.565134
-0.564664
-0.564273
-0.564116
-0.563803
-0.563881
-0.563255
-0.563177
-0.562472
-0.562081
-0.561533
-0.561377
-0.560985
-0.560750
-0.559889
-0.559811
-0.559420
-0.558637
-0.558872
-0.558481
-0.558011
-0.557854
-0.557776
-0.557228
-0.556680
-0.556602
-0.556133
-0.555819
-0.555272
-0.555115
-0.554645
-0.554724
-0.554254
-0.553706
-0.553550
-0.553080
-0.553080
-0.552610
-0.552297
-0.551828
-0.551436
-0.551280
-0.550732
-0.550654
-0.550184
-0.549793
-0.549636
-0.549401
-0.549323
-0.548697
-0.548306
-0.547914
-0.547601
-0.547366
-0.547288
-0.546584
-0.546505
-0.545801
-0.545801
-0.545331
-0.545331
-0.544549
-0.544392
-0.544001
-0.543688
-0.543375
-0.543061
-0.542670
-0.542435
-0.542044
-0.541731
-0.541418
-0.540870
-0.540557
-0.540400
-0.540009
-0.539618
-0.539305
-0.538522
-0.538678
-0.538287
-0.537974
-0.537661
-0.537426
-0.536956
-0.536800
-0.536487
-0.536252
-0.535861
-0.535704
-0.535391
-0.534843
-0.534765
-0.534608
-0.533982
-0.533669
-0.533356
-0.533199
-0.533043
-0.532652
-0.532417
-0.532025
-0.531478
-0.531399
-0.530695
-0.530460
-0.529912
-0.529834
-0.529208
-0.529129
-0.528973
-0.528660
-0.528503
-0.527799
-0.527799
-0.527329
-0.527251
-0.526625
-0.526781
-0.526390
-0.525999
-0.525764
-0.525138
-0.524903
-0.524512
-0.524042
-0.524042
-0.523494
-0.523181
-0.522790
-0.522477
-0.522242
-0.522007
-0.521537
-0.521381
-0.520911
-0.520520
-0.520207
-0.519737
-0.519502
-0.519111
-0.519033
-0.518485
-0.518407
-0.517937
-0.517859
-0.517467
-0.517154
-0.516841
-0.516293
-0.515902
-0.515432
-0.515354
-0.515041
-0.514806
-0.514806
-0.513867
-0.513867
-0.513710
-0.513397
-0.513162
-0.512615
-0.512615
-0.512145
-0.512067
-0.511597
-0.510814
-0.510345
-0.510345
-0.510110
-0.509953
-0.509249
-0.509092
-0.508936
-0.508701
-0.508466
-0.508231
-0.507605
-0.507840
-0.507057
-0.506823
-0.506275
-0.506118
-0.505649
-0.505257
-0.505101
-0.504866
-0.504474
-0.504240
-0.504005
-0.503770
-0.503379
-0.503066
-0.502596
-0.502283
-0.501657
-0.501265
-0.501109
-0.500952
-0.500326
-0.500091
-0.499935
-0.499465
-0.499074
-0.498917
-0.498604
-0.498291
-0.497822
-0.497274
-0.497195
-0.497195
-0.496491
-0.496256
-0.495943
-0.495630
-0.495552
-0.495160
-0.494612
-0.494456
-0.494143
-0.493830
-0.493517
-0.493204
-0.492812
-0.492577
-0.492421
-0.492264
-0.491795
-0.491560
-0.491012
-0.490856
-0.490386
-0.490308
-0.489760
-0.489290
-0.489290
-0.489055
-0.488586
-0.488116
-0.487568
-0.487099
-0.487020
-0.486629
-0.486472
-0.486081
-0.486003
-0.485690
-0.485220
-0.484594
-0.484672
-0.484281
-0.483890
-0.483655
-0.483185
-0.483107
-0.482637
-0.482402
-0.482168
-0.482089
-0.481463
-0.480837
-0.480524
-0.480446
-0.479819
-0.479428
-0.478724
-0.478645
-0.478019
-0.477863
-0.477471
-0.477393
-0.477002
-0.476689
-0.476219
-0.476219
-0.475828
-0.475593
-0.475436
-0.474497
-0.474341
-0.474184
-0.473636
-0.473401
-0.473401
-0.473167
-0.472775
-0.472384
-0.471836
-0.471210
-0.471445
-0.470818
-0.470349
-0.469801
-0.469801
-0.469644
-0.469331
-0.468940
-0.468392
-0.468549
-0.468001
-0.467688
-0.467531
-0.467296
-0.466827
-0.466514
-0.466279
-0.465809
-0.465496
-0.465340
-0.464792
-0.464557
-0.464009
-0.464087
-0.463618
-0.463226
-0.462678
-0.462600
-0.462209
-0.462209
-0.461348
-0.461191
-0.460800
-0.460722
-0.460174
-0.459782
-0.459235
-0.459000
-0.458687
-0.458374
-0.458060
-0.457747
-0.457356
-0.457043
-0.456886
-0.456104
-0.455947
-0.455478
-0.455008
-0.454930
-0.454695
-0.454147
-0.453834
-0.453677
-0.453521
-0.453208
-0.452895
-0.452582
-0.452190
-0.451955
-0.451642
-0.451408
-0.451016
-0.450781
-0.450155
-0.450155
-0.449686
-0.449529
-0.449373
-0.448825
-0.448512
-0.448198
-0.448120
-0.447807
-0.447416
-0.447181
-0.446790
-0.446633
-0.446398
-0.446085
-0.445537
-0.445303
-0.444911
-0.444833
-0.444520
-0.444207
-0.443737
-0.443659
-0.443424
-0.443033
-0.442328
-0.441937
-0.441467
-0.441546
-0.440998
-0.440372
-0.440293
-0.439902
-0.439902
-0.439354
-0.438806
-0.438102
-0.437789
-0.437867
-0.437554
-0.436928
-0.437006
-0.436615
-0.436145
-0.435988
-0.435519
-0.435127
-0.434580
-0.434580
-0.434188
-0.433797
-0.433562
-0.433406
-0.433014
-0.432858
-0.432153
-0.432075
-0.431684
-0.431370
-0.431136
-0.430431
-0.430431
-0.430118
-0.429962
-0.429257
-0.429179
-0.428866
-0.428709
-0.428240
-0.428161
-0.427692
-0.427379
-0.426987
-0.426909
-0.426361
-0.425970
-0.425892
-0.425500
-0.425109
-0.424796
-0.424326
-0.424326
-0.423857
-0.423465
-0.423230
-0.422839
-0.422448
-0.422213
-0.421822
-0.421587
-0.421117
-0.421117
-0.420334
-0.420256
-0.420100
-0.419865
-0.419239
-0.419082
-0.419004
-0.418613
-0.418065
-0.417830
-0.417360
-0.417047
-0.417125
-0.416656
-0.416499
-0.415951
-0.415951
-0.415638
-0.415403
-0.415012
-0.414699
-0.414464
-0.414151
-0.413995
-0.413368
-0.413290
-0.413055
-0.412586
-0.412273
-0.412038
-0.411803
-0.411412
-0.411099
-0.410707
-0.410394
-0.410081
-0.409533
-0.409220
-0.409064
-0.408907
-0.408437
-0.408359
-0.407811
-0.407576
-0.407342
-0.407029
-0.406716
-0.406402
-0.405933
-0.405776
-0.405385
-0.405072
-0.404837
-0.404759
-0.404289
-0.403898
-0.403820
-0.403741
-0.403272
-0.402802
-0.402411
-0.401863
-0.401628
-0.401393
-0.400924
-0.401080
-0.400376
-0.399906
-0.399593
-0.399280
-0.398810
-0.398732
-0.398341
-0.398262
-0.397714
-0.397714
-0.397167
-0.397088
-0.396619
-0.396384
-0.395758
-0.395523
-0.395601
-0.395210
-0.394505
-0.394427
-0.394114
-0.393801
-0.393644
-0.393488
-0.392940
-0.392705
-0.392392
-0.391923
-0.392001
-0.391531
-0.391062
-0.390905
-0.390670
-0.390201
-0.389888
-0.389496
-0.389183
-0.389183
-0.388870
-0.388479
-0.388166
-0.387774
-0.387618
-0.387539
-0.387070
-0.386600
-0.386678
-0.386131
-0.386209
-0.385504
-0.385504
-0.385270
-0.384878
-0.384565
-0.384017
-0.383782
-0.383626
-0.383156
-0.382765
-0.382765
-0.382374
-0.382061
-0.381591
-0.381200
-0.380886
-0.380730
-0.380182
-0.379947
-0.380026
-0.379321
-0.379008
-0.378851
-0.378225
-0.378147
-0.377912
-0.377599
-0.377286
-0.377051
-0.376269
-0.376269
-0.375877
-0.375564
-0.375721
-0.374938
-0.374703
-0.374547
-0.374155
-0.373764
-0.373607
-0.373686
-0.372981
-0.372746
-0.372277
-0.372042
-0.371572
-0.371259
-0.371103
-0.370868
-0.370868
-0.370242
-0.370007
-0.369616
-0.369303
-0.368989
-0.368676
-0.368285
-0.368050
-0.367815
-0.367346
-0.367189
-0.366798
-0.366328
-0.366015
-0.365467
-0.364998
-0.364998
-0.364685
-0.364293
-0.363902
-0.363589
-0.363667
-0.363119
-0.362884
-0.362650
-0.362337
-0.362023
-0.361476
-0.361241
-0.360771
-0.360223
-0.360145
-0.359832
-0.359597
-0.358814
-0.358736
-0.358658
-0.358267
-0.357719
-0.357562
-0.357171
-0.356701
-0.356623
-0.356153
-0.355997
-0.355840
-0.355292
-0.354901
-0.354666
-0.354510
-0.354431
-0.354118
-0.353492
-0.353179
-0.352709
-0.352396
-0.352240
-0.351927
-0.351770
-0.351457
-0.351222
-0.350674
-0.350596
-0.350283
-0.349735
-0.349657
-0.348952
-0.348874
-0.348718
-0.348248
-0.347700
-0.347700
-0.347387
-0.346839
-0.346839
-0.346526
-0.346291
-0.346291
-0.345665
-0.345352
-0.344882
-0.344648
-0.344413
-0.344021
-0.343943
-0.343317
-0.343239
-0.342847
-0.342691
-0.342534
-0.342378
-0.341830
-0.341830
-0.341595
-0.341047
-0.340734
-0.340421
-0.339951
-0.339873
-0.339247
-0.339090
-0.339090
-0.338386
-0.338229
-0.338151
-0.337760
-0.337212
-0.336664
-0.336586
-0.336194
-0.335960
-0.335881
-0.335412
-0.335255
-0.334864
-0.334629
-0.334316
-0.333925
-0.333612
-0.333298
-0.333142
-0.332751
-0.332829
-0.332124
-0.331577
-0.331733
-0.331342
-0.330637
-0.330716
-0.330324
-0.330246
-0.329698
-0.329541
-0.329150
-0.328915
-0.328367
-0.328602
-0.328289
-0.327585
-0.327663
-0.327193
-0.326724
-0.326880
-0.326098
-0.326176
-0.325706
-0.325550
-0.324924
-0.324767
-0.324454
-0.324376
-0.323984
-0.323671
-0.323750
-0.323515
-0.322889
-0.322654
-0.322497
-0.321871
-0.321558
-0.321401
-0.321480
-0.320932
-0.320462
-0.320227
-0.319836
-0.319523
-0.319445
-0.318897
-0.318662
-0.318349
-0.318114
-0.317644
-0.317331
-0.317018
-0.316862
-0.316862
-0.316470
-0.316079
-0.315688
-0.315375
-0.315296
-0.314983
-0.314748
-0.314514
-0.314201
-0.314044
-0.313574
-0.313418
-0.313183
-0.312713
-0.312400
-0.312322
-0.311696
-0.311461
-0.311383
-0.311226
-0.310678
-0.310678
-0.310365
-0.309974
-0.309348
-0.309270
-0.308957
-0.308409
-0.308487
-0.308096
-0.307782
-0.307469
-0.307313
-0.307235
-0.307235
-0.306765
-0.306374
-0.306139
-0.305747
-0.305121
-0.305121
-0.304808
-0.304573
-0.304495
-0.304260
-0.303634
-0.303634
-0.303399
-0.303243
-0.302851
-0.302538
-0.302304
-0.301834
-0.301521
-0.301130
-0.300973
-0.300425
-0.300503
-0.300112
-0.299721
-0.299564
-0.299016
-0.299016
-0.298468
-0.298155
-0.298077
-0.298077
-0.297686
-0.297138
-0.296903
-0.296746
-0.296199
-0.296120
-0.295572
-0.295572
-0.295494
-0.294868
-0.294790
-0.294477
-0.294164
-0.294164
-0.293929
-0.293537
-0.293381
-0.293146
-0.292755
-0.292676
-0.292129
-0.292129
-0.292050
-0.291581
-0.291268
-0.291111
-0.290641
-0.290563
-0.290328
-0.289859
-0.289624
-0.289389
-0.289389
-0.288685
-0.288528
-0.288215
-0.288215
-0.287667
-0.287511
-0.287432
-0.287041
-0.287041
-0.286650
-0.286571
-0.286180
-0.285554
-0.285319
-0.285084
-0.285006
-0.284615
-0.284302
-0.283910
-0.283675
-0.283441
-0.283128
-0.282814
-0.282423
-0.282267
-0.281953
-0.282032
-0.281484
-0.281249
-0.280779
-0.280388
-0.280153
-0.280075
-0.279762
-0.279605
-0.279214
-0.278901
-0.278823
-0.278431
-0.278118
-0.277962
-0.277805
-0.277649
-0.277257
-0.277179
-0.277101
-0.276553
-0.276396
-0.276005
-0.275770
-0.275457
-0.275301
-0.274987
-0.274831
-0.274674
-0.274283
-0.273813
-0.273892
-0.273500
-0.273187
-0.272639
-0.272639
-0.272170
-0.272170
-0.271544
-0.271387
-0.271309
-0.270917
-0.270761
-0.270761
-0.270056
-0.270135
-0.269900
-0.269274
-0.269195
-0.268804
-0.268335
-0.268256
-0.268178
-0.267708
-0.267552
-0.267317
-0.267082
-0.267082
-0.266691
-0.266299
-0.266221
-0.265830
-0.265752
-0.265595
-0.264891
-0.264343
-0.264343
-0.264186
-0.263717
-0.263404
-0.263247
-0.262699
-0.262621
-0.262464
-0.262229
-0.261916
-0.261682
-0.261525
-0.261134
-0.260742
-0.260742
-0.260351
-0.259960
-0.259881
-0.259803
-0.259647
-0.258942
-0.258551
-0.258473
-0.258081
-0.257768
-0.257612
-0.257455
-0.257298
-0.256985
-0.256751
-0.256594
-0.255811
-0.256046
-0.255498
-0.255342
-0.254872
-0.254950
-0.254794
-0.254559
-0.253933
-0.254011
-0.253855
-0.253776
-0.253307
-0.253072
-0.252602
-0.252446
-0.252367
-0.251898
-0.251898
-0.251350
-0.251507
-0.251350
-0.251037
-0.250802
-0.250176
-0.250019
-0.249471
-0.249550
-0.249002
-0.248845
-0.248611
-0.248376
-0.248063
-0.247984
-0.247906
-0.247671
-0.247593
-0.247280
-0.247123
-0.246732
-0.246262
-0.246184
-0.246106
-0.245793
-0.245793
-0.245401
-0.245088
-0.245167
-0.244697
-0.244384
-0.244071
-0.243836
-0.243758
-0.243366
-0.243132
-0.242740
-0.242505
-0.242427
-0.242505
-0.242114
-0.242114
-0.241723
-0.241018
-0.241175
-0.240705
-0.240392
-0.240236
-0.239923
-0.239531
-0.239453
-0.239609
-0.239062
-0.238670
-0.238279
-0.238279
-0.237888
-0.237888
-0.237574
-0.237105
-0.236948
-0.236870
-0.236870
-0.236479
-0.236400
-0.235931
-0.235618
-0.235148
-0.235148
-0.234992
-0.235070
-0.234757
-0.234365
-0.234209
-0.234131
-0.233896
-0.233661
-0.233504
-0.233270
-0.232957
-0.232957
-0.232565
-0.232565
-0.232330
-0.232252
-0.232174
-0.231861
-0.231939
-0.231391
-0.231235
-0.230843
-0.231000
-0.230374
-0.230217
-0.230295
-0.229982
-0.229669
-0.229669
-0.229434
-0.229043
-0.229121
-0.228887
-0.228417
-0.228417
-0.228104
-0.227634
-0.227556
-0.227086
-0.226773
-0.226930
-0.226852
-0.226538
-0.226460
-0.226147
-0.226225
-0.225834
-0.225286
-0.225286
-0.225286
-0.225130
-0.224582
-0.224660
-0.224582
-0.224503
-0.223799
-0.223956
-0.223408
-0.223173
-0.223251
-0.223251
-0.222547
-0.222312
-0.222234
-0.222155
-0.221999
-0.221842
-0.221686
-0.221138
-0.221138
-0.220981
-0.220825
-0.220590
-0.220668
-0.220199
-0.220042
-0.220277
-0.219807
-0.219651
-0.219416
-0.219181
-0.219103
-0.218555
-0.218398
-0.218555
-0.218085
-0.218007
-0.217929
-0.217694
-0.217459
-0.217303
-0.217146
-0.216911
-0.216833
-0.216442
-0.216363
-0.216520
-0.216050
-0.216050
-0.216050
-0.215737
-0.215346
-0.215033
-0.214720
-0.214641
-0.214250
-0.214250
-0.214094
-0.213937
-0.214172
-0.213624
-0.213624
-0.213546
-0.213624
-0.212919
-0.212919
-0.212841
-0.212841
-0.212450
-0.212372
-0.212215
-0.211824
-0.212059
-0.212137
-0.211589
-0.211902
-0.211432
-0.211119
-0.210963
-0.210963
-0.210806
-0.210493
-0.210493
-0.209945
-0.210102
-0.209632
-0.209710
-0.209632
-0.209241
-0.209084
-0.209006
-0.209006
-0.208693
-0.208928
-0.208458
-0.208380
-0.208067
-0.208145
-0.207989
-0.207754
-0.207675
-0.207441
-0.207441
-0.207441
-0.206893
-0.207049
-0.206814
-0.206736
-0.206971
-0.206267
-0.206345
-0.206501
-0.206032
-0.205953
-0.205797
-0.205719
-0.205406
-0.205093
-0.205562
-0.205171
-0.205093
-0.204623
-0.204545
-0.204623
-0.204388
-0.204153
-0.204075
-0.203840
-0.203997
-0.203762
-0.203684
-0.203449
-0.203449
-0.203214
-0.202901
-0.203058
-0.203136
-0.202744
-0.202744
-0.202431
-0.202431
-0.202431
-0.202353
-0.202275
-0.201649
-0.201570
-0.201570
-0.201570
-0.201414
-0.201179
-0.201257
-0.200944
-0.200631
-0.200866
-0.200553
-0.200475
-0.200396
-0.200240
-0.200083
-0.200162
-0.199770
-0.200083
-0.199457
-0.199457
-0.199144
-0.199144
-0.199144
-0.198753
-0.198518
-0.198909
-0.198831
-0.198440
-0.198518
-0.198361
-0.198048
-0.198205
-0.197970
-0.197970
-0.197892
-0.197813
-0.197657
-0.197892
-0.197422
-0.197500
-0.197422
-0.196874
-0.197031
-0.197109
-0.197344
-0.196952
-0.196874
-0.196561
-0.196796
-0.196639
-0.196405
-0.196561
-0.196326
-0.196170
-0.196170
-0.196091
-0.196013
-0.195935
-0.195700
-0.195857
-0.195935
-0.195700
-0.195622
-0.195387
-0.195309
-0.195387
-0.195309
-0.195152
-0.195074
-0.194996
-0.194996
-0.195152
-0.194917
-0.194996
-0.194604
-0.194839
-0.194370
-0.194213
-0.194370
-0.194448
-0.193978
-0.194213
-0.194370
-0.194135
-0.194213
-0.193822
-0.193587
-0.193822
-0.193665
-0.193430
-0.193196
-0.193430
-0.193587
-0.193743
-0.193665
-0.193587
-0.193587
-0.193587
-0.193509
-0.193352
-0.193274
-0.193430
-0.193430
-0.193430
-0.193587
-0.193352
-0.193196
-0.193117
-0.193196
-0.193039
-0.192961
-0.193117
-0.192804
-0.192961
-0.193039
-0.193196
-0.192961
-0.193196
-0.192961
-0.193117
-0.192726
-0.192569
-0.192648
-0.192491
-0.192335
-0.192491
-0.192882
-0.193039
-0.192961
-0.192726
-0.192726
-0.192569
-0.192413
-0.192491
-0.192491
-0.192335
-0.192491
-0.192256
-0.192413
-0.192569
-0.192726
-0.192569
-0.192569
-0.192413
-0.192413
-0.192491
-0.192413
-0.192491
-0.192256
-0.192491
-0.192335
-0.192726
-0.192648
-0.192491
-0.192413
-0.192491
-0.192413
-0.192491
-0.192256
-0.192569
-0.192021
-0.192413
-0.192413
-0.192491
-0.192569
-0.192569
-0.192178
-0.192335
-0.192335
-0.192178
-0.192100
-0.192335
-0.192413
-0.192491
-0.192648
-0.192569
-0.192335
-0.192335
-0.192491
-0.192100
-0.192491
-0.192648
-0.192648
-0.192804
-0.192804
-0.192726
-0.192726
-0.192882
-0.192648
-0.192648
-0.192569
-0.192648
-0.192648
-0.192726
-0.192491
-0.192648
-0.192961
-0.193430
-0.192882
-0.192882
-0.193117
-0.192882
-0.192804
-0.192726
-0.192804
-0.192961
-0.193196
-0.193352
-0.193509
-0.193352
-0.193430
-0.193196
-0.193274
-0.193039
-0.193430
-0.193587
-0.193039
-0.193274
-0.193822
-0.193665
-0.193822
-0.193587
-0.193822
-0.193352
-0.193822
-0.193509
-0.193587
-0.193900
-0.194135
-0.194056
-0.193900
-0.193900
-0.193822
-0.193352
-0.193665
-0.194213
-0.194370
-0.194056
-0.194213
-0.194135
-0.194526
-0.194761
-0.194526
-0.194526
-0.194213
-0.194604
-0.194448
-0.194683
-0.194526
-0.194448
-0.194761
-0.194996
-0.195152
-0.194917
-0.194917
-0.194761
-0.194683
-0.194761
-0.194917
-0.194917
-0.194604
-0.195152
-0.195074
-0.195074
-0.194996
-0.194917
-0.194996
-0.194996
-0.195152
-0.195309
-0.195231
-0.194996
-0.195074
-0.195544
-0.195622
-0.195544
-0.195544
-0.195309
-0.195387
-0.195387
-0.195622
-0.195544
-0.195700
-0.195544
-0.195778
-0.195700
-0.195700
-0.195465
-0.195465
-0.195622
-0.195544
-0.195465
-0.195387
-0.195465
-0.195387
-0.195309
-0.195387
-0.195387
-0.195465
-0.195309
-0.195387
-0.195387
-0.195465
-0.195309
-0.195465
-0.195309
-0.195387
-0.195309
-0.195387
-0.195231
-0.194996
-0.195074
-0.194996
-0.195231
-0.195152
-0.194917
-0.194917
-0.195152
-0.194996
-0.194996
-0.194683
-0.194448
-0.194761
-0.194683
-0.194761
-0.194526
-0.194683
-0.194761
-0.194839
-0.194448
-0.194056
-0.193900
-0.194056
-0.193822
-0.193978
-0.193900
-0.193509
-0.193430
-0.193430
-0.193430
-0.193587
-0.193430
-0.193430
-0.193039
-0.193117
-0.192961
-0.192882
-0.192726
-0.192491
-0.192178
-0.192335
-0.192413
-0.192256
-0.192178
-0.191865
-0.191865
-0.191708
-0.191395
-0.191317
-0.190926
-0.191082
-0.191004
-0.190613
-0.190456
-0.190613
-0.190300
-0.190143
-0.189986
-0.189830
-0.189752
-0.189595
-0.189282
-0.189047
-0.188969
-0.188578
-0.188656
-0.188499
-0.188108
-0.187873
-0.187638
-0.187560
-0.187325
-0.187012
-0.187012
-0.186699
-0.186699
-0.186308
-0.186073
-0.185603
-0.185603
-0.185290
-0.184977
-0.184821
-0.184742
-0.184508
-0.184429
-0.183803
-0.183490
-0.183490
-0.182864
-0.183020
-0.182473
-0.182394
-0.181846
-0.181690
-0.181768
-0.181299
-0.180751
-0.180359
-0.180438
-0.180203
-0.179420
-0.179185
-0.179107
-0.178872
-0.178716
-0.178403
-0.177933
-0.177855
-0.177542
-0.177307
-0.176994
-0.176602
-0.175741
-0.175585
-0.175428
-0.175037
-0.174959
-0.174411
-0.173863
-0.173706
-0.173158
-0.173080
-0.172532
-0.172219
-0.171906
-0.171202
-0.171202
-0.170732
-0.170106
-0.169558
-0.169558
-0.169245
-0.168462
-0.168384
-0.168149
-0.167758
-0.167288
-0.167210
-0.166506
-0.165958
-0.165018
-0.164862
-0.164862
-0.164470
-0.163844
-0.163453
-0.163140
-0.162592
-0.162435
-0.162122
-0.161340
-0.160714
-0.160166
-0.159853
-0.159226
-0.158757
-0.158522
-0.157896
-0.157270
-0.156800
-0.156096
-0.155704
-0.155313
-0.154843
-0.154530
-0.154217
-0.153513
-0.152808
-0.152495
-0.152104
-0.151713
-0.150773
-0.150147
-0.149599
-0.149364
-0.148973
-0.148582
-0.147956
-0.147329
-0.146782
-0.146312
-0.145686
-0.144903
-0.144433
-0.144277
-0.143886
-0.143338
-0.142868
-0.142164
-0.141537
-0.141146
-0.140598
-0.139737
-0.139033
-0.138328
-0.138172
-0.137780
-0.137311
-0.136450
-0.135667
-0.135041
-0.134493
-0.134102
-0.133319
-0.132693
-0.131989
-0.131675
-0.131441
-0.130658
-0.130188
-0.129171
-0.128388
-0.127762
-0.127449
-0.126823
-0.126118
-0.125805
-0.125179
-0.124866
-0.124083
-0.123692
-0.122753
-0.122361
-0.121500
-0.120718
-0.120248
-0.119622
-0.119152
-0.118291
-0.117743
-0.117117
-0.116256
-0.115630
-0.114926
-0.114143
-0.113439
-0.112891
-0.112656
-0.112186
-0.111638
-0.110699
-0.109838
-0.109447
-0.108508
-0.108116
-0.107412
-0.106629
-0.106394
-0.105768
-0.105533
-0.104672
-0.103733
-0.103029
-0.102716
-0.101776
-0.100994
-0.100289
-0.099741
-0.099663
-0.098959
-0.098489
-0.097550
-0.096689
-0.095984
-0.095202
-0.094419
-0.093558
-0.093323
-0.092619
-0.092227
-0.091836
-0.091288
-0.089958
-0.089097
-0.088549
-0.088079
-0.087062
-0.086357
-0.085966
-0.085575
-0.085340
-0.084400
-0.083461
-0.082522
-0.081818
-0.081505
-0.080330
-0.079548
-0.079078
-0.078295
-0.077904
-0.077434
-0.076182
-0.075321
-0.074695
-0.073912
-0.073051
-0.072190
-0.071643
-0.071016
-0.070547
-0.069686
-0.068590
-0.067651
-0.067338
-0.066477
-0.065929
-0.065537
-0.064677
-0.064442
-0.063816
-0.063189
-0.061937
-0.061233
-0.060606
-0.060059
-0.059198
-0.058493
-0.057710
-0.057632
-0.057241
-0.056380
-0.055362
-0.054345
-0.053797
-0.053171
-0.052623
-0.051997
-0.051371
-0.050979
-0.050118
-0.049727
-0.048866
-0.047614
-0.046988
-0.046361
-0.045970
-0.045187
-0.044718
-0.044248
-0.043544
-0.043152
-0.042213
-0.041196
-0.040256
-0.039474
-0.038613
-0.038065
-0.037595
-0.037282
-0.036656
-0.036265
-0.035482
-0.034151
-0.033525
-0.032664
-0.032116
-0.031412
-0.030942
-0.030238
-0.029690
-0.029377
-0.028438
-0.027420
-0.026637
-0.026090
-0.025463
-0.024994
-0.024524
-0.023898
-0.023272
-0.022802
-0.022176
-0.021002
-0.019906
-0.019437
-0.018967
-0.018497
-0.017793
-0.017010
-0.016775
-0.016149
-0.015680
-0.014897
-0.014114
-0.013410
-0.012862
-0.012079
-0.011688
-0.011062
-0.010357
-0.009809
-0.009496
-0.008479
-0.007618
-0.006757
-0.006522
-0.005896
-0.005348
-0.004878
-0.004330
-0.003548
-0.003235
-0.002765
-0.001904
-0.001043
-0.000417
0.000287
0.000600
0.000992
0.001540
0.002244
0.002557
0.003105
0.003810
0.004671
0.005140
0.006001
0.006392
0.007097
0.007488
0.008349
0.009054
0.009288
0.010384
0.011089
0.011793
0.012184
0.012576
0.013124
0.013593
0.014454
0.014846
0.015628
0.016176
0.016881
0.017507
0.018603
0.018837
0.019542
0.020403
0.020794
0.021185
0.021499
0.022281
0.023142
0.023768
0.024081
0.024864
0.025412
0.025803
0.026273
0.027056
0.027604
0.028230
0.028934
0.029482
0.029873
0.030578
0.030891
0.031595
0.032143
0.032769
0.033082
0.033474
0.034491
0.035196
0.035744
0.036057
0.036761
0.036996
0.037935
0.038405
0.038796
0.039657
0.040362
0.041457
0.041536
0.042162
0.042475
0.043101
0.043649
0.044040
0.044666
0.045293
0.045919
0.046623
0.047328
0.047954
0.048189
0.048580
0.049441
0.049910
0.050458
0.051085
0.051632
0.052415
0.052572
0.053198
0.053589
0.054059
0.054607
0.055233
0.055937
0.056485
0.057111
0.057972
0.057972
0.058598
0.058990
0.059616
0.060399
0.061103
0.061651
0.061964
0.062825
0.063295
0.063529
0.064234
0.064547
0.065095
0.065486
0.066269
0.066504
0.066973
0.067913
0.068382
0.068930
0.069321
0.069869
0.070026
0.070339
0.070887
0.071513
0.072139
0.072530
0.073078
0.073704
0.073939
0.074174
0.075035
0.075426
0.076053
0.076600
0.076992
0.077383
0.078244
0.078401
0.079027
0.079496
0.080201
0.080984
0.081688
0.082314
0.083019
0.083332
0.083958
0.084506
0.084819
0.085288
0.085758
0.086541
0.086854
0.087637
0.088263
0.088811
0.089202
0.089985
0.090219
0.090454
0.091159
0.091941
0.092411
0.093037
0.093194
0.093742
0.094211
0.094446
0.094603
0.095385
0.096324
0.096951
0.097342
0.097968
0.098516
0.098829
0.099455
0.099534
0.100003
0.100629
0.101099
0.101569
0.102273
0.102664
0.102977
0.103369
0.104073
0.104621
0.104856
0.105482
0.106186
0.106734
0.107126
0.107674
0.108221
0.108691
0.108926
0.109552
0.109787
0.110256
0.110883
0.111196
0.111978
0.112526
0.112605
0.113074
0.113622
0.113935
0.114327
0.114953
0.115344
0.116283
0.116831
0.117066
0.117692
0.117849
0.118397
0.118710
0.119023
0.119727
0.120666
0.121058
0.121214
0.121527
0.122388
0.122936
0.123249
0.123484
0.123875
0.124267
0.124815
0.125284
0.125989
0.125989
0.126537
0.126850
0.127241
0.127711
0.128180
0.128885
0.129198
0.129824
0.130215
0.130294
0.131076
0.131702
0.131859
0.132172
0.132642
0.132876
0.133737
0.134207
0.134598
0.135146
0.135381
0.135929
0.136320
0.136477
0.136555
0.137181
0.137964
0.138590
0.138981
0.139216
0.139764
0.140312
0.140390
0.140703
0.141564
0.141486
0.142191
0.142973
0.143286
0.143834
0.144304
0.144852
0.145400
0.145556
0.145869
0.146182
0.146887
0.147122
0.147748
0.148374
0.148452
0.149000
0.149078
0.149470
0.150174
0.150644
0.151113
0.151505
0.152053
0.152444
0.152835
0.152992
0.153461
0.153853
0.153931
0.154714
0.155262
0.155809
0.156514
0.156905
0.157140
0.157610
0.157923
0.158001
0.158392
0.159175
0.159645
0.160349
0.160740
0.161210
0.161445
0.161993
0.162462
0.162932
0.163245
0.163871
0.164106
0.164654
0.165280
0.165671
0.166063
0.166376
0.166454
0.166611
0.167080
0.167550
0.168411
0.168567
0.168802
0.169194
0.169820
0.170211
0.170289
0.170368
0.171072
0.171933
0.172403
0.172716
0.173029
0.173264
0.173968
0.174125
0.174516
0.174594
0.175142
0.175690
0.176160
0.176708
0.176864
0.177334
0.177882
0.178116
0.178273
0.178508
0.179212
0.179917
0.180386
0.180621
0.180778
0.181639
0.182108
0.182499
0.182734
0.182969
0.183595
0.184065
0.184456
0.184926
0.185317
0.185865
0.186335
0.186413
0.186648
0.187274
0.187900
0.188057
0.188605
0.188839
0.189231
0.189544
0.190092
0.190561
0.191109
0.191579
0.191970
0.192205
0.192361
0.192988
0.193457
0.193614
0.194083
0.194240
0.194553
0.195179
0.195805
0.195649
0.196353
0.196588
0.196666
0.197371
0.197606
0.198075
0.198467
0.199014
0.199171
0.199719
0.200032
0.200502
0.201049
0.201441
0.201597
0.201989
0.202458
0.202928
0.202928
0.203632
0.203867
0.204415
0.204337
0.205119
0.205276
0.205511
0.206137
0.206528
0.206607
0.206998
0.207468
0.207702
0.207859
0.208642
0.209033
0.209189
0.209737
0.210129
0.210520
0.210990
0.211381
0.211538
0.212399
0.212712
0.212946
0.212868
0.213494
0.213729
0.214434
0.214590
0.214981
0.215295
0.215686
0.216312
0.216703
0.216860
0.217408
0.217799
0.218191
0.218191
0.218504
0.219599
0.219991
0.220226
0.220773
0.220773
0.221008
0.221321
0.221634
0.222339
0.222574
0.223122
0.223278
0.223591
0.223904
0.224452
0.224922
0.225157
0.225470
0.225783
0.226018
0.226800
0.227192
0.227505
0.227583
0.228131
0.228444
0.228679
0.228835
0.229461
0.229774
0.230479
0.230870
0.231340
0.231575
0.232044
0.232279
0.232749
0.233297
0.233375
0.233844
0.234079
0.234471
0.235019
0.235332
0.235645
0.235958
0.236506
0.236740
0.237054
0.237288
0.237601
0.238228
0.238619
0.238775
0.239245
0.239636
0.239950
0.240419
0.240967
0.241280
0.242063
0.241985
0.242376
0.242846
0.243237
0.243315
0.243863
0.244254
0.244959
0.245115
0.245585
0.245898
0.246133
0.246446
0.247072
0.246994
0.247542
0.248168
0.248716
0.248872
0.249029
0.249498
0.249812
0.250203
0.250594
0.250986
0.251377
0.252081
0.252551
0.252551
0.253099
0.253647
0.253490
0.253960
0.254273
0.254429
0.254899
0.255682
0.256073
0.256386
0.256856
0.257091
0.257404
0.257247
0.257639
0.257952
0.258499
0.258734
0.259439
0.259830
0.260221
0.260300
0.260848
0.261082
0.261395
0.261787
0.262491
0.262726
0.263117
0.263430
0.263978
0.264213
0.264291
0.264683
0.264996
0.265465
0.266013
0.266092
0.266561
0.266874
0.267422
0.267892
0.268048
0.268283
0.268440
0.268988
0.269379
0.269849
0.270005
0.270396
0.270944
0.271179
0.271257
0.271727
0.271884
0.272353
0.272823
0.273371
0.273449
0.273997
0.274232
0.274623
0.274701
0.275014
0.275562
0.276032
0.276345
0.276502
0.276971
0.277049
0.277754
0.277597
0.278145
0.278693
0.279319
0.279319
0.280024
0.280572
0.281041
0.280885
0.281198
0.281589
0.282059
0.282528
0.282920
0.283389
0.283546
0.284250
0.284329
0.284876
0.285189
0.285424
0.285424
0.285581
0.286207
0.286755
0.287146
0.287381
0.288007
0.288164
0.288399
0.288946
0.289181
0.289729
0.290042
0.290668
0.291060
0.290981
0.291451
0.291608
0.291999
0.292234
0.292547
0.292860
0.293564
0.293877
0.294347
0.294425
0.294817
0.295208
0.295365
0.295521
0.295991
0.296460
0.296617
0.297086
0.297478
0.297947
0.297947
0.298026
0.298261
0.298652
0.298808
0.298887
0.299904
0.299982
0.300609
0.300843
0.301235
0.301470
0.301470
0.301939
0.302644
0.303035
0.303192
0.303348
0.303818
0.304366
0.304287
0.304600
0.305070
0.305305
0.305618
0.305774
0.306479
0.306792
0.307183
0.307575
0.307966
0.308357
0.308279
0.308827
0.309375
0.309375
0.309844
0.310314
0.310236
0.310705
0.310940
0.311410
0.311566
0.312271
0.312584
0.312662
0.313210
0.313367
0.313523
0.313836
0.314541
0.314619
0.314854
0.315245
0.315402
0.316028
0.316419
0.316889
0.317202
0.317358
0.317750
0.318141
0.318376
0.318689
0.319002
0.319080
0.319706
0.319941
0.320254
0.320802
0.321115
0.321585
0.321507
0.321976
0.322524
0.322837
0.322837
0.323229
0.323385
0.323855
0.324324
0.324637
0.325107
0.325185
0.325655
0.325655
0.325890
0.326438
0.326438
0.327220
0.327455
0.327925
0.328238
0.328551
0.329021
0.329099
0.329099
0.329568
0.329882
0.329803
0.330273
0.330429
0.331056
0.331603
0.332230
0.332151
0.332543
0.332934
0.333012
0.333325
0.333952
0.334108
0.334343
0.334813
0.335126
0.335360
0.335987
0.336378
0.336456
0.336848
0.337082
0.337474
0.337787
0.338491
0.338648
0.339039
0.339274
0.339587
0.339822
0.340213
0.340604
0.340996
0.341465
0.342092
0.342170
0.342639
0.342874
0.343109
0.343500
0.343500
0.344127
0.344518
0.344753
0.345144
0.345144
0.345692
0.346240
0.346396
0.346475
0.346631
0.347257
0.347570
0.347649
0.348197
0.348510
0.349214
0.349058
0.349371
0.349449
0.350075
0.350466
0.350858
0.351014
0.351249
0.351641
0.352032
0.352188
0.352580
0.352971
0.353206
0.353441
0.354223
0.354537
0.354615
0.354928
0.355397
0.355789
0.355554
0.356180
0.356728
0.357119
0.357276
0.357824
0.357980
0.358215
0.358685
0.358763
0.358920
0.359468
0.360015
0.360485
0.360563
0.360642
0.361346
0.361894
0.361972
0.362363
0.362755
0.362755
0.363381
0.363616
0.364085
0.364320
0.364398
0.364633
0.365338
0.365338
0.366120
0.366512
0.366355
0.366825
0.367138
0.367686
0.367764
0.368077
0.367921
0.368547
0.368938
0.369486
0.369877
0.370269
0.370425
0.370582
0.371130
0.371365
0.371286
0.372147
0.372382
0.372617
0.372773
0.373086
0.373478
0.373713
0.373869
0.374026
0.374339
0.374808
0.374965
0.375591
0.375435
0.376217
0.376296
0.376609
0.376765
0.377235
0.377704
0.377939
0.378017
0.378800
0.378487
0.378800
0.379348
0.379661
0.379739
0.380131
0.380522
0.380913
0.381383
0.381461
0.381931
0.382401
0.382166
0.382792
0.383105
0.383496
0.383731
0.384279
0.384592
0.384827
0.385140
0.385297
0.385531
0.386001
0.386549
0.386705
0.386784
0.387410
0.387645
0.387801
0.388036
0.388114
0.388584
0.388740
0.389053
0.389680
0.389758
0.390228
0.390775
0.390697
0.391088
0.391558
0.391871
0.392106
0.392654
0.393045
0.393280
0.393515
0.393906
0.394141
0.394219
0.394532
0.395002
0.395393
0.395628
0.395706
0.396333
0.396176
0.396880
0.397115
0.397428
0.397820
0.397898
0.398446
0.398602
0.399150
0.399229
0.399229
0.399620
0.400168
0.400559
0.400559
0.401342
0.401577
0.401577
0.402125
0.402751
0.402594
0.402986
0.403299
0.403612
0.403846
0.404003
0.404551
0.404629
0.404707
0.405177
0.405725
0.405881
0.406038
0.406586
0.406742
0.407134
0.407603
0.407838
0.407995
0.408464
0.408464
0.408934
0.409169
0.409169
0.409873
0.409795
0.410186
0.410343
0.411126
0.411126
0.411595
0.411830
0.412300
0.412613
0.412613
0.413161
0.413474
0.413865
0.413865
0.414022
0.414256
0.414648
0.415196
0.415352
0.416057
0.416135
0.416604
0.416683
0.417074
0.417309
0.417309
0.417700
0.418092
0.418639
0.419031
0.419344
0.419344
0.419814
0.420205
0.420361
0.420518
0.421066
0.421144
0.421614
0.421927
0.422162
0.422553
0.422866
0.423023
0.423336
0.423414
0.423649
0.423884
0.424666
0.424979
0.425292
0.425762
0.425840
0.426232
0.426545
0.426936
0.426858
0.427406
0.427562
0.427954
0.428423
0.428658
0.428815
0.429049
0.429362
0.429597
0.430223
0.430615
0.431084
0.431476
0.431554
0.431711
0.432258
0.432180
0.432885
0.433276
0.433354
0.433980
0.434059
0.434215
0.434450
0.434841
0.435154
0.435467
0.435702
0.436328
0.436485
0.436720
0.436955
0.436955
0.437424
0.437659
0.437972
0.438442
0.438833
0.439224
0.439381
0.439772
0.439851
0.439851
0.440555
0.441025
0.441181
0.441886
0.442277
0.442277
0.442590
0.442747
0.442981
0.443294
0.443294
0.443764
0.444155
0.444312
0.444703
0.445329
0.445251
0.445564
0.445564
0.446034
0.446347
0.446817
0.446738
0.447286
0.447521
0.447912
0.447912
0.448225
0.448539
0.448695
0.449243
0.449478
0.449634
0.450260
0.450574
0.450730
0.451121
0.451356
0.451669
0.452374
0.452452
0.452530
0.453000
0.453235
0.453548
0.454017
0.453939
0.454565
0.454565
0.454878
0.455270
0.455505
0.455974
0.455896
0.456522
0.456287
0.456757
0.456913
0.457226
0.457774
0.457696
0.457853
0.458479
0.458635
0.458714
0.459027
0.459261
0.459575
0.459888
0.460279
0.460436
0.460749
0.461297
0.461923
0.461844
0.462001
0.462236
0.462705
0.462784
0.463253
0.463645
0.463645
0.463879
0.464114
0.464427
0.464506
0.464897
0.465053
0.465523
0.465993
0.466149
0.466697
0.466854
0.467245
0.467402
0.467402
0.468106
0.468106
0.468576
0.468889
0.468732
0.469358
0.469671
0.469515
0.469906
0.469984
0.470454
0.470767
0.471080
0.471550
0.471785
0.472019
0.472333
0.472411
0.472802
0.473115
0.473194
0.473741
0.473741
0.474133
0.474446
0.474759
0.475072
0.475307
0.475542
0.475620
0.476011
0.476403
0.476872
0.476950
0.476872
0.477185
0.477733
0.477577
0.478359
0.478281
0.478672
0.479377
0.479220
0.480003
0.479846
0.480316
0.480629
0.480942
0.481099
0.481647
0.481881
0.482273
0.482351
0.482664
0.483056
0.483212
0.483838
0.483682
0.483838
0.484464
0.484543
0.484856
0.485012
0.485560
0.485560
0.485873
0.486030
0.486812
0.487047
0.487204
0.487282
0.488065
0.488221
0.488456
0.488456
0.488613
0.488769
0.489239
0.489787
0.489787
0.490100
0.490335
0.490882
0.490804
0.491352
0.491665
0.492057
0.492526
0.492839
0.492996
0.493465
0.493309
0.493778
0.493857
0.494248
0.494561
0.494953
0.494953
0.495500
0.495970
0.496127
0.496205
0.496674
0.496988
0.497379
0.497614
0.498083
0.498396
0.498631
0.498866
0.499179
0.499257
0.499570
0.500118
0.500510
0.500979
0.501214
0.501371
0.501684
0.501919
0.502232
0.502623
0.502779
0.503014
0.503640
0.504188
0.504188
0.504188
0.504658
0.504815
0.504893
0.505754
0.506067
0.506145
0.506615
0.506850
0.506850
0.507163
0.507554
0.507632
0.507945
0.508571
0.508806
0.508963
0.509354
0.509824
0.509589
0.510059
0.510293
0.510606
0.510841
0.511624
0.511859
0.512250
0.512250
0.512720
0.512955
0.513111
0.513424
0.513737
0.514050
0.514207
0.514833
0.514833
0.515068
0.515224
0.515694
0.515694
0.516164
0.516712
0.517025
0.517025
0.517729
0.517651
0.518042
0.518042
0.518433
0.518825
0.519294
0.519842
0.519764
0.520312
0.520468
0.520938
0.521329
0.521251
0.521564
0.522347
0.522817
0.522973
0.523208
0.523521
0.523834
0.523834
0.524069
0.524147
0.524773
0.525478
0.525399
0.525556
0.526026
0.526417
0.526417
0.526808
0.526965
0.527278
0.527513
0.528139
0.528217
0.528687
0.528687
0.529000
0.529469
0.529626
0.529783
0.529939
0.530174
0.530878
0.531035
0.531270
0.531505
0.531583
0.531818
0.532131
0.532757
0.532757
0.532992
0.533305
0.533305
0.534009
0.533931
0.533696
0.534479
0.534714
0.535496
0.535653
0.535731
0.536122
0.536436
0.536436
0.536670
0.536749
0.537453
0.537766
0.538236
0.538471
0.538705
0.538705
0.538627
0.538862
0.539175
0.539488
0.539879
0.540506
0.540506
0.540819
0.541367
0.541367
0.541601
0.542071
0.542462
0.543088
0.543167
0.543088
0.543715
0.543871
0.544184
0.544184
0.544497
0.544732
0.544889
0.545515
0.545671
0.545984
0.546376
0.546376
0.546611
0.546689
0.547080
0.547315
0.547785
0.548019
0.548098
0.548567
0.548724
0.548880
0.549272
0.549507
0.549976
0.550133
0.550602
0.550915
0.551150
0.551072
0.551228
0.551776
0.552011
0.552481
0.552716
0.552794
0.553029
0.553577
0.553655
0.553733
0.553890
0.554281
0.554438
0.554751
0.555220
0.555455
0.556003
0.555925
0.556159
0.556551
0.556707
0.557099
0.557412
0.557568
0.557881
0.558429
0.558351
0.558586
0.558899
0.559369
0.559682
0.559682
0.560151
0.560543
0.560934
0.561247
0.561795
0.561795
0.561873
0.562578
0.562891
0.562969
0.563595
0.563517
0.563908
0.564143
0.564378
0.564926
0.565161
0.565395
0.565630
0.565787
0.566100
0.566335
0.566726
0.566804
0.567430
0.567665
0.567978
0.568213
0.568604
0.568761
0.569074
0.569152
0.569387
0.569935
0.570326
0.570326
0.570718
0.571266
0.570952
0.571422
0.571813
0.572048
0.572127
0.572909
0.572831
0.573066
0.573457
0.573848
0.574005
0.574240
0.574396
0.574788
0.575179
0.575492
0.575257
0.575805
0.575883
0.576588
0.576823
0.577449
0.577449
0.577527
0.577840
0.577762
0.578310
0.578623
0.579093
0.579249
0.579093
0.579562
0.579875
0.579954
0.580267
0.580893
0.581362
0.581441
0.582302
0.582302
0.582693
0.583006
0.583006
0.582849
0.583632
0.583789
0.584337
0.584571
0.584415
0.585198
0.585432
0.585902
0.585745
0.586137
0.586293
0.586763
0.586841
0.587311
0.587780
0.587937
0.588015
0.588094
0.588641
0.588563
0.589268
0.589502
0.589816
0.589816
0.590207
0.590442
0.590676
0.591068
0.591224
0.591616
0.592164
0.592007
0.592320
0.592633
0.592711
0.593025
0.593259
0.593338
0.593807
0.594120
0.594668
0.594668
0.595294
0.595294
0.595529
0.595607
0.595921
0.596547
0.596468
0.597095
0.597251
0.597564
0.597721
0.597642
0.598112
0.598503
0.599051
0.599599
0.599286
0.599599
0.599991
0.600147
0.600304
0.600617
0.600852
0.601791
0.602104
0.602182
0.602652
0.602887
0.602808
0.603043
0.603356
0.603591
0.604139
0.604374
0.604687
0.604922
0.605235
0.605391
0.605391
0.605783
0.606017
0.606252
0.606565
0.606878
0.607191
0.607348
0.607583
0.607426
0.607661
0.608052
0.608444
0.608913
0.608913
0.609305
0.609383
0.610009
0.609853
0.610009
0.610166
0.610792
0.611261
0.611261
0.611731
0.612122
0.612201
0.611966
0.612592
0.612983
0.613296
0.613610
0.613766
0.613844
0.614314
0.614236
0.614470
0.614940
0.615018
0.615410
0.615879
0.615801
0.615958
0.616114
0.616662
0.616584
0.616740
0.617053
0.617758
0.618149
0.618227
0.618462
0.618462
0.618775
0.618854
0.619088
0.619167
0.619636
0.620106
0.620262
0.620497
0.620810
0.620967
0.621045
0.621437
0.621750
0.622219
0.622767
0.623002
0.622845
0.623002
0.623628
0.623472
0.623550
0.623863
0.624489
0.624646
0.624646
0.625272
0.625428
0.625663
0.625741
0.625976
0.626054
0.626446
0.626994
0.626994
0.627307
0.627776
0.627776
0.627855
0.628089
0.628089
0.628559
0.629029
0.629185
0.629655
0.629811
0.630124
0.630281
0.630124
0.630829
0.631142
0.631768
0.631846
0.632003
0.632629
0.632864
0.632707
0.633099
0.633490
0.633725
0.633960
0.634273
0.634586
0.634899
0.635055
0.635290
0.635525
0.635916
0.636308
0.636543
0.636699
0.637169
0.637795
0.637717
0.637638
0.637873
0.638578
0.638969
0.638812
0.638969
0.639517
0.639673
0.640065
0.640143
0.640769
0.640926
0.641004
0.641239
0.641395
0.642021
0.641865
0.642100
0.642413
0.642804
0.643196
0.643430
0.643978
0.644213
0.644370
0.644683
0.644839
0.645231
0.645700
0.645935
0.645778
0.646405
0.646952
0.647109
0.647266
0.647735
0.647813
0.647970
0.648440
0.648674
0.648831
0.648987
0.649066
0.649770
0.649770
0.650083
0.650475
0.651022
0.651101
0.651179
0.651649
0.652353
0.652275
0.652744
0.653136
0.653057
0.653371
0.653449
0.653605
0.654153
0.654466
0.654623
0.654779
0.655014
0.655719
0.655640
0.655875
0.656032
0.656423
0.656736
0.657128
0.657441
0.657597
0.657832
0.658302
0.658145
0.658302
0.659006
0.659084
0.659319
0.659397
0.659789
0.660806
0.660728
0.660806
0.660884
0.661354
0.661745
0.662137
0.662685
0.662919
0.662841
0.662998
0.663389
0.663467
0.663937
0.664328
0.664407
0.664876
0.665189
0.665346
0.665189
0.665502
0.665737
0.666050
0.666676
0.667146
0.667459
0.667459
0.668007
0.668007
0.667929
0.668398
0.668868
0.669025
0.669259
0.669494
0.669886
0.669729
0.669886
0.670512
0.670903
0.671216
0.671451
0.671842
0.672155
0.672234
0.672860
0.672703
0.672703
0.672938
0.673329
0.673721
0.674190
0.674503
0.674895
0.675130
0.675051
0.675130
0.675364
0.675991
0.676382
0.676773
0.677165
0.677321
0.677321
0.677478
0.677712
0.677869
0.678339
0.678808
0.679043
0.679356
0.679513
0.679513
0.679591
0.680061
0.680374
0.681078
0.681783
0.682174
0.682487
0.682643
0.682722
0.682800
0.683113
0.683504
0.683818
0.684287
0.684678
0.684757
0.685070
0.685383
0.684913
0.685539
0.686087
0.686635
0.686792
0.687418
0.687340
0.687653
0.687888
0.688279
0.688435
0.688905
0.689140
0.689531
0.690079
0.690001
0.690314
0.690392
0.690470
0.691018
0.691645
0.692349
0.692505
0.693053
0.692740
0.692897
0.692819
0.693288
0.693445
0.694306
0.694384
0.694540
0.695010
0.695245
0.695636
0.695793
0.695871
0.696810
0.697202
0.697280
0.697593
0.698063
0.698141
0.698376
0.698219
0.699002
0.699393
0.699941
0.700098
0.700646
0.700724
0.700959
0.701350
0.701585
0.701898
0.702524
0.702915
0.703307
0.703776
0.703776
0.703855
0.704089
0.704402
0.704794
0.705655
0.705811
0.705655
0.706124
0.706359
0.706437
0.706751
0.707142
0.707533
0.708003
0.708003
0.708159
0.708159
0.708081
0.708159
0.708003
0.708081
0.708159
0.707925
0.707768
0.707377
0.707455
0.707220
0.707064
0.707064
0.707064
0.706985
0.706516
0.706281
0.706203
0.705655
0.705577
0.704950
0.705107
0.704481
0.704324
0.703776
0.703620
0.703072
0.702759
0.702602
0.702602
0.702211
0.702133
0.701507
0.701193
0.700724
0.700332
0.700019
0.699941
0.699471
0.699237
0.699080
0.698845
0.698454
0.698297
0.697906
0.697671
0.697280
0.696967
0.696654
0.696419
0.696184
0.695949
0.695793
0.695401
0.694854
0.694227
0.693758
0.693523
0.693680
0.692975
0.692505
0.692427
0.691958
0.691801
0.691331
0.691097
0.690784
0.690314
0.690079
0.689453
0.689218
0.689062
0.688670
0.688514
0.687731
0.687418
0.687105
0.686557
0.686714
0.686244
0.685931
0.685618
0.684913
0.684913
0.684522
0.684131
0.684131
0.683739
0.683191
0.683035
0.682643
0.682330
0.681469
0.680922
0.680530
0.679982
0.679669
0.679200
0.679434
0.679043
0.678808
0.678339
0.677947
0.677712
0.677634
0.677399
0.676617
0.676147
0.675912
0.675364
0.675051
0.675051
0.674660
0.674582
0.674347
0.673799
0.673486
0.673016
0.672860
0.672938
0.672390
0.671529
0.670981
0.670668
0.670199
0.670042
0.669651
0.669494
0.669181
0.669025
0.668711
0.668555
0.668398
0.667694
0.667694
0.666833
0.666520
0.666129
0.665972
0.665737
0.665346
0.664876
0.664955
0.664563
0.664328
0.664094
0.663780
0.663233
0.662998
0.662450
0.662293
0.661198
0.661432
0.661198
0.660806
0.660650
0.660337
0.660102
0.659789
0.659632
0.659163
0.659006
0.658615
0.657988
0.657441
0.657049
0.657128
0.656893
0.656267
0.656188
0.655797
0.655719
0.655562
0.655093
0.654623
0.654466
0.653918
0.653371
0.652588
0.652744
0.652431
0.652588
0.652118
0.651649
0.651414
0.651022
0.651022
0.650396
0.650240
0.649457
0.649222
0.648831
0.648596
0.648440
0.648127
0.648127
0.647970
0.647344
0.647344
0.646874
0.646639
0.646091
0.645622
0.645387
0.644996
0.644761
0.644526
0.644448
0.644135
0.644056
0.643430
0.642882
0.642726
0.642256
0.641943
0.641395
0.640926
0.641004
0.640691
0.640143
0.640065
0.639908
0.639517
0.639282
0.638734
0.638030
0.637795
0.637560
0.637169
0.637090
0.636777
0.636151
0.636229
0.636073
0.635447
0.635055
0.634586
0.634273
0.634116
0.633881
0.633647
0.633412
0.632942
0.632786
0.632473
0.632316
0.632003
0.631455
0.630829
0.630516
0.630203
0.630281
0.629890
0.629577
0.629577
0.629029
0.628794
0.628481
0.628011
0.627776
0.627307
0.627150
0.626837
0.626915
0.626367
0.626211
0.625507
0.625428
0.625115
0.624802
0.624411
0.623785
0.623472
0.623472
0.622845
0.623002
0.622689
0.622454
0.621750
0.621280
0.621358
0.620654
0.620341
0.619949
0.619715
0.619636
0.619245
0.618932
0.618775
0.618775
0.618306
0.617914
0.617288
0.617053
0.616584
0.616506
0.616349
0.615801
0.615488
0.614940
0.614940
0.614784
0.614157
0.614157
0.613453
0.613453
0.613218
0.612905
0.612592
0.612044
0.611888
0.611340
0.610948
0.610479
0.610166
0.609853
0.609696
0.609461
0.608913
0.608757
0.608757
0.608209
0.608052
0.607661
0.606957
0.606800
0.606644
0.606644
0.606409
0.605783
0.605626
0.605156
0.605000
0.604765
0.604374
0.603982
0.603591
0.603591
0.603043
0.602652
0.602417
0.601947
0.601713
0.601165
0.600852
0.600304
0.599991
0.599756
0.599521
0.598895
0.598425
0.598425
0.598269
0.597877
0.597564
0.597095
0.596625
0.596468
0.596312
0.595921
0.595686
0.595294
0.595060
0.594825
0.594355
0.593964
0.593729
0.593338
0.593181
0.592790
0.592555
0.592398
0.592085
0.591929
0.591459
0.591068
0.591146
0.590363
0.589894
0.589816
0.589268
0.589111
0.588798
0.588407
0.588172
0.588015
0.587780
0.587546
0.586998
0.586685
0.586606
0.586137
0.585589
0.585589
0.584885
0.584728
0.584415
0.584337
0.584024
0.583867
0.583554
0.583163
0.582536
0.582145
0.582223
0.581597
0.581597
0.581128
0.580736
0.580658
0.580423
0.580188
0.579562
0.579171
0.578936
0.578623
0.578153
0.577997
0.577684
0.577292
0.577136
0.577058
0.576275
0.575962
0.575962
0.575649
0.575336
0.574944
0.574709
0.574318
0.574240
0.573770
0.573379
0.572831
0.572831
0.572674
0.572361
0.572048
0.571657
0.571657
0.571266
0.570639
0.570248
0.569778
0.569544
0.569231
0.569231
0.569309
0.568761
0.568370
0.568135
0.567665
0.567352
0.567117
0.566648
0.566335
0.566491
0.566413
0.565630
0.566021
0.565708
0.565082
0.564691
0.564300
0.563830
0.563595
0.563673
0.563517
0.563126
0.562969
0.562891
0.562265
0.562265
0.561404
0.560934
0.560777
0.560543
0.560543
0.560073
0.559682
0.559682
0.559212
0.558586
0.558351
0.558116
0.557647
0.557334
0.557568
0.557490
0.557099
0.556864
0.556473
0.556003
0.555455
0.554985
0.554907
0.554594
0.554516
0.554124
0.553811
0.553890
0.553498
0.552794
0.552324
0.552168
0.552168
0.552089
0.551855
0.551698
0.550994
0.550837
0.550211
0.549976
0.549585
0.549350
0.549193
0.549193
0.548646
0.548567
0.548333
0.548019
0.547785
0.547080
0.546611
0.546219
0.546063
0.546141
0.545750
0.545515
0.545358
0.545280
0.544810
0.544341
0.544341
0.543558
0.543402
0.543167
0.542932
0.542462
0.542384
0.542306
0.541680
0.540740
0.540740
0.540192
0.540114
0.540114
0.539879
0.539488
0.539253
0.539097
0.538705
0.538157
0.537766
0.537453
0.537140
0.537062
0.536827
0.536749
0.536357
0.535966
0.535653
0.535261
0.534714
0.534400
0.534322
0.534166
0.533931
0.533461
0.533226
0.532757
0.532600
0.532287
0.531583
0.531505
0.531426
0.531113
0.530565
0.530330
0.530330
0.529861
0.529704
0.528765
0.528765
0.528139
0.528295
0.528217
0.527826
0.527591
0.527043
0.526965
0.526574
0.525869
0.525713
0.525556
0.525165
0.525086
0.524852
0.524773
0.524225
0.524069
0.523678
0.523051
0.522738
0.522503
0.522269
0.522034
0.521643
0.521251
0.521016
0.520312
0.520312
0.519529
0.519451
0.519060
0.518825
0.518433
0.518433
0.518120
0.517807
0.517494
0.516712
0.516555
0.515851
0.515929
0.515929
0.515694
0.515224
0.514911
0.514442
0.514285
0.513972
0.513502
0.512955
0.512955
0.512798
0.512250
0.511781
0.511702
0.511311
0.510763
0.510528
0.510059
0.509980
0.509667
0.509432
0.509276
0.508963
0.508415
0.508102
0.507789
0.507554
0.507319
0.506850
0.506615
0.506380
0.505832
0.505675
0.505519
0.505049
0.504971
0.504345
0.504267
0.504110
0.503484
0.503249
0.502936
0.502388
0.502466
0.501997
0.501684
0.501214
0.500901
0.500431
0.500197
0.500118
0.499649
0.499179
0.499101
0.498788
0.498944
0.498396
0.497848
0.497535
0.497301
0.496674
0.496361
0.496361
0.495813
0.495735
0.495422
0.495031
0.494248
0.494405
0.493935
0.493622
0.493074
0.493152
0.492918
0.492604
0.492135
0.491822
0.491352
0.491039
0.490882
0.490413
0.490100
0.490022
0.489708
0.489239
0.488926
0.488613
0.488300
0.487752
0.487595
0.487282
0.486891
0.486656
0.486499
0.485951
0.485873
0.485638
0.485169
0.484621
0.484543
0.484386
0.483995
0.483760
0.483603
0.483212
0.482977
0.482899
0.482742
0.481881
0.481490
0.481255
0.480786
0.480786
0.480629
0.479925
0.479925
0.479299
0.479220
0.478672
0.478438
0.478203
0.477811
0.477577
0.477420
0.477185
0.476950
0.476637
0.476089
0.475698
0.475620
0.475463
0.475229
0.474915
0.474759
0.474446
0.474211
0.473820
0.473115
0.472802
0.472333
0.472019
0.471863
0.471550
0.471706
0.471080
0.471002
0.470219
0.470063
0.469828
0.469515
0.469280
0.468889
0.468576
0.468263
0.467871
0.467793
0.467088
0.466697
0.466462
0.466462
0.465993
0.465993
0.465836
0.465053
0.465053
0.464506
0.464271
0.463879
0.463723
0.463332
0.463253
0.462862
0.462862
0.462236
0.462236
0.461610
0.460983
0.460983
0.460749
0.460122
0.459731
0.459809
0.459261
0.459027
0.458870
0.458401
0.458166
0.458009
0.457540
0.457226
0.457148
0.456913
0.456757
0.456131
0.455896
0.455505
0.455035
0.454878
0.454644
0.454722
0.454330
0.454017
0.453783
0.453470
0.452843
0.452452
0.452139
0.451982
0.451591
0.451435
0.450965
0.450495
0.450417
0.450026
0.449399
0.449243
0.448695
0.448617
0.448304
0.448069
0.447834
0.447443
0.447130
0.446738
0.446269
0.446190
0.445799
0.445643
0.445173
0.444938
0.444703
0.444312
0.444234
0.443608
0.443451
0.443138
0.442668
0.442512
0.442277
0.441964
0.442120
0.441651
0.441181
0.440712
0.440007
0.439303
0.438990
0.439224
0.438520
0.438363
0.438442
0.437737
0.437346
0.437033
0.436563
0.436485
0.436485
0.435781
0.435546
0.435311
0.434998
0.434528
0.434059
0.434059
0.433667
0.433354
0.433198
0.432885
0.432806
0.432180
0.432180
0.431319
0.430850
0.430771
0.430536
0.430380
0.429754
0.430067
0.429597
0.429128
0.428893
0.428267
0.427797
0.427719
0.427562
0.427562
0.427171
0.426936
0.426388
0.426310
0.425605
0.425214
0.424823
0.424588
0.423884
0.423884
0.423884
0.423727
0.423023
0.422866
0.422475
0.422240
0.421927
0.421301
0.420909
0.420831
0.420753
0.420283
0.420283
0.420127
0.419500
0.418874
0.418639
0.418248
0.417700
0.417387
0.417309
0.417309
0.416761
0.416604
0.416057
0.415587
0.415039
0.414883
0.414726
0.414335
0.414256
0.414100
0.413787
0.413239
0.413082
0.412613
0.412378
0.412065
0.411908
0.411282
0.410969
0.410734
0.410108
0.410030
0.409560
0.409169
0.409012
0.408699
0.408621
0.408230
0.407995
0.407760
0.407290
0.406742
0.406664
0.406429
0.406038
0.405725
0.405099
0.404864
0.404707
0.404316
0.403925
0.403690
0.403377
0.403142
0.402986
0.402438
0.402046
0.401890
0.401811
0.400794
0.400872
0.400168
0.400011
0.399855
0.399072
0.398994
0.398759
0.398446
0.397976
0.397976
0.397507
0.397272
0.396880
0.396646
0.396646
0.395785
0.395550
0.395393
0.395550
0.394924
0.394532
0.394298
0.394141
0.393828
0.393437
0.393045
0.392654
0.392732
0.392497
0.392184
0.391558
0.391558
0.391402
0.391010
0.390384
0.390149
0.389914
0.389523
0.389367
0.388819
0.388584
0.388271
0.387645
0.387566
0.387332
0.387332
0.387018
0.386549
0.386236
0.386079
0.385923
0.385297
0.384905
0.384514
0.384436
0.384279
0.383809
0.383575
0.383183
0.383105
0.382714
0.382635
0.382166
0.381931
0.381070
0.381070
0.380444
0.380366
0.379818
0.379739
0.379505
0.378957
0.378878
0.378565
0.378331
0.377783
0.377626
0.377235
0.377156
0.376843
0.376922
0.376061
0.375826
0.375669
0.375435
0.374965
0.374965
0.374574
0.373869
0.373791
0.373634
0.373243
0.372930
0.372382
0.372460
0.372382
0.372147
0.371678
0.371051
0.371286
0.370817
0.370269
0.370034
0.369408
0.369095
0.368703
0.368625
0.368312
0.367999
0.367686
0.367451
0.366981
0.366747
0.366042
0.366120
0.365886
0.365494
0.365494
0.364790
0.364633
0.364164
0.363929
0.363616
0.363224
0.363224
0.362833
0.362363
0.361894
0.361659
0.361581
0.360720
0.360407
0.359781
0.359468
0.359154
0.359076
0.358763
0.358450
0.358137
0.357667
0.357432
0.357041
0.356963
0.356180
0.356180
0.356024
0.355476
0.355163
0.354850
0.354302
0.354067
0.353597
0.353441
0.353206
0.352971
0.352658
0.352267
0.351875
0.351327
0.351249
0.350780
0.350388
0.350310
0.349919
0.349684
0.349371
0.349058
0.348588
0.348197
0.347962
0.347962
0.347257
0.347179
0.346788
0.346475
0.346083
0.345692
0.345144
0.345144
0.344675
0.344283
0.344283
0.343814
0.343266
0.343422
0.343031
0.342405
0.342013
0.341700
0.341309
0.340996
0.340291
0.340291
0.339744
0.339430
0.339196
0.338883
0.338569
0.338022
0.337709
0.337317
0.336769
0.336848
0.336300
0.336143
0.336065
0.335517
0.335360
0.334813
0.334421
0.334343
0.334030
0.333560
0.333169
0.333091
0.332543
0.332308
0.332230
0.331760
0.331369
0.331134
0.330664
0.330351
0.330273
0.329803
0.329334
0.328707
0.328394
0.328003
0.327690
0.327690
0.327533
0.326672
0.326359
0.326203
0.325733
0.325655
0.325342
0.324716
0.324324
0.324090
0.323776
0.323855
0.323463
0.323307
0.322837
0.322211
0.322133
0.321741
0.321507
0.321115
0.321115
0.320489
0.320333
0.319863
0.319628
0.319237
0.318689
0.318298
0.318141
0.317906
0.317437
0.317280
0.316732
0.316732
0.316106
0.315793
0.315245
0.315245
0.314775
0.314697
0.314306
0.313993
0.313758
0.313054
0.312897
0.312584
0.312271
0.312036
0.311645
0.311488
0.311019
0.311097
0.310471
0.310236
0.309766
0.309531
0.309218
0.308905
0.308592
0.308279
0.307966
0.307575
0.307340
0.307105
0.306557
0.306244
0.305540
0.305461
0.305305
0.305227
0.304913
0.304913
0.304287
0.303896
0.303583
0.303426
0.302957
0.302644
0.302331
0.301939
0.301626
0.301235
0.301157
0.300765
0.300296
0.299669
0.299591
0.299121
0.298965
0.298574
0.298339
0.298104
0.297791
0.297556
0.297086
0.296617
0.296695
0.296069
0.295599
0.295208
0.295051
0.294973
0.294269
0.294112
0.293877
0.293095
0.292938
0.292547
0.292390
0.292312
0.291764
0.291608
0.291060
0.290825
0.290199
0.289964
0.289573
0.289259
0.289103
0.288868
0.288477
0.288164
0.287616
0.287303
0.287224
0.286598
0.286207
0.286050
0.285816
0.285581
0.285346
0.284876
0.284563
0.284250
0.283624
0.283389
0.283076
0.282841
0.282450
0.282293
0.281980
0.281354
0.281276
0.280885
0.280180
0.280180
0.279632
0.279398
0.278928
0.278615
0.278145
0.277989
0.277754
0.277284
0.276893
0.276815
0.276267
0.276110
0.275954
0.275327
0.275014
0.274858
0.274467
0.273840
0.273684
0.273606
0.272979
0.272979
0.272510
0.271962
0.271884
0.271571
0.271179
0.270710
0.270318
0.269927
0.270005
0.269536
0.269457
0.269144
0.268518
0.268361
0.267735
0.267422
0.266874
0.266953
0.266405
0.266326
0.266170
0.265700
0.265231
0.264839
0.264683
0.264213
0.263744
0.263509
0.263352
0.263196
0.262491
0.262413
0.261943
0.261395
0.261004
0.260300
0.259987
0.259830
0.259517
0.259204
0.258578
0.258265
0.258108
0.257404
0.257325
0.256934
0.256543
0.256464
0.256230
0.255603
0.255212
0.254977
0.254664
0.254273
0.253960
0.253490
0.253099
0.252786
0.252708
0.252238
0.252081
0.251690
0.250986
0.250516
0.250359
0.249968
0.249498
0.249498
0.249107
0.248951
0.248481
0.247855
0.247385
0.247150
0.246681
0.246681
0.246211
0.246055
0.245663
0.245428
0.245115
0.244567
0.244098
0.243785
0.243628
0.243472
0.243080
0.242924
0.242298
0.242454
0.242219
0.241358
0.241280
0.240654
0.240341
0.239715
0.239480
0.239245
0.238462
0.238462
0.238228
0.237523
0.237132
0.237054
0.236740
0.236506
0.236271
0.235801
0.235488
0.234940
0.234549
0.234471
0.233844
0.233766
0.233531
0.233140
0.232592
0.232357
0.231966
0.231653
0.231262
0.230870
0.230557
0.229931
0.229696
0.229461
0.229070
0.228835
0.228679
0.228131
0.227661
0.227739
0.227113
0.227035
0.226722
0.226331
0.226018
0.225391
0.225548
0.225235
0.224452
0.224296
0.223904
0.223356
0.223043
0.222808
0.222574
0.222104
0.221713
0.221634
0.220930
0.220852
0.220304
0.220069
0.219678
0.219365
0.218738
0.218738
0.218191
0.217721
0.217799
0.217330
0.216782
0.216469
0.216156
0.215608
0.215373
0.214981
0.214981
0.214590
0.214042
0.213494
0.213416
0.212946
0.212633
0.212164
0.211851
0.211538
0.211694
0.210911
0.210833
0.210285
0.209737
0.209659
0.209111
0.209033
0.208876
0.208250
0.207937
0.207702
0.207624
0.207154
0.206763
0.206215
0.205902
0.205589
0.205511
0.204885
0.204728
0.204337
0.204024
0.203398
0.203476
0.202693
0.202380
0.202380
0.201989
0.201832
0.201363
0.200971
0.200423
0.200580
0.199797
0.199406
0.199249
0.198467
0.198388
0.197840
0.197606
0.197449
0.196901
0.196823
0.196197
0.195805
0.195571
0.195414
0.195336
0.194788
0.194083
0.193692
0.193692
0.193301
0.193066
0.192283
0.192205
0.192048
0.191892
0.191344
0.190561
0.190796
0.190170
0.189857
0.189231
0.188996
0.188761
0.188526
0.188213
0.187430
0.187274
0.186804
0.186491
0.185865
0.185552
0.185395
0.185161
0.184221
0.183908
0.183830
0.183517
0.183360
0.182813
0.182421
0.182030
0.181639
0.181482
0.181091
0.180543
0.180464
0.180073
0.179760
0.179369
0.178743
0.178508
0.178273
0.177960
0.177412
0.177177
0.176629
0.176708
0.176238
0.175612
0.175377
0.174986
0.174751
0.174516
0.174046
0.173498
0.173185
0.173107
0.172794
0.172246
0.171933
0.171463
0.171307
0.171229
0.170602
0.170211
0.170133
0.169742
0.169194
0.168724
0.168333
0.168020
0.167628
0.167550
0.167237
0.166767
0.166454
0.165985
0.165750
0.165202
0.164654
0.164341
0.164106
0.163950
0.163402
0.163167
0.162462
0.162149
0.161993
0.161523
0.160975
0.160193
0.160740
0.159958
0.159566
0.159332
0.158862
0.158314
0.157766
0.157218
0.156905
0.156592
0.156357
0.155731
0.155731
0.155183
0.155183
0.154635
0.154166
0.153618
0.153461
0.152757
0.152600
0.152522
0.152287
0.152053
0.151583
0.151270
0.150800
0.150096
0.149626
0.149157
0.148765
0.148765
0.148139
0.147748
0.147591
0.147122
0.146652
0.146417
0.146182
0.145556
0.145634
0.145165
0.144773
0.144695
0.143991
0.143678
0.143130
0.142660
0.142347
0.141564
0.141564
0.141251
0.141017
0.140312
0.140234
0.139686
0.139451
0.138747
0.138355
0.137964
0.137964
0.137729
0.137103
0.136946
0.136477
0.136320
0.135772
0.135303
0.134990
0.134520
0.134285
0.133581
0.133190
0.132955
0.132563
0.132250
0.131702
0.131468
0.131076
0.130685
0.130294
0.130137
0.129198
0.129276
0.128806
0.128572
0.128259
0.127711
0.127398
0.126850
0.126615
0.126302
0.125832
0.125832
0.125441
0.125049
0.124502
0.124032
0.123641
0.123484
0.123014
0.122545
0.122075
0.121684
0.121606
0.121214
0.120588
0.120118
0.119414
0.119336
0.119179
0.118631
0.118162
0.117770
0.117379
0.117379
0.116518
0.116048
0.116127
0.115501
0.115109
0.114640
0.114640
0.113779
0.113700
0.113074
0.112683
0.112213
0.112135
0.112057
0.111431
0.111117
0.110961
0.110335
0.109943
0.109630
0.109082
0.108926
0.108300
0.108065
0.107595
0.107282
0.106813
0.106500
0.106030
0.105639
0.105325
0.105012
0.104621
0.104308
0.103838
0.103525
0.103056
0.102743
0.102351
0.101803
0.101177
0.101099
0.100629
0.100316
0.099925
0.099377
0.099064
0.098907
0.098516
0.097655
0.097420
0.097342
0.097107
0.096246
0.096011
0.095620
0.095150
0.094916
0.094603
0.093742
0.093585
0.093350
0.092881
0.092489
0.092098
0.091628
0.091472
0.091080
0.090767
0.090141
0.089515
0.089750
0.088967
0.088497
0.088341
0.087871
0.087558
0.087245
0.086932
0.086384
0.085993
0.085601
0.085288
0.084741
0.084114
0.083801
0.083723
0.083175
0.082862
0.082471
0.082236
0.081845
0.081610
0.080827
0.080201
0.079888
0.079653
0.079340
0.078714
0.078401
0.078088
0.077540
0.077305
0.076679
0.076366
0.075740
0.075426
0.075270
0.074722
0.074018
0.073704
0.073235
0.072687
0.072452
0.071826
0.071826
0.070965
0.070495
0.070417
0.070026
0.069791
0.069400
0.068852
0.068460
0.067913
0.067365
0.067208
0.066817
0.066504
0.065878
0.065878
0.065251
0.064938
0.064469
0.063921
0.063608
0.063138
0.062825
0.062277
0.061964
0.061729
0.061494
0.060712
0.060633
0.059616
0.059225
0.059225
0.058598
0.058207
0.057581
0.057424
0.057033
0.056407
0.055937
0.055233
0.055155
0.054920
0.054372
0.053667
0.053354
0.052885
0.052650
0.052024
0.051632
0.051163
0.050537
0.050458
0.050067
0.049754
0.049206
0.049128
0.048815
0.048110
0.047249
0.046780
0.046467
0.045997
0.045762
0.045214
0.044901
0.044510
0.044197
0.043649
0.043258
0.042866
0.042318
0.042162
0.042005
0.041457
0.040909
0.040518
0.039892
0.039188
0.038796
0.038170
0.037779
0.037231
0.036918
0.036605
0.036057
0.035744
0.035274
0.034961
0.034335
0.033630
0.033552
0.033396
0.033004
0.032378
0.032065
0.031752
0.031282
0.030500
0.029795
0.029326
0.029169
0.028778
0.028308
0.028073
0.027525
0.026899
0.026743
0.026273
0.025412
0.025177
0.024551
0.024003
0.023847
0.023377
0.022986
0.022438
0.022281
0.021655
0.021107
0.020638
0.020090
0.019542
0.019542
0.018603
0.018211
0.017742
0.017742
0.017272
0.016489
0.015785
0.015550
0.015159
0.014533
0.014298
0.014063
0.013593
0.012967
0.012341
0.012028
0.011637
0.010854
0.010149
0.009836
0.009523
0.009288
0.008662
0.008193
0.007801
0.006862
0.006392
0.006001
0.005610
0.005375
0.005140
0.004279
0.003966
0.003575
0.002949
0.002636
0.002088
0.001696
0.001305
0.000679
0.000444
0.000131
-0.000417
-0.000730
-0.001043
-0.001826
-0.002295
-0.002530
-0.002843
-0.003704
-0.003783
-0.004487
-0.004644
-0.005035
-0.005739
-0.006052
-0.006835
-0.007383
-0.007461
-0.008009
-0.008322
-0.008635
-0.009261
-0.009966
-0.010279
-0.011297
-0.011531
-0.012079
-0.012236
-0.012940
-0.013018
-0.013566
-0.014036
-0.014506
-0.015132
-0.015680
-0.016462
-0.017010
-0.017088
-0.017558
-0.017949
-0.018419
-0.018889
-0.019358
-0.020063
-0.020454
-0.021080
-0.021941
-0.022333
-0.022724
-0.023194
-0.023663
-0.024054
-0.024446
-0.025072
-0.025698
-0.026246
-0.026872
-0.027264
-0.027811
-0.028125
-0.028438
-0.029142
-0.029612
-0.029925
-0.030786
-0.031334
-0.031803
-0.032429
-0.032977
-0.033212
-0.033760
-0.034230
-0.034856
-0.035325
-0.035795
-0.036186
-0.036734
-0.037282
-0.038143
-0.038456
-0.039004
-0.039943
-0.040256
-0.040882
-0.041587
-0.042135
-0.042761
-0.042839
-0.043544
-0.044092
-0.044953
-0.045266
-0.045970
-0.046440
-0.047066
-0.047614
-0.048553
-0.049179
-0.049336
-0.049727
-0.050431
-0.051136
-0.051605
-0.052153
-0.052701
-0.053327
-0.053797
-0.054267
-0.054736
-0.055362
-0.055910
-0.056458
-0.056928
-0.057397
-0.058180
-0.058650
-0.058963
-0.059432
-0.059980
-0.060293
-0.060920
-0.061702
-0.062250
-0.062720
-0.063033
-0.064050
-0.064833
-0.064990
-0.065303
-0.066085
-0.066790
-0.067572
-0.067964
-0.068355
-0.068981
-0.069842
-0.070390
-0.070625
-0.071016
-0.071721
-0.072582
-0.073051
-0.073912
-0.074382
-0.074852
-0.075713
-0.075947
-0.076339
-0.077121
-0.077200
-0.078061
-0.078922
-0.079783
-0.080409
-0.080957
-0.081191
-0.081896
-0.082365
-0.082757
-0.083070
-0.084009
-0.085261
-0.085418
-0.085966
-0.086670
-0.087140
-0.087688
-0.088314
-0.088784
-0.089097
-0.089801
-0.090897
-0.091523
-0.091758
-0.092619
-0.093088
-0.093480
-0.094184
-0.094654
-0.094967
-0.095671
-0.096611
-0.097628
-0.097863
-0.098333
-0.098802
-0.099428
-0.099976
-0.100759
-0.101229
-0.101620
-0.102872
-0.103498
-0.104281
-0.104672
-0.105142
-0.105846
-0.106394
-0.106864
-0.107490
-0.107881
-0.108586
-0.109290
-0.110151
-0.110464
-0.110934
-0.111795
-0.112499
-0.112734
-0.113439
-0.113908
-0.114456
-0.115317
-0.115943
-0.116882
-0.117117
-0.117587
-0.118135
-0.118917
-0.119622
-0.120092
-0.121031
-0.121735
-0.122753
-0.123301
-0.123692
-0.124005
-0.124944
-0.125257
-0.125883
-0.126588
-0.126979
-0.127919
-0.128779
-0.129719
-0.130110
-0.130893
-0.131284
-0.132223
-0.132536
-0.133084
-0.133476
-0.134571
-0.135432
-0.136450
-0.136450
-0.137233
-0.137624
-0.138250
-0.138641
-0.139581
-0.139894
-0.140833
-0.142242
-0.142711
-0.143181
-0.144042
-0.144355
-0.144903
-0.145607
-0.146077
-0.146782
-0.147486
-0.148425
-0.149443
-0.150147
-0.150773
-0.150930
-0.151243
-0.152182
-0.152730
-0.153200
-0.153982
-0.154139
-0.155235
-0.156252
-0.156644
-0.156957
-0.157426
-0.158209
-0.158835
-0.159461
-0.160557
-0.161183
-0.161966
-0.163140
-0.163610
-0.164079
-0.164705
-0.165253
-0.166114
-0.166427
-0.166975
-0.167680
-0.168697
-0.169480
-0.169949
-0.170262
-0.171045
-0.171437
-0.172219
-0.172689
-0.173393
-0.174332
-0.174802
-0.175741
-0.176446
-0.176837
-0.177463
-0.177855
-0.178089
-0.179107
-0.179733
-0.180516
-0.181064
-0.182003
-0.182864
-0.183647
-0.184116
-0.184038
-0.184899
-0.185525
-0.186386
-0.186856
-0.187404
-0.188108
-0.189204
-0.190143
-0.190769
-0.191082
-0.191395
-0.192335
-0.193039
-0.193822
-0.194213
-0.194917
-0.195935
-0.196639
-0.197031
-0.197344
-0.197813
-0.198361
-0.198987
-0.200083
-0.200475
-0.201570
-0.202353
-0.203449
-0.204075
-0.204466
-0.204779
-0.205249
-0.206110
-0.206814
-0.207049
-0.207832
-0.208615
-0.209476
-0.210024
-0.210571
-0.211276
-0.211511
-0.211745
-0.212841
-0.213389
-0.213937
-0.214328
-0.215502
-0.216129
-0.216755
-0.217616
-0.217537
-0.218398
-0.218868
-0.219807
-0.220199
-0.220668
-0.221686
-0.222860
-0.223173
-0.223642
-0.224190
-0.224269
-0.224738
-0.225521
-0.226147
-0.226852
-0.227399
-0.228104
-0.228808
-0.229200
-0.230061
-0.230452
-0.230765
-0.231626
-0.232174
-0.232565
-0.233191
-0.233896
-0.234600
-0.235070
-0.235461
-0.235853
-0.236166
-0.237105
-0.237809
-0.238122
-0.238592
-0.239296
-0.240314
-0.241097
-0.241410
-0.241801
-0.242662
-0.242584
-0.243680
-0.244306
-0.244540
-0.245245
-0.245558
-0.246341
-0.246889
-0.247358
-0.247515
-0.247906
-0.248611
-0.249237
-0.249706
-0.250098
-0.251037
-0.251507
-0.251663
-0.252446
-0.252837
-0.253150
-0.253698
-0.254168
-0.254794
-0.255263
-0.255498
-0.255890
-0.256594
-0.257142
-0.257533
-0.258003
-0.257925
-0.258707
-0.259255
-0.259490
-0.260038
-0.260664
-0.260899
-0.261760
-0.262386
-0.262621
-0.263247
-0.263482
-0.263951
-0.264578
-0.264812
-0.265204
-0.265908
-0.266143
-0.266534
-0.266769
-0.267004
-0.267395
-0.267630
-0.268335
-0.268648
-0.269352
-0.269352
-0.270135
-0.270213
-0.270683
-0.271230
-0.271544
-0.272013
-0.272170
-0.272718
-0.272796
-0.273422
-0.273813
-0.274205
-0.274205
-0.274440
-0.275066
-0.275222
-0.275535
-0.276161
-0.276396
-0.276709
-0.276944
-0.277101
-0.277257
-0.277883
-0.278197
-0.278197
-0.278901
-0.279214
-0.279449
-0.279840
-0.280310
-0.280545
-0.281249
-0.281406
-0.282032
-0.281797
-0.282345
-0.282658
-0.282893
-0.283128
-0.283362
-0.283910
-0.283910
-0.284223
-0.284302
-0.284380
-0.285084
-0.284928
-0.285476
-0.285554
-0.285867
-0.286258
-0.286180
-0.286650
-0.286650
-0.286571
-0.287119
-0.287198
-0.287511
-0.287589
-0.287824
-0.287980
-0.288293
-0.288685
-0.288685
-0.288919
-0.288841
-0.289076
-0.289233
-0.289546
-0.289702
-0.289702
-0.290094
-0.290094
-0.290094
-0.290720
-0.290954
-0.291111
-0.291502
-0.291581
-0.291737
-0.291581
-0.292129
-0.292285
-0.292129
-0.292285
-0.292520
-0.292363
-0.292520
-0.292676
-0.292676
-0.292833
-0.292911
-0.292989
-0.293303
-0.293146
-0.293146
-0.293694
-0.293303
-0.293537
-0.293537
-0.294007
-0.294085
-0.294007
-0.294164
-0.294164
-0.294398
-0.294242
-0.294398
-0.294555
-0.294790
-0.294711
-0.294555
-0.294555
-0.295025
-0.294633
-0.295025
-0.295103
-0.295025
-0.295025
-0.294946
-0.295259
-0.295338
-0.295416
-0.295338
-0.295338
-0.295416
-0.296042
-0.295885
-0.295729
-0.295729
-0.295651
-0.295572
-0.295729
-0.295572
-0.295338
-0.295572
-0.295494
-0.295807
-0.295651
-0.295572
-0.295494
-0.295494
-0.295964
-0.295729
-0.295729
-0.295651
-0.295651
-0.295651
-0.295729
-0.295729
-0.295729
-0.295494
-0.295572
-0.295729
-0.295729
-0.295572
-0.295416
-0.295807
-0.295651
-0.295572
-0.295729
-0.295572
-0.295494
-0.295259
-0.295416
-0.295729
-0.295494
-0.295259
-0.295651
-0.295494
-0.295572
-0.295729
-0.295729
-0.295416
-0.295025
-0.295103
-0.295338
-0.295103
-0.294946
-0.295025
-0.294946
-0.295025
-0.295259
-0.295103
-0.295103
-0.294868
-0.294790
-0.295025
-0.294868
-0.294711
-0.294633
-0.294555
-0.294711
-0.294790
-0.294868
-0.294946
-0.294790
-0.294868
-0.294790
-0.294711
-0.294555
-0.294477
-0.294320
-0.294477
-0.294633
-0.294790
-0.294320
-0.294633
-0.294242
-0.294477
-0.294242
-0.294477
-0.294164
-0.294320
-0.294242
-0.294007
-0.294164
-0.294477
-0.294085
-0.293929
-0.293694
-0.293616
-0.293850
-0.293694
-0.293459
-0.294007
-0.293772
-0.293772
-0.293694
-0.293303
-0.293459
-0.293537
-0.293303
-0.293303
-0.293146
-0.293146
-0.293224
-0.293381
-0.293459
-0.293381
-0.293224
-0.293068
-0.293068
-0.292989
-0.292676
-0.292755
-0.292833
-0.292755
-0.292833
-0.293224
-0.292911
-0.292989
-0.292833
-0.292598
-0.292520
-0.292285
-0.292285
-0.292598
-0.292676
-0.292520
-0.292598
-0.292676
-0.292442
-0.292207
-0.292129
-0.292129
-0.292442
-0.292598
-0.292285
-0.292285
-0.292363
-0.292442
-0.292442
-0.292442
-0.292129
-0.292050
-0.292285
-0.291972
-0.292129
-0.292129
-0.291972
-0.292442
-0.292285
-0.292442
-0.292285
-0.291894
-0.291659
-0.292129
-0.291815
-0.291972
-0.292207
-0.291972
-0.292363
-0.292363
-0.292676
-0.292050
-0.291972
-0.291815
-0.292129
-0.291972
-0.291972
-0.292050
-0.292363
-0.292207
-0.292207
-0.292442
-0.292442
-0.292285
-0.291972
-0.292285
-0.292129
-0.292050
-0.292285
-0.292207
-0.292442
-0.292442
-0.292442
-0.292442
-0.292285
-0.292363
-0.292207
-0.292285
-0.292442
-0.292207
-0.292363
-0.292285
-0.292676
-0.292520
-0.292676
-0.292598
-0.292520
-0.292442
-0.292207
-0.292442
-0.292363
-0.292676
-0.292755
-0.292833
-0.293068
-0.293303
-0.292989
-0.292911
-0.293146
-0.293224
-0.293381
-0.293146
-0.293068
-0.293459
-0.293459
-0.293224
-0.293224
-0.293068
-0.293146
-0.293303
-0.293537
-0.293537
-0.293381
-0.293459
-0.293850
-0.293929
-0.293694
-0.293850
-0.293694
-0.293537
-0.293772
-0.293537
-0.293772
-0.293929
-0.294164
-0.294320
-0.293929
-0.294242
-0.294477
-0.294398
-0.294320
-0.294398
-0.294555
-0.294555
-0.294477
-0.294477
-0.294790
-0.295181
-0.295025
-0.295494
-0.295259
-0.295181
-0.295416
-0.295259
-0.295416
-0.295572
-0.295572
-0.295494
-0.295807
-0.295964
-0.295964
-0.295964
-0.296042
-0.296355
-0.296746
-0.296590
-0.296355
-0.296512
-0.296825
-0.297294
-0.297294
-0.297060
-0.297294
-0.297294
-0.297294
-0.297529
-0.297373
-0.297294
-0.297451
-0.297451
-0.297920
-0.298077
-0.297999
-0.297999
-0.297686
-0.297842
-0.297920
-0.298155
-0.298390
-0.298390
-0.298312
-0.298703
-0.298860
-0.298781
-0.298938
-0.299016
-0.299095
-0.299329
-0.299408
-0.299408
-0.299721
-0.299799
-0.299799
-0.299877
-0.300112
-0.300347
-0.300425
-0.300347
-0.300269
-0.300582
-0.300816
-0.300895
-0.300738
-0.301051
-0.301443
-0.301208
-0.301677
-0.301756
-0.301599
-0.301834
-0.301991
-0.302069
-0.301834
-0.302225
-0.302617
-0.302695
-0.302695
-0.302851
-0.302773
-0.303165
-0.303165
-0.303321
-0.303321
-0.303712
-0.303791
-0.304104
-0.303712
-0.304260
-0.304260
-0.304339
-0.304339
-0.304417
-0.304887
-0.304730
-0.304965
-0.305278
-0.305278
-0.305434
-0.305904
-0.305747
-0.306061
-0.306061
-0.306139
-0.306139
-0.306608
-0.306452
-0.306608
-0.306843
-0.307078
-0.307000
-0.307548
-0.307391
-0.307313
-0.307704
-0.307548
-0.308017
-0.307861
-0.307939
-0.308096
-0.308096
-0.308409
-0.308409
-0.308643
-0.308800
-0.308878
-0.309035
-0.309426
-0.309583
-0.309583
-0.309974
-0.309818
-0.310052
-0.310365
-0.310444
-0.310678
-0.310365
-0.310757
-0.311226
-0.311461
-0.311461
-0.311931
-0.311774
-0.311539
-0.311696
-0.312009
-0.312087
-0.312166
-0.312400
-0.312713
-0.313105
-0.313105
-0.313731
-0.313340
-0.313261
-0.313574
-0.313966
-0.313653
-0.314122
-0.314122
-0.314435
-0.314592
-0.314748
-0.314905
-0.315140
-0.315218
-0.315296
-0.315453
-0.315531
-0.315766
-0.316001
-0.315923
-0.316157
-0.316314
-0.316705
-0.317175
-0.316784
-0.317253
-0.317175
-0.317410
-0.317331
-0.317958
-0.317958
-0.318192
-0.318505
-0.318584
-0.318740
-0.318975
-0.319053
-0.319210
-0.319601
-0.319601
-0.319445
-0.320071
-0.320462
-0.320775
-0.320540
-0.321167
-0.321323
-0.321401
-0.321480
-0.321949
-0.321871
-0.321871
-0.322106
-0.322654
-0.322732
-0.323123
-0.323202
-0.323358
-0.323750
-0.323593
-0.323906
-0.323750
-0.324454
-0.324376
-0.324376
-0.324532
-0.325002
-0.325237
-0.325315
-0.325628
-0.325628
-0.325863
-0.325941
-0.326332
-0.326489
-0.326724
-0.326724
-0.327115
-0.327193
-0.327585
-0.327663
-0.327898
-0.327898
-0.328133
-0.328367
-0.328289
-0.328837
-0.329228
-0.329072
-0.329463
-0.329620
-0.329385
-0.329855
-0.330246
-0.330481
-0.330559
-0.330872
-0.330950
-0.331029
-0.331577
-0.331655
-0.332124
-0.332124
-0.332359
-0.332672
-0.332516
-0.332359
-0.333064
-0.333142
-0.333533
-0.333768
-0.334003
-0.334238
-0.334551
-0.334472
-0.335099
-0.335490
-0.335412
-0.335333
-0.335333
-0.335725
-0.335881
-0.336194
-0.336508
-0.336977
-0.337447
-0.337368
-0.337447
-0.337603
-0.337838
-0.337995
-0.338308
-0.338386
-0.338777
-0.339012
-0.339247
-0.339560
-0.339795
-0.339795
-0.340264
-0.340186
-0.340812
-0.340891
-0.341125
-0.341360
-0.341517
-0.341986
-0.342378
-0.342221
-0.342613
-0.342847
-0.342847
-0.343239
-0.343239
-0.343474
-0.343787
-0.344178
-0.344178
-0.344178
-0.344491
-0.344726
-0.344961
-0.345352
-0.345587
-0.345665
-0.346135
-0.345900
-0.346526
-0.346604
-0.346604
-0.347074
-0.347465
-0.347309
-0.347935
-0.348248
-0.348170
-0.348326
-0.348718
-0.349109
-0.348874
-0.349344
-0.349422
-0.349735
-0.349657
-0.350048
-0.350674
-0.350596
-0.350674
-0.351222
-0.351222
-0.351692
-0.352005
-0.352083
-0.352240
-0.352318
-0.352866
-0.352944
-0.353179
-0.353570
-0.353570
-0.353805
-0.354040
-0.354510
-0.354588
-0.354823
-0.355605
-0.355605
-0.355762
-0.356075
-0.356231
-0.356310
-0.356701
-0.357014
-0.357249
-0.357640
-0.357797
-0.358032
-0.358110
-0.358501
-0.358658
-0.358971
-0.359127
-0.359441
-0.359832
-0.360536
-0.360223
-0.360380
-0.360771
-0.360849
-0.361554
-0.361867
-0.362258
-0.362180
-0.362258
-0.362806
-0.362963
-0.363276
-0.363276
-0.363511
-0.363824
-0.364293
-0.364450
-0.364372
-0.364841
-0.365233
-0.365624
-0.365546
-0.366172
-0.366172
-0.366250
-0.366641
-0.367033
-0.367424
-0.367737
-0.367737
-0.367659
-0.368128
-0.368598
-0.368833
-0.368755
-0.369068
-0.369303
-0.369616
-0.369850
-0.370398
-0.370320
-0.370555
-0.370946
-0.371181
-0.371259
-0.371494
-0.371807
-0.372120
-0.372277
-0.372590
-0.372746
-0.373138
-0.373138
-0.373529
-0.373842
-0.374234
-0.374390
-0.374781
-0.375016
-0.374938
-0.375408
-0.375642
-0.375955
-0.376190
-0.376347
-0.376660
-0.376738
-0.377051
-0.377364
-0.377286
-0.377599
-0.378304
-0.377990
-0.378617
-0.378538
-0.378773
-0.379321
-0.379399
-0.379869
-0.380026
-0.380182
-0.380652
-0.380652
-0.380808
-0.381121
-0.381356
-0.381904
-0.382217
-0.382765
-0.382530
-0.383000
-0.383235
-0.383391
-0.383469
-0.383704
-0.383861
-0.384643
-0.384878
-0.384957
-0.385035
-0.385191
-0.385739
-0.385739
-0.386287
-0.386052
-0.386600
-0.386913
-0.387226
-0.387148
-0.387383
-0.387852
-0.388009
-0.388322
-0.388557
-0.388870
-0.388713
-0.389261
-0.389340
-0.389653
-0.389966
-0.390279
-0.390201
-0.390435
-0.390592
-0.391609
-0.391453
-0.391688
-0.392236
-0.392470
-0.392079
-0.392705
-0.393097
-0.393097
-0.393331
-0.393801
-0.393879
-0.394036
-0.394349
-0.394740
-0.394818
-0.395445
-0.395758
-0.395914
-0.396149
-0.396619
-0.396775
-0.396854
-0.397323
-0.397558
-0.397558
-0.397871
-0.398262
-0.398497
-0.398732
-0.398967
-0.399123
-0.399515
-0.399671
-0.400376
-0.400454
-0.400610
-0.400924
-0.401315
-0.401863
-0.401863
-0.402411
-0.402802
-0.402802
-0.403193
-0.403350
-0.403585
-0.403741
-0.404289
-0.404680
-0.404759
-0.405150
-0.405385
-0.405541
-0.406089
-0.406089
-0.406324
-0.406481
-0.406716
-0.407185
-0.407263
-0.407576
-0.407811
-0.408046
-0.408124
-0.408437
-0.408829
-0.409064
-0.409064
-0.409611
-0.409690
-0.409925
-0.410472
-0.410551
-0.410864
-0.411333
-0.411803
-0.412038
-0.412507
-0.412586
-0.412664
-0.412899
-0.413212
-0.413525
-0.413838
-0.413916
-0.414308
-0.414699
-0.414777
-0.415169
-0.415560
-0.415795
-0.415951
-0.416577
-0.416343
-0.416891
-0.416891
-0.417125
-0.417360
-0.417986
-0.417830
-0.418299
-0.418299
-0.418613
-0.418926
-0.419160
-0.419473
-0.419943
-0.420021
-0.419943
-0.420726
-0.421352
-0.421665
-0.421587
-0.421743
-0.422291
-0.422526
-0.422604
-0.423074
-0.423152
-0.423544
-0.423700
-0.423935
-0.424404
-0.424639
-0.425109
-0.425109
-0.425422
-0.425892
-0.426205
-0.426205
-0.426361
-0.426596
-0.426674
-0.427222
-0.427770
-0.428005
-0.428240
-0.428318
-0.428944
-0.429022
-0.429022
-0.429570
-0.429962
-0.429883
-0.430431
-0.430353
-0.430901
-0.431292
-0.431918
-0.432466
-0.432545
-0.432701
-0.432858
-0.433249
-0.433327
-0.433797
-0.433875
-0.434032
-0.434814
-0.435206
-0.435284
-0.435675
-0.435754
-0.435988
-0.436458
-0.436380
-0.436849
-0.437241
-0.437241
-0.437632
-0.437867
-0.438415
-0.438806
-0.438650
-0.439197
-0.439511
-0.439824
-0.440137
-0.440293
-0.440606
-0.440919
-0.441467
-0.441702
-0.442015
-0.442485
-0.442720
-0.443033
-0.443424
-0.443894
-0.444050
-0.444128
-0.444442
-0.444676
-0.444833
-0.445303
-0.445459
-0.445616
-0.446163
-0.446398
-0.446320
-0.446633
-0.447103
-0.447181
-0.447572
-0.448042
-0.448120
-0.448512
-0.448590
-0.449216
-0.449686
-0.449764
-0.449842
-0.450390
-0.450390
-0.450625
-0.451251
-0.451486
-0.451955
-0.452269
-0.452503
-0.452738
-0.453129
-0.453364
-0.453521
-0.453756
-0.453990
-0.454382
-0.454460
-0.454617
-0.455086
-0.455399
-0.455399
-0.456104
-0.456495
-0.456417
-0.457200
-0.457278
-0.457513
-0.457513
-0.458060
-0.458060
-0.458374
-0.458921
-0.459235
-0.459469
-0.459861
-0.460017
-0.460252
-0.460878
-0.460878
-0.461270
-0.461348
-0.461583
-0.462209
-0.462365
-0.462600
-0.463070
-0.463226
-0.463461
-0.464087
-0.464400
-0.464244
-0.464870
-0.465027
-0.465340
-0.465418
-0.465731
-0.466201
-0.466357
-0.466905
-0.466748
-0.467062
-0.467609
-0.467609
-0.467922
-0.468236
-0.468470
-0.468705
-0.469253
-0.469253
-0.469644
-0.469957
-0.470271
-0.470505
-0.470975
-0.471210
-0.471523
-0.472071
-0.472384
-0.472540
-0.472775
-0.473010
-0.473245
-0.473558
-0.473480
-0.474106
-0.474262
-0.474341
-0.474575
-0.475280
-0.475358
-0.475828
-0.476141
-0.476219
-0.476610
-0.477237
-0.477237
-0.477471
-0.477863
-0.478176
-0.478254
-0.478411
-0.478645
-0.478802
-0.479193
-0.479506
-0.479976
-0.480054
-0.480680
-0.480837
-0.481463
-0.481698
-0.481698
-0.482089
-0.482559
-0.482715
-0.483107
-0.483263
-0.483655
-0.483811
-0.483811
-0.484124
-0.484594
-0.485377
-0.485455
-0.485533
-0.485925
-0.486316
-0.486472
-0.486786
-0.486394
-0.487020
-0.487255
-0.487333
-0.487803
-0.488038
-0.488429
-0.488899
-0.488977
-0.489212
-0.489603
-0.489760
-0.489916
-0.490386
-0.490934
-0.491403
-0.491325
-0.491560
-0.492186
-0.492264
-0.492734
-0.492969
-0.493282
-0.493360
-0.493908
-0.493752
-0.493986
-0.494299
-0.494847
-0.495082
-0.495160
-0.495787
-0.495865
-0.496178
-0.496413
-0.496647
-0.496726
-0.497039
-0.497587
-0.497822
-0.498135
-0.498604
-0.498839
-0.498683
-0.499230
-0.499387
-0.499857
-0.499935
-0.500404
-0.500796
-0.500952
-0.501344
-0.501657
-0.501892
-0.502048
-0.502518
-0.503144
-0.503066
-0.503066
-0.503614
-0.504005
-0.504318
-0.504709
-0.504866
-0.505179
-0.505257
-0.505649
-0.506040
-0.506275
-0.506353
-0.506823
-0.506901
-0.507527
-0.507605
-0.507684
-0.507918
-0.508545
-0.508701
-0.509014
-0.508936
-0.509405
-0.509640
-0.509953
-0.510580
-0.510736
-0.511049
-0.511440
-0.511754
-0.511988
-0.512145
-0.512615
-0.513084
-0.513162
-0.513476
-0.513945
-0.514258
-0.514336
-0.514728
-0.514963
-0.515119
-0.515432
-0.515745
-0.515824
-0.516215
-0.516763
-0.516763
-0.517232
-0.517467
-0.517859
-0.518093
-0.518172
-0.518485
-0.519033
-0.519033
-0.519581
-0.519815
-0.519894
-0.520363
-0.521068
-0.521224
-0.521616
-0.522085
-0.522320
-0.522711
-0.522868
-0.523103
-0.523651
-0.523964
-0.524120
-0.524355
-0.524668
-0.525059
-0.525216
-0.525529
-0.525842
-0.526077
-0.526390
-0.526781
-0.527016
-0.527486
-0.527642
-0.528112
-0.528582
-0.528660
-0.528895
-0.529129
-0.529286
-0.529521
-0.529834
-0.530382
-0.530460
-0.531086
-0.531321
-0.531321
-0.531947
-0.532104
-0.532495
-0.532652
-0.532886
-0.533278
-0.533669
-0.533826
-0.533982
-0.534217
-0.534530
-0.534765
-0.535000
-0.535156
-0.535626
-0.535704
-0.536409
-0.536487
-0.536956
-0.537035
-0.537191
-0.537661
-0.537583
-0.538052
-0.538052
-0.538757
-0.538913
-0.539305
-0.540009
-0.540400
-0.540322
-0.540479
-0.541105
-0.541183
-0.541653
-0.541887
-0.541653
-0.542592
-0.542905
-0.542905
-0.543453
-0.543766
-0.544001
-0.544157
-0.544470
-0.544862
-0.545097
-0.545410
-0.545801
-0.546114
-0.546114
-0.546584
-0.547053
-0.547288
-0.547601
-0.547836
-0.548306
-0.548462
-0.548853
-0.549088
-0.549558
-0.549793
-0.550184
-0.550184
-0.550732
-0.551045
-0.551671
-0.551436
-0.552063
-0.551906
-0.552532
-0.552767
-0.553393
-0.553471
-0.553550
-0.553941
-0.554411
-0.554802
-0.554567
-0.555037
-0.555272
-0.555663
-0.556211
-0.556133
-0.556289
-0.556680
-0.556994
-0.557541
-0.557776
-0.557854
-0.558246
-0.558715
-0.558872
-0.559263
-0.559420
-0.560046
-0.560359
-0.560985
-0.560829
-0.560985
-0.561142
-0.561533
-0.561846
-0.562472
-0.562707
-0.563020
-0.562864
-0.563490
-0.563881
-0.563881
-0.564273
-0.564429
-0.564429
-0.564899
-0.565055
-0.565368
-0.565916
-0.566308
-0.566542
-0.567012
-0.566856
-0.567169
-0.567482
-0.567873
-0.568343
-0.568421
-0.568812
-0.568891
-0.569282
-0.569673
-0.569751
-0.570456
-0.570691
-0.570847
-0.571160
-0.571395
-0.571630
-0.571708
-0.572100
-0.572491
-0.572569
-0.573117
-0.573195
-0.573822
-0.573743
-0.574291
-0.574604
-0.574448
-0.574682
-0.575152
-0.575309
-0.575543
-0.576091
-0.576326
-0.576404
-0.576874
-0.577031
-0.577344
-0.577813
-0.577970
-0.578126
-0.578753
-0.578831
-0.579144
-0.579379
-0.579457
-0.579927
-0.580161
-0.580240
-0.581022
-0.581414
-0.581727
-0.581727
-0.582040
-0.582196
-0.582509
-0.582744
-0.583214
-0.583762
-0.583370
-0.583762
-0.584231
-0.584544
-0.584779
-0.585405
-0.585562
-0.585797
-0.585953
-0.586345
-0.586345
-0.586579
-0.587440
-0.587597
-0.587675
-0.588067
-0.588380
-0.588771
-0.589084
-0.589397
-0.589475
-0.589789
-0.590415
-0.590650
-0.590963
-0.590963
-0.591119
-0.591510
-0.591745
-0.592215
-0.592763
-0.593076
-0.593232
-0.593546
-0.593937
-0.593780
-0.594172
-0.594641
-0.595033
-0.595111
-0.595894
-0.596128
-0.596441
-0.596755
-0.596833
-0.597068
-0.597146
-0.597537
-0.597929
-0.598085
-0.598555
-0.598633
-0.598790
-0.599181
-0.599572
-0.599885
-0.600198
-0.600825
-0.600903
-0.601451
-0.601920
-0.602233
-0.602703
-0.602781
-0.603094
-0.603564
-0.603799
-0.604112
-0.604425
-0.604816
-0.605051
-0.605599
-0.605599
-0.605756
-0.606147
-0.606695
-0.606851
-0.606930
-0.607008
-0.607556
-0.607947
-0.607947
-0.608338
-0.608730
-0.609121
-0.609199
-0.609747
-0.609747
-0.610217
-0.610374
-0.610687
-0.610687
-0.611156
-0.611391
-0.612095
-0.612095
-0.612487
-0.612800
-0.613269
-0.613269
-0.613739
-0.614130
-0.614209
-0.614365
-0.614757
-0.614991
-0.615226
-0.615696
-0.616165
-0.616322
-0.616713
-0.617105
-0.617105
-0.617418
-0.617731
-0.618044
-0.618200
-0.618748
-0.618983
-0.619061
-0.619218
-0.619766
-0.619766
-0.620236
-0.620314
-0.620862
-0.621253
-0.621566
-0.621644
-0.621957
-0.622114
-0.622740
-0.623053
-0.623210
-0.623601
-0.623836
-0.624306
-0.624462
-0.624775
-0.625166
-0.625558
-0.625793
-0.625871
-0.626184
-0.626654
-0.626967
-0.627123
-0.627593
-0.627749
-0.627984
-0.628610
-0.628532
-0.628923
-0.629002
-0.629471
-0.629706
-0.629628
-0.630019
-0.630567
-0.630724
-0.631193
-0.631585
-0.631898
-0.631976
-0.632289
-0.632759
-0.632680
-0.633150
-0.633228
-0.633620
-0.634011
-0.634089
-0.634324
-0.635107
-0.635185
-0.635498
-0.635733
-0.636046
-0.636594
-0.637142
-0.637064
-0.637298
-0.637690
-0.638081
-0.638159
-0.638629
-0.638785
-0.639020
-0.639490
-0.639881
-0.639881
-0.640429
-0.640977
-0.641134
-0.641368
-0.641603
-0.641838
-0.642073
-0.642386
-0.643012
-0.642934
-0.643403
-0.643560
-0.643951
-0.644343
-0.644656
-0.644812
-0.645125
-0.645595
-0.645908
-0.646143
-0.646534
-0.646691
-0.647082
-0.647317
-0.647786
-0.648021
-0.648178
-0.648413
-0.649039
-0.648961
-0.649352
-0.649665
-0.649743
-0.650369
-0.650682
-0.650917
-0.651387
-0.651543
-0.651856
-0.652326
-0.652717
-0.652796
-0.652952
-0.653187
-0.653813
-0.653970
-0.654126
-0.654909
-0.654909
-0.655066
-0.655457
-0.655692
-0.656318
