-0.550027
-0.550341
-0.550810
-0.550967
-0.551515
-0.551828
-0.552376
-0.552376
-0.552689
-0.552923
-0.553237
-0.553393
-0.553863
-0.554254
-0.554567
-0.554567
-0.554958
-0.555428
-0.555898
-0.555976
-0.556133
-0.556524
-0.556837
-0.557385
-0.557463
-0.557776
-0.557776
-0.558168
-0.558402
-0.558950
-0.558950
-0.559107
-0.559811
-0.560124
-0.559889
-0.560437
-0.560829
-0.560829
-0.561377
-0.562003
-0.561768
-0.562316
-0.562551
-0.563099
-0.563020
-0.563333
-0.563568
-0.564194
-0.564038
-0.564664
-0.564899
-0.564899
-0.565525
-0.565603
-0.565995
-0.566308
-0.566621
-0.566856
-0.567012
-0.567482
-0.567403
-0.567873
-0.568186
-0.568499
-0.568734
-0.569047
-0.569204
-0.569751
-0.569595
-0.570065
-0.570769
-0.570926
-0.570926
-0.571395
-0.571787
-0.571865
-0.572021
-0.572178
-0.572882
-0.573117
-0.573430
-0.573822
-0.573978
-0.574291
-0.574761
-0.574839
-0.574917
-0.575465
-0.575543
-0.575700
-0.575857
-0.576326
-0.576639
-0.576874
-0.577187
-0.577500
-0.577735
-0.578048
-0.578283
-0.578518
-0.578518
-0.578831
-0.579222
-0.579535
-0.580005
-0.580318
-0.580396
-0.580788
-0.580788
-0.581414
-0.581492
-0.582196
-0.582275
-0.582275
-0.583057
-0.582979
-0.583292
-0.583527
-0.584231
-0.584388
-0.584779
-0.584779
-0.585249
-0.585562
-0.585719
-0.586032
-0.586110
-0.586736
-0.586971
-0.587127
-0.587362
-0.587519
-0.588223
-0.588223
-0.588301
-0.588458
-0.588928
-0.589241
-0.589397
-0.589632
-0.590180
-0.590571
-0.590650
-0.590806
-0.590963
-0.591902
-0.591902
-0.592137
-0.592215
-0.592998
-0.593154
-0.593311
-0.593624
-0.594093
-0.594328
-0.594563
-0.594798
-0.594876
-0.595346
-0.595659
-0.596128
-0.596050
-0.596363
-0.596755
-0.597068
-0.597224
-0.597772
-0.597929
-0.598085
-0.598476
-0.598790
-0.598946
-0.599416
-0.599572
-0.599807
-0.600120
-0.600355
-0.601294
-0.601529
-0.601842
-0.601920
-0.602547
-0.602860
-0.603094
-0.603407
-0.603721
-0.604112
-0.604425
-0.604660
-0.604973
-0.605129
-0.605756
-0.605990
-0.606303
-0.606538
-0.606617
-0.607164
-0.607478
-0.607869
-0.607712
-0.608260
-0.608730
-0.608965
-0.609043
-0.609513
-0.609904
-0.609826
-0.610217
-0.610295
-0.611078
-0.611391
-0.611548
-0.611939
-0.612330
-0.612252
-0.612565
-0.613113
-0.613583
-0.613661
-0.614052
-0.614600
-0.614757
-0.614600
-0.614991
-0.615383
-0.615696
-0.616009
-0.616713
-0.616870
-0.616713
-0.617340
-0.617574
-0.618200
-0.618200
-0.618514
-0.618827
-0.619296
-0.619375
-0.619688
-0.619844
-0.620549
-0.620470
-0.621018
-0.620862
-0.621488
-0.621723
-0.622192
-0.622427
-0.622740
-0.623131
-0.622975
-0.623445
-0.623836
-0.624149
-0.624306
-0.624697
-0.624932
-0.625166
-0.625401
-0.626027
-0.626262
-0.626419
-0.626888
-0.627202
-0.627202
-0.627749
-0.627984
-0.627984
-0.628219
-0.629002
-0.629158
-0.629550
-0.629784
-0.629863
-0.630176
-0.630645
-0.630958
-0.630958
-0.631819
-0.631976
-0.632211
-0.632367
-0.632602
-0.633150
-0.633463
-0.633463
-0.634011
-0.634559
-0.634481
-0.634950
-0.635342
-0.635263
-0.635811
-0.636124
-0.636359
-0.636907
-0.637064
-0.637142
-0.637455
-0.638081
-0.638159
-0.638394
-0.638785
-0.638785
-0.639177
-0.639490
-0.639803
-0.640273
-0.640586
-0.640586
-0.641055
-0.641447
-0.641603
-0.641916
-0.642464
-0.642621
-0.642934
-0.643482
-0.643638
-0.643795
-0.644030
-0.644499
-0.644734
-0.645360
-0.645360
-0.645595
-0.645830
-0.646299
-0.646612
-0.647160
-0.647317
-0.647552
-0.647708
-0.648100
-0.648256
-0.648569
-0.648882
-0.649195
-0.649508
-0.650056
-0.650056
-0.650448
-0.650682
-0.651152
-0.651387
-0.651465
-0.652091
-0.652170
-0.652483
-0.652717
-0.653031
-0.653344
-0.653813
-0.654205
-0.654361
-0.654752
-0.655535
-0.655770
-0.656005
-0.656240
-0.656318
-0.656396
-0.656709
-0.657257
-0.657257
-0.657648
-0.657883
-0.658353
-0.658666
-0.658901
-0.659214
-0.659605
-0.659840
-0.660075
-0.660310
-0.660936
-0.661092
-0.661718
-0.661875
-0.662266
-0.662893
-0.662971
-0.662971
-0.663440
-0.663754
-0.663988
-0.663988
-0.664458
-0.664301
-0.664301
-0.664458
-0.664458
-0.664458
-0.664536
-0.664301
-0.664458
-0.664145
-0.664067
-0.663988
-0.663754
-0.663754
-0.663519
-0.663284
-0.663284
-0.662893
-0.662736
-0.662658
-0.662188
-0.662266
-0.661640
-0.661249
-0.661092
-0.661014
-0.660544
-0.660544
-0.659997
-0.659918
-0.659449
-0.659292
-0.658901
-0.658509
-0.658196
-0.658275
-0.657492
-0.657257
-0.656866
-0.656709
-0.656474
-0.656005
-0.655535
-0.654987
-0.654831
-0.654674
-0.654205
-0.654126
-0.653500
-0.653187
-0.653109
-0.652561
-0.652170
-0.651935
-0.651465
-0.650996
-0.651074
-0.650291
-0.650448
-0.649821
-0.649195
-0.648961
-0.648647
-0.648726
-0.648256
-0.647786
-0.647552
-0.647395
-0.646769
-0.646847
-0.646221
-0.645908
-0.645751
-0.645282
-0.645047
-0.644656
-0.644186
-0.643951
-0.643795
-0.643482
-0.643012
-0.642699
-0.642621
-0.642073
-0.641603
-0.641368
-0.640899
-0.640507
-0.639881
-0.639646
-0.639646
-0.639568
-0.638785
-0.638629
-0.638394
-0.638238
-0.637924
-0.637455
-0.637455
-0.636750
-0.636516
-0.636203
-0.635655
-0.635263
-0.634872
-0.634872
-0.634168
-0.633776
-0.633620
-0.633150
-0.632993
-0.632680
-0.632446
-0.631976
-0.631428
-0.631037
-0.631037
-0.630489
-0.630097
-0.629706
-0.629158
-0.629002
-0.628454
-0.628219
-0.627828
-0.627671
-0.627280
-0.626888
-0.626654
-0.626419
-0.625871
-0.625558
-0.625401
-0.625088
-0.624697
-0.624306
-0.624071
-0.623679
-0.623445
-0.622897
-0.622740
-0.622349
-0.621801
-0.621879
-0.621175
-0.620862
-0.620549
-0.620157
-0.619922
-0.619218
-0.618983
-0.618983
-0.618435
-0.618357
-0.617809
-0.617340
-0.617105
-0.616713
-0.616557
-0.616400
-0.616009
-0.615696
-0.615148
-0.615148
-0.614365
-0.614287
-0.614052
-0.613583
-0.613504
-0.613113
-0.612565
-0.612174
-0.611861
-0.611782
-0.611078
-0.611000
-0.610530
-0.610295
-0.610139
-0.609591
-0.609199
-0.609043
-0.608573
-0.608104
-0.607947
-0.607478
-0.607086
-0.606851
-0.606382
-0.606147
-0.605521
-0.605208
-0.605208
-0.604816
-0.604582
-0.604112
-0.603721
-0.603486
-0.603094
-0.602625
-0.602233
-0.601999
-0.601607
-0.601294
-0.601059
-0.600355
-0.600042
-0.599572
-0.599337
-0.598790
-0.598476
-0.598085
-0.597772
-0.597537
-0.597381
-0.596989
-0.596441
-0.596128
-0.596050
-0.595424
-0.594954
-0.595033
-0.594485
-0.594250
-0.593780
-0.593546
-0.593076
-0.592763
-0.592371
-0.592058
-0.591745
-0.591824
-0.591197
-0.590806
-0.590415
-0.590102
-0.589554
-0.589397
-0.589241
-0.588771
-0.588615
-0.588301
-0.587832
-0.587127
-0.587049
-0.586658
-0.586266
-0.586032
-0.585405
-0.585327
-0.584936
-0.584858
-0.584388
-0.584075
-0.583762
-0.583057
-0.583057
-0.582509
-0.582275
-0.581727
-0.581648
-0.581179
-0.580944
-0.580318
-0.580318
-0.580083
-0.579692
-0.579379
-0.579222
-0.578596
-0.578361
-0.578205
-0.577892
-0.577265
-0.577187
-0.576483
-0.576326
-0.576013
-0.575622
-0.575622
-0.574839
-0.574526
-0.574682
-0.573900
-0.573743
-0.573587
-0.573430
-0.572961
-0.572491
-0.572021
-0.571630
-0.571395
-0.570691
-0.570456
-0.570299
-0.569986
-0.569673
-0.569204
-0.568891
-0.568656
-0.568499
-0.567951
-0.567403
-0.567325
-0.567325
-0.566464
-0.566151
-0.565916
-0.565447
-0.565212
-0.564742
-0.564273
-0.564116
-0.563568
-0.563568
-0.563255
-0.562707
-0.562394
-0.562159
-0.561846
-0.561690
-0.561611
-0.561220
-0.560907
-0.560594
-0.559889
-0.559420
-0.559029
-0.558950
-0.558168
-0.558089
-0.557541
-0.557541
-0.557228
-0.556837
-0.556680
-0.556054
-0.555741
-0.555585
-0.555428
-0.554802
-0.554724
-0.554019
-0.553706
-0.553706
-0.553393
-0.553158
-0.552610
-0.552297
-0.551906
-0.551671
-0.551436
-0.550967
-0.550497
-0.550497
-0.550106
-0.549558
-0.549401
-0.548932
-0.549010
-0.548540
-0.548227
-0.547914
-0.547445
-0.547053
-0.546662
-0.546740
-0.546192
-0.545644
-0.545644
-0.545097
-0.544940
-0.544705
-0.544079
-0.543922
-0.543453
-0.543296
-0.542748
-0.542435
-0.542122
-0.541653
-0.541183
-0.541026
-0.540948
-0.540557
-0.540400
-0.539696
-0.539539
-0.539461
-0.538678
-0.538678
-0.538287
-0.537974
-0.537583
-0.537426
-0.536956
-0.536800
-0.536643
-0.536487
-0.535939
-0.535782
-0.535235
-0.534843
-0.534608
-0.534217
-0.533826
-0.533199
-0.533356
-0.533121
-0.532573
-0.532104
-0.531791
-0.531321
-0.531008
-0.531086
-0.530460
-0.530304
-0.529912
-0.529599
-0.529208
-0.529129
-0.528738
-0.528660
-0.528268
-0.527955
-0.527642
-0.527173
-0.526781
-0.526547
-0.526547
-0.526155
-0.526077
-0.525451
-0.525529
-0.524825
-0.524512
-0.524198
-0.523651
-0.523494
-0.523103
-0.522711
-0.522477
-0.521929
-0.521772
-0.521224
-0.520911
-0.520833
-0.519894
-0.519815
-0.519502
-0.519033
-0.518485
-0.518563
-0.518015
-0.517859
-0.517389
-0.516919
-0.517076
-0.516371
-0.516606
-0.515980
-0.515745
-0.515589
-0.514963
-0.514571
-0.514180
-0.514023
-0.513789
-0.513319
-0.513162
-0.512928
-0.512928
-0.512301
-0.511988
-0.512067
-0.511754
-0.511206
-0.511049
-0.510814
-0.510188
-0.509875
-0.509640
-0.509171
-0.508310
-0.508466
-0.508310
-0.508153
-0.507762
-0.507605
-0.507292
-0.507214
-0.506666
-0.506509
-0.506040
-0.505649
-0.505727
-0.505022
-0.504709
-0.504474
-0.504005
-0.503848
-0.503535
-0.503300
-0.502753
-0.502361
-0.501970
-0.501735
-0.501813
-0.501031
-0.500639
-0.500091
-0.499857
-0.499543
-0.498839
-0.498917
-0.498917
-0.498448
-0.498135
-0.497587
-0.497274
-0.497117
-0.496726
-0.496413
-0.495708
-0.495865
-0.495395
-0.495160
-0.494612
-0.494221
-0.494456
-0.494065
-0.493752
-0.493438
-0.493125
-0.492891
-0.492577
-0.492186
-0.491717
-0.491325
-0.491012
-0.490699
-0.490464
-0.489995
-0.489681
-0.489447
-0.488977
-0.488742
-0.488273
-0.488116
-0.487881
-0.487333
-0.487099
-0.487020
-0.486394
-0.486081
-0.485690
-0.485533
-0.485298
-0.484750
-0.484516
-0.484124
-0.484046
-0.483498
-0.483107
-0.482794
-0.482715
-0.482402
-0.482089
-0.481620
-0.481150
-0.480680
-0.480211
-0.479976
-0.479585
-0.479193
-0.479037
-0.478802
-0.478489
-0.478254
-0.477706
-0.477237
-0.476924
-0.476924
-0.476532
-0.476297
-0.475984
-0.475358
-0.474888
-0.474810
-0.474732
-0.474106
-0.473949
-0.473636
-0.473245
-0.473167
-0.472775
-0.472227
-0.471836
-0.471445
-0.471288
-0.470897
-0.470505
-0.470114
-0.469488
-0.469488
-0.468862
-0.468783
-0.468627
-0.468236
-0.468001
-0.467766
-0.467688
-0.467296
-0.466670
-0.466279
-0.466279
-0.466044
-0.465183
-0.465105
-0.464713
-0.464479
-0.464009
-0.463618
-0.463461
-0.463070
-0.462678
-0.462131
-0.462365
-0.461974
-0.461817
-0.461270
-0.460956
-0.460565
-0.460017
-0.459626
-0.459469
-0.459000
-0.458530
-0.458374
-0.457982
-0.457826
-0.457356
-0.457278
-0.456495
-0.456104
-0.455947
-0.455634
-0.455086
-0.454773
-0.454382
-0.454069
-0.453756
-0.453521
-0.452895
-0.452660
-0.452269
-0.452347
-0.451955
-0.451799
-0.451486
-0.451016
-0.450703
-0.450234
-0.449842
-0.449607
-0.449216
-0.448746
-0.448746
-0.448355
-0.448120
-0.447729
-0.447259
-0.446868
-0.446790
-0.446320
-0.446163
-0.445850
-0.445459
-0.445146
-0.444989
-0.444598
-0.444285
-0.443659
-0.443346
-0.443111
-0.442641
-0.442328
-0.441937
-0.441546
-0.441232
-0.440763
-0.440215
-0.440058
-0.439276
-0.439354
-0.439197
-0.438493
-0.438337
-0.438023
-0.437867
-0.437162
-0.437241
-0.436771
-0.436145
-0.435988
-0.435597
-0.435441
-0.434736
-0.434658
-0.434110
-0.433875
-0.433719
-0.433640
-0.433327
-0.432936
-0.432466
-0.432231
-0.431762
-0.431449
-0.431292
-0.430823
-0.430510
-0.430275
-0.430040
-0.429727
-0.429570
-0.429101
-0.428396
-0.428318
-0.428161
-0.427848
-0.427300
-0.427144
-0.426831
-0.426205
-0.426126
-0.425892
-0.425500
-0.425109
-0.425031
-0.424796
-0.424326
-0.424013
-0.423700
-0.423230
-0.422917
-0.422604
-0.422448
-0.421978
-0.421665
-0.421587
-0.420804
-0.420334
-0.419943
-0.420021
-0.419552
-0.419082
-0.418769
-0.418378
-0.418299
-0.417752
-0.417438
-0.417360
-0.416656
-0.416577
-0.416656
-0.415873
-0.415638
-0.415325
-0.415090
-0.414777
-0.414621
-0.414308
-0.414073
-0.413525
-0.413368
-0.412977
-0.412664
-0.412429
-0.412351
-0.411647
-0.411412
-0.410942
-0.410942
-0.410316
-0.410394
-0.410081
-0.409298
-0.409377
-0.408594
-0.408359
-0.408359
-0.407968
-0.407576
-0.407185
-0.406794
-0.406872
-0.406637
-0.406089
-0.405776
-0.405541
-0.405072
-0.404759
-0.404524
-0.404367
-0.404133
-0.403820
-0.403350
-0.402959
-0.402645
-0.402332
-0.402332
-0.401393
-0.401628
-0.401237
-0.400924
-0.400376
-0.399984
-0.399828
-0.399593
-0.399202
-0.398810
-0.398341
-0.398341
-0.398028
-0.397401
-0.397245
-0.396854
-0.396697
-0.396462
-0.396384
-0.395914
-0.395758
-0.395288
-0.395053
-0.394975
-0.394271
-0.393958
-0.394036
-0.393410
-0.393488
-0.393175
-0.393018
-0.392705
-0.392314
-0.391766
-0.391688
-0.391296
-0.390983
-0.390905
-0.390122
-0.389966
-0.389574
-0.389183
-0.388948
-0.388792
-0.388166
-0.388166
-0.388009
-0.387461
-0.387148
-0.386992
-0.386522
-0.386365
-0.386052
-0.385817
-0.385739
-0.385270
-0.385035
-0.384722
-0.384330
-0.384252
-0.383548
-0.383156
-0.383156
-0.382843
-0.382374
-0.382139
-0.382217
-0.381982
-0.381434
-0.381200
-0.381043
-0.380182
-0.380104
-0.379869
-0.379399
-0.379086
-0.378695
-0.378382
-0.377990
-0.377834
-0.377443
-0.377521
-0.376895
-0.376582
-0.376190
-0.375799
-0.375721
-0.375329
-0.375173
-0.374703
-0.374390
-0.374155
-0.373842
-0.373607
-0.373216
-0.373059
-0.372746
-0.372199
-0.371964
-0.371416
-0.371572
-0.371259
-0.370868
-0.370007
-0.369850
-0.369381
-0.369224
-0.368833
-0.368833
-0.368598
-0.368520
-0.367972
-0.367581
-0.367502
-0.366954
-0.366954
-0.366407
-0.365859
-0.365859
-0.365467
-0.365154
-0.364998
-0.364293
-0.364215
-0.364058
-0.363745
-0.363354
-0.363276
-0.362493
-0.362493
-0.362102
-0.361710
-0.361710
-0.361162
-0.361084
-0.360615
-0.359988
-0.359284
-0.359284
-0.358971
-0.358580
-0.358110
-0.357953
-0.357562
-0.357171
-0.357014
-0.356623
-0.356466
-0.355997
-0.355605
-0.355136
-0.354901
-0.354823
-0.354353
-0.353962
-0.353883
-0.353257
-0.353257
-0.352788
-0.352318
-0.351927
-0.352005
-0.351300
-0.351144
-0.350596
-0.350361
-0.349970
-0.350283
-0.349735
-0.349265
-0.348874
-0.348483
-0.348483
-0.347935
-0.347387
-0.347230
-0.346839
-0.346526
-0.346135
-0.346135
-0.345743
-0.345352
-0.345352
-0.345117
-0.344569
-0.344569
-0.344178
-0.343787
-0.343943
-0.343552
-0.342926
-0.342847
-0.342534
-0.342299
-0.341986
-0.341752
-0.341282
-0.341360
-0.340812
-0.340343
-0.340108
-0.339638
-0.339325
-0.338934
-0.338934
-0.338777
-0.338621
-0.338229
-0.337682
-0.337447
-0.337212
-0.336899
-0.336586
-0.336351
-0.335881
-0.335490
-0.335333
-0.335020
-0.334551
-0.334316
-0.334081
-0.333925
-0.333377
-0.333220
-0.333064
-0.332594
-0.332359
-0.331890
-0.331733
-0.331342
-0.331342
-0.330794
-0.330637
-0.330324
-0.330246
-0.329698
-0.329307
-0.329150
-0.328681
-0.328367
-0.328133
-0.327741
-0.327585
-0.327115
-0.327037
-0.326332
-0.326254
-0.325941
-0.325628
-0.325237
-0.324924
-0.324924
-0.324689
-0.324141
-0.323750
-0.323828
-0.323358
-0.323202
-0.323202
-0.322654
-0.322341
-0.322262
-0.321793
-0.321167
-0.320854
-0.320540
-0.320306
-0.319914
-0.319758
-0.319132
-0.318819
-0.318505
-0.318271
-0.318114
-0.317723
-0.317644
-0.317488
-0.317018
-0.316705
-0.316470
-0.316392
-0.316001
-0.315531
-0.315609
-0.315062
-0.314827
-0.314357
-0.314201
-0.313966
-0.313574
-0.313183
-0.313027
-0.312557
-0.312322
-0.312009
-0.312087
-0.311853
-0.311383
-0.311305
-0.310757
-0.310444
-0.309974
-0.310052
-0.309426
-0.309113
-0.308878
-0.308409
-0.308174
-0.307704
-0.307704
-0.307313
-0.307313
-0.306922
-0.306530
-0.306374
-0.305904
-0.305356
-0.305434
-0.305121
-0.304808
-0.304573
-0.303947
-0.303712
-0.303791
-0.303243
-0.303243
-0.302538
-0.302460
-0.302147
-0.301677
-0.301364
-0.301130
-0.301051
-0.300503
-0.300347
-0.300347
-0.299799
-0.299721
-0.299329
-0.298781
-0.298547
-0.297999
-0.298234
-0.297607
-0.297451
-0.297216
-0.296903
-0.296746
-0.296355
-0.296199
-0.296120
-0.295572
-0.295338
-0.295181
-0.294633
-0.294477
-0.294555
-0.294007
-0.293537
-0.293537
-0.293381
-0.293068
-0.292755
-0.292833
-0.292442
-0.292207
-0.291424
-0.291581
-0.290954
-0.290563
-0.290407
-0.290094
-0.290250
-0.289546
-0.289311
-0.289154
-0.288841
-0.288215
-0.288058
-0.287980
-0.287824
-0.287276
-0.287119
-0.287198
-0.286963
-0.286728
-0.286337
-0.286102
-0.285867
-0.285476
-0.285163
-0.284849
-0.284458
-0.284145
-0.283988
-0.283832
-0.283675
-0.283519
-0.283441
-0.283128
-0.282345
-0.282188
-0.282032
-0.281171
-0.281014
-0.280701
-0.280232
-0.280232
-0.280153
-0.279840
-0.279214
-0.279057
-0.278979
-0.278666
-0.278197
-0.277883
-0.277962
-0.277570
-0.277257
-0.277257
-0.276866
-0.276396
-0.276396
-0.276161
-0.275692
-0.275222
-0.274987
-0.274831
-0.274440
-0.274283
-0.273813
-0.273579
-0.273657
-0.273344
-0.273109
-0.272874
-0.272561
-0.272091
-0.271857
-0.271622
-0.271622
-0.271074
-0.270526
-0.270761
-0.270370
-0.269665
-0.269978
-0.269587
-0.269039
-0.269039
-0.268335
-0.268021
-0.267787
-0.267552
-0.267787
-0.267317
-0.267474
-0.266613
-0.266456
-0.266221
-0.265908
-0.265517
-0.265125
-0.265047
-0.264891
-0.264343
-0.264343
-0.264030
-0.264030
-0.263638
-0.263169
-0.263169
-0.262621
-0.262308
-0.262073
-0.261682
-0.261760
-0.261368
-0.261212
-0.260821
-0.260351
-0.260508
-0.260116
-0.259647
-0.259490
-0.259099
-0.258786
-0.258629
-0.258316
-0.258316
-0.257846
-0.257768
-0.257690
-0.257455
-0.256985
-0.256751
-0.256359
-0.256281
-0.256203
-0.255655
-0.255185
-0.254950
-0.254872
-0.254716
-0.254481
-0.254011
-0.253933
-0.253776
-0.253698
-0.253307
-0.252915
-0.252602
-0.252446
-0.252446
-0.251976
-0.251741
-0.251585
-0.251350
-0.251115
-0.251115
-0.250646
-0.250098
-0.249628
-0.249393
-0.249393
-0.249158
-0.248924
-0.248767
-0.248532
-0.248063
-0.247906
-0.247671
-0.247280
-0.247123
-0.246497
-0.246576
-0.246419
-0.246184
-0.245793
-0.245558
-0.245558
-0.245245
-0.245010
-0.244775
-0.244540
-0.244149
-0.243601
-0.243601
-0.243366
-0.243288
-0.243053
-0.242819
-0.242584
-0.242584
-0.242192
-0.242036
-0.241566
-0.241175
-0.240862
-0.240392
-0.240079
-0.239844
-0.239609
-0.239218
-0.239218
-0.238905
-0.238514
-0.238279
-0.238122
-0.237809
-0.237574
-0.237653
-0.237027
-0.236635
-0.236635
-0.236714
-0.236322
-0.236087
-0.235931
-0.235774
-0.235305
-0.234913
-0.234678
-0.234600
-0.234131
-0.234052
-0.233739
-0.233818
-0.233583
-0.233504
-0.233191
-0.232565
-0.232565
-0.232409
-0.232174
-0.231939
-0.232017
-0.231469
-0.231313
-0.231391
-0.230843
-0.230530
-0.230217
-0.230452
-0.229826
-0.229748
-0.229200
-0.229434
-0.229121
-0.228808
-0.228652
-0.228182
-0.227869
-0.227712
-0.227556
-0.227556
-0.227321
-0.226852
-0.226852
-0.226617
-0.225991
-0.225991
-0.225677
-0.225677
-0.225521
-0.225208
-0.224973
-0.224895
-0.224738
-0.224503
-0.223799
-0.223956
-0.223721
-0.223564
-0.223408
-0.223173
-0.223095
-0.222781
-0.222234
-0.222077
-0.222077
-0.221921
-0.221686
-0.221373
-0.221138
-0.220981
-0.220668
-0.220512
-0.220512
-0.219964
-0.219807
-0.220120
-0.219729
-0.219494
-0.218946
-0.218868
-0.218633
-0.218555
-0.218085
-0.218007
-0.218164
-0.217694
-0.217694
-0.217381
-0.217146
-0.217068
-0.216833
-0.216755
-0.216520
-0.216129
-0.216207
-0.215737
-0.215972
-0.215346
-0.215346
-0.214955
-0.215111
-0.214641
-0.214485
-0.214094
-0.214015
-0.213467
-0.213467
-0.213467
-0.213076
-0.212685
-0.212685
-0.212685
-0.212685
-0.212293
-0.212059
-0.211902
-0.211745
-0.211589
-0.211511
-0.211198
-0.211276
-0.210728
-0.210806
-0.210258
-0.210493
-0.210180
-0.209710
-0.209710
-0.209006
-0.209397
-0.208928
-0.208771
-0.208771
-0.208458
-0.208928
-0.208302
-0.208145
-0.207910
-0.207519
-0.207754
-0.207519
-0.207362
-0.207284
-0.207049
-0.206736
-0.206658
-0.206423
-0.206188
-0.206110
-0.205953
-0.205719
-0.205562
-0.205484
-0.205171
-0.204936
-0.205093
-0.204701
-0.204858
-0.204388
-0.204310
-0.204153
-0.203840
-0.203527
-0.203684
-0.203371
-0.203371
-0.203058
-0.202979
-0.202744
-0.202588
-0.202431
-0.202353
-0.202197
-0.201883
-0.201570
-0.201179
-0.201179
-0.201257
-0.201257
-0.200788
-0.200788
-0.200553
-0.200553
-0.200318
-0.199927
-0.199614
-0.199457
-0.199457
-0.199222
-0.198909
-0.198831
-0.198831
-0.198674
-0.198361
-0.198283
-0.198048
-0.197813
-0.197579
-0.197422
-0.197500
-0.197109
-0.197187
-0.196874
-0.197031
-0.196718
-0.196639
-0.196483
-0.196170
-0.196170
-0.195935
-0.195544
-0.195465
-0.195465
-0.195387
-0.195309
-0.195387
-0.195152
-0.194370
-0.194604
-0.194604
-0.194604
-0.194213
-0.194135
-0.194213
-0.194213
-0.194056
-0.194135
-0.193822
-0.193509
-0.193509
-0.193352
-0.193352
-0.193039
-0.192882
-0.192726
-0.192726
-0.192726
-0.192726
-0.192648
-0.192100
-0.191943
-0.191787
-0.191630
-0.191787
-0.191552
-0.191630
-0.191708
-0.191474
-0.191630
-0.191317
-0.191004
-0.190769
-0.190456
-0.190534
-0.190534
-0.190143
-0.190378
-0.190221
-0.190143
-0.190300
-0.190065
-0.189908
-0.189673
-0.189360
-0.189204
-0.189439
-0.189204
-0.189125
-0.189047
-0.189125
-0.189204
-0.188969
-0.188656
-0.188421
-0.188734
-0.188343
-0.188421
-0.188030
-0.188186
-0.188343
-0.188108
-0.188030
-0.187873
-0.187717
-0.187560
-0.187717
-0.187404
-0.186934
-0.187169
-0.187404
-0.186856
-0.187090
-0.187169
-0.186934
-0.186856
-0.187090
-0.186777
-0.186856
-0.186464
-0.186464
-0.186386
-0.186386
-0.186386
-0.186308
-0.186464
-0.186543
-0.186386
-0.186386
-0.186151
-0.185995
-0.186151
-0.186308
-0.186073
-0.186151
-0.185995
-0.185682
-0.186073
-0.186073
-0.185760
-0.185838
-0.185603
-0.185603
-0.185447
-0.185447
-0.185603
-0.184977
-0.185055
-0.185055
-0.184899
-0.184977
-0.184977
-0.185055
-0.184821
-0.184586
-0.184899
-0.184586
-0.184429
-0.184429
-0.184664
-0.184742
-0.184508
-0.184742
-0.184429
-0.184508
-0.184273
-0.184429
-0.184273
-0.184038
-0.184116
-0.184116
-0.184273
-0.184586
-0.184273
-0.183960
-0.184038
-0.184038
-0.184038
-0.184038
-0.183881
-0.184038
-0.183803
-0.183647
-0.183725
-0.183803
-0.183725
-0.183725
-0.183568
-0.183490
-0.183334
-0.183412
-0.183412
-0.183568
-0.183255
-0.183177
-0.183568
-0.183255
-0.183412
-0.182864
-0.183177
-0.183099
-0.183334
-0.183099
-0.183099
-0.183099
-0.182942
-0.183255
-0.183255
-0.183177
-0.183099
-0.183099
-0.182707
-0.183177
-0.183020
-0.183177
-0.183177
-0.183020
-0.183099
-0.182942
-0.183020
-0.183020
-0.183020
-0.182864
-0.183099
-0.183020
-0.183255
-0.182864
-0.182942
-0.183099
-0.182786
-0.183099
-0.182942
-0.182786
-0.182942
-0.182864
-0.182864
-0.182629
-0.182473
-0.182629
-0.182629
-0.182629
-0.182707
-0.182551
-0.182394
-0.182707
-0.182473
-0.182707
-0.182786
-0.182473
-0.182551
-0.182473
-0.182316
-0.182394
-0.182629
-0.182551
-0.182316
-0.182551
-0.182473
-0.182629
-0.182707
-0.182629
-0.182551
-0.182473
-0.182394
-0.182473
-0.182551
-0.182473
-0.182473
-0.182159
-0.182629
-0.182551
-0.182473
-0.182316
-0.182551
-0.182629
-0.182394
-0.182551
-0.182473
-0.182238
-0.182473
-0.182473
-0.182473
-0.182394
-0.182316
-0.182316
-0.182473
-0.182394
-0.182159
-0.182238
-0.182159
-0.182238
-0.182394
-0.182238
-0.181925
-0.182394
-0.182003
-0.182003
-0.181846
-0.182003
-0.182159
-0.182238
-0.182238
-0.182316
-0.182238
-0.182003
-0.182159
-0.181768
-0.181768
-0.181846
-0.181925
-0.182159
-0.182159
-0.182316
-0.181925
-0.181768
-0.181768
-0.181690
-0.181846
-0.181455
-0.181690
-0.181612
-0.181690
-0.181846
-0.181612
-0.181612
-0.181377
-0.181299
-0.181533
-0.181220
-0.181533
-0.181064
-0.181142
-0.180985
-0.181220
-0.181299
-0.181064
-0.181064
-0.180829
-0.180516
-0.180594
-0.180516
-0.180281
-0.180281
-0.180516
-0.180359
-0.180281
-0.180438
-0.180203
-0.179890
-0.180046
-0.179968
-0.180046
-0.179577
-0.180046
-0.180124
-0.179733
-0.179655
-0.179577
-0.179498
-0.179263
-0.179107
-0.179107
-0.179029
-0.178716
-0.178872
-0.178637
-0.178403
-0.178637
-0.178403
-0.178246
-0.178089
-0.178168
-0.178011
-0.177776
-0.177698
-0.177542
-0.177698
-0.177463
-0.177307
-0.177150
-0.177150
-0.176759
-0.176837
-0.176602
-0.176524
-0.176289
-0.176133
-0.176054
-0.175976
-0.175741
-0.175898
-0.175820
-0.175350
-0.174802
-0.174802
-0.174646
-0.174489
-0.174176
-0.174098
-0.174098
-0.173706
-0.173550
-0.173550
-0.173002
-0.172532
-0.172454
-0.172141
-0.172297
-0.171828
-0.172141
-0.171593
-0.171437
-0.171437
-0.170967
-0.170576
-0.170419
-0.169871
-0.170028
-0.169558
-0.169558
-0.169401
-0.169010
-0.168541
-0.168932
-0.168306
-0.167914
-0.167366
-0.167366
-0.167366
-0.166819
-0.166897
-0.166584
-0.166271
-0.166036
-0.165801
-0.165097
-0.164705
-0.164784
-0.164470
-0.163688
-0.163766
-0.163453
-0.163140
-0.162827
-0.162670
-0.162279
-0.161653
-0.161027
-0.160948
-0.160557
-0.160244
-0.159931
-0.159696
-0.159226
-0.158992
-0.158522
-0.157896
-0.157504
-0.157191
-0.156644
-0.156565
-0.156174
-0.155704
-0.155548
-0.155313
-0.154687
-0.154217
-0.153982
-0.153434
-0.153356
-0.152965
-0.152026
-0.151947
-0.151713
-0.151165
-0.151008
-0.150538
-0.150069
-0.149286
-0.148817
-0.148503
-0.148269
-0.147877
-0.147329
-0.147016
-0.146547
-0.146312
-0.145764
-0.144981
-0.144668
-0.144120
-0.143651
-0.143103
-0.142711
-0.142164
-0.141929
-0.141772
-0.141303
-0.140990
-0.140129
-0.139659
-0.139111
-0.138485
-0.138015
-0.137702
-0.137624
-0.136685
-0.136372
-0.136137
-0.135589
-0.134806
-0.134258
-0.134180
-0.133397
-0.132928
-0.132458
-0.132067
-0.131910
-0.131128
-0.130423
-0.129875
-0.129249
-0.128701
-0.128075
-0.127605
-0.127136
-0.126744
-0.126353
-0.126197
-0.125336
-0.124788
-0.124005
-0.123535
-0.122909
-0.122361
-0.121892
-0.121266
-0.120483
-0.120326
-0.119700
-0.119231
-0.118370
-0.117430
-0.116648
-0.115943
-0.115787
-0.115239
-0.114691
-0.113986
-0.113830
-0.113126
-0.112108
-0.111404
-0.110856
-0.110151
-0.109760
-0.109525
-0.108664
-0.108038
-0.107725
-0.107412
-0.106707
-0.105846
-0.104985
-0.104124
-0.103733
-0.103185
-0.102637
-0.101855
-0.101855
-0.101307
-0.100681
-0.099820
-0.099193
-0.098254
-0.097941
-0.097237
-0.096767
-0.096063
-0.095906
-0.095280
-0.094889
-0.094341
-0.093402
-0.092384
-0.091836
-0.091601
-0.091132
-0.090271
-0.089801
-0.089253
-0.088784
-0.088079
-0.087296
-0.086201
-0.085809
-0.085418
-0.084870
-0.084400
-0.083931
-0.082992
-0.082522
-0.082209
-0.081348
-0.080565
-0.079548
-0.078609
-0.078295
-0.077591
-0.077043
-0.076417
-0.076026
-0.075243
-0.074617
-0.073756
-0.073051
-0.072347
-0.071956
-0.071956
-0.071251
-0.070468
-0.069999
-0.069216
-0.068981
-0.067964
-0.067181
-0.066633
-0.066164
-0.065303
-0.064755
-0.063894
-0.063189
-0.062876
-0.062094
-0.061546
-0.060450
-0.059824
-0.059119
-0.058806
-0.058024
-0.057241
-0.056458
-0.055989
-0.055754
-0.054736
-0.053797
-0.053093
-0.052623
-0.052232
-0.051919
-0.051058
-0.050431
-0.049570
-0.049179
-0.048631
-0.047457
-0.046909
-0.046440
-0.045892
-0.045109
-0.044718
-0.043935
-0.043231
-0.042761
-0.042135
-0.040961
-0.040256
-0.039708
-0.039082
-0.038221
-0.037595
-0.037282
-0.036265
-0.035873
-0.035717
-0.034464
-0.033838
-0.033134
-0.033056
-0.032195
-0.031881
-0.031177
-0.030551
-0.030081
-0.029377
-0.028438
-0.027733
-0.027107
-0.026716
-0.026246
-0.025698
-0.024994
-0.024211
-0.023585
-0.023037
-0.022489
-0.021393
-0.020611
-0.020298
-0.019515
-0.019045
-0.018654
-0.017949
-0.017402
-0.016697
-0.016228
-0.015210
-0.014662
-0.014349
-0.013645
-0.013332
-0.012705
-0.012314
-0.011688
-0.011062
-0.010201
-0.009340
-0.008714
-0.008244
-0.007774
-0.007148
-0.006600
-0.005818
-0.005113
-0.004800
-0.004174
-0.003391
-0.002530
-0.002217
-0.001669
-0.001200
-0.000730
0.000131
0.000757
0.000992
0.001775
0.002636
0.003262
0.003496
0.004123
0.004514
0.005218
0.006158
0.006627
0.007253
0.007880
0.008506
0.009054
0.009523
0.009758
0.010541
0.010932
0.011637
0.012576
0.012967
0.013437
0.014376
0.014846
0.015472
0.015863
0.016020
0.016802
0.017429
0.018289
0.018916
0.019542
0.020324
0.020951
0.021420
0.021812
0.021733
0.022438
0.023455
0.024395
0.024708
0.025177
0.026038
0.026899
0.027134
0.027525
0.027917
0.028386
0.029326
0.030186
0.030891
0.031282
0.032065
0.032613
0.033239
0.033474
0.033787
0.034413
0.035117
0.035665
0.036135
0.036918
0.037466
0.038405
0.038718
0.039109
0.039422
0.040127
0.041066
0.041379
0.042005
0.042788
0.043336
0.043649
0.044119
0.044666
0.045058
0.045527
0.045997
0.046623
0.047328
0.047797
0.048658
0.049128
0.049519
0.049910
0.050145
0.050537
0.051398
0.052024
0.052415
0.053041
0.053667
0.053902
0.054685
0.054998
0.055468
0.055624
0.056485
0.057111
0.057894
0.058285
0.058755
0.059381
0.059772
0.060007
0.060242
0.060868
0.061260
0.062121
0.062668
0.063060
0.063686
0.064703
0.064782
0.065173
0.065251
0.066191
0.066504
0.066973
0.067678
0.068304
0.068617
0.069321
0.070182
0.070417
0.070730
0.070887
0.071435
0.072139
0.072687
0.073235
0.074174
0.074409
0.074644
0.075192
0.075426
0.076053
0.076444
0.076679
0.077461
0.078166
0.078635
0.078870
0.079575
0.080044
0.080514
0.080905
0.081375
0.082001
0.082784
0.083410
0.083723
0.083880
0.084584
0.085288
0.085288
0.085601
0.086149
0.086697
0.087637
0.088341
0.088419
0.088889
0.089202
0.089828
0.090141
0.090376
0.090767
0.091550
0.092020
0.092724
0.093194
0.093507
0.094055
0.094211
0.094603
0.095072
0.095620
0.096246
0.096872
0.097420
0.097890
0.098438
0.098829
0.099220
0.099847
0.099768
0.100081
0.100786
0.101882
0.102195
0.102508
0.102821
0.103369
0.103682
0.104308
0.104621
0.104699
0.105482
0.106186
0.106578
0.106813
0.107517
0.107908
0.108378
0.108691
0.109161
0.109865
0.110022
0.110648
0.111274
0.111509
0.112370
0.112683
0.113074
0.112918
0.113309
0.114092
0.114405
0.115344
0.115735
0.115970
0.116362
0.116753
0.117066
0.117457
0.117927
0.118162
0.118866
0.119492
0.119727
0.120118
0.120588
0.121136
0.121762
0.121840
0.122232
0.122388
0.123249
0.123641
0.124032
0.124267
0.125049
0.124971
0.125519
0.125989
0.126380
0.126380
0.127163
0.127319
0.128180
0.128415
0.128572
0.129276
0.129589
0.130059
0.130528
0.130685
0.131311
0.131859
0.132407
0.132563
0.133111
0.133581
0.134129
0.134442
0.134833
0.135146
0.135538
0.136477
0.136555
0.136868
0.137494
0.137494
0.138277
0.138590
0.138981
0.139295
0.139921
0.140312
0.141095
0.141173
0.141486
0.141799
0.142895
0.142973
0.143443
0.143521
0.144226
0.144930
0.145243
0.145478
0.145556
0.146182
0.146574
0.146887
0.147278
0.147591
0.148452
0.148922
0.148922
0.149313
0.149626
0.150096
0.150565
0.151192
0.151113
0.151818
0.152053
0.152600
0.152914
0.153227
0.153461
0.153853
0.154557
0.154870
0.155183
0.155809
0.156123
0.156592
0.157375
0.157531
0.158079
0.158549
0.158784
0.159332
0.159801
0.160349
0.160819
0.161367
0.161836
0.162071
0.162541
0.163010
0.163480
0.163715
0.164341
0.164654
0.165202
0.165750
0.165671
0.165671
0.166454
0.166924
0.167315
0.167707
0.168489
0.168489
0.169115
0.169507
0.169742
0.170055
0.170446
0.170916
0.171777
0.171777
0.172403
0.172716
0.173342
0.173577
0.173655
0.174438
0.174594
0.175377
0.175533
0.175847
0.176394
0.176942
0.177099
0.177412
0.177490
0.178195
0.178273
0.178664
0.179525
0.179682
0.180073
0.180621
0.181091
0.181247
0.181560
0.182108
0.182108
0.182813
0.183047
0.183439
0.183830
0.184221
0.184926
0.185082
0.185630
0.186022
0.186256
0.186570
0.186961
0.187430
0.187978
0.188057
0.188213
0.188761
0.188683
0.188996
0.189466
0.190092
0.190640
0.191031
0.191422
0.191735
0.192518
0.192283
0.192675
0.193144
0.193379
0.194005
0.194553
0.194710
0.195414
0.195571
0.195727
0.196275
0.196275
0.196588
0.197292
0.197606
0.198075
0.198388
0.198780
0.199406
0.199484
0.199875
0.200267
0.200658
0.200971
0.201832
0.201910
0.202380
0.202928
0.203241
0.203398
0.203632
0.204102
0.204493
0.204885
0.205433
0.205824
0.205980
0.206215
0.206685
0.206998
0.207076
0.207468
0.207702
0.208250
0.208955
0.209268
0.209581
0.210050
0.210129
0.210364
0.210755
0.211068
0.211538
0.212007
0.212555
0.213025
0.213494
0.213573
0.213886
0.214199
0.214512
0.214825
0.215373
0.215686
0.215842
0.216390
0.216703
0.217173
0.217173
0.217486
0.218112
0.218347
0.219051
0.219286
0.219521
0.219991
0.220539
0.220617
0.221243
0.221321
0.221634
0.222026
0.222574
0.222887
0.223200
0.223513
0.223982
0.223982
0.224530
0.224843
0.225157
0.225704
0.226331
0.226722
0.226957
0.227113
0.227583
0.227974
0.227974
0.228366
0.228992
0.229148
0.229618
0.230088
0.230244
0.230557
0.230870
0.231105
0.231496
0.231653
0.232201
0.232670
0.233218
0.233297
0.234001
0.233923
0.234236
0.234862
0.235332
0.235097
0.235645
0.236427
0.236662
0.236975
0.237367
0.237601
0.237758
0.238306
0.238462
0.238619
0.239715
0.239950
0.240341
0.240967
0.241124
0.241750
0.241828
0.241906
0.242219
0.243002
0.243472
0.243785
0.244176
0.244489
0.244724
0.245115
0.245272
0.245898
0.245820
0.246602
0.246916
0.247072
0.247542
0.247620
0.248011
0.248403
0.248872
0.249264
0.249577
0.250359
0.250359
0.250751
0.251533
0.251612
0.252160
0.252316
0.252629
0.252942
0.253412
0.253568
0.253960
0.254273
0.254821
0.255056
0.255447
0.255995
0.256386
0.256621
0.256934
0.257404
0.258030
0.258265
0.258499
0.258734
0.259439
0.259439
0.259830
0.260378
0.261082
0.261161
0.261630
0.261943
0.262413
0.262726
0.262804
0.263587
0.263822
0.264370
0.264526
0.264918
0.264996
0.265152
0.265779
0.266092
0.266640
0.266796
0.267422
0.267814
0.268440
0.268361
0.268361
0.268909
0.269692
0.270005
0.270318
0.270553
0.270631
0.271257
0.271492
0.272040
0.272197
0.272745
0.272979
0.273214
0.273606
0.273840
0.274310
0.274780
0.274858
0.275406
0.275719
0.275954
0.276345
0.276893
0.277049
0.277441
0.277676
0.277989
0.278302
0.278537
0.279006
0.279241
0.279711
0.280180
0.280650
0.280493
0.281041
0.281589
0.282450
0.282607
0.282998
0.283389
0.283624
0.284015
0.284172
0.284642
0.284720
0.285189
0.285424
0.285894
0.285972
0.286442
0.286990
0.287146
0.287459
0.287851
0.287929
0.288477
0.288790
0.289181
0.289729
0.289964
0.290199
0.290434
0.291060
0.291295
0.291373
0.291686
0.292077
0.292782
0.292782
0.293330
0.293486
0.293564
0.293877
0.294190
0.294582
0.294817
0.295051
0.295521
0.295756
0.296226
0.296852
0.297165
0.297165
0.297556
0.297869
0.298182
0.298574
0.299121
0.299121
0.299669
0.299904
0.300296
0.300296
0.300922
0.301313
0.301626
0.301861
0.302174
0.302644
0.302878
0.303426
0.303583
0.303583
0.304052
0.304444
0.304913
0.305070
0.305383
0.305461
0.305931
0.306401
0.306479
0.306479
0.306870
0.307262
0.307575
0.308044
0.308279
0.308827
0.309140
0.308905
0.309531
0.309844
0.310236
0.310549
0.311253
0.311488
0.311645
0.311958
0.312271
0.312506
0.312506
0.312975
0.313601
0.313601
0.313993
0.314228
0.314619
0.314541
0.315010
0.315558
0.315715
0.316028
0.316263
0.316810
0.316810
0.317280
0.317358
0.317906
0.318141
0.318298
0.318611
0.319002
0.319628
0.319550
0.319863
0.320254
0.320724
0.320724
0.321115
0.321663
0.321898
0.322368
0.322837
0.322916
0.323150
0.323463
0.323933
0.324011
0.324403
0.324716
0.325029
0.325498
0.325811
0.326203
0.326516
0.326986
0.326907
0.327455
0.327533
0.328160
0.329021
0.329255
0.329490
0.329803
0.330429
0.330195
0.330429
0.330742
0.331134
0.331447
0.331917
0.332464
0.332230
0.332778
0.333012
0.333247
0.333717
0.333952
0.334421
0.334813
0.334969
0.335439
0.335673
0.336143
0.336143
0.336378
0.336534
0.337161
0.337239
0.337630
0.338022
0.338335
0.338883
0.339117
0.339196
0.339744
0.339665
0.340448
0.340918
0.340918
0.341309
0.341544
0.341857
0.342561
0.342405
0.342953
0.343187
0.343344
0.343892
0.344127
0.344127
0.344596
0.344831
0.345144
0.345301
0.345770
0.346162
0.346396
0.346788
0.347257
0.347101
0.347492
0.347884
0.348197
0.348431
0.348745
0.349527
0.349527
0.349997
0.350466
0.350701
0.350780
0.350936
0.351484
0.351719
0.352110
0.352580
0.352815
0.352971
0.353362
0.353754
0.354067
0.354302
0.354850
0.355397
0.355476
0.355789
0.356024
0.356415
0.356728
0.357276
0.357589
0.357824
0.357589
0.358372
0.358528
0.358998
0.359233
0.359702
0.360407
0.360407
0.361268
0.361346
0.361111
0.361972
0.362363
0.362363
0.362833
0.362990
0.363616
0.363851
0.364007
0.364164
0.364477
0.364790
0.365416
0.365494
0.365886
0.366355
0.366747
0.366747
0.367216
0.367529
0.367921
0.368077
0.368390
0.368782
0.368860
0.369251
0.369877
0.369956
0.370269
0.370660
0.371051
0.371365
0.371443
0.372069
0.372304
0.372539
0.373086
0.373321
0.373400
0.373869
0.374104
0.374417
0.374495
0.375043
0.375043
0.375200
0.375904
0.376217
0.376296
0.376296
0.376843
0.377078
0.377861
0.378017
0.378409
0.378409
0.378878
0.379191
0.379348
0.379739
0.380287
0.380522
0.380757
0.381070
0.381461
0.381931
0.382166
0.382322
0.382714
0.382948
0.383496
0.383340
0.383496
0.384044
0.384279
0.384905
0.384827
0.385062
0.385375
0.385844
0.386158
0.386549
0.386705
0.387097
0.387410
0.387879
0.388193
0.388193
0.388584
0.389132
0.389053
0.389758
0.389836
0.390228
0.390384
0.390541
0.391245
0.391402
0.391715
0.391558
0.392106
0.392732
0.392967
0.393202
0.393671
0.393828
0.393984
0.394298
0.394845
0.395159
0.395393
0.395785
0.395785
0.396098
0.396254
0.396646
0.397194
0.397272
0.397585
0.398289
0.398368
0.398524
0.398759
0.399150
0.399385
0.399855
0.400090
0.400246
0.400637
0.400950
0.401342
0.401968
0.402125
0.402594
0.402672
0.402751
0.403377
0.403533
0.404003
0.404316
0.404473
0.404707
0.405021
0.405255
0.405725
0.405881
0.406195
0.406899
0.407134
0.407056
0.407369
0.407760
0.407682
0.408464
0.408621
0.409012
0.409325
0.409482
0.409873
0.410421
0.410421
0.410969
0.411204
0.411126
0.411673
0.412221
0.412378
0.412848
0.413161
0.413317
0.413552
0.413865
0.414413
0.414100
0.414648
0.414883
0.415665
0.415665
0.415509
0.416448
0.416526
0.416761
0.417152
0.417622
0.417935
0.417935
0.418561
0.418561
0.418953
0.419031
0.419344
0.419735
0.420205
0.420440
0.420831
0.421222
0.421614
0.421770
0.422005
0.422240
0.422631
0.422944
0.423336
0.423649
0.423649
0.424197
0.424353
0.424901
0.424979
0.425449
0.425919
0.425919
0.426232
0.426623
0.427093
0.427406
0.427406
0.427875
0.428032
0.428501
0.428893
0.429362
0.429206
0.429519
0.429989
0.430380
0.430302
0.430850
0.431241
0.431476
0.431789
0.432102
0.432806
0.432806
0.433041
0.433511
0.433432
0.433902
0.434293
0.434450
0.434607
0.434920
0.435311
0.435546
0.435781
0.435937
0.436172
0.436407
0.436720
0.436798
0.437268
0.437581
0.438050
0.438129
0.438207
0.438755
0.439146
0.439381
0.439772
0.440242
0.440633
0.440946
0.441416
0.441807
0.441729
0.442277
0.442590
0.442747
0.443138
0.443451
0.443764
0.443842
0.444077
0.444547
0.444782
0.444938
0.445251
0.445408
0.445956
0.446269
0.446895
0.446660
0.447286
0.447364
0.447834
0.447991
0.447912
0.448460
0.448930
0.449086
0.449321
0.449713
0.449713
0.449791
0.450574
0.450730
0.450887
0.451121
0.451513
0.452139
0.451982
0.452217
0.452139
0.452687
0.453000
0.453313
0.453548
0.454174
0.454409
0.454565
0.454722
0.454878
0.455426
0.455505
0.455818
0.456052
0.456522
0.457070
0.457070
0.457383
0.457696
0.458166
0.458244
0.458479
0.458635
0.458870
0.459418
0.459418
0.459966
0.460044
0.460436
0.461062
0.460983
0.461218
0.461531
0.462392
0.462705
0.462862
0.462784
0.463097
0.463253
0.463410
0.463801
0.464271
0.464740
0.464975
0.465367
0.465132
0.465601
0.465993
0.466228
0.466697
0.466932
0.467245
0.467793
0.467793
0.467558
0.468263
0.468419
0.468576
0.468810
0.469045
0.469671
0.469984
0.469984
0.470376
0.470767
0.470767
0.471237
0.471080
0.471785
0.471706
0.472333
0.472567
0.472802
0.473037
0.473194
0.473272
0.473428
0.473820
0.474133
0.474681
0.474915
0.475150
0.475150
0.475620
0.475776
0.475933
0.476403
0.476559
0.477029
0.477498
0.477342
0.477498
0.477968
0.477968
0.478125
0.478438
0.478672
0.479299
0.479612
0.480081
0.480473
0.480316
0.480786
0.480942
0.481177
0.481412
0.482351
0.482429
0.482821
0.482821
0.483212
0.483603
0.483447
0.483525
0.484073
0.484308
0.484543
0.485169
0.485717
0.485638
0.486108
0.486030
0.486499
0.486734
0.486969
0.487595
0.487439
0.487673
0.488065
0.488613
0.488534
0.488769
0.488926
0.489474
0.489552
0.490335
0.490413
0.490648
0.490804
0.491430
0.491509
0.491743
0.492291
0.492291
0.492761
0.493309
0.493074
0.493231
0.493544
0.494092
0.494483
0.494953
0.495266
0.495422
0.495892
0.496205
0.496518
0.496674
0.496753
0.497066
0.497222
0.497614
0.498318
0.498396
0.498631
0.499101
0.499257
0.499336
0.499492
0.499962
0.500197
0.500588
0.500901
0.501292
0.501605
0.501840
0.502388
0.502388
0.502623
0.502936
0.503327
0.503719
0.504032
0.504267
0.504423
0.504423
0.504815
0.505362
0.505362
0.505754
0.505910
0.506615
0.506536
0.506771
0.507163
0.507241
0.507554
0.507945
0.508180
0.508728
0.508963
0.509119
0.509432
0.509511
0.509902
0.510215
0.510450
0.510841
0.511076
0.511233
0.511467
0.511859
0.512172
0.512563
0.512720
0.513268
0.513268
0.513894
0.513816
0.514285
0.514442
0.514598
0.514833
0.515146
0.515381
0.515929
0.516085
0.516555
0.516946
0.517259
0.517494
0.517729
0.517964
0.518120
0.518433
0.518825
0.519216
0.519373
0.519686
0.520155
0.520468
0.520625
0.521016
0.521486
0.521877
0.521956
0.522112
0.522347
0.522738
0.523130
0.523364
0.523521
0.523599
0.524147
0.524304
0.524695
0.524852
0.525321
0.525321
0.525556
0.525947
0.526182
0.526574
0.526887
0.526887
0.527278
0.527513
0.527826
0.528452
0.528609
0.528687
0.529313
0.529548
0.529548
0.529861
0.530096
0.530565
0.531113
0.531426
0.531505
0.531974
0.532444
0.532600
0.532600
0.533070
0.533226
0.533696
0.533931
0.533853
0.534166
0.534714
0.534714
0.534948
0.535261
0.535575
0.535888
0.536357
0.536357
0.536749
0.537296
0.537062
0.537296
0.537688
0.538001
0.538471
0.538627
0.539018
0.539097
0.539331
0.539879
0.539566
0.540192
0.540662
0.540897
0.541445
0.541601
0.541523
0.541993
0.542149
0.542462
0.542932
0.543088
0.543402
0.543715
0.544028
0.544028
0.544576
0.544889
0.544889
0.545202
0.545515
0.545828
0.546219
0.546297
0.546376
0.546689
0.546924
0.547002
0.547393
0.547550
0.547941
0.548489
0.548489
0.548959
0.549115
0.549350
0.549428
0.549507
0.549976
0.550368
0.550837
0.550994
0.551307
0.551542
0.551776
0.552246
0.552246
0.552403
0.552872
0.553342
0.553655
0.553968
0.554359
0.554438
0.554751
0.554829
0.555064
0.555377
0.555612
0.556081
0.556316
0.556473
0.557020
0.557099
0.557334
0.557490
0.557881
0.558273
0.558664
0.558899
0.559212
0.559369
0.559525
0.559603
0.559760
0.560543
0.560621
0.560777
0.561325
0.561247
0.561717
0.562186
0.562186
0.562969
0.562734
0.563517
0.563908
0.563986
0.564378
0.564534
0.564534
0.564691
0.565004
0.565552
0.565943
0.566413
0.566413
0.566726
0.566961
0.567352
0.567430
0.567587
0.567822
0.568135
0.568291
0.568917
0.568996
0.569074
0.569465
0.569700
0.570092
0.570405
0.570639
0.571266
0.571344
0.571500
0.571813
0.571657
0.572361
0.572361
0.572674
0.573222
0.573535
0.573692
0.573770
0.574396
0.574396
0.574396
0.574788
0.574866
0.575414
0.575962
0.575962
0.576510
0.576666
0.576588
0.576901
0.577527
0.577605
0.578153
0.578466
0.578701
0.579014
0.579093
0.579171
0.579562
0.579797
0.580188
0.580267
0.580971
0.580971
0.581362
0.581519
0.581675
0.581989
0.582458
0.582615
0.583163
0.583397
0.583789
0.584102
0.584415
0.584337
0.584571
0.584963
0.584963
0.585745
0.585980
0.585980
0.586372
0.586606
0.586763
0.586998
0.587467
0.587624
0.588328
0.588407
0.588407
0.588720
0.588955
0.589268
0.589581
0.589972
0.590285
0.590911
0.590833
0.590911
0.591616
0.591537
0.591616
0.591851
0.592320
0.592711
0.593103
0.593338
0.593729
0.594042
0.594120
0.594355
0.594512
0.594903
0.595060
0.595529
0.595451
0.595999
0.596155
0.596625
0.596860
0.597095
0.597408
0.597877
0.598112
0.598112
0.598347
0.598973
0.599208
0.599677
0.599991
0.599756
0.600460
0.600617
0.600773
0.601165
0.601399
0.601634
0.601791
0.602495
0.602652
0.603043
0.603591
0.603748
0.603904
0.604295
0.604608
0.604765
0.604922
0.605156
0.605626
0.605939
0.606017
0.606330
0.606565
0.606957
0.607270
0.607348
0.607818
0.607661
0.608209
0.608287
0.608757
0.609305
0.609226
0.609148
0.609696
0.610166
0.610479
0.610557
0.610635
0.611183
0.611027
0.611653
0.611731
0.612044
0.612514
0.612827
0.613062
0.613062
0.613453
0.613766
0.613923
0.614157
0.614392
0.614705
0.614784
0.615253
0.615331
0.615645
0.615879
0.616271
0.616584
0.616740
0.617366
0.617366
0.617523
0.617758
0.618149
0.618227
0.618462
0.618932
0.619245
0.619480
0.619793
0.619871
0.620106
0.620419
0.620967
0.621358
0.621202
0.621515
0.621750
0.622141
0.622063
0.622689
0.623002
0.623315
0.623315
0.623863
0.623941
0.623706
0.624176
0.624411
0.624567
0.625115
0.625585
0.625663
0.625976
0.626367
0.626289
0.626211
0.626994
0.627228
0.627307
0.627620
0.628011
0.628246
0.628403
0.628559
0.628872
0.629107
0.629342
0.629655
0.629890
0.630203
0.630438
0.630438
0.630672
0.630829
0.631064
0.631690
0.631846
0.632081
0.632629
0.632786
0.632786
0.633020
0.633177
0.633647
0.634116
0.634351
0.634742
0.634742
0.635055
0.634977
0.635134
0.635369
0.636073
0.636621
0.637090
0.637090
0.637247
0.637717
0.637560
0.637717
0.637560
0.638343
0.638656
0.639047
0.639360
0.639517
0.639830
0.639986
0.640065
0.640221
0.640456
0.641082
0.641395
0.641395
0.641708
0.642021
0.642256
0.642569
0.642961
0.643274
0.643822
0.643978
0.644056
0.644526
0.644291
0.644526
0.644761
0.645074
0.645387
0.646013
0.646091
0.646405
0.646718
0.647109
0.647187
0.647109
0.647500
0.648205
0.648440
0.648596
0.648831
0.648753
0.649222
0.649692
0.649770
0.650005
0.650240
0.651022
0.651101
0.651414
0.651570
0.651649
0.651727
0.651962
0.652431
0.653136
0.653449
0.653762
0.654232
0.654153
0.654310
0.654466
0.654701
0.654701
0.655249
0.656032
0.655719
0.656188
0.656501
0.656658
0.656814
0.656893
0.657206
0.657441
0.658145
0.658302
0.658615
0.658693
0.658849
0.658928
0.659476
0.659554
0.660415
0.660650
0.661041
0.661119
0.661511
0.662059
0.661902
0.662137
0.662528
0.662919
0.663076
0.663624
0.663702
0.663937
0.664172
0.664172
0.664563
0.664798
0.665346
0.665815
0.665737
0.666050
0.666285
0.666755
0.666755
0.667381
0.667616
0.667850
0.668320
0.668633
0.668868
0.669025
0.669103
0.669259
0.669651
0.669807
0.670433
0.671060
0.671060
0.671216
0.671451
0.671451
0.671686
0.672155
0.672547
0.673016
0.673173
0.673642
0.673642
0.674034
0.674347
0.674425
0.674660
0.675286
0.675756
0.675756
0.676069
0.676460
0.676617
0.676852
0.677008
0.677478
0.677712
0.678026
0.678417
0.678495
0.678965
0.679278
0.679591
0.679747
0.680139
0.681000
0.681235
0.681313
0.681626
0.682174
0.682565
0.682565
0.683035
0.683348
0.683504
0.683583
0.683818
0.684209
0.684365
0.684678
0.685070
0.685383
0.685774
0.686166
0.686322
0.686948
0.687027
0.687418
0.687340
0.687574
0.688122
0.688592
0.689062
0.689218
0.689375
0.689609
0.689688
0.690079
0.690236
0.690940
0.691175
0.691488
0.691645
0.691958
0.692271
0.692584
0.692819
0.693288
0.693210
0.693758
0.694071
0.694306
0.694697
0.695088
0.695245
0.695558
0.695793
0.696262
0.696497
0.696654
0.696732
0.697123
0.697593
0.697750
0.697984
0.698376
0.698611
0.698689
0.699002
0.699237
0.700176
0.700254
0.700411
0.700802
0.701037
0.701272
0.701741
0.701585
0.701428
0.701428
0.701272
0.701272
0.701272
0.701037
0.701350
0.701115
0.700880
0.700802
0.700411
0.700176
0.699863
0.699941
0.699471
0.699471
0.699080
0.699080
0.698689
0.698376
0.698219
0.697828
0.697515
0.697358
0.696889
0.696810
0.696106
0.696106
0.695636
0.695949
0.695167
0.694932
0.694540
0.694384
0.694227
0.693836
0.693366
0.692819
0.692897
0.692505
0.692036
0.691723
0.690940
0.691018
0.690862
0.690392
0.690157
0.689688
0.689531
0.689062
0.688670
0.688201
0.688122
0.687574
0.687183
0.687183
0.687027
0.686400
0.685696
0.685618
0.685383
0.684992
0.684287
0.684287
0.683974
0.683661
0.683348
0.683191
0.683035
0.682409
0.681626
0.681313
0.681313
0.680765
0.680608
0.679826
0.679513
0.679121
0.678730
0.678417
0.677869
0.677712
0.677321
0.677556
0.677008
0.676304
0.676225
0.676304
0.675521
0.675286
0.675208
0.674817
0.674738
0.674347
0.673799
0.673251
0.673251
0.673016
0.672547
0.672234
0.671999
0.671764
0.671451
0.670981
0.670668
0.670355
0.669807
0.669651
0.669181
0.669025
0.668555
0.668398
0.667929
0.667459
0.667772
0.666990
0.666755
0.666442
0.665894
0.665815
0.665424
0.665111
0.664563
0.664407
0.663546
0.663389
0.663154
0.662841
0.662763
0.662450
0.662137
0.661589
0.661276
0.660571
0.660415
0.660571
0.660024
0.659319
0.659084
0.659006
0.658536
0.658302
0.658067
0.657597
0.657284
0.656893
0.656501
0.656267
0.656110
0.656188
0.655562
0.655014
0.655093
0.654779
0.654545
0.654075
0.653684
0.653292
0.652666
0.652588
0.652353
0.651962
0.651649
0.651414
0.651257
0.651101
0.650709
0.650475
0.650162
0.649927
0.649457
0.648753
0.648440
0.648127
0.648048
0.647500
0.647500
0.646796
0.646326
0.645778
0.646091
0.645778
0.645387
0.644996
0.644604
0.644213
0.643900
0.643743
0.643509
0.642961
0.642804
0.642648
0.642413
0.641708
0.641630
0.640926
0.640378
0.640221
0.639752
0.639752
0.639439
0.639125
0.638812
0.638499
0.638265
0.637795
0.637560
0.636856
0.636229
0.636229
0.636073
0.635603
0.635525
0.635134
0.635055
0.634742
0.634351
0.634351
0.634116
0.633412
0.632786
0.632786
0.632238
0.631768
0.631612
0.630829
0.630985
0.630751
0.630751
0.630438
0.629655
0.629420
0.628950
0.628794
0.628403
0.628089
0.628089
0.627542
0.627463
0.626994
0.626915
0.626289
0.625820
0.625663
0.625428
0.624880
0.624646
0.624098
0.624019
0.623785
0.623550
0.623237
0.622376
0.622063
0.621671
0.621515
0.621202
0.621202
0.620889
0.620654
0.620184
0.619871
0.619636
0.619088
0.619088
0.618384
0.618071
0.617523
0.617366
0.617210
0.617132
0.616349
0.616192
0.616114
0.615879
0.615331
0.614784
0.614470
0.614157
0.614079
0.613766
0.613453
0.612983
0.612905
0.612514
0.612435
0.611418
0.611183
0.610635
0.610244
0.610244
0.609931
0.609774
0.609148
0.609070
0.609070
0.608444
0.608131
0.607583
0.607504
0.607270
0.606800
0.606644
0.606252
0.606017
0.605861
0.605704
0.605000
0.604687
0.604139
0.604374
0.603826
0.603356
0.603043
0.602965
0.602495
0.602260
0.601713
0.601478
0.600773
0.600147
0.599834
0.599756
0.599443
0.599443
0.599208
0.598895
0.598503
0.598269
0.597799
0.597251
0.597251
0.596703
0.596625
0.596703
0.595842
0.595999
0.595373
0.595138
0.594668
0.594433
0.593807
0.593729
0.593729
0.593416
0.593338
0.593025
0.592633
0.592398
0.591694
0.591303
0.590911
0.590520
0.590207
0.590363
0.590129
0.589659
0.589189
0.589033
0.588485
0.588407
0.588015
0.587546
0.587467
0.587233
0.587154
0.587076
0.586685
0.586372
0.586137
0.585980
0.585119
0.584571
0.584415
0.584102
0.583945
0.584024
0.583241
0.583163
0.583084
0.582536
0.581910
0.581832
0.581206
0.581206
0.580893
0.580814
0.580110
0.580188
0.579875
0.579406
0.579249
0.578623
0.578545
0.578075
0.577840
0.577918
0.577684
0.577214
0.576979
0.576666
0.576040
0.575805
0.575649
0.575179
0.574944
0.574709
0.574631
0.574396
0.574005
0.573848
0.573379
0.572909
0.572831
0.572440
0.572283
0.571892
0.571422
0.571266
0.571187
0.570561
0.569935
0.569935
0.569622
0.569309
0.568839
0.568683
0.568448
0.568291
0.568135
0.567665
0.567509
0.566961
0.566569
0.566491
0.566335
0.565865
0.565708
0.565787
0.565317
0.564691
0.564378
0.564065
0.563830
0.563595
0.563673
0.563360
0.563126
0.562421
0.562343
0.562030
0.561638
0.561247
0.560621
0.560386
0.560230
0.559916
0.559916
0.559212
0.559212
0.559134
0.558586
0.558116
0.557960
0.557725
0.557490
0.557020
0.556942
0.556316
0.556159
0.556081
0.555533
0.554985
0.554594
0.554438
0.553811
0.554046
0.553577
0.553342
0.553342
0.552950
0.552559
0.552089
0.551855
0.551620
0.551385
0.550837
0.550681
0.550524
0.550054
0.549898
0.549585
0.549115
0.548724
0.548724
0.548880
0.548333
0.547785
0.547550
0.547080
0.546845
0.546689
0.546376
0.546297
0.545906
0.545671
0.545123
0.544810
0.544576
0.544262
0.544106
0.543793
0.543793
0.543402
0.543245
0.542619
0.542306
0.541993
0.541680
0.541680
0.540897
0.540740
0.540192
0.540036
0.539723
0.539566
0.539331
0.538862
0.538549
0.538236
0.538001
0.537923
0.537531
0.537296
0.536749
0.536670
0.536201
0.535966
0.535653
0.535575
0.535183
0.534870
0.534322
0.534166
0.534087
0.533618
0.533461
0.533070
0.532522
0.532287
0.532131
0.532052
0.531583
0.531270
0.530800
0.530800
0.530330
0.530096
0.529469
0.529078
0.529000
0.529078
0.528452
0.528609
0.528061
0.527826
0.527434
0.526808
0.526339
0.526026
0.525791
0.525947
0.525478
0.524852
0.524852
0.524773
0.524460
0.523834
0.523599
0.523130
0.523364
0.523130
0.522738
0.522347
0.521799
0.521721
0.521173
0.520703
0.520782
0.520077
0.519764
0.519373
0.519529
0.518825
0.518903
0.518747
0.518433
0.517729
0.517338
0.516946
0.516712
0.516790
0.516398
0.516242
0.515694
0.515616
0.514990
0.514520
0.514442
0.514207
0.513737
0.513268
0.513346
0.512955
0.512250
0.512172
0.511624
0.511546
0.510763
0.510685
0.510685
0.510450
0.509902
0.509746
0.509667
0.509354
0.508650
0.508650
0.508415
0.507789
0.507476
0.507319
0.507006
0.507163
0.506615
0.506223
0.505597
0.505362
0.504815
0.504736
0.504423
0.504345
0.504110
0.503954
0.503484
0.503484
0.502701
0.502623
0.501997
0.501919
0.501684
0.501527
0.501058
0.500901
0.500666
0.499962
0.499492
0.499101
0.498788
0.498553
0.498475
0.498162
0.497927
0.497770
0.497535
0.497222
0.496518
0.496205
0.495735
0.495422
0.495500
0.495266
0.494953
0.494639
0.494483
0.493935
0.493622
0.493465
0.492839
0.492761
0.492448
0.491978
0.491743
0.491509
0.491196
0.491039
0.490335
0.490256
0.489943
0.489708
0.489474
0.489239
0.488926
0.488769
0.488221
0.487830
0.487282
0.487047
0.486734
0.486578
0.486343
0.486030
0.486030
0.485482
0.485091
0.484699
0.484230
0.484230
0.484230
0.484073
0.483447
0.483134
0.483134
0.482821
0.482038
0.481725
0.481255
0.481099
0.480707
0.480786
0.480473
0.479846
0.479768
0.479220
0.478672
0.478203
0.478046
0.477968
0.477811
0.477342
0.477029
0.477029
0.476872
0.476089
0.475463
0.475385
0.474915
0.474915
0.474837
0.474524
0.474133
0.474133
0.473428
0.473194
0.472959
0.472333
0.472333
0.471785
0.471706
0.471315
0.471158
0.470845
0.470845
0.470141
0.469906
0.469593
0.469202
0.469045
0.468654
0.468341
0.468106
0.467793
0.467636
0.467245
0.466775
0.466462
0.466306
0.465758
0.465758
0.465288
0.465053
0.464740
0.464740
0.464271
0.464036
0.463723
0.463253
0.463253
0.462705
0.462471
0.462236
0.462001
0.461923
0.461453
0.460827
0.460592
0.460122
0.459888
0.459731
0.459340
0.458870
0.458714
0.458244
0.457696
0.457383
0.457148
0.456913
0.456835
0.456444
0.455974
0.455583
0.455505
0.455035
0.454878
0.454252
0.454174
0.453783
0.453391
0.453391
0.453156
0.452687
0.452687
0.452139
0.451669
0.450965
0.451513
0.450808
0.450339
0.450260
0.449947
0.449399
0.449243
0.448852
0.448695
0.448225
0.447834
0.447599
0.447208
0.446973
0.446738
0.446504
0.446269
0.445564
0.445408
0.445251
0.444938
0.444625
0.444155
0.443999
0.443999
0.443529
0.443060
0.442981
0.442590
0.442355
0.442199
0.441573
0.441259
0.441103
0.440555
0.440398
0.439929
0.439538
0.439224
0.439146
0.438285
0.438207
0.437659
0.437346
0.436955
0.436642
0.436563
0.436328
0.436094
0.435702
0.435311
0.434998
0.434763
0.434685
0.433980
0.433589
0.433432
0.433119
0.432806
0.432258
0.432180
0.431632
0.431476
0.431397
0.430536
0.430302
0.430067
0.429597
0.429441
0.428971
0.428893
0.428658
0.428501
0.427875
0.427640
0.427171
0.427249
0.426858
0.426780
0.426310
0.425605
0.425527
0.425292
0.424901
0.424353
0.423962
0.424040
0.423492
0.423179
0.422788
0.422709
0.422631
0.422083
0.421849
0.421692
0.421066
0.420909
0.420831
0.420283
0.419735
0.419735
0.419422
0.419031
0.418874
0.418561
0.418170
0.417857
0.417700
0.417231
0.417152
0.416604
0.416370
0.416135
0.415743
0.415509
0.415117
0.414726
0.414491
0.414335
0.413552
0.413552
0.413161
0.413004
0.412456
0.412300
0.412065
0.411517
0.410969
0.410891
0.410812
0.410030
0.409873
0.409717
0.409169
0.408934
0.408699
0.408543
0.408151
0.407838
0.407603
0.407134
0.407134
0.406899
0.406273
0.406038
0.405568
0.405177
0.404864
0.404629
0.404551
0.404394
0.404003
0.403455
0.403142
0.402751
0.402046
0.402125
0.402046
0.401420
0.401342
0.401264
0.400637
0.400246
0.399933
0.399542
0.399150
0.398837
0.398837
0.398446
0.398133
0.397898
0.397585
0.397272
0.396959
0.396411
0.396098
0.395550
0.395159
0.395237
0.394845
0.394924
0.394532
0.394298
0.393828
0.393593
0.393124
0.392967
0.392576
0.392576
0.392419
0.391949
0.391558
0.391402
0.390541
0.390384
0.389993
0.389758
0.389601
0.389367
0.389523
0.388584
0.388506
0.388114
0.387645
0.387566
0.386862
0.386705
0.386549
0.386392
0.386392
0.385531
0.385531
0.385218
0.384670
0.384436
0.384044
0.384122
0.383418
0.383575
0.383183
0.382948
0.382870
0.382244
0.382009
0.381696
0.381540
0.381148
0.380835
0.380522
0.380131
0.379974
0.379583
0.378800
0.378565
0.378174
0.378096
0.378017
0.377704
0.377470
0.377235
0.377078
0.376452
0.375982
0.375591
0.375591
0.374965
0.374652
0.374339
0.374104
0.374104
0.373791
0.373400
0.372930
0.372930
0.372539
0.372225
0.371991
0.371912
0.371678
0.371130
0.370738
0.370347
0.369956
0.369564
0.368938
0.369095
0.368860
0.368312
0.367921
0.367842
0.367373
0.367138
0.366981
0.366590
0.366512
0.366199
0.365338
0.365494
0.365259
0.364946
0.364477
0.364085
0.363851
0.363694
0.363068
0.362911
0.362677
0.362520
0.362050
0.361581
0.360955
0.360876
0.360328
0.360094
0.359781
0.359233
0.359233
0.359154
0.358685
0.358450
0.358137
0.357746
0.357276
0.356963
0.356728
0.356415
0.355789
0.355476
0.354928
0.354615
0.354380
0.354145
0.353676
0.353206
0.353128
0.352736
0.352423
0.352580
0.351954
0.351562
0.351249
0.350780
0.349997
0.350153
0.350232
0.349606
0.349371
0.349058
0.348901
0.348275
0.348118
0.347649
0.347414
0.346944
0.346475
0.346396
0.346162
0.345457
0.345457
0.345144
0.344988
0.344440
0.344205
0.343735
0.343422
0.343187
0.342953
0.342718
0.342483
0.341779
0.341231
0.340839
0.340761
0.340291
0.340057
0.339587
0.339430
0.339039
0.338413
0.338413
0.338256
0.337630
0.337630
0.337317
0.336456
0.336534
0.336143
0.335595
0.335047
0.335126
0.334343
0.334265
0.333873
0.333404
0.333325
0.332856
0.332464
0.332151
0.331995
0.331525
0.331447
0.331212
0.330586
0.330429
0.330038
0.329412
0.329490
0.329334
0.328786
0.328394
0.328081
0.327690
0.327455
0.327299
0.326907
0.326672
0.326125
0.325968
0.325498
0.325264
0.324872
0.324637
0.324246
0.323776
0.323698
0.323463
0.323072
0.322368
0.322289
0.321507
0.321428
0.321428
0.320802
0.320646
0.320646
0.320098
0.319628
0.319159
0.319002
0.318376
0.318141
0.317671
0.317515
0.316967
0.316889
0.316889
0.316263
0.315949
0.315715
0.315167
0.315089
0.314541
0.314306
0.314228
0.313914
0.313523
0.312975
0.312427
0.312349
0.312349
0.311801
0.311488
0.311253
0.310862
0.310392
0.310158
0.309923
0.309531
0.309375
0.309297
0.308905
0.308436
0.308201
0.307809
0.307653
0.307027
0.306792
0.306635
0.305931
0.305853
0.305618
0.305383
0.305070
0.304679
0.304522
0.303896
0.303739
0.303348
0.303270
0.302878
0.302487
0.302252
0.301939
0.301626
0.301078
0.300687
0.300217
0.299904
0.299435
0.299200
0.298887
0.298887
0.298730
0.298261
0.298182
0.297634
0.297086
0.296930
0.297086
0.296382
0.295912
0.295912
0.295834
0.295521
0.295051
0.294582
0.294112
0.293799
0.293564
0.293251
0.292860
0.292703
0.292312
0.291921
0.291686
0.291138
0.290747
0.290277
0.290434
0.290199
0.289807
0.289573
0.289181
0.289025
0.288399
0.288399
0.287851
0.287303
0.286990
0.286990
0.286677
0.286442
0.286207
0.285816
0.285189
0.285033
0.284720
0.284485
0.284172
0.284250
0.283859
0.283154
0.282998
0.282607
0.282137
0.281824
0.281667
0.281041
0.280885
0.280102
0.280102
0.279867
0.279319
0.279163
0.278693
0.278145
0.278145
0.277754
0.277519
0.277206
0.276893
0.276345
0.276423
0.275875
0.275797
0.275014
0.274780
0.274545
0.274153
0.273684
0.273449
0.273449
0.273136
0.272666
0.272197
0.271727
0.271571
0.271101
0.271023
0.270710
0.270318
0.270005
0.269614
0.269457
0.268909
0.268753
0.268283
0.267892
0.267735
0.267500
0.266874
0.266718
0.266248
0.266092
0.265544
0.265152
0.264839
0.264213
0.264057
0.263900
0.263744
0.263509
0.262961
0.262804
0.262256
0.261865
0.261787
0.261474
0.261082
0.260926
0.260848
0.259908
0.259830
0.259517
0.258813
0.258734
0.258108
0.257717
0.257639
0.257404
0.257091
0.256621
0.256386
0.256151
0.255682
0.255134
0.254899
0.254273
0.254116
0.254038
0.253334
0.253177
0.252864
0.252551
0.252238
0.251847
0.251299
0.250829
0.250516
0.250203
0.250125
0.249733
0.249342
0.248872
0.248794
0.248403
0.247933
0.247777
0.247542
0.247229
0.246916
0.246602
0.245976
0.245820
0.245272
0.244881
0.244646
0.244333
0.243941
0.243706
0.243472
0.243002
0.242846
0.242376
0.242063
0.241593
0.241280
0.240967
0.240654
0.240810
0.239950
0.239636
0.239245
0.239010
0.238228
0.237836
0.237836
0.237288
0.237288
0.237054
0.236662
0.236114
0.236036
0.235723
0.235253
0.234627
0.234627
0.234001
0.233844
0.233531
0.233297
0.232670
0.232670
0.232592
0.232044
0.231966
0.231418
0.230949
0.230322
0.230322
0.229696
0.229696
0.228992
0.228679
0.228444
0.228053
0.228131
0.227426
0.227348
0.227192
0.226565
0.226487
0.225861
0.225470
0.225235
0.224922
0.224296
0.224374
0.223904
0.223591
0.223122
0.222887
0.222652
0.222182
0.221869
0.221478
0.221165
0.220852
0.220539
0.220147
0.219756
0.219365
0.219130
0.218425
0.218191
0.218034
0.217721
0.217564
0.217330
0.216938
0.216703
0.216390
0.215764
0.215373
0.214981
0.214825
0.214590
0.214355
0.213886
0.214042
0.213338
0.213260
0.212790
0.212399
0.212007
0.211851
0.211616
0.211146
0.210755
0.210677
0.210129
0.209659
0.209581
0.208876
0.208563
0.208563
0.208485
0.208094
0.207702
0.207311
0.207233
0.206607
0.206215
0.205746
0.205746
0.205119
0.204806
0.204415
0.204180
0.203867
0.203632
0.203319
0.202537
0.202380
0.202145
0.201832
0.201910
0.201284
0.201049
0.200658
0.199797
0.199406
0.199328
0.198780
0.198467
0.197997
0.197762
0.197684
0.197058
0.196588
0.196197
0.196118
0.195649
0.195414
0.194944
0.194944
0.194475
0.194240
0.193927
0.193536
0.193144
0.192909
0.192596
0.192361
0.192127
0.191735
0.191266
0.190796
0.190561
0.190405
0.189152
0.188996
0.188761
0.188291
0.187822
0.187665
0.187587
0.187274
0.186961
0.186413
0.185865
0.185709
0.185317
0.184926
0.184691
0.184456
0.183908
0.183674
0.183126
0.182578
0.182578
0.182265
0.181873
0.181560
0.181247
0.180778
0.180386
0.179838
0.179682
0.179290
0.178743
0.178273
0.178116
0.177647
0.177334
0.177099
0.176629
0.176316
0.175847
0.175377
0.174986
0.174829
0.174673
0.174203
0.173733
0.173185
0.173029
0.172951
0.172559
0.172168
0.171620
0.171307
0.171229
0.170602
0.170211
0.169742
0.169272
0.169194
0.168489
0.168176
0.168098
0.167785
0.167393
0.166924
0.166689
0.166376
0.166063
0.165906
0.165358
0.165202
0.164654
0.164106
0.164106
0.163558
0.163167
0.163089
0.162462
0.162306
0.161836
0.161288
0.160662
0.160427
0.160349
0.160036
0.159410
0.159019
0.158705
0.158079
0.157923
0.157531
0.157062
0.156749
0.156357
0.156201
0.155888
0.155027
0.154870
0.154635
0.154322
0.153931
0.153305
0.153227
0.153148
0.152600
0.152366
0.152053
0.151739
0.151270
0.150644
0.150487
0.150096
0.149704
0.149548
0.149000
0.148139
0.148061
0.147748
0.147435
0.146965
0.146887
0.146495
0.146104
0.145478
0.145008
0.144773
0.144695
0.144304
0.143756
0.143208
0.143208
0.142817
0.142504
0.142034
0.141251
0.141095
0.140703
0.140625
0.140156
0.139608
0.139295
0.138747
0.138747
0.138199
0.137651
0.137260
0.137260
0.136790
0.136320
0.136242
0.135616
0.135225
0.135146
0.134442
0.134442
0.133816
0.133581
0.133346
0.132720
0.132485
0.132407
0.132015
0.131233
0.131076
0.130607
0.130294
0.129902
0.129511
0.129120
0.128650
0.128650
0.127945
0.127398
0.127084
0.126850
0.126537
0.126224
0.126067
0.125676
0.125441
0.125128
0.124736
0.124189
0.123641
0.123406
0.123171
0.122780
0.122701
0.122310
0.122153
0.121606
0.120901
0.119962
0.120040
0.119805
0.119023
0.119023
0.118475
0.118318
0.117927
0.117457
0.116988
0.116518
0.116127
0.116127
0.115970
0.115501
0.115266
0.115031
0.114640
0.114561
0.113700
0.113152
0.112918
0.112605
0.112370
0.112291
0.111822
0.111665
0.111196
0.110648
0.110178
0.109630
0.109474
0.108848
0.108691
0.108300
0.108065
0.107752
0.107360
0.107047
0.106343
0.106030
0.105717
0.105247
0.105169
0.104934
0.104543
0.104308
0.103917
0.103212
0.102586
0.102351
0.102195
0.102116
0.101569
0.101021
0.100786
0.100629
0.100003
0.099612
0.098986
0.098516
0.098438
0.097812
0.097577
0.097499
0.096951
0.096638
0.096246
0.095698
0.095307
0.094994
0.094681
0.094211
0.093976
0.093742
0.093350
0.093194
0.092881
0.092098
0.091550
0.091080
0.090689
0.090454
0.090063
0.089672
0.089515
0.089280
0.089045
0.088419
0.088028
0.087793
0.087402
0.087010
0.086462
0.086462
0.085993
0.085523
0.085445
0.084819
0.084349
0.083801
0.083566
0.083332
0.082706
0.083019
0.082158
0.081688
0.081375
0.081140
0.080357
0.079966
0.079731
0.079262
0.078870
0.078401
0.078166
0.077383
0.077305
0.076914
0.076287
0.075974
0.075348
0.075270
0.074722
0.074331
0.073939
0.073470
0.073235
0.072687
0.072139
0.071669
0.071513
0.071356
0.070965
0.070495
0.070026
0.069556
0.069243
0.068930
0.068147
0.067678
0.066973
0.066973
0.066504
0.066112
0.065564
0.065251
0.064782
0.064390
0.064077
0.063529
0.063373
0.062903
0.062512
0.062199
0.061964
0.061416
0.060790
0.060633
0.059772
0.059538
0.059225
0.058833
0.058598
0.058285
0.057503
0.057424
0.056876
0.056329
0.055859
0.055546
0.055233
0.054920
0.054450
0.053980
0.053276
0.053120
0.052806
0.052102
0.051476
0.051476
0.051085
0.050771
0.050380
0.049832
0.049597
0.049128
0.048658
0.048267
0.047562
0.047171
0.046780
0.046467
0.046232
0.045840
0.045136
0.044901
0.044745
0.044275
0.043336
0.043258
0.042944
0.042631
0.042240
0.041927
0.040988
0.040596
0.039970
0.039735
0.039266
0.038874
0.038483
0.038013
0.037544
0.037074
0.036605
0.036370
0.035900
0.035587
0.035117
0.034570
0.034178
0.034178
0.033630
0.032926
0.032613
0.032221
0.031908
0.031282
0.030891
0.030343
0.030186
0.029717
0.029326
0.028856
0.028465
0.027995
0.027447
0.027212
0.026586
0.026195
0.025960
0.025647
0.025099
0.024551
0.024003
0.023534
0.023220
0.023064
0.022360
0.022203
0.021499
0.021185
0.020872
0.020324
0.019307
0.018916
0.018446
0.018211
0.018055
0.017350
0.016959
0.016724
0.015863
0.015472
0.015080
0.014611
0.014141
0.014298
0.013672
0.013280
0.013045
0.012654
0.011871
0.011480
0.010932
0.010619
0.009836
0.009993
0.009132
0.008819
0.008427
0.008114
0.007410
0.006940
0.006627
0.006158
0.005845
0.005375
0.004749
0.004671
0.004279
0.003496
0.002949
0.002322
0.001853
0.001853
0.001383
0.001148
0.000522
0.000131
-0.000417
-0.000495
-0.001121
-0.001669
-0.002061
-0.002452
-0.002609
-0.003000
-0.003391
-0.004017
-0.004330
-0.004800
-0.005270
-0.005818
-0.005896
-0.006366
-0.006835
-0.007070
-0.007774
-0.008009
-0.008557
-0.009027
-0.009653
-0.010436
-0.010827
-0.011218
-0.011453
-0.012001
-0.012705
-0.012705
-0.013097
-0.013488
-0.014192
-0.014819
-0.015210
-0.015758
-0.016384
-0.016541
-0.017167
-0.017558
-0.017793
-0.018419
-0.019123
-0.019828
-0.020376
-0.020767
-0.021002
-0.021550
-0.022176
-0.022411
-0.022724
-0.022959
-0.023820
-0.024524
-0.025072
-0.025385
-0.025542
-0.026246
-0.026716
-0.027107
-0.027420
-0.027968
-0.028672
-0.029220
-0.029846
-0.030551
-0.031099
-0.031099
-0.031568
-0.032273
-0.032508
-0.033134
-0.033760
-0.034621
-0.035012
-0.035404
-0.035560
-0.036108
-0.036499
-0.037126
-0.037517
-0.037908
-0.038769
-0.039552
-0.040100
-0.040726
-0.041274
-0.041587
-0.042213
-0.042918
-0.043465
-0.044013
-0.044483
-0.045579
-0.045892
-0.046361
-0.046440
-0.046753
-0.047301
-0.047849
-0.048475
-0.048866
-0.049727
-0.050431
-0.051136
-0.051371
-0.051762
-0.052232
-0.052779
-0.053406
-0.053640
-0.054423
-0.055049
-0.055910
-0.056536
-0.056850
-0.057006
-0.057632
-0.058415
-0.058571
-0.058963
-0.059589
-0.060763
-0.061311
-0.062094
-0.062250
-0.062720
-0.063346
-0.063502
-0.064050
-0.064755
-0.065146
-0.066007
-0.066712
-0.067494
-0.067807
-0.068120
-0.068512
-0.069060
-0.069608
-0.070155
-0.070860
-0.071799
-0.072347
-0.072738
-0.073208
-0.073599
-0.073912
-0.074539
-0.075165
-0.075556
-0.076339
-0.077200
-0.078061
-0.078374
-0.078765
-0.079783
-0.079783
-0.080565
-0.081505
-0.081974
-0.082600
-0.083148
-0.084166
-0.084244
-0.085027
-0.085496
-0.085888
-0.086592
-0.087062
-0.087610
-0.088236
-0.088784
-0.089645
-0.090192
-0.090740
-0.090662
-0.091758
-0.092306
-0.093088
-0.093480
-0.094262
-0.094654
-0.095358
-0.095671
-0.096611
-0.096689
-0.096924
-0.097706
-0.098411
-0.099272
-0.099585
-0.100289
-0.101150
-0.101698
-0.102089
-0.102481
-0.102950
-0.103811
-0.104438
-0.105220
-0.105612
-0.106159
-0.106942
-0.107725
-0.108116
-0.108586
-0.108899
-0.109212
-0.110073
-0.110543
-0.111404
-0.111873
-0.112343
-0.113282
-0.113908
-0.114300
-0.114691
-0.115317
-0.115474
-0.116335
-0.117039
-0.117587
-0.117822
-0.118761
-0.119465
-0.120326
-0.120874
-0.121266
-0.122127
-0.122909
-0.123535
-0.123848
-0.124709
-0.125179
-0.125805
-0.126588
-0.126979
-0.127371
-0.127919
-0.128623
-0.129562
-0.130032
-0.130501
-0.131206
-0.131910
-0.132380
-0.133163
-0.133319
-0.133789
-0.134806
-0.135745
-0.136137
-0.136293
-0.136685
-0.137389
-0.138094
-0.138876
-0.139424
-0.139502
-0.140363
-0.141459
-0.142085
-0.142242
-0.142711
-0.143416
-0.143886
-0.144747
-0.145373
-0.145842
-0.146312
-0.147251
-0.148112
-0.148582
-0.149286
-0.149991
-0.150304
-0.150538
-0.151243
-0.151791
-0.152495
-0.152808
-0.153513
-0.154609
-0.154922
-0.155469
-0.155939
-0.156644
-0.157191
-0.157583
-0.158287
-0.158913
-0.159774
-0.160792
-0.161261
-0.161731
-0.162279
-0.162827
-0.163375
-0.163923
-0.164705
-0.164627
-0.165331
-0.166584
-0.167132
-0.167758
-0.168071
-0.168854
-0.169636
-0.170341
-0.170732
-0.171358
-0.171828
-0.172532
-0.173628
-0.173863
-0.174411
-0.175272
-0.175820
-0.176289
-0.176837
-0.177463
-0.177620
-0.178794
-0.179577
-0.180124
-0.180594
-0.181299
-0.181846
-0.182316
-0.182942
-0.183490
-0.184038
-0.184508
-0.185760
-0.186229
-0.186699
-0.187169
-0.187873
-0.188421
-0.188891
-0.189752
-0.190691
-0.191004
-0.191865
-0.192569
-0.193117
-0.193196
-0.193743
-0.194370
-0.194996
-0.195465
-0.196091
-0.196483
-0.197109
-0.198048
-0.198596
-0.199222
-0.199692
-0.200318
-0.201179
-0.201883
-0.202353
-0.202979
-0.203684
-0.204310
-0.205014
-0.205249
-0.206032
-0.206501
-0.206893
-0.207441
-0.207754
-0.208458
-0.208928
-0.209476
-0.210571
-0.211354
-0.211902
-0.212137
-0.212606
-0.213233
-0.213624
-0.214172
-0.214641
-0.215268
-0.216207
-0.216990
-0.217224
-0.217850
-0.218164
-0.218477
-0.218946
-0.219651
-0.220277
-0.220746
-0.221529
-0.222155
-0.223173
-0.223251
-0.223799
-0.224112
-0.224503
-0.224895
-0.225599
-0.226147
-0.226773
-0.227321
-0.228182
-0.228652
-0.229278
-0.229121
-0.230061
-0.230452
-0.230922
-0.231626
-0.231939
-0.232330
-0.233270
-0.233661
-0.234052
-0.234678
-0.235226
-0.235539
-0.235931
-0.236322
-0.236479
-0.237183
-0.237731
-0.238201
-0.238827
-0.239140
-0.240001
-0.240079
-0.240549
-0.241097
-0.241801
-0.242114
-0.242662
-0.243132
-0.243601
-0.243914
-0.244775
-0.244932
-0.245323
-0.245636
-0.246184
-0.246341
-0.247045
-0.247436
-0.248141
-0.248454
-0.248924
-0.249471
-0.249863
-0.250019
-0.250489
-0.250646
-0.251193
-0.251507
-0.251976
-0.252446
-0.253150
-0.253620
-0.254011
-0.254011
-0.254402
-0.254481
-0.254950
-0.255577
-0.256203
-0.256594
-0.256751
-0.257298
-0.257455
-0.257768
-0.258238
-0.258473
-0.258942
-0.259177
-0.259412
-0.260116
-0.260664
-0.261134
-0.261212
-0.261682
-0.261995
-0.262073
-0.262464
-0.262856
-0.262934
-0.263247
-0.263560
-0.263951
-0.264578
-0.264499
-0.264969
-0.265673
-0.265595
-0.265908
-0.266143
-0.266456
-0.266847
-0.266926
-0.267317
-0.267630
-0.267865
-0.268256
-0.268335
-0.268569
-0.268882
-0.268882
-0.268961
-0.269509
-0.269900
-0.270291
-0.270604
-0.270761
-0.270996
-0.271387
-0.271230
-0.271778
-0.271778
-0.271935
-0.272326
-0.272483
-0.272874
-0.273109
-0.273109
-0.273266
-0.273657
-0.273657
-0.273813
-0.273970
-0.273970
-0.274205
-0.274831
-0.275144
-0.275144
-0.275379
-0.275457
-0.275614
-0.275848
-0.276005
-0.276005
-0.275927
-0.276240
-0.276318
-0.276709
-0.276788
-0.277022
-0.277257
-0.277257
-0.277101
-0.277179
-0.277257
-0.277727
-0.278118
-0.277883
-0.277962
-0.278431
-0.278353
-0.278666
-0.278588
-0.278744
-0.278901
-0.278666
-0.279136
-0.279136
-0.279292
-0.279527
-0.279684
-0.279762
-0.279527
-0.279527
-0.279840
-0.280075
-0.279840
-0.279997
-0.279997
-0.280388
-0.280779
-0.280858
-0.280858
-0.280623
-0.280466
-0.280623
-0.280701
-0.280936
-0.280779
-0.280936
-0.281092
-0.281327
-0.281249
-0.281249
-0.281092
-0.281014
-0.281171
-0.281249
-0.281484
-0.281484
-0.281171
-0.281327
-0.281640
-0.281719
-0.281797
-0.281719
-0.282032
-0.281640
-0.281640
-0.281875
-0.281719
-0.281797
-0.281875
-0.282032
-0.282188
-0.282267
-0.281953
-0.281797
-0.281875
-0.282188
-0.281953
-0.282267
-0.282032
-0.282267
-0.282345
-0.282423
-0.282345
-0.282501
-0.282032
-0.282032
-0.282501
-0.282188
-0.282580
-0.282658
-0.282501
-0.282658
-0.282658
-0.282658
-0.282736
-0.282814
-0.282814
-0.282580
-0.282267
-0.282580
-0.282658
-0.282501
-0.282971
-0.282814
-0.282814
-0.282971
-0.282658
-0.282814
-0.282658
-0.282736
-0.282658
-0.282580
-0.282580
-0.282580
-0.282658
-0.282814
-0.282501
-0.282658
-0.282658
-0.282736
-0.282580
-0.282580
-0.282736
-0.282423
-0.282658
-0.282736
-0.282814
-0.282736
-0.282580
-0.282658
-0.282736
-0.282814
-0.282814
-0.282893
-0.282423
-0.282501
-0.282893
-0.282814
-0.282736
-0.282736
-0.282658
-0.282814
-0.282580
-0.282658
-0.282814
-0.282658
-0.282814
-0.282814
-0.282971
-0.282893
-0.282423
-0.282345
-0.282267
-0.282188
-0.282110
-0.282423
-0.282501
-0.282423
-0.282423
-0.282658
-0.282658
-0.282423
-0.282423
-0.282501
-0.282580
-0.282814
-0.282423
-0.282580
-0.282501
-0.282814
-0.282893
-0.282893
-0.282814
-0.282736
-0.283049
-0.282736
-0.282971
-0.282580
-0.282814
-0.283049
-0.282971
-0.282893
-0.283049
-0.282971
-0.282971
-0.282893
-0.282971
-0.283206
-0.283049
-0.282971
-0.283206
-0.282971
-0.283206
-0.282893
-0.282814
-0.282971
-0.282893
-0.282814
-0.283128
-0.283049
-0.283206
-0.283128
-0.283049
-0.283128
-0.283519
-0.283206
-0.283049
-0.282971
-0.283206
-0.283362
-0.283049
-0.283284
-0.283362
-0.283362
-0.283362
-0.283362
-0.283519
-0.283675
-0.283597
-0.283441
-0.283832
-0.283519
-0.283675
-0.283832
-0.283832
-0.283832
-0.283597
-0.283754
-0.283675
-0.283754
-0.283832
-0.284223
-0.283988
-0.284145
-0.284067
-0.284302
-0.284302
-0.284615
-0.284458
-0.284458
-0.284693
-0.284458
-0.284693
-0.285084
-0.284849
-0.284693
-0.284928
-0.284693
-0.284693
-0.285006
-0.284928
-0.285163
-0.285084
-0.285163
-0.285554
-0.285241
-0.285319
-0.285319
-0.285319
-0.285319
-0.285319
-0.285554
-0.285554
-0.285710
-0.285867
-0.285945
-0.285867
-0.285867
-0.285945
-0.286102
-0.286102
-0.286258
-0.286337
-0.286337
-0.286493
-0.286337
-0.286493
-0.286728
-0.286571
-0.286884
-0.286806
-0.287119
-0.287119
-0.286963
-0.287198
-0.287276
-0.287511
-0.287824
-0.287745
-0.287589
-0.287667
-0.287902
-0.287824
-0.287745
-0.287824
-0.288058
-0.288293
-0.288450
-0.288606
-0.288528
-0.288606
-0.288293
-0.288528
-0.288685
-0.288763
-0.288685
-0.289154
-0.289389
-0.289624
-0.289780
-0.289624
-0.289233
-0.289546
-0.289389
-0.289780
-0.289624
-0.290094
-0.290172
-0.290250
-0.290641
-0.290485
-0.290876
-0.290720
-0.290720
-0.291033
-0.290720
-0.291346
-0.291111
-0.291111
-0.291502
-0.291972
-0.291894
-0.291972
-0.291972
-0.292129
-0.291972
-0.292363
-0.292363
-0.292285
-0.292598
-0.292833
-0.293068
-0.292911
-0.293303
-0.293459
-0.293303
-0.293459
-0.293537
-0.293537
-0.293459
-0.294007
-0.294242
-0.294242
-0.294555
-0.294790
-0.294790
-0.294555
-0.294633
-0.294711
-0.295103
-0.295025
-0.295416
-0.295416
-0.295651
-0.295807
-0.295651
-0.295885
-0.296277
-0.296355
-0.296042
-0.296433
-0.296668
-0.296903
-0.297060
-0.297138
-0.297607
-0.297373
-0.297607
-0.297686
-0.298077
-0.297842
-0.298155
-0.297842
-0.298312
-0.298390
-0.298703
-0.298781
-0.298938
-0.299251
-0.299251
-0.299329
-0.299642
-0.299564
-0.299877
-0.300034
-0.300347
-0.300816
-0.300973
-0.300816
-0.301130
-0.301208
-0.301130
-0.301756
-0.301834
-0.301991
-0.301991
-0.302147
-0.302460
-0.302460
-0.302695
-0.302930
-0.302851
-0.303086
-0.303321
-0.303399
-0.303399
-0.303243
-0.303634
-0.304026
-0.304026
-0.304260
-0.304182
-0.304573
-0.304495
-0.304808
-0.304573
-0.304573
-0.305356
-0.305278
-0.305669
-0.305669
-0.305826
-0.306139
-0.306139
-0.306530
-0.306452
-0.306530
-0.306922
-0.307235
-0.307156
-0.307861
-0.307626
-0.307782
-0.307861
-0.308252
-0.308409
-0.308409
-0.308487
-0.308565
-0.308800
-0.308878
-0.308957
-0.309270
-0.309504
-0.310131
-0.310131
-0.310052
-0.310209
-0.310365
-0.310444
-0.310835
-0.310913
-0.310992
-0.311383
-0.311461
-0.311853
-0.311931
-0.312166
-0.312557
-0.312713
-0.312948
-0.313261
-0.313261
-0.313261
-0.313183
-0.313653
-0.313653
-0.313731
-0.314279
-0.314435
-0.314670
-0.314905
-0.314670
-0.314827
-0.315296
-0.315453
-0.315453
-0.315688
-0.316001
-0.316314
-0.316314
-0.316705
-0.316862
-0.316862
-0.317331
-0.317410
-0.317644
-0.317723
-0.317723
-0.318192
-0.318192
-0.318740
-0.318740
-0.319132
-0.319132
-0.319445
-0.319601
-0.319993
-0.320149
-0.320384
-0.320540
-0.320619
-0.320932
-0.321401
-0.321558
-0.321793
-0.321793
-0.322262
-0.322341
-0.322497
-0.322654
-0.322810
-0.323280
-0.323045
-0.323515
-0.323593
-0.323906
-0.324141
-0.324141
-0.324376
-0.324532
-0.324767
-0.325002
-0.325315
-0.325471
-0.325628
-0.326019
-0.326019
-0.326489
-0.326724
-0.326959
-0.327037
-0.327272
-0.327193
-0.327428
-0.327506
-0.328133
-0.328054
-0.328367
-0.328602
-0.328915
-0.328994
-0.329385
-0.329385
-0.329698
-0.329620
-0.330246
-0.330559
-0.330559
-0.330637
-0.330950
-0.331185
-0.331263
-0.331655
-0.332046
-0.332203
-0.332359
-0.332751
-0.332751
-0.332829
-0.333377
-0.333377
-0.333846
-0.334159
-0.334472
-0.334551
-0.334942
-0.334864
-0.335177
-0.335255
-0.335333
-0.335725
-0.336038
-0.336273
-0.336664
-0.336664
-0.336742
-0.337055
-0.337368
-0.337368
-0.337368
-0.337995
-0.337838
-0.338073
-0.338777
-0.339090
-0.338856
-0.339325
-0.339717
-0.339951
-0.340186
-0.340264
-0.340734
-0.340656
-0.341204
-0.341517
-0.341595
-0.341830
-0.342065
-0.342221
-0.342299
-0.342534
-0.342926
-0.343395
-0.343474
-0.343787
-0.344256
-0.343865
-0.344256
-0.344648
-0.344961
-0.344882
-0.345352
-0.345587
-0.345665
-0.346135
-0.346291
-0.346448
-0.346604
-0.347074
-0.347152
-0.347622
-0.347622
-0.348170
-0.348248
-0.348091
-0.348561
-0.348561
-0.348796
-0.349031
-0.349422
-0.349813
-0.349970
-0.350283
-0.350831
-0.350753
-0.351300
-0.351692
-0.351535
-0.352083
-0.351927
-0.352318
-0.352866
-0.352944
-0.353414
-0.353414
-0.353649
-0.353962
-0.354040
-0.354275
-0.354353
-0.354823
-0.355371
-0.355371
-0.355605
-0.355918
-0.356153
-0.356466
-0.356701
-0.357249
-0.357171
-0.357484
-0.357562
-0.357875
-0.358110
-0.358501
-0.358345
-0.358971
-0.359206
-0.359284
-0.359754
-0.360145
-0.359832
-0.360536
-0.360615
-0.361162
-0.361241
-0.361554
-0.362102
-0.362102
-0.362415
-0.362806
-0.363276
-0.363667
-0.363745
-0.364293
-0.364293
-0.364215
-0.364606
-0.364841
-0.364998
-0.365467
-0.365546
-0.366015
-0.366172
-0.366563
-0.366876
-0.367033
-0.367111
-0.367581
-0.367737
-0.367737
-0.367972
-0.368442
-0.368598
-0.368755
-0.369068
-0.369616
-0.369303
-0.369694
-0.370007
-0.370085
-0.370085
-0.370477
-0.371024
-0.371259
-0.371494
-0.371651
-0.372355
-0.372042
-0.372746
-0.372746
-0.372903
-0.373294
-0.373451
-0.373842
-0.374077
-0.374390
-0.374390
-0.374703
-0.374938
-0.375173
-0.375486
-0.375564
-0.375877
-0.376112
-0.376425
-0.376503
-0.376816
-0.376816
-0.377286
-0.377834
-0.377677
-0.377990
-0.378382
-0.378773
-0.378930
-0.379086
-0.379086
-0.379791
-0.379947
-0.380417
-0.380652
-0.381043
-0.381121
-0.380965
-0.381434
-0.381434
-0.382061
-0.382374
-0.382765
-0.383156
-0.383156
-0.383548
-0.383626
-0.384096
-0.384252
-0.384409
-0.384565
-0.385113
-0.385191
-0.385191
-0.385661
-0.386052
-0.386131
-0.386522
-0.386913
-0.387070
-0.387539
-0.387618
-0.387618
-0.388009
-0.388166
-0.388400
-0.388713
-0.388713
-0.389105
-0.389574
-0.389888
-0.389966
-0.390279
-0.390514
-0.390670
-0.390983
-0.391375
-0.391609
-0.391844
-0.392001
-0.392236
-0.392392
-0.392940
-0.392940
-0.393253
-0.393175
-0.393801
-0.394427
-0.394349
-0.394584
-0.394584
-0.394897
-0.395288
-0.395523
-0.396071
-0.396227
-0.396384
-0.396775
-0.397088
-0.397167
-0.397558
-0.398028
-0.398262
-0.398184
-0.398732
-0.398889
-0.399280
-0.399593
-0.399984
-0.400297
-0.400063
-0.400610
-0.400845
-0.401315
-0.401393
-0.401550
-0.402332
-0.402411
-0.403037
-0.402959
-0.403193
-0.403350
-0.403898
-0.403976
-0.404289
-0.404524
-0.404994
-0.405150
-0.405228
-0.405698
-0.406168
-0.406402
-0.406559
-0.406716
-0.407185
-0.407263
-0.407655
-0.407655
-0.408124
-0.408516
-0.408516
-0.408672
-0.409377
-0.409377
-0.409533
-0.409846
-0.410472
-0.410707
-0.410942
-0.411099
-0.411568
-0.411647
-0.411960
-0.412351
-0.412664
-0.412977
-0.413212
-0.413603
-0.413838
-0.413995
-0.414621
-0.414542
-0.414856
-0.415560
-0.415325
-0.415638
-0.415717
-0.416499
-0.416421
-0.416577
-0.416891
-0.417282
-0.417204
-0.417908
-0.417986
-0.418378
-0.418691
-0.419160
-0.419317
-0.419630
-0.419943
-0.420178
-0.420413
-0.420961
-0.421352
-0.421587
-0.421743
-0.421978
-0.422291
-0.422839
-0.422917
-0.422996
-0.423230
-0.423544
-0.423857
-0.423857
-0.424248
-0.424326
-0.424952
-0.425109
-0.425657
-0.426048
-0.426126
-0.426361
-0.426831
-0.427222
-0.427300
-0.427848
-0.428005
-0.428318
-0.428396
-0.428944
-0.428944
-0.429022
-0.429492
-0.429570
-0.430275
-0.430431
-0.430744
-0.431214
-0.431527
-0.431840
-0.431918
-0.432310
-0.432466
-0.432701
-0.432858
-0.433327
-0.433640
-0.434110
-0.434345
-0.434423
-0.434501
-0.434971
-0.435206
-0.435832
-0.435910
-0.436615
-0.436693
-0.437006
-0.437162
-0.437476
-0.437710
-0.437945
-0.438180
-0.438571
-0.439041
-0.439276
-0.439511
-0.439667
-0.440058
-0.440528
-0.440919
-0.441389
-0.441624
-0.441624
-0.442407
-0.442485
-0.442641
-0.443346
-0.443502
-0.443659
-0.444128
-0.444598
-0.444598
-0.445381
-0.445224
-0.445616
-0.445929
-0.446163
-0.446555
-0.446555
-0.446711
-0.447181
-0.447494
-0.447416
-0.447885
-0.448198
-0.448433
-0.448590
-0.448903
-0.449373
-0.449294
-0.449764
-0.449999
-0.450312
-0.450468
-0.450938
-0.451173
-0.451408
-0.451486
-0.452190
-0.452503
-0.452660
-0.452816
-0.453364
-0.453208
-0.453599
-0.453912
-0.454069
-0.454304
-0.454460
-0.455008
-0.455086
-0.455321
-0.455869
-0.456182
-0.456339
-0.456417
-0.456886
-0.457043
-0.457434
-0.457513
-0.458217
-0.458217
-0.458687
-0.458765
-0.459156
-0.459078
-0.459704
-0.459939
-0.460096
-0.460409
-0.460800
-0.461035
-0.461426
-0.461896
-0.461817
-0.462209
-0.462757
-0.463070
-0.463383
-0.463383
-0.463774
-0.463852
-0.464400
-0.464400
-0.464948
-0.465105
-0.465261
-0.465653
-0.466044
-0.466279
-0.466357
-0.466670
-0.466905
-0.466983
-0.467140
-0.467296
-0.467688
-0.468079
-0.468392
-0.468783
-0.468705
-0.469410
-0.469801
-0.469879
-0.470036
-0.470349
-0.470818
-0.471132
-0.471366
-0.471679
-0.471914
-0.472149
-0.472697
-0.472932
-0.473245
-0.473323
-0.473636
-0.474028
-0.474184
-0.474497
-0.474497
-0.475045
-0.475358
-0.475828
-0.475984
-0.476141
-0.476610
-0.476845
-0.477002
-0.477471
-0.477471
-0.477941
-0.477941
-0.478411
-0.478802
-0.479115
-0.479428
-0.479428
-0.480054
-0.480133
-0.480915
-0.480915
-0.481385
-0.482011
-0.482089
-0.482168
-0.482402
-0.482715
-0.483263
-0.483498
-0.483811
-0.484437
-0.484437
-0.484594
-0.484985
-0.484907
-0.485142
-0.485533
-0.486003
-0.486394
-0.486551
-0.487020
-0.487099
-0.487412
-0.487725
-0.488116
-0.488116
-0.488586
-0.488664
-0.488899
-0.489212
-0.489603
-0.489995
-0.489995
-0.490308
-0.491012
-0.490856
-0.491325
-0.492030
-0.492186
-0.492343
-0.492734
-0.493047
-0.493125
-0.493204
-0.493673
-0.494299
-0.494612
-0.494534
-0.494926
-0.495160
-0.495395
-0.495865
-0.496178
-0.496569
-0.496491
-0.497039
-0.497117
-0.497587
-0.497822
-0.498135
-0.498604
-0.498761
-0.499152
-0.499152
-0.499309
-0.499778
-0.500091
-0.500013
-0.500796
-0.501031
-0.501265
-0.501500
-0.501970
-0.502205
-0.502205
-0.503222
-0.503144
-0.503300
-0.503614
-0.504005
-0.504240
-0.504709
-0.504866
-0.504944
-0.505335
-0.506040
-0.506431
-0.506431
-0.506509
-0.507057
-0.507057
-0.507527
-0.507605
-0.508075
-0.508623
-0.508545
-0.508858
-0.509171
-0.509640
-0.509797
-0.510266
-0.510736
-0.510736
-0.511127
-0.511440
-0.511832
-0.512067
-0.512849
-0.512771
-0.512849
-0.513241
-0.513632
-0.513710
-0.514023
-0.514415
-0.514493
-0.514884
-0.515041
-0.515432
-0.515745
-0.516058
-0.516606
-0.516685
-0.516763
-0.517154
-0.517467
-0.517467
-0.517859
-0.518250
-0.518720
-0.518954
-0.519189
-0.519502
-0.520050
-0.520207
-0.520833
-0.520755
-0.521302
-0.521616
-0.522242
-0.522398
-0.522633
-0.523103
-0.523103
-0.523416
-0.523651
-0.524042
-0.524668
-0.524277
-0.524981
-0.525138
-0.525451
-0.525999
-0.526077
-0.526390
-0.526938
-0.527173
-0.527486
-0.527721
-0.528190
-0.528268
-0.528660
-0.529051
-0.529051
-0.529599
-0.529912
-0.530460
-0.530695
-0.530930
-0.531086
-0.531399
-0.531947
-0.531947
-0.532339
-0.532573
-0.533121
-0.533591
-0.533669
-0.533669
-0.533904
-0.534608
-0.534921
-0.534687
-0.535156
-0.535548
-0.535861
-0.535861
-0.536330
-0.536722
-0.537035
-0.537191
-0.537739
-0.537974
-0.538365
-0.538365
-0.538991
-0.539226
-0.539539
-0.539696
-0.540244
-0.540322
-0.540792
-0.541183
-0.541418
-0.541496
-0.542201
-0.542592
-0.542670
-0.543061
-0.543296
-0.543531
-0.544001
-0.544001
-0.544236
-0.544783
-0.545097
-0.545253
-0.545410
-0.545801
-0.546349
-0.546271
-0.546505
-0.547288
-0.547836
-0.547523
-0.548149
-0.548149
-0.548306
-0.548540
-0.548932
-0.549010
-0.549323
-0.549714
-0.550106
-0.550419
-0.550810
-0.551202
-0.551515
-0.551593
-0.552219
-0.552532
-0.552454
-0.552923
-0.553315
-0.553863
-0.554254
-0.554098
-0.554489
-0.554802
-0.555350
-0.555428
-0.555585
-0.555741
-0.556133
-0.556289
-0.556680
-0.556994
-0.557307
-0.557463
-0.557854
-0.557854
-0.558559
-0.558637
-0.559263
-0.559185
-0.559263
-0.559733
-0.559889
-0.560359
-0.560750
-0.560907
-0.561377
-0.561846
-0.562081
-0.562394
-0.562707
-0.562942
-0.563412
-0.563881
-0.563725
-0.564194
-0.564429
-0.564899
-0.564899
-0.565368
-0.565447
-0.565838
-0.566229
-0.566464
-0.566934
-0.566699
-0.567325
-0.567716
-0.567716
-0.568030
-0.568577
-0.568812
-0.568969
-0.569282
-0.569595
-0.569438
-0.569908
-0.570378
-0.570612
-0.570926
-0.571082
-0.571239
-0.571630
-0.571787
-0.572647
-0.572961
-0.573352
-0.573508
-0.573978
-0.574056
-0.574213
-0.574213
-0.574917
-0.574839
-0.575309
-0.575309
-0.575622
-0.576013
-0.576404
-0.576639
-0.577031
-0.577422
-0.577500
-0.578126
-0.578205
-0.578361
-0.578753
-0.578987
-0.579222
-0.579535
-0.579848
-0.580161
-0.580396
-0.580631
-0.580944
-0.581335
-0.581414
-0.581648
-0.582040
-0.582588
-0.582744
-0.582823
-0.582979
-0.583292
-0.583527
-0.583762
-0.584388
-0.584701
-0.584858
-0.585249
-0.585405
-0.585405
-0.585797
-0.586110
-0.586423
-0.586736
-0.586971
-0.587284
-0.587519
-0.587910
-0.588067
-0.588301
-0.588771
-0.588771
-0.589084
-0.589475
-0.589789
-0.589945
-0.590336
-0.590650
-0.590806
-0.591589
-0.591824
-0.592058
-0.592450
-0.592685
-0.592919
-0.593467
-0.593624
-0.593859
-0.594015
-0.594406
-0.594798
-0.595111
-0.595346
-0.595424
-0.595581
-0.596050
-0.596441
-0.596520
-0.596989
-0.597068
-0.597224
-0.597224
-0.597772
-0.598163
-0.598711
-0.598946
-0.599259
-0.599337
-0.599807
-0.599885
-0.600120
-0.600433
-0.600825
-0.601372
-0.601686
-0.602077
-0.602468
-0.602781
-0.603173
-0.603407
-0.603721
-0.604034
-0.604425
-0.604660
-0.604895
-0.605129
-0.605521
-0.605912
-0.606225
-0.606617
-0.606695
-0.607086
-0.607243
-0.607634
-0.607791
-0.608025
-0.608573
-0.608808
-0.609278
-0.609513
-0.609591
-0.609826
-0.610295
-0.610765
-0.610843
-0.611313
-0.611391
-0.611704
-0.611939
-0.612409
-0.612565
-0.612878
-0.613269
-0.613348
-0.613896
-0.613974
-0.614287
-0.614522
-0.615070
-0.615383
-0.615618
-0.615774
-0.616244
-0.616087
-0.616792
-0.617026
-0.617261
-0.617496
-0.618279
-0.618200
-0.618435
-0.618983
-0.619061
-0.619531
-0.619766
-0.620001
-0.620079
-0.620705
-0.620549
-0.621175
-0.621175
-0.621488
-0.622192
-0.622349
-0.622427
-0.622975
-0.623210
-0.623445
-0.623836
-0.624071
-0.624071
-0.624462
-0.624619
-0.625245
-0.625323
-0.625636
-0.625636
-0.626341
-0.626497
-0.626888
-0.627045
-0.627515
-0.627749
-0.627984
-0.628297
-0.628532
-0.628845
-0.629158
-0.629158
-0.629550
-0.630019
-0.630097
-0.630489
-0.630880
-0.631272
-0.631506
-0.631663
-0.631976
-0.632211
-0.632602
-0.632915
-0.633307
-0.633463
-0.633620
-0.634011
-0.634481
-0.634950
-0.635028
-0.635576
-0.635889
-0.635811
-0.636046
-0.636437
-0.636907
-0.636829
-0.637455
-0.637690
-0.638159
-0.637924
-0.638551
-0.639099
-0.639177
-0.639490
-0.639881
-0.640038
-0.640586
-0.641055
-0.641055
-0.641290
-0.641603
-0.641995
-0.642386
-0.642777
-0.642855
-0.643169
-0.643638
-0.643795
-0.644030
-0.644577
-0.644890
-0.645125
-0.645517
-0.645517
-0.645908
-0.646378
-0.646378
-0.646847
-0.647160
-0.647395
-0.647865
-0.648100
-0.648334
-0.648726
-0.649039
-0.649117
-0.649352
-0.649978
-0.650213
-0.650526
-0.650917
-0.651465
-0.651465
-0.651778
-0.652170
-0.652248
-0.652483
-0.652952
-0.653265
-0.653344
-0.653735
-0.653813
-0.654205
-0.654361
-0.654909
-0.655222
-0.655457
-0.655770
-0.656005
-0.656318
-0.656787
-0.657022
-0.657179
-0.657414
-0.657335
-0.657805
-0.658353
-0.658353
-0.658744
-0.659292
-0.659527
-0.659370
-0.660075
-0.660075
-0.660388
-0.661014
-0.661014
-0.661562
-0.662110
-0.662110
-0.662658
-0.663049
-0.663127
-0.663206
-0.663049
