-0.534295
-0.534765
-0.535235
-0.535391
-0.535548
-0.535626
-0.536174
-0.536330
-0.536722
-0.537035
-0.537113
-0.537661
-0.537739
-0.538365
-0.538522
-0.538678
-0.538835
-0.539148
-0.539461
-0.539931
-0.540479
-0.540479
-0.540557
-0.541261
-0.541418
-0.541496
-0.541887
-0.542201
-0.542514
-0.542514
-0.543453
-0.543296
-0.543453
-0.544001
-0.544001
-0.544392
-0.544862
-0.544862
-0.545331
-0.545253
-0.545801
-0.545879
-0.546505
-0.546740
-0.547288
-0.547366
-0.547679
-0.547914
-0.548149
-0.548227
-0.548697
-0.548853
-0.549401
-0.549480
-0.549793
-0.550106
-0.550106
-0.550419
-0.551123
-0.551123
-0.551749
-0.552063
-0.552141
-0.552532
-0.552767
-0.553002
-0.553471
-0.553550
-0.553863
-0.553941
-0.554254
-0.554567
-0.554958
-0.555115
-0.555506
-0.555585
-0.555976
-0.556289
-0.556524
-0.556837
-0.557385
-0.557463
-0.557698
-0.558168
-0.558481
-0.559029
-0.558872
-0.558950
-0.559107
-0.559655
-0.559968
-0.560281
-0.560985
-0.561298
-0.561611
-0.561611
-0.562159
-0.562238
-0.562785
-0.563177
-0.563412
-0.563568
-0.563881
-0.564116
-0.564507
-0.564664
-0.564742
-0.565212
-0.565681
-0.565916
-0.566229
-0.566699
-0.566777
-0.567169
-0.567403
-0.568186
-0.568264
-0.568264
-0.568656
-0.568499
-0.568969
-0.569438
-0.569751
-0.570143
-0.570378
-0.570612
-0.570926
-0.571082
-0.571787
-0.571865
-0.572021
-0.572256
-0.572569
-0.572726
-0.572961
-0.573508
-0.573978
-0.573822
-0.574213
-0.574604
-0.574761
-0.574761
-0.575230
-0.575622
-0.575935
-0.576170
-0.576170
-0.576717
-0.577187
-0.577187
-0.577657
-0.578048
-0.578126
-0.578283
-0.578831
-0.578674
-0.579144
-0.579300
-0.579613
-0.580318
-0.580553
-0.580866
-0.581179
-0.581727
-0.581805
-0.582118
-0.582196
-0.582588
-0.582744
-0.583057
-0.583214
-0.583762
-0.584075
-0.584231
-0.585092
-0.585249
-0.585405
-0.585562
-0.586110
-0.586345
-0.586658
-0.586971
-0.587127
-0.587206
-0.587910
-0.588223
-0.588458
-0.588928
-0.589006
-0.589084
-0.589554
-0.589789
-0.590180
-0.590493
-0.591119
-0.591197
-0.591354
-0.591354
-0.592137
-0.592293
-0.592685
-0.592841
-0.593076
-0.593546
-0.593937
-0.594093
-0.594720
-0.594641
-0.595267
-0.595424
-0.595894
-0.596128
-0.596598
-0.596676
-0.597146
-0.597381
-0.597537
-0.597694
-0.598007
-0.598633
-0.598790
-0.598790
-0.598946
-0.599651
-0.599807
-0.600277
-0.600590
-0.600512
-0.601216
-0.601842
-0.601764
-0.602233
-0.602860
-0.603486
-0.603799
-0.603642
-0.604112
-0.604425
-0.604973
-0.605051
-0.605756
-0.605912
-0.606069
-0.606225
-0.606225
-0.606773
-0.607399
-0.607869
-0.607712
-0.608025
-0.608260
-0.608417
-0.608808
-0.609356
-0.609434
-0.609826
-0.610217
-0.610217
-0.610530
-0.610843
-0.611078
-0.611469
-0.611704
-0.612095
-0.612330
-0.612487
-0.612956
-0.613269
-0.613583
-0.613661
-0.613896
-0.614365
-0.614600
-0.614835
-0.615226
-0.615383
-0.615696
-0.616009
-0.616635
-0.616635
-0.617026
-0.617418
-0.617574
-0.618044
-0.618122
-0.618357
-0.618670
-0.618748
-0.619218
-0.619296
-0.619844
-0.620157
-0.620314
-0.620392
-0.620940
-0.621096
-0.621331
-0.621644
-0.622271
-0.622740
-0.622740
-0.623053
-0.623288
-0.623445
-0.623992
-0.624697
-0.624540
-0.625010
-0.624932
-0.625793
-0.626027
-0.626106
-0.626497
-0.626888
-0.627123
-0.627202
-0.627671
-0.627984
-0.628376
-0.628454
-0.628297
-0.628923
-0.629315
-0.629863
-0.629706
-0.630567
-0.630332
-0.630802
-0.630880
-0.631193
-0.631741
-0.631819
-0.632133
-0.632133
-0.632680
-0.633072
-0.633150
-0.633228
-0.633541
-0.633776
-0.634246
-0.634324
-0.634872
-0.635028
-0.635342
-0.635498
-0.636203
-0.636594
-0.636750
-0.636985
-0.637377
-0.637690
-0.637768
-0.638238
-0.638472
-0.638551
-0.639177
-0.639177
-0.639490
-0.639959
-0.640038
-0.640351
-0.640899
-0.640820
-0.641290
-0.641447
-0.642073
-0.642073
-0.642621
-0.643012
-0.643325
-0.643482
-0.643638
-0.644030
-0.644108
-0.644577
-0.644656
-0.644969
-0.645517
-0.645595
-0.645751
-0.646221
-0.646221
-0.646378
-0.646926
-0.647395
-0.647473
-0.647708
-0.647943
-0.648178
-0.648882
-0.648647
-0.648961
-0.649352
-0.649665
-0.649587
-0.650056
-0.650917
-0.651074
-0.651543
-0.651700
-0.651778
-0.651935
-0.652404
-0.652483
-0.652639
-0.653344
-0.653500
-0.653657
-0.654048
-0.654439
-0.654831
-0.655066
-0.655457
-0.655613
-0.656161
-0.656318
-0.656631
-0.657101
-0.657022
-0.657335
-0.657727
-0.657648
-0.657727
-0.658196
-0.658118
-0.658353
-0.658509
-0.658588
-0.658666
-0.658353
-0.658118
-0.657883
-0.657727
-0.657648
-0.657727
-0.657492
-0.657492
-0.657257
-0.656944
-0.657022
-0.656631
-0.656396
-0.656474
-0.655848
-0.655770
-0.655457
-0.655222
-0.654909
-0.654752
-0.654439
-0.654126
-0.654126
-0.653813
-0.653265
-0.653187
-0.652874
-0.652404
-0.652170
-0.651622
-0.651700
-0.651074
-0.651074
-0.650839
-0.650291
-0.649900
-0.649508
-0.649430
-0.648882
-0.648804
-0.648413
-0.648100
-0.647865
-0.647473
-0.647395
-0.646691
-0.646299
-0.646143
-0.645830
-0.645438
-0.645438
-0.644812
-0.644421
-0.644108
-0.643795
-0.643560
-0.643169
-0.643090
-0.642464
-0.642151
-0.641760
-0.641447
-0.640977
-0.640742
-0.640273
-0.640116
-0.639881
-0.639646
-0.639177
-0.638629
-0.638551
-0.637924
-0.637768
-0.637533
-0.637377
-0.637064
-0.636829
-0.636359
-0.635811
-0.635107
-0.635028
-0.634794
-0.634402
-0.633776
-0.633541
-0.633620
-0.633150
-0.632680
-0.632367
-0.631819
-0.631428
-0.631193
-0.630880
-0.630802
-0.630567
-0.630019
-0.629628
-0.629315
-0.629315
-0.628767
-0.628062
-0.628219
-0.627828
-0.627515
-0.626888
-0.626654
-0.626654
-0.626184
-0.625480
-0.625166
-0.624853
-0.624619
-0.624384
-0.624149
-0.623836
-0.623523
-0.623288
-0.622584
-0.622192
-0.621957
-0.621253
-0.621410
-0.621175
-0.620705
-0.620549
-0.619766
-0.619609
-0.619453
-0.619296
-0.618827
-0.618514
-0.618122
-0.617574
-0.617418
-0.617183
-0.616870
-0.616322
-0.616165
-0.615852
-0.615461
-0.615148
-0.614991
-0.614757
-0.614600
-0.614130
-0.613896
-0.613583
-0.613269
-0.612722
-0.612487
-0.611861
-0.611313
-0.611469
-0.610843
-0.611000
-0.610295
-0.610060
-0.609747
-0.609434
-0.609199
-0.608808
-0.608652
-0.608104
-0.607712
-0.607634
-0.607321
-0.606930
-0.606538
-0.605990
-0.605990
-0.605677
-0.605208
-0.604660
-0.604347
-0.604112
-0.603642
-0.603329
-0.603173
-0.602860
-0.602468
-0.601920
-0.601842
-0.601529
-0.600512
-0.600277
-0.600355
-0.600277
-0.599885
-0.599416
-0.598946
-0.598555
-0.598320
-0.598163
-0.597929
-0.597381
-0.596989
-0.596520
-0.596128
-0.595894
-0.595737
-0.595346
-0.595111
-0.594641
-0.594406
-0.593937
-0.593859
-0.593546
-0.592919
-0.592841
-0.592606
-0.591980
-0.591667
-0.590963
-0.591197
-0.590493
-0.590102
-0.589867
-0.589554
-0.589475
-0.588928
-0.588536
-0.588223
-0.587754
-0.587832
-0.587362
-0.586736
-0.586658
-0.586345
-0.585797
-0.585327
-0.585171
-0.584858
-0.584779
-0.584231
-0.583762
-0.583292
-0.583136
-0.582901
-0.582509
-0.582118
-0.581962
-0.581648
-0.581335
-0.581022
-0.580474
-0.580083
-0.580083
-0.579300
-0.579222
-0.578831
-0.578518
-0.578048
-0.577970
-0.577344
-0.577187
-0.576796
-0.576639
-0.576091
-0.576013
-0.575857
-0.575700
-0.574839
-0.574291
-0.574056
-0.573587
-0.573352
-0.573274
-0.572726
-0.572569
-0.572256
-0.572021
-0.571552
-0.571160
-0.570769
-0.570534
-0.570299
-0.569986
-0.569360
-0.568812
-0.568891
-0.568577
-0.568186
-0.567482
-0.567403
-0.567090
-0.566777
-0.566308
-0.566151
-0.565916
-0.565525
-0.565447
-0.564977
-0.564586
-0.564273
-0.564194
-0.563803
-0.563568
-0.563099
-0.562707
-0.562472
-0.561846
-0.561533
-0.560985
-0.560750
-0.560203
-0.559889
-0.559576
-0.559420
-0.559029
-0.558715
-0.558246
-0.557776
-0.557698
-0.557463
-0.556994
-0.556680
-0.556054
-0.555741
-0.555898
-0.555350
-0.554724
-0.554958
-0.554645
-0.554176
-0.553628
-0.553002
-0.553002
-0.552610
-0.552532
-0.552063
-0.551906
-0.551436
-0.551280
-0.550810
-0.550497
-0.550027
-0.549714
-0.549401
-0.549088
-0.548853
-0.548619
-0.548227
-0.547914
-0.547366
-0.547132
-0.546662
-0.546740
-0.546114
-0.545957
-0.545801
-0.545410
-0.545018
-0.544470
-0.544392
-0.544157
-0.543922
-0.543218
-0.543218
-0.542592
-0.542435
-0.541887
-0.541340
-0.541105
-0.540635
-0.540479
-0.540166
-0.540087
-0.539539
-0.539226
-0.538991
-0.538522
-0.538287
-0.537974
-0.537504
-0.537191
-0.537035
-0.536800
-0.536174
-0.535939
-0.535782
-0.535156
-0.534765
-0.534687
-0.534374
-0.534217
-0.533669
-0.533199
-0.532730
-0.532495
-0.532182
-0.531791
-0.531712
-0.531321
-0.530773
-0.530617
-0.530069
-0.529834
-0.529677
-0.529443
-0.528738
-0.528816
-0.528190
-0.528034
-0.527329
-0.527329
-0.526860
-0.526547
-0.526077
-0.525920
-0.525529
-0.525294
-0.524903
-0.524433
-0.524042
-0.523807
-0.523651
-0.523337
-0.522790
-0.522711
-0.522398
-0.522007
-0.521381
-0.521381
-0.520676
-0.520363
-0.520598
-0.519815
-0.519424
-0.519424
-0.518876
-0.518720
-0.518172
-0.517780
-0.517859
-0.517232
-0.516606
-0.516215
-0.516371
-0.515667
-0.515667
-0.515197
-0.514728
-0.514650
-0.514336
-0.513945
-0.513632
-0.513397
-0.513084
-0.512615
-0.512301
-0.512067
-0.511206
-0.510893
-0.510893
-0.510658
-0.510345
-0.509953
-0.509562
-0.509640
-0.509171
-0.508936
-0.508388
-0.508231
-0.507918
-0.507370
-0.507370
-0.506901
-0.506588
-0.506196
-0.505805
-0.505727
-0.505257
-0.504788
-0.504474
-0.504240
-0.504005
-0.503535
-0.503300
-0.503066
-0.502596
-0.501892
-0.501735
-0.501344
-0.500952
-0.500952
-0.500561
-0.500404
-0.499778
-0.499465
-0.499387
-0.499152
-0.498604
-0.498369
-0.498056
-0.497587
-0.497430
-0.496804
-0.496726
-0.496647
-0.496178
-0.495708
-0.495395
-0.494926
-0.495082
-0.494456
-0.493986
-0.493830
-0.493673
-0.493047
-0.492812
-0.492577
-0.492577
-0.491873
-0.491717
-0.491560
-0.491090
-0.490856
-0.490621
-0.490151
-0.489603
-0.489368
-0.489055
-0.488664
-0.488273
-0.487881
-0.487333
-0.487255
-0.487099
-0.486786
-0.486238
-0.485846
-0.485925
-0.485377
-0.484985
-0.484985
-0.484750
-0.484203
-0.483968
-0.483498
-0.483185
-0.482950
-0.482950
-0.482402
-0.482246
-0.481698
-0.481385
-0.480837
-0.480446
-0.480054
-0.479819
-0.479506
-0.479037
-0.479115
-0.478645
-0.478176
-0.477863
-0.477706
-0.477393
-0.477315
-0.476924
-0.476532
-0.476219
-0.475828
-0.475280
-0.474967
-0.474732
-0.474262
-0.474106
-0.473793
-0.473401
-0.473245
-0.472853
-0.472384
-0.472384
-0.471993
-0.471836
-0.471523
-0.471366
-0.470584
-0.470505
-0.470505
-0.469801
-0.469488
-0.469253
-0.469175
-0.468470
-0.468314
-0.467922
-0.467609
-0.467218
-0.466905
-0.466514
-0.466514
-0.466044
-0.465887
-0.465183
-0.465027
-0.464713
-0.464244
-0.464009
-0.463696
-0.463774
-0.463461
-0.462913
-0.462522
-0.462522
-0.461974
-0.461817
-0.461661
-0.461348
-0.460722
-0.460800
-0.460252
-0.459704
-0.459704
-0.458921
-0.458921
-0.458452
-0.458139
-0.457904
-0.457356
-0.457356
-0.457043
-0.456808
-0.456417
-0.456025
-0.455634
-0.455243
-0.454930
-0.454695
-0.454460
-0.454225
-0.453756
-0.453521
-0.452738
-0.452660
-0.452347
-0.452190
-0.451955
-0.451642
-0.451408
-0.451251
-0.450703
-0.450547
-0.450077
-0.449764
-0.449451
-0.449216
-0.448981
-0.448590
-0.448512
-0.447885
-0.447572
-0.447338
-0.447494
-0.446790
-0.446477
-0.446555
-0.446007
-0.445929
-0.445616
-0.445224
-0.444598
-0.444598
-0.444520
-0.443894
-0.443581
-0.443189
-0.443189
-0.442954
-0.442250
-0.442172
-0.441624
-0.441467
-0.441076
-0.440058
-0.439902
-0.439589
-0.439276
-0.439041
-0.438571
-0.438102
-0.438023
-0.437945
-0.437554
-0.437006
-0.437084
-0.436536
-0.436145
-0.435675
-0.435362
-0.435049
-0.434814
-0.434658
-0.434345
-0.433719
-0.433640
-0.433327
-0.433014
-0.432545
-0.432153
-0.432310
-0.431918
-0.431527
-0.431136
-0.430823
-0.430275
-0.430040
-0.429883
-0.429570
-0.429101
-0.428553
-0.428318
-0.428631
-0.427848
-0.427379
-0.427066
-0.426909
-0.426831
-0.426518
-0.425735
-0.425813
-0.425657
-0.425265
-0.424639
-0.424248
-0.424091
-0.423857
-0.423387
-0.423309
-0.422683
-0.422448
-0.421978
-0.421274
-0.421352
-0.420961
-0.421117
-0.420569
-0.420021
-0.419708
-0.419317
-0.418926
-0.418769
-0.418378
-0.417986
-0.417438
-0.417360
-0.417204
-0.416499
-0.416421
-0.416343
-0.415795
-0.415482
-0.415090
-0.414777
-0.414229
-0.414151
-0.413995
-0.413212
-0.412977
-0.412742
-0.412507
-0.412038
-0.411647
-0.411412
-0.411255
-0.410942
-0.410472
-0.410316
-0.410159
-0.409768
-0.409455
-0.409064
-0.408672
-0.408359
-0.407968
-0.407655
-0.407733
-0.407420
-0.406794
-0.406246
-0.406324
-0.406168
-0.405620
-0.405150
-0.405072
-0.404680
-0.404446
-0.404602
-0.404211
-0.403585
-0.403428
-0.403115
-0.402959
-0.402098
-0.401706
-0.401393
-0.401315
-0.400689
-0.399906
-0.399984
-0.399280
-0.399045
-0.399045
-0.398497
-0.398184
-0.398184
-0.397714
-0.397323
-0.397245
-0.396932
-0.396462
-0.396462
-0.395836
-0.395601
-0.395053
-0.394975
-0.394740
-0.394192
-0.394192
-0.394036
-0.393410
-0.393018
-0.392862
-0.392549
-0.392236
-0.392001
-0.391844
-0.391453
-0.390983
-0.390983
-0.390592
-0.390279
-0.389888
-0.389574
-0.389418
-0.388870
-0.388557
-0.388166
-0.388087
-0.387774
-0.387618
-0.387148
-0.386835
-0.386444
-0.386522
-0.386287
-0.385739
-0.385583
-0.385035
-0.384643
-0.384330
-0.384017
-0.383704
-0.383391
-0.383235
-0.383156
-0.382921
-0.382295
-0.382217
-0.381747
-0.381513
-0.380886
-0.380573
-0.380260
-0.380026
-0.379634
-0.379243
-0.379086
-0.378851
-0.378773
-0.378304
-0.378147
-0.377912
-0.377443
-0.376973
-0.376816
-0.376269
-0.376034
-0.375877
-0.375642
-0.374938
-0.374938
-0.374781
-0.374312
-0.374155
-0.373999
-0.373451
-0.373373
-0.372746
-0.372746
-0.372433
-0.372042
-0.371885
-0.371259
-0.371024
-0.370711
-0.370477
-0.370242
-0.370007
-0.369694
-0.369303
-0.369146
-0.368598
-0.368285
-0.368050
-0.367737
-0.367424
-0.367033
-0.367268
-0.366876
-0.366485
-0.366015
-0.365702
-0.365389
-0.364998
-0.364763
-0.364450
-0.364372
-0.363667
-0.363354
-0.363589
-0.362963
-0.362884
-0.362337
-0.362415
-0.361945
-0.361241
-0.361006
-0.360771
-0.360536
-0.360145
-0.359754
-0.359206
-0.358893
-0.358736
-0.358267
-0.358267
-0.358110
-0.357719
-0.357406
-0.357014
-0.356623
-0.356466
-0.356153
-0.356075
-0.355684
-0.355605
-0.355136
-0.354823
-0.354666
-0.354588
-0.353883
-0.353336
-0.353179
-0.352866
-0.352866
-0.352396
-0.352240
-0.352005
-0.351535
-0.351144
-0.350831
-0.350283
-0.350126
-0.349735
-0.349579
-0.349187
-0.349265
-0.349031
-0.348874
-0.348013
-0.348013
-0.347857
-0.347622
-0.347230
-0.346683
-0.346526
-0.346369
-0.345978
-0.345822
-0.345978
-0.345430
-0.344804
-0.344804
-0.344648
-0.344100
-0.343943
-0.343552
-0.343317
-0.342926
-0.342691
-0.342613
-0.342143
-0.342065
-0.341830
-0.341517
-0.341125
-0.340656
-0.340499
-0.340186
-0.339717
-0.339560
-0.339247
-0.339012
-0.338308
-0.338229
-0.337760
-0.337682
-0.337447
-0.337290
-0.336977
-0.336508
-0.336194
-0.336038
-0.335803
-0.335490
-0.335020
-0.334786
-0.334394
-0.334238
-0.333612
-0.333612
-0.333533
-0.333220
-0.332751
-0.332359
-0.332359
-0.331733
-0.331420
-0.331420
-0.330794
-0.330794
-0.330559
-0.330089
-0.329855
-0.329541
-0.329541
-0.328994
-0.328837
-0.328446
-0.328211
-0.327820
-0.327428
-0.327272
-0.327193
-0.326646
-0.326567
-0.326254
-0.326254
-0.325941
-0.325315
-0.324924
-0.324845
-0.324532
-0.324063
-0.323906
-0.323828
-0.323436
-0.323202
-0.322889
-0.322654
-0.322341
-0.322028
-0.321636
-0.320854
-0.320932
-0.320854
-0.320306
-0.319601
-0.319445
-0.319210
-0.319132
-0.318349
-0.318271
-0.318427
-0.317879
-0.317879
-0.317410
-0.317175
-0.316627
-0.316392
-0.316157
-0.315923
-0.315375
-0.315453
-0.315296
-0.314748
-0.314827
-0.314514
-0.313888
-0.313888
-0.313496
-0.313340
-0.312870
-0.312557
-0.312400
-0.312009
-0.312009
-0.311618
-0.311226
-0.310913
-0.310757
-0.310365
-0.310052
-0.309270
-0.309270
-0.309035
-0.308957
-0.308722
-0.308096
-0.307704
-0.307626
-0.307469
-0.307000
-0.306843
-0.306608
-0.305982
-0.305982
-0.305747
-0.305591
-0.305121
-0.304965
-0.304887
-0.304339
-0.304026
-0.304026
-0.303712
-0.303399
-0.303086
-0.302538
-0.302460
-0.302069
-0.301912
-0.301834
-0.301599
-0.301130
-0.300895
-0.300347
-0.300112
-0.299877
-0.299642
-0.299251
-0.298625
-0.298703
-0.298077
-0.297999
-0.297764
-0.297607
-0.297294
-0.296903
-0.296746
-0.296512
-0.296199
-0.295964
-0.295572
-0.295181
-0.294946
-0.294711
-0.294398
-0.294242
-0.294007
-0.293616
-0.293303
-0.293303
-0.293068
-0.292755
-0.292207
-0.291972
-0.291815
-0.291268
-0.290954
-0.290876
-0.290641
-0.290485
-0.289937
-0.289702
-0.289546
-0.289546
-0.288998
-0.288685
-0.288528
-0.288293
-0.287980
-0.287745
-0.287667
-0.287354
-0.287432
-0.287119
-0.286963
-0.286571
-0.286258
-0.285710
-0.285319
-0.284928
-0.285006
-0.284849
-0.284380
-0.284380
-0.283910
-0.283597
-0.283597
-0.283441
-0.282736
-0.282736
-0.282267
-0.282032
-0.281875
-0.281640
-0.281249
-0.280779
-0.280545
-0.280310
-0.279997
-0.279840
-0.279527
-0.279057
-0.278744
-0.278431
-0.278431
-0.278118
-0.277883
-0.277570
-0.277179
-0.277101
-0.276788
-0.276475
-0.276318
-0.276240
-0.275692
-0.275301
-0.275066
-0.274831
-0.274518
-0.274518
-0.274048
-0.273892
-0.273735
-0.273187
-0.273344
-0.272874
-0.272639
-0.272326
-0.272248
-0.272013
-0.271622
-0.271622
-0.271309
-0.271152
-0.271152
-0.270526
-0.270370
-0.270056
-0.269665
-0.269274
-0.269274
-0.269039
-0.269039
-0.268648
-0.268256
-0.268100
-0.267943
-0.268100
-0.267865
-0.267317
-0.267160
-0.266691
-0.266065
-0.265908
-0.265752
-0.265830
-0.265204
-0.265360
-0.264969
-0.264969
-0.264891
-0.264499
-0.264030
-0.263873
-0.263560
-0.263169
-0.263012
-0.262464
-0.262308
-0.262229
-0.262229
-0.261760
-0.261603
-0.261447
-0.260821
-0.260429
-0.260116
-0.259725
-0.259881
-0.259490
-0.259568
-0.259333
-0.259020
-0.258942
-0.258629
-0.258316
-0.258003
-0.257612
-0.257064
-0.256907
-0.257064
-0.256516
-0.256203
-0.256281
-0.255968
-0.256124
-0.255655
-0.255498
-0.255107
-0.254950
-0.254559
-0.254168
-0.253855
-0.253542
-0.253776
-0.253542
-0.253542
-0.253150
-0.252915
-0.252602
-0.252289
-0.252289
-0.251898
-0.251428
-0.251428
-0.251193
-0.251037
-0.250880
-0.250724
-0.250489
-0.250254
-0.249706
-0.249785
-0.249158
-0.249393
-0.248924
-0.248689
-0.248376
-0.248297
-0.248063
-0.247750
-0.247671
-0.247593
-0.247202
-0.246967
-0.246497
-0.246419
-0.246106
-0.246184
-0.245871
-0.245558
-0.245245
-0.245245
-0.245167
-0.244619
-0.244775
-0.243993
-0.244149
-0.243758
-0.243445
-0.243288
-0.242975
-0.243132
-0.242505
-0.242740
-0.242662
-0.242349
-0.241879
-0.241879
-0.241410
-0.241175
-0.241018
-0.240940
-0.240705
-0.240314
-0.240314
-0.239844
-0.239688
-0.239296
-0.239218
-0.239140
-0.238670
-0.238514
-0.237966
-0.237966
-0.237888
-0.237653
-0.237574
-0.237340
-0.237027
-0.236714
-0.236557
-0.236244
-0.235853
-0.236087
-0.235539
-0.235226
-0.235383
-0.235148
-0.234835
-0.234600
-0.234600
-0.234522
-0.233974
-0.233739
-0.233270
-0.233270
-0.233191
-0.232957
-0.232878
-0.232565
-0.232409
-0.232252
-0.231939
-0.231626
-0.231469
-0.231469
-0.231313
-0.231235
-0.231000
-0.230843
-0.230687
-0.230530
-0.230295
-0.229982
-0.229748
-0.229434
-0.229278
-0.228965
-0.228887
-0.228652
-0.228417
-0.228104
-0.228182
-0.227556
-0.227556
-0.227321
-0.227008
-0.226852
-0.226773
-0.226852
-0.226382
-0.226147
-0.226069
-0.225991
-0.225677
-0.225677
-0.225599
-0.225130
-0.225208
-0.224738
-0.224660
-0.224582
-0.224347
-0.224425
-0.224034
-0.223956
-0.223799
-0.223408
-0.223173
-0.223095
-0.222938
-0.222547
-0.222625
-0.222234
-0.222077
-0.221686
-0.221764
-0.221842
-0.221529
-0.221529
-0.221216
-0.220903
-0.220590
-0.220590
-0.220512
-0.220355
-0.220277
-0.219886
-0.219807
-0.219651
-0.219416
-0.219494
-0.218868
-0.219103
-0.218711
-0.218633
-0.218633
-0.218398
-0.218242
-0.217929
-0.217694
-0.217772
-0.217694
-0.217772
-0.217068
-0.217224
-0.216990
-0.216755
-0.216442
-0.216598
-0.216520
-0.216363
-0.215972
-0.216050
-0.215659
-0.215659
-0.215581
-0.215268
-0.215111
-0.215033
-0.214798
-0.214563
-0.214485
-0.214250
-0.214172
-0.214094
-0.213859
-0.213624
-0.213937
-0.213546
-0.213702
-0.213154
-0.213154
-0.212841
-0.212685
-0.212685
-0.212606
-0.212528
-0.212293
-0.212215
-0.212059
-0.211824
-0.211745
-0.211824
-0.211589
-0.211589
-0.211119
-0.210963
-0.211198
-0.210806
-0.210728
-0.210884
-0.210650
-0.210650
-0.210571
-0.210102
-0.210102
-0.210024
-0.209632
-0.209554
-0.209397
-0.209241
-0.208849
-0.209084
-0.209397
-0.209006
-0.208928
-0.208693
-0.208380
-0.208380
-0.208145
-0.208067
-0.207910
-0.207754
-0.207910
-0.207910
-0.207754
-0.207597
-0.207519
-0.207128
-0.206971
-0.207128
-0.206893
-0.206736
-0.206658
-0.206658
-0.206736
-0.206893
-0.206814
-0.206267
-0.206345
-0.206345
-0.205953
-0.205797
-0.205875
-0.205953
-0.205640
-0.205484
-0.205719
-0.205406
-0.205171
-0.205327
-0.205249
-0.205093
-0.204858
-0.204858
-0.204779
-0.204466
-0.204936
-0.204701
-0.204545
-0.204545
-0.204623
-0.204232
-0.203762
-0.204075
-0.203762
-0.204232
-0.203605
-0.203840
-0.203918
-0.203762
-0.203840
-0.203918
-0.203371
-0.203371
-0.203214
-0.203214
-0.203136
-0.203371
-0.203058
-0.202901
-0.203449
-0.203449
-0.203449
-0.203058
-0.202744
-0.202666
-0.202744
-0.202744
-0.202666
-0.202353
-0.202197
-0.202666
-0.202744
-0.202197
-0.202510
-0.202197
-0.202118
-0.202040
-0.202040
-0.202118
-0.202040
-0.201883
-0.201649
-0.201962
-0.202040
-0.201805
-0.201883
-0.201336
-0.201649
-0.201727
-0.201492
-0.201414
-0.201805
-0.201414
-0.201570
-0.201570
-0.201414
-0.201179
-0.201336
-0.201022
-0.201257
-0.201022
-0.201022
-0.201257
-0.200788
-0.200866
-0.201257
-0.201336
-0.200788
-0.200944
-0.200631
-0.201101
-0.200788
-0.200788
-0.200944
-0.200475
-0.201101
-0.201022
-0.201179
-0.200944
-0.201101
-0.201179
-0.200866
-0.200866
-0.200709
-0.201022
-0.200475
-0.200866
-0.201101
-0.201179
-0.201336
-0.201414
-0.201022
-0.201022
-0.201101
-0.201022
-0.200944
-0.201179
-0.201492
-0.201101
-0.201257
-0.201336
-0.201492
-0.201336
-0.201414
-0.201492
-0.201101
-0.201179
-0.201649
-0.201257
-0.201101
-0.201492
-0.201179
-0.201414
-0.201492
-0.201492
-0.201257
-0.201492
-0.201727
-0.201336
-0.201570
-0.201805
-0.201414
-0.201883
-0.201805
-0.201883
-0.201649
-0.201492
-0.201336
-0.201805
-0.201883
-0.201805
-0.202040
-0.202040
-0.202353
-0.202431
-0.202431
-0.202353
-0.202353
-0.202353
-0.201962
-0.202197
-0.202431
-0.202353
-0.202353
-0.202510
-0.202040
-0.202431
-0.202431
-0.202431
-0.202666
-0.202275
-0.202353
-0.202588
-0.202588
-0.202744
-0.202901
-0.202823
-0.203058
-0.203292
-0.202979
-0.202823
-0.202588
-0.203136
-0.202979
-0.203214
-0.203292
-0.203527
-0.203605
-0.203605
-0.203449
-0.203605
-0.203371
-0.203527
-0.203449
-0.203918
-0.203605
-0.203762
-0.204075
-0.203605
-0.203918
-0.204153
-0.204153
-0.204153
-0.204232
-0.204232
-0.204310
-0.204310
-0.204545
-0.204466
-0.204936
-0.204701
-0.204858
-0.204623
-0.204388
-0.204623
-0.204779
-0.205014
-0.205014
-0.205093
-0.204936
-0.205406
-0.205406
-0.205171
-0.205249
-0.205327
-0.205562
-0.205327
-0.205640
-0.205797
-0.205640
-0.205719
-0.205719
-0.206110
-0.206110
-0.206032
-0.206032
-0.206032
-0.206032
-0.206110
-0.206423
-0.206188
-0.206501
-0.206110
-0.206580
-0.206501
-0.206580
-0.206580
-0.206736
-0.207049
-0.206893
-0.206814
-0.206893
-0.206971
-0.207049
-0.207362
-0.207206
-0.207362
-0.206971
-0.207206
-0.207441
-0.207675
-0.207362
-0.207284
-0.207519
-0.207519
-0.207675
-0.207754
-0.207519
-0.207754
-0.207519
-0.207754
-0.207754
-0.207910
-0.208067
-0.208145
-0.208067
-0.208302
-0.208458
-0.208067
-0.208223
-0.208145
-0.208380
-0.208536
-0.208615
-0.208223
-0.208223
-0.208536
-0.208380
-0.208615
-0.208458
-0.208302
-0.208693
-0.208771
-0.208928
-0.208536
-0.208536
-0.208458
-0.208615
-0.208693
-0.208928
-0.208536
-0.208771
-0.208771
-0.209163
-0.209084
-0.209241
-0.208849
-0.208928
-0.208771
-0.208771
-0.208615
-0.208615
-0.208615
-0.209084
-0.208771
-0.208536
-0.208536
-0.208380
-0.208458
-0.208536
-0.208536
-0.208302
-0.208536
-0.208380
-0.208380
-0.208380
-0.208380
-0.208223
-0.208067
-0.208223
-0.208145
-0.208067
-0.207832
-0.208145
-0.207989
-0.207989
-0.208067
-0.208067
-0.207832
-0.207754
-0.207675
-0.207441
-0.207441
-0.207519
-0.207597
-0.207675
-0.207754
-0.207519
-0.207206
-0.206814
-0.206893
-0.206814
-0.206736
-0.206580
-0.206188
-0.206267
-0.206110
-0.206032
-0.206032
-0.206110
-0.205875
-0.205719
-0.205562
-0.205249
-0.205249
-0.204936
-0.204936
-0.204936
-0.204779
-0.204545
-0.204310
-0.204545
-0.204310
-0.204075
-0.203840
-0.203684
-0.203371
-0.203214
-0.203136
-0.203058
-0.202901
-0.203058
-0.202510
-0.202275
-0.202197
-0.201805
-0.201570
-0.201414
-0.200944
-0.200866
-0.200553
-0.200240
-0.200005
-0.200083
-0.199535
-0.199535
-0.198909
-0.198753
-0.198518
-0.198361
-0.198205
-0.197813
-0.197579
-0.197266
-0.196952
-0.196796
-0.196405
-0.196326
-0.196091
-0.196013
-0.195309
-0.195465
-0.194917
-0.194761
-0.194448
-0.194056
-0.193665
-0.193039
-0.192961
-0.192335
-0.192178
-0.191943
-0.191865
-0.191787
-0.191474
-0.190926
-0.190613
-0.190300
-0.189517
-0.189204
-0.189047
-0.188812
-0.188343
-0.187717
-0.187638
-0.187325
-0.187012
-0.186543
-0.186073
-0.185447
-0.185369
-0.184899
-0.184586
-0.183803
-0.184116
-0.183490
-0.183020
-0.182707
-0.182081
-0.181612
-0.181455
-0.180829
-0.180438
-0.179890
-0.179890
-0.179577
-0.178872
-0.178481
-0.178324
-0.177542
-0.176915
-0.176602
-0.176054
-0.175741
-0.175272
-0.174880
-0.174724
-0.174176
-0.173706
-0.173002
-0.172611
-0.171906
-0.171437
-0.171123
-0.170576
-0.170419
-0.169715
-0.169323
-0.168384
-0.168227
-0.167523
-0.166584
-0.166114
-0.165488
-0.164784
-0.164549
-0.163923
-0.163531
-0.163296
-0.162749
-0.162279
-0.160948
-0.160557
-0.160166
-0.159226
-0.158679
-0.157974
-0.157504
-0.157348
-0.156644
-0.156487
-0.155313
-0.154922
-0.154061
-0.153904
-0.153200
-0.152573
-0.151791
-0.151399
-0.151008
-0.150460
-0.149991
-0.148973
-0.148347
-0.147877
-0.147016
-0.146390
-0.145607
-0.145451
-0.144903
-0.144590
-0.143807
-0.142711
-0.141851
-0.141381
-0.140833
-0.140207
-0.139659
-0.138876
-0.138485
-0.137937
-0.137311
-0.136763
-0.135589
-0.135354
-0.134493
-0.133945
-0.133319
-0.132849
-0.132302
-0.131754
-0.131284
-0.130345
-0.129171
-0.128623
-0.127997
-0.127527
-0.126510
-0.126275
-0.125805
-0.125023
-0.124553
-0.124005
-0.123144
-0.122361
-0.121657
-0.120796
-0.120170
-0.119465
-0.118448
-0.118135
-0.117743
-0.116961
-0.116100
-0.115082
-0.114300
-0.113752
-0.113047
-0.112578
-0.111951
-0.111325
-0.110699
-0.110464
-0.109525
-0.108508
-0.107255
-0.106786
-0.106238
-0.105612
-0.104594
-0.104281
-0.103498
-0.103185
-0.102246
-0.101855
-0.100446
-0.099898
-0.099115
-0.098646
-0.097941
-0.097080
-0.096532
-0.095750
-0.095123
-0.094967
-0.093402
-0.092541
-0.091836
-0.091210
-0.090819
-0.090192
-0.089175
-0.088940
-0.088314
-0.087923
-0.086592
-0.085575
-0.084792
-0.084322
-0.083540
-0.082835
-0.082209
-0.081348
-0.080565
-0.079783
-0.078687
-0.077669
-0.076730
-0.076495
-0.075947
-0.075165
-0.074617
-0.073991
-0.073599
-0.072895
-0.071877
-0.070782
-0.069921
-0.069921
-0.069138
-0.068433
-0.067494
-0.067025
-0.066712
-0.066085
-0.065146
-0.064050
-0.063268
-0.062798
-0.061937
-0.061702
-0.060450
-0.059667
-0.059119
-0.058571
-0.057789
-0.056771
-0.056067
-0.055284
-0.054971
-0.054345
-0.053406
-0.052701
-0.052545
-0.051762
-0.050901
-0.049962
-0.048631
-0.048083
-0.047770
-0.047066
-0.046596
-0.045813
-0.045266
-0.044874
-0.044092
-0.043231
-0.042213
-0.041430
-0.041196
-0.040569
-0.039708
-0.038613
-0.037908
-0.037595
-0.036656
-0.035638
-0.034856
-0.034151
-0.033916
-0.033369
-0.032508
-0.031568
-0.031255
-0.030786
-0.029768
-0.028907
-0.027733
-0.027107
-0.027107
-0.026637
-0.025933
-0.024994
-0.024368
-0.023741
-0.023272
-0.022880
-0.021863
-0.021237
-0.020298
-0.020141
-0.019280
-0.018654
-0.017793
-0.017167
-0.016541
-0.016071
-0.015053
-0.014506
-0.013801
-0.013175
-0.012627
-0.012314
-0.011453
-0.010827
-0.010122
-0.009809
-0.008479
-0.007931
-0.007305
-0.006757
-0.006366
-0.005661
-0.005035
-0.004409
-0.003391
-0.003156
-0.002452
-0.001513
-0.001200
-0.000730
-0.000339
0.000209
0.000757
0.001540
0.002166
0.002714
0.003262
0.004201
0.004984
0.005453
0.005845
0.006236
0.006862
0.007801
0.008349
0.008975
0.009915
0.010384
0.011245
0.011323
0.012106
0.012498
0.012811
0.013672
0.014141
0.014767
0.015550
0.016098
0.016802
0.017507
0.017663
0.018133
0.018681
0.020246
0.020638
0.020794
0.021655
0.022516
0.022986
0.023455
0.023847
0.024316
0.024786
0.025882
0.026351
0.026977
0.027682
0.028230
0.029326
0.029717
0.030343
0.030578
0.030891
0.031830
0.032535
0.032848
0.033709
0.034178
0.034961
0.035431
0.035978
0.036213
0.037074
0.037309
0.038170
0.038874
0.039970
0.040596
0.041223
0.041692
0.042083
0.042788
0.043023
0.043571
0.044353
0.045293
0.045762
0.046075
0.047014
0.047093
0.048032
0.048580
0.048815
0.049363
0.050380
0.050850
0.051867
0.051945
0.052650
0.053041
0.053746
0.054059
0.054607
0.055155
0.055859
0.056485
0.057190
0.057581
0.057972
0.058755
0.059146
0.059538
0.060399
0.060633
0.061416
0.062355
0.062982
0.063373
0.063999
0.064625
0.064782
0.065408
0.066112
0.066425
0.066895
0.067834
0.068460
0.068930
0.069400
0.070182
0.070652
0.071278
0.071748
0.072139
0.072765
0.073704
0.074096
0.074409
0.074957
0.075426
0.075896
0.076444
0.076835
0.077148
0.078244
0.078949
0.079496
0.080123
0.080905
0.081375
0.081845
0.082314
0.082549
0.083097
0.083801
0.084584
0.085445
0.085523
0.086071
0.086776
0.086932
0.087715
0.087558
0.088263
0.089045
0.089750
0.090298
0.090924
0.091393
0.091941
0.092176
0.092802
0.092881
0.093507
0.094211
0.095072
0.095307
0.095933
0.096638
0.097107
0.097577
0.097890
0.098203
0.098594
0.099299
0.100316
0.100473
0.101334
0.102116
0.102430
0.102899
0.103212
0.103604
0.103995
0.104856
0.105091
0.105717
0.106186
0.106656
0.106969
0.107595
0.108143
0.108535
0.109082
0.109709
0.110335
0.110804
0.111196
0.111665
0.112213
0.112370
0.112761
0.113231
0.113779
0.114483
0.114796
0.115422
0.115970
0.116518
0.116909
0.117379
0.117536
0.117849
0.118788
0.119336
0.120040
0.120353
0.121214
0.121371
0.121997
0.122467
0.122936
0.123249
0.123797
0.124502
0.124658
0.125128
0.125676
0.126067
0.126537
0.126928
0.127476
0.127554
0.128415
0.128963
0.129433
0.129667
0.130294
0.130920
0.131155
0.131546
0.131937
0.132015
0.132642
0.133268
0.133659
0.134364
0.134598
0.134911
0.135459
0.135772
0.136164
0.136712
0.137494
0.137573
0.138042
0.138825
0.138981
0.139686
0.139842
0.140390
0.141017
0.141643
0.141956
0.142425
0.142895
0.143443
0.143599
0.143756
0.144382
0.144539
0.144852
0.145321
0.145713
0.146495
0.147122
0.147278
0.147904
0.148296
0.148687
0.149157
0.149548
0.149704
0.150879
0.150879
0.151035
0.151505
0.151896
0.152131
0.152600
0.153305
0.153696
0.154166
0.154792
0.155262
0.155496
0.155888
0.156436
0.156749
0.157140
0.157375
0.158158
0.158549
0.158784
0.159332
0.159645
0.160271
0.160584
0.161210
0.161836
0.161993
0.162697
0.163010
0.163558
0.163871
0.164497
0.164654
0.164967
0.165437
0.165906
0.166454
0.166767
0.167080
0.167785
0.167863
0.168098
0.168881
0.168881
0.169507
0.169820
0.170211
0.170837
0.171229
0.171620
0.172090
0.172403
0.172481
0.172872
0.173498
0.173812
0.174203
0.174673
0.175299
0.175690
0.175768
0.176394
0.176864
0.177099
0.177412
0.177803
0.178508
0.178743
0.179525
0.179682
0.180151
0.180856
0.181012
0.181639
0.182186
0.182421
0.183047
0.183439
0.183595
0.184613
0.184691
0.184848
0.185474
0.186178
0.186491
0.187039
0.187509
0.187744
0.188213
0.188526
0.188918
0.189387
0.189544
0.190170
0.190561
0.191109
0.191187
0.191814
0.192127
0.192675
0.192909
0.193222
0.193614
0.194083
0.194631
0.195179
0.195023
0.195727
0.195884
0.196040
0.196979
0.196823
0.197449
0.197997
0.198545
0.198858
0.199249
0.200188
0.200971
0.200893
0.201128
0.201519
0.201832
0.202302
0.203006
0.203163
0.203476
0.203554
0.204337
0.204885
0.204963
0.205589
0.205824
0.206450
0.206998
0.207546
0.207702
0.208172
0.208407
0.208329
0.208876
0.209346
0.210364
0.210442
0.210755
0.211459
0.211929
0.212007
0.212555
0.212712
0.213025
0.213338
0.214042
0.214277
0.214590
0.215373
0.215921
0.216156
0.216234
0.216625
0.216938
0.217251
0.217956
0.218817
0.219051
0.219365
0.219834
0.220147
0.220382
0.220695
0.220930
0.221713
0.222182
0.222574
0.222808
0.223043
0.223669
0.223826
0.224061
0.224374
0.224687
0.225626
0.225861
0.226331
0.226487
0.226957
0.227270
0.227505
0.227896
0.228131
0.228679
0.229305
0.229618
0.230088
0.230401
0.230949
0.231183
0.231418
0.232044
0.232201
0.232514
0.233218
0.233688
0.233688
0.234079
0.234627
0.235019
0.235253
0.235488
0.236193
0.236662
0.237132
0.237523
0.237680
0.238306
0.238228
0.238462
0.238932
0.239323
0.239793
0.240184
0.240810
0.241358
0.241671
0.241906
0.242063
0.242767
0.242767
0.243237
0.243628
0.243941
0.244411
0.244802
0.245115
0.245663
0.246055
0.246289
0.246446
0.247150
0.247307
0.247698
0.247933
0.248090
0.248403
0.248872
0.249107
0.249498
0.249577
0.250046
0.250203
0.250986
0.251064
0.251533
0.251925
0.252003
0.252394
0.252708
0.253099
0.253568
0.253647
0.254195
0.254977
0.255134
0.255447
0.255760
0.256073
0.256230
0.256699
0.257091
0.257404
0.257639
0.258186
0.258499
0.258656
0.258969
0.259517
0.259830
0.260534
0.260926
0.261161
0.261709
0.261943
0.262100
0.262491
0.262961
0.263196
0.263509
0.263822
0.264370
0.264448
0.264683
0.265309
0.265544
0.265779
0.265935
0.266640
0.266874
0.267344
0.267735
0.268048
0.268127
0.268909
0.269066
0.269222
0.269457
0.269927
0.270318
0.270475
0.271023
0.271571
0.271727
0.272197
0.272588
0.272901
0.273136
0.273449
0.273919
0.274467
0.274623
0.275249
0.275249
0.275484
0.276110
0.276502
0.276971
0.276971
0.277597
0.277910
0.278067
0.278771
0.278928
0.279163
0.279789
0.280024
0.280572
0.281198
0.281433
0.281746
0.282059
0.282372
0.282685
0.283233
0.283233
0.283624
0.284172
0.284172
0.284798
0.285268
0.285424
0.285737
0.286207
0.286911
0.287303
0.287303
0.287772
0.288164
0.288164
0.288712
0.289181
0.289416
0.289964
0.290199
0.290434
0.290981
0.291451
0.291921
0.292390
0.292469
0.293016
0.293173
0.293564
0.293643
0.294190
0.294660
0.294973
0.295678
0.295912
0.295834
0.296460
0.297086
0.297008
0.297400
0.297869
0.298182
0.298574
0.298730
0.299121
0.299748
0.299748
0.300530
0.300609
0.301078
0.301470
0.302096
0.302487
0.302722
0.302957
0.303270
0.304052
0.304052
0.304366
0.304757
0.305305
0.305618
0.306244
0.306322
0.306635
0.307183
0.307183
0.307731
0.307966
0.308436
0.308905
0.309218
0.309453
0.309766
0.309923
0.310549
0.310940
0.311019
0.311566
0.311801
0.312271
0.312349
0.313054
0.313523
0.313914
0.314228
0.314697
0.314619
0.315089
0.315636
0.315558
0.316184
0.316341
0.316732
0.316967
0.317515
0.317750
0.318376
0.318454
0.318924
0.319393
0.319472
0.319941
0.320098
0.321037
0.321115
0.321898
0.321663
0.322289
0.322368
0.322916
0.322994
0.323229
0.323620
0.324168
0.324559
0.324951
0.324951
0.325420
0.325655
0.325811
0.326359
0.326281
0.326907
0.327612
0.327847
0.328238
0.328238
0.328316
0.328551
0.328864
0.329412
0.329803
0.330116
0.330273
0.331056
0.331212
0.331682
0.331917
0.332464
0.332230
0.332308
0.333169
0.333325
0.333638
0.334343
0.334578
0.334969
0.335047
0.335439
0.335752
0.336143
0.336221
0.336926
0.337161
0.337395
0.337552
0.337709
0.338022
0.338569
0.338726
0.339352
0.339665
0.340057
0.340291
0.340448
0.340839
0.341465
0.341622
0.341700
0.342170
0.342561
0.342639
0.343344
0.343579
0.343735
0.344127
0.344283
0.344675
0.344909
0.345692
0.345692
0.346005
0.346318
0.346788
0.347101
0.347336
0.347649
0.347727
0.348040
0.348745
0.348979
0.349292
0.349684
0.350075
0.349997
0.350388
0.350466
0.351171
0.351327
0.351562
0.352032
0.352423
0.352580
0.352971
0.352893
0.353284
0.353676
0.353910
0.354223
0.354380
0.355084
0.355241
0.355397
0.355632
0.356102
0.356572
0.356885
0.357198
0.357354
0.357667
0.358215
0.358215
0.358763
0.358841
0.359311
0.359859
0.360172
0.360407
0.360798
0.360955
0.361424
0.361894
0.362285
0.362363
0.363068
0.363303
0.363538
0.363772
0.364085
0.364320
0.364790
0.365103
0.365103
0.365729
0.366042
0.366355
0.366747
0.366981
0.367138
0.367529
0.367921
0.367842
0.368390
0.368782
0.368860
0.369564
0.369643
0.370034
0.370112
0.370738
0.370973
0.371443
0.371599
0.372147
0.372304
0.372539
0.373086
0.373243
0.373400
0.373713
0.374260
0.374182
0.374730
0.375200
0.375669
0.375748
0.375982
0.376374
0.376843
0.376922
0.377626
0.377626
0.377704
0.378252
0.378644
0.379191
0.379505
0.379661
0.379974
0.380052
0.380679
0.381070
0.381618
0.382009
0.381931
0.382557
0.382714
0.382870
0.383105
0.383496
0.383966
0.384201
0.384905
0.384905
0.384983
0.385766
0.386158
0.386392
0.386940
0.387175
0.387332
0.387566
0.387958
0.388036
0.388662
0.389053
0.389132
0.389680
0.389993
0.389836
0.390384
0.390697
0.391088
0.391558
0.391871
0.392263
0.392732
0.392732
0.393358
0.393280
0.393906
0.393906
0.394454
0.395002
0.395237
0.395550
0.395785
0.396019
0.396411
0.397037
0.397115
0.397428
0.397741
0.398133
0.398602
0.398759
0.398915
0.399463
0.399385
0.400011
0.400324
0.400794
0.401342
0.401890
0.402125
0.402281
0.402672
0.402907
0.402986
0.403455
0.403768
0.403925
0.404316
0.404707
0.405334
0.405412
0.405568
0.405725
0.406195
0.406586
0.407134
0.407290
0.407525
0.407603
0.407995
0.408308
0.408464
0.408777
0.409247
0.409560
0.410343
0.410734
0.410656
0.411204
0.411282
0.411595
0.412143
0.412378
0.412456
0.412769
0.413161
0.413630
0.414256
0.413708
0.414178
0.414491
0.414883
0.415039
0.415587
0.415978
0.416370
0.416526
0.417074
0.416996
0.417387
0.417544
0.418013
0.418248
0.418796
0.418874
0.419109
0.419344
0.419500
0.420048
0.419814
0.420283
0.420674
0.421301
0.421379
0.421770
0.422396
0.422083
0.422475
0.422788
0.422866
0.423179
0.423649
0.423962
0.424197
0.424353
0.424666
0.424745
0.425136
0.425605
0.425684
0.426075
0.426388
0.426780
0.427171
0.427484
0.427562
0.427954
0.428267
0.428188
0.428736
0.428736
0.429206
0.429676
0.429754
0.430223
0.430380
0.430928
0.430850
0.431163
0.431554
0.431945
0.432024
0.432415
0.432650
0.433041
0.433198
0.433354
0.433667
0.433824
0.434215
0.434841
0.435076
0.435233
0.435781
0.435546
0.435937
0.436094
0.436407
0.436955
0.437111
0.437581
0.437659
0.438129
0.438129
0.438520
0.438833
0.438755
0.439694
0.440007
0.440085
0.440398
0.440790
0.441181
0.441103
0.441886
0.441807
0.442355
0.442825
0.443138
0.443138
0.443294
0.443608
0.443999
0.444077
0.444782
0.444625
0.445095
0.445486
0.445799
0.446034
0.446660
0.446817
0.446895
0.447286
0.447599
0.447756
0.448147
0.448382
0.448460
0.449008
0.448773
0.449399
0.449947
0.449791
0.450260
0.450574
0.451121
0.451513
0.451513
0.452217
0.451982
0.452061
0.452765
0.452843
0.453235
0.453783
0.454096
0.454409
0.455035
0.455191
0.455270
0.455583
0.455818
0.456052
0.456913
0.457070
0.457540
0.457618
0.457696
0.458322
0.458557
0.458792
0.458948
0.459027
0.459653
0.459888
0.460357
0.460749
0.460749
0.460592
0.461375
0.461453
0.462079
0.462236
0.462392
0.462862
0.463175
0.463488
0.463879
0.463801
0.464114
0.464662
0.464897
0.465288
0.465758
0.465836
0.465914
0.466384
0.466541
0.467010
0.467245
0.467636
0.467793
0.468419
0.468654
0.469045
0.469045
0.469515
0.469358
0.469984
0.470298
0.470298
0.470611
0.471158
0.471393
0.471863
0.472019
0.472411
0.472724
0.472959
0.473350
0.473350
0.473663
0.474289
0.474289
0.474681
0.474837
0.474994
0.475463
0.475776
0.475933
0.476716
0.476637
0.477029
0.477107
0.477420
0.478046
0.477890
0.478281
0.478594
0.478985
0.479220
0.479768
0.480160
0.480629
0.480864
0.480786
0.481412
0.481960
0.481960
0.482429
0.482664
0.482899
0.483212
0.483760
0.483603
0.483916
0.484230
0.484386
0.484699
0.485247
0.485482
0.485795
0.485951
0.486265
0.486265
0.487047
0.487360
0.487830
0.487908
0.488378
0.488534
0.488534
0.488847
0.489239
0.489474
0.489787
0.490178
0.490491
0.490804
0.490882
0.491352
0.491352
0.491665
0.492213
0.492683
0.492761
0.493074
0.493544
0.493544
0.493622
0.493935
0.494248
0.494326
0.495109
0.495266
0.495579
0.495970
0.496283
0.496361
0.496909
0.496909
0.497066
0.497614
0.497770
0.498240
0.498553
0.498553
0.498944
0.499179
0.499336
0.499336
0.499962
0.500353
0.500510
0.501214
0.501371
0.501449
0.501684
0.501997
0.502232
0.502858
0.502779
0.503249
0.503562
0.503875
0.504110
0.504501
0.504345
0.504580
0.504658
0.505128
0.505362
0.505675
0.505989
0.506380
0.506536
0.506536
0.506928
0.507084
0.507476
0.507945
0.508102
0.508258
0.508650
0.509041
0.508963
0.509119
0.509589
0.509589
0.509902
0.510685
0.510763
0.511233
0.511546
0.511624
0.511624
0.511937
0.512407
0.512407
0.512720
0.513111
0.513424
0.513737
0.514285
0.514129
0.514442
0.514598
0.514833
0.515381
0.515537
0.515929
0.516164
0.516790
0.517103
0.517494
0.517572
0.517651
0.517964
0.518512
0.518747
0.518590
0.519216
0.519294
0.519294
0.519529
0.520077
0.520547
0.521016
0.521643
0.521408
0.522112
0.522269
0.522347
0.522973
0.523208
0.523678
0.523834
0.523991
0.524304
0.524538
0.525165
0.524930
0.525243
0.525634
0.525869
0.526260
0.526495
0.526652
0.527200
0.527121
0.527669
0.527904
0.527904
0.528295
0.528609
0.529000
0.529548
0.529548
0.529939
0.530174
0.530644
0.530722
0.531113
0.531426
0.531739
0.531974
0.532052
0.532522
0.532679
0.532835
0.533305
0.533540
0.534009
0.534244
0.534557
0.534870
0.534714
0.535418
0.535418
0.535888
0.536201
0.536670
0.536827
0.537062
0.537453
0.538001
0.538079
0.538236
0.538471
0.538627
0.539097
0.539331
0.539645
0.539879
0.540114
0.540662
0.540740
0.541053
0.541523
0.541758
0.542384
0.542619
0.542462
0.543010
0.543402
0.543949
0.543871
0.544184
0.544341
0.544732
0.544889
0.545045
0.545437
0.545671
0.546219
0.546611
0.546689
0.547237
0.547628
0.547628
0.547706
0.547863
0.548567
0.549037
0.549037
0.549115
0.549507
0.550211
0.550446
0.550602
0.550681
0.551463
0.551542
0.552011
0.552168
0.552872
0.552716
0.552794
0.553107
0.553420
0.553890
0.554438
0.554359
0.554829
0.555220
0.555220
0.555299
0.555768
0.556081
0.556238
0.556707
0.557020
0.557490
0.557568
0.558038
0.558195
0.558429
0.558742
0.559212
0.559369
0.559760
0.559916
0.560543
0.560543
0.560230
0.561090
0.561482
0.561951
0.562030
0.562499
0.562969
0.562891
0.563360
0.563673
0.563830
0.563908
0.564613
0.564926
0.565395
0.565630
0.565630
0.565865
0.566021
0.566335
0.566726
0.566961
0.567117
0.567587
0.567978
0.567978
0.568213
0.568370
0.568370
0.569152
0.569309
0.569857
0.570013
0.570561
0.570639
0.571109
0.570639
0.570952
0.571422
0.571970
0.572283
0.572518
0.572831
0.573222
0.573144
0.573379
0.573301
0.574005
0.574083
0.574318
0.575023
0.574866
0.575492
0.575570
0.575570
0.575883
0.576040
0.576353
0.577136
0.577214
0.577605
0.577918
0.577997
0.578466
0.578466
0.578779
0.579249
0.579640
0.579797
0.580267
0.580032
0.580580
0.580736
0.581128
0.580893
0.581675
0.581832
0.582223
0.582536
0.583084
0.582928
0.582928
0.583397
0.583554
0.584102
0.584180
0.584415
0.584806
0.585119
0.585276
0.585432
0.585824
0.585745
0.586215
0.586450
0.586998
0.587311
0.587389
0.587780
0.587859
0.587780
0.588015
0.588798
0.589111
0.589111
0.589424
0.589659
0.590050
0.590129
0.590050
0.590285
0.590676
0.591146
0.591068
0.591616
0.592085
0.592320
0.592398
0.592477
0.592711
0.592868
0.593338
0.593964
0.594042
0.594120
0.594120
0.594433
0.594120
0.594747
0.594981
0.595373
0.595842
0.596155
0.596390
0.596625
0.596547
0.597016
0.597016
0.597095
0.597721
0.598347
0.598582
0.598895
0.599051
0.599208
0.599443
0.599443
0.600147
0.600460
0.600852
0.601478
0.601634
0.601713
0.602026
0.602260
0.602339
0.602260
0.603043
0.603434
0.603904
0.603591
0.604217
0.604452
0.604687
0.604530
0.604765
0.605469
0.606017
0.606252
0.606487
0.606644
0.606800
0.607113
0.607035
0.607504
0.607818
0.608287
0.608365
0.608365
0.608835
0.608913
0.609226
0.609539
0.609539
0.610166
0.610635
0.610792
0.611027
0.611496
0.611653
0.611966
0.612201
0.612514
0.612827
0.613218
0.613610
0.613688
0.613766
0.614314
0.614549
0.614940
0.615097
0.615097
0.615410
0.615723
0.616192
0.616506
0.616740
0.616584
0.617132
0.617366
0.617758
0.618227
0.618384
0.618854
0.619088
0.619088
0.619323
0.619636
0.619793
0.620576
0.620576
0.620576
0.621045
0.621515
0.621593
0.621671
0.622063
0.622376
0.623158
0.622924
0.623237
0.623550
0.623863
0.623941
0.624098
0.624176
0.624646
0.625037
0.625350
0.625585
0.625663
0.625898
0.626133
0.626681
0.626837
0.626837
0.627307
0.627776
0.627933
0.628089
0.628403
0.628559
0.629029
0.629263
0.629655
0.629968
0.630124
0.630124
0.630594
0.631064
0.630907
0.631690
0.631846
0.632159
0.632551
0.632786
0.633255
0.633255
0.633412
0.633881
0.634038
0.634273
0.634664
0.634742
0.634977
0.635369
0.635212
0.635995
0.635838
0.635838
0.636229
0.636699
0.636856
0.637247
0.637404
0.637717
0.638265
0.638265
0.638656
0.639047
0.639125
0.639282
0.639517
0.639752
0.639830
0.640300
0.640847
0.641004
0.641004
0.641552
0.641395
0.641865
0.641865
0.642413
0.642882
0.643196
0.643587
0.643822
0.644291
0.644056
0.644291
0.644448
0.644604
0.644996
0.645231
0.645465
0.645622
0.646013
0.646013
0.646639
0.646718
0.646952
0.647579
0.647735
0.648048
0.648048
0.648283
0.648361
0.648596
0.648753
0.649144
0.649457
0.649614
0.650162
0.650083
0.650396
0.650396
0.650709
0.651179
0.651257
0.651805
0.651962
0.652118
0.652197
0.652588
0.652510
0.652510
0.652823
0.653605
0.654232
0.654232
0.654701
0.654936
0.655014
0.655093
0.655171
0.655640
0.655953
0.656188
0.656736
0.656658
0.656814
0.657362
0.657284
0.657206
0.657441
0.657910
0.658223
0.658849
0.658771
0.659084
0.659476
0.659476
0.659632
0.660102
0.660571
0.660806
0.661119
0.661745
0.661745
0.662059
0.661824
0.662059
0.662293
0.662763
0.663154
0.663702
0.664015
0.663937
0.664172
0.664407
0.664328
0.664876
0.665659
0.665737
0.666129
0.666442
0.666833
0.666676
0.666990
0.666990
0.667303
0.667616
0.668242
0.668711
0.668633
0.668868
0.669025
0.668868
0.669103
0.669494
0.670277
0.670512
0.670746
0.671216
0.671294
0.671373
0.671607
0.671999
0.671999
0.672625
0.673251
0.673564
0.673173
0.673877
0.674034
0.674425
0.674425
0.674582
0.675208
0.675364
0.675521
0.676304
0.675912
0.676304
0.676695
0.676773
0.676852
0.677634
0.677712
0.678260
0.678573
0.678730
0.679200
0.679356
0.679747
0.680061
0.680687
0.681156
0.681156
0.681626
0.682017
0.682252
0.682487
0.682487
0.683035
0.683583
0.684052
0.684287
0.684522
0.684913
0.684992
0.685148
0.685618
0.686009
0.686557
0.687027
0.687027
0.687340
0.687731
0.687809
0.688201
0.688357
0.688983
0.689375
0.689531
0.689531
0.690079
0.690157
0.690470
0.690549
0.691253
0.691645
0.691801
0.692271
0.692662
0.693132
0.693132
0.693288
0.693445
0.693993
0.694384
0.694775
0.695010
0.695167
0.695558
0.695871
0.695793
0.696419
0.696810
0.697202
0.697358
0.697750
0.697984
0.698376
0.698689
0.698767
0.698924
0.699785
0.700176
0.700332
0.700646
0.701115
0.701272
0.701585
0.701820
0.702289
0.702524
0.702759
0.703307
0.703385
0.703855
0.704089
0.704246
0.704559
0.705107
0.705185
0.705498
0.705968
0.706124
0.706516
0.706829
0.707298
0.707612
0.708003
0.708003
0.708629
0.708942
0.709020
0.709803
0.709881
0.709960
0.710273
0.710977
0.711212
0.711134
0.711447
0.711760
0.712073
0.712229
0.712464
0.712777
0.712934
0.713247
0.713090
0.712699
0.713247
0.713012
0.712621
0.712856
0.712934
0.712699
0.712621
0.712699
0.712386
0.712308
0.712073
0.711760
0.711603
0.711212
0.711134
0.710664
0.710429
0.709960
0.710116
0.709803
0.709333
0.709255
0.709020
0.708629
0.708473
0.708238
0.707925
0.707612
0.707298
0.707142
0.706516
0.706124
0.705733
0.705342
0.705263
0.705029
0.704559
0.704246
0.703776
0.703776
0.703542
0.702994
0.702837
0.702524
0.702133
0.702211
0.701741
0.701350
0.700489
0.700567
0.700254
0.699706
0.699237
0.699080
0.699002
0.698297
0.697828
0.697515
0.697280
0.696810
0.696810
0.696654
0.696184
0.695558
0.695480
0.695401
0.694932
0.694932
0.694306
0.693601
0.693445
0.693210
0.692897
0.692662
0.692349
0.692114
0.691645
0.690940
0.690784
0.690392
0.690079
0.689923
0.689531
0.689140
0.688827
0.688592
0.688357
0.687888
0.687653
0.687027
0.686714
0.686322
0.686400
0.685774
0.685539
0.685305
0.684835
0.684835
0.684052
0.683896
0.683426
0.683035
0.682722
0.682330
0.681939
0.681783
0.681313
0.680765
0.680765
0.679826
0.679669
0.679513
0.679121
0.678887
0.678495
0.677869
0.677634
0.677243
0.676852
0.676617
0.676225
0.676147
0.675521
0.675599
0.675130
0.674895
0.674503
0.674112
0.673956
0.673329
0.672781
0.672468
0.672077
0.671607
0.671373
0.670903
0.670903
0.670746
0.669807
0.670199
0.669729
0.669181
0.669025
0.668711
0.668398
0.667929
0.667537
0.667224
0.667146
0.666911
0.666520
0.666207
0.666050
0.665659
0.665033
0.664798
0.664172
0.663859
0.663467
0.663233
0.662763
0.662841
0.662450
0.662215
0.661745
0.661276
0.660728
0.660415
0.660180
0.659867
0.659319
0.658928
0.658302
0.658145
0.657910
0.657597
0.657284
0.657049
0.656501
0.656267
0.656032
0.655327
0.655093
0.654545
0.653997
0.653684
0.653840
0.653684
0.653136
0.652901
0.652510
0.651727
0.651492
0.651492
0.651179
0.650318
0.650318
0.650162
0.649535
0.649535
0.649144
0.648674
0.648283
0.648205
0.647813
0.647344
0.646718
0.646405
0.645857
0.645857
0.645700
0.645544
0.644917
0.644683
0.644448
0.644213
0.643822
0.643352
0.642804
0.642726
0.641943
0.641787
0.641552
0.641239
0.640769
0.640534
0.640221
0.639986
0.639752
0.639282
0.638656
0.638265
0.638186
0.637951
0.637638
0.637169
0.636856
0.636934
0.636543
0.636229
0.635838
0.635212
0.635212
0.634742
0.634508
0.634038
0.633881
0.633725
0.633334
0.633020
0.632629
0.631925
0.631533
0.631064
0.630594
0.630438
0.630203
0.629655
0.629420
0.629420
0.629029
0.628716
0.628559
0.627776
0.627776
0.627307
0.627150
0.626837
0.626915
0.626367
0.625976
0.625585
0.625193
0.625037
0.624411
0.624176
0.623628
0.623706
0.623393
0.623315
0.622845
0.622532
0.622219
0.622063
0.621280
0.620810
0.620497
0.619949
0.620028
0.619793
0.619871
0.619636
0.619088
0.618854
0.618775
0.618071
0.617758
0.617210
0.617210
0.616897
0.616819
0.616584
0.616271
0.615723
0.615645
0.615253
0.614784
0.614549
0.614314
0.614001
0.613531
0.613296
0.612983
0.612357
0.612592
0.612122
0.611496
0.610870
0.610322
0.610166
0.610009
0.610166
0.609696
0.609539
0.609070
0.608992
0.608444
0.608209
0.607974
0.607504
0.607348
0.606957
0.606722
0.606565
0.606487
0.606252
0.605783
0.605469
0.605078
0.604687
0.604139
0.604061
0.604061
0.603826
0.603591
0.603121
0.602730
0.602730
0.602104
0.601713
0.601243
0.600773
0.600773
0.600382
0.599834
0.599912
0.599599
0.599364
0.599051
0.598425
0.598269
0.598034
0.597642
0.597486
0.597173
0.596938
0.596938
0.596782
0.596390
0.595764
0.595294
0.595138
0.594903
0.594433
0.594199
0.594120
0.593807
0.593651
0.593338
0.592711
0.592320
0.591851
0.591616
0.591616
0.591303
0.591224
0.590442
0.590520
0.590050
0.589502
0.589268
0.588641
0.588563
0.588563
0.588407
0.588250
0.587859
0.587467
0.587311
0.586998
0.586450
0.586293
0.585980
0.585745
0.585432
0.585511
0.584963
0.584415
0.584102
0.584102
0.583554
0.583476
0.583163
0.582928
0.582615
0.582380
0.582145
0.581832
0.581675
0.581441
0.580893
0.580188
0.579954
0.579875
0.579249
0.579171
0.578936
0.578466
0.578153
0.578232
0.577762
0.577449
0.577058
0.576510
0.576666
0.575962
0.575492
0.575570
0.575023
0.575101
0.574553
0.574083
0.573848
0.573692
0.573535
0.573222
0.572596
0.572361
0.571970
0.571813
0.571422
0.571031
0.570561
0.570405
0.570248
0.570092
0.569700
0.569309
0.569152
0.568761
0.568526
0.568370
0.567822
0.567822
0.567509
0.567117
0.566648
0.566256
0.566178
0.565787
0.565787
0.565395
0.565161
0.564613
0.564221
0.564065
0.563439
0.563360
0.562969
0.562812
0.562656
0.562186
0.561873
0.561482
0.561169
0.561012
0.560777
0.560073
0.559916
0.559682
0.559369
0.559525
0.558821
0.558821
0.558351
0.557960
0.557725
0.556942
0.556629
0.556238
0.556003
0.555846
0.555612
0.555142
0.554907
0.554438
0.554046
0.553733
0.553342
0.553420
0.552950
0.552794
0.552481
0.552089
0.551933
0.551776
0.551307
0.550915
0.550211
0.550133
0.549820
0.549428
0.549193
0.548959
0.548646
0.548333
0.547863
0.547550
0.547158
0.547002
0.547158
0.546689
0.546376
0.546141
0.545671
0.545280
0.544497
0.544576
0.544262
0.544184
0.544184
0.543480
0.543167
0.542854
0.542697
0.542384
0.541601
0.541288
0.540975
0.540584
0.540662
0.540192
0.540036
0.540271
0.539488
0.539175
0.538549
0.538314
0.538157
0.537923
0.537766
0.537610
0.537296
0.537062
0.536749
0.536514
0.536044
0.535809
0.535418
0.535183
0.535027
0.534714
0.534166
0.533774
0.533696
0.533148
0.533148
0.532757
0.532522
0.532131
0.532287
0.532131
0.531426
0.531035
0.530957
0.530565
0.529704
0.529626
0.529391
0.529156
0.529000
0.528687
0.528295
0.528061
0.528061
0.527278
0.527043
0.526417
0.526574
0.526339
0.526182
0.525869
0.525478
0.525086
0.524852
0.524460
0.524304
0.523991
0.523834
0.523521
0.523364
0.523130
0.522973
0.522817
0.521799
0.521408
0.520938
0.520703
0.520547
0.520312
0.520234
0.519842
0.519451
0.518747
0.518355
0.518120
0.517729
0.517729
0.517572
0.517259
0.516633
0.516712
0.516477
0.516007
0.515381
0.515224
0.514677
0.514129
0.514285
0.513972
0.514050
0.513816
0.513502
0.513268
0.512563
0.512328
0.511937
0.511937
0.511859
0.511702
0.510998
0.510998
0.510528
0.510137
0.509746
0.509276
0.508963
0.508806
0.508337
0.508493
0.508180
0.507945
0.507319
0.507163
0.506850
0.506067
0.506067
0.506223
0.505754
0.505128
0.505128
0.505206
0.504501
0.504188
0.503719
0.503562
0.503249
0.503171
0.502779
0.502623
0.501997
0.501997
0.501684
0.501214
0.500588
0.500197
0.499884
0.499805
0.499414
0.499179
0.498944
0.498788
0.497927
0.498005
0.497535
0.497535
0.497144
0.496909
0.496909
0.496440
0.496361
0.495970
0.495344
0.494718
0.494483
0.494561
0.494248
0.493935
0.493857
0.493387
0.492996
0.492526
0.492135
0.491822
0.491430
0.491039
0.490882
0.490726
0.490178
0.489787
0.489395
0.489317
0.488847
0.488456
0.488143
0.487908
0.487908
0.487752
0.487360
0.487047
0.486734
0.486343
0.485873
0.485404
0.485169
0.485091
0.484777
0.484777
0.484230
0.484073
0.483760
0.483212
0.483212
0.482429
0.482351
0.481725
0.481412
0.481099
0.481020
0.480316
0.480081
0.479768
0.479220
0.478829
0.478907
0.478359
0.478203
0.477968
0.477577
0.477264
0.477029
0.476794
0.476559
0.475855
0.475698
0.475463
0.474759
0.474681
0.474524
0.474289
0.473820
0.473272
0.473037
0.472724
0.472567
0.472019
0.471706
0.471315
0.471315
0.470689
0.470611
0.470141
0.469750
0.469515
0.469045
0.469045
0.468419
0.468184
0.468106
0.467793
0.467402
0.467323
0.467010
0.466619
0.466228
0.465601
0.465288
0.464819
0.464819
0.464036
0.463645
0.463332
0.463253
0.462940
0.462314
0.462001
0.462001
0.461453
0.461610
0.460983
0.460514
0.460279
0.459888
0.459575
0.459575
0.459027
0.458870
0.458635
0.458322
0.458009
0.457618
0.457226
0.457226
0.456835
0.456444
0.455896
0.455974
0.455739
0.455113
0.455191
0.454722
0.454252
0.453939
0.453704
0.453156
0.452843
0.452609
0.452139
0.452139
0.451826
0.451513
0.450887
0.450652
0.450182
0.449791
0.449869
0.449165
0.449165
0.448930
0.448539
0.448304
0.447912
0.447678
0.447364
0.446817
0.446660
0.446504
0.446425
0.445956
0.445486
0.445016
0.444938
0.444782
0.444234
0.443842
0.443608
0.443373
0.442668
0.442747
0.442277
0.442120
0.441964
0.441651
0.441494
0.440790
0.440164
0.439929
0.439772
0.439381
0.439303
0.438677
0.438363
0.437737
0.437581
0.437346
0.437111
0.436955
0.436407
0.436250
0.435937
0.435781
0.435076
0.434841
0.434685
0.433980
0.433824
0.433667
0.433432
0.433276
0.433041
0.432571
0.432337
0.431711
0.431397
0.431163
0.430928
0.430850
0.430615
0.430302
0.429754
0.429519
0.429206
0.429049
0.428815
0.428345
0.428423
0.427954
0.428032
0.427484
0.427171
0.426545
0.426388
0.426075
0.425762
0.425371
0.425449
0.424745
0.424510
0.424040
0.423884
0.423414
0.422866
0.422553
0.422162
0.422240
0.422396
0.421927
0.421614
0.421066
0.420674
0.420361
0.419814
0.419657
0.419344
0.419344
0.419031
0.418483
0.418326
0.417778
0.417700
0.416996
0.416996
0.416604
0.416370
0.416448
0.416213
0.415822
0.415430
0.414804
0.414491
0.414569
0.414100
0.413943
0.413708
0.413630
0.413239
0.413004
0.412221
0.412065
0.411830
0.411595
0.411282
0.411282
0.410734
0.410421
0.410108
0.409717
0.409404
0.408856
0.408777
0.408621
0.408230
0.407917
0.407760
0.407525
0.406821
0.406664
0.406429
0.405881
0.405334
0.405334
0.405021
0.404551
0.404238
0.404003
0.403925
0.403455
0.403142
0.402907
0.402516
0.402281
0.402203
0.401968
0.401342
0.400716
0.400637
0.400168
0.399620
0.399229
0.399072
0.398446
0.398133
0.398133
0.397820
0.397663
0.397428
0.396724
0.396176
0.395941
0.395941
0.395315
0.395080
0.394689
0.394689
0.394454
0.394141
0.393750
0.393515
0.393124
0.392810
0.392576
0.392341
0.392028
0.391871
0.391558
0.390854
0.390697
0.390149
0.390071
0.389601
0.389210
0.388897
0.388584
0.388193
0.387879
0.387723
0.387488
0.387018
0.386705
0.386236
0.386079
0.385844
0.385610
0.385218
0.384670
0.384670
0.383966
0.383966
0.383418
0.383105
0.382948
0.382714
0.382401
0.382009
0.381853
0.381383
0.380835
0.380366
0.380209
0.379505
0.379191
0.378800
0.378644
0.378252
0.378017
0.377704
0.377548
0.377156
0.376609
0.376217
0.375904
0.375826
0.375513
0.374730
0.374574
0.374495
0.373947
0.373478
0.373478
0.373086
0.372695
0.372539
0.372069
0.371912
0.371521
0.370817
0.370738
0.370582
0.370034
0.369877
0.369486
0.369408
0.369016
0.368625
0.368547
0.368077
0.367686
0.367294
0.366903
0.366825
0.366590
0.366434
0.365807
0.365494
0.365181
0.364790
0.364633
0.363929
0.363538
0.363459
0.363224
0.362833
0.362598
0.362363
0.361503
0.361033
0.360955
0.360642
0.360094
0.359702
0.359546
0.359154
0.358920
0.358763
0.358372
0.357824
0.357432
0.357354
0.356963
0.356572
0.356258
0.356024
0.355632
0.355711
0.355476
0.354615
0.354302
0.353832
0.353754
0.353362
0.352971
0.352893
0.352658
0.352188
0.351875
0.351719
0.351327
0.350936
0.350780
0.350388
0.350153
0.349919
0.349527
0.349292
0.348979
0.348353
0.348040
0.347649
0.347336
0.347257
0.347023
0.347023
0.346553
0.346083
0.345457
0.345066
0.345066
0.344675
0.344596
0.344127
0.343500
0.343344
0.343735
0.343344
0.342561
0.342561
0.342326
0.341700
0.341465
0.341152
0.340996
0.340291
0.339978
0.339744
0.339196
0.338648
0.338569
0.338413
0.338178
0.337865
0.337474
0.337317
0.337161
0.336769
0.336143
0.336065
0.335282
0.335673
0.335126
0.334813
0.334734
0.334343
0.334108
0.333482
0.333169
0.332778
0.332543
0.332621
0.332386
0.331995
0.331682
0.331290
0.330821
0.330586
0.330273
0.329960
0.329412
0.329177
0.328942
0.328864
0.328316
0.328081
0.327455
0.327299
0.326986
0.326672
0.326281
0.325811
0.325655
0.325498
0.325107
0.324794
0.324716
0.323855
0.323385
0.323150
0.322916
0.322837
0.322289
0.322133
0.321663
0.321037
0.321115
0.320646
0.320176
0.320098
0.320020
0.319393
0.319002
0.318924
0.318532
0.318063
0.317671
0.317045
0.316889
0.316732
0.316419
0.316184
0.316028
0.315636
0.315323
0.314619
0.314228
0.314149
0.313993
0.313367
0.312975
0.312819
0.312506
0.311879
0.311645
0.311410
0.311253
0.310549
0.310236
0.310079
0.309844
0.309453
0.308905
0.308670
0.308357
0.307731
0.307340
0.307105
0.306948
0.306714
0.306635
0.305696
0.305774
0.305070
0.304835
0.304366
0.304209
0.303974
0.303505
0.303192
0.302957
0.302878
0.302409
0.301939
0.301626
0.300843
0.300530
0.300374
0.300061
0.299669
0.299356
0.298965
0.298730
0.298574
0.298026
0.297634
0.297243
0.296852
0.296617
0.296226
0.296069
0.295678
0.295365
0.295208
0.294504
0.294660
0.294190
0.293643
0.293643
0.293173
0.293173
0.292469
0.292077
0.291764
0.291373
0.291216
0.290668
0.290277
0.290120
0.289964
0.289259
0.289103
0.288633
0.288399
0.288164
0.287694
0.286990
0.286833
0.286598
0.286129
0.285894
0.285737
0.285189
0.284798
0.284485
0.284172
0.283937
0.283702
0.283468
0.283076
0.282763
0.282293
0.282059
0.281276
0.281119
0.280885
0.280258
0.279945
0.279476
0.279241
0.278615
0.278223
0.278067
0.277910
0.277597
0.277049
0.276736
0.276423
0.276188
0.276032
0.275641
0.275249
0.275014
0.274388
0.274153
0.274232
0.273684
0.273292
0.272745
0.272353
0.271962
0.271492
0.271336
0.271023
0.270318
0.270162
0.269927
0.269301
0.269066
0.268675
0.268361
0.267970
0.268205
0.267422
0.266874
0.266640
0.266326
0.266013
0.265622
0.265231
0.265152
0.264839
0.264526
0.263900
0.263274
0.263430
0.263274
0.262804
0.262491
0.262100
0.262100
0.261239
0.261161
0.260691
0.260456
0.260143
0.259830
0.259517
0.259439
0.258656
0.258421
0.258108
0.257717
0.257404
0.256778
0.256621
0.256386
0.255995
0.255525
0.255447
0.255134
0.254586
0.254195
0.254116
0.253490
0.253177
0.252942
0.252629
0.252394
0.251925
0.251847
0.251690
0.251064
0.250672
0.250516
0.250203
0.250125
0.249655
0.249342
0.249342
0.248716
0.248559
0.248403
0.247777
0.247385
0.247150
0.246837
0.246759
0.245976
0.246133
0.245507
0.244959
0.244646
0.244176
0.243941
0.243785
0.243393
0.243315
0.243002
0.242689
0.242219
0.241828
0.241202
0.240889
0.240576
0.240341
0.239793
0.239636
0.239245
0.238775
0.238306
0.237993
0.237523
0.237288
0.237210
0.236740
0.236349
0.236036
0.235723
0.235410
0.234940
0.234627
0.234392
0.233923
0.233610
0.233453
0.233062
0.232905
0.232436
0.232357
0.231731
0.231340
0.231105
0.230870
0.230479
0.230088
0.229931
0.229774
0.229070
0.229070
0.228444
0.228053
0.227505
0.227113
0.227192
0.226722
0.226565
0.226252
0.225939
0.225626
0.225313
0.224687
0.224452
0.224296
0.223904
0.223591
0.223435
0.222887
0.222574
0.222339
0.221634
0.221165
0.221165
0.220930
0.220617
0.220304
0.219756
0.219443
0.219286
0.218582
0.217956
0.217486
0.217330
0.217016
0.216625
0.215999
0.215999
0.215608
0.215138
0.214903
0.214668
0.214120
0.213729
0.213416
0.213181
0.212868
0.212320
0.212007
0.211772
0.211381
0.210833
0.210364
0.209816
0.209503
0.209033
0.208720
0.208407
0.208094
0.207624
0.207389
0.206841
0.206294
0.206137
0.205746
0.205746
0.205119
0.204806
0.204259
0.204102
0.203789
0.203398
0.203398
0.202928
0.202615
0.201832
0.201832
0.201441
0.200971
0.200502
0.199719
0.199249
0.199093
0.198780
0.198310
0.197840
0.197527
0.197214
0.196666
0.196353
0.195884
0.195727
0.195179
0.194710
0.194318
0.194162
0.193770
0.193457
0.193066
0.192596
0.192205
0.191657
0.191579
0.191031
0.190640
0.190326
0.189935
0.189231
0.189231
0.188996
0.188683
0.188370
0.187978
0.187665
0.187274
0.186726
0.186648
0.186413
0.185865
0.185395
0.184769
0.184691
0.184456
0.183908
0.183674
0.183204
0.182969
0.182265
0.182265
0.181717
0.181247
0.181012
0.180621
0.179917
0.179525
0.179134
0.178743
0.178508
0.178195
0.178038
0.177490
0.177177
0.176942
0.176394
0.176160
0.175768
0.175455
0.174907
0.174751
0.174359
0.173968
0.173342
0.173420
0.173029
0.172638
0.172168
0.172246
0.171698
0.171229
0.170837
0.170524
0.170446
0.169585
0.169037
0.168881
0.168489
0.168098
0.167863
0.167550
0.167159
0.167002
0.166454
0.166063
0.165750
0.165437
0.165202
0.164576
0.164497
0.164028
0.163480
0.163167
0.162854
0.162306
0.162071
0.161836
0.161523
0.161288
0.160506
0.160349
0.159723
0.159332
0.158784
0.158471
0.158471
0.158079
0.157610
0.157375
0.156984
0.156670
0.156279
0.155888
0.155575
0.155027
0.154714
0.154557
0.153931
0.153618
0.153305
0.152835
0.152757
0.152366
0.151896
0.151583
0.151426
0.151035
0.150644
0.150252
0.150096
0.149704
0.149470
0.148765
0.148061
0.147904
0.147904
0.147200
0.146965
0.146808
0.146339
0.146104
0.145713
0.145400
0.144773
0.144617
0.144069
0.143678
0.143599
0.143130
0.142973
0.142425
0.142034
0.141408
0.141095
0.140469
0.140469
0.140234
0.139921
0.139686
0.139295
0.139060
0.138434
0.138199
0.137651
0.137338
0.137181
0.136477
0.136242
0.135851
0.135694
0.134911
0.134598
0.134207
0.133581
0.133268
0.132876
0.132720
0.132563
0.132172
0.131859
0.131546
0.131233
0.130528
0.129980
0.129589
0.129198
0.129041
0.128963
0.128337
0.127867
0.127711
0.127476
0.126928
0.126458
0.125910
0.125754
0.125441
0.125128
0.124658
0.124189
0.123954
0.123249
0.122858
0.122467
0.122153
0.121684
0.121449
0.120745
0.120432
0.120353
0.119727
0.119492
0.118710
0.118162
0.117849
0.117927
0.117379
0.117066
0.116675
0.116205
0.115735
0.115422
0.114796
0.114248
0.113779
0.113779
0.113152
0.113387
0.112839
0.112213
0.112057
0.111509
0.111274
0.110413
0.110256
0.109943
0.109630
0.109082
0.108769
0.108300
0.107908
0.107517
0.106813
0.106343
0.106030
0.105639
0.105325
0.104934
0.104543
0.104230
0.103682
0.103290
0.102586
0.102351
0.101960
0.101725
0.101803
0.100942
0.100394
0.100081
0.100160
0.099220
0.098438
0.098125
0.097890
0.097655
0.097342
0.096951
0.096324
0.095933
0.095385
0.094759
0.094603
0.093898
0.094211
0.093742
0.093194
0.092568
0.092176
0.091707
0.091472
0.091080
0.090376
0.090141
0.089750
0.089124
0.089045
0.088497
0.088184
0.087402
0.087010
0.086697
0.086071
0.085836
0.085680
0.084897
0.084741
0.084271
0.083958
0.083410
0.083253
0.082392
0.082236
0.081610
0.081140
0.081218
0.080592
0.079888
0.079340
0.078949
0.078479
0.078009
0.077383
0.077148
0.076835
0.076366
0.075896
0.075505
0.075113
0.074644
0.074331
0.073548
0.073704
0.073235
0.072687
0.072296
0.071983
0.071435
0.071122
0.070652
0.070104
0.069321
0.069243
0.068852
0.068460
0.067991
0.067678
0.067208
0.066817
0.066112
0.065878
0.065251
0.064860
0.064390
0.064390
0.063686
0.063529
0.062903
0.062355
0.062199
0.061573
0.061260
0.060633
0.060477
0.060007
0.059538
0.059068
0.058442
0.057972
0.057894
0.057346
0.057111
0.056642
0.055937
0.055781
0.055233
0.054763
0.054528
0.053980
0.053511
0.053120
0.052728
0.052180
0.051789
0.051476
0.051241
0.050615
0.050067
0.049832
0.049284
0.048893
0.048345
0.048032
0.047641
0.047171
0.047014
0.046232
0.045997
0.045527
0.044823
0.044432
0.044197
0.043884
0.043492
0.043179
0.042162
0.041927
0.041457
0.041144
0.041066
0.040127
0.039657
0.039422
0.038953
0.038327
0.037544
0.037074
0.036839
0.036605
0.036213
0.035744
0.035431
0.035039
0.034413
0.033787
0.033317
0.033004
0.032613
0.032065
0.031830
0.031282
0.030891
0.030500
0.030265
0.029482
0.028934
0.028699
0.027917
0.027604
0.027369
0.026977
0.026351
0.026038
0.025882
0.025334
0.024629
0.024003
0.023534
0.023299
0.022907
0.022360
0.022046
0.021812
0.021264
0.021029
0.020246
0.019698
0.019072
0.018603
0.018289
0.017663
0.017429
0.017115
0.016489
0.016098
0.015393
0.014689
0.014063
0.014141
0.013593
0.013045
0.012654
0.012341
0.011950
0.011558
0.011010
0.010306
0.009758
0.009836
0.009132
0.008584
0.008114
0.007801
0.007723
0.006940
0.006549
0.005688
0.005140
0.004827
0.004514
0.004123
0.003496
0.003340
0.002714
0.002166
0.001853
0.001383
0.000914
0.000366
0.000053
-0.000417
-0.000495
-0.001121
-0.001669
-0.002217
-0.002843
-0.003783
-0.003939
-0.004330
-0.004487
-0.005270
-0.005661
-0.005974
-0.006209
-0.006600
-0.007305
-0.008087
-0.008479
-0.009027
-0.009496
-0.009731
-0.010122
-0.010749
-0.011375
-0.011531
-0.012471
-0.013018
-0.013879
-0.014349
-0.014662
-0.015053
-0.015601
-0.016071
-0.016854
-0.017245
-0.017715
-0.018419
-0.019358
-0.019750
-0.019828
-0.020298
-0.020532
-0.021472
-0.021785
-0.022567
-0.022959
-0.023820
-0.024602
-0.025150
-0.025385
-0.025698
-0.026559
-0.026716
-0.027264
-0.027733
-0.028281
-0.028985
-0.029925
-0.030238
-0.030786
-0.031020
-0.031725
-0.032116
-0.032429
-0.032821
-0.033525
-0.034073
-0.035404
-0.035717
-0.036030
-0.036421
-0.037047
-0.037987
-0.038221
-0.038691
-0.039395
-0.040178
-0.040961
-0.041430
-0.041743
-0.042448
-0.042839
-0.043622
-0.044013
-0.044405
-0.045109
-0.045813
-0.046674
-0.046909
-0.047614
-0.047770
-0.048162
-0.048631
-0.049414
-0.050040
-0.050823
-0.051605
-0.052232
-0.052779
-0.053327
-0.053640
-0.054345
-0.055049
-0.055597
-0.056145
-0.056850
-0.057476
-0.058258
-0.058806
-0.059354
-0.059824
-0.060137
-0.060763
-0.061154
-0.062172
-0.062641
-0.063502
-0.064285
-0.064833
-0.064990
-0.065694
-0.066085
-0.066712
-0.067181
-0.067729
-0.068433
-0.069294
-0.069921
-0.070547
-0.070703
-0.071408
-0.071956
-0.072895
-0.073208
-0.073599
-0.074382
-0.075008
-0.075634
-0.076260
-0.076652
-0.077200
-0.077826
-0.078530
-0.079078
-0.080096
-0.080722
-0.081426
-0.082131
-0.082757
-0.083383
-0.083618
-0.084557
-0.084948
-0.085340
-0.086201
-0.086514
-0.087531
-0.087923
-0.088549
-0.089253
-0.089488
-0.090192
-0.090819
-0.091523
-0.092227
-0.092775
-0.093402
-0.094106
-0.094732
-0.094967
-0.095515
-0.095984
-0.096611
-0.097628
-0.098411
-0.098802
-0.099350
-0.100054
-0.100837
-0.101150
-0.101698
-0.102011
-0.102872
-0.103811
-0.104203
-0.104751
-0.105612
-0.106159
-0.106864
-0.107099
-0.107960
-0.108273
-0.109134
-0.109995
-0.110699
-0.111325
-0.111795
-0.112656
-0.113517
-0.113986
-0.114456
-0.114691
-0.115395
-0.116491
-0.117039
-0.117430
-0.118135
-0.118761
-0.119700
-0.120483
-0.121031
-0.121344
-0.122205
-0.123066
-0.123692
-0.124318
-0.124788
-0.125336
-0.126118
-0.127058
-0.127449
-0.127840
-0.128466
-0.128936
-0.130345
-0.130814
-0.131519
-0.131989
-0.132771
-0.133319
-0.133867
-0.134102
-0.134806
-0.135667
-0.136528
-0.137311
-0.138328
-0.138641
-0.139346
-0.140050
-0.140676
-0.141616
-0.141694
-0.142477
-0.143181
-0.143964
-0.144903
-0.145451
-0.145921
-0.147016
-0.147486
-0.147721
-0.148582
-0.149130
-0.150225
-0.150930
-0.151869
-0.152026
-0.152417
-0.153513
-0.154217
-0.154609
-0.155000
-0.156096
-0.156957
-0.157348
-0.158131
-0.158679
-0.159226
-0.160400
-0.161261
-0.161653
-0.162201
-0.162827
-0.163688
-0.164549
-0.165097
-0.165488
-0.165958
-0.166897
-0.167601
-0.168306
-0.168619
-0.169167
-0.170028
-0.171123
-0.172063
-0.172611
-0.173237
-0.173550
-0.174489
-0.174959
-0.175741
-0.176054
-0.176915
-0.177933
-0.178716
-0.179577
-0.180281
-0.180594
-0.181455
-0.182159
-0.182629
-0.183177
-0.183803
-0.184821
-0.185603
-0.186073
-0.186856
-0.187404
-0.188030
-0.188734
-0.189282
-0.189830
-0.190613
-0.191160
-0.192491
-0.193352
-0.193509
-0.194213
-0.194761
-0.195152
-0.195935
-0.196639
-0.197031
-0.197813
-0.198753
-0.199535
-0.200631
-0.201257
-0.202040
-0.202275
-0.203136
-0.204075
-0.204623
-0.205171
-0.205797
-0.207049
-0.207910
-0.208067
-0.208771
-0.209084
-0.209789
-0.210571
-0.211119
-0.211745
-0.212215
-0.213233
-0.214172
-0.214407
-0.215424
-0.216129
-0.216755
-0.217303
-0.217929
-0.218398
-0.219181
-0.219964
-0.220981
-0.221607
-0.222390
-0.222625
-0.223329
-0.224034
-0.224973
-0.225130
-0.225834
-0.226382
-0.227243
-0.227947
-0.228652
-0.229200
-0.229669
-0.230765
-0.231078
-0.231704
-0.232252
-0.232800
-0.233818
-0.234287
-0.235226
-0.235539
-0.236087
-0.236870
-0.237574
-0.237888
-0.238514
-0.239218
-0.239844
-0.241018
-0.241566
-0.242505
-0.242740
-0.243132
-0.243680
-0.244462
-0.245088
-0.245558
-0.246184
-0.246810
-0.247515
-0.248063
-0.248297
-0.249002
-0.249158
-0.250019
-0.250489
-0.251037
-0.251741
-0.252211
-0.252994
-0.254089
-0.254402
-0.254794
-0.255342
-0.255342
-0.256281
-0.256985
-0.257690
-0.258159
-0.258629
-0.259333
-0.260194
-0.260664
-0.260899
-0.261760
-0.261916
-0.262386
-0.263325
-0.263795
-0.264186
-0.264891
-0.265517
-0.266299
-0.266613
-0.266769
-0.267474
-0.267787
-0.268256
-0.268726
-0.269117
-0.269743
-0.270604
-0.271152
-0.271544
-0.271857
-0.272483
-0.272874
-0.273109
-0.273500
-0.273970
-0.274674
-0.275066
-0.275692
-0.276083
-0.276396
-0.276709
-0.276944
-0.277649
-0.277727
-0.278353
-0.278979
-0.279371
-0.279997
-0.280701
-0.280936
-0.281249
-0.281249
-0.282032
-0.282501
-0.282971
-0.283362
-0.283754
-0.284223
-0.285084
-0.285241
-0.285554
-0.285945
-0.286258
-0.286728
-0.286806
-0.287041
-0.287511
-0.287824
-0.288293
-0.288763
-0.289154
-0.289076
-0.289780
-0.290015
-0.290172
-0.290720
-0.291033
-0.291659
-0.291972
-0.292285
-0.292755
-0.292676
-0.292911
-0.293303
-0.293537
-0.294007
-0.293929
-0.294320
-0.294711
-0.295025
-0.295338
-0.295572
-0.295807
-0.296042
-0.296433
-0.296746
-0.296981
-0.297216
-0.297607
-0.297920
-0.298234
-0.298625
-0.298547
-0.299095
-0.299173
-0.299329
-0.299251
-0.299721
-0.300034
-0.300425
-0.300816
-0.300895
-0.300738
-0.301286
-0.301443
-0.301677
-0.301756
-0.301991
-0.302069
-0.302538
-0.302538
-0.302460
-0.303008
-0.302851
-0.303243
-0.303634
-0.303478
-0.304026
-0.304104
-0.304026
-0.304417
-0.304417
-0.304417
-0.304417
-0.304887
-0.304730
-0.305121
-0.305278
-0.305278
-0.305434
-0.305121
-0.305513
-0.305669
-0.305747
-0.306139
-0.306452
-0.306374
-0.306608
-0.306765
-0.306530
-0.306687
-0.307000
-0.307000
-0.307078
-0.307235
-0.307235
-0.307469
-0.307469
-0.307548
-0.307782
-0.307704
-0.307782
-0.307548
-0.307861
-0.307939
-0.308174
-0.307939
-0.308330
-0.308330
-0.308252
-0.307861
-0.308409
-0.308174
-0.308174
-0.308330
-0.308174
-0.308565
-0.308565
-0.308643
-0.308722
-0.308409
-0.308487
-0.308643
-0.308643
-0.308565
-0.308722
-0.308487
-0.308565
-0.308565
-0.308957
-0.308800
-0.308878
-0.308722
-0.308643
-0.308487
-0.308565
-0.308722
-0.308565
-0.308722
-0.308722
-0.308565
-0.308957
-0.308409
-0.308487
-0.308330
-0.308409
-0.308409
-0.308487
-0.308330
-0.308252
-0.308565
-0.308409
-0.308252
-0.308252
-0.308409
-0.308252
-0.308252
-0.308096
-0.307939
-0.308252
-0.308017
-0.308096
-0.308174
-0.307782
-0.308017
-0.308252
-0.307939
-0.307704
-0.308096
-0.307782
-0.307861
-0.307313
-0.307469
-0.307391
-0.307391
-0.307704
-0.307469
-0.307391
-0.307156
-0.307078
-0.307156
-0.307313
-0.307391
-0.307313
-0.307156
-0.307000
-0.307000
-0.307000
-0.306922
-0.306765
-0.306608
-0.306608
-0.306922
-0.306765
-0.306765
-0.306687
-0.306843
-0.306295
-0.306374
-0.306217
-0.306139
-0.306295
-0.306217
-0.306139
-0.306217
-0.306139
-0.305982
-0.306061
-0.306061
-0.305591
-0.305434
-0.305669
-0.305434
-0.305434
-0.305434
-0.305513
-0.305121
-0.305434
-0.305200
-0.305200
-0.304887
-0.304495
-0.304887
-0.304808
-0.304573
-0.304730
-0.304730
-0.304495
-0.304417
-0.304730
-0.304260
-0.304417
-0.304026
-0.304026
-0.303947
-0.303869
-0.303947
-0.304104
-0.304104
-0.303869
-0.303634
-0.303634
-0.303634
-0.303478
-0.303556
-0.303321
-0.303321
-0.303321
-0.303243
-0.303243
-0.303243
-0.303086
-0.303008
-0.303008
-0.303086
-0.302930
-0.302851
-0.302851
-0.302851
-0.302617
-0.303008
-0.302460
-0.302538
-0.302304
-0.302382
-0.302304
-0.302225
-0.302225
-0.302382
-0.302538
-0.302304
-0.302147
-0.301912
-0.301756
-0.301756
-0.301756
-0.301756
-0.301364
-0.301834
-0.301756
-0.301521
-0.301521
-0.301599
-0.301599
-0.300895
-0.301286
-0.301443
-0.301208
-0.301286
-0.301208
-0.301364
-0.301521
-0.301443
-0.301208
-0.301130
-0.301130
-0.300973
-0.300895
-0.301051
-0.301130
-0.300973
-0.300895
-0.300895
-0.300738
-0.300425
-0.300425
-0.300738
-0.300660
-0.300582
-0.300503
-0.300738
-0.300660
-0.300973
-0.300738
-0.301051
-0.300738
-0.300425
-0.300503
-0.300425
-0.300425
-0.300425
-0.300425
-0.300347
-0.300425
-0.300425
-0.300503
-0.300190
-0.300112
-0.300112
-0.300347
-0.300112
-0.299956
-0.300112
-0.299799
-0.300112
-0.300503
-0.300347
-0.299877
-0.300034
-0.300112
-0.300112
-0.299799
-0.300034
-0.299721
-0.300112
-0.300190
-0.300269
-0.300582
-0.300347
-0.300034
-0.299721
-0.300112
-0.300112
-0.300112
-0.300034
-0.300425
-0.300347
-0.300269
-0.300425
-0.300347
-0.300190
-0.300034
-0.300425
-0.300425
-0.299956
-0.300034
-0.300034
-0.300425
-0.300582
-0.300660
-0.300582
-0.300425
-0.300269
-0.300503
-0.300503
-0.300425
-0.300738
-0.300582
-0.300660
-0.300660
-0.300582
-0.300738
-0.300816
-0.300660
-0.300895
-0.300895
-0.300895
-0.300895
-0.301051
-0.300895
-0.301286
-0.301286
-0.301208
-0.301208
-0.301364
-0.301364
-0.301286
-0.301130
-0.301443
-0.301286
-0.301521
-0.301599
-0.301677
-0.301834
-0.301756
-0.301677
-0.302147
-0.301991
-0.302147
-0.301756
-0.302069
-0.301991
-0.302225
-0.302225
-0.302617
-0.302460
-0.302382
-0.302460
-0.302460
-0.302773
-0.302382
-0.302930
-0.302773
-0.303165
-0.303321
-0.303556
-0.303478
-0.303399
-0.303478
-0.303321
-0.303478
-0.303634
-0.303556
-0.303712
-0.303712
-0.304104
-0.304182
-0.304339
-0.304104
-0.304026
-0.304104
-0.304026
-0.304260
-0.304417
-0.304339
-0.304417
-0.304965
-0.304652
-0.304887
-0.304808
-0.305043
-0.305121
-0.305434
-0.305356
-0.305356
-0.305591
-0.306061
-0.305982
-0.306217
-0.305826
-0.306217
-0.305982
-0.306295
-0.306530
-0.306765
-0.306452
-0.306843
-0.306687
-0.307000
-0.307235
-0.307078
-0.307235
-0.307235
-0.307313
-0.307861
-0.307626
-0.307548
-0.307782
-0.308096
-0.308174
-0.308330
-0.308487
-0.308565
-0.308252
-0.308722
-0.308800
-0.308722
-0.308722
-0.308957
-0.309113
-0.309191
-0.309348
-0.309661
-0.309739
-0.309426
-0.309426
-0.309896
-0.310131
-0.310444
-0.310522
-0.310600
-0.310757
-0.311305
-0.311070
-0.311305
-0.311383
-0.311618
-0.311305
-0.311853
-0.311774
-0.312166
-0.312087
-0.312244
-0.312400
-0.312713
-0.312713
-0.312870
-0.313027
-0.313183
-0.313340
-0.313418
-0.313574
-0.313653
-0.313731
-0.313888
-0.314122
-0.314279
-0.314670
-0.314514
-0.314435
-0.314905
-0.314905
-0.314983
-0.315140
-0.315296
-0.315531
-0.315609
-0.316001
-0.316314
-0.316157
-0.316001
-0.316314
-0.316784
-0.316784
-0.317097
-0.317018
-0.317331
-0.317488
-0.317566
-0.317723
-0.317723
-0.317801
-0.318036
-0.318192
-0.318584
-0.318740
-0.318662
-0.318662
-0.319288
-0.319132
-0.319210
-0.319445
-0.319445
-0.319601
-0.319993
-0.320149
-0.319914
-0.320149
-0.320697
-0.320462
-0.320540
-0.321401
-0.321323
-0.321167
-0.321636
-0.321871
-0.321871
-0.322106
-0.322184
-0.322419
-0.322419
-0.322889
-0.323045
-0.323280
-0.323436
-0.323123
-0.323750
-0.323828
-0.324063
-0.324219
-0.324297
-0.324454
-0.324610
-0.324924
-0.325002
-0.325237
-0.325550
-0.325550
-0.325550
-0.325863
-0.326411
-0.326176
-0.326567
-0.326567
-0.326724
-0.326802
-0.327037
-0.327193
-0.327428
-0.327663
-0.327898
-0.328133
-0.328054
-0.328681
-0.328915
-0.328915
-0.329228
-0.328994
-0.329541
-0.329541
-0.329776
-0.330011
-0.330089
-0.330559
-0.330637
-0.330794
-0.330950
-0.331185
-0.331263
-0.331420
-0.331498
-0.331968
-0.332046
-0.332437
-0.332672
-0.332751
-0.332907
-0.332907
-0.333064
-0.333846
-0.333533
-0.333768
-0.334081
-0.334081
-0.334629
-0.335020
-0.334942
-0.335255
-0.335647
-0.335803
-0.335803
-0.336273
-0.336116
-0.336429
-0.336351
-0.336664
-0.337055
-0.337134
-0.337603
-0.337525
-0.337760
-0.337916
-0.338151
-0.338464
-0.338464
-0.338699
-0.338777
-0.338934
-0.339169
-0.339482
-0.339717
-0.339873
-0.340108
-0.340578
-0.340499
-0.341047
-0.341204
-0.341047
-0.341517
-0.341908
-0.341908
-0.342221
-0.342378
-0.342926
-0.343004
-0.342847
-0.343160
-0.343395
-0.343395
-0.343787
-0.343943
-0.344413
-0.344334
-0.344726
-0.344882
-0.345117
-0.345195
-0.345430
-0.345743
-0.345900
-0.345978
-0.346135
-0.346448
-0.346839
-0.347230
-0.347544
-0.347230
-0.347622
-0.347700
-0.348091
-0.348091
-0.348483
-0.348405
-0.348796
-0.349187
-0.349500
-0.349500
-0.349892
-0.349892
-0.350205
-0.350205
-0.350440
-0.350596
-0.350987
-0.351066
-0.352005
-0.352005
-0.352161
-0.352396
-0.352396
-0.352396
-0.352866
-0.352944
-0.353336
-0.353570
-0.353649
-0.354118
-0.354275
-0.354666
-0.354901
-0.355371
-0.355214
-0.355449
-0.355762
-0.356075
-0.356153
-0.356231
-0.356466
-0.356779
-0.357092
-0.357406
-0.357406
-0.357719
-0.357875
-0.357875
-0.358110
-0.358501
-0.358893
-0.358814
-0.359206
-0.359441
-0.359754
-0.360067
-0.360380
-0.360536
-0.360615
-0.360771
-0.361162
-0.361554
-0.361867
-0.362023
-0.362102
-0.362571
-0.362963
-0.363119
-0.363432
-0.363745
-0.364293
-0.364058
-0.364450
-0.364998
-0.364998
-0.364998
-0.365233
-0.365859
-0.365937
-0.366172
-0.366485
-0.366720
-0.366798
-0.367111
-0.367346
-0.367268
-0.367737
-0.367972
-0.368128
-0.368363
-0.368755
-0.368989
-0.369616
-0.369537
-0.369772
-0.369929
-0.369850
-0.370164
-0.370555
-0.370477
-0.370946
-0.371259
-0.371651
-0.371807
-0.371729
-0.372120
-0.372746
-0.372590
-0.372825
-0.372903
-0.372981
-0.373216
-0.373920
-0.374312
-0.374547
-0.374234
-0.374938
-0.374703
-0.375251
-0.375721
-0.375642
-0.375877
-0.376347
-0.376347
-0.376425
-0.376738
-0.377130
-0.377364
-0.377834
-0.378069
-0.378460
-0.378304
-0.378538
-0.379086
-0.379243
-0.379634
-0.380026
-0.380260
-0.380182
-0.380652
-0.380965
-0.381043
-0.381513
-0.381747
-0.381904
-0.382139
-0.382295
-0.382765
-0.383078
-0.383313
-0.383391
-0.383235
-0.383626
-0.384252
-0.384330
-0.384487
-0.384800
-0.385113
-0.385583
-0.385661
-0.385974
-0.386209
-0.386287
-0.386600
-0.387148
-0.387539
-0.387226
-0.387696
-0.387852
-0.388087
-0.388244
-0.388713
-0.388635
-0.388792
-0.389809
-0.389731
-0.390279
-0.390357
-0.390592
-0.391140
-0.391296
-0.391453
-0.391844
-0.391844
-0.392236
-0.392236
-0.392783
-0.393018
-0.393253
-0.393331
-0.393801
-0.393958
-0.394192
-0.394427
-0.394662
-0.394975
-0.395132
-0.395366
-0.395914
-0.396071
-0.396227
-0.396462
-0.397167
-0.397167
-0.397245
-0.397480
-0.397793
-0.398184
-0.398419
-0.398810
-0.398732
-0.398967
-0.399358
-0.399358
-0.399906
-0.399593
-0.400689
-0.400767
-0.401080
-0.401315
-0.401628
-0.402176
-0.402019
-0.402645
-0.403193
-0.403193
-0.403585
-0.403663
-0.404133
-0.404211
-0.404759
-0.404524
-0.404994
-0.405307
-0.405541
-0.406246
-0.406324
-0.406559
-0.406794
-0.406872
-0.407185
-0.407890
-0.407733
-0.407733
-0.408203
-0.408359
-0.408594
-0.409064
-0.409377
-0.409533
-0.410003
-0.410003
-0.410316
-0.410629
-0.410551
-0.411177
-0.411568
-0.411803
-0.411960
-0.412194
-0.412429
-0.412742
-0.413134
-0.413368
-0.413603
-0.413995
-0.414542
-0.414621
-0.414699
-0.415090
-0.415482
-0.415560
-0.415717
-0.416030
-0.416343
-0.416812
-0.417047
-0.416969
-0.417517
-0.417595
-0.417830
-0.417986
-0.418613
-0.418534
-0.418691
-0.419160
-0.419708
-0.419865
-0.420256
-0.420334
-0.420334
-0.420804
-0.421039
-0.421352
-0.421665
-0.421822
-0.422526
-0.422761
-0.423074
-0.423309
-0.424013
-0.423700
-0.423778
-0.424248
-0.424483
-0.424561
-0.425031
-0.425031
-0.425422
-0.425735
-0.425970
-0.426361
-0.426831
-0.426831
-0.427222
-0.427379
-0.427614
-0.427848
-0.428083
-0.428240
-0.428788
-0.429022
-0.429335
-0.429492
-0.429883
-0.430196
-0.430510
-0.430588
-0.430901
-0.430901
-0.431292
-0.431684
-0.431918
-0.432153
-0.432310
-0.432623
-0.433014
-0.433484
-0.433875
-0.433719
-0.433953
-0.434266
-0.434580
-0.434736
-0.435441
-0.435519
-0.435675
-0.435910
-0.436067
-0.436615
-0.436771
-0.436849
-0.436928
-0.437241
-0.437476
-0.437867
-0.438180
-0.438493
-0.438728
-0.438963
-0.439432
-0.439824
-0.440215
-0.440293
-0.440372
-0.441154
-0.441154
-0.441546
-0.442250
-0.442015
-0.442563
-0.442485
-0.442876
-0.443424
-0.443581
-0.444050
-0.444128
-0.444598
-0.444833
-0.445068
-0.445303
-0.445303
-0.445616
-0.446242
-0.446633
-0.446477
-0.446946
-0.447181
-0.447494
-0.447807
-0.447885
-0.448198
-0.448512
-0.448512
-0.449059
-0.449451
-0.449607
-0.449920
-0.450155
-0.450312
-0.450703
-0.450938
-0.451173
-0.451564
-0.451721
-0.451877
-0.452269
-0.452660
-0.453443
-0.453129
-0.453521
-0.453521
-0.453990
-0.453990
-0.454460
-0.454617
-0.455086
-0.455086
-0.455791
-0.456182
-0.456495
-0.456730
-0.456965
-0.457356
-0.457356
-0.457982
-0.458139
-0.458374
-0.458374
-0.458765
-0.458921
-0.459313
-0.459861
-0.460096
-0.460330
-0.460643
-0.461270
-0.461191
-0.461504
-0.461817
-0.462052
-0.462209
-0.462678
-0.463148
-0.463618
-0.463539
-0.463931
-0.464479
-0.464322
-0.464713
-0.464948
-0.465027
-0.465496
-0.465887
-0.466357
-0.466279
-0.466983
-0.467062
-0.467218
-0.467531
-0.467609
-0.467922
-0.468157
-0.468470
-0.468627
-0.468783
-0.469175
-0.469566
-0.469879
-0.470271
-0.470271
-0.470662
-0.470897
-0.471053
-0.471210
-0.471679
-0.471914
-0.472227
-0.472384
-0.472540
-0.472853
-0.473401
-0.473793
-0.473793
-0.473949
-0.474654
-0.474732
-0.475045
-0.475436
-0.475671
-0.475906
-0.476141
-0.476454
-0.477002
-0.477080
-0.477706
-0.477706
-0.478098
-0.478489
-0.478724
-0.478880
-0.479272
-0.479428
-0.479663
-0.480289
-0.481072
-0.481307
-0.481150
-0.481541
-0.482011
-0.482168
-0.482246
-0.482872
-0.483029
-0.483342
-0.483498
-0.483733
-0.484281
-0.484516
-0.485064
-0.485377
-0.485533
-0.486081
-0.486159
-0.486472
-0.486864
-0.487099
-0.487255
-0.487646
-0.487960
-0.488194
-0.488194
-0.488664
-0.488899
-0.489212
-0.489447
-0.489995
-0.490151
-0.490542
-0.490621
-0.490777
-0.491247
-0.491482
-0.491951
-0.492264
-0.492656
-0.492891
-0.492891
-0.493282
-0.493673
-0.493752
-0.494299
-0.494612
-0.494456
-0.494847
-0.495239
-0.495552
-0.496100
-0.496178
-0.496569
-0.496726
-0.497039
-0.497587
-0.497743
-0.498056
-0.498213
-0.498604
-0.498761
-0.499230
-0.499152
-0.499622
-0.499857
-0.500326
-0.500718
-0.500874
-0.501109
-0.501578
-0.501578
-0.502048
-0.502753
-0.502753
-0.503457
-0.503614
-0.503692
-0.504083
-0.504318
-0.504788
-0.504788
-0.505414
-0.505335
-0.505570
-0.505962
-0.506118
-0.506744
-0.506979
-0.507292
-0.507527
-0.507684
-0.507918
-0.508310
-0.508701
-0.508779
-0.509171
-0.509171
-0.509562
-0.509719
-0.510188
-0.510658
-0.511049
-0.511127
-0.511284
-0.511910
-0.511754
-0.512536
-0.512928
-0.513006
-0.513241
-0.513632
-0.513789
-0.514023
-0.514336
-0.514806
-0.514884
-0.515276
-0.515589
-0.515745
-0.515902
-0.516528
-0.516450
-0.516919
-0.516841
-0.517467
-0.517780
-0.517702
-0.518093
-0.518641
-0.518876
-0.519267
-0.519424
-0.519815
-0.519581
-0.520285
-0.520442
-0.521146
-0.521616
-0.521850
-0.522242
-0.522633
-0.522946
-0.523024
-0.523103
-0.523651
-0.523885
-0.523964
-0.524355
-0.524590
-0.524903
-0.525138
-0.525451
-0.526077
-0.526390
-0.526233
-0.526390
-0.526938
-0.527016
-0.527486
-0.527329
-0.527955
-0.528190
-0.528503
-0.528660
-0.529208
-0.529129
-0.529756
-0.529912
-0.530382
-0.530304
-0.530773
-0.530930
-0.531164
-0.531634
-0.532182
-0.532495
-0.533043
-0.533121
-0.533356
-0.533591
-0.533904
-0.534217
-0.534217
-0.534608
-0.534921
-0.535313
-0.535704
-0.535704
-0.536330
-0.536174
-0.536487
-0.536878
-0.536878
-0.537270
-0.537426
-0.537504
-0.537974
-0.538052
-0.538130
-0.538522
-0.539070
-0.539539
-0.539852
-0.540009
-0.540635
-0.540713
-0.540870
-0.541183
-0.541731
-0.541809
-0.542435
-0.542514
-0.542827
-0.542748
-0.543218
-0.543375
-0.543688
-0.544001
-0.544236
-0.544705
-0.544940
-0.544940
-0.545566
-0.545566
-0.545957
-0.546036
-0.546662
-0.547053
-0.547679
-0.547992
-0.548227
-0.548384
-0.548697
-0.548697
-0.548932
-0.549480
-0.549714
-0.549714
-0.550106
-0.550262
-0.550654
-0.550967
-0.551280
-0.551671
-0.551906
-0.552376
-0.552454
-0.552532
-0.553002
-0.553158
-0.553471
-0.553550
-0.554098
-0.554176
-0.554645
-0.555115
-0.555115
-0.555350
-0.555819
-0.555819
-0.556367
-0.556524
-0.556994
-0.557150
-0.557463
-0.557385
-0.557854
-0.558324
-0.558715
-0.558872
-0.558794
-0.559029
-0.559498
-0.560124
-0.560594
-0.560516
-0.560985
-0.561142
-0.561846
-0.562238
-0.562238
-0.562629
-0.563020
-0.563412
-0.563333
-0.563725
-0.563960
-0.564507
-0.564820
-0.564899
-0.565290
-0.565447
-0.565995
-0.566151
-0.566621
-0.566777
-0.567169
-0.567403
-0.567638
-0.568186
-0.568343
-0.568421
-0.569047
-0.568891
-0.569360
-0.569438
-0.569751
-0.569986
-0.570534
-0.570926
-0.571082
-0.571317
-0.571865
-0.571630
-0.571865
-0.572726
-0.573039
-0.573508
-0.573508
-0.573665
-0.574213
-0.574213
-0.574682
-0.574917
-0.574917
-0.575543
-0.575935
-0.576170
-0.576483
-0.576717
-0.577031
-0.577265
-0.577578
-0.578048
-0.578205
-0.578596
-0.578753
-0.578909
-0.579379
-0.579613
-0.579927
-0.580083
-0.580631
-0.581022
-0.581257
-0.581335
-0.581727
-0.582196
-0.582666
-0.582588
-0.582901
-0.583370
-0.583527
-0.583684
-0.583918
-0.584779
-0.585249
-0.584858
-0.585327
-0.585719
-0.586188
-0.586188
-0.586658
-0.587049
-0.587362
-0.587754
-0.587988
-0.588223
-0.588771
-0.588693
-0.589006
-0.589319
-0.589397
-0.589710
-0.590023
-0.590728
-0.590650
-0.590728
-0.591354
-0.591824
-0.591980
-0.592371
-0.592450
-0.592919
-0.593389
-0.593624
-0.594015
-0.594250
-0.594641
-0.594876
-0.594954
-0.595346
-0.595894
-0.595894
-0.596755
-0.596598
-0.597224
-0.597772
-0.597850
-0.598320
-0.598320
-0.598868
-0.598790
-0.599103
-0.599572
-0.599494
-0.599964
-0.600277
-0.600668
-0.601138
-0.601372
-0.601920
-0.602233
-0.602468
-0.602547
-0.603173
-0.603251
-0.603564
-0.604034
-0.603877
-0.604503
-0.604816
-0.605286
-0.604973
-0.605756
-0.606147
-0.606538
-0.606538
-0.607086
-0.607008
-0.607399
-0.607712
-0.608182
-0.608417
-0.608730
-0.609121
-0.609434
-0.609199
-0.609904
-0.610217
-0.610452
-0.610765
-0.611234
-0.611156
-0.611782
-0.611861
-0.612174
-0.612409
-0.613191
-0.613348
-0.613739
-0.613896
-0.614052
-0.614522
-0.614678
-0.614835
-0.615226
-0.615305
-0.615696
-0.615852
-0.616322
-0.616479
-0.617026
-0.617183
-0.617574
-0.617809
-0.617966
-0.617887
-0.618357
-0.618670
-0.619296
-0.619531
-0.619844
-0.620157
-0.620470
-0.620314
-0.620783
-0.621175
-0.621723
-0.621879
-0.622271
-0.622505
-0.622740
-0.623131
-0.623445
-0.623445
-0.624306
-0.624306
-0.624462
-0.624932
-0.625010
-0.625558
-0.625480
-0.625949
-0.626106
-0.626575
-0.626654
-0.627123
-0.627280
-0.627828
-0.627906
-0.628219
-0.628689
-0.628767
-0.629158
-0.629158
-0.629550
-0.629863
-0.630176
-0.630332
-0.630802
-0.630802
-0.630958
-0.631350
-0.631898
-0.632289
-0.632367
-0.632602
-0.632759
-0.633072
-0.633463
-0.633776
-0.634324
-0.634168
-0.634402
-0.634715
-0.635263
-0.635420
-0.635968
-0.636203
-0.636516
-0.637064
-0.637142
-0.637220
-0.637377
-0.637924
-0.638238
-0.638394
-0.638629
-0.639020
-0.639255
-0.639412
-0.639881
-0.640586
-0.640586
-0.640742
-0.641055
-0.641681
-0.641838
-0.642464
-0.642777
-0.642777
-0.643012
-0.643325
-0.643560
-0.643638
-0.644264
-0.644499
-0.644734
-0.644812
-0.645204
-0.645517
-0.645751
-0.645986
-0.646456
-0.646769
-0.646926
-0.647160
-0.647865
-0.647708
-0.648256
-0.648491
-0.648804
