-0.534295
-0.534530
-0.535078
-0.535313
-0.535469
-0.535782
-0.535939
-0.536409
-0.536643
-0.537191
-0.537348
-0.537504
-0.537426
-0.537896
-0.538209
-0.538522
-0.539148
-0.539383
-0.539539
-0.539852
-0.540244
-0.540557
-0.540557
-0.540792
-0.541261
-0.541418
-0.542044
-0.542279
-0.542592
-0.542827
-0.543140
-0.543453
-0.543844
-0.543688
-0.543922
-0.544314
-0.544470
-0.544862
-0.544940
-0.545253
-0.545723
-0.545801
-0.546349
-0.546662
-0.546975
-0.547132
-0.547366
-0.547523
-0.547836
-0.548071
-0.548306
-0.548462
-0.549010
-0.549010
-0.549323
-0.549401
-0.549793
-0.550184
-0.550575
-0.550810
-0.551436
-0.551436
-0.551515
-0.551984
-0.552454
-0.552610
-0.553158
-0.553550
-0.553784
-0.553863
-0.554098
-0.554645
-0.554724
-0.554880
-0.555428
-0.555506
-0.555663
-0.555976
-0.556367
-0.556680
-0.556837
-0.556994
-0.557620
-0.557698
-0.558089
-0.558168
-0.558872
-0.558950
-0.559107
-0.559576
-0.559655
-0.560437
-0.560516
-0.560907
-0.561690
-0.561533
-0.562003
-0.562238
-0.562551
-0.562942
-0.563020
-0.563333
-0.563568
-0.564194
-0.564194
-0.564429
-0.564899
-0.564899
-0.565760
-0.565995
-0.566308
-0.566621
-0.566621
-0.567012
-0.567482
-0.567716
-0.567560
-0.568186
-0.568577
-0.568734
-0.568969
-0.569282
-0.569517
-0.569517
-0.569986
-0.570378
-0.570612
-0.570926
-0.570926
-0.571317
-0.571630
-0.572100
-0.572256
-0.572491
-0.572491
-0.572961
-0.573430
-0.573587
-0.573900
-0.574682
-0.574839
-0.574839
-0.575309
-0.575152
-0.575778
-0.576091
-0.576404
-0.576561
-0.576874
-0.577031
-0.577422
-0.577735
-0.578205
-0.578361
-0.578674
-0.578674
-0.579379
-0.579613
-0.579927
-0.580240
-0.580631
-0.580553
-0.581179
-0.581570
-0.581648
-0.581883
-0.581962
-0.582823
-0.582744
-0.582744
-0.583762
-0.583762
-0.583997
-0.584388
-0.584544
-0.584936
-0.585092
-0.585405
-0.585797
-0.586032
-0.586110
-0.586658
-0.587284
-0.587284
-0.587362
-0.588067
-0.588380
-0.588693
-0.588849
-0.589006
-0.589241
-0.589319
-0.589710
-0.590023
-0.590336
-0.591041
-0.591197
-0.591745
-0.591824
-0.592215
-0.592528
-0.592998
-0.593154
-0.593546
-0.593702
-0.594093
-0.594485
-0.594563
-0.595189
-0.595267
-0.595267
-0.595659
-0.596363
-0.596207
-0.596833
-0.597146
-0.597302
-0.597616
-0.597616
-0.598242
-0.598398
-0.598476
-0.598790
-0.599337
-0.599416
-0.599807
-0.600277
-0.600512
-0.600981
-0.601138
-0.601529
-0.602233
-0.602547
-0.602703
-0.603094
-0.603407
-0.603564
-0.604112
-0.604112
-0.604347
-0.604895
-0.605208
-0.605443
-0.605521
-0.605990
-0.606225
-0.606773
-0.607008
-0.607321
-0.607478
-0.607712
-0.608417
-0.608495
-0.608965
-0.609121
-0.609513
-0.609747
-0.610139
-0.610217
-0.610452
-0.611000
-0.611234
-0.611391
-0.611704
-0.612095
-0.612565
-0.612800
-0.612956
-0.613269
-0.613269
-0.613583
-0.614209
-0.614522
-0.614835
-0.614991
-0.615461
-0.615852
-0.615852
-0.616165
-0.616400
-0.616635
-0.617418
-0.617496
-0.617731
-0.617887
-0.618122
-0.618357
-0.618748
-0.619061
-0.619140
-0.619453
-0.619844
-0.620314
-0.620549
-0.620549
-0.621096
-0.621566
-0.621879
-0.622036
-0.622427
-0.622584
-0.622662
-0.623131
-0.623288
-0.623679
-0.623836
-0.624306
-0.624462
-0.624697
-0.625010
-0.625401
-0.625871
-0.625949
-0.626184
-0.626497
-0.626654
-0.627202
-0.627358
-0.627749
-0.627906
-0.628219
-0.628141
-0.628532
-0.629080
-0.629315
-0.629706
-0.629863
-0.630567
-0.630567
-0.630802
-0.631193
-0.631506
-0.631976
-0.632289
-0.632602
-0.632759
-0.633072
-0.633307
-0.633620
-0.634089
-0.634246
-0.634481
-0.634794
-0.635185
-0.635420
-0.635733
-0.636281
-0.635889
-0.636046
-0.636359
-0.636594
-0.636829
-0.637533
-0.637533
-0.637846
-0.638316
-0.638629
-0.638785
-0.638785
-0.639333
-0.639881
-0.640273
-0.640038
-0.640351
-0.640664
-0.641212
-0.641760
-0.641760
-0.641995
-0.642151
-0.642699
-0.643090
-0.643403
-0.643795
-0.643873
-0.644030
-0.644343
-0.644499
-0.644577
-0.644969
-0.645517
-0.645751
-0.646143
-0.646612
-0.646378
-0.647004
-0.647239
-0.647552
-0.647943
-0.648100
-0.648021
-0.648569
-0.648961
-0.649039
-0.649508
-0.649821
-0.650135
-0.650604
-0.650761
-0.651152
-0.650996
-0.651700
-0.651935
-0.652091
-0.652248
-0.652717
-0.652874
-0.653344
-0.653422
-0.654048
-0.654126
-0.654518
-0.654596
-0.654909
-0.655222
-0.655379
-0.655692
-0.656318
-0.656787
-0.656944
-0.657179
-0.657022
-0.657257
-0.657179
-0.657335
-0.657022
-0.657022
-0.657257
-0.657179
-0.657101
-0.656553
-0.656709
-0.656787
-0.656083
-0.655927
-0.656161
-0.656005
-0.655613
-0.655379
-0.655066
-0.654518
-0.654674
-0.654439
-0.654048
-0.653735
-0.653735
-0.653265
-0.652874
-0.652796
-0.652483
-0.652326
-0.651622
-0.651622
-0.651465
-0.650761
-0.650761
-0.650526
-0.650213
-0.649821
-0.649978
-0.649508
-0.649039
-0.648804
-0.648647
-0.648100
-0.647630
-0.647082
-0.647004
-0.646769
-0.646691
-0.646221
-0.645908
-0.645204
-0.645047
-0.644969
-0.644499
-0.644343
-0.643873
-0.643716
-0.643325
-0.643090
-0.642386
-0.642308
-0.641681
-0.641525
-0.640977
-0.640586
-0.640507
-0.640194
-0.639646
-0.639255
-0.638942
-0.638316
-0.637924
-0.638003
-0.637455
-0.637142
-0.636829
-0.636281
-0.636203
-0.635811
-0.635263
-0.635420
-0.634715
-0.634402
-0.634168
-0.633933
-0.633620
-0.633150
-0.633228
-0.632446
-0.632524
-0.632054
-0.631819
-0.631193
-0.630958
-0.630724
-0.630097
-0.629863
-0.629784
-0.629237
-0.629080
-0.628689
-0.628454
-0.627828
-0.627906
-0.627515
-0.627123
-0.626654
-0.626575
-0.626106
-0.625636
-0.625558
-0.625245
-0.624540
-0.624619
-0.624384
-0.623992
-0.623601
-0.623053
-0.623053
-0.622192
-0.621957
-0.621488
-0.621253
-0.620862
-0.620549
-0.620236
-0.619922
-0.619453
-0.619375
-0.618983
-0.618670
-0.618200
-0.618200
-0.617574
-0.617261
-0.617340
-0.616635
-0.616479
-0.615931
-0.615618
-0.614991
-0.614913
-0.614600
-0.614444
-0.614287
-0.613896
-0.613426
-0.613269
-0.612722
-0.612565
-0.612174
-0.611704
-0.611704
-0.611469
-0.610843
-0.610295
-0.610295
-0.610060
-0.609591
-0.609434
-0.608965
-0.608965
-0.608417
-0.608182
-0.607869
-0.607164
-0.607164
-0.606930
-0.606225
-0.606147
-0.605834
-0.605443
-0.604973
-0.604895
-0.604816
-0.604347
-0.603877
-0.603721
-0.603329
-0.602703
-0.602703
-0.602077
-0.601451
-0.601372
-0.601138
-0.600590
-0.599807
-0.599807
-0.599494
-0.599103
-0.599181
-0.598790
-0.598007
-0.597929
-0.597772
-0.597381
-0.597068
-0.596911
-0.596207
-0.596207
-0.595581
-0.595267
-0.594954
-0.594406
-0.594328
-0.593937
-0.593546
-0.593311
-0.593311
-0.592919
-0.592528
-0.592293
-0.591980
-0.591589
-0.591119
-0.590728
-0.590650
-0.590023
-0.589554
-0.589397
-0.589162
-0.588771
-0.588536
-0.588380
-0.587910
-0.587519
-0.587284
-0.586658
-0.586501
-0.586188
-0.586032
-0.585640
-0.585484
-0.585092
-0.584544
-0.584231
-0.583840
-0.583527
-0.583214
-0.583214
-0.582666
-0.582118
-0.581805
-0.581727
-0.581101
-0.580788
-0.580318
-0.580083
-0.579457
-0.579222
-0.579222
-0.578518
-0.578596
-0.577813
-0.577657
-0.577344
-0.576952
-0.576874
-0.576248
-0.575935
-0.575778
-0.575465
-0.574996
-0.574604
-0.574291
-0.574448
-0.573743
-0.573665
-0.573352
-0.572647
-0.572413
-0.572100
-0.571552
-0.571317
-0.571082
-0.570847
-0.570221
-0.570065
-0.569673
-0.569438
-0.568891
-0.568734
-0.568577
-0.567951
-0.567873
-0.567482
-0.567090
-0.566856
-0.566308
-0.566151
-0.565916
-0.565290
-0.565055
-0.564429
-0.564194
-0.563960
-0.563881
-0.563333
-0.563020
-0.562472
-0.562003
-0.561925
-0.561298
-0.560750
-0.560594
-0.560124
-0.559889
-0.559655
-0.559185
-0.558715
-0.558402
-0.558324
-0.558168
-0.557463
-0.557150
-0.556759
-0.556837
-0.556367
-0.555976
-0.555663
-0.555428
-0.554567
-0.554489
-0.554332
-0.554098
-0.553706
-0.553471
-0.552923
-0.552689
-0.552219
-0.552454
-0.551749
-0.551515
-0.551358
-0.550732
-0.550419
-0.550106
-0.549714
-0.549401
-0.549010
-0.548697
-0.548071
-0.548071
-0.547992
-0.547758
-0.547210
-0.546662
-0.546271
-0.546036
-0.545723
-0.545488
-0.545253
-0.545097
-0.544549
-0.544079
-0.543922
-0.543688
-0.543296
-0.542827
-0.542592
-0.541966
-0.542044
-0.541496
-0.541105
-0.541026
-0.540479
-0.540322
-0.539774
-0.539696
-0.539305
-0.538835
-0.538522
-0.538287
-0.537974
-0.537426
-0.537270
-0.536878
-0.536409
-0.536409
-0.535939
-0.535704
-0.535078
-0.535078
-0.534687
-0.534217
-0.534060
-0.533513
-0.533199
-0.532965
-0.532573
-0.532260
-0.532025
-0.531869
-0.531556
-0.531321
-0.530617
-0.530460
-0.529990
-0.529521
-0.529129
-0.529051
-0.528582
-0.528190
-0.527955
-0.528112
-0.527486
-0.527251
-0.526860
-0.526390
-0.526233
-0.525920
-0.525216
-0.524825
-0.524746
-0.524355
-0.524277
-0.523729
-0.523416
-0.523024
-0.522790
-0.522633
-0.521772
-0.521772
-0.521694
-0.521224
-0.520285
-0.520050
-0.519581
-0.519502
-0.519033
-0.518720
-0.518250
-0.517937
-0.517780
-0.517467
-0.517389
-0.516919
-0.516685
-0.516528
-0.515980
-0.515589
-0.515432
-0.515276
-0.514884
-0.514336
-0.514102
-0.513710
-0.513710
-0.513162
-0.512928
-0.512536
-0.512067
-0.511832
-0.511519
-0.511284
-0.510814
-0.510736
-0.509953
-0.509719
-0.509171
-0.508858
-0.508701
-0.508545
-0.508231
-0.507840
-0.507605
-0.507214
-0.506823
-0.506744
-0.506196
-0.505883
-0.506040
-0.505570
-0.504866
-0.504631
-0.504318
-0.503927
-0.503614
-0.503535
-0.502753
-0.502753
-0.502518
-0.501970
-0.501500
-0.501500
-0.501578
-0.500796
-0.500326
-0.500013
-0.499700
-0.499700
-0.499387
-0.498917
-0.498761
-0.498135
-0.497822
-0.497430
-0.497352
-0.497195
-0.496491
-0.496178
-0.495943
-0.495630
-0.495160
-0.495160
-0.494612
-0.494299
-0.494143
-0.493908
-0.493360
-0.493438
-0.492969
-0.492577
-0.492186
-0.492030
-0.491638
-0.491247
-0.490699
-0.490777
-0.490229
-0.489916
-0.489838
-0.489447
-0.489055
-0.488977
-0.488586
-0.488351
-0.487960
-0.487725
-0.487255
-0.486942
-0.486707
-0.486238
-0.486159
-0.485611
-0.485220
-0.484985
-0.484750
-0.484516
-0.484203
-0.483968
-0.483342
-0.483029
-0.482559
-0.482168
-0.482089
-0.481385
-0.480994
-0.480680
-0.480524
-0.480211
-0.479976
-0.479350
-0.479115
-0.478802
-0.478645
-0.478019
-0.477941
-0.477628
-0.477315
-0.477002
-0.476689
-0.476297
-0.476376
-0.475671
-0.475358
-0.475123
-0.474810
-0.474732
-0.474341
-0.473793
-0.473401
-0.472932
-0.473010
-0.472462
-0.472384
-0.471914
-0.471601
-0.471445
-0.471053
-0.470584
-0.470505
-0.470114
-0.469644
-0.469723
-0.469253
-0.469018
-0.468783
-0.468392
-0.467844
-0.467688
-0.467531
-0.467375
-0.467062
-0.466592
-0.466279
-0.466044
-0.465731
-0.465653
-0.465183
-0.464713
-0.464635
-0.464322
-0.463931
-0.463539
-0.463148
-0.462757
-0.462522
-0.462444
-0.461974
-0.461817
-0.461426
-0.461348
-0.460878
-0.460643
-0.460096
-0.459626
-0.459391
-0.458921
-0.458921
-0.458530
-0.458295
-0.458060
-0.457591
-0.457121
-0.457278
-0.456808
-0.456260
-0.455791
-0.455634
-0.455321
-0.454930
-0.454538
-0.454460
-0.454069
-0.453834
-0.453364
-0.452895
-0.452895
-0.452503
-0.452112
-0.451721
-0.451564
-0.451094
-0.451016
-0.450547
-0.450077
-0.449999
-0.449451
-0.448903
-0.448825
-0.448590
-0.448355
-0.447729
-0.447807
-0.447181
-0.446868
-0.446711
-0.446320
-0.446085
-0.445459
-0.445537
-0.444833
-0.444911
-0.444442
-0.444442
-0.443972
-0.443659
-0.443424
-0.443033
-0.442720
-0.442250
-0.442407
-0.441702
-0.441154
-0.440763
-0.440450
-0.439824
-0.439432
-0.439197
-0.438963
-0.438571
-0.438102
-0.438023
-0.437476
-0.437162
-0.436693
-0.436849
-0.436536
-0.436458
-0.435754
-0.435754
-0.435519
-0.435284
-0.434814
-0.434345
-0.434345
-0.433797
-0.433406
-0.432779
-0.432858
-0.432623
-0.431997
-0.432153
-0.431762
-0.431136
-0.430744
-0.430588
-0.430275
-0.429805
-0.429414
-0.429179
-0.428944
-0.428553
-0.428396
-0.428083
-0.427692
-0.427222
-0.427300
-0.426596
-0.426283
-0.425892
-0.425813
-0.425344
-0.424796
-0.424561
-0.424170
-0.424091
-0.423622
-0.423465
-0.423152
-0.422761
-0.422448
-0.422135
-0.421665
-0.421665
-0.421195
-0.420256
-0.420334
-0.420178
-0.419552
-0.419395
-0.418847
-0.418691
-0.418299
-0.418065
-0.417830
-0.417673
-0.417360
-0.416969
-0.416734
-0.416499
-0.416186
-0.415560
-0.415482
-0.415325
-0.414856
-0.414464
-0.414386
-0.413995
-0.413447
-0.413055
-0.412899
-0.412664
-0.412273
-0.411881
-0.411960
-0.411255
-0.411099
-0.410786
-0.410394
-0.409925
-0.409690
-0.409533
-0.408672
-0.408281
-0.408281
-0.408046
-0.407576
-0.407107
-0.407107
-0.406950
-0.406559
-0.406168
-0.405698
-0.405620
-0.405228
-0.404759
-0.404367
-0.404289
-0.404133
-0.403663
-0.403741
-0.403193
-0.402802
-0.402176
-0.401941
-0.402254
-0.401550
-0.401237
-0.400610
-0.400219
-0.399828
-0.399280
-0.398654
-0.398732
-0.398497
-0.398262
-0.397871
-0.397480
-0.397323
-0.397088
-0.396775
-0.396384
-0.396306
-0.395601
-0.395132
-0.394897
-0.394818
-0.394505
-0.394114
-0.393801
-0.393488
-0.393253
-0.393018
-0.392862
-0.392314
-0.392079
-0.391531
-0.391453
-0.390592
-0.390827
-0.390357
-0.390122
-0.389809
-0.389888
-0.389340
-0.389105
-0.388792
-0.388713
-0.388166
-0.387852
-0.387539
-0.387148
-0.387070
-0.386757
-0.386287
-0.386052
-0.385739
-0.385504
-0.385348
-0.385348
-0.384722
-0.384565
-0.383861
-0.383861
-0.383548
-0.383313
-0.383156
-0.382608
-0.382295
-0.382217
-0.381982
-0.381278
-0.381121
-0.380965
-0.380495
-0.379869
-0.379791
-0.379478
-0.379008
-0.378695
-0.378617
-0.378460
-0.378069
-0.377912
-0.377599
-0.377208
-0.376895
-0.376895
-0.376425
-0.376347
-0.375721
-0.375564
-0.375095
-0.374703
-0.374703
-0.374390
-0.373842
-0.373764
-0.373294
-0.373138
-0.372668
-0.372355
-0.371964
-0.371729
-0.371729
-0.371416
-0.371259
-0.370555
-0.370555
-0.370320
-0.369772
-0.369381
-0.369224
-0.369068
-0.368598
-0.368128
-0.368207
-0.367659
-0.367268
-0.367268
-0.366720
-0.366485
-0.366172
-0.366093
-0.365702
-0.365389
-0.364998
-0.364685
-0.364215
-0.363824
-0.363980
-0.363198
-0.363276
-0.362728
-0.362884
-0.362180
-0.362258
-0.362102
-0.361319
-0.361084
-0.360302
-0.360302
-0.359832
-0.359206
-0.359362
-0.359049
-0.358736
-0.358267
-0.358188
-0.357719
-0.357562
-0.357249
-0.356936
-0.356388
-0.355918
-0.356075
-0.355684
-0.355292
-0.355057
-0.354901
-0.354588
-0.354353
-0.354118
-0.353962
-0.353414
-0.353257
-0.352944
-0.352788
-0.352396
-0.352083
-0.351927
-0.351692
-0.351379
-0.351066
-0.350831
-0.350283
-0.350126
-0.349500
-0.349187
-0.348952
-0.348561
-0.348483
-0.348405
-0.347700
-0.347857
-0.347544
-0.347465
-0.347309
-0.346448
-0.346448
-0.346056
-0.345822
-0.345587
-0.345352
-0.345039
-0.344882
-0.344569
-0.344178
-0.344256
-0.343474
-0.343239
-0.343160
-0.342847
-0.342378
-0.342221
-0.341908
-0.341595
-0.341360
-0.341125
-0.340578
-0.340499
-0.340030
-0.339795
-0.339325
-0.339169
-0.338699
-0.338386
-0.338073
-0.337916
-0.337525
-0.337447
-0.336977
-0.336742
-0.336194
-0.335960
-0.335803
-0.335647
-0.335255
-0.334942
-0.334707
-0.334551
-0.333925
-0.333925
-0.333612
-0.333455
-0.332985
-0.332907
-0.332672
-0.332281
-0.331811
-0.331655
-0.331185
-0.331107
-0.330324
-0.330402
-0.330324
-0.329855
-0.329307
-0.329307
-0.329228
-0.328759
-0.328367
-0.327898
-0.327820
-0.327506
-0.326880
-0.326880
-0.326489
-0.326176
-0.325706
-0.325550
-0.325237
-0.325002
-0.324924
-0.324610
-0.324219
-0.323828
-0.323750
-0.323280
-0.323045
-0.322732
-0.322341
-0.322028
-0.321871
-0.321715
-0.321245
-0.321010
-0.320227
-0.320384
-0.320071
-0.319523
-0.319210
-0.318897
-0.318897
-0.318505
-0.318192
-0.317879
-0.317801
-0.317644
-0.317097
-0.316940
-0.316627
-0.316392
-0.316001
-0.316157
-0.315609
-0.315140
-0.314983
-0.314827
-0.314592
-0.314279
-0.313888
-0.313809
-0.313653
-0.313027
-0.312713
-0.312166
-0.312322
-0.311931
-0.311618
-0.311226
-0.311226
-0.310757
-0.310522
-0.310131
-0.309896
-0.309661
-0.309191
-0.308957
-0.308565
-0.308487
-0.308096
-0.308017
-0.307704
-0.307313
-0.307078
-0.306922
-0.306530
-0.306295
-0.306295
-0.305747
-0.305513
-0.305434
-0.304652
-0.304417
-0.304339
-0.304104
-0.304026
-0.303321
-0.303321
-0.303008
-0.302538
-0.302382
-0.301834
-0.301991
-0.301834
-0.301208
-0.301051
-0.300816
-0.300660
-0.300112
-0.300034
-0.299877
-0.299173
-0.298938
-0.298703
-0.298390
-0.297842
-0.297999
-0.297686
-0.297138
-0.296903
-0.296825
-0.296433
-0.296199
-0.296120
-0.295885
-0.295259
-0.295416
-0.294946
-0.294711
-0.294320
-0.294007
-0.294007
-0.293616
-0.293303
-0.292989
-0.292989
-0.292833
-0.292207
-0.291972
-0.292129
-0.291189
-0.291346
-0.290798
-0.290641
-0.290328
-0.289937
-0.289624
-0.289546
-0.288998
-0.288685
-0.288528
-0.288450
-0.288215
-0.287667
-0.287354
-0.287276
-0.286571
-0.286963
-0.286493
-0.286102
-0.285945
-0.285554
-0.285476
-0.285163
-0.284771
-0.284693
-0.284536
-0.284223
-0.283675
-0.283284
-0.283128
-0.283128
-0.282814
-0.282658
-0.282345
-0.282110
-0.281562
-0.281406
-0.280779
-0.280701
-0.280310
-0.279997
-0.279997
-0.279449
-0.279527
-0.279214
-0.278744
-0.278510
-0.278353
-0.278275
-0.277727
-0.277649
-0.277414
-0.276944
-0.276866
-0.276866
-0.276631
-0.276240
-0.276083
-0.275692
-0.275770
-0.275066
-0.274753
-0.274674
-0.274518
-0.274361
-0.274126
-0.273813
-0.273266
-0.273187
-0.272874
-0.272561
-0.272326
-0.272248
-0.271778
-0.271465
-0.271622
-0.271074
-0.270839
-0.270526
-0.270604
-0.270213
-0.270135
-0.269900
-0.269352
-0.268961
-0.268961
-0.268491
-0.268100
-0.267865
-0.267787
-0.267474
-0.267082
-0.267317
-0.266926
-0.266769
-0.266456
-0.266221
-0.265908
-0.265752
-0.265282
-0.265125
-0.264969
-0.264578
-0.264656
-0.264108
-0.263638
-0.263638
-0.263404
-0.263169
-0.262777
-0.262777
-0.262229
-0.262073
-0.262151
-0.261838
-0.261682
-0.261368
-0.260821
-0.260429
-0.260586
-0.260351
-0.259960
-0.259881
-0.259881
-0.259099
-0.259099
-0.258786
-0.258629
-0.258629
-0.258081
-0.257690
-0.257533
-0.257064
-0.257064
-0.256751
-0.256672
-0.256359
-0.256046
-0.256203
-0.256046
-0.255655
-0.255655
-0.255420
-0.254794
-0.254481
-0.254246
-0.254011
-0.253855
-0.253933
-0.253620
-0.253307
-0.253150
-0.252994
-0.252837
-0.252446
-0.252211
-0.251585
-0.251585
-0.251507
-0.251272
-0.251193
-0.250802
-0.250411
-0.250411
-0.250176
-0.249863
-0.249628
-0.249393
-0.248689
-0.248611
-0.248454
-0.248219
-0.247906
-0.247906
-0.247750
-0.247671
-0.247436
-0.247202
-0.246576
-0.246810
-0.246419
-0.246341
-0.245715
-0.245558
-0.245715
-0.245636
-0.245245
-0.245245
-0.244775
-0.244619
-0.244384
-0.243993
-0.243601
-0.243601
-0.243445
-0.243210
-0.242662
-0.242584
-0.242505
-0.242114
-0.242192
-0.241566
-0.241331
-0.241253
-0.241410
-0.240627
-0.240470
-0.240314
-0.240392
-0.239766
-0.239531
-0.239218
-0.239140
-0.239140
-0.238905
-0.238514
-0.238514
-0.238435
-0.237809
-0.237888
-0.237496
-0.237418
-0.237418
-0.236948
-0.236714
-0.236714
-0.236166
-0.236009
-0.235774
-0.235618
-0.235539
-0.235226
-0.234835
-0.234835
-0.234600
-0.234444
-0.234209
-0.233974
-0.233661
-0.233270
-0.233583
-0.233191
-0.233113
-0.232878
-0.232643
-0.232330
-0.232409
-0.232017
-0.231939
-0.231783
-0.231469
-0.231235
-0.231000
-0.231078
-0.230687
-0.230452
-0.230295
-0.230295
-0.230139
-0.229513
-0.229200
-0.229278
-0.229043
-0.228808
-0.228652
-0.228260
-0.228026
-0.227869
-0.227791
-0.227321
-0.227634
-0.227243
-0.226930
-0.227008
-0.226773
-0.226852
-0.226382
-0.226225
-0.226147
-0.225834
-0.225443
-0.225286
-0.225208
-0.224738
-0.224895
-0.224817
-0.224660
-0.224112
-0.224034
-0.224112
-0.223642
-0.223564
-0.223329
-0.223251
-0.222938
-0.222781
-0.222860
-0.222468
-0.222547
-0.222625
-0.222234
-0.221607
-0.221686
-0.221529
-0.221294
-0.221138
-0.220981
-0.221060
-0.220825
-0.220668
-0.220433
-0.220120
-0.219807
-0.219886
-0.219494
-0.219259
-0.219103
-0.219259
-0.218790
-0.218868
-0.218790
-0.218320
-0.218555
-0.218085
-0.218164
-0.217929
-0.217537
-0.217537
-0.217303
-0.217068
-0.217146
-0.217068
-0.216911
-0.216755
-0.216520
-0.216520
-0.216363
-0.216129
-0.215972
-0.215815
-0.215424
-0.215502
-0.215111
-0.215268
-0.215268
-0.215111
-0.214720
-0.214641
-0.214563
-0.213937
-0.213859
-0.214015
-0.213546
-0.213467
-0.213389
-0.213546
-0.213154
-0.213154
-0.212998
-0.212763
-0.212528
-0.212606
-0.212059
-0.212059
-0.211745
-0.211745
-0.211980
-0.211667
-0.211745
-0.211511
-0.211432
-0.211432
-0.211198
-0.210963
-0.211041
-0.210650
-0.210650
-0.210415
-0.210493
-0.210571
-0.210180
-0.210258
-0.209632
-0.209710
-0.209476
-0.209710
-0.209241
-0.209319
-0.209163
-0.209476
-0.209241
-0.209006
-0.208615
-0.208536
-0.208693
-0.208302
-0.208615
-0.208380
-0.208067
-0.208223
-0.208067
-0.208067
-0.208223
-0.207519
-0.207675
-0.207675
-0.207362
-0.207597
-0.207206
-0.207049
-0.207206
-0.207128
-0.206971
-0.206971
-0.206971
-0.206736
-0.206658
-0.206501
-0.206188
-0.206267
-0.206032
-0.205953
-0.205953
-0.205953
-0.206188
-0.206032
-0.205953
-0.205562
-0.205406
-0.205093
-0.205249
-0.205484
-0.205249
-0.204936
-0.204936
-0.205093
-0.205093
-0.204936
-0.204779
-0.204545
-0.204388
-0.204466
-0.203997
-0.204232
-0.203840
-0.203997
-0.204075
-0.204075
-0.203918
-0.203997
-0.203684
-0.203762
-0.203449
-0.203684
-0.203371
-0.203449
-0.203214
-0.203292
-0.203605
-0.203527
-0.203527
-0.203214
-0.202823
-0.202823
-0.202901
-0.203214
-0.202901
-0.202666
-0.202666
-0.202901
-0.202588
-0.202823
-0.202588
-0.202510
-0.202666
-0.202197
-0.202510
-0.202275
-0.202275
-0.202275
-0.202197
-0.202353
-0.202197
-0.202431
-0.202197
-0.202275
-0.202118
-0.201570
-0.201805
-0.201649
-0.201727
-0.201962
-0.201962
-0.201962
-0.201649
-0.201492
-0.201336
-0.201570
-0.201414
-0.201414
-0.201492
-0.201336
-0.201805
-0.201492
-0.201805
-0.201414
-0.201414
-0.201022
-0.200944
-0.201257
-0.201022
-0.201179
-0.201492
-0.201492
-0.201570
-0.201883
-0.201805
-0.201727
-0.201492
-0.201570
-0.201257
-0.201336
-0.201570
-0.201649
-0.201805
-0.201570
-0.201883
-0.201414
-0.201883
-0.201570
-0.201805
-0.201727
-0.201570
-0.201492
-0.201649
-0.201492
-0.201570
-0.201727
-0.201649
-0.202040
-0.201962
-0.201805
-0.201649
-0.201649
-0.201570
-0.201805
-0.201883
-0.201727
-0.201414
-0.201649
-0.201962
-0.202040
-0.202040
-0.201962
-0.202040
-0.201883
-0.202040
-0.202040
-0.201727
-0.202197
-0.202353
-0.202040
-0.202275
-0.202275
-0.202197
-0.202040
-0.201649
-0.201883
-0.202275
-0.202275
-0.202353
-0.202197
-0.202275
-0.202431
-0.202666
-0.202588
-0.202666
-0.202353
-0.202510
-0.202431
-0.202588
-0.202588
-0.202510
-0.202744
-0.202588
-0.202901
-0.202744
-0.202510
-0.202744
-0.202744
-0.202823
-0.203058
-0.202901
-0.203058
-0.203214
-0.203371
-0.203449
-0.203214
-0.203449
-0.203292
-0.203136
-0.203214
-0.203449
-0.203762
-0.203840
-0.203684
-0.203918
-0.203997
-0.204075
-0.203684
-0.203840
-0.203918
-0.204153
-0.204466
-0.204388
-0.204310
-0.204388
-0.204545
-0.204388
-0.204466
-0.204623
-0.204623
-0.204623
-0.205014
-0.205014
-0.205093
-0.205014
-0.204858
-0.204701
-0.205014
-0.205249
-0.205171
-0.205249
-0.205327
-0.205797
-0.205484
-0.205484
-0.205484
-0.205484
-0.205719
-0.205640
-0.205797
-0.205953
-0.205797
-0.205797
-0.205875
-0.206345
-0.206188
-0.206188
-0.205797
-0.206032
-0.206580
-0.206345
-0.206188
-0.206423
-0.206345
-0.206736
-0.206814
-0.206658
-0.206971
-0.206580
-0.206971
-0.206971
-0.206971
-0.207128
-0.207128
-0.207362
-0.207206
-0.207441
-0.207597
-0.207441
-0.207441
-0.207519
-0.207362
-0.207910
-0.207910
-0.207675
-0.207519
-0.207675
-0.207832
-0.207754
-0.207832
-0.207832
-0.207754
-0.207675
-0.207754
-0.207832
-0.207597
-0.208380
-0.208145
-0.208302
-0.208380
-0.208302
-0.208067
-0.208380
-0.208380
-0.208302
-0.208615
-0.208536
-0.208771
-0.208928
-0.208849
-0.208849
-0.208615
-0.208849
-0.208615
-0.208928
-0.209006
-0.208849
-0.209006
-0.209006
-0.209241
-0.209084
-0.209084
-0.208849
-0.208771
-0.208928
-0.209241
-0.209319
-0.209163
-0.209163
-0.209241
-0.209397
-0.209554
-0.209084
-0.209084
-0.208771
-0.209241
-0.209084
-0.209084
-0.209006
-0.208928
-0.208928
-0.209319
-0.209632
-0.209319
-0.209163
-0.208693
-0.208849
-0.209084
-0.209084
-0.209084
-0.208928
-0.208849
-0.208771
-0.208928
-0.209006
-0.208615
-0.208536
-0.208693
-0.208458
-0.208536
-0.208067
-0.208302
-0.208615
-0.208380
-0.208615
-0.207754
-0.208302
-0.208223
-0.208302
-0.207910
-0.207754
-0.207910
-0.207989
-0.207910
-0.207675
-0.207675
-0.207362
-0.207284
-0.207128
-0.207128
-0.206814
-0.206736
-0.206658
-0.206501
-0.206580
-0.206267
-0.206110
-0.206032
-0.206110
-0.205640
-0.205640
-0.205640
-0.205640
-0.205484
-0.205249
-0.205327
-0.204858
-0.204779
-0.204545
-0.204232
-0.204310
-0.204232
-0.204153
-0.203840
-0.203762
-0.203684
-0.203214
-0.203058
-0.202979
-0.202979
-0.202510
-0.202197
-0.202431
-0.202040
-0.201883
-0.201570
-0.201492
-0.201257
-0.200866
-0.200709
-0.200396
-0.200083
-0.199770
-0.199144
-0.199066
-0.198831
-0.198753
-0.198361
-0.198283
-0.197813
-0.197735
-0.197266
-0.197109
-0.196952
-0.196639
-0.196639
-0.196248
-0.196013
-0.195465
-0.195387
-0.195074
-0.194917
-0.194370
-0.194056
-0.193509
-0.193117
-0.192882
-0.192413
-0.192178
-0.192021
-0.191943
-0.191630
-0.191160
-0.190847
-0.190378
-0.189908
-0.189517
-0.189517
-0.189047
-0.188734
-0.188578
-0.187951
-0.187873
-0.187482
-0.186777
-0.186464
-0.186308
-0.185603
-0.185447
-0.185055
-0.184664
-0.184429
-0.184273
-0.183803
-0.183255
-0.182707
-0.182394
-0.182159
-0.181299
-0.180907
-0.180907
-0.180438
-0.179890
-0.179342
-0.178950
-0.178559
-0.178089
-0.177542
-0.176915
-0.176602
-0.175898
-0.175585
-0.175272
-0.174724
-0.174176
-0.173863
-0.173002
-0.172297
-0.171906
-0.171515
-0.171045
-0.170576
-0.170262
-0.169636
-0.169167
-0.168854
-0.168149
-0.167366
-0.166740
-0.166427
-0.165723
-0.165097
-0.164549
-0.164157
-0.163844
-0.163375
-0.163218
-0.162201
-0.161575
-0.160792
-0.160244
-0.159461
-0.158835
-0.158522
-0.157739
-0.157661
-0.157113
-0.156722
-0.156017
-0.155000
-0.154922
-0.154295
-0.153434
-0.152887
-0.152495
-0.151869
-0.151634
-0.151243
-0.150069
-0.149208
-0.148425
-0.147956
-0.147564
-0.146703
-0.146077
-0.145764
-0.145138
-0.144747
-0.143964
-0.143181
-0.142711
-0.141929
-0.141224
-0.140442
-0.139894
-0.139189
-0.139033
-0.138250
-0.137780
-0.136920
-0.136137
-0.135432
-0.135041
-0.134180
-0.133476
-0.132928
-0.132458
-0.131910
-0.131284
-0.130188
-0.129249
-0.128936
-0.128310
-0.127762
-0.126823
-0.125962
-0.125414
-0.125023
-0.124788
-0.123927
-0.122831
-0.121813
-0.121266
-0.120874
-0.120092
-0.119152
-0.118526
-0.117900
-0.117352
-0.117039
-0.116100
-0.114926
-0.114456
-0.114221
-0.113204
-0.112812
-0.111638
-0.111090
-0.110699
-0.109760
-0.109369
-0.108273
-0.107020
-0.106551
-0.106159
-0.105533
-0.104907
-0.104124
-0.104046
-0.103264
-0.102637
-0.101620
-0.100681
-0.099585
-0.099193
-0.098567
-0.097628
-0.097237
-0.096611
-0.096063
-0.095593
-0.094967
-0.093402
-0.092775
-0.092306
-0.091993
-0.091210
-0.090427
-0.089645
-0.089097
-0.088549
-0.087923
-0.086749
-0.085575
-0.085496
-0.084635
-0.083931
-0.083148
-0.082444
-0.081739
-0.081191
-0.080409
-0.078843
-0.077904
-0.077591
-0.077200
-0.076260
-0.075399
-0.074773
-0.074147
-0.073756
-0.073051
-0.071956
-0.070860
-0.070547
-0.069999
-0.069060
-0.068512
-0.067572
-0.067103
-0.066477
-0.066085
-0.064755
-0.063659
-0.063268
-0.062720
-0.062328
-0.061467
-0.060685
-0.059902
-0.059354
-0.058493
-0.057397
-0.056615
-0.056302
-0.055754
-0.054971
-0.054423
-0.053484
-0.052779
-0.052232
-0.051762
-0.050901
-0.049570
-0.049492
-0.048631
-0.047927
-0.047457
-0.046596
-0.046048
-0.045031
-0.044639
-0.043778
-0.042839
-0.042291
-0.041509
-0.041117
-0.040491
-0.039552
-0.038691
-0.037752
-0.037595
-0.036734
-0.035404
-0.034777
-0.034151
-0.033916
-0.033447
-0.032586
-0.031881
-0.031020
-0.030707
-0.029846
-0.028672
-0.028046
-0.027733
-0.026950
-0.026246
-0.025542
-0.024915
-0.024446
-0.023898
-0.023115
-0.022176
-0.021315
-0.020767
-0.020063
-0.019828
-0.019123
-0.018263
-0.017715
-0.017010
-0.016541
-0.015993
-0.014897
-0.014114
-0.014036
-0.013332
-0.012784
-0.012079
-0.011218
-0.010749
-0.010044
-0.009261
-0.008479
-0.007853
-0.007540
-0.006913
-0.006287
-0.005818
-0.004722
-0.004330
-0.003626
-0.002922
-0.002217
-0.001669
-0.001356
-0.000808
-0.000339
0.000366
0.000992
0.001775
0.002479
0.003340
0.003888
0.004436
0.004905
0.004984
0.006001
0.006549
0.007253
0.007801
0.008193
0.009367
0.009836
0.010306
0.011089
0.011480
0.012263
0.012889
0.013593
0.014298
0.015080
0.015785
0.016411
0.016881
0.017272
0.017976
0.018289
0.019307
0.020168
0.020872
0.021107
0.021968
0.022673
0.023377
0.023690
0.023768
0.024708
0.025099
0.025882
0.026743
0.027212
0.027604
0.028230
0.028934
0.029091
0.029873
0.030265
0.030734
0.031361
0.032300
0.032926
0.033630
0.034257
0.034961
0.035274
0.036057
0.036526
0.036448
0.037387
0.038248
0.039109
0.039735
0.040675
0.041301
0.041770
0.042162
0.042397
0.042944
0.043336
0.044119
0.044901
0.045684
0.046154
0.046858
0.047406
0.047719
0.048345
0.048971
0.049206
0.050145
0.050850
0.051632
0.052259
0.052806
0.053120
0.053746
0.053980
0.054607
0.054998
0.055859
0.056642
0.057033
0.057581
0.058207
0.058677
0.059225
0.059851
0.060164
0.060399
0.061103
0.061886
0.062668
0.063295
0.063529
0.064234
0.064703
0.065408
0.065486
0.066112
0.066660
0.067678
0.067913
0.068539
0.069243
0.069634
0.069869
0.070574
0.071043
0.071278
0.072296
0.073000
0.073470
0.074174
0.074722
0.075270
0.075505
0.075818
0.076366
0.076679
0.077618
0.078557
0.079340
0.079731
0.080436
0.080984
0.081688
0.082079
0.081766
0.082706
0.083332
0.084271
0.084741
0.085288
0.085601
0.086306
0.086619
0.086854
0.087871
0.087793
0.088263
0.089358
0.089828
0.090141
0.090846
0.091237
0.091863
0.092489
0.092724
0.093037
0.093742
0.094524
0.094759
0.095229
0.096011
0.096246
0.096794
0.097185
0.097655
0.097890
0.098673
0.099299
0.100003
0.100786
0.100942
0.101647
0.102038
0.102586
0.102664
0.103212
0.103760
0.104543
0.104934
0.105482
0.105952
0.106265
0.106969
0.107204
0.107674
0.107908
0.108613
0.109239
0.109630
0.109865
0.110413
0.110804
0.111431
0.112057
0.112370
0.112761
0.113231
0.113935
0.114483
0.115031
0.115187
0.115970
0.116596
0.117066
0.117222
0.117770
0.118240
0.119258
0.119649
0.119805
0.120118
0.120823
0.121214
0.121606
0.122232
0.122701
0.123249
0.123719
0.124423
0.124423
0.125128
0.125519
0.126224
0.126380
0.126615
0.127241
0.127632
0.128102
0.128728
0.129120
0.129511
0.130294
0.130372
0.130763
0.131311
0.131859
0.132329
0.132563
0.133424
0.133816
0.133972
0.134442
0.134911
0.135146
0.135381
0.136164
0.136477
0.137181
0.137807
0.138121
0.138512
0.138825
0.139373
0.139842
0.139999
0.140938
0.141486
0.142112
0.142191
0.142817
0.142895
0.143365
0.143991
0.144226
0.144539
0.145243
0.145791
0.146417
0.146652
0.146965
0.147356
0.147826
0.148139
0.148530
0.149078
0.149470
0.150409
0.150957
0.150957
0.151348
0.151896
0.152209
0.152600
0.152914
0.153383
0.154009
0.154635
0.155027
0.155027
0.155809
0.156279
0.156436
0.156827
0.157453
0.158079
0.158158
0.158705
0.159253
0.159958
0.160193
0.160584
0.161054
0.161445
0.161915
0.162541
0.163010
0.163167
0.163871
0.164028
0.164419
0.165124
0.165671
0.165985
0.165985
0.166767
0.167237
0.167707
0.167941
0.168411
0.168724
0.169115
0.169585
0.170289
0.170602
0.170916
0.171542
0.171933
0.172324
0.172481
0.172951
0.173342
0.173655
0.174046
0.174516
0.175377
0.175533
0.176081
0.176160
0.176473
0.176942
0.177490
0.178116
0.178429
0.178664
0.179212
0.179682
0.179760
0.180308
0.180621
0.181091
0.181795
0.182265
0.182421
0.182969
0.183517
0.183830
0.184143
0.184613
0.185082
0.185474
0.186335
0.186335
0.186961
0.187117
0.187430
0.187900
0.188291
0.188526
0.188996
0.189857
0.190170
0.190483
0.191109
0.191501
0.191970
0.192361
0.192440
0.192909
0.193222
0.194083
0.194397
0.194710
0.195179
0.195884
0.196118
0.196275
0.196588
0.196979
0.197371
0.198232
0.198467
0.198780
0.199484
0.199719
0.200032
0.200502
0.201284
0.201128
0.201676
0.202302
0.202850
0.203319
0.203319
0.203867
0.204259
0.204572
0.204728
0.205198
0.205902
0.206294
0.206763
0.206998
0.207311
0.207859
0.208094
0.208094
0.208798
0.209189
0.209816
0.210364
0.210990
0.211146
0.211538
0.212007
0.212399
0.212555
0.212790
0.213025
0.213729
0.214277
0.214825
0.215060
0.215295
0.215686
0.215764
0.216390
0.216390
0.216782
0.217486
0.218034
0.218269
0.218660
0.218895
0.219599
0.219834
0.220304
0.220852
0.221400
0.221791
0.222026
0.222495
0.223122
0.222965
0.223356
0.223826
0.224217
0.224609
0.225157
0.225861
0.225939
0.226331
0.226644
0.226878
0.227035
0.227270
0.227896
0.228366
0.228835
0.229148
0.229774
0.230009
0.230479
0.230870
0.231105
0.231496
0.232044
0.232436
0.232827
0.233062
0.233610
0.234001
0.234001
0.234392
0.234784
0.235019
0.235566
0.235879
0.236584
0.236427
0.236897
0.237210
0.237601
0.237680
0.238228
0.238541
0.239010
0.239558
0.240184
0.240263
0.240576
0.241124
0.241671
0.241593
0.241985
0.242689
0.242767
0.243550
0.243941
0.244176
0.244411
0.245115
0.245350
0.245350
0.245820
0.246133
0.246759
0.246837
0.247229
0.248011
0.248246
0.248559
0.248716
0.248951
0.249264
0.249733
0.250125
0.250438
0.251220
0.251455
0.251690
0.251690
0.252473
0.252629
0.253099
0.253725
0.254038
0.253803
0.254586
0.254899
0.255290
0.255525
0.255995
0.256386
0.256464
0.256856
0.257404
0.257795
0.257873
0.258186
0.258734
0.258891
0.259282
0.259830
0.260300
0.260534
0.261161
0.261004
0.261552
0.261943
0.262100
0.262413
0.262883
0.263274
0.263509
0.263900
0.264291
0.264448
0.264996
0.265387
0.265465
0.266013
0.266013
0.266796
0.267187
0.267344
0.267814
0.268205
0.268596
0.268831
0.269379
0.269692
0.270318
0.270788
0.270710
0.271179
0.271492
0.271962
0.272353
0.272588
0.272979
0.273606
0.273762
0.273997
0.274388
0.274936
0.275093
0.275406
0.275954
0.276188
0.276658
0.276815
0.277128
0.277519
0.277676
0.278302
0.278537
0.278693
0.279476
0.279867
0.280572
0.280728
0.281354
0.281902
0.281902
0.282450
0.282528
0.283154
0.283468
0.283859
0.284485
0.284720
0.284642
0.284720
0.285111
0.285737
0.286050
0.286442
0.286911
0.287224
0.287772
0.288164
0.288242
0.288712
0.289103
0.289651
0.289807
0.290355
0.290512
0.291060
0.291451
0.291608
0.292312
0.292547
0.292782
0.293251
0.293799
0.293877
0.294582
0.294660
0.295286
0.295443
0.295678
0.295991
0.296930
0.297243
0.297243
0.297869
0.298104
0.298495
0.298887
0.299356
0.299043
0.299748
0.300139
0.300609
0.300922
0.300922
0.301235
0.301626
0.301939
0.302252
0.302878
0.302878
0.303426
0.303896
0.304052
0.304131
0.304835
0.305070
0.305461
0.305696
0.306009
0.306244
0.306635
0.306948
0.307183
0.307653
0.307809
0.308514
0.308436
0.308827
0.309297
0.309531
0.309923
0.310236
0.310784
0.311410
0.311410
0.312271
0.312193
0.312506
0.312662
0.313367
0.313523
0.313680
0.314228
0.314541
0.315089
0.315167
0.315558
0.315636
0.316341
0.316654
0.317045
0.317124
0.317358
0.317515
0.317828
0.318532
0.318454
0.318767
0.319315
0.319706
0.320020
0.320567
0.320802
0.320959
0.321663
0.321741
0.322289
0.322524
0.323150
0.323229
0.323698
0.324011
0.324246
0.324481
0.324794
0.324872
0.325342
0.325890
0.326203
0.326751
0.326672
0.327220
0.327690
0.327612
0.327768
0.328473
0.328394
0.329255
0.329568
0.329960
0.330195
0.330742
0.330664
0.331212
0.331134
0.331525
0.332230
0.332308
0.332856
0.332621
0.333247
0.333325
0.333795
0.333952
0.334656
0.334578
0.334969
0.335517
0.335830
0.336691
0.336456
0.336613
0.337161
0.337395
0.338022
0.338413
0.338569
0.338804
0.338961
0.339509
0.339822
0.340135
0.340291
0.340604
0.340996
0.341622
0.341857
0.341935
0.342248
0.342561
0.342874
0.343187
0.343344
0.343970
0.344440
0.344596
0.344909
0.345222
0.345457
0.345849
0.346396
0.346396
0.346866
0.347414
0.347414
0.347492
0.348197
0.348510
0.348666
0.348979
0.349214
0.349527
0.349762
0.350153
0.350623
0.351014
0.351484
0.351484
0.352032
0.352345
0.352501
0.352815
0.352971
0.353284
0.353832
0.353989
0.354458
0.355084
0.355319
0.355319
0.355476
0.356024
0.356572
0.356806
0.356806
0.357354
0.357746
0.357902
0.358215
0.358450
0.358841
0.359076
0.359624
0.360094
0.360172
0.360328
0.361111
0.361111
0.361659
0.361894
0.362363
0.362520
0.363068
0.362833
0.363538
0.363772
0.364398
0.364398
0.364790
0.365181
0.365338
0.365651
0.366042
0.366277
0.366512
0.367060
0.367294
0.367608
0.367686
0.368077
0.368547
0.368703
0.369095
0.369408
0.370112
0.370034
0.370582
0.371130
0.371208
0.371678
0.372225
0.372225
0.372539
0.373400
0.373243
0.373478
0.374104
0.374339
0.374495
0.375121
0.375043
0.375513
0.375591
0.376296
0.376843
0.377078
0.377704
0.377939
0.378017
0.378409
0.378722
0.379113
0.379583
0.379583
0.379661
0.380444
0.380600
0.380992
0.381383
0.381696
0.381696
0.382401
0.382792
0.382870
0.383105
0.383496
0.383731
0.383966
0.384201
0.384436
0.385218
0.385218
0.385610
0.386236
0.386549
0.387097
0.386862
0.387253
0.387645
0.388114
0.388271
0.388740
0.389132
0.389210
0.389445
0.389914
0.390149
0.390541
0.391010
0.391715
0.391871
0.392184
0.392419
0.392967
0.393045
0.393280
0.393593
0.393671
0.394219
0.394063
0.394767
0.394924
0.395237
0.395550
0.395706
0.396098
0.396254
0.396724
0.397194
0.397507
0.397741
0.398055
0.398368
0.398759
0.399072
0.399150
0.399542
0.400011
0.400324
0.400872
0.401577
0.401577
0.401811
0.401890
0.402046
0.402594
0.403142
0.403690
0.404160
0.404316
0.404473
0.404942
0.405099
0.405490
0.405334
0.405725
0.406273
0.406742
0.406977
0.406742
0.407525
0.407525
0.407603
0.408151
0.408230
0.408856
0.409247
0.409404
0.409717
0.409952
0.410186
0.410421
0.411047
0.410812
0.411204
0.411908
0.412065
0.412300
0.412848
0.413161
0.413239
0.413395
0.413552
0.413865
0.414491
0.414726
0.415196
0.415509
0.415743
0.416057
0.416604
0.416526
0.416604
0.416604
0.417152
0.417700
0.418013
0.418405
0.418326
0.418718
0.418953
0.419422
0.419579
0.419735
0.420361
0.420596
0.420909
0.420909
0.421301
0.421692
0.421927
0.422318
0.422788
0.423101
0.423336
0.423884
0.423805
0.424275
0.424431
0.424666
0.424823
0.425292
0.425762
0.425919
0.426232
0.426388
0.426623
0.427249
0.427171
0.427171
0.427719
0.428345
0.428580
0.428580
0.429049
0.429206
0.429362
0.429441
0.429832
0.430145
0.430536
0.430771
0.431163
0.431789
0.432180
0.431789
0.432571
0.432493
0.432806
0.433276
0.433276
0.433746
0.434059
0.434215
0.434685
0.434841
0.434920
0.434920
0.435467
0.435859
0.436407
0.436485
0.437189
0.437424
0.437346
0.437502
0.437659
0.438129
0.438520
0.438755
0.439381
0.439694
0.439616
0.439929
0.440320
0.440712
0.441103
0.441416
0.441651
0.441886
0.442590
0.442668
0.443138
0.443216
0.443451
0.443451
0.444155
0.444703
0.444703
0.445016
0.445329
0.445643
0.445956
0.446112
0.446504
0.446817
0.447130
0.447286
0.447678
0.447912
0.448304
0.448539
0.448852
0.449008
0.449478
0.449321
0.449869
0.450104
0.450887
0.451121
0.451356
0.451435
0.451669
0.451982
0.452139
0.452687
0.453156
0.453156
0.453704
0.454096
0.454017
0.454252
0.454722
0.454957
0.455505
0.455974
0.456131
0.456366
0.456913
0.457226
0.457148
0.457540
0.458087
0.458087
0.458244
0.458714
0.459027
0.459418
0.459731
0.460122
0.460201
0.460749
0.460905
0.461453
0.461688
0.461923
0.462392
0.462627
0.462940
0.463332
0.463723
0.463645
0.463879
0.464271
0.464506
0.464975
0.465288
0.465367
0.465836
0.466149
0.466149
0.466854
0.467010
0.467245
0.467636
0.467871
0.468184
0.468810
0.469045
0.469123
0.469358
0.469671
0.469906
0.470063
0.470454
0.471080
0.471002
0.471080
0.471628
0.471706
0.472411
0.472411
0.473037
0.473037
0.473350
0.473741
0.473741
0.474133
0.474524
0.474915
0.474994
0.475463
0.475855
0.475855
0.476481
0.476481
0.476637
0.476950
0.477342
0.477342
0.477890
0.478203
0.478672
0.478985
0.479299
0.479533
0.479690
0.479612
0.480238
0.480473
0.480707
0.481334
0.481881
0.482273
0.482038
0.482508
0.482586
0.483369
0.483134
0.483603
0.483995
0.484386
0.484777
0.485169
0.485169
0.485404
0.485795
0.486265
0.486030
0.486734
0.486812
0.487047
0.487360
0.487517
0.487830
0.488065
0.488378
0.488613
0.489161
0.489474
0.489708
0.490178
0.490335
0.490335
0.490491
0.490648
0.491117
0.491352
0.491743
0.492057
0.492057
0.492370
0.492604
0.492761
0.492918
0.493700
0.493622
0.494092
0.494639
0.494796
0.494796
0.495422
0.495187
0.495266
0.496048
0.496440
0.496831
0.497222
0.497457
0.497614
0.497614
0.497927
0.498240
0.498396
0.498631
0.498944
0.499414
0.499649
0.499962
0.500118
0.500197
0.500666
0.500744
0.501292
0.501684
0.502466
0.502388
0.502779
0.503171
0.503171
0.503171
0.503719
0.503954
0.504345
0.504580
0.504971
0.505049
0.505206
0.505284
0.506067
0.505910
0.506067
0.506771
0.507006
0.507319
0.507397
0.507710
0.508258
0.508571
0.508650
0.508806
0.509119
0.509667
0.510059
0.509902
0.510293
0.510528
0.510841
0.511076
0.511233
0.511624
0.512094
0.512328
0.512798
0.513033
0.513111
0.513581
0.513424
0.514129
0.514207
0.514442
0.514990
0.515068
0.515381
0.515929
0.515929
0.516398
0.516085
0.517103
0.517259
0.517416
0.518120
0.517964
0.518120
0.518433
0.518668
0.518825
0.519216
0.519451
0.519842
0.520234
0.520390
0.520938
0.521251
0.521486
0.522190
0.522425
0.522503
0.522895
0.522973
0.523208
0.523912
0.524147
0.523991
0.524460
0.525008
0.525165
0.525556
0.525869
0.526104
0.526417
0.526887
0.526965
0.527278
0.527513
0.527982
0.528295
0.528609
0.528609
0.528922
0.529469
0.529469
0.529783
0.530330
0.530409
0.530878
0.531191
0.531426
0.531739
0.532209
0.532287
0.532522
0.532287
0.532600
0.533148
0.533618
0.533696
0.534400
0.534557
0.534635
0.535105
0.535575
0.535731
0.536044
0.536201
0.536201
0.536905
0.537140
0.537531
0.537531
0.538079
0.538471
0.538862
0.538940
0.538862
0.539410
0.539723
0.540036
0.540192
0.540427
0.540819
0.541288
0.541601
0.541914
0.542227
0.542462
0.543167
0.543323
0.543715
0.544184
0.544341
0.544184
0.544419
0.544889
0.545280
0.545671
0.546141
0.546297
0.546376
0.546767
0.547002
0.547393
0.547706
0.548098
0.548646
0.548646
0.548646
0.549507
0.550054
0.549663
0.550054
0.550446
0.550915
0.551385
0.551385
0.551855
0.551776
0.551776
0.552089
0.552246
0.552716
0.552950
0.553264
0.553655
0.553733
0.554046
0.554516
0.554516
0.554672
0.555299
0.555299
0.556003
0.556081
0.556551
0.556864
0.557177
0.557099
0.557177
0.558038
0.557803
0.558116
0.558508
0.558586
0.558664
0.559369
0.559212
0.559682
0.559760
0.559995
0.560543
0.561325
0.561638
0.561795
0.562186
0.562030
0.562343
0.562734
0.563047
0.563204
0.563986
0.564065
0.564300
0.564691
0.564691
0.565082
0.565082
0.565552
0.565787
0.566256
0.566648
0.566961
0.567039
0.567196
0.567274
0.567352
0.567665
0.568370
0.568917
0.568761
0.569152
0.569231
0.569387
0.569544
0.570013
0.570092
0.570718
0.570952
0.570952
0.571422
0.571970
0.571813
0.572127
0.572440
0.572596
0.573066
0.573457
0.573535
0.573614
0.573535
0.574005
0.574240
0.574396
0.574318
0.575023
0.575649
0.575883
0.575962
0.576118
0.576118
0.576510
0.576588
0.576979
0.577214
0.577762
0.578153
0.578545
0.578779
0.578779
0.578858
0.578779
0.579249
0.579797
0.580267
0.580423
0.580893
0.581049
0.581206
0.581519
0.581597
0.582067
0.582458
0.582771
0.583163
0.583163
0.583397
0.583710
0.584024
0.583945
0.584650
0.584728
0.585276
0.585589
0.585824
0.585824
0.585824
0.585980
0.586137
0.586841
0.587311
0.587780
0.587624
0.587780
0.588094
0.588328
0.588407
0.588563
0.588955
0.589111
0.589737
0.589894
0.590363
0.590520
0.590598
0.590911
0.591146
0.591224
0.592007
0.592242
0.592007
0.592633
0.593025
0.593103
0.593338
0.593572
0.594199
0.594199
0.594512
0.594981
0.594825
0.595294
0.595529
0.595764
0.595764
0.596312
0.596703
0.597095
0.597329
0.597799
0.598112
0.598269
0.598347
0.598660
0.598738
0.599286
0.599991
0.600069
0.600304
0.601086
0.601321
0.601478
0.601478
0.602339
0.602652
0.603121
0.603121
0.603043
0.603513
0.603669
0.603904
0.604217
0.604139
0.605078
0.605626
0.605704
0.605783
0.605861
0.606017
0.606330
0.606487
0.606957
0.607113
0.607583
0.607583
0.607974
0.608444
0.608522
0.608757
0.609070
0.609226
0.609774
0.610009
0.610244
0.610635
0.610792
0.611340
0.611105
0.611731
0.611809
0.612435
0.612670
0.612749
0.613062
0.613610
0.613610
0.613923
0.614079
0.614236
0.614862
0.615175
0.615018
0.615488
0.615566
0.615958
0.616114
0.616427
0.616662
0.616740
0.617445
0.617445
0.617445
0.617758
0.617993
0.618932
0.618541
0.619167
0.619167
0.619401
0.619558
0.619949
0.620028
0.620497
0.620732
0.621280
0.621202
0.621515
0.622063
0.621906
0.622063
0.622297
0.622845
0.623002
0.623550
0.623706
0.623941
0.624019
0.624254
0.624411
0.624802
0.625037
0.625507
0.625585
0.625820
0.626524
0.626602
0.626915
0.627150
0.627307
0.627542
0.627542
0.627776
0.628324
0.628403
0.628794
0.628950
0.629342
0.629498
0.629811
0.630203
0.630203
0.630672
0.630829
0.630516
0.631142
0.631455
0.631846
0.631846
0.632394
0.632473
0.632786
0.633020
0.633490
0.633725
0.633881
0.634351
0.634742
0.634821
0.635134
0.635525
0.635212
0.635369
0.635838
0.636073
0.636464
0.636934
0.637247
0.637247
0.637560
0.637560
0.637404
0.638108
0.638186
0.638656
0.639047
0.639439
0.639517
0.639282
0.639673
0.639830
0.640065
0.640613
0.640769
0.641160
0.641082
0.641474
0.641943
0.642100
0.642021
0.642335
0.642961
0.643039
0.643430
0.643900
0.643978
0.644135
0.644213
0.644604
0.644839
0.645074
0.645544
0.645857
0.646405
0.646248
0.646326
0.646718
0.646874
0.646874
0.647657
0.647657
0.647813
0.647970
0.648596
0.648283
0.648596
0.648753
0.648987
0.649144
0.649692
0.650162
0.649848
0.650475
0.650944
0.650553
0.650475
0.650866
0.651492
0.651805
0.652197
0.652353
0.652901
0.652823
0.653057
0.653136
0.653605
0.653840
0.654388
0.654779
0.654858
0.655327
0.655327
0.655562
0.655640
0.655875
0.656580
0.656971
0.657128
0.657675
0.657675
0.657754
0.657832
0.657988
0.658223
0.658771
0.659163
0.659554
0.660337
0.660493
0.660728
0.660493
0.661119
0.660963
0.661589
0.662059
0.662293
0.662685
0.662606
0.663076
0.662998
0.663546
0.663702
0.664407
0.664328
0.664563
0.665111
0.665268
0.665268
0.665737
0.665502
0.666207
0.666598
0.666833
0.667224
0.667772
0.668085
0.668085
0.668007
0.668477
0.668868
0.669181
0.669181
0.669807
0.670199
0.670120
0.670199
0.670825
0.670903
0.671294
0.672077
0.672390
0.672312
0.672781
0.672703
0.672625
0.673095
0.673486
0.673642
0.674190
0.674425
0.674895
0.674973
0.675834
0.675677
0.675756
0.675912
0.676225
0.677008
0.677243
0.677399
0.677791
0.677947
0.678260
0.678417
0.678808
0.679121
0.679826
0.680217
0.680374
0.680452
0.681156
0.681235
0.681235
0.681861
0.682409
0.682722
0.682957
0.683348
0.683426
0.683818
0.684131
0.684365
0.684678
0.685070
0.685539
0.685696
0.685931
0.686557
0.686635
0.686870
0.687105
0.687105
0.687809
0.688044
0.688279
0.688670
0.688827
0.689296
0.689296
0.689688
0.690001
0.690549
0.690627
0.691097
0.691410
0.691410
0.691801
0.691879
0.692192
0.692505
0.693210
0.693366
0.693680
0.693758
0.694227
0.694619
0.694697
0.694854
0.695010
0.695715
0.696184
0.695949
0.696654
0.697202
0.697358
0.697123
0.697671
0.697984
0.698141
0.698532
0.699002
0.699158
0.699315
0.699941
0.700332
0.700411
0.700959
0.701350
0.701272
0.701663
0.702289
0.702524
0.702759
0.703228
0.703542
0.704011
0.703776
0.704246
0.704637
0.705029
0.705263
0.705420
0.705968
0.706437
0.706516
0.706594
0.706907
0.707377
0.707846
0.708081
0.708551
0.708942
0.708864
0.709177
0.709255
0.709568
0.710116
0.710429
0.710742
0.710899
0.711368
0.711682
0.711682
0.711525
0.711682
0.711760
0.712073
0.711838
0.711838
0.711838
0.711603
0.711916
0.711525
0.711368
0.711290
0.711212
0.710821
0.710742
0.710508
0.710194
0.710116
0.709803
0.709647
0.709333
0.709099
0.708864
0.708707
0.708473
0.708394
0.708003
0.707142
0.706829
0.706907
0.706124
0.706281
0.705968
0.705498
0.705342
0.705029
0.704794
0.704402
0.704246
0.703698
0.703463
0.703307
0.702681
0.702367
0.702054
0.701741
0.701272
0.700959
0.700489
0.700098
0.700019
0.699863
0.699706
0.699002
0.698767
0.698689
0.698297
0.697671
0.697593
0.697123
0.696732
0.696967
0.696497
0.696028
0.695871
0.695401
0.694932
0.694540
0.694306
0.693836
0.693601
0.693210
0.693210
0.692819
0.692349
0.692271
0.691879
0.691331
0.690862
0.690627
0.690549
0.690314
0.689844
0.689453
0.689062
0.688592
0.688122
0.687574
0.687496
0.687418
0.687183
0.686948
0.686479
0.686087
0.685461
0.685226
0.684913
0.684757
0.684131
0.683974
0.683583
0.683113
0.682722
0.682487
0.682096
0.681783
0.681704
0.681313
0.680687
0.680452
0.680061
0.679278
0.679434
0.679121
0.678887
0.678182
0.677791
0.677399
0.677086
0.676460
0.676617
0.676617
0.675756
0.675364
0.674973
0.674973
0.674269
0.674269
0.673642
0.673329
0.672860
0.672625
0.672312
0.671921
0.671451
0.671529
0.670825
0.670433
0.669886
0.669964
0.669651
0.669494
0.669259
0.668790
0.668790
0.668320
0.667694
0.667772
0.667224
0.666911
0.666129
0.665972
0.665659
0.665581
0.665268
0.664798
0.664407
0.664328
0.663859
0.663624
0.663311
0.662998
0.662685
0.662293
0.661980
0.661667
0.661354
0.661041
0.660415
0.660493
0.660024
0.659476
0.659397
0.659476
0.658849
0.658458
0.657910
0.657284
0.657049
0.656971
0.656501
0.656345
0.656267
0.656032
0.655797
0.654936
0.654623
0.654623
0.653997
0.653527
0.653057
0.652744
0.652275
0.652197
0.651883
0.651336
0.650788
0.650944
0.650475
0.650240
0.649457
0.649301
0.648987
0.648909
0.648283
0.648048
0.647970
0.647657
0.647187
0.646718
0.646796
0.646326
0.645544
0.645387
0.645309
0.644683
0.644526
0.644056
0.644135
0.643665
0.643274
0.643039
0.642882
0.642413
0.641943
0.641630
0.641082
0.640534
0.640613
0.640456
0.639673
0.639908
0.639282
0.638891
0.638421
0.637951
0.637638
0.637404
0.637169
0.636934
0.636543
0.636073
0.635838
0.635525
0.635603
0.634977
0.634742
0.634116
0.633960
0.633177
0.632786
0.632551
0.632629
0.632316
0.631612
0.631455
0.631455
0.630516
0.630359
0.629811
0.629577
0.629342
0.629263
0.628950
0.628794
0.628246
0.628403
0.627776
0.627307
0.626602
0.626367
0.626054
0.625663
0.625428
0.625428
0.624880
0.624646
0.624646
0.624098
0.623863
0.623315
0.623237
0.622767
0.622454
0.621828
0.621906
0.621593
0.621202
0.620967
0.620654
0.620576
0.620028
0.619558
0.619167
0.618775
0.618541
0.618462
0.618149
0.617758
0.617366
0.617288
0.616349
0.616036
0.615488
0.615645
0.615331
0.615097
0.614940
0.614470
0.614314
0.614079
0.613453
0.613140
0.612749
0.612357
0.612044
0.611966
0.611418
0.611261
0.610948
0.610635
0.610479
0.610087
0.609305
0.609148
0.608913
0.608600
0.608365
0.608365
0.607896
0.607661
0.607426
0.607191
0.606878
0.606330
0.605783
0.605548
0.605000
0.604922
0.604765
0.604765
0.604139
0.603904
0.603513
0.603278
0.602652
0.601869
0.602260
0.601791
0.601478
0.601165
0.601399
0.600695
0.600538
0.600147
0.599443
0.599208
0.598738
0.598503
0.598269
0.597799
0.597877
0.597721
0.597408
0.597016
0.596782
0.596312
0.595764
0.595607
0.595373
0.595373
0.594981
0.594747
0.594355
0.594120
0.593416
0.593025
0.592790
0.592868
0.592555
0.592790
0.592477
0.592164
0.591851
0.591459
0.591146
0.590520
0.590442
0.589737
0.589581
0.589424
0.589189
0.588798
0.588876
0.588172
0.587780
0.587389
0.587389
0.586998
0.586685
0.586450
0.586372
0.586215
0.585667
0.585589
0.585276
0.585119
0.584571
0.584024
0.583867
0.584024
0.583554
0.583084
0.582536
0.582380
0.582302
0.581832
0.581597
0.580971
0.580658
0.580580
0.580345
0.580345
0.579719
0.579719
0.579406
0.579171
0.578936
0.578388
0.578153
0.577997
0.577762
0.577371
0.576979
0.576666
0.576823
0.575962
0.575805
0.575492
0.575023
0.574788
0.574396
0.574396
0.573927
0.573535
0.573535
0.572987
0.572753
0.572205
0.571970
0.571892
0.571579
0.571187
0.570952
0.570718
0.570483
0.570170
0.569935
0.569387
0.569465
0.568917
0.568917
0.568604
0.568213
0.568057
0.567900
0.567822
0.567039
0.566726
0.566648
0.566413
0.565943
0.565943
0.565552
0.565082
0.564534
0.564691
0.564143
0.564065
0.563752
0.563517
0.563204
0.562969
0.562656
0.561795
0.561795
0.561795
0.561325
0.560699
0.560386
0.560543
0.559682
0.559525
0.559369
0.558821
0.558742
0.558195
0.558429
0.558038
0.557647
0.557177
0.556942
0.556629
0.556238
0.555925
0.555612
0.555455
0.555064
0.554594
0.554516
0.554203
0.554046
0.553577
0.553107
0.553029
0.552950
0.552637
0.552403
0.552011
0.551620
0.551698
0.551307
0.550915
0.550602
0.550289
0.549898
0.549428
0.548802
0.548567
0.548489
0.548176
0.547628
0.547550
0.547080
0.547002
0.546454
0.546141
0.545984
0.545671
0.545280
0.545123
0.544889
0.544497
0.544262
0.543871
0.543793
0.543402
0.543088
0.542697
0.542462
0.542306
0.541836
0.541680
0.541288
0.540427
0.540506
0.540271
0.539958
0.539410
0.539175
0.539097
0.538784
0.538236
0.537844
0.537375
0.537140
0.537062
0.536983
0.536514
0.536357
0.535888
0.535261
0.534870
0.534635
0.534166
0.534400
0.533853
0.533696
0.533618
0.533305
0.532835
0.532365
0.531974
0.531739
0.531191
0.531035
0.530800
0.530722
0.530565
0.530174
0.529704
0.529704
0.529000
0.528609
0.528374
0.528139
0.527826
0.527748
0.527278
0.527278
0.526730
0.526417
0.525791
0.525399
0.525086
0.525165
0.525008
0.524695
0.524382
0.523912
0.523912
0.523286
0.522895
0.522269
0.522347
0.521956
0.521956
0.521173
0.520860
0.520703
0.520155
0.519686
0.519138
0.518825
0.518825
0.518825
0.518433
0.518277
0.517886
0.517729
0.517103
0.516790
0.516164
0.515772
0.515851
0.515929
0.515537
0.515146
0.514990
0.514520
0.514285
0.513894
0.513424
0.512955
0.513189
0.512720
0.512720
0.512407
0.511937
0.511859
0.511311
0.510763
0.510137
0.510059
0.509824
0.509824
0.509511
0.509432
0.509041
0.508415
0.508102
0.507632
0.507397
0.507397
0.507163
0.506771
0.506536
0.506536
0.505832
0.505832
0.505049
0.504971
0.504893
0.504501
0.504267
0.504188
0.503797
0.503406
0.503093
0.502858
0.502466
0.502232
0.501997
0.501919
0.501605
0.501058
0.500979
0.500353
0.500275
0.499570
0.499101
0.498631
0.498553
0.498396
0.498240
0.497927
0.497927
0.497379
0.497066
0.496674
0.496361
0.495813
0.495735
0.495657
0.495500
0.494953
0.494796
0.494092
0.494013
0.493465
0.493309
0.492683
0.492683
0.492370
0.492057
0.491743
0.491509
0.491352
0.490804
0.490491
0.490100
0.489630
0.489943
0.489943
0.489317
0.488926
0.488847
0.488456
0.488065
0.487595
0.487282
0.487204
0.486812
0.486656
0.486343
0.486265
0.485873
0.485482
0.485012
0.484856
0.484230
0.484151
0.484073
0.483760
0.483603
0.483290
0.482821
0.482508
0.481960
0.481568
0.481177
0.480629
0.480551
0.480081
0.479925
0.479925
0.478829
0.478594
0.478046
0.477890
0.477890
0.477185
0.476872
0.476794
0.476716
0.476637
0.476089
0.475698
0.475072
0.475072
0.474524
0.474602
0.474211
0.474133
0.473898
0.473272
0.473194
0.472411
0.472176
0.472019
0.471863
0.471237
0.470689
0.470454
0.470298
0.469828
0.469280
0.468967
0.468576
0.468184
0.468263
0.468184
0.467558
0.467715
0.467245
0.466462
0.466071
0.465836
0.465523
0.465601
0.465132
0.464662
0.464271
0.464192
0.464036
0.463566
0.463018
0.462862
0.462549
0.462314
0.461766
0.461610
0.461218
0.460749
0.460592
0.459966
0.459809
0.459418
0.458870
0.458714
0.458401
0.458166
0.458009
0.457540
0.457070
0.456913
0.456522
0.456366
0.455896
0.455583
0.455348
0.454722
0.454957
0.454409
0.454330
0.453861
0.453704
0.453235
0.452922
0.452530
0.452217
0.451826
0.451669
0.450965
0.450965
0.450652
0.450260
0.449791
0.449634
0.449086
0.448852
0.448382
0.448304
0.447991
0.447521
0.447443
0.446973
0.446582
0.446425
0.446034
0.446034
0.445643
0.444938
0.444782
0.444547
0.444234
0.443999
0.443529
0.443294
0.442747
0.442825
0.442512
0.442199
0.441651
0.441259
0.440790
0.440712
0.440477
0.440007
0.439381
0.439381
0.439146
0.438833
0.438598
0.438129
0.437816
0.437346
0.437189
0.436955
0.436094
0.435937
0.435467
0.435311
0.434998
0.434685
0.434215
0.433746
0.433824
0.433589
0.433432
0.433041
0.432728
0.432415
0.431945
0.432024
0.431554
0.431006
0.430928
0.430615
0.430458
0.429832
0.429754
0.429441
0.429441
0.428971
0.428658
0.428110
0.427640
0.427327
0.427171
0.426936
0.426545
0.426232
0.426388
0.425605
0.425371
0.424745
0.424745
0.424666
0.424118
0.423962
0.423492
0.423179
0.423336
0.422553
0.422396
0.422083
0.421849
0.421301
0.421457
0.421066
0.420674
0.420361
0.420205
0.419735
0.419344
0.418796
0.418718
0.418013
0.418170
0.417935
0.417544
0.417622
0.417074
0.416683
0.416291
0.416213
0.415743
0.415587
0.415430
0.414883
0.414883
0.414335
0.414022
0.413787
0.413239
0.413082
0.412769
0.413004
0.412300
0.412143
0.411908
0.411673
0.411204
0.410969
0.410578
0.410186
0.409873
0.409873
0.409247
0.409247
0.409169
0.408464
0.407917
0.407917
0.407603
0.407056
0.406821
0.406899
0.406742
0.406351
0.405960
0.405647
0.405177
0.404551
0.404473
0.403768
0.404316
0.403377
0.403299
0.403064
0.402907
0.402281
0.402203
0.401577
0.401420
0.401029
0.401185
0.400559
0.400481
0.399776
0.399698
0.399150
0.399072
0.398602
0.397976
0.397976
0.397585
0.397428
0.396959
0.396567
0.396333
0.396098
0.395706
0.395393
0.395002
0.394767
0.394611
0.394063
0.393984
0.393593
0.393202
0.393045
0.392810
0.392263
0.392106
0.391793
0.391793
0.391167
0.390462
0.390462
0.389993
0.389680
0.389288
0.389132
0.388819
0.388506
0.388114
0.388036
0.387801
0.387410
0.386940
0.386705
0.386079
0.386158
0.385688
0.385531
0.385062
0.384670
0.384514
0.384122
0.383575
0.383340
0.383105
0.382714
0.382557
0.382166
0.382009
0.381540
0.381540
0.381070
0.380679
0.380131
0.379974
0.379818
0.379348
0.379191
0.378957
0.378800
0.378252
0.377783
0.377156
0.376843
0.376530
0.376530
0.376217
0.375748
0.375200
0.375200
0.374730
0.374339
0.373713
0.373713
0.373478
0.373008
0.372930
0.372460
0.372539
0.371991
0.371678
0.371208
0.371051
0.370504
0.370582
0.370034
0.369721
0.369408
0.369016
0.368469
0.368155
0.367842
0.367686
0.367451
0.366903
0.366825
0.366590
0.366120
0.365729
0.365338
0.365103
0.364790
0.364320
0.363772
0.363616
0.363381
0.363224
0.362990
0.362520
0.361972
0.361346
0.361503
0.360720
0.360485
0.359937
0.359937
0.359389
0.358920
0.358763
0.358372
0.358215
0.357824
0.357589
0.357198
0.356885
0.356102
0.355945
0.355711
0.355397
0.355241
0.354771
0.354380
0.354223
0.353754
0.353676
0.353362
0.352971
0.352658
0.352267
0.352110
0.352032
0.351484
0.351171
0.350858
0.350388
0.350310
0.349762
0.349449
0.348901
0.348588
0.348040
0.348197
0.347805
0.347649
0.347257
0.346710
0.346866
0.346475
0.346083
0.345457
0.345379
0.344909
0.344440
0.344048
0.344048
0.343657
0.343344
0.343031
0.342796
0.342405
0.342092
0.341700
0.341231
0.340604
0.340370
0.340213
0.339900
0.339744
0.339430
0.338961
0.338726
0.338491
0.338022
0.337709
0.337395
0.336926
0.337161
0.336221
0.336221
0.335987
0.335282
0.334813
0.334578
0.334656
0.333952
0.333795
0.333482
0.333247
0.333091
0.332699
0.332386
0.331995
0.331760
0.331603
0.331290
0.330821
0.330429
0.330195
0.329803
0.329647
0.329021
0.328629
0.328786
0.328551
0.328238
0.328081
0.327533
0.327220
0.326829
0.326125
0.326438
0.326125
0.325498
0.325029
0.324872
0.324872
0.324403
0.324090
0.323542
0.323307
0.322994
0.322837
0.322524
0.321976
0.321820
0.321428
0.320802
0.320880
0.320333
0.320098
0.319785
0.319315
0.318924
0.318611
0.318219
0.317906
0.317515
0.317437
0.316967
0.316576
0.316106
0.316028
0.315715
0.315402
0.314775
0.314541
0.314149
0.314071
0.313601
0.313210
0.312975
0.312975
0.312427
0.312506
0.312036
0.311958
0.311645
0.311019
0.310627
0.310079
0.309766
0.309923
0.309375
0.308983
0.308749
0.308749
0.308357
0.307966
0.307262
0.307183
0.306714
0.306401
0.306166
0.305931
0.305461
0.305305
0.304679
0.304287
0.303896
0.303426
0.303661
0.303113
0.302644
0.302644
0.302331
0.301861
0.301313
0.300922
0.300609
0.300530
0.300217
0.299982
0.299200
0.299200
0.298965
0.298261
0.298182
0.297947
0.297321
0.297165
0.296773
0.296695
0.296382
0.296069
0.295365
0.295051
0.294347
0.294347
0.294425
0.293564
0.293486
0.293173
0.292547
0.292547
0.292077
0.291842
0.291451
0.291138
0.290590
0.290199
0.290120
0.289807
0.289729
0.289025
0.288712
0.288164
0.288242
0.287772
0.287303
0.287068
0.286833
0.286520
0.285816
0.285581
0.285189
0.284955
0.284563
0.284094
0.283624
0.283702
0.283311
0.283076
0.282920
0.281980
0.282137
0.281589
0.281354
0.280885
0.280258
0.280180
0.279398
0.278928
0.278693
0.278380
0.277989
0.277676
0.277441
0.277206
0.276736
0.276423
0.276110
0.275875
0.275406
0.275249
0.275093
0.274467
0.274075
0.273919
0.273449
0.272745
0.272666
0.272118
0.271727
0.271336
0.271257
0.270788
0.270475
0.269927
0.269692
0.269301
0.269066
0.268831
0.268283
0.268127
0.267579
0.267422
0.266874
0.266561
0.266092
0.265779
0.265465
0.264996
0.264918
0.264291
0.264057
0.263900
0.263665
0.263117
0.262804
0.262491
0.262178
0.261943
0.261474
0.261239
0.261082
0.260534
0.260065
0.259595
0.259517
0.258969
0.258734
0.258030
0.257952
0.257639
0.257247
0.256699
0.256778
0.256308
0.256230
0.255682
0.255369
0.255056
0.254821
0.254429
0.254116
0.253568
0.253412
0.252942
0.252708
0.252394
0.252238
0.251768
0.251533
0.251142
0.250751
0.250203
0.249890
0.249968
0.249577
0.249342
0.249029
0.248637
0.248403
0.247855
0.247542
0.246916
0.246837
0.246681
0.245976
0.245898
0.245585
0.245428
0.244802
0.244489
0.244098
0.243628
0.243159
0.243080
0.242924
0.242767
0.242219
0.241985
0.241437
0.241202
0.240497
0.240184
0.239636
0.239558
0.239245
0.239010
0.238541
0.238306
0.238228
0.237523
0.237367
0.236975
0.236506
0.235958
0.235958
0.235645
0.235488
0.234940
0.234705
0.234236
0.234001
0.233531
0.233453
0.232984
0.232670
0.232357
0.232201
0.231418
0.231183
0.230557
0.230401
0.230088
0.229696
0.229618
0.229148
0.228992
0.228600
0.228209
0.228131
0.227583
0.227035
0.227035
0.226644
0.226331
0.226174
0.225470
0.225157
0.224843
0.224609
0.223826
0.223669
0.223356
0.223043
0.222495
0.222182
0.222026
0.221869
0.221478
0.221165
0.220852
0.220460
0.220226
0.219756
0.219365
0.218895
0.218504
0.218347
0.218112
0.217486
0.217251
0.216860
0.216469
0.216312
0.216156
0.216077
0.215295
0.214981
0.214747
0.213964
0.213573
0.213181
0.213025
0.212868
0.212633
0.212790
0.212399
0.211772
0.211225
0.210911
0.210442
0.210285
0.209816
0.209581
0.209268
0.208876
0.208407
0.208172
0.207702
0.207311
0.206920
0.206450
0.206215
0.205746
0.205276
0.205198
0.204885
0.204415
0.204102
0.203711
0.203241
0.202850
0.202458
0.202302
0.201754
0.201597
0.200815
0.200815
0.199954
0.199562
0.199484
0.199249
0.198936
0.198545
0.198153
0.197606
0.197214
0.196588
0.196275
0.195649
0.195336
0.195336
0.194788
0.194553
0.194162
0.193692
0.193379
0.192831
0.192596
0.192205
0.191814
0.191657
0.191422
0.190796
0.190561
0.189779
0.189466
0.189231
0.188996
0.188526
0.188057
0.187822
0.187509
0.187196
0.186961
0.186491
0.186100
0.185552
0.185317
0.185004
0.184613
0.184378
0.183908
0.183595
0.183126
0.182656
0.182343
0.181639
0.181482
0.181325
0.180778
0.180464
0.179760
0.179369
0.179212
0.178743
0.178273
0.177960
0.177412
0.177255
0.177021
0.176786
0.176316
0.175847
0.175690
0.175142
0.174594
0.174516
0.173812
0.173733
0.173498
0.172951
0.172638
0.172324
0.171933
0.171463
0.171072
0.170837
0.170446
0.170368
0.169820
0.169272
0.168959
0.168489
0.168020
0.167785
0.167315
0.166767
0.166689
0.166376
0.165828
0.165515
0.165124
0.164889
0.164419
0.163950
0.163480
0.163323
0.162932
0.162384
0.162071
0.161758
0.161445
0.161132
0.160897
0.160271
0.159801
0.159566
0.159097
0.158862
0.158471
0.157845
0.157531
0.157297
0.156749
0.156436
0.155809
0.155888
0.155418
0.155418
0.154714
0.154401
0.153853
0.153618
0.153618
0.153305
0.152835
0.152287
0.152209
0.151739
0.150879
0.150644
0.150409
0.150252
0.149939
0.149548
0.149313
0.148687
0.148374
0.147904
0.147591
0.146965
0.146887
0.146417
0.146182
0.145556
0.145634
0.145478
0.144695
0.144304
0.143834
0.143286
0.142973
0.142973
0.142425
0.142112
0.141721
0.141408
0.140938
0.140234
0.139764
0.139921
0.139295
0.139060
0.138747
0.138199
0.137886
0.137573
0.137181
0.136477
0.136007
0.136007
0.135694
0.135225
0.134833
0.134833
0.134207
0.134050
0.133737
0.132955
0.132485
0.132094
0.131937
0.131859
0.131389
0.130685
0.130528
0.130137
0.129824
0.129120
0.128885
0.128337
0.128337
0.128337
0.127554
0.127241
0.126693
0.126302
0.126067
0.125910
0.125284
0.124815
0.124658
0.124345
0.123954
0.123562
0.123171
0.122701
0.122153
0.121840
0.121606
0.120823
0.120510
0.120040
0.119649
0.119101
0.119023
0.118318
0.117692
0.117457
0.117379
0.117144
0.116831
0.116362
0.115970
0.115266
0.115109
0.114327
0.114013
0.113622
0.113466
0.113074
0.112918
0.112448
0.112135
0.111978
0.111587
0.111274
0.110413
0.110178
0.109943
0.109709
0.108926
0.108691
0.108300
0.107908
0.107595
0.107126
0.106265
0.106186
0.105639
0.105482
0.105325
0.104856
0.104543
0.104386
0.104073
0.103056
0.102821
0.102351
0.101960
0.101725
0.101334
0.101255
0.100473
0.100473
0.099925
0.099142
0.098438
0.098203
0.097812
0.097577
0.097420
0.096794
0.096716
0.096168
0.095620
0.095229
0.094524
0.094055
0.093820
0.093585
0.092881
0.092489
0.092489
0.091941
0.091707
0.090924
0.090611
0.090298
0.089828
0.089515
0.089124
0.088654
0.088184
0.087793
0.087480
0.086776
0.086384
0.085915
0.085915
0.085367
0.084819
0.084349
0.084114
0.083723
0.083332
0.082862
0.082314
0.081845
0.081610
0.081297
0.080436
0.080514
0.079653
0.079105
0.079027
0.078088
0.078009
0.077383
0.076914
0.076600
0.076366
0.075818
0.075661
0.075113
0.074487
0.074487
0.073861
0.073470
0.072922
0.072530
0.071983
0.071513
0.071200
0.071043
0.070104
0.069634
0.069243
0.068773
0.068382
0.068069
0.067521
0.066973
0.066660
0.066347
0.065799
0.065173
0.064860
0.064547
0.064234
0.063999
0.063373
0.062982
0.062512
0.062355
0.061807
0.061338
0.061103
0.060555
0.060164
0.059851
0.059538
0.058833
0.058364
0.058129
0.057268
0.057033
0.056407
0.055937
0.055624
0.055389
0.055155
0.054528
0.054294
0.053511
0.053041
0.052415
0.052259
0.051632
0.051398
0.051006
0.050615
0.049910
0.049519
0.048815
0.048815
0.048267
0.047641
0.047328
0.047014
0.046701
0.046310
0.045684
0.045214
0.044901
0.044510
0.043962
0.043884
0.043258
0.042944
0.042553
0.041770
0.041379
0.040988
0.040362
0.039892
0.039501
0.038796
0.038483
0.038248
0.037779
0.037231
0.036839
0.036213
0.035744
0.035274
0.034883
0.034491
0.034100
0.033630
0.033004
0.032769
0.032535
0.031595
0.031361
0.030969
0.030421
0.030030
0.029247
0.029326
0.028543
0.028230
0.028073
0.027525
0.026977
0.026664
0.026195
0.025725
0.025412
0.025177
0.024473
0.024160
0.023377
0.022986
0.022594
0.022673
0.021968
0.021420
0.021107
0.020951
0.020090
0.019542
0.018837
0.018289
0.018055
0.017663
0.017350
0.016724
0.016098
0.016098
0.015237
0.014767
0.014141
0.013672
0.013202
0.012889
0.012341
0.012028
0.011715
0.011245
0.011010
0.010228
0.009523
0.009054
0.008741
0.008193
0.007880
0.007410
0.006784
0.006862
0.006392
0.005766
0.004827
0.004436
0.004201
0.003653
0.003105
0.002870
0.002322
0.002009
0.001618
0.001070
0.000522
0.000053
-0.000339
-0.000574
-0.001200
-0.001356
-0.001748
-0.002295
-0.003000
-0.003235
-0.004017
-0.004722
-0.004957
-0.005426
-0.005739
-0.006131
-0.006444
-0.007148
-0.007540
-0.007853
-0.008792
-0.009105
-0.009888
-0.010044
-0.010514
-0.011453
-0.011531
-0.012236
-0.012549
-0.013332
-0.013801
-0.014506
-0.015053
-0.015367
-0.015680
-0.016149
-0.016854
-0.017167
-0.017949
-0.018341
-0.019045
-0.019515
-0.019906
-0.020376
-0.020924
-0.021159
-0.022254
-0.022411
-0.022724
-0.023820
-0.024524
-0.024681
-0.025463
-0.025698
-0.026246
-0.026559
-0.027264
-0.027185
-0.028203
-0.029299
-0.029925
-0.030394
-0.030707
-0.031255
-0.031725
-0.032273
-0.032664
-0.033056
-0.033369
-0.034308
-0.035091
-0.035873
-0.036108
-0.036421
-0.036969
-0.037673
-0.038221
-0.038300
-0.038847
-0.039787
-0.040726
-0.041430
-0.041822
-0.042291
-0.042448
-0.043074
-0.043857
-0.044483
-0.044796
-0.045579
-0.046518
-0.046909
-0.047301
-0.047849
-0.048162
-0.048788
-0.049570
-0.050118
-0.050588
-0.051292
-0.052075
-0.052623
-0.053327
-0.053719
-0.054267
-0.055206
-0.055362
-0.055754
-0.056458
-0.057006
-0.058024
-0.058571
-0.059276
-0.059589
-0.060137
-0.060606
-0.061467
-0.062172
-0.062407
-0.063189
-0.064207
-0.064442
-0.065146
-0.065616
-0.065929
-0.066712
-0.067103
-0.067494
-0.068277
-0.068903
-0.070077
-0.070312
-0.071329
-0.071486
-0.071877
-0.072738
-0.073286
-0.073678
-0.074147
-0.074460
-0.075556
-0.076260
-0.076652
-0.077513
-0.077826
-0.078374
-0.079156
-0.079783
-0.080330
-0.080957
-0.082052
-0.082522
-0.083305
-0.083540
-0.083853
-0.084479
-0.085105
-0.085966
-0.086357
-0.086827
-0.087688
-0.088627
-0.089097
-0.089410
-0.090036
-0.090427
-0.091367
-0.091758
-0.092384
-0.093010
-0.093636
-0.094654
-0.095202
-0.095671
-0.096298
-0.096219
-0.097237
-0.097863
-0.098567
-0.099115
-0.099898
-0.100602
-0.101307
-0.101698
-0.102011
-0.102559
-0.103498
-0.104359
-0.104438
-0.105377
-0.105768
-0.106707
-0.107334
-0.108038
-0.108508
-0.108899
-0.109369
-0.110308
-0.110934
-0.111717
-0.111873
-0.112578
-0.113439
-0.114143
-0.114613
-0.115161
-0.115630
-0.116413
-0.116961
-0.117900
-0.118291
-0.119074
-0.120561
-0.121031
-0.121579
-0.121970
-0.122753
-0.123301
-0.124240
-0.124788
-0.125179
-0.126197
-0.126666
-0.127214
-0.128232
-0.128310
-0.128779
-0.129719
-0.130423
-0.131284
-0.131754
-0.132302
-0.133163
-0.134102
-0.134415
-0.134963
-0.135511
-0.136137
-0.137076
-0.137780
-0.138641
-0.139189
-0.139659
-0.140676
-0.140833
-0.141616
-0.142007
-0.142555
-0.143494
-0.144199
-0.144903
-0.145373
-0.145921
-0.146547
-0.147251
-0.147877
-0.148269
-0.148895
-0.150069
-0.150852
-0.151165
-0.151947
-0.152573
-0.153200
-0.154139
-0.154530
-0.155078
-0.155548
-0.156487
-0.157270
-0.157974
-0.158757
-0.159070
-0.159774
-0.160714
-0.161653
-0.162044
-0.162670
-0.163140
-0.163766
-0.164784
-0.165645
-0.166114
-0.166662
-0.167601
-0.167914
-0.168932
-0.169167
-0.169871
-0.170732
-0.171750
-0.172532
-0.173158
-0.173706
-0.174254
-0.175115
-0.175585
-0.176446
-0.176837
-0.177150
-0.178637
-0.179498
-0.179890
-0.180594
-0.181142
-0.181690
-0.182707
-0.182786
-0.183568
-0.184194
-0.184821
-0.186151
-0.187012
-0.187012
-0.187638
-0.188578
-0.189047
-0.189752
-0.190534
-0.191004
-0.191708
-0.193117
-0.193665
-0.194370
-0.194839
-0.195465
-0.196170
-0.196639
-0.197187
-0.197735
-0.198440
-0.199770
-0.201022
-0.201257
-0.201805
-0.202979
-0.203527
-0.203997
-0.204779
-0.205249
-0.205875
-0.206814
-0.207675
-0.208145
-0.208771
-0.209241
-0.210024
-0.210728
-0.211589
-0.211745
-0.212606
-0.213702
-0.214563
-0.215111
-0.215737
-0.216285
-0.217146
-0.217694
-0.218242
-0.218477
-0.219259
-0.220277
-0.221373
-0.221921
-0.222781
-0.223173
-0.223642
-0.224582
-0.224817
-0.225364
-0.225991
-0.226460
-0.227791
-0.228808
-0.229121
-0.229434
-0.230295
-0.231000
-0.231156
-0.232096
-0.232487
-0.233191
-0.233896
-0.234992
-0.235774
-0.235931
-0.236557
-0.237027
-0.237574
-0.237888
-0.238592
-0.239218
-0.240079
-0.241175
-0.241958
-0.242584
-0.242975
-0.243445
-0.244149
-0.244775
-0.245167
-0.245480
-0.246262
-0.247280
-0.247906
-0.248532
-0.248767
-0.248924
-0.249863
-0.250411
-0.250802
-0.251428
-0.251898
-0.252602
-0.253542
-0.254168
-0.254559
-0.254872
-0.255498
-0.255968
-0.256438
-0.257142
-0.257612
-0.258003
-0.258786
-0.259803
-0.260273
-0.260742
-0.261290
-0.261995
-0.262229
-0.262777
-0.263325
-0.263560
-0.264343
-0.265204
-0.265986
-0.266299
-0.266691
-0.267160
-0.267630
-0.267943
-0.268648
-0.268961
-0.269117
-0.270135
-0.270917
-0.271544
-0.271778
-0.272091
-0.272248
-0.272718
-0.273187
-0.273579
-0.274048
-0.274518
-0.275222
-0.275614
-0.275848
-0.276475
-0.276944
-0.277414
-0.277570
-0.277962
-0.278510
-0.278979
-0.279292
-0.280153
-0.280936
-0.280858
-0.281562
-0.281719
-0.282267
-0.282893
-0.282893
-0.283754
-0.283988
-0.284536
-0.284928
-0.285319
-0.286023
-0.286102
-0.286493
-0.286415
-0.287119
-0.287511
-0.287824
-0.288137
-0.288919
-0.289233
-0.289780
-0.289859
-0.290407
-0.290485
-0.290485
-0.291346
-0.291424
-0.291659
-0.292207
-0.292676
-0.292911
-0.292989
-0.293068
-0.293616
-0.293929
-0.293929
-0.294711
-0.294868
-0.295025
-0.295416
-0.295729
-0.296120
-0.296277
-0.296668
-0.296981
-0.297216
-0.297373
-0.298077
-0.297999
-0.298155
-0.298860
-0.298703
-0.298860
-0.299329
-0.299642
-0.299564
-0.300269
-0.300112
-0.300425
-0.300973
-0.300738
-0.301364
-0.301599
-0.301677
-0.302225
-0.302225
-0.302382
-0.302538
-0.302695
-0.303008
-0.302773
-0.303399
-0.303321
-0.303712
-0.303869
-0.304104
-0.304417
-0.304808
-0.304495
-0.304573
-0.304730
-0.305121
-0.305121
-0.305121
-0.305513
-0.305747
-0.305904
-0.305826
-0.306061
-0.305982
-0.306374
-0.306374
-0.306452
-0.306608
-0.306608
-0.307000
-0.306922
-0.307000
-0.307078
-0.307391
-0.307235
-0.307469
-0.307313
-0.307548
-0.307782
-0.307469
-0.308017
-0.307861
-0.308017
-0.307939
-0.308174
-0.308252
-0.308252
-0.308409
-0.308174
-0.308252
-0.308252
-0.308565
-0.308643
-0.308643
-0.308487
-0.308800
-0.308643
-0.308800
-0.308722
-0.308565
-0.308643
-0.308800
-0.308878
-0.308878
-0.308957
-0.309035
-0.308878
-0.308643
-0.308878
-0.308878
-0.309191
-0.309113
-0.308957
-0.309113
-0.309348
-0.308878
-0.309035
-0.308957
-0.308409
-0.308643
-0.308722
-0.308800
-0.308722
-0.308565
-0.308800
-0.308957
-0.308878
-0.308722
-0.308722
-0.308565
-0.308565
-0.308409
-0.308643
-0.308330
-0.308487
-0.308565
-0.308487
-0.308409
-0.308565
-0.308643
-0.308174
-0.308252
-0.308487
-0.308096
-0.308096
-0.308409
-0.308330
-0.308252
-0.308252
-0.308330
-0.308409
-0.308174
-0.307704
-0.307939
-0.307939
-0.307782
-0.307782
-0.307704
-0.307782
-0.307704
-0.307782
-0.307469
-0.307235
-0.307626
-0.307469
-0.307235
-0.307391
-0.307391
-0.307469
-0.307156
-0.307235
-0.307000
-0.307000
-0.306843
-0.306374
-0.306922
-0.306608
-0.306608
-0.306530
-0.306765
-0.306452
-0.306765
-0.306687
-0.306295
-0.306139
-0.305982
-0.306061
-0.306295
-0.306061
-0.306061
-0.305826
-0.305747
-0.305982
-0.306139
-0.305747
-0.305591
-0.305826
-0.305591
-0.305826
-0.305513
-0.305434
-0.305278
-0.305278
-0.305278
-0.305200
-0.305200
-0.305043
-0.304652
-0.304887
-0.305121
-0.304730
-0.304730
-0.304573
-0.304495
-0.304573
-0.304652
-0.304260
-0.304260
-0.304104
-0.304104
-0.303869
-0.304026
-0.303947
-0.303947
-0.304104
-0.303791
-0.303947
-0.303947
-0.303556
-0.303478
-0.303165
-0.303243
-0.303399
-0.303243
-0.303243
-0.303165
-0.303321
-0.303086
-0.303008
-0.302695
-0.302695
-0.302930
-0.302851
-0.302773
-0.302851
-0.302695
-0.302695
-0.302695
-0.302617
-0.302538
-0.302304
-0.302538
-0.302538
-0.302538
-0.302460
-0.302460
-0.302069
-0.301912
-0.301991
-0.302225
-0.301834
-0.301756
-0.301912
-0.301834
-0.301834
-0.301834
-0.301521
-0.301443
-0.301443
-0.301756
-0.301521
-0.301443
-0.301599
-0.301286
-0.301756
-0.301599
-0.301599
-0.301286
-0.301286
-0.301051
-0.300973
-0.301051
-0.300738
-0.300582
-0.300738
-0.300816
-0.301051
-0.300895
-0.300973
-0.300895
-0.300973
-0.300973
-0.300895
-0.300816
-0.300582
-0.300738
-0.300660
-0.300582
-0.300582
-0.300738
-0.300269
-0.300503
-0.300660
-0.300425
-0.300190
-0.300269
-0.300582
-0.300269
-0.300347
-0.300816
-0.300738
-0.300425
-0.300347
-0.300425
-0.300425
-0.300190
-0.300269
-0.300112
-0.300269
-0.300582
-0.300660
-0.300347
-0.299799
-0.299956
-0.300112
-0.300112
-0.299956
-0.300112
-0.300034
-0.300034
-0.300503
-0.300660
-0.300582
-0.300034
-0.300112
-0.299956
-0.300112
-0.300190
-0.300034
-0.300190
-0.300112
-0.300660
-0.300190
-0.300347
-0.300503
-0.300503
-0.300347
-0.300347
-0.300269
-0.300503
-0.300269
-0.300582
-0.300425
-0.300425
-0.300582
-0.300503
-0.300582
-0.300738
-0.300425
-0.300269
-0.300582
-0.300425
-0.300895
-0.301130
-0.300816
-0.301208
-0.300895
-0.301051
-0.300973
-0.301051
-0.300973
-0.301208
-0.301130
-0.301286
-0.301599
-0.301443
-0.301912
-0.301599
-0.301286
-0.301364
-0.301443
-0.301443
-0.301677
-0.301599
-0.301677
-0.301756
-0.302147
-0.302147
-0.302382
-0.301991
-0.302069
-0.302225
-0.301991
-0.301991
-0.302069
-0.301912
-0.302147
-0.302460
-0.302538
-0.302617
-0.302538
-0.302225
-0.302538
-0.302617
-0.302773
-0.302851
-0.302851
-0.303243
-0.303321
-0.303399
-0.303712
-0.303478
-0.303165
-0.303321
-0.303399
-0.303634
-0.303399
-0.303791
-0.303947
-0.303947
-0.304182
-0.304417
-0.304182
-0.304026
-0.304260
-0.304417
-0.304339
-0.304260
-0.304652
-0.304965
-0.304808
-0.305200
-0.305513
-0.305513
-0.305434
-0.305434
-0.305591
-0.305434
-0.305591
-0.305591
-0.305904
-0.305904
-0.305982
-0.306295
-0.305982
-0.305904
-0.306139
-0.306217
-0.306608
-0.306295
-0.306687
-0.306687
-0.307156
-0.307078
-0.307548
-0.307235
-0.307313
-0.307313
-0.307626
-0.307391
-0.307861
-0.308017
-0.308174
-0.308096
-0.308174
-0.308487
-0.308643
-0.308487
-0.308487
-0.308722
-0.308878
-0.309035
-0.308957
-0.309191
-0.309113
-0.309270
-0.309583
-0.309661
-0.309818
-0.309583
-0.310131
-0.309739
-0.310287
-0.310287
-0.310757
-0.310678
-0.310835
-0.311148
-0.311383
-0.311226
-0.310992
-0.311305
-0.311461
-0.311774
-0.311931
-0.311853
-0.312244
-0.312244
-0.312635
-0.312635
-0.312870
-0.313027
-0.312948
-0.313183
-0.313027
-0.313340
-0.313496
-0.313574
-0.313574
-0.314044
-0.314044
-0.314279
-0.314279
-0.314357
-0.314514
-0.314279
-0.314514
-0.315218
-0.314827
-0.315062
-0.315375
-0.315531
-0.315609
-0.315766
-0.315766
-0.315923
-0.315923
-0.315923
-0.316549
-0.316627
-0.316627
-0.316705
-0.316862
-0.317175
-0.317331
-0.317410
-0.317410
-0.317801
-0.317801
-0.318349
-0.318036
-0.318271
-0.318427
-0.318740
-0.318975
-0.319210
-0.319366
-0.319445
-0.319445
-0.319445
-0.319679
-0.319993
-0.320540
-0.320384
-0.320462
-0.320697
-0.320932
-0.321245
-0.321401
-0.321401
-0.321636
-0.321636
-0.321949
-0.322184
-0.322497
-0.322810
-0.323045
-0.322967
-0.323436
-0.323671
-0.323436
-0.323515
-0.323828
-0.323906
-0.324141
-0.324454
-0.324454
-0.324610
-0.325080
-0.325237
-0.325237
-0.325393
-0.325706
-0.325863
-0.325863
-0.326019
-0.326332
-0.326098
-0.326646
-0.326567
-0.326880
-0.327350
-0.327193
-0.327428
-0.327585
-0.327820
-0.328133
-0.328524
-0.328446
-0.328602
-0.328759
-0.328994
-0.329228
-0.329463
-0.329620
-0.330011
-0.330011
-0.330011
-0.330246
-0.330402
-0.330637
-0.331029
-0.331107
-0.331498
-0.331733
-0.331498
-0.331811
-0.332203
-0.332359
-0.332594
-0.332672
-0.332907
-0.332907
-0.333455
-0.333690
-0.333768
-0.333846
-0.333925
-0.334238
-0.334472
-0.334786
-0.335020
-0.335099
-0.335177
-0.335647
-0.335490
-0.335803
-0.336273
-0.336508
-0.336429
-0.336821
-0.337055
-0.337368
-0.337290
-0.337447
-0.337682
-0.337525
-0.338151
-0.338386
-0.338386
-0.338856
-0.339012
-0.339403
-0.339247
-0.339403
-0.339638
-0.340186
-0.340186
-0.340656
-0.340891
-0.340812
-0.340812
-0.341517
-0.341360
-0.341517
-0.341986
-0.342378
-0.342378
-0.342769
-0.343004
-0.342613
-0.343317
-0.343630
-0.343552
-0.343630
-0.343943
-0.344100
-0.344413
-0.344491
-0.344726
-0.344882
-0.344961
-0.345352
-0.345587
-0.345509
-0.345900
-0.346291
-0.346448
-0.346526
-0.346996
-0.347309
-0.347700
-0.347700
-0.348091
-0.348091
-0.348248
-0.348326
-0.348796
-0.348952
-0.349500
-0.349657
-0.349813
-0.349657
-0.349892
-0.350283
-0.350361
-0.350674
-0.351066
-0.350987
-0.351535
-0.351692
-0.352005
-0.352240
-0.352553
-0.352709
-0.352709
-0.352866
-0.352944
-0.353336
-0.353336
-0.353570
-0.354118
-0.354275
-0.354353
-0.354588
-0.354823
-0.354823
-0.355371
-0.355371
-0.355684
-0.355918
-0.356075
-0.356388
-0.356545
-0.356858
-0.356779
-0.357484
-0.357562
-0.357797
-0.357953
-0.357875
-0.358345
-0.358580
-0.358736
-0.359127
-0.359597
-0.359754
-0.359910
-0.359988
-0.360067
-0.360458
-0.361162
-0.361554
-0.361397
-0.361789
-0.362180
-0.362102
-0.362571
-0.362963
-0.363119
-0.363198
-0.363667
-0.363511
-0.364137
-0.364215
-0.364450
-0.364606
-0.364841
-0.364998
-0.365233
-0.365389
-0.365546
-0.365859
-0.366172
-0.366172
-0.366563
-0.367111
-0.367424
-0.367659
-0.367894
-0.367972
-0.368285
-0.368520
-0.368520
-0.368989
-0.369303
-0.369381
-0.369381
-0.369929
-0.369616
-0.370477
-0.370555
-0.370868
-0.371181
-0.371572
-0.371651
-0.371885
-0.371964
-0.372355
-0.372512
-0.372590
-0.373059
-0.373216
-0.373529
-0.373842
-0.374234
-0.374390
-0.374547
-0.374781
-0.374703
-0.375251
-0.375564
-0.375486
-0.375799
-0.376190
-0.376425
-0.376660
-0.376738
-0.377286
-0.377364
-0.377677
-0.377756
-0.378147
-0.378225
-0.378460
-0.378851
-0.379165
-0.379321
-0.379712
-0.380104
-0.380182
-0.380495
-0.380886
-0.381043
-0.380965
-0.381121
-0.381669
-0.381747
-0.382061
-0.382295
-0.382530
-0.383000
-0.383235
-0.383626
-0.383782
-0.383782
-0.384174
-0.384330
-0.384800
-0.384800
-0.385113
-0.385504
-0.385270
-0.385661
-0.385974
-0.386209
-0.386444
-0.386600
-0.386600
-0.386835
-0.387618
-0.387461
-0.387774
-0.388087
-0.388479
-0.388635
-0.388870
-0.389340
-0.389574
-0.389966
-0.390279
-0.390592
-0.390827
-0.390748
-0.391218
-0.391453
-0.391609
-0.391923
-0.392314
-0.392314
-0.392627
-0.392862
-0.393097
-0.393410
-0.393801
-0.393723
-0.394036
-0.394271
-0.394897
-0.395210
-0.395445
-0.395601
-0.395914
-0.396227
-0.396384
-0.396854
-0.397167
-0.397010
-0.397480
-0.397714
-0.397949
-0.398028
-0.398106
-0.398497
-0.398732
-0.399123
-0.399045
-0.399358
-0.399749
-0.400063
-0.400532
-0.400924
-0.401158
-0.401237
-0.402019
-0.402254
-0.402724
-0.402724
-0.402959
-0.403115
-0.403663
-0.403976
-0.404054
-0.404367
-0.404602
-0.405150
-0.405307
-0.405698
-0.405698
-0.405776
-0.406246
-0.406402
-0.406716
-0.406637
-0.407107
-0.407498
-0.407733
-0.407733
-0.408281
-0.408281
-0.408751
-0.409220
-0.409064
-0.409455
-0.409846
-0.410081
-0.410394
-0.410707
-0.411020
-0.411255
-0.411568
-0.411803
-0.412351
-0.412351
-0.412586
-0.412664
-0.413134
-0.413447
-0.413525
-0.413760
-0.414308
-0.414386
-0.414699
-0.414934
-0.415325
-0.415560
-0.415795
-0.416108
-0.416264
-0.416812
-0.416969
-0.417047
-0.417517
-0.417673
-0.417986
-0.418221
-0.418534
-0.419004
-0.418847
-0.419317
-0.419473
-0.419630
-0.420100
-0.420569
-0.420648
-0.420882
-0.421195
-0.421352
-0.421822
-0.422213
-0.422448
-0.422526
-0.422526
-0.422604
-0.423152
-0.423387
-0.423857
-0.424170
-0.424404
-0.424874
-0.425109
-0.425265
-0.425422
-0.425813
-0.426048
-0.426205
-0.426596
-0.426987
-0.427379
-0.427379
-0.427535
-0.427770
-0.428161
-0.428631
-0.428866
-0.429022
-0.429179
-0.429649
-0.429805
-0.430118
-0.430353
-0.430666
-0.430823
-0.431136
-0.431292
-0.431449
-0.431840
-0.432310
-0.432701
-0.432936
-0.433014
-0.433171
-0.433406
-0.433797
-0.434110
-0.434345
-0.434736
-0.435362
-0.435284
-0.435910
-0.436145
-0.436301
-0.436380
-0.436536
-0.436771
-0.437006
-0.437319
-0.437632
-0.437945
-0.438337
-0.438493
-0.438806
-0.438884
-0.439432
-0.439902
-0.440137
-0.440293
-0.440450
-0.440841
-0.441076
-0.441467
-0.441859
-0.442485
-0.442641
-0.442641
-0.442876
-0.443502
-0.443502
-0.443737
-0.444050
-0.444285
-0.444363
-0.444833
-0.445146
-0.445537
-0.445616
-0.446007
-0.446242
-0.446477
-0.446711
-0.446790
-0.447416
-0.447338
-0.447807
-0.448042
-0.448433
-0.448355
-0.448981
-0.449294
-0.449529
-0.450077
-0.450077
-0.450234
-0.450547
-0.450860
-0.450860
-0.451251
-0.451642
-0.452112
-0.452347
-0.452269
-0.452895
-0.453364
-0.453364
-0.453599
-0.453912
-0.454069
-0.454460
-0.454617
-0.454930
-0.455243
-0.455634
-0.455947
-0.456182
-0.456339
-0.456417
-0.456886
-0.457200
-0.457669
-0.457669
-0.457826
-0.458139
-0.458608
-0.459000
-0.459235
-0.459704
-0.459704
-0.459626
-0.460017
-0.460330
-0.460643
-0.461035
-0.461191
-0.461739
-0.462287
-0.462209
-0.462913
-0.462991
-0.463383
-0.463539
-0.463774
-0.463774
-0.464087
-0.464635
-0.465105
-0.465105
-0.465574
-0.465731
-0.466201
-0.466514
-0.466827
-0.466983
-0.467062
-0.467296
-0.467531
-0.467688
-0.468001
-0.468079
-0.468392
-0.468862
-0.469253
-0.469410
-0.469723
-0.470192
-0.470662
-0.470740
-0.470975
-0.471210
-0.471836
-0.471836
-0.472071
-0.472619
-0.472775
-0.473010
-0.473480
-0.473401
-0.473793
-0.474028
-0.474419
-0.474575
-0.474810
-0.475280
-0.475436
-0.475671
-0.475906
-0.476376
-0.476610
-0.476924
-0.477315
-0.477158
-0.477706
-0.478176
-0.478098
-0.478645
-0.478802
-0.479272
-0.479741
-0.480133
-0.480133
-0.480602
-0.480759
-0.481150
-0.481385
-0.481620
-0.482089
-0.482168
-0.482402
-0.482950
-0.483420
-0.483498
-0.483733
-0.484124
-0.484672
-0.484829
-0.484985
-0.485298
-0.485533
-0.485690
-0.485925
-0.486238
-0.486238
-0.486786
-0.487333
-0.487333
-0.487881
-0.488116
-0.488194
-0.488586
-0.488742
-0.489447
-0.489681
-0.489838
-0.489916
-0.490699
-0.490621
-0.491560
-0.491403
-0.492030
-0.492264
-0.492343
-0.492734
-0.492812
-0.493282
-0.493438
-0.493595
-0.494143
-0.494299
-0.494926
-0.495239
-0.495395
-0.495787
-0.495708
-0.496021
-0.496178
-0.496334
-0.496882
-0.496961
-0.497352
-0.497743
-0.498056
-0.498526
-0.498604
-0.499230
-0.499152
-0.499465
-0.499778
-0.499935
-0.500483
-0.500483
-0.500952
-0.501500
-0.501970
-0.502126
-0.502439
-0.502674
-0.502831
-0.503144
-0.503457
-0.503692
-0.504005
-0.503927
-0.504553
-0.505022
-0.505101
-0.505492
-0.505570
-0.506118
-0.506431
-0.506353
-0.506823
-0.507214
-0.507605
-0.507762
-0.508075
-0.508388
-0.508701
-0.509014
-0.509171
-0.509484
-0.509327
-0.509719
-0.510266
-0.510736
-0.511049
-0.511206
-0.511519
-0.511910
-0.512145
-0.512301
-0.512771
-0.513084
-0.513476
-0.513476
-0.514023
-0.514258
-0.514336
-0.514650
-0.515119
-0.515432
-0.515589
-0.515745
-0.516293
-0.516293
-0.516528
-0.516763
-0.517232
-0.517389
-0.518015
-0.518093
-0.518407
-0.518407
-0.518798
-0.519033
-0.519737
-0.520128
-0.520285
-0.520598
-0.521302
-0.521302
-0.521459
-0.521616
-0.522398
-0.522711
-0.522946
-0.522946
-0.523494
-0.523494
-0.524277
-0.524042
-0.524512
-0.524903
-0.525059
-0.525529
-0.525764
-0.526077
-0.526233
-0.526468
-0.526625
-0.527173
-0.527486
-0.527799
-0.527955
-0.528503
-0.528660
-0.528973
-0.529129
-0.529521
-0.529912
-0.529756
-0.530225
-0.530773
-0.530773
-0.531008
-0.531556
-0.531791
-0.531947
-0.532495
-0.532965
-0.532886
-0.533121
-0.533669
-0.533747
-0.533904
-0.534295
-0.534452
-0.534608
-0.535000
-0.535626
-0.535548
-0.535861
-0.536330
-0.536487
-0.536878
-0.537191
-0.537348
-0.537583
-0.537739
-0.538287
-0.538678
-0.538757
-0.539148
-0.539383
-0.539461
-0.539618
-0.540166
-0.540635
-0.540635
-0.541105
-0.541183
-0.541574
-0.541887
-0.542357
-0.542592
-0.542592
-0.543140
-0.543140
-0.543609
-0.543844
-0.544001
-0.544470
-0.544705
-0.545175
-0.545331
-0.545410
-0.545644
-0.546114
-0.546584
-0.546897
-0.546975
-0.547366
-0.547445
-0.547758
-0.547914
-0.548384
-0.548540
-0.548932
-0.549167
-0.549636
-0.549558
-0.549949
-0.550575
-0.550888
-0.550967
-0.551358
-0.551280
-0.551828
-0.551984
-0.552376
-0.552454
-0.553158
-0.553393
-0.553863
-0.554254
-0.554254
-0.554489
-0.554724
-0.555193
-0.555350
-0.555663
-0.555585
-0.555898
-0.556211
-0.556524
-0.556602
-0.557150
-0.557463
-0.557776
-0.557933
-0.558011
-0.558402
-0.558715
-0.559029
-0.559263
-0.559733
-0.559811
-0.560281
-0.560672
-0.560750
-0.561298
-0.561611
-0.562081
-0.562238
-0.562551
-0.562707
-0.563020
-0.563568
-0.563725
-0.563960
-0.564351
-0.564507
-0.565055
-0.565447
-0.565760
-0.566151
-0.566308
-0.566464
-0.566621
-0.566856
-0.567325
-0.567325
-0.567638
-0.567951
-0.568421
-0.568343
-0.568734
-0.569125
-0.569204
-0.569517
-0.569908
-0.569830
-0.570456
-0.570534
-0.570769
-0.571160
-0.571630
-0.571630
-0.572100
-0.572413
-0.572804
-0.572647
-0.572961
-0.573352
-0.573587
-0.573743
-0.574213
-0.574526
-0.575309
-0.575543
-0.575622
-0.575700
-0.576326
-0.576248
-0.576874
-0.576952
-0.577265
-0.577422
-0.577735
-0.578126
-0.578596
-0.578987
-0.578909
-0.579457
-0.579927
-0.580240
-0.580240
-0.580944
-0.581335
-0.581414
-0.581883
-0.581962
-0.582353
-0.582666
-0.582979
-0.582979
-0.583527
-0.583840
-0.583918
-0.584310
-0.584544
-0.584779
-0.585092
-0.585327
-0.585484
-0.585875
-0.586188
-0.586971
-0.586658
-0.586893
-0.587519
-0.587988
-0.588145
-0.588380
-0.588693
-0.588849
-0.589241
-0.589397
-0.589632
-0.589945
-0.590415
-0.590806
-0.590806
-0.591276
-0.591432
-0.591824
-0.592215
-0.592058
-0.592763
-0.593076
-0.593624
-0.593780
-0.594015
-0.594250
-0.594720
-0.594954
-0.595189
-0.595659
-0.596207
-0.596050
-0.596363
-0.596755
-0.597146
-0.597537
-0.597850
-0.597929
-0.598320
-0.598790
-0.598711
-0.599416
-0.599416
-0.599651
-0.600198
-0.600355
-0.600668
-0.601294
-0.601764
-0.602233
-0.602233
-0.602625
-0.602860
-0.603407
-0.603564
-0.603721
-0.603877
-0.604268
-0.604738
-0.605286
-0.605364
-0.605599
-0.605912
-0.606147
-0.606538
-0.606930
-0.607164
-0.607164
-0.607869
-0.607947
-0.608260
-0.608417
-0.609121
-0.609356
-0.609356
-0.609826
-0.610139
-0.610217
-0.610687
-0.611156
-0.611313
-0.611626
-0.611939
-0.612095
-0.612487
-0.612878
-0.612956
-0.613426
-0.613661
-0.613896
-0.614130
-0.614444
-0.614991
-0.614991
-0.615305
-0.615226
-0.615852
-0.616244
-0.616400
-0.616870
-0.617105
-0.617261
-0.617731
-0.617966
-0.618044
-0.618279
-0.618827
-0.618983
-0.619296
-0.619531
-0.619844
-0.620392
-0.620314
-0.620862
-0.620862
-0.621566
-0.621879
-0.622114
-0.622740
-0.622740
-0.623053
-0.623131
-0.623523
-0.623836
-0.624227
-0.624462
-0.624775
-0.624619
-0.625323
-0.625480
-0.625714
-0.626262
-0.626419
-0.626732
-0.627202
-0.627436
-0.627749
-0.628141
-0.628219
-0.628689
-0.628610
-0.629237
-0.629393
-0.629550
-0.629863
-0.630254
-0.630645
-0.630880
-0.631428
-0.631898
-0.632133
-0.632211
-0.632602
-0.632915
-0.633385
-0.633541
-0.633698
-0.634168
-0.634324
-0.634872
-0.635028
-0.635420
-0.635576
-0.635889
-0.636124
-0.636281
-0.636750
-0.636594
-0.636829
-0.637377
-0.638003
-0.637924
-0.638159
-0.638707
-0.638785
-0.639099
-0.639412
-0.639646
-0.639725
-0.640038
-0.640507
-0.641368
-0.641290
-0.641603
-0.641603
-0.642308
-0.642386
-0.642934
-0.643247
-0.643482
-0.643716
-0.644186
-0.644343
-0.644577
-0.644890
-0.645282
-0.645360
-0.645673
-0.645673
-0.646299
-0.646534
-0.646691
-0.646847
-0.647160
-0.647473
-0.647943
