-0.555819
-0.555898
-0.556367
-0.557072
-0.556837
-0.557307
-0.557776
-0.558402
-0.558168
-0.558794
-0.559342
-0.560046
-0.559889
-0.560516
-0.560750
-0.561064
-0.561455
-0.561846
-0.562316
-0.562629
-0.563020
-0.563333
-0.563412
-0.563725
-0.563881
-0.564038
-0.564586
-0.564977
-0.565290
-0.565368
-0.565760
-0.566308
-0.566777
-0.567482
-0.567325
-0.567638
-0.567560
-0.568186
-0.568343
-0.568656
-0.568969
-0.569204
-0.569595
-0.569830
-0.570299
-0.570691
-0.570926
-0.571239
-0.571317
-0.571943
-0.572256
-0.572882
-0.573039
-0.573352
-0.573900
-0.574291
-0.574369
-0.574917
-0.575309
-0.575152
-0.575700
-0.575857
-0.576170
-0.576326
-0.576561
-0.576796
-0.577031
-0.577657
-0.577813
-0.578126
-0.578439
-0.578909
-0.579300
-0.579613
-0.579613
-0.580161
-0.580553
-0.580553
-0.581179
-0.581962
-0.581962
-0.582431
-0.582588
-0.583214
-0.583370
-0.583605
-0.583918
-0.584231
-0.584310
-0.584701
-0.585014
-0.585640
-0.585953
-0.586266
-0.586893
-0.587127
-0.587206
-0.587832
-0.587988
-0.588223
-0.588536
-0.589006
-0.589006
-0.589475
-0.589789
-0.590102
-0.590571
-0.590650
-0.591119
-0.591510
-0.591432
-0.591902
-0.592215
-0.592528
-0.592919
-0.593076
-0.593467
-0.594250
-0.594093
-0.594641
-0.595033
-0.595581
-0.595502
-0.595894
-0.596285
-0.596520
-0.596833
-0.597302
-0.597537
-0.598085
-0.598398
-0.598633
-0.598946
-0.599024
-0.599416
-0.599807
-0.600355
-0.600590
-0.600825
-0.601451
-0.601294
-0.602390
-0.602625
-0.602860
-0.603094
-0.603642
-0.603955
-0.604190
-0.604660
-0.605129
-0.605129
-0.605521
-0.605834
-0.606147
-0.606382
-0.606851
-0.607086
-0.607556
-0.607634
-0.608025
-0.608260
-0.608730
-0.609199
-0.609278
-0.609591
-0.610060
-0.609904
-0.610687
-0.611000
-0.611391
-0.611782
-0.612095
-0.612095
-0.612643
-0.612643
-0.613035
-0.613191
-0.613583
-0.613974
-0.614130
-0.614522
-0.614835
-0.615148
-0.615461
-0.616087
-0.616244
-0.616713
-0.617026
-0.617574
-0.617574
-0.617887
-0.618122
-0.618670
-0.618748
-0.619296
-0.619531
-0.619844
-0.620079
-0.620470
-0.620783
-0.620862
-0.621331
-0.621879
-0.621957
-0.622584
-0.623131
-0.622975
-0.623210
-0.623445
-0.624071
-0.624149
-0.624619
-0.624775
-0.625323
-0.625323
-0.625793
-0.626106
-0.626497
-0.626888
-0.626967
-0.627515
-0.627906
-0.628219
-0.628376
-0.628767
-0.629080
-0.629158
-0.629550
-0.629863
-0.630254
-0.630567
-0.630880
-0.631350
-0.631585
-0.631585
-0.632054
-0.632289
-0.632837
-0.632993
-0.633541
-0.633933
-0.633854
-0.634089
-0.634637
-0.634950
-0.635107
-0.635498
-0.636203
-0.636281
-0.636594
-0.637064
-0.637220
-0.637377
-0.637533
-0.637846
-0.638316
-0.638472
-0.638942
-0.639333
-0.639725
-0.639881
-0.640116
-0.640507
-0.640977
-0.641212
-0.641212
-0.641760
-0.642229
-0.642855
-0.642934
-0.643090
-0.643169
-0.643716
-0.644030
-0.644499
-0.644812
-0.644890
-0.645360
-0.645830
-0.646143
-0.646534
-0.646926
-0.647004
-0.647395
-0.647865
-0.647865
-0.648021
-0.648647
-0.648804
-0.649352
-0.649665
-0.649978
-0.650291
-0.650682
-0.650839
-0.651387
-0.651778
-0.652013
-0.652326
-0.652952
-0.653109
-0.653735
-0.653813
-0.653892
-0.654048
-0.654361
-0.654831
-0.655300
-0.655300
-0.655848
-0.655927
-0.656396
-0.656787
-0.657335
-0.657492
-0.657727
-0.658196
-0.658509
-0.659057
-0.659136
-0.659605
-0.659997
-0.660075
-0.660623
-0.660858
-0.661327
-0.661718
-0.662110
-0.662110
-0.662579
-0.662736
-0.662971
-0.663440
-0.663988
-0.664067
-0.664536
-0.664849
-0.665397
-0.665710
-0.666102
-0.666415
-0.666728
-0.666884
-0.667119
-0.667510
-0.667824
-0.668215
-0.668528
-0.668763
-0.668998
-0.669624
-0.670015
-0.670250
-0.670720
-0.671189
-0.671580
-0.671502
-0.672050
-0.672285
-0.672520
-0.672911
-0.673381
-0.673772
-0.673850
-0.674242
-0.674633
-0.675024
-0.675024
-0.675181
-0.675807
-0.675807
-0.676198
-0.677138
-0.676981
-0.677216
-0.677686
-0.678155
-0.678390
-0.678703
-0.679094
-0.679407
-0.679486
-0.680190
-0.680034
-0.680738
-0.681286
-0.681834
-0.681912
-0.682147
-0.682460
-0.683164
-0.683634
-0.684104
-0.684025
-0.684338
-0.684652
-0.685043
-0.685043
-0.685434
-0.686139
-0.686060
-0.686373
-0.686921
-0.687156
-0.687548
-0.687939
-0.688174
-0.688800
-0.688722
-0.689348
-0.689661
-0.689661
-0.690287
-0.690522
-0.690835
-0.690913
-0.691539
-0.692009
-0.692244
-0.692479
-0.692792
-0.693183
-0.693418
-0.693731
-0.694357
-0.694435
-0.694592
-0.694983
-0.695140
-0.695531
-0.695922
-0.696001
-0.696549
-0.696627
-0.697018
-0.697253
-0.697644
-0.698114
-0.698349
-0.698740
-0.698975
-0.699601
-0.699914
-0.699836
-0.700697
-0.700932
-0.701166
-0.701714
-0.702106
-0.702341
-0.702497
-0.702810
-0.702967
-0.703515
-0.703828
-0.704141
-0.704689
-0.704923
-0.705315
-0.705550
-0.705941
-0.705941
-0.706332
-0.706802
-0.706567
-0.707193
-0.707506
-0.708211
-0.708054
-0.708680
-0.708993
-0.709072
-0.709541
-0.710246
-0.710324
-0.710324
-0.710715
-0.711107
-0.711420
-0.711811
-0.712203
-0.712203
-0.712907
-0.713533
-0.713611
-0.713924
-0.713846
-0.714081
-0.714472
-0.714785
-0.715177
-0.715020
-0.715725
-0.715959
-0.716351
-0.716820
-0.717055
-0.717134
-0.717447
-0.717838
-0.718229
-0.718621
-0.718777
-0.719247
-0.719716
-0.719951
-0.720264
-0.720656
-0.721438
-0.721282
-0.721673
-0.721986
-0.722221
-0.722299
-0.722847
-0.723317
-0.723552
-0.724021
-0.724256
-0.724647
-0.724882
-0.725352
-0.725821
-0.725900
-0.726056
-0.726761
-0.727074
-0.727465
-0.727543
-0.728091
-0.728248
-0.728639
-0.728796
-0.729109
-0.729187
-0.729813
-0.729891
-0.730439
-0.730831
-0.730752
-0.731144
-0.732005
-0.731926
-0.732474
-0.732866
-0.733257
-0.733727
-0.733805
-0.734118
-0.734431
-0.734509
-0.734979
-0.734901
-0.735292
-0.735136
-0.735370
-0.735449
-0.735527
-0.735527
-0.735605
-0.735292
-0.735527
-0.735370
-0.735214
-0.735527
-0.734979
-0.734979
-0.734822
-0.734509
-0.734275
-0.733962
-0.733883
-0.733414
-0.733101
-0.733022
-0.732787
-0.732396
-0.732161
-0.731770
-0.731770
-0.731379
-0.730752
-0.730674
-0.730361
-0.730126
-0.729813
-0.729500
-0.729344
-0.728952
-0.728404
-0.728326
-0.727856
-0.727543
-0.727230
-0.726917
-0.726761
-0.726135
-0.726135
-0.725195
-0.725195
-0.724647
-0.724413
-0.724178
-0.723552
-0.723317
-0.723082
-0.722769
-0.722378
-0.721908
-0.721595
-0.721360
-0.720577
-0.720186
-0.719638
-0.719325
-0.718934
-0.718542
-0.718229
-0.718151
-0.717681
-0.717368
-0.716977
-0.716586
-0.716507
-0.715803
-0.715803
-0.715255
-0.715020
-0.714629
-0.714316
-0.714081
-0.713611
-0.713220
-0.712985
-0.712672
-0.712281
-0.711889
-0.711420
-0.711185
-0.710637
-0.710246
-0.709776
-0.709463
-0.708993
-0.708759
-0.708289
-0.707898
-0.707819
-0.707506
-0.706880
-0.706567
-0.706489
-0.706097
-0.705628
-0.704923
-0.705158
-0.704454
-0.703984
-0.704062
-0.703593
-0.703201
-0.702967
-0.702419
-0.701949
-0.701714
-0.701323
-0.700853
-0.700227
-0.700306
-0.699601
-0.699445
-0.699053
-0.698975
-0.698349
-0.697957
-0.697488
-0.697566
-0.696862
-0.696627
-0.696314
-0.696157
-0.695453
-0.695140
-0.694827
-0.694357
-0.693496
-0.693574
-0.693339
-0.692635
-0.692322
-0.692009
-0.691539
-0.691070
-0.690991
-0.690365
-0.689974
-0.689739
-0.689269
-0.689035
-0.688878
-0.688174
-0.687861
-0.687704
-0.686765
-0.686687
-0.686217
-0.686139
-0.685591
-0.685513
-0.684886
-0.684886
-0.684417
-0.684025
-0.683869
-0.683321
-0.682695
-0.682617
-0.682382
-0.681990
-0.681208
-0.680738
-0.680582
-0.680112
-0.679955
-0.679329
-0.679016
-0.678625
-0.678390
-0.677842
-0.677764
-0.677059
-0.676825
-0.676277
-0.676198
-0.675572
-0.675259
-0.674711
-0.674790
-0.674476
-0.673929
-0.673537
-0.673146
-0.672911
-0.672598
-0.672128
-0.671815
-0.671267
-0.670798
-0.670798
-0.670250
-0.669859
-0.669467
-0.669232
-0.668841
-0.668528
-0.668058
-0.667980
-0.667510
-0.666963
-0.666571
-0.666415
-0.666180
-0.665867
-0.665475
-0.665006
-0.664693
-0.664301
-0.663597
-0.663440
-0.663049
-0.662814
-0.662423
-0.662188
-0.661718
-0.661562
-0.660858
-0.660701
-0.660231
-0.659997
-0.659292
-0.658979
-0.658588
-0.658353
-0.658275
-0.657648
-0.657335
-0.656866
-0.656474
-0.656083
-0.655770
-0.655300
-0.654987
-0.654674
-0.654205
-0.653813
-0.653657
-0.653344
-0.652717
-0.652404
-0.652248
-0.651465
-0.651074
-0.650682
-0.650135
-0.650213
-0.649587
-0.649587
-0.649274
-0.648882
-0.648334
-0.648178
-0.647943
-0.647395
-0.647004
-0.646612
-0.646221
-0.645830
-0.645360
-0.645204
-0.644812
-0.644577
-0.644264
-0.643951
-0.643482
-0.643325
-0.642386
-0.642308
-0.642229
-0.642229
-0.641368
-0.641055
-0.640507
-0.640194
-0.639490
-0.639255
-0.638864
-0.638551
-0.638159
-0.638238
-0.637690
-0.637220
-0.637064
-0.636672
-0.636516
-0.636281
-0.635655
-0.635655
-0.634950
-0.634246
-0.634089
-0.633541
-0.633150
-0.632915
-0.632446
-0.631976
-0.631741
-0.631741
-0.631115
-0.631193
-0.630489
-0.630489
-0.629628
-0.629706
-0.629002
-0.628767
-0.628062
-0.628062
-0.627515
-0.627202
-0.626888
-0.626497
-0.626027
-0.625636
-0.625166
-0.624853
-0.624462
-0.624071
-0.623992
-0.623601
-0.622818
-0.622662
-0.622271
-0.621723
-0.621018
-0.621018
-0.620783
-0.620470
-0.620157
-0.619609
-0.618983
-0.618827
-0.618670
-0.618122
-0.617731
-0.617105
-0.617026
-0.616792
-0.616400
-0.615774
-0.615696
-0.615226
-0.614835
-0.614287
-0.614365
-0.613896
-0.613739
-0.613269
-0.613035
-0.612722
-0.612409
-0.611704
-0.611156
-0.611000
-0.610452
-0.610374
-0.609826
-0.609513
-0.609043
-0.608573
-0.608573
-0.608025
-0.607947
-0.607712
-0.607243
-0.606695
-0.606382
-0.606069
-0.605521
-0.605364
-0.605208
-0.604582
-0.604190
-0.603877
-0.603642
-0.603173
-0.602781
-0.602390
-0.601999
-0.601451
-0.601216
-0.600825
-0.600120
-0.599964
-0.599416
-0.598946
-0.598633
-0.598398
-0.597850
-0.597694
-0.597224
-0.597146
-0.596676
-0.596207
-0.596128
-0.595659
-0.595033
-0.594563
-0.594406
-0.593859
-0.593546
-0.593232
-0.592841
-0.592606
-0.591980
-0.592058
-0.591354
-0.590806
-0.590806
-0.590336
-0.590258
-0.589241
-0.589319
-0.589084
-0.588693
-0.587910
-0.587832
-0.587284
-0.587127
-0.586501
-0.586266
-0.585797
-0.585484
-0.585249
-0.584858
-0.584544
-0.584153
-0.583684
-0.583449
-0.583057
-0.582744
-0.582353
-0.581883
-0.581492
-0.581101
-0.580944
-0.580553
-0.580240
-0.579927
-0.579535
-0.579066
-0.578831
-0.578361
-0.578205
-0.578048
-0.577422
-0.576874
-0.576639
-0.576326
-0.575700
-0.575622
-0.574917
-0.574604
-0.574604
-0.573978
-0.573665
-0.573430
-0.573117
-0.572569
-0.572569
-0.572100
-0.571630
-0.571473
-0.571082
-0.570691
-0.570143
-0.569986
-0.569517
-0.569360
-0.569204
-0.568812
-0.568656
-0.568108
-0.567638
-0.567482
-0.567169
-0.566856
-0.566229
-0.565995
-0.565760
-0.565525
-0.565055
-0.564664
-0.563881
-0.564038
-0.563490
-0.563255
-0.562707
-0.562551
-0.562081
-0.561768
-0.561064
-0.560594
-0.560359
-0.559968
-0.559655
-0.559107
-0.558950
-0.558402
-0.558011
-0.557541
-0.557072
-0.556837
-0.556446
-0.556133
-0.555585
-0.555428
-0.555037
-0.554724
-0.554254
-0.554019
-0.553784
-0.553080
-0.553158
-0.552532
-0.552297
-0.551828
-0.551280
-0.550967
-0.550810
-0.550419
-0.549949
-0.549636
-0.549401
-0.549167
-0.548775
-0.548384
-0.547992
-0.548071
-0.547445
-0.546975
-0.546505
-0.546114
-0.545723
-0.545410
-0.545097
-0.544549
-0.544470
-0.544157
-0.543609
-0.543140
-0.542827
-0.542201
-0.542357
-0.541966
-0.541653
-0.541261
-0.540713
-0.540244
-0.539852
-0.539774
-0.539539
-0.539383
-0.538913
-0.538365
-0.538287
-0.538130
-0.537583
-0.536956
-0.536722
-0.536252
-0.535861
-0.535861
-0.535391
-0.535078
-0.534843
-0.534060
-0.533826
-0.533669
-0.533121
-0.532965
-0.532573
-0.532182
-0.531243
-0.531086
-0.530773
-0.530304
-0.530069
-0.529756
-0.529599
-0.529364
-0.528660
-0.528425
-0.528112
-0.527721
-0.527251
-0.526938
-0.526781
-0.526312
-0.525842
-0.525686
-0.525294
-0.524825
-0.524825
-0.524512
-0.523964
-0.523651
-0.523572
-0.522946
-0.522477
-0.522398
-0.521772
-0.521459
-0.520833
-0.520755
-0.520520
-0.519972
-0.519502
-0.519189
-0.518798
-0.518328
-0.518093
-0.517780
-0.516998
-0.516998
-0.516606
-0.515902
-0.515667
-0.515276
-0.515197
-0.514650
-0.514650
-0.514493
-0.513789
-0.513162
-0.513319
-0.512928
-0.512145
-0.511910
-0.511675
-0.511127
-0.510736
-0.510345
-0.510110
-0.509953
-0.509484
-0.509249
-0.508701
-0.508701
-0.508231
-0.507997
-0.507684
-0.507370
-0.506823
-0.506275
-0.506040
-0.505805
-0.505492
-0.505101
-0.505022
-0.504396
-0.503927
-0.503692
-0.503300
-0.502909
-0.502518
-0.502283
-0.501970
-0.501265
-0.501187
-0.500483
-0.500326
-0.500013
-0.499857
-0.499622
-0.498917
-0.498761
-0.498213
-0.497743
-0.497430
-0.497195
-0.496726
-0.496647
-0.496100
-0.495943
-0.495395
-0.495395
-0.495004
-0.494456
-0.494299
-0.494065
-0.493752
-0.493360
-0.492812
-0.492577
-0.492108
-0.491717
-0.491638
-0.491012
-0.490777
-0.490464
-0.489916
-0.489603
-0.489290
-0.489055
-0.488507
-0.487960
-0.487568
-0.487333
-0.487177
-0.486629
-0.486394
-0.486081
-0.485768
-0.485298
-0.485064
-0.484594
-0.484516
-0.484124
-0.483498
-0.483263
-0.482794
-0.482402
-0.482089
-0.481541
-0.481541
-0.480915
-0.480759
-0.480367
-0.480054
-0.479428
-0.479115
-0.478724
-0.478411
-0.478098
-0.477393
-0.477393
-0.476767
-0.476532
-0.476141
-0.476063
-0.475593
-0.475280
-0.474654
-0.474497
-0.473793
-0.473714
-0.473401
-0.473088
-0.472697
-0.472619
-0.472149
-0.471836
-0.471366
-0.471132
-0.470427
-0.470271
-0.470271
-0.469644
-0.469331
-0.469097
-0.468783
-0.468157
-0.467609
-0.467609
-0.467140
-0.466905
-0.466592
-0.465966
-0.465496
-0.465261
-0.465340
-0.464635
-0.464400
-0.463852
-0.463461
-0.462991
-0.462757
-0.462365
-0.461817
-0.461974
-0.461583
-0.461191
-0.460956
-0.460565
-0.460096
-0.459704
-0.459313
-0.459156
-0.458687
-0.458217
-0.458060
-0.457513
-0.457200
-0.456886
-0.456652
-0.456260
-0.455556
-0.455165
-0.455243
-0.454147
-0.454225
-0.453990
-0.453599
-0.453208
-0.452816
-0.452895
-0.452503
-0.451799
-0.451486
-0.451016
-0.451094
-0.450390
-0.449920
-0.449686
-0.449373
-0.449138
-0.448825
-0.448355
-0.448198
-0.447651
-0.447259
-0.447024
-0.446790
-0.446163
-0.446007
-0.445772
-0.445303
-0.444911
-0.444598
-0.444285
-0.443815
-0.443581
-0.443346
-0.442954
-0.442563
-0.442328
-0.442093
-0.441467
-0.441232
-0.440685
-0.440215
-0.439745
-0.439354
-0.438884
-0.438884
-0.438258
-0.437867
-0.437554
-0.437006
-0.436771
-0.436615
-0.436301
-0.435988
-0.435597
-0.435441
-0.434580
-0.434658
-0.434188
-0.433719
-0.433171
-0.433249
-0.432858
-0.431918
-0.432075
-0.431449
-0.431449
-0.430979
-0.430118
-0.430196
-0.429492
-0.429335
-0.429022
-0.428631
-0.428475
-0.428161
-0.427692
-0.427457
-0.426987
-0.426596
-0.426283
-0.426126
-0.425735
-0.425187
-0.424639
-0.424483
-0.424404
-0.423857
-0.423700
-0.423309
-0.423074
-0.422526
-0.422448
-0.421900
-0.421508
-0.421274
-0.420726
-0.420256
-0.419943
-0.419630
-0.419395
-0.418926
-0.418534
-0.418221
-0.417986
-0.417517
-0.417282
-0.416891
-0.416577
-0.416186
-0.415717
-0.415638
-0.414934
-0.414621
-0.414386
-0.414229
-0.413838
-0.413525
-0.413134
-0.412977
-0.412273
-0.412116
-0.411725
-0.411099
-0.410707
-0.410394
-0.410159
-0.409846
-0.409611
-0.409220
-0.408985
-0.408516
-0.408359
-0.407968
-0.407420
-0.407029
-0.406950
-0.406324
-0.406089
-0.405541
-0.405541
-0.405228
-0.404837
-0.404602
-0.404211
-0.403663
-0.403428
-0.403037
-0.402959
-0.402411
-0.402098
-0.401785
-0.401237
-0.401158
-0.400924
-0.400063
-0.399671
-0.399123
-0.398967
-0.398732
-0.398341
-0.397949
-0.397636
-0.397245
-0.396775
-0.396697
-0.396384
-0.396149
-0.395523
-0.395523
-0.395053
-0.394897
-0.394584
-0.393958
-0.393644
-0.393331
-0.393018
-0.392470
-0.392392
-0.392157
-0.391688
-0.391218
-0.390670
-0.390435
-0.390044
-0.389809
-0.389183
-0.388870
-0.388479
-0.388087
-0.388400
-0.387852
-0.387305
-0.386913
-0.386835
-0.386522
-0.386052
-0.385583
-0.385191
-0.384957
-0.384565
-0.384330
-0.384174
-0.383704
-0.383626
-0.383078
-0.382843
-0.382608
-0.382139
-0.381826
-0.381434
-0.381121
-0.380886
-0.380339
-0.380339
-0.379791
-0.379399
-0.379243
-0.378851
-0.378460
-0.377756
-0.377599
-0.377130
-0.376895
-0.376425
-0.376112
-0.376034
-0.375486
-0.374938
-0.375016
-0.374703
-0.374390
-0.373999
-0.373607
-0.373373
-0.372903
-0.372590
-0.372277
-0.371807
-0.371729
-0.371572
-0.371103
-0.370946
-0.370477
-0.370085
-0.369694
-0.369381
-0.368833
-0.368598
-0.368363
-0.367972
-0.367737
-0.367346
-0.366954
-0.366798
-0.366563
-0.366407
-0.365702
-0.365311
-0.364763
-0.364450
-0.364215
-0.363667
-0.363589
-0.363119
-0.362806
-0.362728
-0.362258
-0.362180
-0.361554
-0.361319
-0.360615
-0.360145
-0.359910
-0.359754
-0.358971
-0.358736
-0.358501
-0.358188
-0.357719
-0.357014
-0.356858
-0.356623
-0.356310
-0.355997
-0.355762
-0.355449
-0.354901
-0.354666
-0.354353
-0.353883
-0.354040
-0.353414
-0.353179
-0.352709
-0.352318
-0.351770
-0.351692
-0.351066
-0.350987
-0.350674
-0.350126
-0.349500
-0.349344
-0.349031
-0.348952
-0.348561
-0.348170
-0.347387
-0.347309
-0.347074
-0.346683
-0.346683
-0.346056
-0.345900
-0.345822
-0.345274
-0.344726
-0.344726
-0.344413
-0.343787
-0.343395
-0.342926
-0.342847
-0.342534
-0.341986
-0.341673
-0.341438
-0.341125
-0.340969
-0.340343
-0.339951
-0.339638
-0.339325
-0.338699
-0.338699
-0.338229
-0.338073
-0.337368
-0.337525
-0.337290
-0.337055
-0.336664
-0.336508
-0.335960
-0.335725
-0.335255
-0.334786
-0.334629
-0.334003
-0.333925
-0.333377
-0.333142
-0.333142
-0.332516
-0.332203
-0.332124
-0.331655
-0.331107
-0.330794
-0.330559
-0.330246
-0.330168
-0.329463
-0.329385
-0.329072
-0.328681
-0.328367
-0.328054
-0.327741
-0.327272
-0.327037
-0.326802
-0.326332
-0.326098
-0.325785
-0.325628
-0.325002
-0.324767
-0.324141
-0.324141
-0.323750
-0.323515
-0.322967
-0.322575
-0.322575
-0.322028
-0.322028
-0.321401
-0.321167
-0.320854
-0.320227
-0.320306
-0.319366
-0.319132
-0.319053
-0.318740
-0.318505
-0.318114
-0.317331
-0.317410
-0.317018
-0.316705
-0.316549
-0.315923
-0.315766
-0.315609
-0.315296
-0.314827
-0.314592
-0.314279
-0.313731
-0.313574
-0.313105
-0.313027
-0.312713
-0.312009
-0.311774
-0.311461
-0.311070
-0.311148
-0.310444
-0.310131
-0.310052
-0.309426
-0.309191
-0.309113
-0.308800
-0.308487
-0.307939
-0.308174
-0.307704
-0.307391
-0.307000
-0.306765
-0.306139
-0.305669
-0.305513
-0.305356
-0.304808
-0.304339
-0.303869
-0.304026
-0.303478
-0.303008
-0.302930
-0.302538
-0.302147
-0.301756
-0.301364
-0.301130
-0.300425
-0.300582
-0.300112
-0.299799
-0.299173
-0.299173
-0.299095
-0.298312
-0.298077
-0.297686
-0.297529
-0.297216
-0.296668
-0.296433
-0.296120
-0.295885
-0.295572
-0.295259
-0.295025
-0.294711
-0.294320
-0.294085
-0.293850
-0.293850
-0.293224
-0.292989
-0.292520
-0.292285
-0.292050
-0.291737
-0.291502
-0.291033
-0.290641
-0.290250
-0.289780
-0.289702
-0.289233
-0.288919
-0.288606
-0.288528
-0.288372
-0.287745
-0.287902
-0.287432
-0.286884
-0.286728
-0.286180
-0.286023
-0.285789
-0.285397
-0.285006
-0.285006
-0.284380
-0.284380
-0.283832
-0.283597
-0.283284
-0.283049
-0.282423
-0.282267
-0.281797
-0.281327
-0.280936
-0.280779
-0.280310
-0.280153
-0.280075
-0.279292
-0.278979
-0.278588
-0.278431
-0.278353
-0.277649
-0.277414
-0.277414
-0.277179
-0.276553
-0.276396
-0.276005
-0.275692
-0.275222
-0.274831
-0.274753
-0.274440
-0.274205
-0.273813
-0.273344
-0.273187
-0.272952
-0.272796
-0.272561
-0.272248
-0.272326
-0.271622
-0.271465
-0.271230
-0.270683
-0.270135
-0.270291
-0.270213
-0.269822
-0.269587
-0.269195
-0.268961
-0.268491
-0.268178
-0.267943
-0.267630
-0.267082
-0.266847
-0.266613
-0.266221
-0.266221
-0.266065
-0.265908
-0.265517
-0.265204
-0.264656
-0.264499
-0.264030
-0.263717
-0.263482
-0.262934
-0.262777
-0.262621
-0.262229
-0.262073
-0.261525
-0.261368
-0.261055
-0.260508
-0.260194
-0.259803
-0.259725
-0.259333
-0.259255
-0.258864
-0.258629
-0.258394
-0.258003
-0.257768
-0.257220
-0.256907
-0.256672
-0.256516
-0.256046
-0.255733
-0.255498
-0.255342
-0.254716
-0.254794
-0.254324
-0.254011
-0.253463
-0.253072
-0.253228
-0.252915
-0.252602
-0.252133
-0.251976
-0.251585
-0.251428
-0.251428
-0.250880
-0.250254
-0.249941
-0.249863
-0.249471
-0.249315
-0.249002
-0.248532
-0.248219
-0.248297
-0.248063
-0.247671
-0.247358
-0.246732
-0.246576
-0.246184
-0.246341
-0.245793
-0.245793
-0.245167
-0.245245
-0.244775
-0.244462
-0.244149
-0.243523
-0.243366
-0.242975
-0.243210
-0.242897
-0.242584
-0.242584
-0.242114
-0.241958
-0.241566
-0.241410
-0.241175
-0.240470
-0.240314
-0.239609
-0.239140
-0.239375
-0.239140
-0.238670
-0.238592
-0.238435
-0.237888
-0.237574
-0.237261
-0.236714
-0.236714
-0.236322
-0.236009
-0.235618
-0.235539
-0.235305
-0.235070
-0.234757
-0.234444
-0.234131
-0.233818
-0.233583
-0.233270
-0.232565
-0.232487
-0.232017
-0.231861
-0.231783
-0.231391
-0.231548
-0.231000
-0.230765
-0.230530
-0.230139
-0.229669
-0.229513
-0.228965
-0.228887
-0.228573
-0.228339
-0.228339
-0.227556
-0.227478
-0.227321
-0.227086
-0.226617
-0.226538
-0.225991
-0.225834
-0.225677
-0.225521
-0.225286
-0.225051
-0.224817
-0.224582
-0.224112
-0.224034
-0.223799
-0.223095
-0.223095
-0.222938
-0.222547
-0.222077
-0.221999
-0.221921
-0.221373
-0.221138
-0.220668
-0.220277
-0.220277
-0.219964
-0.219651
-0.219338
-0.219416
-0.219025
-0.218946
-0.218477
-0.218085
-0.218007
-0.217850
-0.217537
-0.217068
-0.216598
-0.216676
-0.216285
-0.216285
-0.216050
-0.215815
-0.215346
-0.214876
-0.214798
-0.214955
-0.214407
-0.214094
-0.213859
-0.213389
-0.213702
-0.213076
-0.213076
-0.212841
-0.212215
-0.212137
-0.211824
-0.211667
-0.211589
-0.211276
-0.211041
-0.210493
-0.210258
-0.210337
-0.209789
-0.209554
-0.209241
-0.209006
-0.208536
-0.208302
-0.208223
-0.207910
-0.207519
-0.207362
-0.207441
-0.207049
-0.206736
-0.206423
-0.206188
-0.206110
-0.205562
-0.205719
-0.205249
-0.205171
-0.205093
-0.204701
-0.204466
-0.204310
-0.204232
-0.203840
-0.203684
-0.203527
-0.203371
-0.202901
-0.202666
-0.202588
-0.202353
-0.202040
-0.201805
-0.201649
-0.201101
-0.201414
-0.201101
-0.200709
-0.200240
-0.199927
-0.200083
-0.199457
-0.199222
-0.199066
-0.198753
-0.198205
-0.198048
-0.198205
-0.197579
-0.197500
-0.197187
-0.197031
-0.196874
-0.196561
-0.196561
-0.196326
-0.196091
-0.195700
-0.195387
-0.195309
-0.194996
-0.195152
-0.194761
-0.194604
-0.194291
-0.194135
-0.193743
-0.193978
-0.193509
-0.193274
-0.193039
-0.192961
-0.192569
-0.192335
-0.192256
-0.191943
-0.192021
-0.191552
-0.191239
-0.191082
-0.190847
-0.190847
-0.190613
-0.190456
-0.190691
-0.190065
-0.189439
-0.189439
-0.189282
-0.188891
-0.188734
-0.188578
-0.188421
-0.188343
-0.187951
-0.187873
-0.187482
-0.187169
-0.187325
-0.186934
-0.186777
-0.186464
-0.186621
-0.186151
-0.186073
-0.185995
-0.185603
-0.185447
-0.185290
-0.185055
-0.184821
-0.184508
-0.184586
-0.184508
-0.184273
-0.184273
-0.184273
-0.183647
-0.183412
-0.183334
-0.183099
-0.182864
-0.182864
-0.182629
-0.182473
-0.182159
-0.182238
-0.182159
-0.181925
-0.181846
-0.182081
-0.181455
-0.181299
-0.180907
-0.181377
-0.180985
-0.181064
-0.180516
-0.180359
-0.180281
-0.180046
-0.179733
-0.179811
-0.180046
-0.179498
-0.179342
-0.178716
-0.178794
-0.178637
-0.178637
-0.178246
-0.178794
-0.178637
-0.178559
-0.178246
-0.177933
-0.177855
-0.177463
-0.177228
-0.177072
-0.176994
-0.176759
-0.176759
-0.176759
-0.176759
-0.176289
-0.176211
-0.175898
-0.175898
-0.175663
-0.175428
-0.175272
-0.175115
-0.174802
-0.175193
-0.174880
-0.174802
-0.174567
-0.174411
-0.174098
-0.174019
-0.173863
-0.173315
-0.173472
-0.173158
-0.173315
-0.173315
-0.173002
-0.172611
-0.172532
-0.172219
-0.171828
-0.171750
-0.171358
-0.171437
-0.171358
-0.171437
-0.171515
-0.171123
-0.170889
-0.170967
-0.170732
-0.170262
-0.170106
-0.170028
-0.169949
-0.169636
-0.169871
-0.169715
-0.169715
-0.169167
-0.169088
-0.168854
-0.168697
-0.168462
-0.168462
-0.168306
-0.168306
-0.168384
-0.168384
-0.168149
-0.168149
-0.167680
-0.167445
-0.167680
-0.167210
-0.166975
-0.167132
-0.167132
-0.166740
-0.166975
-0.166740
-0.166427
-0.166114
-0.165645
-0.165566
-0.165645
-0.165175
-0.165331
-0.165175
-0.165410
-0.165410
-0.165097
-0.164862
-0.164862
-0.164705
-0.164705
-0.164470
-0.164314
-0.164236
-0.164236
-0.164157
-0.164157
-0.163766
-0.163610
-0.163140
-0.163140
-0.163218
-0.163218
-0.162905
-0.162983
-0.162670
-0.162592
-0.162749
-0.162592
-0.162749
-0.162435
-0.161888
-0.161731
-0.161809
-0.161653
-0.161496
-0.161575
-0.161653
-0.161418
-0.161261
-0.161027
-0.160400
-0.160635
-0.160792
-0.160557
-0.160087
-0.160244
-0.160087
-0.160009
-0.159853
-0.159696
-0.159539
-0.158835
-0.158992
-0.158679
-0.158757
-0.158600
-0.158444
-0.158365
-0.158444
-0.158444
-0.158287
-0.158131
-0.158131
-0.157818
-0.157504
-0.157426
-0.157270
-0.157270
-0.157113
-0.157348
-0.157270
-0.156800
-0.156957
-0.156957
-0.156800
-0.156487
-0.156096
-0.156252
-0.156252
-0.155548
-0.155939
-0.155861
-0.155626
-0.155235
-0.155156
-0.155391
-0.155156
-0.154687
-0.154530
-0.154530
-0.154217
-0.154374
-0.154217
-0.154217
-0.153904
-0.153904
-0.153748
-0.153356
-0.153356
-0.153356
-0.153121
-0.152887
-0.153121
-0.153043
-0.152730
-0.152652
-0.152339
-0.152026
-0.152104
-0.151478
-0.151634
-0.151478
-0.151165
-0.151321
-0.150930
-0.150930
-0.150695
-0.150538
-0.150460
-0.150069
-0.150069
-0.149443
-0.149756
-0.149521
-0.149286
-0.148973
-0.149051
-0.148738
-0.148582
-0.148503
-0.148190
-0.148034
-0.147877
-0.147721
-0.147642
-0.147486
-0.147329
-0.146938
-0.146547
-0.146234
-0.146234
-0.146234
-0.145921
-0.145764
-0.145764
-0.145216
-0.144903
-0.144981
-0.145060
-0.144590
-0.144199
-0.144277
-0.143964
-0.143729
-0.143964
-0.143338
-0.143103
-0.142790
-0.142946
-0.142711
-0.142320
-0.141929
-0.142007
-0.141459
-0.141537
-0.141146
-0.140911
-0.140363
-0.140598
-0.140363
-0.139816
-0.139972
-0.139502
-0.139189
-0.139033
-0.138876
-0.138641
-0.138328
-0.137780
-0.137780
-0.137624
-0.137311
-0.137076
-0.136606
-0.136606
-0.136293
-0.135980
-0.135745
-0.135354
-0.134963
-0.134728
-0.134650
-0.134728
-0.134102
-0.133397
-0.133319
-0.133241
-0.132693
-0.132145
-0.132067
-0.131910
-0.131441
-0.131128
-0.131128
-0.130736
-0.130501
-0.130032
-0.129484
-0.129327
-0.128779
-0.128466
-0.128153
-0.127919
-0.127684
-0.127371
-0.126744
-0.126666
-0.126353
-0.125727
-0.125492
-0.125414
-0.124788
-0.124240
-0.124162
-0.123770
-0.123535
-0.123144
-0.123066
-0.122205
-0.122048
-0.121892
-0.121109
-0.120796
-0.120405
-0.120092
-0.119700
-0.119152
-0.118839
-0.118448
-0.117587
-0.117430
-0.116804
-0.116569
-0.116021
-0.115865
-0.115552
-0.115082
-0.114847
-0.114378
-0.113986
-0.113439
-0.113047
-0.112891
-0.112421
-0.111951
-0.111404
-0.111090
-0.110230
-0.110151
-0.109603
-0.108977
-0.108586
-0.108116
-0.107803
-0.107568
-0.106864
-0.106707
-0.106238
-0.105612
-0.105220
-0.104829
-0.104516
-0.103968
-0.103577
-0.103029
-0.102559
-0.102246
-0.102011
-0.101463
-0.100837
-0.099820
-0.099585
-0.099428
-0.098724
-0.098646
-0.097785
-0.097315
-0.096924
-0.096532
-0.095984
-0.095515
-0.094810
-0.094419
-0.094106
-0.093480
-0.092932
-0.092149
-0.091680
-0.091523
-0.090975
-0.090662
-0.089645
-0.089175
-0.088627
-0.088236
-0.087923
-0.087296
-0.086983
-0.086279
-0.085966
-0.085105
-0.084792
-0.084166
-0.083618
-0.083305
-0.083070
-0.082287
-0.081818
-0.081191
-0.080487
-0.079861
-0.079313
-0.078609
-0.077904
-0.077826
-0.077200
-0.076417
-0.075947
-0.075478
-0.074773
-0.074069
-0.073756
-0.073051
-0.072660
-0.072425
-0.071721
-0.071329
-0.070390
-0.069608
-0.068981
-0.068668
-0.067964
-0.067651
-0.066790
-0.066320
-0.066085
-0.065616
-0.065224
-0.064442
-0.063581
-0.063033
-0.062485
-0.062015
-0.061311
-0.060998
-0.060450
-0.060137
-0.059276
-0.058571
-0.058337
-0.057554
-0.056928
-0.056458
-0.056223
-0.055284
-0.054736
-0.054423
-0.054188
-0.053406
-0.053014
-0.052153
-0.051605
-0.050823
-0.050040
-0.049414
-0.048944
-0.048709
-0.048396
-0.047614
-0.046988
-0.046440
-0.045579
-0.044874
-0.044561
-0.043778
-0.043309
-0.042761
-0.042448
-0.042135
-0.041274
-0.040648
-0.039474
-0.038769
-0.037908
-0.037830
-0.037047
-0.036891
-0.036108
-0.035951
-0.035325
-0.034699
-0.033916
-0.032977
-0.032351
-0.031725
-0.031177
-0.030629
-0.030003
-0.029690
-0.028907
-0.028046
-0.027655
-0.026716
-0.026481
-0.025463
-0.024915
-0.024211
-0.024211
-0.023820
-0.023272
-0.022254
-0.021550
-0.021002
-0.020219
-0.019828
-0.019045
-0.018497
-0.018106
-0.017636
-0.017402
-0.016775
-0.015758
-0.014897
-0.014349
-0.013801
-0.013253
-0.012784
-0.012314
-0.011766
-0.011531
-0.010827
-0.010122
-0.009183
-0.008635
-0.007853
-0.007383
-0.006835
-0.006522
-0.006052
-0.005661
-0.005035
-0.004330
-0.003470
-0.002843
-0.002765
-0.002061
-0.001669
-0.001200
-0.000887
-0.000574
0.000131
0.000522
0.001383
0.002009
0.002636
0.002870
0.003418
0.003966
0.004436
0.004905
0.005453
0.006001
0.006706
0.007332
0.007958
0.008506
0.008975
0.009836
0.010228
0.010541
0.011010
0.011480
0.012498
0.013280
0.013515
0.014298
0.014767
0.015159
0.015550
0.016098
0.016646
0.017037
0.017663
0.018837
0.019307
0.019777
0.020481
0.020794
0.021499
0.021577
0.022360
0.022751
0.023534
0.024160
0.024864
0.025490
0.026038
0.026586
0.027212
0.027369
0.027290
0.028308
0.029091
0.029560
0.029873
0.030500
0.030969
0.031595
0.032143
0.032535
0.032926
0.033552
0.034413
0.035039
0.035352
0.036057
0.036213
0.036761
0.037309
0.037779
0.037779
0.038483
0.039422
0.040362
0.040909
0.041614
0.042083
0.042240
0.042788
0.043023
0.043649
0.044040
0.044666
0.045527
0.045919
0.046310
0.046936
0.047249
0.048032
0.048502
0.048893
0.049363
0.049754
0.050928
0.051319
0.051867
0.052259
0.052650
0.053120
0.053746
0.053902
0.054137
0.054607
0.055859
0.056250
0.056485
0.056720
0.057581
0.058129
0.058442
0.058990
0.059381
0.059694
0.060477
0.061103
0.061573
0.062042
0.062747
0.063216
0.063764
0.063842
0.064234
0.064860
0.065643
0.066425
0.066817
0.067052
0.067521
0.067991
0.068773
0.069087
0.069321
0.069948
0.070574
0.071513
0.071748
0.071904
0.072452
0.073157
0.073391
0.073939
0.074252
0.074957
0.075896
0.076287
0.076444
0.076679
0.077227
0.077618
0.078322
0.078714
0.079262
0.079888
0.080201
0.080905
0.081453
0.081845
0.082079
0.082862
0.083566
0.083958
0.083958
0.084427
0.085210
0.085601
0.086462
0.086462
0.087089
0.087558
0.088106
0.088732
0.088967
0.089437
0.090063
0.090767
0.091237
0.091472
0.092020
0.092333
0.093037
0.093585
0.093742
0.093820
0.094837
0.095307
0.095855
0.096324
0.096559
0.097264
0.097733
0.098125
0.098359
0.098751
0.099299
0.100003
0.100551
0.100473
0.101412
0.101882
0.102273
0.102899
0.103369
0.103760
0.104308
0.104778
0.105325
0.105325
0.106108
0.106343
0.106891
0.107282
0.107908
0.108456
0.109082
0.109552
0.109865
0.110335
0.110804
0.111196
0.111744
0.112213
0.112605
0.113152
0.113700
0.113779
0.114248
0.114796
0.115109
0.115501
0.116048
0.116675
0.117144
0.117379
0.118005
0.118475
0.118710
0.119023
0.119805
0.120275
0.120823
0.121527
0.121919
0.122075
0.122780
0.123171
0.123484
0.123641
0.123954
0.124580
0.125128
0.125754
0.125910
0.126537
0.127006
0.127241
0.127476
0.127632
0.128102
0.128493
0.129198
0.129980
0.130372
0.130685
0.131389
0.131781
0.131937
0.132563
0.132563
0.133033
0.133503
0.133816
0.134364
0.134442
0.135459
0.135772
0.136242
0.136555
0.136790
0.137181
0.137807
0.138434
0.138903
0.139295
0.139451
0.139842
0.140469
0.140782
0.140938
0.141486
0.142347
0.142973
0.142973
0.143678
0.144069
0.144304
0.144695
0.145243
0.145478
0.146026
0.146495
0.147043
0.147513
0.147826
0.148139
0.148609
0.148765
0.149313
0.149548
0.150096
0.150487
0.151270
0.151661
0.151896
0.152209
0.152679
0.152992
0.153148
0.153618
0.153853
0.154401
0.155105
0.155418
0.155809
0.156044
0.156827
0.156905
0.157140
0.157375
0.157766
0.158236
0.158862
0.159175
0.159566
0.160506
0.160897
0.161054
0.161132
0.161680
0.162071
0.162854
0.163402
0.163636
0.163950
0.164341
0.165045
0.165045
0.165280
0.165671
0.166454
0.166924
0.167393
0.167628
0.167941
0.168411
0.168881
0.168959
0.169272
0.169663
0.170055
0.170837
0.171385
0.171463
0.171777
0.172168
0.172794
0.173185
0.173342
0.173655
0.174281
0.174907
0.175377
0.175612
0.175925
0.176238
0.176473
0.177021
0.177412
0.177647
0.178038
0.178508
0.178899
0.179604
0.180073
0.180621
0.180856
0.181091
0.181247
0.181560
0.182343
0.182734
0.183360
0.183517
0.183752
0.184613
0.184613
0.184848
0.185082
0.185787
0.186100
0.186804
0.187117
0.187430
0.187822
0.188213
0.188761
0.188839
0.188918
0.189544
0.190248
0.190405
0.190718
0.191344
0.191735
0.192361
0.192675
0.192988
0.193066
0.193614
0.194083
0.194240
0.194788
0.195179
0.195571
0.195962
0.196432
0.196666
0.196901
0.197684
0.198075
0.198388
0.198467
0.199328
0.199797
0.200580
0.200658
0.200893
0.201363
0.201989
0.202380
0.202693
0.203241
0.203476
0.203867
0.204024
0.204415
0.205041
0.205041
0.205746
0.206528
0.206841
0.207154
0.207468
0.207859
0.208172
0.208407
0.208798
0.209111
0.209737
0.210129
0.210520
0.210833
0.211146
0.211851
0.212164
0.212320
0.212868
0.213416
0.213260
0.213886
0.214120
0.214590
0.214981
0.215451
0.215921
0.216077
0.216312
0.216625
0.217251
0.217721
0.217877
0.218347
0.218738
0.219208
0.219599
0.219834
0.220147
0.220773
0.221087
0.221634
0.221869
0.222182
0.222574
0.222965
0.223200
0.223826
0.224217
0.224530
0.225157
0.225548
0.225704
0.226096
0.226252
0.226957
0.227192
0.227818
0.228053
0.227974
0.228600
0.228992
0.229618
0.229853
0.230166
0.230557
0.231027
0.231653
0.231731
0.232123
0.232670
0.232749
0.233062
0.233610
0.234079
0.234784
0.234705
0.235175
0.235801
0.236036
0.236349
0.236584
0.237054
0.237445
0.237993
0.238149
0.238697
0.239010
0.239323
0.240028
0.240028
0.240576
0.240967
0.241671
0.241671
0.242532
0.242767
0.242846
0.243550
0.243628
0.243706
0.244098
0.244567
0.245272
0.245741
0.245663
0.246211
0.246916
0.246837
0.247072
0.247385
0.247777
0.247933
0.248246
0.248872
0.248951
0.249420
0.249890
0.250359
0.250359
0.250829
0.251220
0.251690
0.251690
0.252394
0.252864
0.252864
0.253490
0.253725
0.253960
0.254586
0.254821
0.254821
0.255212
0.255838
0.256308
0.256464
0.256621
0.257169
0.257404
0.257795
0.258265
0.258891
0.259439
0.259674
0.260143
0.260300
0.260769
0.261004
0.261552
0.261630
0.262100
0.262569
0.263117
0.263430
0.263430
0.264135
0.264370
0.264761
0.265309
0.265152
0.265622
0.266013
0.266640
0.266953
0.267187
0.267735
0.267814
0.268440
0.268596
0.268909
0.269536
0.269849
0.270083
0.270553
0.270710
0.270866
0.271257
0.271571
0.271884
0.272353
0.272823
0.273136
0.273449
0.273840
0.274153
0.274310
0.274623
0.275014
0.275093
0.275797
0.276502
0.276658
0.276736
0.277284
0.277362
0.277754
0.277910
0.278145
0.278302
0.279084
0.279867
0.280337
0.280572
0.280963
0.281119
0.281511
0.281667
0.282059
0.282372
0.282920
0.283389
0.283781
0.284250
0.284407
0.284798
0.285033
0.285346
0.285659
0.285894
0.286833
0.287224
0.287538
0.288085
0.288477
0.288633
0.288868
0.289181
0.289651
0.289886
0.290590
0.290747
0.291451
0.291608
0.291764
0.292155
0.292390
0.292625
0.293721
0.293877
0.293877
0.294504
0.295051
0.295365
0.295756
0.295834
0.296147
0.296460
0.297086
0.297634
0.297634
0.298182
0.298574
0.298965
0.298965
0.299356
0.299904
0.300530
0.300452
0.300922
0.301391
0.301783
0.302487
0.302487
0.302644
0.302878
0.303270
0.303739
0.304131
0.304366
0.305070
0.305305
0.305383
0.305853
0.306166
0.306479
0.307027
0.307262
0.307888
0.308201
0.308514
0.308670
0.308905
0.309218
0.309688
0.309766
0.310392
0.311019
0.311097
0.311645
0.312036
0.312349
0.313054
0.312897
0.313445
0.313680
0.313836
0.314306
0.314775
0.315089
0.315636
0.315871
0.316419
0.316497
0.317124
0.317515
0.317828
0.318219
0.318767
0.318845
0.319472
0.319628
0.320020
0.320411
0.320880
0.321115
0.321585
0.321976
0.322289
0.322681
0.322994
0.323229
0.323620
0.323620
0.324403
0.324637
0.325029
0.325577
0.325811
0.326203
0.326438
0.326516
0.327064
0.327377
0.327847
0.328238
0.328786
0.329021
0.329021
0.329568
0.329882
0.330508
0.330664
0.330821
0.331447
0.331995
0.332073
0.332464
0.332699
0.333169
0.333638
0.333560
0.334265
0.334499
0.334734
0.334969
0.335204
0.335987
0.336143
0.336456
0.336534
0.337161
0.337395
0.337709
0.338022
0.338569
0.338491
0.338961
0.339352
0.339509
0.339978
0.340370
0.340526
0.340996
0.341152
0.341465
0.342248
0.342483
0.343109
0.343187
0.343500
0.343500
0.344127
0.344518
0.344675
0.344988
0.345457
0.345614
0.345849
0.346318
0.346475
0.347023
0.347179
0.347492
0.347727
0.348040
0.348979
0.348979
0.349684
0.349762
0.349606
0.350153
0.350310
0.350780
0.351014
0.351327
0.351875
0.352110
0.352345
0.352893
0.353362
0.353362
0.353441
0.353754
0.354380
0.355006
0.355163
0.355319
0.355319
0.355867
0.356337
0.356650
0.357041
0.357432
0.357667
0.358137
0.358685
0.358763
0.359076
0.359389
0.359702
0.359859
0.360250
0.361033
0.361503
0.361737
0.362050
0.362520
0.362990
0.362990
0.363068
0.363616
0.363851
0.364242
0.365259
0.365259
0.365494
0.365729
0.365807
0.366042
0.366355
0.366747
0.367294
0.367686
0.367764
0.368703
0.368625
0.368938
0.369329
0.369721
0.369877
0.370425
0.370817
0.370817
0.371051
0.371443
0.371834
0.371912
0.372225
0.372460
0.372930
0.373321
0.373556
0.374104
0.374260
0.374808
0.375200
0.375200
0.375356
0.375669
0.376061
0.376609
0.377078
0.377313
0.377548
0.378252
0.378487
0.378644
0.379035
0.379505
0.379974
0.380209
0.380679
0.380835
0.381305
0.381461
0.381931
0.382087
0.382322
0.382792
0.383262
0.383262
0.384044
0.384201
0.384514
0.384670
0.384983
0.385531
0.386001
0.386236
0.386549
0.387097
0.387332
0.387645
0.387801
0.388036
0.388349
0.388740
0.389053
0.389053
0.389523
0.390384
0.390541
0.391088
0.391167
0.391558
0.391871
0.392184
0.392419
0.392967
0.393358
0.393437
0.393984
0.394141
0.394532
0.394611
0.395002
0.395706
0.396019
0.396646
0.396802
0.397115
0.397037
0.397428
0.398055
0.398446
0.398759
0.398915
0.399307
0.399698
0.399933
0.400559
0.401107
0.401029
0.401342
0.402046
0.402281
0.403064
0.403299
0.403612
0.404081
0.404473
0.404316
0.405099
0.405021
0.405412
0.406116
0.406273
0.406977
0.406977
0.407134
0.407760
0.407682
0.408308
0.408464
0.408777
0.409169
0.409404
0.409560
0.410030
0.410499
0.410734
0.411047
0.411204
0.411595
0.412065
0.412300
0.413317
0.413317
0.413708
0.413865
0.414100
0.414491
0.414648
0.415196
0.415117
0.415743
0.415822
0.416370
0.416761
0.417074
0.416996
0.417622
0.417935
0.418405
0.418718
0.419187
0.419344
0.419814
0.420048
0.420205
0.420753
0.420988
0.421301
0.421692
0.422083
0.422162
0.422631
0.422944
0.423414
0.423570
0.423727
0.424275
0.424666
0.425136
0.425371
0.425762
0.425762
0.426153
0.426623
0.426936
0.427171
0.427484
0.428032
0.428110
0.428501
0.428815
0.429128
0.429206
0.429441
0.429754
0.430145
0.430536
0.431006
0.431397
0.431476
0.431789
0.432102
0.432102
0.432963
0.432963
0.433198
0.433276
0.433746
0.434059
0.434607
0.434998
0.435154
0.435624
0.435859
0.435859
0.436094
0.436407
0.436720
0.437111
0.437502
0.437737
0.438129
0.438598
0.438833
0.438911
0.439459
0.440007
0.440320
0.440477
0.441103
0.441181
0.441416
0.441964
0.442277
0.442433
0.443138
0.443608
0.443529
0.443842
0.444077
0.444312
0.444625
0.445173
0.445408
0.445329
0.446034
0.446112
0.446660
0.446817
0.447051
0.447286
0.447443
0.447834
0.448225
0.448539
0.448852
0.449243
0.449713
0.449947
0.450104
0.450417
0.450574
0.450965
0.450887
0.451826
0.451982
0.452217
0.452530
0.452765
0.453000
0.453548
0.453391
0.454017
0.454096
0.454487
0.454957
0.455270
0.455583
0.455818
0.456052
0.456522
0.456835
0.457540
0.457853
0.458009
0.458322
0.458557
0.458635
0.458870
0.459183
0.459496
0.460122
0.460357
0.460905
0.460983
0.461610
0.461531
0.461923
0.462079
0.462236
0.462471
0.463097
0.463410
0.463645
0.464271
0.464349
0.464349
0.464975
0.465053
0.465523
0.465914
0.466541
0.466854
0.467010
0.467402
0.467793
0.468028
0.468419
0.468576
0.469045
0.469358
0.469437
0.469984
0.470298
0.470376
0.470767
0.471080
0.471315
0.471863
0.472411
0.472880
0.473037
0.472880
0.473741
0.473898
0.473898
0.474446
0.475072
0.475307
0.475776
0.476324
0.476403
0.476559
0.476637
0.476872
0.477264
0.477498
0.478046
0.478281
0.478594
0.478907
0.479455
0.479533
0.479846
0.480081
0.480786
0.481177
0.481803
0.481803
0.482038
0.482429
0.482586
0.483056
0.483056
0.483603
0.483838
0.484543
0.484777
0.485169
0.485325
0.485560
0.485795
0.485873
0.485873
0.486734
0.487204
0.487517
0.487908
0.487987
0.488534
0.488456
0.488847
0.489317
0.489865
0.489787
0.490178
0.490882
0.491117
0.491352
0.491196
0.491509
0.491743
0.492213
0.492526
0.492761
0.493152
0.493700
0.494013
0.494092
0.494483
0.494874
0.495187
0.495579
0.495970
0.496205
0.496518
0.496831
0.497144
0.497535
0.497614
0.498005
0.498005
0.498788
0.499101
0.499023
0.499805
0.500118
0.500118
0.500823
0.500979
0.501292
0.501605
0.502075
0.502232
0.502623
0.502545
0.502936
0.503249
0.503562
0.503797
0.504267
0.504580
0.504815
0.504893
0.505441
0.505832
0.506458
0.506145
0.506693
0.506928
0.507319
0.507554
0.507945
0.508180
0.508571
0.508650
0.509198
0.509276
0.509746
0.509824
0.510137
0.510215
0.510763
0.511076
0.511467
0.512094
0.511859
0.512563
0.512328
0.512955
0.513033
0.513346
0.513659
0.514050
0.514285
0.514442
0.514990
0.515224
0.515459
0.515851
0.515772
0.516477
0.516712
0.517025
0.517338
0.517729
0.517886
0.518042
0.518512
0.518747
0.518825
0.519529
0.520077
0.520077
0.520703
0.520860
0.520782
0.521095
0.521251
0.522112
0.522660
0.522973
0.523051
0.523443
0.523756
0.524069
0.524225
0.524538
0.524930
0.525165
0.525556
0.525869
0.526182
0.526417
0.526808
0.526965
0.527278
0.527591
0.528217
0.528609
0.528765
0.529156
0.529313
0.529548
0.529939
0.530096
0.530330
0.530487
0.531191
0.531505
0.531348
0.532131
0.532287
0.532365
0.532444
0.533226
0.533461
0.533774
0.534087
0.534322
0.534635
0.534870
0.535105
0.535340
0.535653
0.535966
0.536592
0.536905
0.537140
0.537375
0.537610
0.537766
0.538392
0.538471
0.538627
0.539097
0.539488
0.539879
0.540114
0.540506
0.540584
0.540740
0.541288
0.541680
0.542227
0.542932
0.542775
0.543245
0.543636
0.543871
0.543949
0.544341
0.544732
0.545202
0.545593
0.545671
0.545984
0.546219
0.546063
0.546297
0.547002
0.547315
0.547785
0.548411
0.548567
0.548802
0.549037
0.549350
0.549428
0.549585
0.550133
0.550759
0.551385
0.551463
0.551855
0.551776
0.551776
0.552168
0.552403
0.552794
0.553264
0.553577
0.553811
0.554359
0.554281
0.554751
0.554516
0.555064
0.555455
0.555768
0.556551
0.556864
0.557020
0.557099
0.557334
0.557490
0.557647
0.558038
0.558586
0.559212
0.559369
0.559212
0.559995
0.559995
0.560621
0.560856
0.561325
0.561560
0.562108
0.562578
0.562734
0.563126
0.563517
0.563673
0.563752
0.564456
0.564613
0.564847
0.565317
0.565474
0.565943
0.565943
0.566178
0.566569
0.567039
0.567196
0.567822
0.567978
0.568213
0.568917
0.569074
0.569074
0.569074
0.569778
0.569935
0.570405
0.570952
0.571344
0.571500
0.571579
0.571970
0.571970
0.572440
0.572987
0.573379
0.573848
0.573848
0.574240
0.574240
0.574240
0.574709
0.575179
0.575414
0.576118
0.576275
0.576510
0.576901
0.577449
0.577605
0.577527
0.577762
0.578153
0.578623
0.579014
0.579327
0.579562
0.579875
0.580188
0.580267
0.580267
0.580736
0.581284
0.581832
0.581910
0.582302
0.582928
0.582849
0.582928
0.583554
0.583945
0.584337
0.584806
0.585041
0.585119
0.585511
0.585745
0.585980
0.586293
0.586685
0.586998
0.586920
0.587389
0.587624
0.587859
0.588172
0.588328
0.588641
0.589111
0.589424
0.589816
0.590129
0.590990
0.590755
0.591459
0.591616
0.592007
0.592398
0.592555
0.592790
0.593259
0.593338
0.593416
0.593886
0.594042
0.594277
0.594590
0.595216
0.595764
0.595607
0.595921
0.596468
0.596860
0.596703
0.597095
0.597721
0.597956
0.598347
0.598738
0.599051
0.599286
0.599443
0.599677
0.599834
0.600225
0.600538
0.600538
0.601243
0.601556
0.601947
0.602182
0.602495
0.603043
0.603356
0.603748
0.603904
0.604217
0.604530
0.604687
0.605000
0.605469
0.605469
0.606017
0.606487
0.606722
0.606644
0.607035
0.607504
0.607583
0.608131
0.608444
0.608679
0.608913
0.608913
0.609461
0.609461
0.609931
0.610166
0.610792
0.610870
0.611418
0.611966
0.612122
0.612357
0.612592
0.612827
0.613296
0.613375
0.613688
0.613844
0.614314
0.614627
0.615018
0.615018
0.615331
0.615566
0.616036
0.616506
0.616662
0.617210
0.617210
0.617680
0.617836
0.618071
0.618227
0.619088
0.619088
0.619480
0.619793
0.619949
0.619949
0.620184
0.620576
0.620889
0.621437
0.621906
0.622376
0.622297
0.622689
0.622924
0.623002
0.623237
0.623550
0.623941
0.624489
0.624567
0.625193
0.625585
0.625663
0.625820
0.625898
0.626524
0.627228
0.627698
0.627933
0.627698
0.628403
0.628168
0.628637
0.628559
0.629029
0.629263
0.629655
0.629890
0.630124
0.630281
0.630594
0.630672
0.630907
0.631298
0.631925
0.632551
0.632942
0.633177
0.633412
0.633725
0.633803
0.633725
0.634038
0.634742
0.635290
0.635603
0.635838
0.636229
0.636621
0.636621
0.636934
0.637247
0.637795
0.638108
0.638421
0.638656
0.639282
0.639282
0.639517
0.639517
0.639830
0.640534
0.640926
0.641239
0.641474
0.641708
0.641708
0.641943
0.642100
0.642726
0.643196
0.643430
0.644135
0.644135
0.644291
0.644291
0.644604
0.644917
0.645309
0.646091
0.646483
0.646561
0.646874
0.646718
0.647031
0.647187
0.647500
0.647970
0.648440
0.648987
0.648753
0.649222
0.649614
0.649614
0.649692
0.650318
0.650396
0.651101
0.651101
0.651492
0.651962
0.652275
0.652275
0.652588
0.652979
0.653214
0.653605
0.654153
0.654310
0.654701
0.654779
0.655014
0.654936
0.655249
0.655719
0.656110
0.656188
0.656736
0.657441
0.657128
0.657049
0.657441
0.657675
0.658223
0.658771
0.659006
0.659241
0.659319
0.659789
0.660024
0.660102
0.660728
0.660728
0.661824
0.661980
0.662450
0.662528
0.662763
0.662841
0.663076
0.663154
0.663467
0.664172
0.664407
0.664485
0.664798
0.665189
0.665268
0.665268
0.665815
0.665972
0.666755
0.666990
0.667459
0.667616
0.667929
0.668164
0.668555
0.668790
0.668946
0.669572
0.669729
0.670120
0.670590
0.670512
0.670903
0.671138
0.671607
0.672155
0.672390
0.672625
0.673016
0.673329
0.673642
0.673564
0.673799
0.674034
0.674738
0.674895
0.674895
0.675599
0.675677
0.675912
0.675991
0.676382
0.676538
0.677008
0.677243
0.677478
0.677712
0.678026
0.678652
0.678887
0.678887
0.679513
0.680374
0.679982
0.680374
0.680843
0.681000
0.681704
0.682096
0.682174
0.682487
0.682800
0.683035
0.683113
0.683270
0.683896
0.684365
0.684600
0.684600
0.684913
0.685148
0.685931
0.686087
0.686087
0.686870
0.686948
0.687105
0.687183
0.687731
0.688044
0.688357
0.688514
0.688827
0.688905
0.689218
0.689375
0.689766
0.690314
0.690470
0.690705
0.690784
0.691097
0.691410
0.691723
0.691958
0.692271
0.692819
0.693366
0.693210
0.693445
0.694071
0.694306
0.694540
0.694932
0.695167
0.695167
0.695636
0.695715
0.695793
0.696341
0.696967
0.697515
0.697436
0.697593
0.697906
0.698141
0.698532
0.698611
0.699080
0.699471
0.699706
0.699785
0.700332
0.700646
0.700802
0.701193
0.701428
0.701507
0.702289
0.702446
0.702602
0.702681
0.703150
0.703463
0.703698
0.704011
0.704089
0.704559
0.704872
0.705029
0.705498
0.706203
0.706203
0.706124
0.706437
0.706829
0.707690
0.707846
0.707846
0.708238
0.708707
0.708786
0.708864
0.709099
0.709333
0.709960
0.710273
0.710273
0.710586
0.711134
0.710977
0.711212
0.711760
0.712308
0.712856
0.713012
0.713169
0.713482
0.713638
0.713873
0.714030
0.714108
0.714734
0.715282
0.715439
0.715673
0.715986
0.716378
0.716299
0.716691
0.717160
0.717395
0.718021
0.718178
0.718178
0.718569
0.718804
0.718882
0.718882
0.719430
0.719978
0.720604
0.720839
0.720917
0.721622
0.721935
0.721700
0.722170
0.722483
0.723344
0.723892
0.724048
0.724440
0.724674
0.724909
0.724909
0.725379
0.725614
0.726396
0.726631
0.726944
0.727179
0.727570
0.727883
0.727883
0.728196
0.728744
0.729292
0.729449
0.729918
0.729997
0.730232
0.730310
0.730466
0.730701
0.731327
0.731875
0.732423
0.732501
0.733049
0.733284
0.733754
0.733988
0.734223
0.734693
0.735084
0.735632
0.735632
0.736023
0.736102
0.736571
0.736728
0.737198
0.737902
0.737980
0.738606
0.738998
0.738998
0.739154
0.738998
0.739937
0.739702
0.740563
0.740798
0.741268
0.741894
0.742050
0.742129
0.742442
0.742755
0.743381
0.744085
0.744398
0.744790
0.744946
0.744868
0.745338
0.745729
0.745964
0.746277
0.746903
0.747216
0.747373
0.747764
0.748312
0.747999
0.748312
0.748781
0.749564
0.749799
0.750269
0.750582
0.750895
0.750973
0.751286
0.751364
0.751912
0.752382
0.752930
0.753008
0.753478
0.753634
0.753791
0.754260
0.754573
0.755200
0.755356
0.755278
0.755434
0.755513
0.755747
0.755669
0.755669
0.755513
0.755356
0.755200
0.755356
0.755200
0.755043
0.754652
0.754573
0.754339
0.754339
0.754339
0.753947
0.753947
0.753478
0.753478
0.753086
0.752851
0.752382
0.751991
0.751677
0.751599
0.751130
0.750973
0.750425
0.750269
0.749642
0.749721
0.749251
0.748938
0.748781
0.748625
0.748077
0.747686
0.747373
0.747138
0.746668
0.746668
0.746042
0.745885
0.745651
0.745103
0.745181
0.744790
0.744320
0.744085
0.743303
0.743459
0.743068
0.742598
0.742129
0.741815
0.741502
0.741033
0.740328
0.740015
0.739780
0.739467
0.739233
0.738606
0.738372
0.738137
0.737432
0.737276
0.736806
0.736728
0.736102
0.736102
0.735397
0.734849
0.734536
0.733754
0.733519
0.733597
0.733049
0.732580
0.732188
0.731875
0.731719
0.731327
0.731014
0.730936
0.730388
0.729762
0.729684
0.729214
0.728901
0.728196
0.728040
0.727492
0.727022
0.726944
0.726396
0.725927
0.725692
0.724987
0.725301
0.724987
0.724361
0.724126
0.724048
0.723892
0.723187
0.722718
0.722091
0.721857
0.720917
0.720448
0.720213
0.719978
0.719509
0.719509
0.719117
0.718804
0.718726
0.718021
0.717787
0.717317
0.716926
0.716847
0.716065
0.715360
0.715125
0.714969
0.714421
0.714499
0.714186
0.713404
0.713012
0.712856
0.712621
0.712229
0.711682
0.711368
0.710429
0.709960
0.709960
0.709725
0.709568
0.709177
0.709020
0.708629
0.708316
0.707925
0.707533
0.707064
0.706672
0.706046
0.705890
0.705342
0.704872
0.705029
0.704324
0.704324
0.704246
0.703698
0.703072
0.702759
0.702759
0.702289
0.701507
0.701037
0.700646
0.700176
0.700098
0.699550
0.699393
0.699080
0.698297
0.698141
0.698063
0.697906
0.697280
0.696810
0.696497
0.695949
0.695715
0.695401
0.695088
0.694775
0.694619
0.694227
0.693836
0.693601
0.693288
0.692662
0.692114
0.691488
0.691410
0.691253
0.691097
0.690549
0.690392
0.689844
0.689688
0.689140
0.689062
0.688592
0.688044
0.687653
0.687027
0.687027
0.686635
0.686322
0.686087
0.685696
0.685305
0.684992
0.684678
0.684131
0.683661
0.683348
0.682722
0.682722
0.682487
0.682330
0.681939
0.681156
0.680922
0.680374
0.680061
0.679434
0.678965
0.678104
0.677947
0.677712
0.677556
0.677478
0.677086
0.676695
0.676617
0.676225
0.675991
0.675208
0.674660
0.674660
0.674269
0.674112
0.673799
0.673564
0.673173
0.673095
0.672703
0.672547
0.671842
0.671216
0.671060
0.670668
0.670042
0.669964
0.669572
0.669259
0.669025
0.668946
0.668633
0.667850
0.667537
0.667224
0.666911
0.666520
0.666520
0.666207
0.665894
0.665581
0.665424
0.665111
0.664720
0.663937
0.663702
0.663233
0.662919
0.662841
0.662606
0.662450
0.661745
0.661589
0.661276
0.660884
0.660180
0.659710
0.659397
0.658849
0.658615
0.658380
0.658223
0.657675
0.657597
0.657049
0.656893
0.656423
0.655875
0.655953
0.655484
0.655249
0.654858
0.654466
0.654075
0.653997
0.653371
0.652901
0.652588
0.652353
0.652197
0.651727
0.651414
0.650944
0.650866
0.650396
0.650083
0.650162
0.649222
0.648831
0.648753
0.648596
0.648440
0.647892
0.647657
0.647422
0.646952
0.646405
0.646013
0.645622
0.645074
0.644839
0.644917
0.644448
0.644056
0.643978
0.643509
0.643352
0.642804
0.642413
0.642100
0.641474
0.641552
0.641160
0.640847
0.640300
0.639830
0.639673
0.639204
0.638969
0.638343
0.638030
0.637951
0.637717
0.637090
0.636543
0.636229
0.635995
0.635682
0.635682
0.635134
0.634977
0.634586
0.634116
0.634038
0.633490
0.633177
0.633020
0.632707
0.632159
0.632159
0.631690
0.631220
0.631142
0.630438
0.630359
0.629890
0.629420
0.629107
0.629029
0.628716
0.628324
0.627933
0.627542
0.627072
0.626994
0.626681
0.625898
0.625741
0.625507
0.625350
0.625193
0.624646
0.624098
0.624098
0.623863
0.623393
0.622767
0.622689
0.621984
0.622141
0.621750
0.621515
0.620889
0.620497
0.620262
0.619871
0.619480
0.619167
0.618932
0.618384
0.618306
0.617758
0.617366
0.617210
0.617053
0.616506
0.615958
0.615488
0.615097
0.615018
0.614627
0.614392
0.614079
0.613844
0.613531
0.612905
0.612670
0.612201
0.611888
0.611653
0.611261
0.611027
0.610870
0.610400
0.610322
0.609774
0.609383
0.608913
0.608209
0.608131
0.607974
0.607896
0.607426
0.607426
0.607035
0.606644
0.606174
0.605783
0.605469
0.605313
0.604843
0.604452
0.604374
0.603982
0.603591
0.602965
0.602417
0.602104
0.602104
0.601947
0.601243
0.601086
0.600538
0.600382
0.599834
0.599677
0.599208
0.598660
0.598503
0.598190
0.597721
0.597877
0.597173
0.596860
0.596703
0.596312
0.595764
0.595294
0.595060
0.594512
0.594277
0.594277
0.593807
0.593729
0.593416
0.593259
0.592320
0.592085
0.591616
0.591616
0.591303
0.590911
0.590911
0.590129
0.590050
0.589894
0.589189
0.589189
0.588563
0.587937
0.587859
0.587859
0.587624
0.587154
0.586920
0.586763
0.586450
0.585745
0.585354
0.585041
0.584885
0.584650
0.584337
0.584024
0.583554
0.583710
0.583084
0.582380
0.581754
0.581597
0.581284
0.581519
0.581128
0.580893
0.580814
0.580267
0.579640
0.579093
0.578701
0.578388
0.578075
0.577997
0.577918
0.577527
0.577136
0.576823
0.576197
0.575570
0.575570
0.575570
0.575179
0.575101
0.574709
0.574240
0.574240
0.573927
0.573457
0.573222
0.572596
0.572127
0.571970
0.571892
0.571422
0.571500
0.570561
0.570405
0.569857
0.569309
0.568917
0.568604
0.568370
0.568213
0.567978
0.567743
0.567430
0.567352
0.566491
0.566335
0.566178
0.565630
0.565317
0.565239
0.564847
0.564613
0.564300
0.563986
0.563360
0.562812
0.562108
0.561717
0.561873
0.561169
0.561169
0.560699
0.560543
0.559838
0.559525
0.558821
0.558586
0.558664
0.558116
0.557803
0.557647
0.557177
0.556786
0.556394
0.556238
0.555612
0.555299
0.555064
0.555064
0.554516
0.554359
0.553968
0.553811
0.553185
0.552637
0.552559
0.552168
0.552089
0.551933
0.551307
0.551228
0.551072
0.550211
0.549741
0.549428
0.548489
0.548254
0.548333
0.548176
0.547628
0.547237
0.547237
0.546611
0.545984
0.545671
0.545437
0.545202
0.545045
0.544576
0.544184
0.544184
0.543715
0.543558
0.543010
0.542227
0.542619
0.542227
0.541836
0.541680
0.541445
0.540975
0.540427
0.540036
0.539645
0.539253
0.539331
0.538940
0.538549
0.538001
0.537688
0.537453
0.537453
0.536670
0.536201
0.535731
0.535496
0.535418
0.535105
0.534714
0.534557
0.534009
0.533774
0.533383
0.532757
0.532679
0.532287
0.532131
0.531583
0.531505
0.531191
0.530565
0.530252
0.529861
0.529235
0.529313
0.529078
0.528452
0.528061
0.528061
0.527669
0.527434
0.527121
0.526652
0.526260
0.526026
0.525791
0.525478
0.524930
0.524773
0.524304
0.523912
0.523678
0.523599
0.523130
0.522503
0.522582
0.521877
0.521643
0.521095
0.520390
0.520155
0.519999
0.519999
0.519451
0.519216
0.518668
0.518433
0.517729
0.517651
0.517494
0.517025
0.516555
0.516320
0.516164
0.515772
0.515537
0.514990
0.514677
0.513894
0.513894
0.513737
0.513502
0.513033
0.512798
0.512485
0.512172
0.511937
0.511389
0.510998
0.510685
0.510606
0.510137
0.509824
0.509276
0.509041
0.508650
0.508415
0.508102
0.507476
0.507397
0.507241
0.506536
0.506615
0.506223
0.505597
0.505519
0.505128
0.504658
0.504345
0.504188
0.503797
0.503640
0.503093
0.502936
0.502545
0.502466
0.501919
0.501449
0.500901
0.500823
0.500275
0.499962
0.499414
0.499101
0.498944
0.498553
0.498005
0.497614
0.497614
0.497144
0.496988
0.496596
0.496205
0.495813
0.495579
0.494796
0.494639
0.493935
0.493935
0.494170
0.493544
0.493309
0.492918
0.492291
0.491665
0.491665
0.491117
0.490804
0.491039
0.490569
0.490100
0.489865
0.489474
0.489082
0.488378
0.488065
0.488065
0.487673
0.487282
0.487204
0.486812
0.486656
0.486030
0.485482
0.484856
0.484621
0.484464
0.484308
0.483760
0.483447
0.483603
0.483290
0.482586
0.482195
0.481490
0.481490
0.480864
0.480864
0.480316
0.480003
0.479690
0.479533
0.478829
0.478203
0.477733
0.477733
0.477577
0.477264
0.476950
0.476637
0.476324
0.476168
0.475307
0.475072
0.474759
0.474602
0.474054
0.473820
0.473976
0.473350
0.472959
0.472802
0.471941
0.471472
0.471315
0.471315
0.470767
0.470689
0.470454
0.470376
0.469515
0.469123
0.468732
0.468419
0.468106
0.467715
0.467793
0.467402
0.467558
0.466775
0.466149
0.465680
0.465601
0.465210
0.464897
0.464427
0.464427
0.464114
0.464036
0.463488
0.462862
0.462627
0.462001
0.461844
0.461531
0.461297
0.461297
0.460749
0.460514
0.459809
0.459418
0.459105
0.458635
0.458166
0.457931
0.457540
0.457461
0.457305
0.457070
0.456366
0.456052
0.455661
0.455191
0.455035
0.455113
0.454644
0.454409
0.454096
0.453783
0.453078
0.452922
0.452374
0.452139
0.451826
0.451748
0.451043
0.450652
0.450260
0.449947
0.449556
0.449243
0.448852
0.448695
0.448225
0.447912
0.447756
0.447443
0.447208
0.446660
0.446112
0.445799
0.445564
0.445408
0.445095
0.444703
0.444234
0.443921
0.443608
0.443138
0.442981
0.442512
0.442199
0.442277
0.441573
0.441181
0.441181
0.440712
0.440398
0.439616
0.439068
0.438911
0.438755
0.438363
0.438129
0.437816
0.437659
0.437502
0.436876
0.436485
0.436094
0.435859
0.435546
0.435389
0.434920
0.434685
0.434450
0.433902
0.433511
0.433119
0.432806
0.432571
0.432102
0.431711
0.431789
0.431476
0.431006
0.430458
0.430145
0.429676
0.429362
0.429128
0.428893
0.428736
0.428345
0.427875
0.427797
0.427249
0.427014
0.426780
0.426310
0.426153
0.425919
0.425136
0.425214
0.424588
0.424588
0.424197
0.423805
0.423649
0.423179
0.422709
0.422709
0.422475
0.421849
0.421614
0.421066
0.420909
0.420205
0.419970
0.419657
0.419187
0.419031
0.418796
0.418248
0.418170
0.417778
0.417622
0.417309
0.416996
0.416448
0.416135
0.415822
0.415743
0.415509
0.414961
0.414648
0.414413
0.413943
0.413708
0.413552
0.413395
0.412926
0.412534
0.412378
0.412143
0.411987
0.411673
0.411126
0.410656
0.410343
0.409873
0.409482
0.409404
0.409404
0.408777
0.408464
0.407995
0.407917
0.407290
0.406977
0.406821
0.406351
0.406116
0.405803
0.405490
0.405255
0.404864
0.404316
0.403846
0.403299
0.402907
0.402829
0.402594
0.402359
0.402125
0.401655
0.401107
0.400637
0.400168
0.399698
0.399307
0.398837
0.398681
0.398368
0.398133
0.397976
0.397350
0.396959
0.396646
0.396254
0.396019
0.395628
0.395472
0.395315
0.394767
0.394219
0.394298
0.393828
0.393437
0.393045
0.392732
0.392341
0.392419
0.391949
0.391793
0.391402
0.390619
0.390462
0.389836
0.389445
0.389210
0.388584
0.388740
0.388193
0.387879
0.387566
0.387253
0.386705
0.386158
0.386079
0.386158
0.385610
0.385140
0.384827
0.384749
0.384201
0.384044
0.383575
0.382870
0.382948
0.382479
0.382166
0.382009
0.381383
0.381227
0.380679
0.380444
0.379739
0.379661
0.379113
0.378957
0.378565
0.378252
0.377939
0.377861
0.377313
0.376609
0.376374
0.376296
0.375748
0.375513
0.375356
0.374730
0.374417
0.374495
0.373713
0.373165
0.373008
0.372773
0.372225
0.372382
0.371599
0.371521
0.371208
0.370660
0.370269
0.369486
0.369486
0.369016
0.368782
0.368547
0.368390
0.367842
0.367373
0.366825
0.366512
0.366512
0.366042
0.365651
0.365338
0.365181
0.364790
0.364633
0.364164
0.363851
0.363224
0.362911
0.362598
0.362363
0.362129
0.361659
0.361268
0.360720
0.360328
0.359546
0.359233
0.358841
0.358763
0.358841
0.358293
0.357902
0.357824
0.357276
0.356885
0.356102
0.356024
0.355867
0.355711
0.355476
0.354850
0.354615
0.353910
0.353597
0.353128
0.352893
0.352893
0.352658
0.352423
0.351719
0.351562
0.351562
0.350780
0.350545
0.349997
0.349762
0.349058
0.348979
0.348666
0.348510
0.348040
0.347884
0.347414
0.346944
0.346866
0.346083
0.345770
0.345457
0.345535
0.345066
0.344675
0.344205
0.343735
0.343814
0.343344
0.342718
0.342718
0.342405
0.341857
0.341779
0.341387
0.340918
0.340526
0.340213
0.339744
0.339587
0.339117
0.338961
0.338569
0.338569
0.338100
0.337474
0.337317
0.336691
0.336691
0.336534
0.335830
0.335752
0.335204
0.334891
0.334578
0.334030
0.333873
0.333482
0.333091
0.332934
0.332230
0.332230
0.331838
0.331995
0.331603
0.331212
0.330742
0.330508
0.329803
0.329882
0.329255
0.329177
0.328551
0.328316
0.328160
0.327533
0.327299
0.326751
0.326516
0.326438
0.325890
0.325577
0.325264
0.324951
0.324716
0.324246
0.323933
0.323385
0.323307
0.322602
0.322602
0.322133
0.321507
0.321272
0.320959
0.320489
0.320098
0.319706
0.319237
0.319080
0.318532
0.318219
0.317828
0.317671
0.317671
0.316967
0.316967
0.316419
0.316106
0.315793
0.315245
0.315010
0.314775
0.314149
0.314071
0.313523
0.313054
0.312975
0.312506
0.312036
0.311801
0.311488
0.310940
0.310549
0.310471
0.310236
0.309766
0.309218
0.308827
0.308749
0.308279
0.308044
0.307653
0.307340
0.306792
0.306479
0.306244
0.305696
0.305070
0.304913
0.304757
0.304366
0.304444
0.303974
0.303583
0.303035
0.302722
0.302174
0.301548
0.301078
0.300922
0.300687
0.300061
0.300217
0.299748
0.299043
0.298652
0.298339
0.298182
0.297634
0.297086
0.297086
0.296617
0.296460
0.295912
0.295286
0.294817
0.294660
0.294347
0.294190
0.293799
0.293251
0.293095
0.292860
0.292077
0.291921
0.291295
0.291060
0.290590
0.290512
0.290042
0.289807
0.289338
0.288868
0.288633
0.287929
0.287538
0.287538
0.287224
0.286598
0.286520
0.286285
0.285581
0.285581
0.285111
0.284329
0.284172
0.284015
0.284015
0.283468
0.283311
0.282920
0.282607
0.282059
0.281511
0.281041
0.280493
0.280258
0.279789
0.279241
0.279319
0.278615
0.278380
0.277676
0.277362
0.277206
0.276736
0.276580
0.276188
0.276032
0.276032
0.275327
0.275171
0.274623
0.274153
0.273840
0.273292
0.273058
0.272901
0.272431
0.271962
0.271727
0.271257
0.270631
0.270318
0.269927
0.269692
0.269222
0.269066
0.268753
0.268361
0.268048
0.267657
0.267109
0.266874
0.266718
0.266013
0.265779
0.265544
0.265231
0.264996
0.264526
0.263822
0.263822
0.263430
0.263039
0.262804
0.262648
0.262100
0.261552
0.261395
0.261004
0.260378
0.260221
0.259752
0.259674
0.258969
0.258891
0.258499
0.258265
0.257795
0.257247
0.256778
0.256543
0.256073
0.255760
0.255447
0.255525
0.254977
0.254664
0.254273
0.253882
0.253255
0.253099
0.252708
0.252238
0.252081
0.251768
0.251455
0.251064
0.250672
0.250281
0.249968
0.249498
0.249185
0.249107
0.248872
0.248403
0.248011
0.248011
0.247229
0.246837
0.246446
0.245898
0.245741
0.245741
0.245115
0.244802
0.244411
0.244333
0.244098
0.243393
0.242924
0.242689
0.242141
0.241985
0.241671
0.241750
0.241045
0.240810
0.240497
0.239871
0.239323
0.238854
0.238384
0.238384
0.238149
0.237680
0.237601
0.237132
0.236740
0.236349
0.235723
0.235879
0.235175
0.234940
0.234862
0.234314
0.234158
0.233766
0.233531
0.233140
0.232514
0.232514
0.232201
0.231731
0.231731
0.231262
0.230870
0.230401
0.230088
0.229618
0.229461
0.229148
0.228600
0.228287
0.228209
0.227818
0.227426
0.227035
0.226644
0.226409
0.226018
0.225861
0.225157
0.224687
0.224374
0.223982
0.223591
0.223356
0.222887
0.222495
0.222104
0.221791
0.221243
0.220930
0.220539
0.220226
0.219991
0.219599
0.219130
0.218817
0.218504
0.218191
0.217486
0.217173
0.217016
0.216860
0.216469
0.216077
0.215999
0.215373
0.214981
0.214590
0.214042
0.213573
0.213886
0.213103
0.212712
0.212555
0.212164
0.211694
0.211146
0.210755
0.210129
0.209816
0.209659
0.209346
0.209268
0.208876
0.208485
0.208015
0.207624
0.207311
0.206841
0.206607
0.206450
0.205980
0.205589
0.205276
0.205041
0.204650
0.204180
0.203711
0.203319
0.203006
0.202771
0.202615
0.201989
0.201441
0.200971
0.200658
0.200032
0.199406
0.199014
0.198545
0.198310
0.197684
0.197684
0.197527
0.196745
0.196666
0.196118
0.195571
0.195414
0.194866
0.194553
0.194397
0.194240
0.193692
0.193222
0.192909
0.192127
0.191892
0.191735
0.191422
0.191187
0.190248
0.190013
0.189700
0.189466
0.188996
0.188448
0.187978
0.187822
0.187430
0.187196
0.186570
0.186335
0.186100
0.185630
0.185239
0.184769
0.184456
0.184143
0.183908
0.183517
0.183282
0.182813
0.182499
0.181873
0.181560
0.181169
0.180621
0.180308
0.180151
0.179995
0.179682
0.179447
0.178821
0.178351
0.177490
0.177334
0.177334
0.177021
0.176473
0.176081
0.176081
0.175533
0.174907
0.174516
0.174125
0.173655
0.173264
0.173185
0.172951
0.172951
0.172324
0.172168
0.171698
0.171385
0.170759
0.170524
0.170368
0.169742
0.169428
0.169037
0.168724
0.168489
0.167941
0.167941
0.167237
0.167080
0.166532
0.166219
0.166141
0.165985
0.165437
0.165280
0.164732
0.163871
0.163558
0.163167
0.162776
0.162541
0.162149
0.161680
0.161445
0.161210
0.160662
0.160193
0.159801
0.159410
0.158940
0.158940
0.158627
0.158236
0.157845
0.157610
0.156905
0.156044
0.156044
0.155575
0.155340
0.154949
0.154635
0.154479
0.153853
0.153461
0.153305
0.152992
0.152522
0.152131
0.151818
0.151426
0.151113
0.150879
0.150487
0.150174
0.149704
0.149391
0.148687
0.148217
0.148061
0.147748
0.147591
0.147043
0.146652
0.146261
0.145713
0.145634
0.145243
0.144695
0.144539
0.144460
0.143991
0.143678
0.143052
0.142895
0.142425
0.142034
0.141486
0.141408
0.141017
0.140469
0.140077
0.139764
0.139451
0.138981
0.138590
0.138355
0.138042
0.137573
0.137260
0.136868
0.136790
0.136164
0.135538
0.135381
0.135068
0.134442
0.134285
0.134050
0.133581
0.133111
0.132955
0.132407
0.131937
0.131546
0.131155
0.130607
0.130294
0.129980
0.129667
0.129354
0.128963
0.128572
0.128024
0.127789
0.127241
0.127241
0.126850
0.126615
0.126145
0.125754
0.125597
0.124971
0.125049
0.124032
0.123719
0.123406
0.123093
0.123014
0.122545
0.121997
0.121684
0.121136
0.120510
0.119962
0.119805
0.119727
0.118866
0.118631
0.118083
0.117457
0.117222
0.117222
0.116831
0.116048
0.115814
0.115266
0.115109
0.114796
0.113935
0.113622
0.113622
0.113387
0.112683
0.112213
0.111665
0.111665
0.111352
0.110570
0.110256
0.109709
0.109552
0.108926
0.108691
0.108378
0.107830
0.107517
0.107360
0.106891
0.106265
0.105795
0.105717
0.105169
0.104856
0.104465
0.103995
0.103604
0.103525
0.102899
0.102273
0.101960
0.101725
0.101177
0.100551
0.100316
0.100081
0.099534
0.099455
0.098907
0.098516
0.097812
0.097812
0.097420
0.096872
0.096559
0.096324
0.095777
0.095698
0.094916
0.094211
0.094211
0.093742
0.093272
0.093115
0.092646
0.092333
0.091941
0.091628
0.091315
0.090846
0.090219
0.089828
0.089593
0.089280
0.088889
0.088341
0.088028
0.087558
0.087245
0.086541
0.086462
0.085758
0.085601
0.085601
0.084662
0.084349
0.083958
0.083958
0.083175
0.082862
0.082158
0.081688
0.081688
0.080905
0.080984
0.080279
0.079653
0.079575
0.078870
0.078244
0.077618
0.077540
0.077227
0.076444
0.076287
0.076287
0.075505
0.075270
0.074487
0.073939
0.073861
0.073235
0.073157
0.072452
0.072061
0.071748
0.071435
0.070887
0.070417
0.069948
0.069478
0.069400
0.068930
0.068617
0.068147
0.067678
0.067443
0.067208
0.066504
0.065799
0.065486
0.065017
0.064703
0.064703
0.064156
0.063842
0.063608
0.063138
0.062512
0.061807
0.061651
0.061260
0.060947
0.060712
0.060164
0.059772
0.059694
0.058833
0.058129
0.058051
0.057581
0.057190
0.056720
0.056485
0.056485
0.056016
0.055468
0.055076
0.054294
0.054059
0.053746
0.053589
0.053511
0.052650
0.052415
0.051867
0.051632
0.050928
0.050380
0.049989
0.049754
0.049206
0.048815
0.048502
0.048189
0.048110
0.047328
0.047249
0.046388
0.046075
0.045762
0.045371
0.045058
0.044588
0.044197
0.043884
0.043571
0.042788
0.042475
0.042240
0.041457
0.041379
0.040988
0.040596
0.040518
0.039970
0.039579
0.038796
0.038248
0.037544
0.037387
0.036918
0.036605
0.036605
0.035978
0.035509
0.035117
0.034648
0.033865
0.033396
0.033317
0.032926
0.032613
0.032065
0.031987
0.031361
0.030969
0.030578
0.029717
0.029482
0.029091
0.028778
0.028308
0.027917
0.027212
0.026977
0.026664
0.025882
0.025490
0.025255
0.024786
0.024551
0.024081
0.024003
0.023612
0.023064
0.022751
0.021890
0.021342
0.020951
0.020559
0.020324
0.020090
0.019464
0.019150
0.018289
0.018289
0.017663
0.017115
0.016411
0.016333
0.015863
0.015628
0.015237
0.014689
0.014454
0.014141
0.013358
0.012732
0.012106
0.011715
0.011402
0.010932
0.010462
0.010228
0.009523
0.008975
0.008584
0.008036
0.007801
0.007253
0.006940
0.006706
0.006079
0.005923
0.005297
0.004984
0.004357
0.003966
0.003496
0.003183
0.002714
0.002401
0.001853
0.001618
0.001227
0.000679
0.000131
-0.000495
-0.000965
-0.001200
-0.001435
-0.001826
-0.002139
-0.002609
-0.003313
-0.003470
-0.004096
-0.004565
-0.004878
-0.005191
-0.005505
-0.005739
-0.006209
-0.006679
-0.007148
-0.007540
-0.007853
-0.008870
-0.009340
-0.009809
-0.010122
-0.010514
-0.010905
-0.011218
-0.011923
-0.012392
-0.012940
-0.013566
-0.013958
-0.014506
-0.015132
-0.015445
-0.015445
-0.015993
-0.016541
-0.017323
-0.017636
-0.018184
-0.018654
-0.018967
-0.019358
-0.019828
-0.020532
-0.021237
-0.021863
-0.022489
-0.022646
-0.022724
-0.023741
-0.024054
-0.024368
-0.025072
-0.025385
-0.025933
-0.026168
-0.026872
-0.027264
-0.027655
-0.028281
-0.028751
-0.029377
-0.029533
-0.030081
-0.030786
-0.031647
-0.032116
-0.032429
-0.032899
-0.033290
-0.033995
-0.034464
-0.034777
-0.035091
-0.036108
-0.036499
-0.036656
-0.037360
-0.037517
-0.038300
-0.038847
-0.039082
-0.039708
-0.040100
-0.041117
-0.041978
-0.041978
-0.042291
-0.042839
-0.043622
-0.044092
-0.044483
-0.044874
-0.045187
-0.046048
-0.046518
-0.046988
-0.047144
-0.047927
-0.048162
-0.048709
-0.049336
-0.049805
-0.050431
-0.050979
-0.051684
-0.051997
-0.052466
-0.052779
-0.053327
-0.053640
-0.054110
-0.054580
-0.054815
-0.055832
-0.056302
-0.056615
-0.057319
-0.057554
-0.058258
-0.058571
-0.059119
-0.059198
-0.059902
-0.060920
-0.061781
-0.062094
-0.062328
-0.062798
-0.063659
-0.063894
-0.064363
-0.064520
-0.065381
-0.066398
-0.066868
-0.067338
-0.067651
-0.067886
-0.068355
-0.068747
-0.069060
-0.069764
-0.070390
-0.070782
-0.071721
-0.072347
-0.072738
-0.073051
-0.073599
-0.073912
-0.074225
-0.074695
-0.074930
-0.075791
-0.076339
-0.077121
-0.077669
-0.078139
-0.078530
-0.079469
-0.079939
-0.080487
-0.080722
-0.081505
-0.082444
-0.082992
-0.082913
-0.083931
-0.084009
-0.084400
-0.085105
-0.085966
-0.085888
-0.086670
-0.087296
-0.088001
-0.088549
-0.088784
-0.088940
-0.089488
-0.090271
-0.090427
-0.090975
-0.091523
-0.092306
-0.093088
-0.093793
-0.094262
-0.094889
-0.094967
-0.095671
-0.096141
-0.096689
-0.097002
-0.097706
-0.098567
-0.098880
-0.099428
-0.099663
-0.100368
-0.100759
-0.101385
-0.101855
-0.102246
-0.103029
-0.103577
-0.104594
-0.105142
-0.105299
-0.105690
-0.106394
-0.107099
-0.107412
-0.108038
-0.108351
-0.109290
-0.110073
-0.110230
-0.110856
-0.111090
-0.111717
-0.112421
-0.113047
-0.113517
-0.113986
-0.114613
-0.115787
-0.115943
-0.116491
-0.116726
-0.117509
-0.117743
-0.118291
-0.118683
-0.119387
-0.120248
-0.121500
-0.122048
-0.122440
-0.122831
-0.123301
-0.123770
-0.124240
-0.124631
-0.125336
-0.125962
-0.126588
-0.127214
-0.127919
-0.128388
-0.128936
-0.129327
-0.129562
-0.130345
-0.130501
-0.131284
-0.132223
-0.133006
-0.133710
-0.133710
-0.134650
-0.135119
-0.135198
-0.135902
-0.136293
-0.137154
-0.137937
-0.138485
-0.139346
-0.139972
-0.140363
-0.141146
-0.141616
-0.141929
-0.142633
-0.143103
-0.143807
-0.144277
-0.144981
-0.145294
-0.145999
-0.146390
-0.146547
-0.147095
-0.147486
-0.148503
-0.148973
-0.149912
-0.150773
-0.151399
-0.151634
-0.151947
-0.152417
-0.153121
-0.153513
-0.154374
-0.154765
-0.155235
-0.156174
-0.156565
-0.157191
-0.157661
-0.157974
-0.158365
-0.158757
-0.159618
-0.160714
-0.161027
-0.161653
-0.162670
-0.163140
-0.163453
-0.163766
-0.164784
-0.164705
-0.165488
-0.165958
-0.166662
-0.167210
-0.167836
-0.168619
-0.169245
-0.169871
-0.170106
-0.170732
-0.171202
-0.171750
-0.172611
-0.173002
-0.173393
-0.174098
-0.174567
-0.175272
-0.175663
-0.176368
-0.176837
-0.177307
-0.177776
-0.178403
-0.179029
-0.179890
-0.180359
-0.181142
-0.181377
-0.181768
-0.182238
-0.182942
-0.183334
-0.183960
-0.184664
-0.185055
-0.185682
-0.186386
-0.186464
-0.186934
-0.187638
-0.188186
-0.188578
-0.189282
-0.189830
-0.190300
-0.191004
-0.191787
-0.192178
-0.192335
-0.192882
-0.193430
-0.193822
-0.194448
-0.194917
-0.195309
-0.196091
-0.196796
-0.197109
-0.197579
-0.197892
-0.198361
-0.198596
-0.199535
-0.199927
-0.200553
-0.200944
-0.202040
-0.202666
-0.203136
-0.203605
-0.203762
-0.204701
-0.205093
-0.205484
-0.206110
-0.206580
-0.206736
-0.207441
-0.207989
-0.208458
-0.208693
-0.208928
-0.209710
-0.210258
-0.210650
-0.211041
-0.211354
-0.211824
-0.212450
-0.212841
-0.213467
-0.214015
-0.214328
-0.214876
-0.215581
-0.216129
-0.216442
-0.216990
-0.217381
-0.217694
-0.218164
-0.218555
-0.218946
-0.219103
-0.219729
-0.220120
-0.220433
-0.220981
-0.221451
-0.221999
-0.222390
-0.222703
-0.223016
-0.223251
-0.223721
-0.224112
-0.224817
-0.224973
-0.225521
-0.226069
-0.226460
-0.226617
-0.227165
-0.227556
-0.227869
-0.228339
-0.229043
-0.229434
-0.229591
-0.229982
-0.230061
-0.230452
-0.231235
-0.231313
-0.232017
-0.232409
-0.232878
-0.233191
-0.233191
-0.233583
-0.234052
-0.234600
-0.234992
-0.234992
-0.235618
-0.235696
-0.236087
-0.236792
-0.236948
-0.237261
-0.237418
-0.237809
-0.238279
-0.238592
-0.238905
-0.239531
-0.239453
-0.239688
-0.240627
-0.240862
-0.241175
-0.241645
-0.241801
-0.242192
-0.242427
-0.242740
-0.243132
-0.243132
-0.243601
-0.243836
-0.243914
-0.244540
-0.244854
-0.245088
-0.245323
-0.245636
-0.246419
-0.245871
-0.246262
-0.246654
-0.247045
-0.247515
-0.247202
-0.248063
-0.248297
-0.248297
-0.248611
-0.249158
-0.249315
-0.249706
-0.250019
-0.249941
-0.250098
-0.250567
-0.250880
-0.250880
-0.251585
-0.251585
-0.251820
-0.252211
-0.252994
-0.252915
-0.252994
-0.253385
-0.253620
-0.253385
-0.253855
-0.254089
-0.254324
-0.254716
-0.254716
-0.254950
-0.255342
-0.255342
-0.255342
-0.255811
-0.255811
-0.256203
-0.256359
-0.256594
-0.256672
-0.257064
-0.257064
-0.257612
-0.257768
-0.257925
-0.257846
-0.257925
-0.258473
-0.258473
-0.258473
-0.258942
-0.259333
-0.259020
-0.259568
-0.259490
-0.259490
-0.259803
-0.259881
-0.260194
-0.260116
-0.260508
-0.260664
-0.260664
-0.260899
-0.261134
-0.261134
-0.261212
-0.261525
-0.261603
-0.261838
-0.262151
-0.262464
-0.262151
-0.262543
-0.262856
-0.263090
-0.262934
-0.263247
-0.263090
-0.263325
-0.263482
-0.263325
-0.263404
-0.263951
-0.263951
-0.263951
-0.263873
-0.264186
-0.264343
-0.264499
-0.264264
-0.264734
-0.264891
-0.265125
-0.265360
-0.265282
-0.265204
-0.265673
-0.265830
-0.266065
-0.265830
-0.266065
-0.265986
-0.266378
-0.265908
-0.266378
-0.266691
-0.266769
-0.266847
-0.266926
-0.267082
-0.267395
-0.267317
-0.267552
-0.267395
-0.267552
-0.267787
-0.267943
-0.267787
-0.267865
-0.268256
-0.268569
-0.268648
-0.268491
-0.268882
-0.268648
-0.268961
-0.269117
-0.269509
-0.269352
-0.269587
-0.269743
-0.269587
-0.269665
-0.270056
-0.269900
-0.270056
-0.269900
-0.270291
-0.270683
-0.270291
-0.270683
-0.270839
-0.271230
-0.271230
-0.271152
-0.271387
-0.271152
-0.271544
-0.271544
-0.271544
-0.271778
-0.271622
-0.271778
-0.272170
-0.272483
-0.272326
-0.272561
-0.272952
-0.272874
-0.272718
-0.272639
-0.272952
-0.273109
-0.273266
-0.273579
-0.273813
-0.273657
-0.273813
-0.273657
-0.274126
-0.273970
-0.274048
-0.274518
-0.274518
-0.274753
-0.274909
-0.274831
-0.274753
-0.275066
-0.274909
-0.274987
-0.274831
-0.275222
-0.275379
-0.275379
-0.275614
-0.275848
-0.276240
-0.276083
-0.276318
-0.276161
-0.276396
-0.276631
-0.276475
-0.277101
-0.277101
-0.277179
-0.277257
-0.277257
-0.277179
-0.277492
-0.277727
-0.277883
-0.277962
-0.277962
-0.278197
-0.278666
-0.278744
-0.278823
-0.278823
-0.278979
-0.278979
-0.279057
-0.279527
-0.279371
-0.279684
-0.279918
-0.280153
-0.280388
-0.280232
-0.280623
-0.280701
-0.280545
-0.280701
-0.281014
-0.280936
-0.280936
-0.281406
-0.281797
-0.281875
-0.282267
-0.282267
-0.282188
-0.282188
-0.282580
-0.282423
-0.282658
-0.282736
-0.282814
-0.283206
-0.283441
-0.283754
-0.284067
-0.283754
-0.283988
-0.283832
-0.284223
-0.284223
-0.284067
-0.284615
-0.284615
-0.284849
-0.285241
-0.285163
-0.285397
-0.285319
-0.285789
-0.285710
-0.285867
-0.285710
-0.286102
-0.286415
-0.286415
-0.286806
-0.286963
-0.287198
-0.286884
-0.286963
-0.287354
-0.287511
-0.287745
-0.287980
-0.288137
-0.287824
-0.288372
-0.288528
-0.288685
-0.288528
-0.288763
-0.288998
-0.289154
-0.289311
-0.289467
-0.289859
-0.289937
-0.290172
-0.290172
-0.290407
-0.290485
-0.290798
-0.290641
-0.291268
-0.291189
-0.291424
-0.291659
-0.291737
-0.292207
-0.292129
-0.292363
-0.292520
-0.292598
-0.292676
-0.292911
-0.292755
-0.293224
-0.293381
-0.293772
-0.293772
-0.294164
-0.294085
-0.294555
-0.294398
-0.294711
-0.294790
-0.295103
-0.295259
-0.295572
-0.295729
-0.296120
-0.295885
-0.296433
-0.296042
-0.296199
-0.296433
-0.296825
-0.297138
-0.297607
-0.297451
-0.297842
-0.297920
-0.298312
-0.298312
-0.298703
-0.298468
-0.298938
-0.299173
-0.299408
-0.299486
-0.299564
-0.300112
-0.300347
-0.300582
-0.300738
-0.300582
-0.300973
-0.301286
-0.301364
-0.301521
-0.301834
-0.302147
-0.302304
-0.302617
-0.302617
-0.302773
-0.303008
-0.303165
-0.303634
-0.303556
-0.304104
-0.304182
-0.304495
-0.304808
-0.304730
-0.305121
-0.305434
-0.305513
-0.305904
-0.305904
-0.306139
-0.306530
-0.306687
-0.306608
-0.306765
-0.307078
-0.307078
-0.307078
-0.307704
-0.307861
-0.307782
-0.307939
-0.308565
-0.308722
-0.308878
-0.309191
-0.309426
-0.309739
-0.310052
-0.310365
-0.310131
-0.310287
-0.310913
-0.311226
-0.311148
-0.311305
-0.311696
-0.311774
-0.311931
-0.312166
-0.312557
-0.312557
-0.312713
-0.313027
-0.313183
-0.313261
-0.313653
-0.313731
-0.313966
-0.313888
-0.314279
-0.314827
-0.314827
-0.315062
-0.315296
-0.315766
-0.315766
-0.316157
-0.316314
-0.316784
-0.316862
-0.317097
-0.317331
-0.317331
-0.317644
-0.318036
-0.318427
-0.318584
-0.318975
-0.319366
-0.319210
-0.319601
-0.320149
-0.319993
-0.320149
-0.320462
-0.321010
-0.320932
-0.321245
-0.321323
-0.321636
-0.321871
-0.321949
-0.322028
-0.322654
-0.322810
-0.322575
-0.323202
-0.323436
-0.323671
-0.323593
-0.324454
-0.324767
-0.325002
-0.325237
-0.325471
-0.325628
-0.325550
-0.325785
-0.326019
-0.326489
-0.326802
-0.326567
-0.327272
-0.327506
-0.327350
-0.327898
-0.328054
-0.328211
-0.328759
-0.328994
-0.329150
-0.329776
-0.329620
-0.329933
-0.330246
-0.330246
-0.330481
-0.330637
-0.330794
-0.331342
-0.331577
-0.331968
-0.332359
-0.332594
-0.332359
-0.332907
-0.333142
-0.333533
-0.333455
-0.334081
-0.334081
-0.334081
-0.334629
-0.334786
-0.335020
-0.335412
-0.335881
-0.335725
-0.335803
-0.336429
-0.336586
-0.336821
-0.337134
-0.337368
-0.337760
-0.337760
-0.338386
-0.338543
-0.338621
-0.338699
-0.339247
-0.339482
-0.339638
-0.340030
-0.339873
-0.340812
-0.341204
-0.341517
-0.341595
-0.341908
-0.342143
-0.342221
-0.342299
-0.342456
-0.343082
-0.343317
-0.343552
-0.343865
-0.344334
-0.344413
-0.344882
-0.344961
-0.345117
-0.345509
-0.345587
-0.345900
-0.346213
-0.346135
-0.346369
-0.347074
-0.347309
-0.347622
-0.348013
-0.348248
-0.348248
-0.348326
-0.348718
-0.348796
-0.349344
-0.349344
-0.349735
-0.349970
-0.350518
-0.350831
-0.351144
-0.351457
-0.351457
-0.351614
-0.352083
-0.352318
-0.352788
-0.352944
-0.353570
-0.353727
-0.353805
-0.354353
-0.354353
-0.354510
-0.354744
-0.354979
-0.355449
-0.355292
-0.356075
-0.356075
-0.356623
-0.356779
-0.357249
-0.357562
-0.357797
-0.357875
-0.358267
-0.358580
-0.358501
-0.358971
-0.359284
-0.359910
-0.360145
-0.360615
-0.360928
-0.360849
-0.361319
-0.361554
-0.362102
-0.362258
-0.362415
-0.362728
-0.362963
-0.363511
-0.364137
-0.363980
-0.364372
-0.364763
-0.364528
-0.365154
-0.365154
-0.365780
-0.365780
-0.366563
-0.366954
-0.367111
-0.367424
-0.367581
-0.367424
-0.367737
-0.368050
-0.368676
-0.368755
-0.368833
-0.369616
-0.369772
-0.369772
-0.370320
-0.370477
-0.370946
-0.370946
-0.371181
-0.371572
-0.371807
-0.372199
-0.372355
-0.372433
-0.372746
-0.373059
-0.373607
-0.374077
-0.374234
-0.374312
-0.374860
-0.375016
-0.374938
-0.375564
-0.376034
-0.376347
-0.376269
-0.376503
-0.376816
-0.377443
-0.377364
-0.377677
-0.377912
-0.378069
-0.378382
-0.379086
-0.379165
-0.379321
-0.379791
-0.379712
-0.380417
-0.380339
-0.380808
-0.381043
-0.381434
-0.381434
-0.381904
-0.382295
-0.382530
-0.382765
-0.383156
-0.383391
-0.383782
-0.384017
-0.384487
-0.384487
-0.384643
-0.385191
-0.385270
-0.385583
-0.386052
-0.386209
-0.386522
-0.386913
-0.387070
-0.387618
-0.387539
-0.388087
-0.388087
-0.388635
-0.388948
-0.389105
-0.389574
-0.389809
-0.390122
-0.390435
-0.390592
-0.390905
-0.391688
-0.391844
-0.391844
-0.392470
-0.392705
-0.393175
-0.393175
-0.393175
-0.393566
-0.393958
-0.394271
-0.394505
-0.394740
-0.395132
-0.395288
-0.395679
-0.395914
-0.396384
-0.396540
-0.397010
-0.397088
-0.397401
-0.398028
-0.398575
-0.398497
-0.399123
-0.399123
-0.399280
-0.399984
-0.399906
-0.400532
-0.401158
-0.401550
-0.401785
-0.401941
-0.402411
-0.402802
-0.403115
-0.403506
-0.403506
-0.403663
-0.404054
-0.404211
-0.404680
-0.404837
-0.405307
-0.405463
-0.406168
-0.406324
-0.406637
-0.406950
-0.407107
-0.407498
-0.407733
-0.408124
-0.408281
-0.408437
-0.408829
-0.409142
-0.409455
-0.409846
-0.410003
-0.410472
-0.410786
-0.411255
-0.411412
-0.411725
-0.411881
-0.411960
-0.412429
-0.412977
-0.413134
-0.413368
-0.413603
-0.414151
-0.414151
-0.414621
-0.415247
-0.415012
-0.415403
-0.415717
-0.415873
-0.416264
-0.416812
-0.417125
-0.417047
-0.417438
-0.417830
-0.417986
-0.418299
-0.418769
-0.419004
-0.419317
-0.419552
-0.420100
-0.420256
-0.420726
-0.420961
-0.421587
-0.421430
-0.421743
-0.422291
-0.422448
-0.423074
-0.423309
-0.423622
-0.424013
-0.424326
-0.424404
-0.424639
-0.425109
-0.425265
-0.425735
-0.425970
-0.426126
-0.426596
-0.426831
-0.427144
-0.427692
-0.427848
-0.427848
-0.428005
-0.428475
-0.428709
-0.429179
-0.429727
-0.430040
-0.430196
-0.430666
-0.431057
-0.431292
-0.431527
-0.431918
-0.432075
-0.432310
-0.432623
-0.432779
-0.433171
-0.433406
-0.433719
-0.434032
-0.434188
-0.434580
-0.434893
-0.435284
-0.435910
-0.436145
-0.436380
-0.436615
-0.436849
-0.437006
-0.437710
-0.437789
-0.438180
-0.438415
-0.438806
-0.438806
-0.439432
-0.439511
-0.439980
-0.440137
-0.440450
-0.441076
-0.441624
-0.441467
-0.442485
-0.442641
-0.443033
-0.443424
-0.443972
-0.443972
-0.444363
-0.444363
-0.445068
-0.445068
-0.445146
-0.445694
-0.446007
-0.446320
-0.446868
-0.446868
-0.447259
-0.447494
-0.447494
-0.448042
-0.448590
-0.448512
-0.448981
-0.449373
-0.449451
-0.450155
-0.450077
-0.450234
-0.451016
-0.451486
-0.451721
-0.451642
-0.451955
-0.452347
-0.452503
-0.452895
-0.453129
-0.453756
-0.454225
-0.454538
-0.454538
-0.455008
-0.455321
-0.455556
-0.456025
-0.456182
-0.456730
-0.456886
-0.457121
-0.457591
-0.458295
-0.458608
-0.458765
-0.459000
-0.458921
-0.459548
-0.459939
-0.460330
-0.460487
-0.461113
-0.461504
-0.461504
-0.462209
-0.462522
-0.462913
-0.462913
-0.463383
-0.463618
-0.463852
-0.464400
-0.464557
-0.465027
-0.465418
-0.465731
-0.465966
-0.466670
-0.466357
-0.466670
-0.467062
-0.467688
-0.467844
-0.467766
-0.467922
-0.468314
-0.468862
-0.469097
-0.469488
-0.469723
-0.470192
-0.470427
-0.471132
-0.471210
-0.471288
-0.471836
-0.472384
-0.472306
-0.472932
-0.473401
-0.473793
-0.473871
-0.474028
-0.474419
-0.474654
-0.474967
-0.475202
-0.475749
-0.476063
-0.476376
-0.476767
-0.477393
-0.477706
-0.477941
-0.478176
-0.478645
-0.478724
-0.478802
-0.479506
-0.479428
-0.480367
-0.480446
-0.480289
-0.480994
-0.481541
-0.481776
-0.481776
-0.482089
-0.482559
-0.482637
-0.483263
-0.483576
-0.483890
-0.484281
-0.484750
-0.484750
-0.485377
-0.485690
-0.486003
-0.486472
-0.486629
-0.486786
-0.487020
-0.487490
-0.487803
-0.488038
-0.488429
-0.488664
-0.488977
-0.489447
-0.489995
-0.490308
-0.490308
-0.490699
-0.490934
-0.491482
-0.491325
-0.491795
-0.492421
-0.492499
-0.493282
-0.493204
-0.493438
-0.493830
-0.494221
-0.494534
-0.494612
-0.495239
-0.495473
-0.495708
-0.496021
-0.496256
-0.496804
-0.496882
-0.497195
-0.497430
-0.497900
-0.498056
-0.498604
-0.498839
-0.498839
-0.499543
-0.499778
-0.500326
-0.500483
-0.500874
-0.501344
-0.501578
-0.501813
-0.502205
-0.502439
-0.503066
-0.503222
-0.503379
-0.503770
-0.504318
-0.504631
-0.504709
-0.505022
-0.505414
-0.505649
-0.506353
-0.506431
-0.506588
-0.507057
-0.507214
-0.507370
-0.507918
-0.508075
-0.508545
-0.508779
-0.509327
-0.509562
-0.509953
-0.509875
-0.510423
-0.510658
-0.511049
-0.511362
-0.511675
-0.512145
-0.512458
-0.512928
-0.513006
-0.513397
-0.513867
-0.514102
-0.514336
-0.514571
-0.514806
-0.515197
-0.515745
-0.515980
-0.516450
-0.516606
-0.516919
-0.516998
-0.517232
-0.517702
-0.518172
-0.518328
-0.518563
-0.518876
-0.519111
-0.520050
-0.519815
-0.520520
-0.520363
-0.521302
-0.521459
-0.521537
-0.522007
-0.522398
-0.523024
-0.523181
-0.523416
-0.523964
-0.524042
-0.524120
-0.524668
-0.525059
-0.525764
-0.525764
-0.525842
-0.526233
-0.526625
-0.527251
-0.527486
-0.527486
-0.527642
-0.528112
-0.528268
-0.528582
-0.528895
-0.529364
-0.529677
-0.530382
-0.530538
-0.530617
-0.531556
-0.531556
-0.532025
-0.532260
-0.532104
-0.532652
-0.533121
-0.533356
-0.533669
-0.533904
-0.534139
-0.534530
-0.534921
-0.534921
-0.535391
-0.535548
-0.535704
-0.536330
-0.536722
-0.536722
-0.537113
-0.537426
-0.537974
-0.538365
-0.538444
-0.538991
-0.539226
-0.539539
-0.539931
-0.540244
-0.540400
-0.540870
-0.541418
-0.541653
-0.541731
-0.542201
-0.542435
-0.542827
-0.543140
-0.543296
-0.543844
-0.544001
-0.544549
-0.544705
-0.544940
-0.545410
-0.545801
-0.546114
-0.546349
-0.546818
-0.546975
-0.547445
-0.547679
-0.547758
-0.548149
-0.548384
-0.548697
-0.549010
-0.549480
-0.549558
-0.549871
-0.550575
-0.550810
-0.551593
-0.551671
-0.552141
-0.552297
-0.552845
-0.553237
-0.553471
-0.553706
-0.554489
-0.554489
-0.554724
-0.555037
-0.555193
-0.555428
-0.555741
-0.556054
-0.556446
-0.556837
-0.557150
-0.557541
-0.557698
-0.558168
-0.558637
-0.558872
-0.559029
-0.559655
-0.559655
-0.560124
-0.560437
-0.560750
-0.561377
-0.561533
-0.562159
-0.562785
-0.562864
-0.563333
-0.563333
-0.563646
-0.563960
-0.564507
-0.564351
-0.564664
-0.565212
-0.565525
-0.565838
-0.566229
-0.566777
-0.566777
-0.567012
-0.567638
-0.567873
-0.568186
-0.568343
-0.568734
-0.568969
-0.569282
-0.569830
-0.569908
-0.570143
-0.570847
-0.570847
-0.571160
-0.571630
-0.571943
-0.572100
-0.572413
-0.572882
-0.573352
-0.573508
-0.573900
-0.574135
-0.574604
-0.574917
-0.575152
-0.575543
-0.575935
-0.576170
-0.576170
-0.576561
-0.577109
-0.577187
-0.577657
-0.577970
-0.578518
-0.578674
-0.578909
-0.579144
-0.579379
-0.579848
-0.580005
-0.580396
-0.580631
-0.581101
-0.581492
-0.581883
-0.582431
-0.582666
-0.582744
-0.583214
-0.583370
-0.583840
-0.584153
-0.584388
-0.584544
-0.585014
-0.585249
-0.585405
-0.585875
-0.586188
-0.586658
-0.586658
-0.586893
-0.587519
-0.587910
-0.588067
-0.588536
-0.588771
-0.589241
-0.589397
-0.589789
-0.589945
-0.590180
-0.590884
-0.591197
-0.591432
-0.592058
-0.591824
-0.592606
-0.592763
-0.593076
-0.593467
-0.593467
-0.594093
-0.594641
-0.594720
-0.595033
-0.595267
-0.595972
-0.595815
-0.596207
-0.596520
-0.596676
-0.597381
-0.597929
-0.597929
-0.598242
-0.599024
-0.599103
-0.599494
-0.599729
-0.599651
-0.600120
-0.600433
-0.601059
-0.601607
-0.601842
-0.601920
-0.602703
-0.602625
-0.603173
-0.603721
-0.604190
-0.604112
-0.604347
-0.604973
-0.605051
-0.605443
-0.605834
-0.606460
-0.606695
-0.606930
-0.607164
-0.607399
-0.607791
-0.608573
-0.608338
-0.608730
-0.608965
-0.609434
-0.609591
-0.609904
-0.610295
-0.610765
-0.610843
-0.611391
-0.611861
-0.612095
-0.612174
-0.612722
-0.612878
-0.613191
-0.613504
-0.613426
-0.614287
-0.614444
-0.614991
-0.615226
-0.615539
-0.615696
-0.616244
-0.616635
-0.616870
-0.617574
-0.617653
-0.617731
-0.618122
-0.618279
-0.618905
-0.619061
-0.619296
-0.619688
-0.620470
-0.620627
-0.621018
-0.621253
-0.621644
-0.621879
-0.622192
-0.622349
-0.622662
-0.623210
-0.623288
-0.623836
-0.624384
-0.624619
-0.624462
-0.624697
-0.625323
-0.625245
-0.625636
-0.625871
-0.626575
-0.626888
-0.627202
-0.627515
-0.627984
-0.628297
-0.628454
-0.628767
-0.629080
-0.629471
-0.629706
-0.630097
-0.630489
-0.630958
-0.630880
-0.631506
-0.631819
-0.632133
-0.632446
-0.632759
-0.632837
-0.633228
-0.633776
-0.634011
-0.634402
-0.634794
-0.634794
-0.635028
-0.635498
-0.636203
-0.636672
-0.636829
-0.636907
-0.637220
-0.637846
-0.638003
-0.638394
-0.638551
-0.638629
-0.639177
-0.639725
-0.639803
-0.640116
-0.640194
-0.640820
-0.641368
-0.641916
-0.642151
-0.642386
-0.642464
-0.642699
-0.643403
-0.643560
-0.643873
-0.644186
-0.644499
-0.644969
-0.645360
-0.645360
-0.645517
-0.646143
-0.646143
-0.646926
-0.646847
-0.647473
-0.647786
-0.647865
-0.648256
-0.648804
-0.649195
-0.649587
-0.649508
-0.649821
-0.650056
-0.650526
-0.650682
-0.650917
-0.651622
-0.652013
-0.652248
-0.652717
-0.652796
-0.653187
-0.653344
-0.653970
-0.654126
-0.654439
-0.654752
-0.654909
-0.655300
-0.655379
-0.655770
-0.656474
-0.656787
-0.657179
-0.657257
-0.657962
-0.658353
-0.658353
-0.658666
-0.659057
-0.659214
-0.659840
-0.659762
-0.660075
-0.660544
-0.660936
-0.661484
-0.661640
-0.661875
-0.662110
-0.662658
-0.662893
-0.662893
-0.663519
-0.663832
-0.664536
-0.664380
-0.664536
-0.664771
-0.665475
-0.665789
-0.666180
-0.666102
-0.666493
-0.667119
-0.667276
-0.667824
-0.667667
-0.668371
-0.668293
-0.668763
-0.669232
-0.669467
-0.669859
-0.670406
-0.670954
-0.671111
-0.671580
-0.671502
-0.671894
-0.672207
-0.672833
-0.673146
-0.673302
-0.673772
-0.674007
-0.674320
-0.674711
-0.675416
-0.675572
-0.675729
-0.675729
-0.676433
-0.676590
-0.676981
-0.677372
-0.677607
-0.677920
-0.678546
-0.678703
-0.679251
-0.679407
-0.679877
-0.679799
-0.680190
-0.681208
-0.681129
-0.681442
-0.681599
-0.682382
-0.682773
-0.682773
