-0.534374
-0.534530
-0.534843
-0.535000
-0.535391
-0.535704
-0.535939
-0.536409
-0.536409
-0.536800
-0.537504
-0.537426
-0.537661
-0.537974
-0.538287
-0.538678
-0.538678
-0.539148
-0.539461
-0.539774
-0.540244
-0.540322
-0.540713
-0.540792
-0.540948
-0.541261
-0.541809
-0.542201
-0.542357
-0.542827
-0.542905
-0.543218
-0.543609
-0.543766
-0.544392
-0.544392
-0.544470
-0.544862
-0.545331
-0.545566
-0.545644
-0.546271
-0.546505
-0.546975
-0.546897
-0.547210
-0.547288
-0.548071
-0.548306
-0.548853
-0.548853
-0.549167
-0.549323
-0.549323
-0.549871
-0.550106
-0.550575
-0.550732
-0.550967
-0.551436
-0.551515
-0.551749
-0.551906
-0.552376
-0.552845
-0.553002
-0.553315
-0.553315
-0.554019
-0.553941
-0.554254
-0.554958
-0.555037
-0.555272
-0.555506
-0.555976
-0.556446
-0.556602
-0.556524
-0.557072
-0.557228
-0.557463
-0.557463
-0.557854
-0.558089
-0.558089
-0.558715
-0.559107
-0.559185
-0.559420
-0.559811
-0.560124
-0.560359
-0.560829
-0.561298
-0.562081
-0.561846
-0.562394
-0.562472
-0.562785
-0.563020
-0.563490
-0.563568
-0.564038
-0.564116
-0.564351
-0.564742
-0.565212
-0.565212
-0.565760
-0.565681
-0.566464
-0.566464
-0.566934
-0.567169
-0.567325
-0.567560
-0.568030
-0.568108
-0.568343
-0.568499
-0.569047
-0.569282
-0.569751
-0.569986
-0.570299
-0.570847
-0.570691
-0.571239
-0.571239
-0.571630
-0.571630
-0.572491
-0.572491
-0.572961
-0.573352
-0.573274
-0.573822
-0.574056
-0.574448
-0.574761
-0.574839
-0.575309
-0.575622
-0.575857
-0.575857
-0.576404
-0.576561
-0.576874
-0.577031
-0.577500
-0.577578
-0.578126
-0.578361
-0.578361
-0.578753
-0.578909
-0.579770
-0.579692
-0.580553
-0.580396
-0.580944
-0.580944
-0.581492
-0.582040
-0.582118
-0.582353
-0.582744
-0.582979
-0.583136
-0.583370
-0.583527
-0.584075
-0.584075
-0.584701
-0.584936
-0.585405
-0.585562
-0.585953
-0.586266
-0.586501
-0.586501
-0.587206
-0.587206
-0.587675
-0.587988
-0.588380
-0.588615
-0.589006
-0.589319
-0.589475
-0.589945
-0.590258
-0.590728
-0.591119
-0.591119
-0.591510
-0.591980
-0.592215
-0.592371
-0.592919
-0.593076
-0.593546
-0.593546
-0.593937
-0.594172
-0.594485
-0.594641
-0.595111
-0.595502
-0.595502
-0.596050
-0.596285
-0.596363
-0.596833
-0.597146
-0.597459
-0.597616
-0.597929
-0.598242
-0.598242
-0.598555
-0.598868
-0.599181
-0.599337
-0.599807
-0.600198
-0.600512
-0.600746
-0.601059
-0.601607
-0.601920
-0.602312
-0.602860
-0.602860
-0.603251
-0.603642
-0.603877
-0.604347
-0.604503
-0.604816
-0.605051
-0.605286
-0.605756
-0.605912
-0.606225
-0.606303
-0.606773
-0.606851
-0.607399
-0.607947
-0.607947
-0.608104
-0.608808
-0.609278
-0.609356
-0.609591
-0.610060
-0.610374
-0.610530
-0.610687
-0.611078
-0.611469
-0.611391
-0.611861
-0.612565
-0.612017
-0.612565
-0.612800
-0.613269
-0.613113
-0.613896
-0.613896
-0.614052
-0.614678
-0.614991
-0.614991
-0.615461
-0.615618
-0.616244
-0.616322
-0.616557
-0.616948
-0.617105
-0.617496
-0.617574
-0.617966
-0.618122
-0.618357
-0.618905
-0.619061
-0.619296
-0.619766
-0.620001
-0.620470
-0.620549
-0.621253
-0.621488
-0.621801
-0.621879
-0.622192
-0.622505
-0.622975
-0.623131
-0.623288
-0.624149
-0.624306
-0.624540
-0.624619
-0.624932
-0.625401
-0.625636
-0.625949
-0.626184
-0.626106
-0.626497
-0.626888
-0.627280
-0.627749
-0.627984
-0.628219
-0.628297
-0.628767
-0.628923
-0.629471
-0.629550
-0.630097
-0.630411
-0.630567
-0.630724
-0.630880
-0.631428
-0.631428
-0.631819
-0.632211
-0.632289
-0.632759
-0.633072
-0.633307
-0.633698
-0.634011
-0.634324
-0.634324
-0.634794
-0.634950
-0.635420
-0.635576
-0.635811
-0.636359
-0.636359
-0.636750
-0.637220
-0.637142
-0.637220
-0.637924
-0.638159
-0.638238
-0.638629
-0.638942
-0.639490
-0.639099
-0.639803
-0.639881
-0.640273
-0.640507
-0.640742
-0.641212
-0.641447
-0.641838
-0.641916
-0.642621
-0.642777
-0.642855
-0.643325
-0.643638
-0.643951
-0.644030
-0.644499
-0.644656
-0.644969
-0.645204
-0.645438
-0.645908
-0.646299
-0.646456
-0.647082
-0.647473
-0.647552
-0.647708
-0.648100
-0.648100
-0.648334
-0.648961
-0.649039
-0.649195
-0.649665
-0.650056
-0.650056
-0.650604
-0.650682
-0.651074
-0.651309
-0.651778
-0.651935
-0.652170
-0.652483
-0.652796
-0.653109
-0.653187
-0.653344
-0.653735
-0.653657
-0.653735
-0.653970
-0.653813
-0.654205
-0.654126
-0.654048
-0.653735
-0.653892
-0.653657
-0.653500
-0.653578
-0.653500
-0.653109
-0.653031
-0.652874
-0.652952
-0.652170
-0.651856
-0.652091
-0.651935
-0.651700
-0.651074
-0.651074
-0.650917
-0.650369
-0.650056
-0.649900
-0.649587
-0.649274
-0.648804
-0.648569
-0.648647
-0.648334
-0.648021
-0.647630
-0.647317
-0.646926
-0.646691
-0.646534
-0.646065
-0.645830
-0.645517
-0.645204
-0.644969
-0.644734
-0.643873
-0.643560
-0.643716
-0.643403
-0.642934
-0.642464
-0.642229
-0.641995
-0.641368
-0.640899
-0.640586
-0.640351
-0.640194
-0.640038
-0.639646
-0.639412
-0.638864
-0.638864
-0.638081
-0.638081
-0.637611
-0.637064
-0.636907
-0.636750
-0.636203
-0.635733
-0.635342
-0.635420
-0.634794
-0.634481
-0.634402
-0.634011
-0.633541
-0.633541
-0.633072
-0.632524
-0.632211
-0.632211
-0.631585
-0.631350
-0.631115
-0.630724
-0.629784
-0.629628
-0.629628
-0.629158
-0.628767
-0.628297
-0.628297
-0.627749
-0.627593
-0.627045
-0.626654
-0.626341
-0.625714
-0.625636
-0.625871
-0.624932
-0.624853
-0.624384
-0.624227
-0.623914
-0.623445
-0.623445
-0.623131
-0.622740
-0.622427
-0.621957
-0.621566
-0.621096
-0.620392
-0.620236
-0.620001
-0.619453
-0.619375
-0.619140
-0.618827
-0.618357
-0.618122
-0.617887
-0.617574
-0.617183
-0.617183
-0.616713
-0.616400
-0.615852
-0.615696
-0.615148
-0.614991
-0.614678
-0.614287
-0.614130
-0.613583
-0.613583
-0.612800
-0.612565
-0.612095
-0.611861
-0.611548
-0.611078
-0.610843
-0.610374
-0.610139
-0.609904
-0.609591
-0.609513
-0.608965
-0.608965
-0.608338
-0.607947
-0.607399
-0.607556
-0.606930
-0.606538
-0.606303
-0.605990
-0.605443
-0.605129
-0.604738
-0.604503
-0.604503
-0.604268
-0.603721
-0.603486
-0.603094
-0.602547
-0.602390
-0.602155
-0.601451
-0.601216
-0.601059
-0.600512
-0.600120
-0.599885
-0.599416
-0.598946
-0.598476
-0.598476
-0.598163
-0.597616
-0.597302
-0.597068
-0.596911
-0.596520
-0.596207
-0.595659
-0.595267
-0.594876
-0.594720
-0.594563
-0.594328
-0.593624
-0.593546
-0.593232
-0.592919
-0.592685
-0.592450
-0.591902
-0.591667
-0.591354
-0.590806
-0.590493
-0.590180
-0.590258
-0.589710
-0.589632
-0.589006
-0.588693
-0.588145
-0.588301
-0.587754
-0.587519
-0.587127
-0.587049
-0.586501
-0.586110
-0.586032
-0.585484
-0.585014
-0.584858
-0.584623
-0.584075
-0.583997
-0.583840
-0.583605
-0.583136
-0.582901
-0.582509
-0.582275
-0.581883
-0.581257
-0.580553
-0.580318
-0.580083
-0.579613
-0.579535
-0.578831
-0.579066
-0.578674
-0.578205
-0.577813
-0.577500
-0.576874
-0.576483
-0.576248
-0.575935
-0.575622
-0.575152
-0.574682
-0.574839
-0.574369
-0.574056
-0.573665
-0.573195
-0.573117
-0.572804
-0.572647
-0.572334
-0.572021
-0.571552
-0.571395
-0.570769
-0.570534
-0.570143
-0.569751
-0.569595
-0.569360
-0.568812
-0.568499
-0.567951
-0.567716
-0.567873
-0.567638
-0.566777
-0.566229
-0.566073
-0.565760
-0.565447
-0.565055
-0.564820
-0.564664
-0.564038
-0.563803
-0.563412
-0.563020
-0.562629
-0.562472
-0.562081
-0.561690
-0.561533
-0.561220
-0.560594
-0.560046
-0.559655
-0.559498
-0.559185
-0.558715
-0.558324
-0.558011
-0.557541
-0.557463
-0.557228
-0.556680
-0.556054
-0.556054
-0.555741
-0.555272
-0.555115
-0.554645
-0.554332
-0.554019
-0.554019
-0.553237
-0.553002
-0.552689
-0.552532
-0.552219
-0.551749
-0.551358
-0.550967
-0.550575
-0.550419
-0.550262
-0.549793
-0.549480
-0.549480
-0.549167
-0.548853
-0.548619
-0.548227
-0.547679
-0.547210
-0.546897
-0.546818
-0.546505
-0.545957
-0.545801
-0.545410
-0.545253
-0.544862
-0.544627
-0.544157
-0.544079
-0.543453
-0.543140
-0.542983
-0.542514
-0.542201
-0.541966
-0.541887
-0.541418
-0.541261
-0.540792
-0.540244
-0.540087
-0.539931
-0.539383
-0.539383
-0.538757
-0.538287
-0.538130
-0.537817
-0.537270
-0.536956
-0.536643
-0.536252
-0.536174
-0.536017
-0.535704
-0.535391
-0.534765
-0.534374
-0.534452
-0.534139
-0.533747
-0.533199
-0.532808
-0.532573
-0.532260
-0.531947
-0.531634
-0.531243
-0.530851
-0.530695
-0.530382
-0.529834
-0.529834
-0.529208
-0.528660
-0.528660
-0.528034
-0.527721
-0.527486
-0.527408
-0.527016
-0.526625
-0.525920
-0.526077
-0.525451
-0.524981
-0.524590
-0.524512
-0.524512
-0.524198
-0.523572
-0.522790
-0.522633
-0.522320
-0.521772
-0.521616
-0.521302
-0.521146
-0.520755
-0.520755
-0.520128
-0.519659
-0.519189
-0.518954
-0.518720
-0.518328
-0.517859
-0.517624
-0.517311
-0.517076
-0.516685
-0.516293
-0.516137
-0.515745
-0.515511
-0.514884
-0.514806
-0.514415
-0.513867
-0.513710
-0.513241
-0.513162
-0.512849
-0.512223
-0.511675
-0.511519
-0.511049
-0.510893
-0.510345
-0.510266
-0.510032
-0.509562
-0.509484
-0.508936
-0.508466
-0.508310
-0.507762
-0.507605
-0.507214
-0.506744
-0.506431
-0.506196
-0.505962
-0.505649
-0.505335
-0.505022
-0.504788
-0.504631
-0.504161
-0.503692
-0.503300
-0.503144
-0.503144
-0.502596
-0.502048
-0.501578
-0.501422
-0.500952
-0.500561
-0.500483
-0.500091
-0.499622
-0.499074
-0.499152
-0.498761
-0.498604
-0.498135
-0.497822
-0.497352
-0.497117
-0.496726
-0.496647
-0.496256
-0.495865
-0.495630
-0.495317
-0.494847
-0.494769
-0.494299
-0.494065
-0.493830
-0.493595
-0.493125
-0.492577
-0.492421
-0.492421
-0.491951
-0.491717
-0.491482
-0.490856
-0.490699
-0.490464
-0.489760
-0.489603
-0.489447
-0.489134
-0.488586
-0.488429
-0.487881
-0.487803
-0.487725
-0.487099
-0.486864
-0.486551
-0.486081
-0.485846
-0.485925
-0.485377
-0.484907
-0.484594
-0.484516
-0.484124
-0.483811
-0.483655
-0.483185
-0.482559
-0.482637
-0.482246
-0.481855
-0.481620
-0.481150
-0.480994
-0.480524
-0.480289
-0.480054
-0.479663
-0.479193
-0.478802
-0.478332
-0.478332
-0.477863
-0.477628
-0.477315
-0.476845
-0.476689
-0.476610
-0.475828
-0.475906
-0.475280
-0.474967
-0.474888
-0.474654
-0.474028
-0.473793
-0.473714
-0.473323
-0.472932
-0.472540
-0.472384
-0.472071
-0.471758
-0.471210
-0.471210
-0.470740
-0.470349
-0.469879
-0.469723
-0.469566
-0.469018
-0.468705
-0.468627
-0.468236
-0.467688
-0.467375
-0.467140
-0.466827
-0.466748
-0.466044
-0.465966
-0.465887
-0.465418
-0.465105
-0.464635
-0.464479
-0.464322
-0.463852
-0.463618
-0.463226
-0.462913
-0.462757
-0.462287
-0.462209
-0.461817
-0.461270
-0.461270
-0.460800
-0.460330
-0.459939
-0.459548
-0.459469
-0.459235
-0.458765
-0.458765
-0.458452
-0.457982
-0.457669
-0.457591
-0.456965
-0.456652
-0.456495
-0.456182
-0.455791
-0.455478
-0.455243
-0.455086
-0.454538
-0.454147
-0.453990
-0.453364
-0.453208
-0.453208
-0.452816
-0.452425
-0.452269
-0.451799
-0.451408
-0.451173
-0.450625
-0.450312
-0.450077
-0.449842
-0.449607
-0.449059
-0.448825
-0.448355
-0.448042
-0.447729
-0.447572
-0.447572
-0.447416
-0.447181
-0.446555
-0.446398
-0.445772
-0.445772
-0.445224
-0.445068
-0.444989
-0.444520
-0.444207
-0.443737
-0.443737
-0.443424
-0.443111
-0.442720
-0.442407
-0.442015
-0.441624
-0.441076
-0.440841
-0.440528
-0.439980
-0.439902
-0.439511
-0.439197
-0.439119
-0.438806
-0.438415
-0.438258
-0.437632
-0.437476
-0.437241
-0.436771
-0.436145
-0.436067
-0.435675
-0.435284
-0.435441
-0.434814
-0.434580
-0.434110
-0.433875
-0.433562
-0.433327
-0.432701
-0.432310
-0.432153
-0.431840
-0.431527
-0.431136
-0.430979
-0.430588
-0.430275
-0.429962
-0.429805
-0.429257
-0.429022
-0.428631
-0.428396
-0.428083
-0.427535
-0.427144
-0.427144
-0.426518
-0.426283
-0.426126
-0.425579
-0.425500
-0.425031
-0.424952
-0.424404
-0.424248
-0.423857
-0.423544
-0.423700
-0.422996
-0.422604
-0.422291
-0.421822
-0.421508
-0.421195
-0.420961
-0.420726
-0.420100
-0.420021
-0.419395
-0.419082
-0.418613
-0.418299
-0.417986
-0.417517
-0.417282
-0.417125
-0.416891
-0.416656
-0.416108
-0.415717
-0.415403
-0.415247
-0.415090
-0.414542
-0.414464
-0.413995
-0.413760
-0.413212
-0.413055
-0.412664
-0.412429
-0.412194
-0.411803
-0.411490
-0.411177
-0.410786
-0.410238
-0.410238
-0.409690
-0.409768
-0.409064
-0.408437
-0.408829
-0.408672
-0.408203
-0.407811
-0.407185
-0.407107
-0.406559
-0.406716
-0.406089
-0.405698
-0.405698
-0.405307
-0.404994
-0.404680
-0.404446
-0.403976
-0.404133
-0.403506
-0.403193
-0.402880
-0.402489
-0.402019
-0.401628
-0.401237
-0.400924
-0.400532
-0.400376
-0.400297
-0.400063
-0.399280
-0.398967
-0.398497
-0.398262
-0.398106
-0.397871
-0.397480
-0.396854
-0.396775
-0.396540
-0.396306
-0.395758
-0.395523
-0.395210
-0.395053
-0.394740
-0.394271
-0.394036
-0.393879
-0.393488
-0.393253
-0.392862
-0.392783
-0.392627
-0.392157
-0.391923
-0.391453
-0.391140
-0.391062
-0.390435
-0.390201
-0.389966
-0.389653
-0.389418
-0.389027
-0.388713
-0.388479
-0.388166
-0.387696
-0.387696
-0.387070
-0.387226
-0.386678
-0.386444
-0.386444
-0.385739
-0.385426
-0.385270
-0.385035
-0.384565
-0.384174
-0.384096
-0.383861
-0.383626
-0.383000
-0.383078
-0.382765
-0.382217
-0.381904
-0.381434
-0.380886
-0.380417
-0.380339
-0.380182
-0.379791
-0.379791
-0.379399
-0.379008
-0.378695
-0.378382
-0.378069
-0.377443
-0.377521
-0.377443
-0.376973
-0.376503
-0.376190
-0.375799
-0.375329
-0.375564
-0.374938
-0.374547
-0.374390
-0.373920
-0.373451
-0.373451
-0.373216
-0.373059
-0.372590
-0.372120
-0.372042
-0.371885
-0.371338
-0.371181
-0.370633
-0.370477
-0.369929
-0.369772
-0.369303
-0.368755
-0.368833
-0.368833
-0.368363
-0.368363
-0.368128
-0.367815
-0.367424
-0.367189
-0.366954
-0.366641
-0.366407
-0.365780
-0.365467
-0.365154
-0.364685
-0.364606
-0.364685
-0.364293
-0.364137
-0.363745
-0.363354
-0.363198
-0.362963
-0.362415
-0.362258
-0.362102
-0.361867
-0.361162
-0.360693
-0.360849
-0.360458
-0.359754
-0.359597
-0.359284
-0.358971
-0.358658
-0.358345
-0.357797
-0.357484
-0.357171
-0.357171
-0.356623
-0.356466
-0.356623
-0.356075
-0.355762
-0.355214
-0.354823
-0.354744
-0.354510
-0.354196
-0.353570
-0.353336
-0.353022
-0.353022
-0.352475
-0.352553
-0.352161
-0.351535
-0.351144
-0.350753
-0.350909
-0.350518
-0.350440
-0.349735
-0.349735
-0.349579
-0.349187
-0.348796
-0.348561
-0.348483
-0.348091
-0.347935
-0.347152
-0.346996
-0.346526
-0.346291
-0.346369
-0.345978
-0.345509
-0.345509
-0.345352
-0.344882
-0.344569
-0.344334
-0.344021
-0.343552
-0.343395
-0.342926
-0.342456
-0.342221
-0.341830
-0.341986
-0.341595
-0.341517
-0.341204
-0.340891
-0.340812
-0.340186
-0.339638
-0.339482
-0.339169
-0.338621
-0.338543
-0.338229
-0.337838
-0.337838
-0.337525
-0.337212
-0.336821
-0.336508
-0.336194
-0.335960
-0.335803
-0.335177
-0.335020
-0.334629
-0.334003
-0.334081
-0.333925
-0.333768
-0.333298
-0.332751
-0.332672
-0.332359
-0.332046
-0.331811
-0.331342
-0.330950
-0.330950
-0.330794
-0.330481
-0.330089
-0.330089
-0.329541
-0.329463
-0.328915
-0.328524
-0.327898
-0.327820
-0.327663
-0.327428
-0.327350
-0.327272
-0.326802
-0.326411
-0.326019
-0.325941
-0.325628
-0.325315
-0.325550
-0.324610
-0.324376
-0.324141
-0.323671
-0.323358
-0.323280
-0.323202
-0.322967
-0.322497
-0.322028
-0.321715
-0.321558
-0.321088
-0.320932
-0.320697
-0.320384
-0.319758
-0.319914
-0.319366
-0.319210
-0.318897
-0.318740
-0.318505
-0.318036
-0.317566
-0.317566
-0.317097
-0.317018
-0.316862
-0.316470
-0.316157
-0.316001
-0.315766
-0.315375
-0.314748
-0.314748
-0.314201
-0.314279
-0.313888
-0.313340
-0.313027
-0.313027
-0.312479
-0.312557
-0.312322
-0.312166
-0.311774
-0.311148
-0.310757
-0.310757
-0.310052
-0.309818
-0.309739
-0.309661
-0.309270
-0.309426
-0.308878
-0.308643
-0.308330
-0.308096
-0.307626
-0.307391
-0.307313
-0.306687
-0.306530
-0.306295
-0.306295
-0.306139
-0.305591
-0.305200
-0.304730
-0.304808
-0.304417
-0.304104
-0.303556
-0.303243
-0.303086
-0.303008
-0.302851
-0.302460
-0.302225
-0.302069
-0.301756
-0.301756
-0.301208
-0.301051
-0.300582
-0.300190
-0.299799
-0.299642
-0.299173
-0.299251
-0.298860
-0.298703
-0.298312
-0.298077
-0.297842
-0.297294
-0.296981
-0.296746
-0.296433
-0.295964
-0.296120
-0.295651
-0.295729
-0.295416
-0.294946
-0.294868
-0.294320
-0.294242
-0.293772
-0.293381
-0.293224
-0.292989
-0.292598
-0.292755
-0.292363
-0.292207
-0.291894
-0.291268
-0.291111
-0.291111
-0.290485
-0.290094
-0.290094
-0.289859
-0.289702
-0.289233
-0.288998
-0.288841
-0.288841
-0.288293
-0.288215
-0.288058
-0.287511
-0.287511
-0.286963
-0.286728
-0.286337
-0.286180
-0.285945
-0.285554
-0.285789
-0.285319
-0.285084
-0.284380
-0.284458
-0.284145
-0.283832
-0.283362
-0.282893
-0.282736
-0.282736
-0.282267
-0.282188
-0.281640
-0.281719
-0.281327
-0.280701
-0.280466
-0.280388
-0.279918
-0.279684
-0.279449
-0.279136
-0.278744
-0.278901
-0.278666
-0.278118
-0.277727
-0.277570
-0.277257
-0.277257
-0.277022
-0.276788
-0.276475
-0.276161
-0.275770
-0.275457
-0.275535
-0.275301
-0.275066
-0.274440
-0.274283
-0.274283
-0.273970
-0.273500
-0.273500
-0.273187
-0.273031
-0.272874
-0.272639
-0.272326
-0.272013
-0.271700
-0.271778
-0.271152
-0.270761
-0.270839
-0.270370
-0.270135
-0.269743
-0.269743
-0.269509
-0.269039
-0.269039
-0.268804
-0.268491
-0.268256
-0.267708
-0.267552
-0.267395
-0.266847
-0.266769
-0.266456
-0.266534
-0.266221
-0.265752
-0.265752
-0.265360
-0.265204
-0.264891
-0.264578
-0.264343
-0.263873
-0.264030
-0.263717
-0.263638
-0.263169
-0.262934
-0.262543
-0.262308
-0.262229
-0.261682
-0.261603
-0.261290
-0.260977
-0.260586
-0.260273
-0.260351
-0.260116
-0.259881
-0.259490
-0.259099
-0.259020
-0.258864
-0.258786
-0.258316
-0.258003
-0.257768
-0.257846
-0.257455
-0.256985
-0.256829
-0.256907
-0.256594
-0.256281
-0.255733
-0.255577
-0.255342
-0.255498
-0.254950
-0.254481
-0.254481
-0.254168
-0.254246
-0.253620
-0.253620
-0.253385
-0.253072
-0.252915
-0.252524
-0.252446
-0.252367
-0.252211
-0.251976
-0.251663
-0.251350
-0.251272
-0.251115
-0.250802
-0.250802
-0.250411
-0.250176
-0.249550
-0.249471
-0.249315
-0.248845
-0.248845
-0.248532
-0.248297
-0.248063
-0.248063
-0.248063
-0.247515
-0.247280
-0.246967
-0.246810
-0.246732
-0.246419
-0.246341
-0.246028
-0.245715
-0.245793
-0.245480
-0.245167
-0.244775
-0.244384
-0.244306
-0.244306
-0.243993
-0.243836
-0.243758
-0.243366
-0.243053
-0.243053
-0.242740
-0.242505
-0.242584
-0.241958
-0.241723
-0.241488
-0.241097
-0.240862
-0.240549
-0.240236
-0.240470
-0.240314
-0.239844
-0.239688
-0.239375
-0.239140
-0.238592
-0.238749
-0.238592
-0.238435
-0.238044
-0.238279
-0.238044
-0.237183
-0.237183
-0.237105
-0.236714
-0.236479
-0.236166
-0.236244
-0.235931
-0.235774
-0.235853
-0.235383
-0.235226
-0.235148
-0.234835
-0.234600
-0.234365
-0.234287
-0.233739
-0.233974
-0.233661
-0.233661
-0.233348
-0.233113
-0.233035
-0.233035
-0.233113
-0.232800
-0.232565
-0.232409
-0.231939
-0.231783
-0.231783
-0.231391
-0.231000
-0.231000
-0.230765
-0.230374
-0.230295
-0.230139
-0.229982
-0.229513
-0.229513
-0.229121
-0.229356
-0.228808
-0.228808
-0.228417
-0.228339
-0.228104
-0.227947
-0.227321
-0.227399
-0.227321
-0.226773
-0.226617
-0.226460
-0.226382
-0.226225
-0.226069
-0.225834
-0.225912
-0.225756
-0.225286
-0.225130
-0.224738
-0.224660
-0.224425
-0.224347
-0.224425
-0.224190
-0.224034
-0.224034
-0.223877
-0.223642
-0.223329
-0.223016
-0.222938
-0.222860
-0.222625
-0.222312
-0.222155
-0.222155
-0.222077
-0.221607
-0.221373
-0.221294
-0.221373
-0.220981
-0.220668
-0.221216
-0.220590
-0.220199
-0.220042
-0.220199
-0.220355
-0.219494
-0.219651
-0.219338
-0.218633
-0.218790
-0.218633
-0.218477
-0.218398
-0.218085
-0.218320
-0.218085
-0.217929
-0.217616
-0.217537
-0.217146
-0.217068
-0.216755
-0.216833
-0.216598
-0.216520
-0.216129
-0.216207
-0.216207
-0.215972
-0.215972
-0.215502
-0.215424
-0.215111
-0.215033
-0.214798
-0.214720
-0.214328
-0.214485
-0.214407
-0.214407
-0.214172
-0.213859
-0.213624
-0.213233
-0.213467
-0.213311
-0.213154
-0.212763
-0.212841
-0.212919
-0.212685
-0.212606
-0.212450
-0.212137
-0.212059
-0.211824
-0.211824
-0.211824
-0.211589
-0.211276
-0.211354
-0.211119
-0.211198
-0.210806
-0.210650
-0.210415
-0.210415
-0.210337
-0.210258
-0.210024
-0.210102
-0.209319
-0.209867
-0.209632
-0.209632
-0.209554
-0.209084
-0.208771
-0.208615
-0.208693
-0.208771
-0.208380
-0.208615
-0.207989
-0.208223
-0.208380
-0.207832
-0.207832
-0.207675
-0.207362
-0.207519
-0.207362
-0.207206
-0.207206
-0.207206
-0.207049
-0.206658
-0.206736
-0.206501
-0.206580
-0.206345
-0.206188
-0.206188
-0.206110
-0.205875
-0.206188
-0.205953
-0.205562
-0.205484
-0.205406
-0.205249
-0.205171
-0.205327
-0.205249
-0.205171
-0.205171
-0.204936
-0.204779
-0.204701
-0.204779
-0.204701
-0.204545
-0.204466
-0.204388
-0.204310
-0.204232
-0.204153
-0.203997
-0.203997
-0.203684
-0.203840
-0.203762
-0.203840
-0.203527
-0.203292
-0.203292
-0.203371
-0.203058
-0.202823
-0.202901
-0.202901
-0.202979
-0.203058
-0.202901
-0.202823
-0.202666
-0.202510
-0.202510
-0.202588
-0.202510
-0.202353
-0.202510
-0.202510
-0.202353
-0.201883
-0.202118
-0.202197
-0.201805
-0.201962
-0.201805
-0.201805
-0.201649
-0.201336
-0.201649
-0.201179
-0.201492
-0.201336
-0.201336
-0.200944
-0.201492
-0.201414
-0.201336
-0.200944
-0.201022
-0.201257
-0.200866
-0.200944
-0.200788
-0.200631
-0.200475
-0.200866
-0.200788
-0.200631
-0.200553
-0.200553
-0.200553
-0.200631
-0.200631
-0.200240
-0.199770
-0.200083
-0.200475
-0.200866
-0.200631
-0.200162
-0.200005
-0.200162
-0.200083
-0.199614
-0.200240
-0.200083
-0.200240
-0.200005
-0.200240
-0.200475
-0.200083
-0.199848
-0.199927
-0.199927
-0.199848
-0.199927
-0.199692
-0.200005
-0.200083
-0.200162
-0.200396
-0.200396
-0.200083
-0.199770
-0.200005
-0.200083
-0.200083
-0.200318
-0.200083
-0.200240
-0.200475
-0.200240
-0.200318
-0.200396
-0.200318
-0.200396
-0.200240
-0.200240
-0.200318
-0.200396
-0.200162
-0.200396
-0.200553
-0.200475
-0.200631
-0.200318
-0.200318
-0.200553
-0.200240
-0.200318
-0.200709
-0.200396
-0.200553
-0.200553
-0.200944
-0.200866
-0.200788
-0.200709
-0.200944
-0.200788
-0.200788
-0.200709
-0.200944
-0.201022
-0.200631
-0.200788
-0.201022
-0.201336
-0.201022
-0.201257
-0.201101
-0.201101
-0.201101
-0.201414
-0.201101
-0.201492
-0.201805
-0.201883
-0.201727
-0.201883
-0.201805
-0.201492
-0.201570
-0.201883
-0.201962
-0.201649
-0.201962
-0.202275
-0.202040
-0.202040
-0.202118
-0.202118
-0.201883
-0.202197
-0.202197
-0.202197
-0.202197
-0.202510
-0.202666
-0.202744
-0.202744
-0.202588
-0.202823
-0.202901
-0.202823
-0.202823
-0.202823
-0.202901
-0.203058
-0.203136
-0.203371
-0.203058
-0.203527
-0.203292
-0.203136
-0.203136
-0.203214
-0.203449
-0.203371
-0.203605
-0.203684
-0.204075
-0.204153
-0.203997
-0.203997
-0.203997
-0.203997
-0.203997
-0.204153
-0.203997
-0.204310
-0.204466
-0.204466
-0.204623
-0.204623
-0.204701
-0.204701
-0.204779
-0.204779
-0.204936
-0.204701
-0.204936
-0.205249
-0.205171
-0.205406
-0.205484
-0.205484
-0.205249
-0.205327
-0.205327
-0.205640
-0.205093
-0.205562
-0.205719
-0.205719
-0.205797
-0.206110
-0.206110
-0.205719
-0.205953
-0.205875
-0.205953
-0.206345
-0.206423
-0.206658
-0.206814
-0.206658
-0.206736
-0.206580
-0.206736
-0.206814
-0.206658
-0.206893
-0.206501
-0.206893
-0.207128
-0.207206
-0.207284
-0.207441
-0.207519
-0.207362
-0.207362
-0.207284
-0.207284
-0.207675
-0.207597
-0.207362
-0.207832
-0.208145
-0.207910
-0.207989
-0.207675
-0.207754
-0.207754
-0.208145
-0.207832
-0.208223
-0.208145
-0.208536
-0.208380
-0.208302
-0.208145
-0.208223
-0.208223
-0.208302
-0.208223
-0.207989
-0.208223
-0.208458
-0.208771
-0.208536
-0.208615
-0.208458
-0.208536
-0.208536
-0.208380
-0.208302
-0.208536
-0.208536
-0.208615
-0.209241
-0.208849
-0.209084
-0.209006
-0.208693
-0.208536
-0.208223
-0.208771
-0.208771
-0.208849
-0.208536
-0.208536
-0.208928
-0.208693
-0.208536
-0.208615
-0.208928
-0.208771
-0.208615
-0.208849
-0.208615
-0.208615
-0.208458
-0.208615
-0.208771
-0.208615
-0.208693
-0.208615
-0.208380
-0.208302
-0.208615
-0.208615
-0.208458
-0.208302
-0.208302
-0.208145
-0.208145
-0.208067
-0.207910
-0.207910
-0.207675
-0.207754
-0.207675
-0.207362
-0.207675
-0.207519
-0.207754
-0.207441
-0.207284
-0.207206
-0.206814
-0.206893
-0.207206
-0.206658
-0.206658
-0.206814
-0.206814
-0.206423
-0.206345
-0.206423
-0.206267
-0.206032
-0.205953
-0.205562
-0.205249
-0.205484
-0.205484
-0.205249
-0.205093
-0.205093
-0.204701
-0.204701
-0.204623
-0.204388
-0.204075
-0.204388
-0.203997
-0.203918
-0.203762
-0.203762
-0.203371
-0.202979
-0.203214
-0.202823
-0.202744
-0.202431
-0.202040
-0.201805
-0.201727
-0.201883
-0.201492
-0.201101
-0.201179
-0.200788
-0.200240
-0.200240
-0.199848
-0.199692
-0.199301
-0.199222
-0.199066
-0.198831
-0.198361
-0.197970
-0.197657
-0.197422
-0.197109
-0.196952
-0.196874
-0.196561
-0.196248
-0.196091
-0.195935
-0.195074
-0.194996
-0.194683
-0.194604
-0.194526
-0.193978
-0.193665
-0.193196
-0.192961
-0.192961
-0.192726
-0.192256
-0.191787
-0.191317
-0.191239
-0.191160
-0.190456
-0.190143
-0.189908
-0.189752
-0.189125
-0.188734
-0.188030
-0.187717
-0.187404
-0.186777
-0.186777
-0.186308
-0.185916
-0.185447
-0.185290
-0.184821
-0.184194
-0.183881
-0.183647
-0.183099
-0.182629
-0.182316
-0.181925
-0.181299
-0.180907
-0.180751
-0.180359
-0.179655
-0.179107
-0.178794
-0.178559
-0.178089
-0.177463
-0.177150
-0.177072
-0.176289
-0.175976
-0.175428
-0.174959
-0.174489
-0.173863
-0.173706
-0.173080
-0.172532
-0.172141
-0.171358
-0.170967
-0.170419
-0.169871
-0.169245
-0.169010
-0.168697
-0.168149
-0.167601
-0.166975
-0.166427
-0.165801
-0.165331
-0.164705
-0.163923
-0.163375
-0.163218
-0.162827
-0.161966
-0.161496
-0.160948
-0.160322
-0.159539
-0.159148
-0.158131
-0.157426
-0.157035
-0.156565
-0.156252
-0.155704
-0.154922
-0.154061
-0.153982
-0.153513
-0.152730
-0.152182
-0.151556
-0.151321
-0.150538
-0.149678
-0.149130
-0.148738
-0.148190
-0.147486
-0.146938
-0.146077
-0.145294
-0.144747
-0.144668
-0.144042
-0.143494
-0.142868
-0.142164
-0.141537
-0.140676
-0.140363
-0.139346
-0.138563
-0.138172
-0.137780
-0.137233
-0.136763
-0.135824
-0.135041
-0.134650
-0.133945
-0.133163
-0.132223
-0.131754
-0.131441
-0.130658
-0.130110
-0.129171
-0.128466
-0.128075
-0.127214
-0.126353
-0.125414
-0.124944
-0.124240
-0.123692
-0.123535
-0.122831
-0.121892
-0.121109
-0.119935
-0.119465
-0.118448
-0.117900
-0.117039
-0.116648
-0.116178
-0.115552
-0.114613
-0.113986
-0.113047
-0.112186
-0.111717
-0.110621
-0.110151
-0.109916
-0.109134
-0.108586
-0.107490
-0.106707
-0.106081
-0.105690
-0.104672
-0.103968
-0.103107
-0.102950
-0.102246
-0.102011
-0.100994
-0.099976
-0.099115
-0.098567
-0.097863
-0.097002
-0.096532
-0.095750
-0.095358
-0.094967
-0.094341
-0.093636
-0.092541
-0.091758
-0.091132
-0.090740
-0.089801
-0.089018
-0.088549
-0.088079
-0.086983
-0.086436
-0.085496
-0.084479
-0.083853
-0.082992
-0.082522
-0.081661
-0.080957
-0.080017
-0.079469
-0.078843
-0.077434
-0.076887
-0.075947
-0.075634
-0.074539
-0.073991
-0.073521
-0.072895
-0.072503
-0.071643
-0.070625
-0.069529
-0.069060
-0.068512
-0.067494
-0.067025
-0.066320
-0.066007
-0.065303
-0.064677
-0.063268
-0.062720
-0.062094
-0.061311
-0.060606
-0.059746
-0.059119
-0.058571
-0.058337
-0.057476
-0.056536
-0.055519
-0.054815
-0.054188
-0.053562
-0.052779
-0.052075
-0.051684
-0.051214
-0.050666
-0.049414
-0.048318
-0.047849
-0.047066
-0.046518
-0.045657
-0.045031
-0.044718
-0.044326
-0.043778
-0.042996
-0.041430
-0.040804
-0.040022
-0.039161
-0.038378
-0.037752
-0.037360
-0.036812
-0.036421
-0.035247
-0.033916
-0.033369
-0.032742
-0.032429
-0.031647
-0.031099
-0.030238
-0.029690
-0.029455
-0.028359
-0.027498
-0.026324
-0.025933
-0.025307
-0.024681
-0.024133
-0.023820
-0.023115
-0.022880
-0.022411
-0.021237
-0.020141
-0.019593
-0.018654
-0.018184
-0.017245
-0.016854
-0.016384
-0.015914
-0.015053
-0.014506
-0.013097
-0.012549
-0.012079
-0.011531
-0.010592
-0.010357
-0.009888
-0.009340
-0.008635
-0.007774
-0.006835
-0.006287
-0.005583
-0.005035
-0.004644
-0.004017
-0.003470
-0.003078
-0.002295
-0.001748
-0.000495
-0.000026
0.000444
0.000835
0.001383
0.002088
0.002636
0.002714
0.003496
0.004123
0.005140
0.005688
0.006471
0.006706
0.007253
0.007567
0.008427
0.008975
0.009367
0.010306
0.010854
0.011950
0.012419
0.012967
0.013593
0.014376
0.014533
0.014924
0.015237
0.015941
0.016959
0.017898
0.018211
0.019150
0.019777
0.020559
0.021185
0.021655
0.022203
0.022907
0.023534
0.024316
0.024708
0.025334
0.025647
0.026430
0.027056
0.027290
0.027760
0.028778
0.029560
0.030186
0.030813
0.031204
0.031752
0.032143
0.032926
0.033474
0.034100
0.034335
0.035196
0.035900
0.036526
0.036918
0.037074
0.037857
0.038874
0.039031
0.039735
0.040831
0.041301
0.042162
0.042788
0.043179
0.043884
0.044275
0.044823
0.045214
0.045762
0.046388
0.047171
0.047875
0.048423
0.048658
0.049128
0.049989
0.050458
0.050928
0.051632
0.052102
0.052885
0.053276
0.053824
0.054450
0.054841
0.055468
0.055624
0.056485
0.057111
0.057503
0.058207
0.058598
0.059381
0.060007
0.060399
0.060790
0.061494
0.062042
0.062590
0.063295
0.063842
0.064234
0.064860
0.065330
0.065643
0.066191
0.066895
0.067678
0.068226
0.068695
0.069165
0.069713
0.070417
0.070809
0.071591
0.071826
0.072061
0.072687
0.073313
0.073626
0.074644
0.075113
0.075974
0.076600
0.077148
0.077540
0.078009
0.078635
0.079105
0.079966
0.080749
0.080905
0.082001
0.082392
0.082940
0.083253
0.083801
0.084271
0.085132
0.085210
0.085680
0.086932
0.087402
0.087871
0.088028
0.088576
0.089124
0.089515
0.090141
0.090846
0.091315
0.092098
0.092489
0.092646
0.092959
0.093820
0.094603
0.094837
0.095463
0.096168
0.096324
0.096872
0.097499
0.097890
0.098203
0.098438
0.099299
0.099455
0.100551
0.101334
0.101569
0.102116
0.102508
0.102977
0.103212
0.103838
0.104073
0.104621
0.105717
0.106030
0.106500
0.106813
0.107204
0.107439
0.107987
0.108221
0.109082
0.109709
0.110100
0.110804
0.111509
0.111900
0.112135
0.112839
0.112996
0.113231
0.114013
0.114718
0.115109
0.115657
0.115970
0.116596
0.117066
0.117379
0.117849
0.117927
0.118788
0.119336
0.120432
0.120353
0.121136
0.121606
0.122075
0.122467
0.122701
0.123014
0.123562
0.123954
0.124893
0.125206
0.125910
0.126067
0.126458
0.126771
0.127006
0.127554
0.128180
0.128650
0.128963
0.129667
0.130137
0.130294
0.130685
0.131233
0.131781
0.131859
0.132250
0.132720
0.133268
0.134050
0.134364
0.134677
0.135459
0.135851
0.135851
0.136242
0.136790
0.137260
0.138121
0.138512
0.138747
0.139295
0.139764
0.140390
0.140625
0.141017
0.141173
0.141643
0.142660
0.143052
0.143599
0.143756
0.143912
0.144617
0.144617
0.145165
0.145713
0.146495
0.146730
0.147278
0.147356
0.147983
0.148296
0.148843
0.149313
0.149313
0.149861
0.150409
0.151270
0.151348
0.151739
0.152209
0.152522
0.152835
0.153227
0.153618
0.154009
0.154792
0.155340
0.155653
0.155966
0.156279
0.157140
0.157297
0.157453
0.158001
0.158314
0.159253
0.159332
0.159801
0.160349
0.161132
0.161445
0.161601
0.162228
0.162619
0.163010
0.163793
0.164184
0.164341
0.165045
0.165045
0.165828
0.165750
0.166219
0.166454
0.167002
0.167785
0.168020
0.168411
0.168881
0.169115
0.169585
0.169976
0.170211
0.170681
0.171542
0.171698
0.172246
0.172794
0.173185
0.173264
0.173577
0.174203
0.174594
0.174829
0.175533
0.175847
0.176316
0.176629
0.177412
0.177412
0.178116
0.178273
0.178586
0.179290
0.179917
0.179995
0.180621
0.181091
0.181482
0.181873
0.182108
0.182734
0.183204
0.183830
0.184065
0.184456
0.185161
0.185239
0.185787
0.186256
0.186491
0.186961
0.187352
0.187744
0.188291
0.188213
0.188918
0.189309
0.189700
0.190013
0.190561
0.190874
0.191344
0.191579
0.192518
0.192909
0.193301
0.193536
0.194005
0.194553
0.194710
0.195023
0.195571
0.195962
0.196432
0.196588
0.196979
0.197684
0.197919
0.198075
0.198623
0.199014
0.199562
0.199954
0.200971
0.200815
0.201441
0.201676
0.202223
0.202615
0.203006
0.203006
0.203711
0.204415
0.204493
0.204885
0.205354
0.205980
0.206215
0.206607
0.206841
0.207154
0.207859
0.208250
0.208720
0.208798
0.209346
0.209581
0.210207
0.210833
0.210833
0.211225
0.211851
0.212477
0.212477
0.212946
0.213338
0.213729
0.214277
0.214590
0.214668
0.215295
0.215764
0.216156
0.216469
0.216625
0.217016
0.217408
0.217799
0.218504
0.218425
0.218895
0.219599
0.219834
0.220695
0.220539
0.221087
0.221713
0.221869
0.222339
0.222730
0.222965
0.223356
0.223669
0.224061
0.224296
0.224530
0.225157
0.225235
0.226018
0.226409
0.226644
0.227192
0.227661
0.227739
0.228209
0.228679
0.229461
0.229540
0.229618
0.230009
0.230557
0.230792
0.231027
0.231888
0.232201
0.232749
0.232749
0.233453
0.233766
0.233923
0.234549
0.235097
0.235175
0.235332
0.235879
0.236193
0.236584
0.237054
0.237445
0.237367
0.237915
0.238462
0.238619
0.238932
0.239558
0.239871
0.240341
0.240889
0.241124
0.241045
0.241750
0.242063
0.242532
0.243002
0.243628
0.243706
0.243941
0.244254
0.244802
0.245115
0.245428
0.245976
0.246133
0.246524
0.247307
0.247620
0.247855
0.248324
0.248716
0.248951
0.249107
0.249342
0.250046
0.250516
0.250594
0.250829
0.251612
0.251690
0.252003
0.252473
0.252708
0.252864
0.253490
0.253882
0.254195
0.254664
0.255134
0.255056
0.255369
0.255995
0.256386
0.256464
0.257012
0.257482
0.257795
0.257873
0.258656
0.258578
0.258813
0.259282
0.259517
0.259908
0.260378
0.260691
0.261004
0.261395
0.261552
0.262022
0.262178
0.262491
0.262804
0.263196
0.263900
0.264291
0.264448
0.265152
0.265309
0.265622
0.265857
0.266405
0.266483
0.267109
0.267500
0.267892
0.268283
0.268596
0.268909
0.269144
0.269614
0.270005
0.270162
0.271023
0.271336
0.271257
0.271884
0.272118
0.272431
0.272666
0.272979
0.273449
0.273919
0.274232
0.274701
0.275093
0.275171
0.275954
0.275954
0.276188
0.276502
0.276815
0.277284
0.277754
0.278145
0.278302
0.278771
0.278928
0.279632
0.279554
0.279945
0.280493
0.281041
0.281511
0.281980
0.282372
0.282607
0.282920
0.283154
0.283233
0.283859
0.284250
0.284798
0.285189
0.285503
0.285972
0.286129
0.286285
0.286833
0.287146
0.287224
0.288007
0.288633
0.288712
0.288868
0.289416
0.289886
0.290199
0.290512
0.290747
0.291295
0.291999
0.292077
0.292390
0.292938
0.293251
0.293251
0.293564
0.294034
0.294504
0.294973
0.295208
0.295834
0.295912
0.296304
0.296460
0.297086
0.297243
0.297556
0.298182
0.298495
0.298652
0.299121
0.299513
0.299669
0.299826
0.300530
0.300687
0.301470
0.301939
0.302174
0.302565
0.302957
0.302957
0.303426
0.303583
0.303896
0.304287
0.304835
0.304913
0.305618
0.305853
0.306166
0.306557
0.307105
0.307105
0.307418
0.307966
0.308357
0.308279
0.309218
0.309531
0.309844
0.310236
0.310314
0.310862
0.311097
0.311645
0.312114
0.312193
0.312427
0.312662
0.313210
0.313210
0.313680
0.314149
0.314384
0.314541
0.314854
0.315715
0.315636
0.316263
0.316732
0.316810
0.317358
0.317593
0.318063
0.318063
0.318611
0.319002
0.319080
0.319237
0.320254
0.320254
0.320489
0.320880
0.321272
0.321428
0.321976
0.322211
0.322759
0.323150
0.323307
0.323620
0.324090
0.324090
0.324403
0.324872
0.325264
0.325577
0.325811
0.326125
0.326438
0.326829
0.327455
0.327612
0.327768
0.328081
0.328081
0.328551
0.329255
0.329255
0.329490
0.330116
0.330508
0.330899
0.330899
0.331290
0.331603
0.332151
0.332308
0.332621
0.332856
0.333091
0.333795
0.333873
0.334108
0.334499
0.334969
0.334891
0.335204
0.335830
0.336221
0.336456
0.336456
0.336848
0.337317
0.337552
0.337787
0.338569
0.338256
0.338883
0.339039
0.339274
0.339744
0.340135
0.340526
0.340761
0.340996
0.341465
0.341700
0.342170
0.342326
0.342718
0.342953
0.343187
0.343422
0.343892
0.344283
0.344675
0.344909
0.345066
0.345222
0.345692
0.345614
0.346240
0.346475
0.347101
0.347101
0.347727
0.348040
0.348275
0.348901
0.348979
0.349214
0.349762
0.350075
0.350232
0.350545
0.350858
0.351171
0.351484
0.352110
0.352110
0.352423
0.352736
0.353128
0.353362
0.353754
0.353832
0.354223
0.354302
0.354693
0.354850
0.355319
0.355711
0.355945
0.356337
0.356650
0.356650
0.356650
0.357354
0.357511
0.357902
0.358372
0.358763
0.359154
0.359468
0.359781
0.359937
0.360485
0.360798
0.360798
0.361111
0.361737
0.362520
0.362520
0.362911
0.362990
0.363694
0.363772
0.364085
0.364477
0.364790
0.365494
0.365729
0.365964
0.366355
0.366277
0.366590
0.366903
0.367060
0.367529
0.367842
0.368312
0.368938
0.368938
0.369173
0.369799
0.369799
0.370190
0.370425
0.370895
0.371443
0.371834
0.371912
0.372382
0.372695
0.372930
0.373165
0.373478
0.374104
0.374182
0.374652
0.375121
0.375200
0.375356
0.375591
0.375748
0.375982
0.376374
0.377235
0.377470
0.377626
0.378017
0.378174
0.378409
0.378644
0.379191
0.379426
0.379974
0.380366
0.380522
0.380835
0.380992
0.381070
0.381853
0.382166
0.382166
0.382792
0.383027
0.383105
0.383575
0.384044
0.384514
0.384592
0.384749
0.385375
0.385531
0.386079
0.386236
0.386862
0.387410
0.387723
0.387879
0.388114
0.388349
0.388662
0.389210
0.389210
0.389601
0.390228
0.390541
0.390854
0.390775
0.391245
0.391558
0.392419
0.392576
0.392967
0.393280
0.393202
0.393750
0.393984
0.394376
0.394611
0.395002
0.395315
0.395472
0.395863
0.396333
0.396646
0.397037
0.397037
0.397037
0.397663
0.397820
0.398133
0.398368
0.398681
0.399072
0.399620
0.399776
0.400090
0.400559
0.400872
0.401185
0.401733
0.402046
0.402359
0.402829
0.403220
0.403299
0.403455
0.403612
0.403925
0.404394
0.404707
0.405099
0.405177
0.405490
0.405803
0.406195
0.406116
0.406742
0.407056
0.407447
0.407838
0.408464
0.408543
0.408777
0.408856
0.409404
0.409560
0.410030
0.410343
0.410656
0.411204
0.411673
0.411673
0.412065
0.412143
0.412456
0.412926
0.413004
0.413552
0.413865
0.414178
0.414256
0.414648
0.415039
0.415274
0.415430
0.415900
0.416057
0.416448
0.416526
0.416996
0.417309
0.417309
0.417935
0.417778
0.418092
0.418483
0.418718
0.419344
0.419735
0.419735
0.420048
0.420048
0.420440
0.420753
0.421066
0.421614
0.421927
0.422005
0.422318
0.422709
0.422944
0.423336
0.423727
0.423727
0.424197
0.424431
0.424666
0.425214
0.425292
0.425449
0.425919
0.426153
0.426388
0.426858
0.427327
0.427562
0.427640
0.427954
0.428032
0.428267
0.428893
0.428736
0.428736
0.429519
0.429754
0.429989
0.430458
0.430771
0.430771
0.431241
0.431163
0.431867
0.432102
0.432650
0.432806
0.432806
0.433119
0.433432
0.433589
0.433667
0.434450
0.434372
0.434685
0.434920
0.435233
0.435389
0.435859
0.435937
0.436250
0.436876
0.436955
0.437111
0.437268
0.437424
0.437816
0.438207
0.438598
0.438520
0.439224
0.439303
0.439694
0.440477
0.440398
0.441025
0.441416
0.441807
0.441573
0.442120
0.442590
0.442668
0.443373
0.443529
0.443842
0.444077
0.444234
0.444390
0.444860
0.444703
0.445251
0.445408
0.445643
0.445799
0.446190
0.446425
0.447051
0.447286
0.447443
0.447756
0.448069
0.448460
0.449008
0.448930
0.449321
0.449713
0.449947
0.450026
0.450104
0.450574
0.450965
0.451435
0.451748
0.452374
0.452530
0.452922
0.453235
0.453391
0.453861
0.454096
0.454409
0.454722
0.454878
0.455270
0.455270
0.455661
0.456052
0.456131
0.456522
0.457070
0.457070
0.457383
0.457696
0.458009
0.458244
0.458322
0.459027
0.459183
0.459653
0.460122
0.460122
0.460279
0.460827
0.461218
0.461218
0.461062
0.461844
0.462471
0.462705
0.462940
0.463723
0.463879
0.463879
0.464192
0.464271
0.464740
0.464897
0.465601
0.465758
0.465680
0.466228
0.466619
0.466697
0.466932
0.467402
0.467323
0.468028
0.468184
0.468497
0.468889
0.468889
0.469123
0.469202
0.469750
0.469828
0.470532
0.470611
0.471315
0.471237
0.471628
0.472019
0.472489
0.472489
0.472724
0.472959
0.473350
0.473898
0.474289
0.474133
0.474524
0.474837
0.475307
0.475307
0.475933
0.476168
0.476637
0.476872
0.477029
0.477029
0.477577
0.477342
0.477655
0.478281
0.478516
0.478829
0.478907
0.479455
0.479612
0.480238
0.480394
0.480942
0.481099
0.481568
0.482116
0.482273
0.482351
0.482821
0.482977
0.483056
0.483369
0.483838
0.484073
0.484151
0.484308
0.484777
0.485012
0.485404
0.485638
0.485638
0.485795
0.486108
0.486578
0.486656
0.487126
0.487517
0.487830
0.487830
0.488143
0.488221
0.488769
0.489082
0.489395
0.489317
0.490022
0.490178
0.490569
0.491117
0.491196
0.491274
0.491743
0.491978
0.492448
0.492761
0.493074
0.493231
0.493387
0.493857
0.493857
0.494092
0.494483
0.494639
0.495187
0.495422
0.495735
0.496048
0.496205
0.496361
0.496909
0.497144
0.497379
0.497066
0.497927
0.498083
0.498162
0.498396
0.498631
0.499101
0.499257
0.499414
0.499962
0.499962
0.500118
0.500510
0.501136
0.501527
0.501840
0.502232
0.502232
0.502545
0.502936
0.503249
0.503327
0.503797
0.504032
0.504345
0.504501
0.504815
0.504971
0.505284
0.505675
0.505910
0.506067
0.506302
0.506693
0.506693
0.507163
0.507241
0.507789
0.508024
0.508415
0.508571
0.508885
0.509119
0.509432
0.509667
0.509902
0.509980
0.510372
0.510528
0.511233
0.511154
0.511467
0.511702
0.511702
0.512250
0.512328
0.512798
0.513189
0.513502
0.513659
0.513972
0.514129
0.514677
0.514598
0.515224
0.515146
0.515537
0.515929
0.516242
0.516633
0.516868
0.517181
0.517338
0.517572
0.517729
0.518042
0.518433
0.518590
0.519138
0.519138
0.519373
0.519451
0.519999
0.520547
0.520860
0.521329
0.521564
0.521408
0.522034
0.522503
0.522425
0.522817
0.523051
0.523599
0.524069
0.524460
0.524538
0.524852
0.524930
0.525243
0.525478
0.525947
0.526026
0.526574
0.526808
0.527200
0.527434
0.527434
0.527826
0.528139
0.528295
0.528922
0.529078
0.529626
0.529469
0.530017
0.529939
0.530252
0.530565
0.530878
0.530957
0.531661
0.532209
0.532209
0.532444
0.532600
0.532600
0.533148
0.533305
0.533461
0.534087
0.534322
0.534870
0.534948
0.535183
0.535575
0.535731
0.536201
0.536279
0.536983
0.536983
0.537296
0.537766
0.538001
0.538157
0.538471
0.538705
0.538862
0.539488
0.539723
0.540114
0.540427
0.540975
0.540897
0.541053
0.541680
0.541914
0.542306
0.542697
0.543010
0.543245
0.543715
0.544028
0.544262
0.544497
0.544341
0.545123
0.545593
0.545750
0.546063
0.546141
0.546376
0.546689
0.547002
0.547237
0.547706
0.547785
0.548176
0.548489
0.548724
0.548880
0.549193
0.549272
0.549663
0.550054
0.550289
0.550681
0.551228
0.551620
0.551855
0.552089
0.552089
0.552324
0.552872
0.552950
0.553342
0.553498
0.553968
0.554124
0.554594
0.554672
0.554751
0.555220
0.555455
0.556159
0.556394
0.556707
0.557020
0.556942
0.556864
0.557334
0.557725
0.558116
0.558038
0.558508
0.558899
0.559055
0.559290
0.559369
0.559603
0.560073
0.560543
0.560621
0.560856
0.561638
0.561795
0.561717
0.562108
0.562343
0.562421
0.563047
0.563204
0.563595
0.563908
0.564534
0.564378
0.564456
0.564691
0.565161
0.565395
0.565630
0.566021
0.566256
0.566491
0.567117
0.566961
0.567352
0.567665
0.568291
0.568213
0.568526
0.568683
0.568839
0.569544
0.569387
0.569778
0.570092
0.570326
0.570326
0.570561
0.571187
0.571109
0.571735
0.571579
0.571735
0.572283
0.572440
0.572596
0.572987
0.573222
0.573614
0.573770
0.574005
0.574162
0.574396
0.574631
0.574866
0.575179
0.575414
0.575570
0.576197
0.576431
0.576431
0.576823
0.577214
0.577371
0.577527
0.577997
0.578466
0.579014
0.579014
0.579093
0.579406
0.579797
0.580110
0.580658
0.580736
0.581206
0.581519
0.581519
0.581832
0.582067
0.582302
0.582302
0.582536
0.582849
0.583319
0.583632
0.583867
0.584024
0.584258
0.584571
0.584728
0.585276
0.585354
0.585667
0.585902
0.585980
0.586606
0.586920
0.587076
0.587233
0.587467
0.587780
0.587859
0.588407
0.588563
0.588485
0.588798
0.589111
0.589346
0.589737
0.589894
0.590363
0.590598
0.590833
0.591303
0.591146
0.591772
0.591694
0.592007
0.592398
0.592790
0.592946
0.593338
0.593494
0.593494
0.594042
0.594120
0.594277
0.594825
0.595060
0.594981
0.595294
0.595921
0.595999
0.596234
0.596234
0.596860
0.596938
0.597329
0.597642
0.597956
0.598347
0.598269
0.598660
0.598817
0.599208
0.599364
0.599756
0.599912
0.600304
0.600773
0.600852
0.601086
0.601478
0.601478
0.602104
0.602339
0.602573
0.603121
0.603278
0.603356
0.603748
0.603826
0.603982
0.604765
0.604608
0.605391
0.605783
0.606017
0.605939
0.606487
0.606565
0.606722
0.606800
0.607270
0.607739
0.607818
0.608209
0.608209
0.608679
0.608600
0.608757
0.609383
0.609618
0.610087
0.610635
0.610714
0.610635
0.611183
0.611183
0.611496
0.611888
0.612279
0.612514
0.612983
0.613140
0.613453
0.613610
0.613531
0.613688
0.614001
0.614549
0.614784
0.615175
0.615410
0.615566
0.615801
0.615645
0.616036
0.616192
0.616662
0.617210
0.617445
0.617601
0.617601
0.618071
0.617993
0.618462
0.618697
0.619323
0.619636
0.620106
0.620262
0.620184
0.620576
0.620889
0.621045
0.621358
0.621515
0.622219
0.622376
0.622611
0.622767
0.623080
0.623002
0.623393
0.623706
0.624098
0.624567
0.624724
0.624959
0.625193
0.625350
0.625507
0.625820
0.626133
0.626602
0.626994
0.627307
0.627463
0.627620
0.627698
0.627776
0.628089
0.628481
0.628559
0.629107
0.629498
0.629655
0.629968
0.630046
0.629968
0.630359
0.630829
0.631142
0.631533
0.631533
0.632159
0.632394
0.632394
0.632707
0.632864
0.633177
0.633412
0.633647
0.634116
0.634194
0.634508
0.634664
0.634977
0.634977
0.635447
0.635838
0.635995
0.636073
0.636308
0.636308
0.636464
0.636777
0.637404
0.637404
0.638108
0.638265
0.638421
0.638734
0.639282
0.639282
0.639517
0.639752
0.640143
0.640456
0.640300
0.640926
0.641239
0.641395
0.641395
0.641787
0.642100
0.642491
0.642569
0.642726
0.643117
0.643352
0.643509
0.643587
0.643822
0.643978
0.644526
0.644604
0.644996
0.645387
0.645387
0.645622
0.645778
0.646013
0.646483
0.646796
0.646796
0.647109
0.647266
0.647422
0.647970
0.647970
0.648361
0.648596
0.648831
0.649066
0.649379
0.649770
0.649848
0.650553
0.650631
0.650553
0.650944
0.651257
0.651336
0.651336
0.651883
0.652118
0.652510
0.652353
0.652979
0.652901
0.653527
0.653527
0.653840
0.654310
0.654858
0.654701
0.655171
0.655562
0.655797
0.656032
0.655953
0.656188
0.656345
0.656736
0.657128
0.657597
0.657754
0.657832
0.658302
0.658458
0.658693
0.658849
0.659397
0.659710
0.659789
0.660337
0.660024
0.660571
0.660963
0.661041
0.661824
0.661902
0.662137
0.662450
0.662763
0.663076
0.662919
0.663467
0.663624
0.664094
0.664407
0.664641
0.665189
0.665268
0.665737
0.665815
0.665815
0.666129
0.666442
0.666833
0.666911
0.667224
0.667772
0.668007
0.668085
0.668007
0.668477
0.668946
0.669416
0.669416
0.669572
0.670120
0.669886
0.669807
0.670433
0.670590
0.671060
0.671764
0.672077
0.672468
0.672860
0.673016
0.673016
0.673251
0.673486
0.674112
0.674582
0.674738
0.674817
0.675364
0.675521
0.675756
0.675834
0.676225
0.676617
0.677086
0.677399
0.677556
0.677791
0.678182
0.678182
0.678182
0.678573
0.679278
0.679982
0.680061
0.680374
0.680530
0.680843
0.681000
0.681391
0.681783
0.682409
0.683191
0.683113
0.683348
0.683661
0.684052
0.684131
0.684365
0.684678
0.685070
0.685461
0.685774
0.686244
0.686087
0.686635
0.687027
0.686948
0.687496
0.688201
0.688279
0.688592
0.688827
0.688983
0.689218
0.689140
0.689375
0.690001
0.690549
0.690705
0.691645
0.691723
0.691879
0.691958
0.692192
0.692505
0.693210
0.693836
0.694306
0.694149
0.694384
0.694697
0.694775
0.695010
0.695636
0.696106
0.696419
0.696810
0.696732
0.697123
0.697436
0.697515
0.697515
0.697750
0.698454
0.699002
0.698924
0.699237
0.699628
0.699706
0.700019
0.700254
0.700959
0.701428
0.701976
0.701898
0.702524
0.702524
0.702915
0.702524
0.703072
0.703463
0.704246
0.704559
0.704637
0.705029
0.705263
0.705420
0.705342
0.705811
0.706281
0.706751
0.707064
0.707298
0.707612
0.708081
0.708003
0.708159
0.707925
0.708707
0.709020
0.709020
0.708942
0.708942
0.708942
0.708786
0.708942
0.708551
0.708316
0.708238
0.708394
0.707925
0.707690
0.707768
0.707533
0.706907
0.706985
0.706751
0.706203
0.706203
0.705890
0.705655
0.705342
0.705263
0.704872
0.704559
0.704168
0.704089
0.703933
0.703542
0.703463
0.703150
0.702837
0.702681
0.702289
0.702054
0.701507
0.701272
0.700880
0.700254
0.700098
0.699863
0.699706
0.699237
0.698767
0.698611
0.698297
0.697515
0.697358
0.696810
0.696654
0.696497
0.696028
0.695871
0.695167
0.695323
0.694932
0.694697
0.694227
0.694149
0.693366
0.693210
0.692740
0.692505
0.692114
0.692036
0.691566
0.691097
0.690627
0.690157
0.689766
0.689375
0.689062
0.689062
0.688592
0.688044
0.688201
0.687809
0.687496
0.687183
0.687183
0.686557
0.686400
0.685853
0.685383
0.684913
0.684287
0.684209
0.683818
0.683583
0.683348
0.682878
0.682878
0.682409
0.681861
0.681469
0.681078
0.681078
0.680765
0.680843
0.680374
0.679513
0.678887
0.678026
0.678260
0.677869
0.677556
0.677399
0.677243
0.676695
0.676695
0.676460
0.675912
0.675599
0.675677
0.675130
0.674269
0.674269
0.673877
0.673486
0.673095
0.673173
0.672703
0.672312
0.671921
0.671764
0.671373
0.671060
0.670903
0.670512
0.669964
0.669494
0.668946
0.668398
0.668242
0.667929
0.667850
0.667459
0.667146
0.666911
0.666598
0.666363
0.665894
0.665581
0.664955
0.664563
0.663702
0.663780
0.663702
0.663233
0.663311
0.662841
0.662763
0.662685
0.661980
0.661745
0.661511
0.660963
0.660337
0.659789
0.659397
0.658928
0.659006
0.658771
0.658302
0.657988
0.657988
0.657597
0.657362
0.657049
0.656580
0.656188
0.655719
0.655014
0.655093
0.654779
0.654545
0.654545
0.653997
0.653840
0.653371
0.653214
0.652901
0.652118
0.651570
0.651257
0.650944
0.650631
0.650475
0.650162
0.649770
0.649614
0.649301
0.648909
0.648518
0.648127
0.647422
0.647187
0.646718
0.646561
0.646170
0.646326
0.646013
0.645074
0.645152
0.645074
0.644448
0.644291
0.643743
0.643196
0.642882
0.642648
0.642335
0.641787
0.641865
0.641317
0.641317
0.640847
0.640378
0.639986
0.639517
0.639439
0.639047
0.638812
0.638578
0.638108
0.637873
0.637325
0.637090
0.637012
0.636464
0.635760
0.635682
0.635134
0.634977
0.634899
0.634429
0.634351
0.633960
0.633647
0.633490
0.632864
0.632551
0.632238
0.632081
0.631377
0.631298
0.630985
0.630594
0.630359
0.629733
0.629498
0.629029
0.629107
0.628637
0.628246
0.627933
0.627776
0.627463
0.627385
0.626915
0.626524
0.626289
0.625976
0.625507
0.625115
0.624567
0.624489
0.624254
0.623785
0.623472
0.623237
0.622924
0.622611
0.622611
0.621984
0.621358
0.621045
0.620576
0.620184
0.620028
0.620028
0.619480
0.619010
0.619167
0.618775
0.618697
0.618384
0.617680
0.617210
0.616975
0.616662
0.616584
0.616114
0.616114
0.615566
0.615097
0.614627
0.614236
0.614157
0.613923
0.613688
0.613610
0.613296
0.613140
0.612749
0.612122
0.611966
0.611888
0.611340
0.610870
0.610400
0.610400
0.610166
0.609853
0.609461
0.609148
0.609070
0.608757
0.608522
0.608131
0.607426
0.607270
0.607583
0.607348
0.606487
0.606487
0.606174
0.605626
0.605626
0.605000
0.604843
0.604530
0.604374
0.603982
0.603591
0.603356
0.603200
0.602887
0.602495
0.601947
0.601713
0.601478
0.600930
0.600773
0.600460
0.600147
0.599834
0.599286
0.599130
0.598582
0.598895
0.598503
0.598190
0.597956
0.597799
0.597095
0.596938
0.596468
0.595999
0.596077
0.595607
0.595373
0.595294
0.595060
0.594668
0.594199
0.593886
0.593494
0.593416
0.593181
0.592946
0.592555
0.592398
0.591694
0.591851
0.591459
0.590676
0.590598
0.590207
0.589972
0.589737
0.589424
0.589189
0.588798
0.588563
0.588250
0.588172
0.587389
0.587076
0.586998
0.586841
0.586293
0.586450
0.585980
0.585745
0.585589
0.585119
0.584571
0.584415
0.584258
0.583710
0.583632
0.583397
0.583084
0.582771
0.582458
0.582302
0.581597
0.581128
0.581049
0.580423
0.580345
0.580267
0.579954
0.579875
0.579406
0.579406
0.578779
0.577997
0.577840
0.577684
0.577371
0.577527
0.577214
0.576823
0.576666
0.576353
0.575805
0.575101
0.575336
0.575179
0.574788
0.574475
0.574162
0.573614
0.573848
0.573614
0.573144
0.572674
0.572205
0.572518
0.572048
0.571579
0.571344
0.571422
0.570874
0.570639
0.570170
0.569622
0.569231
0.568839
0.568761
0.569231
0.568526
0.568213
0.567743
0.567509
0.567117
0.566804
0.566569
0.566100
0.565787
0.565865
0.565395
0.565395
0.565004
0.564847
0.564300
0.563908
0.563439
0.563204
0.563047
0.562734
0.562578
0.562265
0.561795
0.561404
0.560699
0.560386
0.559916
0.559447
0.559369
0.559134
0.559055
0.558899
0.558899
0.558508
0.557725
0.557412
0.557099
0.556707
0.556394
0.556081
0.555925
0.555768
0.555612
0.554907
0.554907
0.554438
0.554046
0.553655
0.553420
0.553029
0.552950
0.552716
0.552559
0.551776
0.551542
0.550915
0.550837
0.550524
0.550524
0.550054
0.549663
0.549663
0.549193
0.548959
0.548567
0.548254
0.548019
0.547706
0.547472
0.547628
0.547080
0.546689
0.546454
0.546063
0.545828
0.545671
0.544889
0.544810
0.544106
0.544419
0.543949
0.543636
0.543480
0.543088
0.542462
0.542227
0.541758
0.541445
0.540975
0.540897
0.540897
0.540740
0.540662
0.539801
0.539566
0.539097
0.538862
0.538471
0.538471
0.538236
0.537923
0.537766
0.537453
0.536827
0.536592
0.535888
0.535731
0.535418
0.535888
0.535418
0.535027
0.534400
0.534635
0.534166
0.533696
0.533148
0.532913
0.532522
0.532287
0.532287
0.531739
0.531505
0.531035
0.530644
0.530330
0.530252
0.529548
0.529861
0.529313
0.529235
0.529156
0.528452
0.527904
0.527669
0.527513
0.527121
0.526574
0.526574
0.526260
0.526104
0.525947
0.525321
0.525321
0.525086
0.524617
0.524304
0.523756
0.523912
0.523521
0.523286
0.522817
0.522582
0.521956
0.521877
0.521408
0.521251
0.520625
0.520312
0.520155
0.519921
0.519686
0.518981
0.518747
0.518590
0.518355
0.517964
0.517651
0.517416
0.517025
0.517103
0.516555
0.516242
0.515851
0.515694
0.515146
0.514833
0.515224
0.514990
0.514442
0.514129
0.513816
0.513581
0.513189
0.512955
0.512485
0.512250
0.511859
0.512015
0.511311
0.511233
0.511233
0.510685
0.510450
0.509980
0.509511
0.509354
0.509354
0.508806
0.508650
0.508415
0.508415
0.507945
0.507632
0.507319
0.506693
0.506615
0.506302
0.506145
0.505597
0.505206
0.505206
0.504658
0.504501
0.504032
0.503797
0.503797
0.503484
0.503249
0.502545
0.502545
0.502310
0.502310
0.501919
0.501058
0.500901
0.501136
0.500118
0.499805
0.499570
0.499101
0.498866
0.498788
0.498475
0.497770
0.497614
0.497379
0.497222
0.496753
0.496518
0.496440
0.496048
0.495970
0.495735
0.495109
0.495031
0.494483
0.493935
0.493700
0.493387
0.493231
0.492996
0.492604
0.492291
0.492057
0.491743
0.491743
0.490961
0.490491
0.490413
0.490335
0.490022
0.489630
0.489474
0.489161
0.488534
0.488143
0.487987
0.487595
0.486969
0.487282
0.487047
0.486499
0.486265
0.486108
0.485404
0.485012
0.484777
0.484464
0.484073
0.483916
0.483682
0.483525
0.483212
0.482742
0.482664
0.482273
0.481647
0.481334
0.481334
0.480942
0.480629
0.480316
0.480394
0.479533
0.479377
0.478751
0.478516
0.477968
0.477968
0.478046
0.477498
0.477420
0.477029
0.476872
0.476324
0.476089
0.475463
0.474994
0.474759
0.474681
0.474289
0.473820
0.473820
0.473194
0.472959
0.472254
0.472176
0.471785
0.472019
0.471393
0.470845
0.470845
0.470376
0.469906
0.469593
0.469123
0.469045
0.468967
0.468497
0.468028
0.467949
0.467715
0.467402
0.466619
0.466306
0.466071
0.465601
0.465367
0.464975
0.465053
0.464975
0.464349
0.463723
0.463488
0.463097
0.463097
0.462784
0.462471
0.462157
0.461844
0.461453
0.461218
0.460357
0.460122
0.459575
0.459340
0.459027
0.458948
0.458714
0.458166
0.458166
0.457461
0.457383
0.456913
0.456679
0.456366
0.456131
0.455974
0.455191
0.455270
0.454878
0.454487
0.454174
0.453783
0.453391
0.453313
0.452922
0.452687
0.452609
0.452139
0.451826
0.451278
0.451043
0.450652
0.450417
0.450260
0.449869
0.449399
0.449556
0.449165
0.448852
0.448539
0.447912
0.447521
0.447130
0.447051
0.447051
0.446660
0.446269
0.446112
0.445799
0.445095
0.444625
0.444468
0.444390
0.443999
0.443842
0.443764
0.443138
0.442981
0.442590
0.442199
0.441729
0.441573
0.441103
0.440790
0.440398
0.439851
0.439538
0.439538
0.438990
0.438598
0.438363
0.437894
0.437737
0.437659
0.437424
0.436955
0.436563
0.436094
0.435702
0.435702
0.435233
0.434920
0.434607
0.434372
0.433980
0.434059
0.433746
0.433041
0.432963
0.432650
0.432337
0.432102
0.431867
0.431554
0.431241
0.430928
0.430458
0.430458
0.430067
0.429754
0.429362
0.428971
0.428658
0.428736
0.428501
0.428032
0.427719
0.427484
0.426936
0.426780
0.426153
0.426310
0.425762
0.425605
0.425136
0.425058
0.424353
0.424275
0.423884
0.423649
0.423336
0.422944
0.422788
0.422631
0.422475
0.422083
0.421535
0.420909
0.420831
0.420753
0.420596
0.420361
0.419344
0.419657
0.419266
0.419109
0.418639
0.418170
0.417935
0.417700
0.417231
0.417309
0.416996
0.416604
0.416526
0.416448
0.415665
0.415665
0.415196
0.414726
0.414569
0.414256
0.413943
0.413865
0.413474
0.413004
0.412848
0.412769
0.412456
0.412143
0.411908
0.411282
0.411360
0.411047
0.410343
0.410108
0.410108
0.409482
0.409560
0.409325
0.408699
0.408777
0.408308
0.407995
0.407525
0.407290
0.407056
0.406664
0.406116
0.406038
0.405725
0.405177
0.405099
0.404786
0.404473
0.404238
0.404081
0.403533
0.403142
0.402751
0.402829
0.402594
0.402125
0.401811
0.401264
0.400950
0.400559
0.400403
0.399933
0.399620
0.399072
0.398994
0.398602
0.398289
0.397976
0.397663
0.397272
0.396959
0.396880
0.396333
0.396176
0.395628
0.395550
0.395159
0.394767
0.394532
0.394141
0.393750
0.393671
0.393280
0.393280
0.392967
0.392810
0.392341
0.392106
0.391871
0.391480
0.391010
0.390541
0.390462
0.389836
0.389523
0.389523
0.389132
0.388427
0.388271
0.388114
0.387879
0.387566
0.387018
0.386940
0.386784
0.386392
0.386236
0.386001
0.385688
0.385140
0.384670
0.384436
0.384201
0.383809
0.383496
0.383262
0.382792
0.382479
0.382244
0.382087
0.381540
0.380992
0.380835
0.380679
0.380209
0.379818
0.379739
0.379348
0.378800
0.378644
0.378487
0.377704
0.377783
0.377548
0.377078
0.376609
0.376452
0.375904
0.375513
0.375043
0.374730
0.374574
0.374260
0.374026
0.373713
0.373478
0.373165
0.372773
0.372460
0.372147
0.371678
0.371678
0.371051
0.370895
0.370660
0.370190
0.369799
0.369408
0.368938
0.368782
0.368390
0.368077
0.368077
0.367294
0.367294
0.366903
0.366590
0.366199
0.365807
0.365181
0.365259
0.364633
0.364320
0.364242
0.364085
0.363538
0.362990
0.362911
0.362598
0.362129
0.361737
0.361424
0.361111
0.360642
0.360485
0.359937
0.359468
0.359154
0.358920
0.358528
0.358293
0.358293
0.358059
0.357511
0.357198
0.357276
0.356415
0.356337
0.355319
0.355397
0.355241
0.354771
0.354615
0.354302
0.353989
0.353441
0.353128
0.352893
0.352267
0.352188
0.352267
0.351641
0.351327
0.351327
0.350780
0.350310
0.350075
0.349606
0.349449
0.348901
0.348745
0.348353
0.348040
0.347884
0.347492
0.347023
0.346788
0.346475
0.346162
0.345927
0.345849
0.345457
0.344909
0.344440
0.344596
0.344127
0.344048
0.343422
0.343031
0.342953
0.342405
0.342170
0.341622
0.341465
0.341152
0.340683
0.339978
0.339822
0.339822
0.339430
0.338961
0.338413
0.338335
0.337943
0.337709
0.337395
0.337004
0.336926
0.336769
0.336143
0.335987
0.335908
0.335517
0.335047
0.334734
0.334578
0.334108
0.333638
0.333404
0.332856
0.332856
0.332621
0.332386
0.331838
0.331603
0.331212
0.331134
0.330664
0.330195
0.330195
0.329725
0.329882
0.329099
0.329099
0.328551
0.328316
0.328003
0.327768
0.327455
0.327142
0.326907
0.326751
0.326203
0.326203
0.325342
0.325185
0.325029
0.324716
0.324246
0.324246
0.323620
0.323385
0.323072
0.322916
0.322289
0.322133
0.321428
0.321428
0.321194
0.320802
0.320411
0.320254
0.319785
0.319472
0.319002
0.318689
0.318532
0.318219
0.317828
0.317515
0.317124
0.317280
0.316732
0.315949
0.315793
0.315636
0.315245
0.314775
0.314384
0.314228
0.313680
0.313523
0.313367
0.312819
0.312506
0.312584
0.312271
0.311801
0.311566
0.311488
0.311097
0.310471
0.309844
0.309766
0.309297
0.308827
0.308592
0.308279
0.308201
0.307809
0.307418
0.307105
0.306714
0.306166
0.305853
0.305618
0.305227
0.304992
0.304757
0.304522
0.304366
0.303896
0.303583
0.303270
0.302722
0.302331
0.302487
0.302096
0.301391
0.301235
0.300609
0.300296
0.300139
0.299513
0.299200
0.299200
0.298652
0.298574
0.298182
0.297791
0.297321
0.297243
0.297086
0.296617
0.296226
0.295756
0.295130
0.295051
0.294817
0.294582
0.294034
0.293799
0.293486
0.293016
0.292703
0.292312
0.291999
0.291686
0.291686
0.290903
0.290981
0.290355
0.289729
0.289573
0.288946
0.288946
0.288633
0.288477
0.287929
0.287538
0.287068
0.286833
0.286129
0.285659
0.285424
0.285111
0.284798
0.284720
0.284485
0.284250
0.283937
0.283546
0.283076
0.282763
0.282607
0.282215
0.282059
0.281276
0.280885
0.280415
0.280258
0.279789
0.279319
0.278771
0.278615
0.278615
0.278067
0.277676
0.277284
0.276971
0.276580
0.276032
0.275719
0.275406
0.275171
0.275249
0.274623
0.274153
0.273997
0.273527
0.273371
0.272823
0.272353
0.271884
0.271727
0.271571
0.271101
0.270944
0.270553
0.270005
0.269614
0.269457
0.268909
0.268596
0.268127
0.267892
0.268048
0.267579
0.267266
0.266874
0.266405
0.265779
0.265387
0.265231
0.265152
0.264683
0.264448
0.264213
0.263665
0.263352
0.262883
0.262491
0.262413
0.262335
0.261552
0.261552
0.261004
0.260534
0.260300
0.259908
0.259517
0.258969
0.259204
0.258578
0.258265
0.257952
0.257952
0.257482
0.256934
0.256386
0.256151
0.256151
0.255525
0.255212
0.254743
0.254586
0.254586
0.254195
0.253803
0.253412
0.253099
0.252473
0.252081
0.251690
0.251455
0.251142
0.250829
0.250751
0.250281
0.249812
0.249812
0.248872
0.249185
0.248794
0.248324
0.247777
0.247698
0.247385
0.246994
0.246681
0.246368
0.245976
0.245585
0.245350
0.245115
0.244646
0.244411
0.244176
0.243706
0.243550
0.243159
0.242689
0.242376
0.242141
0.241750
0.241280
0.241045
0.240732
0.240184
0.239323
0.239245
0.239089
0.238697
0.238228
0.238384
0.237915
0.237288
0.237288
0.236740
0.236349
0.236271
0.235958
0.235645
0.235253
0.234862
0.234627
0.234236
0.233923
0.233453
0.233375
0.232827
0.232436
0.232201
0.232044
0.231731
0.231418
0.230714
0.230401
0.230244
0.229931
0.229461
0.229148
0.229227
0.228835
0.228522
0.228287
0.227739
0.227348
0.226800
0.226800
0.226409
0.226018
0.226018
0.225704
0.225313
0.224843
0.224609
0.224139
0.223748
0.223591
0.222965
0.222887
0.222495
0.222339
0.221869
0.221634
0.221321
0.220852
0.220226
0.219991
0.219912
0.219286
0.218973
0.218425
0.218269
0.218112
0.217564
0.217173
0.216625
0.216469
0.216312
0.215842
0.215373
0.215295
0.214747
0.214199
0.214042
0.213886
0.213573
0.213260
0.212868
0.212320
0.212242
0.211694
0.211616
0.211146
0.210442
0.210207
0.210050
0.209659
0.209424
0.208955
0.208720
0.208015
0.207859
0.207468
0.206998
0.206841
0.206294
0.205980
0.205276
0.205119
0.204885
0.204572
0.204102
0.203789
0.203632
0.203084
0.202693
0.202380
0.201832
0.201597
0.201284
0.200971
0.200345
0.199719
0.199328
0.199171
0.198701
0.198232
0.197762
0.197606
0.197214
0.196823
0.196510
0.195962
0.195492
0.195257
0.195336
0.194788
0.194240
0.194005
0.193536
0.193066
0.192988
0.192361
0.192361
0.191735
0.191187
0.190796
0.190405
0.189857
0.189700
0.189387
0.188918
0.188448
0.188057
0.188057
0.187587
0.187196
0.186804
0.186491
0.186256
0.186100
0.185787
0.185395
0.184769
0.184065
0.183908
0.183674
0.182969
0.182813
0.182421
0.182108
0.181952
0.181404
0.181325
0.180699
0.180230
0.179917
0.179447
0.179212
0.178821
0.178351
0.178195
0.177490
0.177255
0.176786
0.176629
0.175768
0.175377
0.174986
0.174829
0.174516
0.174125
0.173812
0.173342
0.173029
0.172481
0.172246
0.171620
0.171933
0.171542
0.171072
0.170681
0.170289
0.169820
0.169272
0.168646
0.168567
0.168333
0.167707
0.167472
0.167237
0.166924
0.166767
0.166376
0.165515
0.165045
0.164811
0.164811
0.164341
0.163950
0.163636
0.163402
0.163167
0.162541
0.161836
0.161915
0.161601
0.161445
0.160740
0.160506
0.160036
0.160036
0.159566
0.158549
0.158314
0.157923
0.157845
0.157297
0.156984
0.156827
0.156201
0.155731
0.155653
0.154714
0.154557
0.154479
0.154244
0.154009
0.153774
0.153070
0.152835
0.152444
0.152053
0.151661
0.151270
0.151270
0.150487
0.150409
0.150096
0.149783
0.149391
0.148609
0.148296
0.147826
0.147435
0.147200
0.146965
0.146417
0.146261
0.145948
0.145713
0.145008
0.144852
0.144147
0.143599
0.143678
0.143443
0.143052
0.142582
0.142504
0.141799
0.141564
0.141017
0.140625
0.140234
0.139999
0.139529
0.139373
0.139138
0.138512
0.138277
0.137964
0.137573
0.137181
0.136790
0.136399
0.136007
0.135851
0.135225
0.134990
0.134520
0.134285
0.133737
0.133190
0.132955
0.132876
0.132407
0.132250
0.131937
0.131389
0.130920
0.130763
0.130372
0.129667
0.129276
0.129120
0.128572
0.128337
0.127945
0.127632
0.127241
0.126928
0.126537
0.126067
0.125519
0.125363
0.125206
0.124658
0.124502
0.123954
0.123406
0.123171
0.122858
0.122232
0.121840
0.121527
0.121293
0.120823
0.120118
0.120118
0.119414
0.119023
0.118397
0.118240
0.117849
0.117379
0.117066
0.116440
0.116283
0.116127
0.115501
0.114953
0.114718
0.114483
0.114092
0.113622
0.113466
0.112605
0.112291
0.111900
0.111587
0.111196
0.110570
0.110178
0.110178
0.109630
0.109082
0.108456
0.108221
0.107674
0.107360
0.107047
0.106656
0.106265
0.105952
0.105639
0.105247
0.104934
0.104465
0.103995
0.103604
0.102821
0.102743
0.102351
0.102038
0.101647
0.101021
0.100786
0.100316
0.100003
0.099377
0.098986
0.098673
0.098125
0.097812
0.097342
0.096872
0.096559
0.096168
0.095463
0.095150
0.094681
0.094211
0.093976
0.093898
0.093428
0.092802
0.092411
0.091941
0.091707
0.090924
0.090454
0.090219
0.089672
0.089515
0.088889
0.088497
0.087950
0.087715
0.087558
0.086854
0.086619
0.086071
0.085680
0.085445
0.084975
0.084506
0.084036
0.084036
0.083566
0.083097
0.082706
0.082236
0.082001
0.081610
0.080984
0.080279
0.079810
0.079340
0.078792
0.078557
0.078009
0.077305
0.077305
0.077227
0.076287
0.075896
0.075583
0.075035
0.074879
0.074331
0.073861
0.073313
0.073157
0.072844
0.072374
0.071904
0.071356
0.070809
0.070574
0.070261
0.069791
0.069634
0.068852
0.068539
0.067834
0.067365
0.067052
0.066582
0.066425
0.066191
0.065643
0.065251
0.064703
0.064156
0.064077
0.063138
0.062668
0.062355
0.062042
0.061964
0.061416
0.061025
0.060633
0.059851
0.059381
0.058833
0.058442
0.057972
0.057737
0.057111
0.057111
0.056642
0.056329
0.055702
0.055233
0.054920
0.054137
0.053902
0.053354
0.052885
0.052728
0.052337
0.052024
0.051476
0.051006
0.050771
0.050458
0.049910
0.049676
0.049050
0.049128
0.048502
0.048110
0.047562
0.046780
0.046232
0.046075
0.045449
0.045058
0.044823
0.044353
0.044119
0.043571
0.043101
0.042944
0.042318
0.042083
0.041457
0.040988
0.040518
0.040596
0.039735
0.039344
0.038640
0.038248
0.037544
0.037231
0.036839
0.036526
0.035978
0.035978
0.035352
0.034961
0.034570
0.034022
0.033317
0.032691
0.032769
0.032300
0.031752
0.031439
0.030813
0.030343
0.029795
0.029247
0.028778
0.028151
0.027995
0.027760
0.027290
0.026508
0.026508
0.026116
0.025412
0.024629
0.023925
0.023768
0.023377
0.022986
0.022829
0.022046
0.021655
0.021342
0.020559
0.020090
0.019542
0.019072
0.018368
0.018133
0.017585
0.017272
0.016959
0.016411
0.015707
0.015159
0.014767
0.014298
0.013750
0.013672
0.013202
0.012654
0.012028
0.011793
0.011245
0.010228
0.010149
0.009680
0.009288
0.008741
0.008427
0.007958
0.007488
0.006862
0.006471
0.005688
0.005531
0.004905
0.004592
0.004436
0.004044
0.003418
0.002714
0.002557
0.002088
0.001461
0.001070
0.000757
0.000444
-0.000104
-0.000495
-0.000495
-0.001356
-0.001748
-0.002217
-0.002765
-0.003313
-0.003861
-0.003939
-0.004487
-0.004800
-0.005505
-0.005896
-0.006444
-0.006835
-0.007461
-0.008322
-0.008714
-0.009183
-0.009418
-0.009809
-0.010436
-0.010749
-0.011375
-0.011923
-0.012705
-0.013175
-0.013566
-0.013645
-0.014192
-0.014740
-0.015445
-0.015680
-0.016697
-0.017088
-0.017558
-0.018341
-0.018810
-0.019045
-0.019515
-0.019906
-0.020611
-0.021315
-0.021941
-0.022489
-0.022802
-0.023585
-0.023820
-0.024602
-0.024681
-0.025150
-0.026090
-0.026637
-0.027107
-0.027577
-0.028281
-0.028829
-0.029377
-0.029690
-0.030238
-0.031099
-0.031412
-0.031803
-0.032508
-0.032821
-0.033682
-0.034151
-0.034464
-0.035169
-0.035795
-0.036186
-0.036578
-0.037673
-0.037987
-0.038378
-0.039004
-0.039708
-0.040178
-0.040648
-0.041196
-0.041900
-0.042370
-0.042918
-0.043544
-0.044092
-0.044639
-0.045266
-0.046048
-0.046518
-0.046674
-0.047144
-0.047770
-0.048475
-0.049336
-0.049962
-0.050431
-0.051136
-0.051605
-0.052232
-0.052858
-0.053327
-0.054188
-0.054580
-0.055284
-0.055754
-0.056302
-0.057163
-0.057710
-0.058024
-0.058571
-0.059119
-0.060059
-0.060841
-0.061467
-0.061937
-0.062876
-0.063111
-0.064050
-0.064285
-0.064755
-0.065224
-0.066242
-0.066712
-0.067181
-0.067729
-0.068355
-0.068903
-0.069608
-0.070155
-0.070312
-0.071251
-0.071643
-0.072738
-0.072973
-0.073443
-0.074225
-0.074695
-0.075243
-0.075869
-0.076182
-0.076652
-0.077591
-0.078374
-0.079156
-0.079469
-0.080096
-0.080878
-0.081348
-0.082052
-0.082365
-0.083148
-0.083931
-0.084714
-0.085261
-0.085575
-0.085966
-0.086749
-0.087375
-0.087844
-0.088157
-0.088784
-0.089488
-0.090584
-0.091053
-0.091758
-0.092071
-0.092932
-0.093558
-0.093949
-0.094262
-0.095045
-0.095671
-0.096611
-0.097080
-0.097863
-0.098098
-0.098880
-0.099663
-0.100133
-0.100915
-0.101229
-0.101698
-0.102559
-0.103420
-0.103811
-0.104594
-0.104907
-0.105299
-0.106003
-0.106316
-0.107099
-0.107881
-0.108821
-0.109447
-0.110151
-0.110621
-0.111247
-0.111482
-0.112343
-0.112578
-0.113126
-0.113908
-0.114769
-0.115708
-0.116178
-0.116648
-0.117196
-0.117665
-0.118135
-0.119231
-0.119622
-0.120483
-0.121031
-0.122127
-0.122831
-0.123301
-0.124005
-0.124475
-0.125023
-0.125962
-0.126510
-0.126744
-0.127527
-0.128545
-0.129327
-0.130110
-0.130814
-0.131206
-0.131519
-0.132458
-0.133084
-0.133397
-0.134258
-0.135041
-0.136137
-0.136763
-0.137311
-0.137546
-0.138015
-0.138955
-0.139502
-0.140285
-0.140520
-0.141694
-0.142790
-0.143338
-0.143651
-0.144042
-0.144590
-0.145294
-0.146077
-0.146625
-0.147486
-0.148112
-0.149443
-0.149912
-0.150225
-0.150852
-0.151399
-0.152104
-0.152965
-0.153278
-0.154061
-0.154609
-0.155783
-0.156722
-0.157191
-0.157739
-0.158522
-0.158835
-0.160087
-0.160557
-0.161340
-0.161809
-0.163062
-0.163766
-0.164392
-0.164940
-0.165097
-0.166036
-0.166349
-0.167288
-0.168149
-0.168384
-0.169558
-0.170576
-0.171123
-0.171906
-0.172219
-0.172924
-0.173628
-0.174411
-0.175193
-0.175663
-0.176368
-0.177463
-0.178011
-0.178403
-0.179029
-0.179577
-0.180203
-0.180985
-0.181455
-0.182316
-0.183334
-0.183881
-0.184899
-0.185447
-0.186229
-0.186308
-0.187012
-0.187717
-0.188734
-0.189125
-0.189752
-0.190926
-0.191787
-0.192491
-0.192726
-0.193587
-0.193978
-0.194604
-0.195387
-0.195857
-0.196405
-0.197266
-0.198361
-0.199379
-0.199848
-0.200866
-0.201179
-0.202118
-0.202744
-0.203292
-0.203762
-0.204545
-0.205406
-0.206188
-0.206893
-0.207284
-0.207832
-0.208380
-0.208771
-0.209789
-0.210024
-0.210963
-0.211745
-0.212685
-0.213546
-0.213780
-0.214720
-0.215033
-0.215581
-0.216363
-0.217303
-0.217772
-0.218477
-0.219181
-0.220120
-0.221138
-0.221373
-0.222077
-0.222468
-0.223251
-0.223799
-0.224503
-0.224895
-0.225677
-0.226538
-0.227478
-0.227869
-0.228339
-0.228965
-0.229278
-0.229982
-0.230922
-0.231704
-0.232252
-0.233348
-0.233818
-0.234365
-0.234992
-0.235226
-0.236009
-0.236714
-0.237105
-0.237731
-0.238357
-0.238983
-0.240079
-0.240940
-0.241175
-0.242271
-0.242349
-0.242975
-0.243758
-0.244227
-0.245088
-0.245715
-0.246184
-0.246497
-0.247123
-0.247984
-0.248376
-0.248924
-0.249471
-0.250332
-0.250959
-0.251507
-0.251976
-0.252759
-0.253072
-0.253463
-0.254089
-0.254637
-0.255263
-0.255733
-0.256359
-0.257142
-0.257768
-0.258316
-0.258864
-0.259333
-0.259803
-0.260273
-0.260742
-0.261212
-0.262229
-0.262621
-0.263325
-0.263873
-0.264499
-0.264969
-0.265282
-0.265673
-0.265986
-0.266691
-0.267004
-0.267708
-0.267943
-0.268491
-0.268804
-0.269665
-0.270056
-0.270448
-0.270839
-0.271309
-0.271857
-0.272405
-0.273031
-0.273187
-0.273657
-0.274361
-0.274909
-0.275066
-0.275614
-0.275927
-0.276005
-0.276709
-0.277257
-0.277727
-0.277962
-0.278588
-0.279214
-0.279684
-0.280232
-0.280466
-0.280701
-0.281484
-0.281875
-0.282580
-0.282971
-0.283128
-0.283362
-0.283910
-0.284380
-0.284849
-0.285006
-0.285554
-0.286023
-0.286415
-0.286650
-0.287119
-0.287432
-0.287667
-0.288215
-0.288293
-0.288685
-0.289233
-0.289546
-0.289859
-0.290485
-0.290641
-0.290954
-0.291189
-0.291659
-0.291972
-0.292442
-0.292755
-0.292989
-0.293224
-0.293459
-0.293772
-0.294085
-0.294164
-0.294633
-0.294790
-0.295181
-0.295338
-0.295416
-0.295729
-0.296277
-0.296825
-0.296981
-0.297294
-0.297529
-0.297842
-0.297842
-0.297920
-0.298312
-0.298390
-0.298703
-0.299564
-0.299721
-0.299721
-0.299877
-0.300425
-0.300582
-0.300895
-0.301130
-0.300816
-0.301130
-0.301756
-0.301756
-0.302382
-0.301991
-0.302304
-0.302538
-0.302695
-0.303008
-0.303008
-0.303008
-0.303321
-0.303399
-0.303243
-0.303712
-0.303947
-0.304182
-0.304026
-0.304495
-0.304417
-0.304652
-0.304652
-0.304965
-0.305043
-0.305043
-0.305278
-0.305513
-0.305513
-0.305747
-0.305826
-0.305982
-0.305904
-0.306530
-0.306374
-0.306452
-0.306608
-0.306765
-0.306843
-0.306922
-0.307000
-0.306843
-0.307156
-0.307313
-0.307235
-0.307469
-0.307548
-0.307626
-0.307704
-0.307626
-0.307469
-0.307626
-0.307391
-0.307469
-0.308017
-0.307704
-0.307861
-0.307939
-0.307861
-0.308174
-0.307861
-0.308096
-0.307939
-0.308096
-0.308252
-0.308096
-0.308096
-0.308174
-0.308252
-0.308330
-0.308487
-0.308643
-0.308487
-0.308722
-0.308330
-0.308409
-0.308017
-0.307939
-0.307939
-0.308017
-0.308017
-0.308330
-0.308252
-0.307861
-0.308252
-0.308017
-0.308330
-0.308252
-0.308017
-0.308017
-0.307861
-0.307939
-0.308017
-0.308174
-0.308174
-0.308017
-0.308017
-0.307782
-0.307861
-0.307939
-0.307861
-0.307782
-0.307861
-0.307939
-0.307939
-0.307704
-0.307626
-0.307704
-0.307704
-0.307469
-0.307313
-0.307548
-0.307078
-0.307469
-0.307548
-0.307626
-0.307391
-0.307626
-0.307313
-0.307000
-0.307235
-0.307391
-0.307000
-0.306843
-0.307000
-0.306843
-0.307078
-0.306843
-0.306765
-0.306843
-0.306217
-0.306452
-0.306530
-0.306217
-0.306217
-0.306452
-0.306530
-0.306139
-0.306061
-0.306295
-0.305904
-0.305747
-0.305904
-0.305747
-0.305747
-0.305747
-0.305669
-0.305747
-0.305747
-0.305278
-0.305513
-0.305278
-0.304965
-0.305043
-0.304965
-0.304808
-0.304808
-0.304965
-0.304808
-0.305121
-0.304808
-0.304965
-0.304887
-0.304495
-0.304417
-0.304495
-0.304260
-0.304026
-0.304339
-0.304808
-0.304182
-0.304260
-0.304182
-0.303791
-0.303869
-0.303712
-0.303634
-0.303399
-0.303399
-0.303556
-0.303478
-0.303478
-0.303399
-0.303712
-0.303243
-0.303321
-0.303165
-0.303086
-0.302851
-0.302773
-0.302617
-0.302930
-0.302851
-0.302851
-0.302538
-0.302460
-0.302382
-0.302225
-0.302147
-0.302225
-0.302147
-0.302147
-0.301834
-0.301834
-0.301834
-0.301991
-0.301834
-0.301834
-0.301677
-0.301599
-0.301364
-0.301521
-0.301443
-0.301599
-0.301286
-0.301443
-0.301286
-0.301051
-0.300973
-0.300973
-0.300738
-0.300816
-0.300582
-0.301051
-0.301130
-0.300895
-0.301208
-0.300582
-0.300425
-0.300816
-0.300738
-0.300425
-0.300503
-0.300425
-0.300582
-0.300269
-0.300582
-0.300582
-0.300582
-0.300112
-0.300034
-0.299721
-0.299721
-0.299799
-0.299721
-0.300034
-0.300269
-0.300034
-0.300034
-0.300347
-0.299877
-0.299564
-0.299721
-0.299642
-0.299408
-0.299486
-0.299408
-0.299408
-0.299721
-0.299799
-0.299564
-0.299329
-0.298860
-0.298860
-0.299251
-0.298938
-0.299095
-0.299095
-0.299251
-0.299173
-0.299486
-0.299173
-0.298547
-0.298703
-0.298781
-0.298781
-0.298703
-0.299173
-0.299016
-0.298781
-0.298860
-0.299016
-0.299016
-0.298781
-0.298938
-0.298703
-0.298312
-0.298312
-0.298547
-0.298468
-0.298547
-0.298860
-0.298860
-0.298860
-0.298468
-0.298703
-0.298547
-0.298468
-0.298547
-0.298703
-0.298547
-0.298390
-0.299016
-0.299173
-0.298781
-0.298860
-0.298781
-0.298703
-0.298781
-0.298547
-0.298703
-0.298860
-0.298703
-0.299173
-0.298860
-0.298703
-0.298703
-0.298781
-0.298860
-0.298860
-0.298703
-0.298938
-0.299251
-0.299095
-0.299251
-0.299095
-0.299329
-0.299251
-0.298860
-0.299408
-0.299173
-0.299408
-0.299486
-0.299408
-0.299486
-0.299642
-0.299721
-0.299642
-0.299564
-0.299799
-0.299877
-0.299799
-0.299799
-0.299799
-0.299956
-0.299642
-0.300034
-0.299877
-0.299956
-0.300034
-0.300034
-0.299721
-0.300112
-0.300347
-0.300582
-0.300738
-0.300503
-0.300895
-0.300738
-0.300973
-0.300816
-0.301130
-0.300816
-0.301051
-0.300895
-0.301051
-0.301443
-0.301051
-0.301599
-0.301756
-0.301756
-0.301756
-0.301599
-0.301521
-0.301756
-0.302069
-0.302069
-0.302069
-0.301991
-0.302304
-0.302538
-0.302617
-0.302538
-0.302460
-0.302695
-0.302695
-0.302851
-0.302851
-0.303008
-0.303086
-0.303321
-0.303243
-0.303478
-0.303399
-0.303321
-0.303556
-0.303791
-0.303712
-0.303399
-0.303634
-0.303869
-0.304026
-0.304104
-0.304104
-0.304417
-0.304573
-0.304573
-0.304652
-0.304808
-0.304652
-0.305200
-0.304887
-0.305043
-0.304965
-0.305434
-0.305356
-0.305434
-0.305434
-0.305747
-0.305982
-0.306061
-0.306139
-0.306452
-0.306374
-0.306295
-0.306530
-0.306687
-0.306608
-0.306922
-0.306922
-0.307000
-0.306922
-0.307469
-0.307313
-0.307313
-0.307548
-0.307391
-0.307469
-0.307548
-0.307861
-0.307626
-0.307939
-0.308174
-0.308252
-0.308409
-0.308643
-0.308487
-0.308643
-0.308643
-0.308878
-0.308878
-0.308957
-0.309035
-0.309661
-0.309661
-0.309661
-0.310052
-0.310131
-0.310365
-0.310287
-0.310757
-0.310287
-0.310444
-0.310913
-0.310913
-0.311305
-0.311383
-0.311461
-0.311461
-0.311853
-0.311853
-0.311931
-0.312087
-0.312244
-0.312322
-0.312322
-0.312948
-0.312635
-0.312870
-0.313418
-0.313340
-0.313261
-0.313340
-0.313653
-0.313731
-0.313888
-0.313809
-0.314122
-0.314279
-0.314748
-0.314748
-0.314748
-0.314905
-0.315140
-0.314983
-0.315218
-0.315218
-0.316157
-0.316001
-0.316627
-0.316470
-0.316549
-0.316392
-0.316549
-0.316784
-0.316940
-0.316940
-0.317253
-0.317644
-0.317410
-0.317879
-0.317723
-0.318036
-0.318192
-0.318505
-0.318427
-0.318662
-0.318584
-0.319132
-0.319053
-0.319288
-0.319523
-0.319758
-0.319993
-0.320071
-0.320306
-0.320619
-0.320462
-0.320697
-0.320932
-0.321010
-0.321167
-0.321480
-0.321949
-0.321871
-0.322341
-0.322262
-0.322497
-0.322497
-0.322575
-0.322732
-0.322889
-0.323280
-0.323436
-0.323515
-0.323750
-0.324063
-0.324219
-0.324297
-0.324063
-0.324219
-0.324532
-0.324845
-0.324924
-0.325080
-0.325628
-0.325941
-0.326098
-0.326332
-0.326646
-0.326724
-0.326646
-0.326959
-0.326880
-0.327272
-0.327193
-0.327350
-0.327663
-0.327820
-0.328367
-0.328446
-0.328446
-0.328602
-0.328759
-0.329150
-0.329072
-0.329307
-0.329776
-0.329776
-0.329776
-0.330168
-0.330637
-0.331107
-0.330481
-0.331342
-0.331185
-0.331263
-0.331577
-0.331733
-0.331890
-0.332046
-0.332594
-0.332672
-0.332751
-0.332672
-0.332985
-0.333064
-0.333612
-0.333768
-0.333925
-0.334238
-0.334394
-0.334472
-0.334707
-0.334942
-0.335099
-0.335177
-0.335099
-0.335412
-0.335647
-0.335881
-0.335881
-0.336194
-0.336664
-0.336664
-0.336977
-0.337055
-0.337212
-0.337603
-0.337682
-0.337603
-0.337916
-0.338543
-0.338464
-0.338856
-0.339403
-0.339482
-0.340108
-0.340030
-0.340186
-0.340264
-0.340499
-0.340578
-0.341125
-0.341047
-0.341595
-0.341673
-0.342065
-0.342378
-0.342613
-0.342769
-0.342847
-0.343160
-0.343004
-0.343239
-0.343395
-0.343552
-0.343787
-0.344413
-0.344334
-0.344961
-0.344961
-0.345117
-0.345274
-0.345274
-0.345509
-0.345665
-0.346135
-0.346135
-0.346604
-0.346213
-0.346526
-0.346996
-0.346917
-0.347465
-0.347778
-0.347857
-0.347778
-0.348405
-0.348561
-0.348718
-0.349265
-0.349031
-0.349422
-0.349657
-0.349970
-0.350283
-0.350283
-0.350518
-0.350987
-0.350674
-0.351222
-0.351300
-0.351614
-0.351692
-0.352240
-0.352161
-0.352553
-0.352709
-0.353179
-0.353101
-0.353257
-0.353727
-0.353649
-0.353727
-0.354275
-0.354510
-0.354901
-0.354979
-0.355136
-0.355057
-0.355449
-0.355449
-0.355840
-0.355762
-0.356075
-0.356388
-0.356779
-0.357249
-0.357249
-0.357406
-0.357719
-0.358032
-0.358267
-0.358345
-0.358501
-0.358501
-0.359284
-0.359441
-0.359988
-0.360302
-0.360928
-0.360771
-0.360693
-0.360849
-0.361241
-0.361397
-0.361867
-0.362180
-0.362415
-0.362493
-0.363119
-0.363198
-0.363589
-0.363511
-0.363745
-0.364215
-0.364528
-0.364606
-0.365154
-0.364998
-0.365546
-0.365702
-0.365937
-0.366093
-0.366563
-0.366641
-0.366876
-0.367346
-0.367346
-0.367424
-0.367737
-0.368128
-0.368363
-0.368285
-0.368363
-0.368989
-0.369224
-0.369303
-0.369694
-0.369850
-0.370085
-0.370164
-0.370946
-0.370868
-0.371024
-0.371494
-0.371572
-0.371885
-0.372277
-0.372277
-0.372199
-0.372746
-0.372981
-0.373373
-0.373451
-0.373764
-0.373842
-0.374077
-0.374625
-0.374781
-0.375016
-0.375486
-0.375642
-0.375955
-0.376190
-0.376503
-0.376738
-0.376973
-0.377130
-0.377443
-0.377521
-0.377834
-0.378069
-0.378225
-0.378304
-0.378773
-0.378930
-0.378930
-0.379243
-0.379399
-0.379634
-0.379869
-0.380339
-0.380495
-0.380495
-0.381043
-0.381513
-0.381591
-0.381747
-0.382217
-0.382295
-0.382295
-0.383000
-0.383391
-0.383626
-0.383861
-0.384096
-0.384409
-0.384565
-0.384800
-0.385113
-0.385348
-0.385348
-0.385504
-0.385661
-0.386209
-0.386365
-0.386678
-0.386835
-0.386992
-0.387148
-0.387539
-0.387931
-0.388244
-0.388322
-0.388792
-0.388792
-0.389183
-0.389261
-0.389496
-0.389731
-0.390044
-0.390514
-0.390827
-0.391062
-0.391531
-0.391531
-0.391688
-0.392236
-0.392470
-0.392783
-0.392862
-0.393410
-0.393801
-0.393801
-0.394271
-0.394192
-0.394427
-0.394975
-0.395053
-0.395210
-0.395523
-0.395758
-0.396306
-0.396540
-0.396619
-0.396854
-0.397088
-0.397401
-0.397871
-0.398184
-0.398106
-0.398654
-0.398732
-0.398810
-0.399123
-0.399749
-0.399984
-0.400219
-0.400297
-0.401237
-0.401158
-0.401237
-0.401706
-0.401941
-0.402176
-0.402254
-0.402959
-0.402959
-0.402959
-0.403506
-0.403820
-0.403976
-0.404211
-0.404837
-0.404680
-0.404994
-0.405072
-0.405385
-0.405541
-0.406011
-0.406324
-0.406794
-0.406637
-0.407185
-0.407655
-0.407576
-0.407655
-0.408281
-0.408281
-0.408516
-0.408907
-0.409377
-0.409533
-0.409925
-0.410003
-0.410316
-0.410629
-0.410786
-0.411020
-0.411255
-0.411568
-0.411647
-0.412116
-0.412429
-0.412742
-0.412977
-0.413368
-0.413682
-0.413995
-0.413995
-0.414229
-0.414386
-0.414856
-0.415012
-0.415325
-0.415717
-0.416108
-0.416186
-0.416343
-0.416891
-0.416891
-0.417360
-0.417438
-0.417673
-0.418065
-0.418378
-0.418456
-0.418847
-0.418769
-0.419239
-0.419787
-0.419865
-0.420256
-0.420648
-0.420961
-0.421274
-0.421430
-0.421665
-0.421978
-0.422291
-0.422448
-0.422996
-0.423152
-0.423387
-0.423622
-0.423544
-0.424013
-0.424013
-0.424561
-0.424874
-0.425344
-0.425579
-0.425735
-0.426283
-0.426439
-0.426753
-0.426987
-0.427066
-0.427379
-0.427614
-0.427848
-0.427770
-0.428083
-0.428866
-0.429179
-0.429492
-0.429649
-0.429962
-0.430353
-0.430666
-0.430666
-0.430979
-0.430823
-0.431449
-0.431762
-0.432153
-0.432231
-0.432623
-0.433092
-0.433014
-0.433171
-0.433484
-0.433719
-0.433875
-0.434110
-0.434188
-0.434736
-0.434814
-0.435362
-0.435832
-0.435910
-0.436380
-0.436458
-0.436536
-0.437006
-0.437397
-0.437476
-0.437710
-0.438102
-0.438415
-0.438728
-0.438963
-0.439119
-0.439511
-0.439667
-0.440215
-0.440450
-0.440293
-0.441076
-0.441311
-0.441232
-0.441937
-0.441937
-0.442485
-0.442563
-0.443111
-0.443111
-0.443424
-0.443659
-0.443815
-0.444207
-0.444442
-0.444676
-0.445068
-0.445303
-0.445694
-0.445929
-0.446398
-0.446320
-0.446946
-0.446711
-0.446790
-0.446790
-0.447494
-0.447416
-0.447729
-0.448042
-0.448512
-0.448668
-0.448903
-0.449138
-0.449529
-0.449686
-0.449920
-0.450312
-0.450781
-0.450860
-0.451251
-0.451642
-0.451642
-0.452269
-0.452269
-0.452895
-0.453051
-0.453364
-0.453443
-0.453756
-0.453990
-0.454460
-0.454695
-0.455008
-0.455086
-0.455791
-0.455791
-0.456182
-0.456417
-0.456652
-0.457356
-0.457356
-0.457513
-0.457982
-0.458060
-0.458217
-0.458687
-0.459078
-0.459235
-0.459548
-0.459861
-0.459861
-0.460017
-0.460487
-0.461035
-0.461661
-0.461583
-0.461739
-0.461974
-0.462365
-0.462757
-0.462913
-0.463226
-0.463696
-0.463696
-0.464009
-0.464322
-0.464400
-0.464713
-0.465183
-0.465496
-0.465574
-0.465653
-0.466435
-0.466592
-0.466748
-0.467218
-0.467218
-0.467453
-0.467844
-0.468314
-0.468392
-0.468783
-0.469175
-0.469566
-0.469644
-0.469801
-0.470427
-0.470662
-0.470818
-0.471288
-0.471523
-0.471601
-0.471993
-0.472071
-0.472540
-0.472619
-0.472932
-0.473167
-0.473636
-0.473949
-0.474184
-0.474419
-0.474654
-0.475123
-0.475045
-0.475515
-0.475749
-0.476219
-0.476376
-0.476689
-0.476924
-0.477080
-0.477628
-0.477941
-0.478098
-0.478332
-0.478802
-0.478880
-0.479272
-0.479741
-0.479976
-0.480133
-0.480367
-0.480446
-0.481150
-0.481541
-0.481933
-0.482324
-0.482715
-0.483029
-0.483263
-0.483811
-0.484046
-0.484124
-0.484437
-0.484672
-0.485064
-0.485298
-0.485611
-0.485925
-0.486238
-0.486316
-0.486472
-0.486942
-0.487099
-0.487412
-0.487568
-0.487881
-0.488273
-0.488429
-0.488742
-0.489134
-0.489447
-0.489681
-0.489995
-0.490464
-0.490229
-0.491090
-0.491090
-0.491403
-0.491795
-0.492264
-0.492577
-0.492734
-0.493125
-0.493282
-0.493595
-0.493986
-0.494299
-0.494456
-0.494534
-0.494691
-0.495239
-0.495473
-0.495865
-0.495943
-0.496256
-0.496647
-0.496961
-0.497117
-0.497352
-0.497508
-0.497900
-0.498135
-0.498604
-0.498917
-0.498996
-0.499309
-0.499700
-0.500326
-0.500404
-0.500483
-0.500874
-0.501422
-0.501813
-0.501578
-0.502361
-0.502909
-0.503066
-0.503300
-0.503535
-0.504005
-0.504240
-0.504631
-0.504866
-0.505022
-0.505257
-0.505649
-0.506040
-0.506275
-0.506431
-0.506823
-0.506901
-0.507214
-0.507918
-0.507997
-0.508388
-0.508466
-0.508858
-0.509327
-0.509405
-0.509797
-0.510110
-0.510266
-0.510658
-0.510893
-0.511206
-0.511519
-0.511754
-0.512223
-0.512145
-0.512536
-0.513006
-0.513084
-0.513319
-0.513554
-0.513945
-0.514102
-0.514336
-0.515041
-0.515197
-0.515276
-0.515745
-0.516137
-0.516293
-0.516685
-0.516685
-0.517154
-0.517389
-0.518093
-0.517859
-0.518172
-0.518563
-0.518876
-0.519033
-0.519346
-0.519581
-0.519581
-0.520285
-0.520520
-0.520989
-0.520911
-0.521616
-0.522242
-0.522085
-0.522477
-0.522790
-0.523181
-0.523103
-0.523337
-0.523807
-0.524042
-0.524433
-0.524825
-0.524903
-0.525138
-0.525920
-0.525999
-0.526155
-0.526468
-0.526547
-0.526860
-0.527329
-0.527486
-0.527955
-0.527877
-0.528112
-0.528582
-0.528738
-0.529051
-0.529521
-0.529677
-0.530069
-0.529912
-0.530382
-0.530930
-0.531008
-0.531634
-0.531791
-0.531712
-0.531947
-0.532417
-0.532965
-0.533121
-0.533121
-0.533669
-0.533826
-0.534060
-0.534608
-0.534530
-0.535078
-0.535626
-0.535548
-0.536017
-0.536565
-0.536643
-0.537113
-0.537113
-0.537270
-0.537504
-0.537817
-0.538052
-0.538365
-0.538678
-0.539148
-0.539226
-0.539852
-0.539852
-0.540087
-0.540713
-0.540792
-0.541026
-0.541418
-0.541496
-0.541966
-0.542357
-0.542357
-0.542827
-0.542983
-0.543296
-0.543688
-0.543922
-0.543922
-0.544314
-0.544783
-0.545018
-0.545253
-0.545879
-0.545879
-0.546114
-0.546505
-0.546662
-0.546975
-0.547288
-0.547601
-0.548071
-0.547914
-0.548149
-0.548619
-0.548932
-0.549323
-0.549714
-0.550027
-0.550106
-0.550732
-0.550654
-0.550888
-0.551436
-0.551436
-0.551671
-0.552063
-0.552610
-0.552923
-0.552845
-0.553158
-0.553706
-0.553941
-0.554254
-0.554724
-0.554958
-0.555272
-0.555037
-0.555506
-0.555898
-0.556211
-0.556446
-0.556680
-0.556994
-0.557307
-0.557698
-0.557776
-0.558324
-0.558715
-0.558950
-0.559029
-0.558872
-0.559420
-0.559498
-0.559889
-0.560672
-0.560750
-0.561220
-0.561768
-0.561846
-0.562238
-0.562629
-0.563177
-0.563333
-0.563568
-0.563881
-0.563881
-0.564194
-0.564273
-0.564820
-0.565134
-0.565447
-0.565681
-0.565995
-0.566308
-0.566621
-0.567012
-0.567090
-0.567560
-0.567951
-0.567951
-0.568108
-0.568577
-0.568812
-0.569282
-0.569360
-0.569751
-0.569830
-0.569986
-0.570456
-0.570847
-0.571317
-0.571473
-0.571552
-0.571865
-0.572100
-0.572334
-0.572569
-0.572804
-0.573195
-0.573508
-0.573743
-0.574213
-0.574369
-0.574917
-0.575074
-0.575230
-0.575622
-0.575857
-0.576170
-0.576326
-0.577031
-0.576796
-0.577265
-0.577657
-0.577892
-0.578126
-0.578439
-0.578674
-0.578987
-0.579222
-0.579457
-0.579927
-0.580318
-0.580474
-0.581101
-0.581414
-0.581570
-0.582196
-0.582431
-0.582509
-0.582744
-0.583136
-0.583449
-0.583527
-0.583918
-0.584075
-0.584623
-0.585092
-0.585092
-0.585249
-0.585719
-0.585953
-0.586345
-0.586971
-0.586893
-0.586893
-0.587519
-0.587988
-0.588223
-0.588536
-0.588849
-0.589084
-0.589241
-0.589632
-0.589867
-0.590336
-0.591119
-0.591041
-0.591354
-0.591902
-0.591824
-0.592371
-0.592919
-0.593154
-0.593232
-0.593624
-0.593780
-0.594250
-0.594485
-0.594876
-0.595033
-0.595033
-0.595581
-0.595972
-0.596128
-0.596285
-0.596520
-0.596911
-0.597459
-0.597537
-0.597694
-0.597772
-0.598242
-0.598790
-0.598711
-0.599024
-0.599651
-0.599964
-0.599885
-0.600512
-0.600668
-0.601138
-0.601529
-0.601842
-0.602312
-0.602390
-0.602860
-0.603094
-0.603329
-0.603721
-0.604034
-0.604503
-0.604660
-0.605208
-0.605443
-0.605521
-0.605834
-0.606460
-0.606538
-0.606851
-0.607086
-0.607478
-0.607869
-0.608338
-0.608260
-0.608730
-0.608573
-0.609043
-0.609513
-0.609904
-0.610060
-0.610843
-0.610687
-0.610843
-0.611234
-0.611391
-0.611704
-0.612174
-0.612487
-0.612487
-0.613113
-0.613113
-0.613504
-0.614052
-0.614052
-0.614287
-0.614365
-0.614522
-0.615305
-0.615383
-0.615774
-0.615774
-0.616479
-0.616557
-0.616713
-0.617183
-0.617653
-0.617966
-0.618122
-0.618279
-0.618670
-0.619061
-0.619375
-0.619844
-0.619844
-0.620314
-0.620470
-0.620705
-0.620783
-0.621410
-0.621410
-0.621644
-0.622271
-0.622271
-0.622505
-0.622975
-0.623288
-0.623758
-0.624227
-0.624227
-0.624775
-0.625010
-0.625245
-0.625480
-0.625558
-0.625871
-0.626341
-0.626654
-0.626888
-0.627202
-0.627358
-0.627593
-0.627906
-0.628532
-0.628845
-0.628845
-0.629158
-0.629628
-0.629784
-0.629941
-0.630724
-0.630567
-0.631350
-0.631115
-0.631585
-0.632211
-0.632367
-0.632602
-0.632915
-0.633072
-0.633307
-0.633541
-0.634011
-0.634402
-0.634246
-0.634637
-0.634872
-0.635185
-0.635342
-0.635576
-0.635968
-0.636359
-0.636829
-0.636985
-0.637298
-0.637611
-0.637924
-0.638238
-0.638472
-0.638785
-0.639099
-0.639177
-0.639646
-0.639959
-0.640116
-0.640116
-0.640507
-0.640507
-0.641134
-0.641525
-0.641838
-0.641995
-0.642464
-0.642934
-0.642855
-0.643638
-0.643951
-0.644030
-0.644108
-0.644421
-0.644812
-0.644656
-0.644890
-0.645517
-0.645751
-0.645908
-0.646612
-0.646769
-0.646926
-0.647160
-0.647708
