-0.534295
-0.534687
-0.534843
-0.535704
-0.535469
-0.535939
-0.536252
-0.536643
-0.536800
-0.537270
-0.537348
-0.537583
-0.537896
-0.537974
-0.538365
-0.538522
-0.539070
-0.539383
-0.539461
-0.539696
-0.540166
-0.540557
-0.540635
-0.540948
-0.541183
-0.541574
-0.541574
-0.541887
-0.542592
-0.542905
-0.542983
-0.542983
-0.543531
-0.543766
-0.544157
-0.544236
-0.544549
-0.544705
-0.545097
-0.545410
-0.545801
-0.546349
-0.546427
-0.546662
-0.547288
-0.547288
-0.547523
-0.547836
-0.548149
-0.548306
-0.548306
-0.548775
-0.548853
-0.549323
-0.549558
-0.549949
-0.550106
-0.550262
-0.550732
-0.551202
-0.551358
-0.551515
-0.551828
-0.552063
-0.552532
-0.552923
-0.553237
-0.553550
-0.553706
-0.554254
-0.554332
-0.554567
-0.554958
-0.555193
-0.555506
-0.555663
-0.556367
-0.556289
-0.556759
-0.557072
-0.557307
-0.557463
-0.557854
-0.558168
-0.558324
-0.558402
-0.559029
-0.559029
-0.559733
-0.559655
-0.560124
-0.560437
-0.561064
-0.561220
-0.561455
-0.561455
-0.562081
-0.562551
-0.562472
-0.562942
-0.563020
-0.563412
-0.563725
-0.563881
-0.564038
-0.564194
-0.564820
-0.565055
-0.565290
-0.565525
-0.565760
-0.565995
-0.566308
-0.566464
-0.566699
-0.567482
-0.567560
-0.567951
-0.568108
-0.568343
-0.568734
-0.568734
-0.569125
-0.569438
-0.569751
-0.569908
-0.570065
-0.570612
-0.570847
-0.571082
-0.571552
-0.572178
-0.571865
-0.572256
-0.572726
-0.573195
-0.573117
-0.573743
-0.573743
-0.573900
-0.574448
-0.574682
-0.575230
-0.575387
-0.575778
-0.576170
-0.576248
-0.576717
-0.576874
-0.577109
-0.577422
-0.577813
-0.578126
-0.578439
-0.578596
-0.578753
-0.579300
-0.579300
-0.579535
-0.579927
-0.580083
-0.580631
-0.580788
-0.581179
-0.581570
-0.582196
-0.582275
-0.582823
-0.582744
-0.583057
-0.583136
-0.583762
-0.583918
-0.584310
-0.584779
-0.584936
-0.584936
-0.585249
-0.585562
-0.585953
-0.586110
-0.586345
-0.586971
-0.587049
-0.587675
-0.587910
-0.587988
-0.588380
-0.588849
-0.588849
-0.589084
-0.589319
-0.589945
-0.589867
-0.590493
-0.590650
-0.591276
-0.591432
-0.591354
-0.592137
-0.591824
-0.592293
-0.592606
-0.592998
-0.593154
-0.593624
-0.593780
-0.594406
-0.594720
-0.594641
-0.594798
-0.595424
-0.595659
-0.596207
-0.596363
-0.596363
-0.596755
-0.597224
-0.597459
-0.598242
-0.598320
-0.598555
-0.598790
-0.598946
-0.599572
-0.599729
-0.599964
-0.600668
-0.601294
-0.601216
-0.600981
-0.601529
-0.601999
-0.602703
-0.602625
-0.603016
-0.603173
-0.603721
-0.604034
-0.604347
-0.604582
-0.604973
-0.605129
-0.605364
-0.605677
-0.605756
-0.606382
-0.606695
-0.607086
-0.607164
-0.607243
-0.607712
-0.608338
-0.608417
-0.608573
-0.609121
-0.609278
-0.609669
-0.609982
-0.610295
-0.610374
-0.611000
-0.611391
-0.611469
-0.611939
-0.612174
-0.612565
-0.612878
-0.613269
-0.613269
-0.613504
-0.613974
-0.614365
-0.614444
-0.614913
-0.615070
-0.615305
-0.615852
-0.616009
-0.616244
-0.616400
-0.616792
-0.617183
-0.617418
-0.617731
-0.618279
-0.618435
-0.618435
-0.618905
-0.618983
-0.619218
-0.619922
-0.620079
-0.620001
-0.620549
-0.621018
-0.621331
-0.621253
-0.621957
-0.621957
-0.622427
-0.622584
-0.623053
-0.623366
-0.623366
-0.623679
-0.623914
-0.624227
-0.624384
-0.625010
-0.625166
-0.625636
-0.625871
-0.626419
-0.626184
-0.626419
-0.627202
-0.627202
-0.627593
-0.627984
-0.628376
-0.628454
-0.628689
-0.628923
-0.629393
-0.629393
-0.630019
-0.630254
-0.630489
-0.631037
-0.631193
-0.631350
-0.631585
-0.631819
-0.632054
-0.632680
-0.632680
-0.632915
-0.633463
-0.633854
-0.634168
-0.634246
-0.634559
-0.634950
-0.635420
-0.635576
-0.635655
-0.636046
-0.636124
-0.636437
-0.636437
-0.636985
-0.637142
-0.637611
-0.637846
-0.638159
-0.638394
-0.638707
-0.639255
-0.639333
-0.639490
-0.639568
-0.640194
-0.640429
-0.640820
-0.641055
-0.641447
-0.641681
-0.642229
-0.642542
-0.642855
-0.642855
-0.643012
-0.643638
-0.644030
-0.644343
-0.644812
-0.645047
-0.645282
-0.645517
-0.645595
-0.646143
-0.646299
-0.646221
-0.647004
-0.646926
-0.647473
-0.647630
-0.647865
-0.648256
-0.648647
-0.648882
-0.649274
-0.649508
-0.649665
-0.650056
-0.650291
-0.650369
-0.650761
-0.651074
-0.651387
-0.651465
-0.651935
-0.652013
-0.652326
-0.652952
-0.653187
-0.653422
-0.653735
-0.653970
-0.653970
-0.654205
-0.654674
-0.654752
-0.655379
-0.655379
-0.655535
-0.655770
-0.655770
-0.655848
-0.655770
-0.656005
-0.656083
-0.655848
-0.655927
-0.655927
-0.656005
-0.655613
-0.655457
-0.655222
-0.654909
-0.654831
-0.654831
-0.654439
-0.654126
-0.654126
-0.653813
-0.653187
-0.653109
-0.652639
-0.652483
-0.652326
-0.652091
-0.651622
-0.651309
-0.651074
-0.650996
-0.650526
-0.650056
-0.649900
-0.649587
-0.649274
-0.648961
-0.648569
-0.648726
-0.648256
-0.647317
-0.647395
-0.647082
-0.646769
-0.646534
-0.645986
-0.645517
-0.645517
-0.645282
-0.645204
-0.644812
-0.644343
-0.643795
-0.643638
-0.643325
-0.642855
-0.642855
-0.642621
-0.642464
-0.641603
-0.641525
-0.640977
-0.640664
-0.639881
-0.639803
-0.639333
-0.639255
-0.639020
-0.638707
-0.638159
-0.637924
-0.637298
-0.637220
-0.636907
-0.636672
-0.636516
-0.636281
-0.635733
-0.635342
-0.634872
-0.634872
-0.634246
-0.634168
-0.633776
-0.633385
-0.632993
-0.632759
-0.632289
-0.632133
-0.631741
-0.631506
-0.631115
-0.630645
-0.630097
-0.629784
-0.629393
-0.629550
-0.629237
-0.628532
-0.628297
-0.627984
-0.627828
-0.627358
-0.627202
-0.626654
-0.626967
-0.626341
-0.625949
-0.625401
-0.625401
-0.624853
-0.624853
-0.624306
-0.623992
-0.623679
-0.623445
-0.622975
-0.622662
-0.622505
-0.621879
-0.621566
-0.621096
-0.620705
-0.620783
-0.620157
-0.619844
-0.619609
-0.619061
-0.619061
-0.618514
-0.618279
-0.617653
-0.617340
-0.616948
-0.616870
-0.616479
-0.616322
-0.615931
-0.615383
-0.615305
-0.614444
-0.614365
-0.614522
-0.613974
-0.613504
-0.613191
-0.613191
-0.612643
-0.612174
-0.611939
-0.611782
-0.611234
-0.611234
-0.610687
-0.609982
-0.609826
-0.609669
-0.609199
-0.609121
-0.608730
-0.608573
-0.608182
-0.607712
-0.607556
-0.607086
-0.606695
-0.606538
-0.605912
-0.605756
-0.605364
-0.605208
-0.604738
-0.604660
-0.604660
-0.604190
-0.603877
-0.603329
-0.603016
-0.602703
-0.602233
-0.602233
-0.601529
-0.601216
-0.600590
-0.600433
-0.599572
-0.599651
-0.599024
-0.598868
-0.598633
-0.598163
-0.597616
-0.597616
-0.597302
-0.597068
-0.596676
-0.596128
-0.596207
-0.595659
-0.595267
-0.594798
-0.594641
-0.594172
-0.594015
-0.593702
-0.593467
-0.592763
-0.592841
-0.592606
-0.592137
-0.591589
-0.591432
-0.591197
-0.590650
-0.590415
-0.590180
-0.589945
-0.589319
-0.589162
-0.588771
-0.588380
-0.588223
-0.588145
-0.587597
-0.587519
-0.586971
-0.586501
-0.586188
-0.586266
-0.585484
-0.585327
-0.585092
-0.584231
-0.584153
-0.583918
-0.583684
-0.583292
-0.582823
-0.582509
-0.582196
-0.581727
-0.581492
-0.580866
-0.580553
-0.580474
-0.580005
-0.579770
-0.579222
-0.578753
-0.578518
-0.578126
-0.577735
-0.577578
-0.577344
-0.576639
-0.576404
-0.576170
-0.576091
-0.575700
-0.575387
-0.575309
-0.574761
-0.574604
-0.574213
-0.573665
-0.573195
-0.573039
-0.572647
-0.572334
-0.571787
-0.571395
-0.571160
-0.571004
-0.570769
-0.570065
-0.569751
-0.569360
-0.569047
-0.568891
-0.568499
-0.568108
-0.567795
-0.567482
-0.567090
-0.566777
-0.566308
-0.565995
-0.565681
-0.565603
-0.565055
-0.564742
-0.564507
-0.564273
-0.563803
-0.563725
-0.563490
-0.562942
-0.562472
-0.562159
-0.562003
-0.561611
-0.561142
-0.560594
-0.560203
-0.559889
-0.559498
-0.559185
-0.558950
-0.558402
-0.558402
-0.558089
-0.557698
-0.557620
-0.556994
-0.556680
-0.556367
-0.555976
-0.555741
-0.555115
-0.554880
-0.554567
-0.554254
-0.553941
-0.553706
-0.553237
-0.553080
-0.552689
-0.552297
-0.552141
-0.551671
-0.551358
-0.550888
-0.550341
-0.550106
-0.550027
-0.549714
-0.549245
-0.548932
-0.548697
-0.548384
-0.547992
-0.547366
-0.547132
-0.546975
-0.546740
-0.546349
-0.546036
-0.545253
-0.545175
-0.544705
-0.544627
-0.544236
-0.543922
-0.543531
-0.543375
-0.543140
-0.542670
-0.542592
-0.542279
-0.542044
-0.541496
-0.541183
-0.541105
-0.540400
-0.540087
-0.539852
-0.539696
-0.539070
-0.538757
-0.538600
-0.537974
-0.537817
-0.537661
-0.537348
-0.536722
-0.536565
-0.536330
-0.535626
-0.535782
-0.535235
-0.535000
-0.534765
-0.534217
-0.533826
-0.533826
-0.533513
-0.533199
-0.532808
-0.532652
-0.532104
-0.531712
-0.531634
-0.531321
-0.530695
-0.530382
-0.529990
-0.529834
-0.529208
-0.528895
-0.528738
-0.528425
-0.528112
-0.527955
-0.527799
-0.527408
-0.526938
-0.526781
-0.526390
-0.526077
-0.525764
-0.525607
-0.525294
-0.524512
-0.524355
-0.524042
-0.523651
-0.523494
-0.523024
-0.522711
-0.522163
-0.521850
-0.521459
-0.521068
-0.520911
-0.520520
-0.520207
-0.519815
-0.519346
-0.519033
-0.518407
-0.518172
-0.517937
-0.517780
-0.517467
-0.516998
-0.516841
-0.516606
-0.515980
-0.515589
-0.515511
-0.514963
-0.514728
-0.515041
-0.514180
-0.513710
-0.513554
-0.513397
-0.512771
-0.512615
-0.512458
-0.511754
-0.511519
-0.511049
-0.510971
-0.510580
-0.510188
-0.510032
-0.509640
-0.509327
-0.508779
-0.508623
-0.508310
-0.507918
-0.507684
-0.507527
-0.507214
-0.507136
-0.506353
-0.506196
-0.505962
-0.505727
-0.505335
-0.504788
-0.504709
-0.504005
-0.504240
-0.503848
-0.503614
-0.503222
-0.502674
-0.502518
-0.502126
-0.501735
-0.501344
-0.500796
-0.500796
-0.500561
-0.500248
-0.499857
-0.499465
-0.499152
-0.498761
-0.498526
-0.498056
-0.497978
-0.497352
-0.496882
-0.496804
-0.496491
-0.496256
-0.495787
-0.495473
-0.495004
-0.494612
-0.494456
-0.494065
-0.493986
-0.493908
-0.493438
-0.492734
-0.492656
-0.492343
-0.492108
-0.491638
-0.491482
-0.491012
-0.490856
-0.490464
-0.489603
-0.490073
-0.489603
-0.488977
-0.488821
-0.488742
-0.488429
-0.488194
-0.487803
-0.487568
-0.487255
-0.486942
-0.486316
-0.486394
-0.486081
-0.485455
-0.485455
-0.484907
-0.484829
-0.484359
-0.484359
-0.483811
-0.483498
-0.483029
-0.483029
-0.482637
-0.482402
-0.481620
-0.481698
-0.481150
-0.480446
-0.480524
-0.480054
-0.479585
-0.479272
-0.479115
-0.478802
-0.478332
-0.478254
-0.477941
-0.477471
-0.477237
-0.477158
-0.476767
-0.476454
-0.476063
-0.475749
-0.475593
-0.474967
-0.474654
-0.474575
-0.474106
-0.473636
-0.473323
-0.473010
-0.472775
-0.472384
-0.472227
-0.471836
-0.471679
-0.471210
-0.470818
-0.470349
-0.470584
-0.469879
-0.469331
-0.469410
-0.469175
-0.468549
-0.468392
-0.468314
-0.467766
-0.467453
-0.466983
-0.467140
-0.466514
-0.466592
-0.466122
-0.465966
-0.465418
-0.464948
-0.464479
-0.463931
-0.464244
-0.463539
-0.463305
-0.462913
-0.462678
-0.462444
-0.462131
-0.461739
-0.461504
-0.460956
-0.460643
-0.460252
-0.460174
-0.459782
-0.459313
-0.459000
-0.458608
-0.458060
-0.458217
-0.457982
-0.457513
-0.457513
-0.457043
-0.456652
-0.456417
-0.456260
-0.455399
-0.455086
-0.454930
-0.454695
-0.454538
-0.454147
-0.453912
-0.453364
-0.453286
-0.452895
-0.452738
-0.452112
-0.452034
-0.451486
-0.451173
-0.450938
-0.450625
-0.450312
-0.450077
-0.449842
-0.449607
-0.449216
-0.449059
-0.448825
-0.448198
-0.447807
-0.447494
-0.446946
-0.446633
-0.446163
-0.446007
-0.446007
-0.445459
-0.445068
-0.444989
-0.444598
-0.444442
-0.444050
-0.443815
-0.443111
-0.442798
-0.442563
-0.442641
-0.442250
-0.441780
-0.441546
-0.440763
-0.440450
-0.440372
-0.439902
-0.439432
-0.438963
-0.438728
-0.438180
-0.438102
-0.437632
-0.437397
-0.437006
-0.437162
-0.436536
-0.436145
-0.435988
-0.435832
-0.435362
-0.435284
-0.434893
-0.434188
-0.434188
-0.433562
-0.433249
-0.433327
-0.433014
-0.432623
-0.432388
-0.431840
-0.431840
-0.431292
-0.430979
-0.430744
-0.430275
-0.429649
-0.429492
-0.429101
-0.429179
-0.428475
-0.428083
-0.427770
-0.427927
-0.427222
-0.427144
-0.426987
-0.426518
-0.425970
-0.425735
-0.425735
-0.425265
-0.424874
-0.424404
-0.424170
-0.424170
-0.423622
-0.423152
-0.422917
-0.422683
-0.422369
-0.422056
-0.421665
-0.421274
-0.420961
-0.420413
-0.420021
-0.419943
-0.419395
-0.419239
-0.419160
-0.418691
-0.418378
-0.418065
-0.417830
-0.417360
-0.417282
-0.416969
-0.416656
-0.416030
-0.415638
-0.415403
-0.415090
-0.414856
-0.414386
-0.414386
-0.413760
-0.413368
-0.412977
-0.413055
-0.412507
-0.412507
-0.412038
-0.411568
-0.411333
-0.410629
-0.410707
-0.410394
-0.410394
-0.409925
-0.409690
-0.409064
-0.408985
-0.408594
-0.408281
-0.407890
-0.407420
-0.407263
-0.406637
-0.406637
-0.406246
-0.405855
-0.405698
-0.405541
-0.404994
-0.404915
-0.404524
-0.404133
-0.403898
-0.403193
-0.403115
-0.402411
-0.402880
-0.402176
-0.402098
-0.401628
-0.401237
-0.400689
-0.400141
-0.400063
-0.399749
-0.399436
-0.399045
-0.398497
-0.398184
-0.397949
-0.397636
-0.397558
-0.397167
-0.397010
-0.396462
-0.396227
-0.396071
-0.395914
-0.395445
-0.394818
-0.394740
-0.394349
-0.394036
-0.393879
-0.393566
-0.393644
-0.393253
-0.392705
-0.392470
-0.392314
-0.392001
-0.391766
-0.391453
-0.391140
-0.390983
-0.390435
-0.390201
-0.390044
-0.389574
-0.389496
-0.388948
-0.388948
-0.388400
-0.388009
-0.387774
-0.387618
-0.387383
-0.386757
-0.386678
-0.386444
-0.385739
-0.385504
-0.385661
-0.385270
-0.384878
-0.384487
-0.384330
-0.383939
-0.383313
-0.383313
-0.383000
-0.382765
-0.382530
-0.382139
-0.382061
-0.381826
-0.381200
-0.381121
-0.380417
-0.380182
-0.379869
-0.379712
-0.379478
-0.379008
-0.378617
-0.378538
-0.378225
-0.377990
-0.377756
-0.377677
-0.377286
-0.376973
-0.376503
-0.376190
-0.375955
-0.375486
-0.375173
-0.375016
-0.374860
-0.374390
-0.374234
-0.373999
-0.373764
-0.373451
-0.373373
-0.372981
-0.372199
-0.372042
-0.371964
-0.371181
-0.371024
-0.370868
-0.370633
-0.370242
-0.369772
-0.369537
-0.369303
-0.368911
-0.368676
-0.368128
-0.367815
-0.367737
-0.367424
-0.367111
-0.367033
-0.366485
-0.366250
-0.366250
-0.365780
-0.365546
-0.365154
-0.364841
-0.364606
-0.364215
-0.363745
-0.363432
-0.363354
-0.362884
-0.362884
-0.362571
-0.362493
-0.362102
-0.361554
-0.361319
-0.361006
-0.360145
-0.359910
-0.359597
-0.359284
-0.359049
-0.358814
-0.358188
-0.358501
-0.358032
-0.357640
-0.357484
-0.357171
-0.356858
-0.356388
-0.356153
-0.356153
-0.355449
-0.355449
-0.355136
-0.354588
-0.354510
-0.353962
-0.353805
-0.353414
-0.353414
-0.352866
-0.352553
-0.352318
-0.351848
-0.351379
-0.351066
-0.350909
-0.350987
-0.350361
-0.350205
-0.349892
-0.349813
-0.349422
-0.349031
-0.348561
-0.348639
-0.348170
-0.347935
-0.347465
-0.347387
-0.346996
-0.346839
-0.346683
-0.345822
-0.345900
-0.345352
-0.345039
-0.344648
-0.344413
-0.344256
-0.343865
-0.343865
-0.343552
-0.343082
-0.342613
-0.342534
-0.342143
-0.341908
-0.341360
-0.341125
-0.341047
-0.340656
-0.340578
-0.339795
-0.339795
-0.339403
-0.339247
-0.338777
-0.338386
-0.338073
-0.337760
-0.337525
-0.337368
-0.337212
-0.336586
-0.336508
-0.336664
-0.336116
-0.336038
-0.335647
-0.335255
-0.335099
-0.334786
-0.334394
-0.334394
-0.333925
-0.333533
-0.333298
-0.332907
-0.332594
-0.332907
-0.332203
-0.331890
-0.331811
-0.331263
-0.331029
-0.330481
-0.330324
-0.330168
-0.329776
-0.329776
-0.329385
-0.329385
-0.328915
-0.328837
-0.328367
-0.328054
-0.327506
-0.327506
-0.327037
-0.326646
-0.326254
-0.326098
-0.325785
-0.325550
-0.325002
-0.325080
-0.325002
-0.324376
-0.324063
-0.323671
-0.323358
-0.323123
-0.322654
-0.322654
-0.322419
-0.322341
-0.321715
-0.321480
-0.321323
-0.320932
-0.320932
-0.320462
-0.320227
-0.319679
-0.319601
-0.319288
-0.318662
-0.318349
-0.318114
-0.318114
-0.317644
-0.317331
-0.317018
-0.316705
-0.316470
-0.316157
-0.315844
-0.315218
-0.315531
-0.315140
-0.314827
-0.314592
-0.314279
-0.314201
-0.313731
-0.313574
-0.313496
-0.313027
-0.312792
-0.312635
-0.311853
-0.311774
-0.311461
-0.311383
-0.311070
-0.310992
-0.310444
-0.310287
-0.310209
-0.309661
-0.309270
-0.308722
-0.308643
-0.308330
-0.308174
-0.308017
-0.307704
-0.307235
-0.307156
-0.306530
-0.306530
-0.306295
-0.305982
-0.305669
-0.305513
-0.304887
-0.304652
-0.304573
-0.304339
-0.304026
-0.303634
-0.303399
-0.303165
-0.303243
-0.302617
-0.302304
-0.301756
-0.301991
-0.301286
-0.301130
-0.300738
-0.300738
-0.300347
-0.300190
-0.299721
-0.299329
-0.299251
-0.298938
-0.298625
-0.298703
-0.297999
-0.297842
-0.297294
-0.297216
-0.296981
-0.296512
-0.296120
-0.296120
-0.295964
-0.295807
-0.295338
-0.295103
-0.294790
-0.294398
-0.294398
-0.294007
-0.293850
-0.293459
-0.293303
-0.293381
-0.292833
-0.292598
-0.292363
-0.291972
-0.291659
-0.291502
-0.291111
-0.290798
-0.290720
-0.290250
-0.290094
-0.289702
-0.289780
-0.288919
-0.289233
-0.288685
-0.288606
-0.288528
-0.288137
-0.287902
-0.287667
-0.287119
-0.287198
-0.286728
-0.286493
-0.286258
-0.286023
-0.285710
-0.285006
-0.285006
-0.284849
-0.284145
-0.284380
-0.284067
-0.283519
-0.283597
-0.283128
-0.282814
-0.282501
-0.282501
-0.282110
-0.281719
-0.281562
-0.281171
-0.280623
-0.280466
-0.280388
-0.279997
-0.279840
-0.279292
-0.279292
-0.279057
-0.278744
-0.278118
-0.278040
-0.278197
-0.277492
-0.277414
-0.277257
-0.276866
-0.276553
-0.276475
-0.276240
-0.276240
-0.275927
-0.275457
-0.275144
-0.275144
-0.274831
-0.274283
-0.274126
-0.274048
-0.273657
-0.273657
-0.273500
-0.273109
-0.272952
-0.272718
-0.272483
-0.272170
-0.271935
-0.271465
-0.271387
-0.271309
-0.270996
-0.270604
-0.270370
-0.270291
-0.269978
-0.269587
-0.269430
-0.268961
-0.268882
-0.268804
-0.268335
-0.268178
-0.268256
-0.268021
-0.267708
-0.267317
-0.267239
-0.267082
-0.266847
-0.266456
-0.265908
-0.265517
-0.265673
-0.265595
-0.265282
-0.264812
-0.264812
-0.264734
-0.264264
-0.263951
-0.263482
-0.263090
-0.263169
-0.262934
-0.262543
-0.262464
-0.262308
-0.261995
-0.261525
-0.261603
-0.261447
-0.260977
-0.261055
-0.260508
-0.260273
-0.259725
-0.259881
-0.259255
-0.259255
-0.258864
-0.258707
-0.258473
-0.258159
-0.258238
-0.257925
-0.257690
-0.257142
-0.257142
-0.256829
-0.256751
-0.256516
-0.256281
-0.256046
-0.255890
-0.255420
-0.255420
-0.254872
-0.254716
-0.254324
-0.254246
-0.254089
-0.253620
-0.253542
-0.253463
-0.253150
-0.253228
-0.252915
-0.252524
-0.252289
-0.251820
-0.251585
-0.251663
-0.251115
-0.250959
-0.250724
-0.250567
-0.250489
-0.250254
-0.250098
-0.249706
-0.249471
-0.249237
-0.248767
-0.248454
-0.248376
-0.248141
-0.248141
-0.247750
-0.247671
-0.247436
-0.247280
-0.246889
-0.246732
-0.246341
-0.246184
-0.245949
-0.245871
-0.245480
-0.245245
-0.245088
-0.244932
-0.244540
-0.244462
-0.244462
-0.244071
-0.243914
-0.243601
-0.243601
-0.242975
-0.242740
-0.242584
-0.242505
-0.242036
-0.242036
-0.241879
-0.241645
-0.241253
-0.240862
-0.240784
-0.240470
-0.240079
-0.239844
-0.240001
-0.239531
-0.239296
-0.239375
-0.238983
-0.238983
-0.238670
-0.238435
-0.238357
-0.237809
-0.237888
-0.237496
-0.237261
-0.237418
-0.237027
-0.236714
-0.236714
-0.236244
-0.236009
-0.235696
-0.235539
-0.235461
-0.235148
-0.234835
-0.234835
-0.234522
-0.234600
-0.234365
-0.234052
-0.234052
-0.233661
-0.233270
-0.233504
-0.233348
-0.233113
-0.233113
-0.232565
-0.232409
-0.232252
-0.232096
-0.232252
-0.231704
-0.231313
-0.231078
-0.231000
-0.230843
-0.230452
-0.230530
-0.230217
-0.230139
-0.230139
-0.229904
-0.229826
-0.229356
-0.228887
-0.228887
-0.228182
-0.228417
-0.228417
-0.228104
-0.227947
-0.227712
-0.227556
-0.227478
-0.227086
-0.227086
-0.226695
-0.226460
-0.226460
-0.226225
-0.226069
-0.226147
-0.225677
-0.225364
-0.225051
-0.225286
-0.224895
-0.224817
-0.224817
-0.224582
-0.224269
-0.223956
-0.224034
-0.223877
-0.223642
-0.223564
-0.223642
-0.223251
-0.222781
-0.222781
-0.222547
-0.222390
-0.222312
-0.222155
-0.221842
-0.221764
-0.221764
-0.221529
-0.221294
-0.220746
-0.220433
-0.220355
-0.220355
-0.220590
-0.220042
-0.219494
-0.219807
-0.219572
-0.219338
-0.219416
-0.219025
-0.218790
-0.218868
-0.218711
-0.218633
-0.218320
-0.218164
-0.217929
-0.217537
-0.217772
-0.217694
-0.217146
-0.216990
-0.216990
-0.216911
-0.216598
-0.216363
-0.216207
-0.216050
-0.215815
-0.215737
-0.215894
-0.215424
-0.215111
-0.215111
-0.215189
-0.214876
-0.215268
-0.214720
-0.214641
-0.214641
-0.214485
-0.214328
-0.214015
-0.214015
-0.213702
-0.213546
-0.213389
-0.213389
-0.213233
-0.213076
-0.212841
-0.212919
-0.212372
-0.212528
-0.212528
-0.212528
-0.212215
-0.211980
-0.211980
-0.211589
-0.211824
-0.211589
-0.211198
-0.211119
-0.211119
-0.210963
-0.210806
-0.210806
-0.210806
-0.210884
-0.210571
-0.210493
-0.210571
-0.210258
-0.210024
-0.209945
-0.209710
-0.209632
-0.209554
-0.209476
-0.209397
-0.209397
-0.209084
-0.209163
-0.209006
-0.208849
-0.208771
-0.208849
-0.208458
-0.208458
-0.208380
-0.208223
-0.208380
-0.208302
-0.208145
-0.207832
-0.207989
-0.207675
-0.207519
-0.207362
-0.207284
-0.207284
-0.207049
-0.207362
-0.207128
-0.206971
-0.207049
-0.206580
-0.206580
-0.206423
-0.206501
-0.206110
-0.206345
-0.206188
-0.206267
-0.206032
-0.206110
-0.206032
-0.205719
-0.205327
-0.205406
-0.205327
-0.205484
-0.205406
-0.205406
-0.205171
-0.205171
-0.205249
-0.205093
-0.204779
-0.204701
-0.204701
-0.204388
-0.204545
-0.204466
-0.204701
-0.204858
-0.204466
-0.204858
-0.204701
-0.204388
-0.204232
-0.203997
-0.204153
-0.204232
-0.204075
-0.203840
-0.203997
-0.204310
-0.204075
-0.203997
-0.203997
-0.203684
-0.203527
-0.203762
-0.203840
-0.203684
-0.203684
-0.203371
-0.203449
-0.203605
-0.203762
-0.203762
-0.203762
-0.203214
-0.203214
-0.202979
-0.202744
-0.202901
-0.202744
-0.202901
-0.202979
-0.203292
-0.202979
-0.202823
-0.202353
-0.202744
-0.202510
-0.202666
-0.202510
-0.202353
-0.202666
-0.202353
-0.202588
-0.202588
-0.202588
-0.202588
-0.202431
-0.202353
-0.202118
-0.202040
-0.202040
-0.202040
-0.202197
-0.202197
-0.202353
-0.202275
-0.202040
-0.201962
-0.202040
-0.201883
-0.202431
-0.202275
-0.202040
-0.202040
-0.202353
-0.202588
-0.202666
-0.202353
-0.202744
-0.202197
-0.201883
-0.202040
-0.202040
-0.202353
-0.202197
-0.202118
-0.202275
-0.202510
-0.202588
-0.202275
-0.202275
-0.202431
-0.202197
-0.202275
-0.202353
-0.202353
-0.202510
-0.202510
-0.202666
-0.202588
-0.202744
-0.202510
-0.202431
-0.202197
-0.202588
-0.202510
-0.202197
-0.202118
-0.202666
-0.202744
-0.202901
-0.202901
-0.202666
-0.202510
-0.202666
-0.202823
-0.202666
-0.202901
-0.202901
-0.202666
-0.202901
-0.202901
-0.203214
-0.203058
-0.202901
-0.202979
-0.203058
-0.203058
-0.202666
-0.202823
-0.203058
-0.203214
-0.203371
-0.203371
-0.203605
-0.203371
-0.203058
-0.203058
-0.203449
-0.203292
-0.203214
-0.203136
-0.203371
-0.203605
-0.203605
-0.203527
-0.203762
-0.203605
-0.203684
-0.203918
-0.203918
-0.203918
-0.203997
-0.204153
-0.204232
-0.204153
-0.204232
-0.204310
-0.204232
-0.204075
-0.204466
-0.204310
-0.204466
-0.204545
-0.204936
-0.204623
-0.204858
-0.204858
-0.205093
-0.204545
-0.204779
-0.204779
-0.204936
-0.205093
-0.204779
-0.205093
-0.205249
-0.205484
-0.205484
-0.205484
-0.205249
-0.205640
-0.205719
-0.205640
-0.205719
-0.205953
-0.205797
-0.205953
-0.206188
-0.206188
-0.206110
-0.206267
-0.205953
-0.206188
-0.206110
-0.206580
-0.206423
-0.206658
-0.206893
-0.206893
-0.206658
-0.206893
-0.206814
-0.206501
-0.206814
-0.207049
-0.207206
-0.206971
-0.206893
-0.207128
-0.207597
-0.207206
-0.207519
-0.207362
-0.207519
-0.207675
-0.207675
-0.207675
-0.207832
-0.208067
-0.208223
-0.208380
-0.208380
-0.208302
-0.208145
-0.207989
-0.208380
-0.208145
-0.208380
-0.208380
-0.208380
-0.208458
-0.208849
-0.209084
-0.208693
-0.208771
-0.208693
-0.208849
-0.209006
-0.209163
-0.209163
-0.209084
-0.209163
-0.209319
-0.209397
-0.209632
-0.209163
-0.209397
-0.209554
-0.209632
-0.209789
-0.209789
-0.210024
-0.209710
-0.210024
-0.210180
-0.209789
-0.210024
-0.210024
-0.210102
-0.210102
-0.210493
-0.210102
-0.210258
-0.210258
-0.210493
-0.210493
-0.210415
-0.210258
-0.210571
-0.210493
-0.210806
-0.210884
-0.210728
-0.210963
-0.210571
-0.210650
-0.210728
-0.211119
-0.210884
-0.210806
-0.210884
-0.211041
-0.210963
-0.210806
-0.210806
-0.210806
-0.210963
-0.210884
-0.210806
-0.210884
-0.210493
-0.210571
-0.210806
-0.210884
-0.210884
-0.210650
-0.210415
-0.210806
-0.210728
-0.210415
-0.210337
-0.210337
-0.210806
-0.210493
-0.210650
-0.210493
-0.210493
-0.210415
-0.210258
-0.210180
-0.209945
-0.209789
-0.209710
-0.209945
-0.209710
-0.209867
-0.209789
-0.209710
-0.209632
-0.209632
-0.209632
-0.209397
-0.209476
-0.209554
-0.209476
-0.209241
-0.209084
-0.208928
-0.208615
-0.208771
-0.208615
-0.208849
-0.208458
-0.208458
-0.208067
-0.208223
-0.208067
-0.207832
-0.207519
-0.207362
-0.207519
-0.207597
-0.207362
-0.207049
-0.206893
-0.206971
-0.206658
-0.206423
-0.206423
-0.206345
-0.206110
-0.205719
-0.205953
-0.205719
-0.205484
-0.205171
-0.205014
-0.205171
-0.204936
-0.204779
-0.204545
-0.203918
-0.203840
-0.203605
-0.203684
-0.203214
-0.203214
-0.202901
-0.202979
-0.202510
-0.202118
-0.202197
-0.201805
-0.201649
-0.201414
-0.200631
-0.200396
-0.200475
-0.200240
-0.199927
-0.199927
-0.199222
-0.198674
-0.198596
-0.198518
-0.198283
-0.197813
-0.197500
-0.197500
-0.197109
-0.196874
-0.196639
-0.196326
-0.195622
-0.195387
-0.195074
-0.194604
-0.194761
-0.194213
-0.193743
-0.193430
-0.193117
-0.192648
-0.192648
-0.192021
-0.191787
-0.191474
-0.191317
-0.190769
-0.190300
-0.190143
-0.190065
-0.189282
-0.189204
-0.188499
-0.188108
-0.187717
-0.187482
-0.187169
-0.186386
-0.186386
-0.185760
-0.185603
-0.185055
-0.184821
-0.184194
-0.183568
-0.183412
-0.182864
-0.182316
-0.181612
-0.181455
-0.180985
-0.180359
-0.180438
-0.179733
-0.179185
-0.178637
-0.178403
-0.177776
-0.177385
-0.176994
-0.176681
-0.176289
-0.175898
-0.175507
-0.174411
-0.173941
-0.173706
-0.173002
-0.172532
-0.171828
-0.171437
-0.170889
-0.170497
-0.170184
-0.169558
-0.168697
-0.168462
-0.167836
-0.167210
-0.166506
-0.165958
-0.165410
-0.165097
-0.164862
-0.164392
-0.163844
-0.163140
-0.162514
-0.162122
-0.161027
-0.160557
-0.159853
-0.159148
-0.158757
-0.158365
-0.157504
-0.156722
-0.156252
-0.155783
-0.155235
-0.154687
-0.153591
-0.153434
-0.153043
-0.152573
-0.152104
-0.151399
-0.150304
-0.149912
-0.149364
-0.148738
-0.147721
-0.147408
-0.147095
-0.146625
-0.146155
-0.145060
-0.144590
-0.143572
-0.143103
-0.142633
-0.142007
-0.141224
-0.140755
-0.140129
-0.139659
-0.139111
-0.138094
-0.137389
-0.136685
-0.136528
-0.135745
-0.135198
-0.134258
-0.133867
-0.133632
-0.132928
-0.132223
-0.131049
-0.130345
-0.129640
-0.129171
-0.128310
-0.127762
-0.127136
-0.126744
-0.126588
-0.125727
-0.125023
-0.124083
-0.123144
-0.122596
-0.122205
-0.121266
-0.120718
-0.120248
-0.119778
-0.118996
-0.118291
-0.117509
-0.116256
-0.115708
-0.114926
-0.114534
-0.113673
-0.113047
-0.112656
-0.112186
-0.111560
-0.110856
-0.109760
-0.108899
-0.107960
-0.107725
-0.106942
-0.106629
-0.106003
-0.105533
-0.104829
-0.104124
-0.103577
-0.102481
-0.101698
-0.100681
-0.100211
-0.099428
-0.098724
-0.098019
-0.097628
-0.097158
-0.096219
-0.095437
-0.094497
-0.093793
-0.093088
-0.092697
-0.091836
-0.091445
-0.090819
-0.090192
-0.089097
-0.088236
-0.087296
-0.086279
-0.085575
-0.084948
-0.084166
-0.083461
-0.083226
-0.082287
-0.081583
-0.080330
-0.079235
-0.078922
-0.077748
-0.077121
-0.076417
-0.075634
-0.075165
-0.074539
-0.074069
-0.072895
-0.072112
-0.071329
-0.070782
-0.069999
-0.069216
-0.068668
-0.068199
-0.067729
-0.067025
-0.065772
-0.064598
-0.064363
-0.063816
-0.063111
-0.062407
-0.061937
-0.061311
-0.060450
-0.059746
-0.058571
-0.057319
-0.056771
-0.056380
-0.055832
-0.055128
-0.054423
-0.053719
-0.053249
-0.052623
-0.051762
-0.050823
-0.050040
-0.049414
-0.048866
-0.048083
-0.047301
-0.046674
-0.046361
-0.045735
-0.044718
-0.044092
-0.043309
-0.042370
-0.041822
-0.041196
-0.040413
-0.039708
-0.039239
-0.038534
-0.037673
-0.036734
-0.035795
-0.035012
-0.034621
-0.033995
-0.033056
-0.032664
-0.032273
-0.031803
-0.030786
-0.029846
-0.029377
-0.028594
-0.028125
-0.027342
-0.026403
-0.025776
-0.025463
-0.024837
-0.024289
-0.023115
-0.022567
-0.021628
-0.021080
-0.020611
-0.019671
-0.018810
-0.018419
-0.018028
-0.017088
-0.016306
-0.015601
-0.014897
-0.014349
-0.014036
-0.012862
-0.012392
-0.012001
-0.011531
-0.010905
-0.009653
-0.009340
-0.008792
-0.007853
-0.007226
-0.006757
-0.005896
-0.005348
-0.004800
-0.004096
-0.003391
-0.002530
-0.002217
-0.001826
-0.001121
-0.000495
0.000131
0.000679
0.001227
0.001618
0.002088
0.003105
0.004044
0.004279
0.004905
0.005610
0.006471
0.006706
0.007488
0.007880
0.008662
0.009602
0.009993
0.010384
0.011245
0.011793
0.012341
0.013045
0.013750
0.014533
0.014689
0.015863
0.016411
0.016881
0.017115
0.017898
0.018133
0.018916
0.019542
0.020559
0.020951
0.021655
0.022281
0.023142
0.023534
0.024081
0.024316
0.024864
0.025569
0.026508
0.026977
0.027525
0.028308
0.029012
0.029326
0.029639
0.030186
0.031126
0.031595
0.032143
0.033004
0.033630
0.034335
0.035196
0.035665
0.035900
0.036292
0.036839
0.037544
0.038092
0.039344
0.039735
0.040518
0.041066
0.041927
0.042083
0.042553
0.043023
0.043649
0.044353
0.044979
0.045684
0.046545
0.047014
0.047406
0.047875
0.048423
0.048736
0.049519
0.050224
0.050615
0.051711
0.051945
0.052650
0.053276
0.053433
0.054137
0.054372
0.055233
0.055781
0.056563
0.057111
0.057503
0.058285
0.059068
0.059303
0.059929
0.060477
0.061103
0.062199
0.062668
0.063216
0.063842
0.064234
0.065173
0.065095
0.065408
0.066191
0.066895
0.067443
0.067991
0.068695
0.069243
0.069634
0.070104
0.070574
0.071122
0.071435
0.072296
0.072844
0.073470
0.073861
0.074644
0.075113
0.075426
0.075974
0.076522
0.077070
0.077696
0.078322
0.079105
0.079496
0.080123
0.080827
0.081610
0.081688
0.082001
0.082940
0.083253
0.084271
0.084506
0.085132
0.085758
0.085993
0.086462
0.086854
0.087402
0.087871
0.088576
0.089124
0.089750
0.090063
0.090532
0.091237
0.091550
0.092020
0.092333
0.092959
0.093663
0.094211
0.094916
0.095150
0.095698
0.096638
0.096559
0.097342
0.097577
0.097890
0.098594
0.099534
0.100238
0.100551
0.101334
0.101725
0.101960
0.102586
0.102899
0.103447
0.104308
0.104699
0.105169
0.105639
0.106030
0.106813
0.106891
0.107439
0.107595
0.108065
0.108691
0.109396
0.109787
0.110491
0.110804
0.111274
0.111900
0.112213
0.112683
0.112918
0.113387
0.114092
0.114483
0.115109
0.115579
0.116048
0.116440
0.116596
0.116753
0.117536
0.118005
0.118788
0.119179
0.119649
0.120510
0.120823
0.121371
0.121527
0.122232
0.122545
0.123014
0.123562
0.123954
0.124502
0.124971
0.125284
0.125676
0.126067
0.126224
0.126615
0.126928
0.127632
0.127867
0.128415
0.129120
0.129511
0.130059
0.130294
0.130685
0.131233
0.131859
0.132329
0.132798
0.133268
0.133268
0.134050
0.134129
0.134677
0.135068
0.135538
0.136555
0.137181
0.137181
0.137807
0.138199
0.138590
0.139060
0.139686
0.140234
0.140312
0.141095
0.141564
0.142191
0.142425
0.142895
0.143599
0.143678
0.143991
0.144539
0.145087
0.145869
0.146182
0.146730
0.147043
0.147513
0.147826
0.148296
0.148217
0.148765
0.149157
0.150096
0.150331
0.150409
0.151348
0.151505
0.151974
0.152444
0.152835
0.153148
0.153774
0.154244
0.154635
0.155027
0.155809
0.156123
0.156514
0.156984
0.157140
0.157531
0.158392
0.158862
0.159253
0.159958
0.160036
0.160662
0.160975
0.161445
0.161758
0.162462
0.162932
0.163323
0.164028
0.164106
0.164497
0.165124
0.165437
0.165750
0.166141
0.166846
0.167237
0.167628
0.168098
0.168333
0.168724
0.169194
0.169663
0.170055
0.170446
0.171150
0.171698
0.171855
0.172324
0.172481
0.173342
0.173498
0.173577
0.174125
0.174907
0.175377
0.175690
0.175925
0.176394
0.176942
0.177255
0.177412
0.178038
0.178351
0.178821
0.179212
0.179760
0.179917
0.180543
0.181325
0.181404
0.181952
0.182108
0.182656
0.183204
0.183830
0.184300
0.184691
0.184848
0.185161
0.185630
0.186178
0.186648
0.187117
0.187509
0.187900
0.188448
0.188526
0.188839
0.189387
0.189779
0.190405
0.190561
0.190953
0.191501
0.192127
0.192283
0.192596
0.192909
0.193379
0.193927
0.194318
0.194710
0.194944
0.195101
0.195649
0.196197
0.196275
0.196823
0.196979
0.197606
0.198232
0.198858
0.198936
0.199249
0.199954
0.200423
0.200736
0.201128
0.201519
0.202302
0.202302
0.202928
0.203476
0.203711
0.204024
0.204337
0.204650
0.204650
0.205276
0.205902
0.206215
0.206841
0.207311
0.207937
0.208329
0.208642
0.208798
0.209268
0.209737
0.209894
0.210520
0.210833
0.211225
0.211772
0.212085
0.212320
0.212633
0.213181
0.213729
0.213807
0.214277
0.214825
0.215295
0.215529
0.215842
0.216312
0.216156
0.216860
0.217330
0.218034
0.218034
0.218895
0.219130
0.219443
0.219756
0.220382
0.220539
0.221321
0.221634
0.222182
0.222339
0.222965
0.223122
0.223435
0.223591
0.223904
0.224374
0.225000
0.225626
0.225861
0.226174
0.226409
0.226565
0.227035
0.227426
0.227739
0.228366
0.228757
0.229148
0.229383
0.229853
0.230244
0.230479
0.230870
0.230714
0.231418
0.231888
0.232357
0.232592
0.233218
0.233688
0.233610
0.234236
0.234471
0.234784
0.234940
0.235410
0.236036
0.236740
0.236740
0.237288
0.237523
0.237993
0.237993
0.238541
0.238932
0.239480
0.239715
0.240341
0.240810
0.241124
0.241202
0.241671
0.241985
0.242298
0.242924
0.243550
0.243550
0.243941
0.244411
0.244646
0.244959
0.245194
0.245507
0.245820
0.246368
0.246759
0.247150
0.247620
0.247933
0.248403
0.248481
0.248951
0.249029
0.249342
0.249733
0.250516
0.251064
0.251142
0.251847
0.251768
0.252238
0.252316
0.252786
0.253255
0.253490
0.253882
0.254195
0.254586
0.255212
0.255603
0.255682
0.255917
0.256386
0.256543
0.257247
0.257639
0.257795
0.258421
0.258499
0.259126
0.259126
0.259282
0.259987
0.260613
0.261082
0.261474
0.261709
0.261787
0.262335
0.262335
0.262883
0.263352
0.263822
0.263900
0.264448
0.264918
0.265231
0.265465
0.265700
0.265857
0.266326
0.266561
0.267109
0.267735
0.268127
0.268205
0.268675
0.269144
0.269457
0.269692
0.270083
0.270553
0.270866
0.271336
0.271727
0.272275
0.272431
0.272979
0.272823
0.273371
0.273919
0.274153
0.274545
0.275014
0.275014
0.275719
0.275875
0.276345
0.276658
0.276893
0.277284
0.277832
0.278067
0.278380
0.278771
0.279476
0.279789
0.279867
0.280337
0.280806
0.281276
0.281902
0.282215
0.282528
0.282763
0.283311
0.283624
0.283781
0.284172
0.284798
0.285033
0.285581
0.285816
0.286050
0.286285
0.286755
0.287068
0.287538
0.287694
0.288242
0.288555
0.288790
0.289338
0.289494
0.290199
0.290747
0.290747
0.290981
0.291295
0.291921
0.291921
0.292547
0.292860
0.293095
0.293643
0.294190
0.294269
0.294973
0.295051
0.295365
0.296147
0.296226
0.296304
0.296617
0.296930
0.297400
0.297947
0.298261
0.298652
0.298965
0.299278
0.299669
0.300061
0.300374
0.300687
0.301078
0.301391
0.301626
0.302252
0.302565
0.302722
0.303192
0.303739
0.303896
0.304679
0.304522
0.304679
0.305461
0.305696
0.306088
0.306088
0.306635
0.307183
0.307496
0.307653
0.307809
0.308279
0.308592
0.309062
0.309297
0.309688
0.310001
0.310549
0.310940
0.310862
0.311410
0.311566
0.312114
0.312349
0.312740
0.313288
0.313367
0.313914
0.313993
0.314462
0.314854
0.315089
0.315636
0.315636
0.316106
0.316576
0.316889
0.317358
0.317593
0.317906
0.318376
0.318376
0.318924
0.319472
0.319550
0.319785
0.320489
0.320802
0.321272
0.321428
0.321663
0.321898
0.322211
0.322602
0.322759
0.323307
0.323698
0.324011
0.324246
0.324559
0.324872
0.324872
0.325342
0.325733
0.325968
0.326516
0.326907
0.326907
0.327064
0.327220
0.327768
0.328003
0.328238
0.328786
0.329021
0.329412
0.329647
0.330116
0.330586
0.330742
0.330899
0.331447
0.331760
0.332308
0.332386
0.332543
0.333012
0.333482
0.333717
0.333795
0.334578
0.334734
0.335126
0.335282
0.335752
0.336065
0.336143
0.336691
0.336848
0.337082
0.337709
0.338100
0.338256
0.338648
0.338804
0.339117
0.339587
0.339744
0.339744
0.340291
0.340839
0.341309
0.341465
0.341779
0.342483
0.342483
0.342639
0.343187
0.343579
0.343814
0.344205
0.344675
0.344909
0.345301
0.345457
0.345849
0.346005
0.346396
0.346553
0.346866
0.347101
0.347570
0.347649
0.348040
0.348431
0.348745
0.348823
0.349292
0.349527
0.349997
0.350075
0.350388
0.350936
0.351406
0.351406
0.351719
0.351875
0.352267
0.352736
0.352971
0.353362
0.353832
0.353910
0.354458
0.354380
0.354850
0.355241
0.355476
0.355867
0.356337
0.356885
0.356963
0.357276
0.357902
0.358137
0.358059
0.358450
0.358920
0.359233
0.359546
0.360172
0.360563
0.361033
0.361346
0.361581
0.362129
0.362285
0.362598
0.362911
0.363381
0.363694
0.364320
0.364320
0.364477
0.365103
0.365494
0.365338
0.365964
0.366199
0.366355
0.366747
0.367373
0.367764
0.367842
0.367842
0.368155
0.368782
0.368938
0.369251
0.370112
0.370190
0.370817
0.370895
0.371286
0.371365
0.371834
0.372147
0.372695
0.372852
0.373165
0.373400
0.373634
0.374260
0.374260
0.374574
0.375278
0.375356
0.375669
0.376061
0.376296
0.376687
0.377078
0.377313
0.377548
0.378017
0.378409
0.378800
0.379113
0.379348
0.379818
0.380287
0.380522
0.380757
0.380992
0.381383
0.381853
0.381853
0.382401
0.382948
0.383027
0.383340
0.383731
0.383809
0.384044
0.384514
0.384592
0.385297
0.385688
0.386314
0.386392
0.386392
0.386705
0.387097
0.387488
0.387645
0.388036
0.388427
0.388897
0.389367
0.389053
0.389758
0.389836
0.390384
0.390619
0.391010
0.391558
0.391793
0.392028
0.392497
0.392732
0.392732
0.393124
0.393045
0.393671
0.393671
0.394141
0.394454
0.394689
0.395315
0.395472
0.395550
0.395941
0.396254
0.396646
0.397115
0.397194
0.397820
0.397976
0.398289
0.398446
0.398837
0.398837
0.399385
0.399542
0.400246
0.400403
0.400872
0.401185
0.401655
0.402046
0.402125
0.402438
0.402751
0.402907
0.403455
0.403846
0.404081
0.404394
0.404629
0.404786
0.405412
0.405568
0.405881
0.406195
0.406742
0.406821
0.407369
0.407525
0.407838
0.407917
0.408151
0.408621
0.408934
0.409325
0.409638
0.410108
0.410030
0.410343
0.410969
0.411047
0.411360
0.411517
0.412300
0.412613
0.412848
0.413082
0.413317
0.413474
0.413787
0.414178
0.414491
0.414569
0.415196
0.415352
0.415587
0.415822
0.416057
0.416448
0.416839
0.416918
0.417465
0.417778
0.418013
0.418248
0.418483
0.418953
0.419109
0.419187
0.419657
0.419970
0.420283
0.420674
0.421144
0.421379
0.421770
0.422083
0.422240
0.422475
0.423023
0.423727
0.423649
0.423805
0.423884
0.424431
0.424510
0.424823
0.425058
0.425527
0.426075
0.426310
0.426466
0.426623
0.427014
0.427249
0.427406
0.427719
0.427875
0.428501
0.428658
0.428736
0.429049
0.429362
0.429676
0.429676
0.429910
0.430145
0.430536
0.430771
0.431319
0.431632
0.431632
0.432024
0.432258
0.432650
0.432728
0.432885
0.433432
0.433589
0.433902
0.434293
0.434293
0.434685
0.435154
0.434998
0.435624
0.435859
0.436250
0.436407
0.436642
0.437268
0.437346
0.437424
0.437894
0.438129
0.438598
0.438755
0.439146
0.439303
0.439772
0.439772
0.440320
0.440555
0.440790
0.441025
0.441416
0.442277
0.442355
0.442512
0.442825
0.443060
0.443373
0.443451
0.443842
0.443842
0.444468
0.445016
0.445173
0.445486
0.445799
0.445799
0.446034
0.446504
0.446817
0.447130
0.447364
0.447599
0.447912
0.448225
0.448539
0.448382
0.448930
0.448852
0.449321
0.449947
0.450339
0.450574
0.450730
0.451121
0.451669
0.451982
0.452061
0.452295
0.453000
0.453313
0.453626
0.453939
0.454330
0.454252
0.454722
0.455113
0.455270
0.455426
0.455896
0.456366
0.456757
0.456992
0.456992
0.457383
0.457540
0.457853
0.458401
0.458792
0.458792
0.459653
0.459731
0.459731
0.459966
0.460357
0.460436
0.460983
0.461297
0.461688
0.461844
0.462549
0.462705
0.462705
0.463097
0.463801
0.464036
0.464114
0.464349
0.464662
0.465210
0.465445
0.466071
0.466228
0.466384
0.466541
0.466854
0.467167
0.467402
0.467949
0.468028
0.468419
0.468497
0.468810
0.469202
0.469280
0.469358
0.469671
0.470063
0.470532
0.470689
0.471315
0.471472
0.471550
0.472098
0.472567
0.472254
0.473194
0.473194
0.473585
0.474054
0.474368
0.474211
0.474446
0.474759
0.474994
0.475463
0.475776
0.476011
0.476246
0.476716
0.476794
0.477185
0.477107
0.477342
0.477655
0.477968
0.478438
0.478594
0.478907
0.479220
0.479533
0.479846
0.480160
0.480629
0.480786
0.481412
0.481881
0.482195
0.482351
0.482586
0.482586
0.482977
0.483134
0.483603
0.483838
0.483916
0.484464
0.484777
0.485012
0.485012
0.485169
0.485325
0.485951
0.486030
0.486812
0.486734
0.487047
0.487126
0.487439
0.487673
0.487830
0.488456
0.488534
0.489161
0.489082
0.489317
0.489708
0.490100
0.489787
0.490178
0.490726
0.490804
0.491509
0.491665
0.491822
0.492135
0.492604
0.492370
0.492996
0.493309
0.493622
0.493935
0.494170
0.494561
0.494953
0.494953
0.495109
0.495579
0.495657
0.495892
0.496205
0.496048
0.496988
0.497144
0.497379
0.497614
0.497692
0.498162
0.498475
0.498631
0.499257
0.499570
0.499649
0.499570
0.500431
0.500353
0.500979
0.501058
0.501371
0.501527
0.502075
0.502466
0.502779
0.502779
0.502858
0.502858
0.503171
0.503562
0.504032
0.504345
0.504815
0.505049
0.505128
0.505128
0.505675
0.505989
0.506067
0.506380
0.506693
0.507241
0.507476
0.507789
0.507789
0.508180
0.508337
0.508493
0.509276
0.509589
0.509746
0.510059
0.510450
0.510606
0.510528
0.511076
0.510998
0.511702
0.511937
0.512250
0.512407
0.512876
0.512955
0.513424
0.513816
0.513972
0.514207
0.514598
0.514755
0.515068
0.514911
0.515616
0.515929
0.516164
0.516085
0.516477
0.516946
0.517025
0.517572
0.517807
0.518042
0.518120
0.518355
0.518747
0.518668
0.519216
0.519764
0.520077
0.520077
0.520860
0.520860
0.521329
0.521408
0.521564
0.522190
0.522503
0.522582
0.523130
0.523286
0.523678
0.524147
0.524147
0.524382
0.524695
0.525165
0.525634
0.525869
0.526495
0.526339
0.526965
0.526965
0.527200
0.527591
0.528217
0.528530
0.528687
0.529156
0.529391
0.529548
0.529939
0.530096
0.530174
0.530565
0.531191
0.531583
0.531974
0.532131
0.532365
0.532679
0.532522
0.533070
0.533461
0.534009
0.534087
0.534166
0.534479
0.534792
0.535027
0.535183
0.535575
0.535809
0.536357
0.536592
0.536749
0.537140
0.537610
0.537688
0.538001
0.538314
0.538705
0.538784
0.539097
0.539566
0.539331
0.539879
0.540192
0.540271
0.540662
0.541210
0.541367
0.541914
0.542071
0.542462
0.542697
0.542932
0.543167
0.543636
0.543871
0.544341
0.544732
0.544732
0.544967
0.545202
0.545828
0.546063
0.546376
0.546611
0.546767
0.547158
0.547550
0.547706
0.548019
0.548567
0.548567
0.549272
0.549272
0.549428
0.550054
0.550211
0.550602
0.550837
0.551150
0.551307
0.551698
0.551933
0.552324
0.552481
0.552794
0.553185
0.553185
0.553577
0.553733
0.554124
0.554359
0.554281
0.554751
0.555064
0.555846
0.556003
0.556159
0.556238
0.556707
0.557255
0.557255
0.557412
0.557490
0.557881
0.558116
0.558742
0.558899
0.558821
0.559447
0.559838
0.559838
0.560151
0.560308
0.560386
0.561247
0.561090
0.561717
0.562030
0.562343
0.562891
0.562812
0.563360
0.563517
0.563908
0.563830
0.564143
0.564378
0.564769
0.564847
0.564769
0.565395
0.565552
0.566021
0.566256
0.566648
0.566726
0.567039
0.567274
0.567352
0.567900
0.567822
0.568057
0.568370
0.568683
0.568996
0.569231
0.569231
0.569622
0.569778
0.570248
0.570718
0.570874
0.570952
0.571500
0.571500
0.571500
0.571892
0.572127
0.572987
0.573066
0.573457
0.573535
0.573770
0.574005
0.573770
0.574396
0.574396
0.574709
0.575023
0.575179
0.575570
0.575570
0.575805
0.575883
0.576275
0.576744
0.576979
0.577214
0.577762
0.578153
0.578466
0.578779
0.578623
0.578701
0.578858
0.579562
0.579875
0.580267
0.580658
0.580658
0.580971
0.581128
0.581049
0.581597
0.581989
0.582223
0.582693
0.582771
0.583241
0.583632
0.583867
0.583867
0.584180
0.584102
0.584806
0.584885
0.585354
0.585276
0.585824
0.585980
0.586450
0.586293
0.586685
0.586841
0.587546
0.588015
0.588094
0.588485
0.588485
0.588563
0.588876
0.589111
0.589502
0.590129
0.589894
0.590285
0.590520
0.590833
0.590911
0.591459
0.591459
0.592085
0.592242
0.592398
0.592868
0.593103
0.593572
0.593338
0.593729
0.593964
0.594355
0.594668
0.594981
0.595138
0.595451
0.595842
0.595764
0.595842
0.596468
0.596860
0.597173
0.597486
0.597642
0.597956
0.598269
0.598425
0.598503
0.598738
0.599130
0.599912
0.599991
0.600617
0.600695
0.600930
0.601321
0.601321
0.601713
0.602104
0.602495
0.602573
0.602808
0.603434
0.603434
0.603748
0.604061
0.604295
0.604217
0.604765
0.605156
0.605469
0.605861
0.605939
0.606174
0.606252
0.606644
0.607191
0.607739
0.607739
0.607974
0.608444
0.608679
0.608757
0.608600
0.609070
0.609539
0.609931
0.610400
0.610635
0.611105
0.611261
0.610948
0.611575
0.611888
0.612044
0.612592
0.612592
0.613062
0.613218
0.613218
0.613610
0.613688
0.614157
0.614705
0.614940
0.615175
0.615253
0.615645
0.615566
0.615488
0.616114
0.616349
0.616506
0.617210
0.617366
0.617523
0.617601
0.617914
0.617914
0.618071
0.618384
0.618932
0.619401
0.619636
0.619636
0.619715
0.620028
0.620576
0.620654
0.620889
0.621202
0.621671
0.622063
0.622219
0.622297
0.622376
0.622689
0.623080
0.623237
0.623706
0.624098
0.623941
0.624332
0.624567
0.624802
0.624802
0.625115
0.625428
0.625663
0.626289
0.626524
0.626602
0.626837
0.626915
0.627150
0.627463
0.627620
0.628089
0.628403
0.628637
0.628559
0.628794
0.628950
0.629263
0.629342
0.629655
0.629733
0.630203
0.630516
0.630751
0.631377
0.631377
0.631690
0.631925
0.632238
0.632473
0.632864
0.633020
0.633334
0.633803
0.633881
0.634038
0.634664
0.634429
0.634821
0.635134
0.635055
0.635369
0.635760
0.636308
0.635838
0.636621
0.636543
0.637012
0.637012
0.637247
0.637482
0.637873
0.638108
0.638421
0.638656
0.638969
0.639360
0.639595
0.639595
0.640143
0.640456
0.640847
0.640847
0.640926
0.641552
0.641787
0.642021
0.642178
0.642491
0.642804
0.642882
0.643039
0.643665
0.644056
0.643900
0.644291
0.644526
0.644448
0.644839
0.645387
0.645387
0.645700
0.646248
0.646483
0.646483
0.646796
0.646718
0.647266
0.647266
0.647657
0.648127
0.648283
0.648518
0.648674
0.648987
0.649144
0.649535
0.649927
0.650162
0.650318
0.650553
0.650553
0.650396
0.650944
0.651883
0.651962
0.652197
0.652431
0.652744
0.652588
0.653136
0.653136
0.653292
0.653684
0.654075
0.654466
0.654779
0.655249
0.655093
0.655484
0.655562
0.655875
0.656110
0.656501
0.656736
0.656814
0.657284
0.657754
0.657441
0.657910
0.658145
0.658380
0.658849
0.659163
0.659319
0.659632
0.660102
0.660258
0.660728
0.660728
0.661589
0.661745
0.662215
0.662528
0.662450
0.662763
0.662841
0.662998
0.663467
0.664094
0.664563
0.664798
0.664876
0.665033
0.665111
0.665424
0.665659
0.665815
0.666520
0.666990
0.667224
0.667459
0.667850
0.668007
0.668007
0.668164
0.668633
0.668868
0.669494
0.669729
0.669729
0.670277
0.670433
0.670590
0.670903
0.671060
0.671529
0.672077
0.672234
0.673016
0.673095
0.673016
0.673642
0.673486
0.673799
0.674190
0.674973
0.675286
0.675364
0.675443
0.675756
0.675912
0.676225
0.676225
0.677086
0.677478
0.677556
0.677869
0.678026
0.678339
0.678495
0.678730
0.679121
0.679513
0.679982
0.680139
0.680374
0.681000
0.680765
0.681469
0.681469
0.681939
0.682487
0.682957
0.683113
0.683504
0.683661
0.683818
0.683896
0.684209
0.684913
0.685226
0.685461
0.686009
0.686087
0.686244
0.686714
0.686635
0.686792
0.687418
0.687809
0.688357
0.688514
0.688827
0.688905
0.689218
0.689531
0.689531
0.690236
0.690314
0.690940
0.690862
0.691410
0.691488
0.691801
0.691879
0.692349
0.693523
0.693601
0.693836
0.693758
0.693993
0.694071
0.694227
0.694619
0.695480
0.695949
0.695949
0.696262
0.696576
0.696497
0.696810
0.697123
0.697671
0.698297
0.698297
0.698689
0.699002
0.699080
0.699706
0.699785
0.700098
0.700332
0.701115
0.701272
0.701115
0.701663
0.702211
0.702367
0.702524
0.702837
0.703542
0.703776
0.703933
0.704168
0.704246
0.704716
0.704716
0.705185
0.705420
0.705968
0.706516
0.706437
0.707064
0.707142
0.707533
0.707690
0.707846
0.708473
0.709099
0.709099
0.709412
0.709725
0.709960
0.710273
0.710116
0.710664
0.710899
0.711212
0.711212
0.711525
0.711055
0.711134
0.711290
0.711368
0.711368
0.711055
0.710586
0.710586
0.710586
0.710351
0.710194
0.709803
0.709803
0.709490
0.709333
0.709177
0.708786
0.708786
0.708629
0.708316
0.707533
0.707455
0.707142
0.706985
0.706672
0.706359
0.705968
0.705968
0.705655
0.705185
0.705107
0.704716
0.704559
0.704168
0.703933
0.703542
0.703385
0.703072
0.702915
0.702446
0.702211
0.701507
0.701272
0.701115
0.700880
0.700646
0.700098
0.699785
0.699393
0.699002
0.698219
0.697984
0.697750
0.697123
0.697123
0.696810
0.696654
0.696576
0.696341
0.695949
0.695793
0.694932
0.694697
0.694697
0.693758
0.693758
0.693445
0.692897
0.692662
0.692349
0.691879
0.691645
0.691175
0.690862
0.690314
0.690157
0.690001
0.689766
0.689531
0.688827
0.688670
0.688201
0.688122
0.687966
0.687574
0.687340
0.686870
0.686087
0.685774
0.685148
0.684913
0.684835
0.684522
0.684209
0.684209
0.683426
0.683191
0.682957
0.682565
0.682409
0.682330
0.681704
0.681235
0.680374
0.680374
0.679982
0.679591
0.678965
0.679200
0.678965
0.678495
0.678339
0.677869
0.677165
0.677321
0.676773
0.676617
0.676225
0.675599
0.675208
0.674660
0.674503
0.673956
0.673877
0.673721
0.673486
0.673173
0.672938
0.672312
0.672312
0.671921
0.671529
0.670668
0.670199
0.669807
0.669572
0.669729
0.669494
0.668946
0.668633
0.668477
0.668007
0.667850
0.667459
0.666911
0.666129
0.666285
0.665659
0.665424
0.665346
0.665189
0.665346
0.664485
0.664328
0.664172
0.663702
0.663467
0.663154
0.662841
0.662215
0.661589
0.661511
0.661276
0.660650
0.660650
0.660337
0.660024
0.659945
0.659632
0.659476
0.658849
0.658536
0.658145
0.657597
0.657206
0.656814
0.656814
0.656736
0.656345
0.656110
0.655875
0.655562
0.655249
0.654936
0.654232
0.653684
0.653605
0.653292
0.653136
0.652901
0.652510
0.652118
0.651805
0.651492
0.651101
0.650709
0.650396
0.649770
0.649066
0.649144
0.648753
0.648596
0.648440
0.648127
0.647813
0.647266
0.647109
0.646718
0.646170
0.645857
0.645231
0.644917
0.644604
0.644448
0.644291
0.644213
0.643900
0.643352
0.642961
0.642491
0.641943
0.641552
0.640847
0.641004
0.640691
0.640065
0.640143
0.639752
0.639673
0.639517
0.638656
0.638108
0.637795
0.637247
0.637090
0.637012
0.636699
0.635995
0.635916
0.635682
0.635525
0.635055
0.634664
0.634116
0.633881
0.633490
0.633255
0.632942
0.632707
0.632394
0.632159
0.631533
0.631690
0.630907
0.630751
0.630046
0.629577
0.629733
0.629577
0.629185
0.628872
0.628403
0.628089
0.627933
0.627542
0.627150
0.626602
0.626289
0.626367
0.625898
0.625428
0.625272
0.624959
0.624332
0.623941
0.623706
0.623472
0.623080
0.622532
0.622297
0.622141
0.621906
0.621123
0.621515
0.620967
0.620341
0.620184
0.619715
0.619245
0.619088
0.618854
0.618384
0.618227
0.617993
0.617680
0.617523
0.617210
0.616819
0.616349
0.616192
0.615723
0.615331
0.615331
0.614940
0.614784
0.614236
0.614001
0.613610
0.612983
0.612749
0.612279
0.612201
0.611888
0.611653
0.611496
0.611027
0.610792
0.610479
0.610322
0.609539
0.609618
0.609070
0.609070
0.608522
0.608209
0.607896
0.607739
0.607426
0.607191
0.606878
0.606252
0.605861
0.605704
0.605469
0.605156
0.605156
0.604608
0.604295
0.603826
0.603434
0.603121
0.602965
0.602573
0.602339
0.601869
0.601634
0.601399
0.601008
0.600695
0.600460
0.600069
0.599834
0.599051
0.598895
0.598738
0.598582
0.598269
0.598034
0.597721
0.597486
0.597173
0.596782
0.596390
0.596155
0.595921
0.595529
0.595294
0.595138
0.594825
0.594512
0.593964
0.593572
0.593494
0.593103
0.592946
0.592555
0.592320
0.592242
0.591851
0.591537
0.590990
0.590598
0.590363
0.589972
0.589894
0.589424
0.589424
0.589111
0.588798
0.588563
0.588250
0.588250
0.587624
0.587076
0.587154
0.586763
0.586137
0.586293
0.585824
0.585667
0.585589
0.585276
0.584885
0.584493
0.584180
0.583789
0.583710
0.583476
0.582849
0.582615
0.582302
0.582223
0.581597
0.581128
0.581206
0.580814
0.580814
0.580501
0.579954
0.579719
0.579327
0.579249
0.578936
0.578545
0.578232
0.577840
0.577997
0.577292
0.576979
0.576666
0.576510
0.576353
0.575805
0.575649
0.574866
0.574788
0.574709
0.574240
0.573848
0.574005
0.573927
0.573457
0.573379
0.572987
0.572753
0.572440
0.572127
0.571813
0.571735
0.571422
0.570874
0.570639
0.570326
0.569857
0.569700
0.569622
0.569387
0.568917
0.568683
0.568370
0.567743
0.567900
0.567587
0.567196
0.566882
0.566726
0.566256
0.566335
0.565552
0.565395
0.565395
0.564847
0.564534
0.564221
0.564065
0.563986
0.563830
0.563282
0.563126
0.562656
0.562265
0.561795
0.561951
0.561717
0.561090
0.561247
0.560699
0.559760
0.559995
0.559369
0.559134
0.558664
0.558586
0.558508
0.558195
0.557803
0.557490
0.557255
0.557177
0.556551
0.556473
0.556081
0.555925
0.555612
0.555690
0.555299
0.554907
0.554438
0.554203
0.553577
0.553498
0.553185
0.553029
0.552794
0.552403
0.552089
0.551933
0.551463
0.550915
0.550368
0.550054
0.550054
0.549428
0.549663
0.548959
0.549037
0.548802
0.548019
0.548176
0.547472
0.547393
0.546924
0.546845
0.546611
0.546219
0.545906
0.545515
0.545358
0.544732
0.544497
0.543558
0.543949
0.543636
0.543245
0.543010
0.542932
0.542619
0.542071
0.541367
0.541210
0.540897
0.540584
0.540427
0.540349
0.539879
0.539410
0.539175
0.538784
0.538392
0.538001
0.537766
0.537453
0.537453
0.537296
0.536905
0.537062
0.536592
0.535966
0.535653
0.535183
0.534714
0.534714
0.534635
0.534244
0.533931
0.533383
0.533148
0.532679
0.532131
0.531974
0.531426
0.531113
0.531113
0.530957
0.530722
0.530330
0.530252
0.529548
0.529156
0.528765
0.528217
0.528061
0.527748
0.527748
0.527669
0.527434
0.526887
0.526260
0.526026
0.525713
0.525243
0.525165
0.524852
0.524617
0.524382
0.524225
0.523443
0.523286
0.523208
0.522503
0.522425
0.522034
0.521643
0.521329
0.520938
0.520312
0.519999
0.519686
0.519451
0.518981
0.518981
0.518747
0.518512
0.518277
0.518120
0.517651
0.517572
0.517259
0.516712
0.516242
0.516007
0.515851
0.515381
0.515146
0.515068
0.514520
0.514442
0.513816
0.513659
0.513111
0.512955
0.512798
0.512328
0.512407
0.511937
0.511781
0.511154
0.510841
0.510372
0.510059
0.510059
0.509824
0.509432
0.509432
0.509041
0.508885
0.508102
0.507789
0.507476
0.507319
0.507084
0.506928
0.506302
0.506223
0.505832
0.505441
0.505128
0.504815
0.504501
0.504501
0.504345
0.503484
0.503406
0.503171
0.502936
0.502858
0.502388
0.502153
0.501684
0.501919
0.501292
0.501136
0.500666
0.500197
0.499962
0.499336
0.498944
0.498788
0.498553
0.498162
0.498162
0.497692
0.497770
0.497301
0.497301
0.496674
0.496205
0.496048
0.496048
0.495500
0.495266
0.495109
0.494639
0.494483
0.494405
0.493700
0.493544
0.493152
0.492761
0.492604
0.492291
0.492135
0.492135
0.491665
0.491117
0.490804
0.490648
0.490256
0.489943
0.489943
0.489474
0.489239
0.489161
0.488769
0.488300
0.487908
0.487517
0.487204
0.487204
0.487204
0.486578
0.486265
0.485873
0.485638
0.485482
0.484856
0.484699
0.484464
0.483916
0.483995
0.483603
0.483369
0.483056
0.482899
0.482508
0.481881
0.481803
0.481725
0.481020
0.480707
0.480394
0.480160
0.479690
0.479455
0.479220
0.478985
0.478438
0.478046
0.477890
0.477733
0.477264
0.477185
0.476637
0.476246
0.476403
0.475776
0.475620
0.475150
0.474524
0.474211
0.473976
0.473976
0.473741
0.473115
0.473037
0.472646
0.472098
0.471863
0.471472
0.471080
0.470845
0.470532
0.469984
0.469828
0.469593
0.469123
0.468967
0.468576
0.468263
0.468106
0.467715
0.467323
0.467245
0.466775
0.466306
0.466306
0.465836
0.465132
0.464975
0.464584
0.464349
0.464271
0.464036
0.463723
0.463097
0.463175
0.462392
0.461844
0.461610
0.461453
0.461688
0.460905
0.460592
0.460044
0.459809
0.459575
0.459418
0.458948
0.458322
0.458244
0.458087
0.457696
0.457070
0.456835
0.456757
0.456131
0.455818
0.455661
0.455270
0.454878
0.454487
0.454565
0.453861
0.453704
0.453313
0.453000
0.452609
0.452061
0.451748
0.451513
0.451121
0.450730
0.450808
0.450026
0.449869
0.449243
0.449008
0.448695
0.448539
0.448304
0.447756
0.448069
0.447443
0.446973
0.446425
0.446347
0.445643
0.445408
0.445486
0.445016
0.444938
0.444390
0.444077
0.443842
0.443529
0.443060
0.442747
0.442590
0.442355
0.441964
0.441651
0.441494
0.441103
0.440712
0.440242
0.440007
0.439303
0.439068
0.438833
0.438520
0.438363
0.438129
0.437659
0.437268
0.436798
0.436485
0.436407
0.436015
0.435781
0.435389
0.435076
0.435076
0.434607
0.434528
0.434059
0.433902
0.433198
0.433432
0.432806
0.432571
0.432258
0.431945
0.431476
0.431084
0.430771
0.430223
0.429910
0.429989
0.429754
0.429597
0.429284
0.428658
0.428267
0.428110
0.427719
0.427562
0.427171
0.426858
0.426858
0.426310
0.426232
0.425840
0.425371
0.425058
0.424666
0.424510
0.423962
0.423649
0.423492
0.423492
0.423257
0.422475
0.422318
0.421770
0.421535
0.421222
0.421066
0.420909
0.420440
0.420361
0.419814
0.419344
0.419109
0.418718
0.418561
0.418248
0.418013
0.417857
0.417622
0.417387
0.416996
0.416291
0.416291
0.416057
0.415665
0.415196
0.414883
0.414883
0.414726
0.414491
0.414022
0.413395
0.413082
0.412848
0.412456
0.412300
0.412221
0.411752
0.411595
0.411204
0.411282
0.410578
0.410108
0.409795
0.410186
0.409325
0.409247
0.409169
0.408777
0.408230
0.407995
0.407603
0.407290
0.407056
0.406586
0.406429
0.406116
0.406038
0.405803
0.405490
0.404942
0.404551
0.404551
0.404316
0.403846
0.403846
0.403455
0.403142
0.402986
0.402516
0.402203
0.402046
0.401264
0.400950
0.400637
0.400637
0.400246
0.400090
0.399698
0.399620
0.399072
0.398994
0.398681
0.398211
0.398055
0.397741
0.397428
0.397194
0.397037
0.396411
0.396098
0.395628
0.395315
0.395159
0.394611
0.394298
0.394219
0.393750
0.393593
0.393202
0.392732
0.392497
0.392419
0.392106
0.391949
0.391558
0.391088
0.390854
0.390149
0.389836
0.389523
0.389601
0.389367
0.389132
0.388584
0.388427
0.388036
0.387566
0.387097
0.386705
0.386705
0.386079
0.385531
0.385453
0.385218
0.384827
0.384514
0.384201
0.383888
0.383809
0.383418
0.382792
0.382557
0.382244
0.382087
0.381931
0.381618
0.381148
0.380757
0.380131
0.380052
0.379661
0.379270
0.379113
0.378722
0.378331
0.377939
0.377939
0.377470
0.376922
0.376687
0.376217
0.375904
0.375669
0.375278
0.374965
0.374417
0.374260
0.374104
0.373713
0.373556
0.373008
0.372773
0.372304
0.372304
0.371912
0.371208
0.371208
0.370973
0.370660
0.370112
0.369877
0.369721
0.369564
0.369016
0.368938
0.368469
0.368077
0.367764
0.367294
0.367060
0.366747
0.366355
0.365964
0.365807
0.365807
0.365416
0.364946
0.364633
0.364007
0.363929
0.363224
0.363146
0.362755
0.362363
0.362285
0.361737
0.361424
0.360876
0.360642
0.359781
0.359702
0.359311
0.359389
0.358763
0.358372
0.358293
0.357589
0.357354
0.357041
0.356572
0.356728
0.356258
0.355789
0.355711
0.355476
0.354928
0.354380
0.354223
0.353910
0.353676
0.353206
0.353049
0.352658
0.352345
0.352110
0.351562
0.351327
0.350701
0.350310
0.350075
0.349919
0.349449
0.349136
0.349058
0.348588
0.348197
0.347884
0.347336
0.347492
0.346866
0.346553
0.346475
0.346240
0.345849
0.345614
0.344988
0.344753
0.344518
0.344283
0.344048
0.343579
0.343657
0.342953
0.342561
0.342718
0.342092
0.341700
0.340761
0.340761
0.340213
0.340370
0.339744
0.339744
0.339117
0.338883
0.338648
0.338100
0.337787
0.337317
0.337161
0.337004
0.336378
0.336300
0.335830
0.335282
0.335047
0.334969
0.334265
0.334265
0.333873
0.333560
0.333247
0.333325
0.332699
0.332386
0.332073
0.331682
0.331682
0.331290
0.330586
0.330742
0.330429
0.329882
0.329803
0.329334
0.329021
0.328786
0.328551
0.328081
0.327847
0.327377
0.327064
0.326594
0.326516
0.326203
0.325890
0.325264
0.325107
0.325107
0.324481
0.324481
0.324324
0.323698
0.322994
0.322994
0.322759
0.322368
0.322524
0.322055
0.321585
0.321037
0.321194
0.320567
0.320020
0.319472
0.319550
0.319080
0.318689
0.318454
0.318141
0.317906
0.317515
0.317202
0.317045
0.316497
0.316341
0.315871
0.315636
0.315480
0.315167
0.315089
0.314306
0.313993
0.313758
0.313523
0.313445
0.312975
0.312740
0.312662
0.312427
0.311801
0.311488
0.311175
0.310627
0.310392
0.310236
0.309766
0.309688
0.308983
0.308749
0.308436
0.308044
0.307731
0.307809
0.307183
0.307027
0.306635
0.306557
0.306088
0.305774
0.305305
0.304835
0.304600
0.304444
0.303896
0.303739
0.303505
0.303035
0.302878
0.302644
0.302174
0.301704
0.300922
0.300922
0.300374
0.300061
0.299591
0.299278
0.299043
0.298652
0.298574
0.297947
0.297713
0.297400
0.297478
0.296773
0.296695
0.296382
0.296147
0.295756
0.295365
0.295208
0.294738
0.294269
0.293956
0.293799
0.293330
0.292938
0.292625
0.292077
0.291921
0.291608
0.291295
0.290903
0.290277
0.290120
0.290042
0.289416
0.289338
0.288790
0.288164
0.288007
0.287851
0.287303
0.286911
0.286364
0.286364
0.285816
0.285659
0.285033
0.284720
0.284485
0.284015
0.283859
0.283311
0.283389
0.283233
0.282841
0.282372
0.281902
0.281589
0.281119
0.280493
0.280180
0.279632
0.279476
0.279084
0.278850
0.278458
0.278223
0.277832
0.277597
0.277362
0.276971
0.276345
0.276267
0.276110
0.275719
0.275171
0.274858
0.275014
0.274232
0.273840
0.273762
0.273292
0.273058
0.272666
0.272040
0.271727
0.271492
0.271414
0.270866
0.270396
0.270162
0.269849
0.269692
0.269144
0.268675
0.268283
0.267892
0.267422
0.267109
0.266718
0.266405
0.266170
0.265857
0.265700
0.265152
0.264526
0.264370
0.263978
0.263665
0.263430
0.262804
0.262569
0.262413
0.261943
0.261395
0.261317
0.260926
0.260613
0.259830
0.259674
0.259282
0.258813
0.258656
0.258421
0.257795
0.257404
0.256934
0.256699
0.256386
0.256151
0.255682
0.255525
0.255134
0.254899
0.254351
0.254273
0.253803
0.253099
0.253177
0.252786
0.252786
0.252316
0.251925
0.251612
0.251299
0.251064
0.250594
0.250046
0.249498
0.249498
0.249185
0.248716
0.249029
0.248481
0.247855
0.247542
0.247307
0.247072
0.246524
0.246368
0.245898
0.245741
0.245194
0.244959
0.244724
0.244411
0.244020
0.243706
0.243472
0.242611
0.242454
0.242376
0.242063
0.241671
0.241358
0.240967
0.240576
0.239950
0.239558
0.239402
0.238932
0.238619
0.238462
0.238228
0.237993
0.237523
0.236897
0.236584
0.236193
0.236114
0.235879
0.235488
0.235253
0.235019
0.234784
0.234236
0.233610
0.233297
0.233297
0.232827
0.232592
0.232123
0.231888
0.231653
0.231418
0.230792
0.230635
0.230166
0.229774
0.229461
0.229383
0.228913
0.228522
0.228366
0.228053
0.227505
0.227035
0.227113
0.226878
0.226409
0.226096
0.225939
0.225470
0.225078
0.224296
0.224217
0.223904
0.223435
0.223200
0.222574
0.222339
0.222339
0.221556
0.221165
0.220852
0.220695
0.220147
0.220147
0.219678
0.219521
0.219286
0.218660
0.218269
0.218034
0.217564
0.217408
0.216703
0.216312
0.216156
0.215842
0.215529
0.215216
0.214747
0.214355
0.214042
0.214042
0.213573
0.213103
0.212868
0.212399
0.212320
0.211538
0.211459
0.211146
0.210442
0.210285
0.210050
0.209816
0.209111
0.209033
0.208720
0.208329
0.207859
0.207389
0.207154
0.206763
0.206528
0.206059
0.205824
0.205433
0.204963
0.204572
0.204415
0.203945
0.203554
0.203241
0.203084
0.202850
0.202537
0.201832
0.201441
0.201206
0.201049
0.200345
0.199954
0.199249
0.199719
0.198936
0.198467
0.198232
0.197840
0.197449
0.197058
0.196823
0.196197
0.195884
0.195571
0.195257
0.194944
0.194710
0.194083
0.193927
0.193301
0.192909
0.192753
0.192205
0.191814
0.191266
0.191109
0.190640
0.190483
0.190170
0.189700
0.189074
0.188761
0.188605
0.188135
0.187822
0.187352
0.187039
0.186413
0.186335
0.185865
0.185552
0.185082
0.184769
0.184143
0.183752
0.183517
0.182969
0.183047
0.182499
0.182108
0.182108
0.181325
0.181012
0.180543
0.180386
0.179760
0.179447
0.179056
0.178821
0.178429
0.178038
0.177569
0.177021
0.176864
0.176473
0.176160
0.175533
0.175220
0.174673
0.174516
0.174046
0.173342
0.173420
0.172951
0.172716
0.172168
0.171933
0.171463
0.171229
0.170681
0.170602
0.169898
0.169507
0.169272
0.168881
0.168567
0.168176
0.167785
0.167785
0.167315
0.166767
0.166454
0.166063
0.165671
0.165358
0.165124
0.164889
0.164341
0.164184
0.163871
0.163323
0.163323
0.162384
0.162149
0.161601
0.161288
0.161210
0.160897
0.160427
0.159880
0.159410
0.159097
0.158471
0.158627
0.157766
0.157531
0.157140
0.156984
0.156436
0.156357
0.156044
0.155027
0.154870
0.154322
0.154088
0.153696
0.153618
0.152914
0.152992
0.152600
0.151739
0.151348
0.151113
0.150879
0.150409
0.149626
0.149704
0.149470
0.148843
0.148530
0.148061
0.147356
0.147122
0.146887
0.146574
0.146261
0.146104
0.145869
0.145478
0.145008
0.144773
0.144069
0.143521
0.143130
0.142973
0.142660
0.142191
0.141877
0.141564
0.141330
0.140860
0.140312
0.139529
0.139529
0.139295
0.138903
0.138590
0.138434
0.137964
0.137573
0.136868
0.136555
0.136399
0.136164
0.135459
0.135381
0.135146
0.134598
0.134285
0.133659
0.133424
0.132798
0.132563
0.132329
0.131859
0.131781
0.131076
0.131076
0.130685
0.130294
0.129746
0.128963
0.129120
0.128572
0.128259
0.128102
0.127554
0.127241
0.126771
0.126615
0.125832
0.125363
0.125049
0.124971
0.124971
0.124110
0.124032
0.123484
0.123171
0.122545
0.122075
0.121762
0.121527
0.121293
0.120588
0.120118
0.119727
0.119414
0.118944
0.118631
0.118005
0.117614
0.117457
0.116909
0.116909
0.116362
0.116048
0.115657
0.115501
0.114640
0.114561
0.113935
0.113700
0.113309
0.113152
0.112683
0.112135
0.111665
0.111509
0.111196
0.110491
0.109943
0.109865
0.109474
0.109317
0.108926
0.108143
0.107752
0.107439
0.107047
0.106500
0.106030
0.105952
0.105560
0.105169
0.104934
0.104151
0.103917
0.103525
0.103290
0.102664
0.102430
0.102351
0.101803
0.101177
0.101021
0.100394
0.100003
0.099534
0.098986
0.098438
0.098359
0.097577
0.097655
0.097185
0.096638
0.096324
0.096090
0.095620
0.094916
0.094289
0.094211
0.093742
0.093507
0.092959
0.092724
0.092333
0.091785
0.091393
0.090846
0.090454
0.089906
0.089906
0.089515
0.088889
0.088497
0.088106
0.087558
0.087010
0.086541
0.086071
0.085836
0.085680
0.085210
0.084741
0.084036
0.083958
0.083410
0.082940
0.082706
0.082158
0.081766
0.081375
0.081140
0.080514
0.080201
0.079575
0.079027
0.078714
0.077775
0.078009
0.077618
0.077148
0.076522
0.076131
0.075740
0.075192
0.074722
0.074174
0.073704
0.073313
0.073078
0.072687
0.072452
0.071748
0.071356
0.070730
0.070261
0.069791
0.069321
0.068773
0.068695
0.068460
0.067991
0.067208
0.066738
0.066817
0.066425
0.065878
0.065564
0.065095
0.064469
0.064390
0.063686
0.063373
0.063138
0.062512
0.062199
0.061494
0.060947
0.060555
0.060086
0.060086
0.059459
0.058755
0.058364
0.057737
0.057503
0.057033
0.056485
0.056094
0.055624
0.055468
0.054607
0.054294
0.053746
0.053198
0.052885
0.052650
0.051945
0.051398
0.051319
0.050928
0.050380
0.049597
0.048815
0.048658
0.048502
0.048267
0.047719
0.047328
0.047249
0.046467
0.045606
0.045840
0.045371
0.044745
0.044275
0.043727
0.043258
0.042944
0.042788
0.042162
0.041692
0.041223
0.040753
0.040205
0.040127
0.039188
0.038718
0.038170
0.038013
0.037387
0.036839
0.036526
0.035900
0.035509
0.035352
0.035039
0.034648
0.034022
0.033865
0.033396
0.032926
0.032221
0.032065
0.031517
0.031126
0.030656
0.030500
0.029873
0.029560
0.028856
0.028230
0.027917
0.027604
0.027134
0.026586
0.026273
0.025725
0.025647
0.025021
0.024473
0.023847
0.023377
0.022751
0.022438
0.022360
0.021577
0.021107
0.020716
0.020246
0.020011
0.019072
0.018603
0.018133
0.017742
0.017429
0.017037
0.016333
0.016333
0.015707
0.015315
0.014611
0.014063
0.013593
0.013358
0.013124
0.012341
0.011950
0.011402
0.011089
0.010619
0.009680
0.009132
0.008819
0.008584
0.008036
0.007880
0.007097
0.006549
0.006392
0.005845
0.005375
0.004514
0.004279
0.004123
0.003575
0.003262
0.002401
0.002166
0.001853
0.001461
0.000679
0.000131
-0.000417
-0.000730
-0.000730
-0.001121
-0.001904
-0.002530
-0.002452
-0.003000
-0.003626
-0.004487
-0.004878
-0.005191
-0.005661
-0.006131
-0.006757
-0.006835
-0.007540
-0.007774
-0.008479
-0.009261
-0.009731
-0.010044
-0.010670
-0.011140
-0.011531
-0.011923
-0.012784
-0.012862
-0.013645
-0.014192
-0.014897
-0.015210
-0.015758
-0.015914
-0.016619
-0.017088
-0.017793
-0.018106
-0.018732
-0.019515
-0.019984
-0.020532
-0.020611
-0.021080
-0.021785
-0.022254
-0.022646
-0.023428
-0.024054
-0.024759
-0.025463
-0.025698
-0.026090
-0.026324
-0.027107
-0.027420
-0.027733
-0.028203
-0.028985
-0.030160
-0.030394
-0.030707
-0.031334
-0.031568
-0.032195
-0.032977
-0.033603
-0.034073
-0.034386
-0.035325
-0.035795
-0.036108
-0.036812
-0.037439
-0.037987
-0.038456
-0.039004
-0.039787
-0.040491
-0.040961
-0.041587
-0.042057
-0.042370
-0.042918
-0.043465
-0.044248
-0.044639
-0.045266
-0.045970
-0.046831
-0.047535
-0.047770
-0.047927
-0.048553
-0.049023
-0.049649
-0.050197
-0.051136
-0.051762
-0.052623
-0.053171
-0.053484
-0.054032
-0.054501
-0.054971
-0.055910
-0.056302
-0.056771
-0.057319
-0.058024
-0.058571
-0.059041
-0.059667
-0.060137
-0.060920
-0.061233
-0.061859
-0.062485
-0.063268
-0.064050
-0.064598
-0.065303
-0.065616
-0.066164
-0.067181
-0.067494
-0.068355
-0.068825
-0.069451
-0.070390
-0.070860
-0.071173
-0.071721
-0.072190
-0.072660
-0.073599
-0.073834
-0.074382
-0.075321
-0.075634
-0.076652
-0.076965
-0.077356
-0.078061
-0.078922
-0.079469
-0.080487
-0.080565
-0.081583
-0.082522
-0.083070
-0.083148
-0.083931
-0.084400
-0.084948
-0.085731
-0.086357
-0.086983
-0.087531
-0.088627
-0.089097
-0.089488
-0.090036
-0.090740
-0.091288
-0.092071
-0.092697
-0.093245
-0.093793
-0.094732
-0.095437
-0.095593
-0.096141
-0.096845
-0.097472
-0.098411
-0.099037
-0.099741
-0.100054
-0.101150
-0.102011
-0.102246
-0.102481
-0.103107
-0.103498
-0.104438
-0.105220
-0.105846
-0.106159
-0.107020
-0.107490
-0.108195
-0.108586
-0.109055
-0.109682
-0.110777
-0.111560
-0.112186
-0.112578
-0.113126
-0.113986
-0.114847
-0.115082
-0.115630
-0.116021
-0.116961
-0.117978
-0.118526
-0.119309
-0.119700
-0.120639
-0.121422
-0.121970
-0.122440
-0.123222
-0.123770
-0.124553
-0.125570
-0.125962
-0.126431
-0.126823
-0.127527
-0.128153
-0.128701
-0.129014
-0.129954
-0.130971
-0.131597
-0.132536
-0.133006
-0.133632
-0.134102
-0.134885
-0.135511
-0.135902
-0.136450
-0.137389
-0.138172
-0.138955
-0.139502
-0.139894
-0.140598
-0.141616
-0.142242
-0.142633
-0.143338
-0.143807
-0.144668
-0.145529
-0.145999
-0.146390
-0.147016
-0.147642
-0.148190
-0.148817
-0.149599
-0.149912
-0.151634
-0.151791
-0.152417
-0.153278
-0.154061
-0.154609
-0.155078
-0.155783
-0.155939
-0.156644
-0.157426
-0.158757
-0.159226
-0.159931
-0.160400
-0.161183
-0.161966
-0.162827
-0.162983
-0.163766
-0.164392
-0.165723
-0.166192
-0.166740
-0.167445
-0.168071
-0.168854
-0.169558
-0.170028
-0.170654
-0.171437
-0.172532
-0.173472
-0.174098
-0.174489
-0.174880
-0.175507
-0.176289
-0.176759
-0.177620
-0.178011
-0.179185
-0.180359
-0.180751
-0.181377
-0.182159
-0.182629
-0.183334
-0.183881
-0.184586
-0.185055
-0.185603
-0.186934
-0.187717
-0.187873
-0.188656
-0.189204
-0.189673
-0.190534
-0.191317
-0.191865
-0.192256
-0.193430
-0.194370
-0.195074
-0.195465
-0.196091
-0.196561
-0.197422
-0.197970
-0.198518
-0.199457
-0.200631
-0.201805
-0.202275
-0.202823
-0.203292
-0.203840
-0.204545
-0.205406
-0.205953
-0.206501
-0.207362
-0.208223
-0.209084
-0.209476
-0.210024
-0.210571
-0.211432
-0.211980
-0.212841
-0.213076
-0.213624
-0.215033
-0.215972
-0.216520
-0.217068
-0.217537
-0.217929
-0.218633
-0.219181
-0.219807
-0.220355
-0.221451
-0.222547
-0.223173
-0.223408
-0.223956
-0.224347
-0.225051
-0.225521
-0.226069
-0.226852
-0.227399
-0.228417
-0.229591
-0.229982
-0.230217
-0.231000
-0.231548
-0.232096
-0.232878
-0.233270
-0.233739
-0.234131
-0.235461
-0.236166
-0.236635
-0.237027
-0.237809
-0.237888
-0.238905
-0.239688
-0.240079
-0.240784
-0.241879
-0.242819
-0.243210
-0.243758
-0.244306
-0.244697
-0.245010
-0.245871
-0.246810
-0.247202
-0.247828
-0.248924
-0.249237
-0.249628
-0.250411
-0.250724
-0.251115
-0.251820
-0.252446
-0.252837
-0.253542
-0.254089
-0.255029
-0.255577
-0.256359
-0.256594
-0.257064
-0.257533
-0.258551
-0.258786
-0.259333
-0.260116
-0.260977
-0.261603
-0.261760
-0.262229
-0.262934
-0.263325
-0.263873
-0.264812
-0.264656
-0.265439
-0.266221
-0.266847
-0.267239
-0.268021
-0.267943
-0.268413
-0.268882
-0.269665
-0.270135
-0.270917
-0.271465
-0.272091
-0.272561
-0.272874
-0.273500
-0.273892
-0.274283
-0.274674
-0.275379
-0.275927
-0.276083
-0.276631
-0.277101
-0.277414
-0.277883
-0.278588
-0.278901
-0.278979
-0.279840
-0.280075
-0.280858
-0.281249
-0.281797
-0.282110
-0.282971
-0.283362
-0.283832
-0.283988
-0.284380
-0.284849
-0.285084
-0.285476
-0.286102
-0.286571
-0.286806
-0.286963
-0.287511
-0.287902
-0.287980
-0.288763
-0.288998
-0.289233
-0.289702
-0.290172
-0.290563
-0.291033
-0.291659
-0.291815
-0.291972
-0.292129
-0.292833
-0.292989
-0.293224
-0.293772
-0.294007
-0.294320
-0.294946
-0.294790
-0.295181
-0.295572
-0.296042
-0.296120
-0.296433
-0.296590
-0.297451
-0.297451
-0.297529
-0.297999
-0.298234
-0.298547
-0.298547
-0.299095
-0.299173
-0.299408
-0.300034
-0.300190
-0.300425
-0.300660
-0.300895
-0.301521
-0.301443
-0.301599
-0.301756
-0.301912
-0.302460
-0.302617
-0.302773
-0.303086
-0.303243
-0.303321
-0.303556
-0.303791
-0.304104
-0.304026
-0.304104
-0.304417
-0.304573
-0.304730
-0.304887
-0.305200
-0.305200
-0.305513
-0.305669
-0.305982
-0.306061
-0.306061
-0.306295
-0.306452
-0.306687
-0.306765
-0.307235
-0.307078
-0.307000
-0.307235
-0.307235
-0.307626
-0.307939
-0.307939
-0.308017
-0.308174
-0.308330
-0.308409
-0.308487
-0.308565
-0.308722
-0.308565
-0.308487
-0.308722
-0.308722
-0.308878
-0.308800
-0.309191
-0.309113
-0.309426
-0.309113
-0.309270
-0.309426
-0.309583
-0.309426
-0.309818
-0.309739
-0.310131
-0.309896
-0.309896
-0.310131
-0.310131
-0.310287
-0.310444
-0.310287
-0.310365
-0.310131
-0.310365
-0.310522
-0.310600
-0.310835
-0.310365
-0.310365
-0.310444
-0.310757
-0.310444
-0.310287
-0.310444
-0.310365
-0.310365
-0.310600
-0.310444
-0.310287
-0.310444
-0.310131
-0.310209
-0.310131
-0.310131
-0.310052
-0.310131
-0.310209
-0.310522
-0.310444
-0.310052
-0.310209
-0.310052
-0.310131
-0.310052
-0.310209
-0.310052
-0.310131
-0.309974
-0.309818
-0.309896
-0.309896
-0.310131
-0.309661
-0.309661
-0.309739
-0.309739
-0.309739
-0.309426
-0.309504
-0.309583
-0.309426
-0.309583
-0.309583
-0.309270
-0.309035
-0.309035
-0.309191
-0.309113
-0.309113
-0.309113
-0.309035
-0.308878
-0.308957
-0.308800
-0.308565
-0.308565
-0.308643
-0.308643
-0.308643
-0.308643
-0.308565
-0.308409
-0.308565
-0.308252
-0.308174
-0.308096
-0.308017
-0.307939
-0.307939
-0.308174
-0.308096
-0.308017
-0.307782
-0.307939
-0.307861
-0.307782
-0.307469
-0.307548
-0.307469
-0.307548
-0.307704
-0.307548
-0.307235
-0.307078
-0.307313
-0.306843
-0.306922
-0.307000
-0.306765
-0.306530
-0.306608
-0.306374
-0.306374
-0.306374
-0.306295
-0.306295
-0.306295
-0.306295
-0.306217
-0.305904
-0.305904
-0.305982
-0.306295
-0.306061
-0.306139
-0.306061
-0.305669
-0.305591
-0.305747
-0.305434
-0.305513
-0.305356
-0.305434
-0.305121
-0.305200
-0.304965
-0.305043
-0.304887
-0.304808
-0.304887
-0.304652
-0.304260
-0.304495
-0.304808
-0.304417
-0.304573
-0.304339
-0.304182
-0.303791
-0.304026
-0.304026
-0.303791
-0.304026
-0.303791
-0.303791
-0.303947
-0.303712
-0.303712
-0.303556
-0.303712
-0.303712
-0.303321
-0.303086
-0.303086
-0.303243
-0.303321
-0.303008
-0.303478
-0.302851
-0.302695
-0.302617
-0.302695
-0.302695
-0.302617
-0.302460
-0.302695
-0.302617
-0.302538
-0.302773
-0.302460
-0.302382
-0.302538
-0.302304
-0.302304
-0.302147
-0.302069
-0.302225
-0.302304
-0.302304
-0.302304
-0.302304
-0.301599
-0.301443
-0.301834
-0.301521
-0.301756
-0.301443
-0.301677
-0.301912
-0.301756
-0.301834
-0.301912
-0.301286
-0.301443
-0.301286
-0.301443
-0.301521
-0.301443
-0.301286
-0.301521
-0.301599
-0.301834
-0.301599
-0.301051
-0.301208
-0.301051
-0.301051
-0.300973
-0.300895
-0.301130
-0.301443
-0.301364
-0.301364
-0.301208
-0.300738
-0.300973
-0.300738
-0.300582
-0.300582
-0.300660
-0.300895
-0.300895
-0.300973
-0.300895
-0.301051
-0.300660
-0.300895
-0.300582
-0.300582
-0.300660
-0.300738
-0.300738
-0.300816
-0.300816
-0.301130
-0.301051
-0.300895
-0.300738
-0.300895
-0.300738
-0.300503
-0.300425
-0.300425
-0.300973
-0.301364
-0.300973
-0.301130
-0.300973
-0.300973
-0.300973
-0.300973
-0.301051
-0.300738
-0.300895
-0.300738
-0.301364
-0.301286
-0.301286
-0.301130
-0.301051
-0.301286
-0.301130
-0.300816
-0.300895
-0.300973
-0.301521
-0.301286
-0.301599
-0.301286
-0.301521
-0.301443
-0.301286
-0.301521
-0.301521
-0.301599
-0.301599
-0.301912
-0.302069
-0.302147
-0.302069
-0.302225
-0.302069
-0.301991
-0.301991
-0.302069
-0.302225
-0.302147
-0.301991
-0.302538
-0.302460
-0.302460
-0.302304
-0.302225
-0.302382
-0.302460
-0.302304
-0.302460
-0.302538
-0.302617
-0.302617
-0.303165
-0.303086
-0.303008
-0.303008
-0.302851
-0.302930
-0.303321
-0.303165
-0.303086
-0.303086
-0.303321
-0.303478
-0.303634
-0.303869
-0.303634
-0.303634
-0.303791
-0.303869
-0.303869
-0.303478
-0.303947
-0.304026
-0.304026
-0.304417
-0.304573
-0.304339
-0.304339
-0.304652
-0.304573
-0.304652
-0.304652
-0.304652
-0.305043
-0.305278
-0.305200
-0.305200
-0.305434
-0.305434
-0.305278
-0.305591
-0.305513
-0.305982
-0.306061
-0.305982
-0.305982
-0.306295
-0.306374
-0.306217
-0.306139
-0.306608
-0.306608
-0.306922
-0.307000
-0.306843
-0.307000
-0.307235
-0.307313
-0.307391
-0.307626
-0.307313
-0.307548
-0.307469
-0.307939
-0.307939
-0.307861
-0.308096
-0.307939
-0.308017
-0.308409
-0.308565
-0.308643
-0.308722
-0.308722
-0.309270
-0.308722
-0.309348
-0.309035
-0.309270
-0.309270
-0.309583
-0.309974
-0.309739
-0.309974
-0.309974
-0.309974
-0.310131
-0.310287
-0.310444
-0.310757
-0.310992
-0.311070
-0.311070
-0.310992
-0.311461
-0.311539
-0.311618
-0.311774
-0.311618
-0.311853
-0.312009
-0.312087
-0.312166
-0.312322
-0.312792
-0.312792
-0.312870
-0.313183
-0.313574
-0.313261
-0.313418
-0.313418
-0.313966
-0.313966
-0.314122
-0.314279
-0.314201
-0.314201
-0.314201
-0.314435
-0.314748
-0.314748
-0.315140
-0.315140
-0.315296
-0.315218
-0.315531
-0.315688
-0.315766
-0.315609
-0.315923
-0.316001
-0.316314
-0.316862
-0.316862
-0.316784
-0.317097
-0.317331
-0.317566
-0.317566
-0.317801
-0.317644
-0.318036
-0.318036
-0.318505
-0.318271
-0.318349
-0.318819
-0.318662
-0.318897
-0.319366
-0.319366
-0.319523
-0.319601
-0.320071
-0.320071
-0.320462
-0.320384
-0.320462
-0.320697
-0.321088
-0.321480
-0.321558
-0.321636
-0.321715
-0.322184
-0.322184
-0.322419
-0.322497
-0.322654
-0.322889
-0.322967
-0.322889
-0.323358
-0.323280
-0.323593
-0.323906
-0.323750
-0.324376
-0.324532
-0.324532
-0.324454
-0.324924
-0.324845
-0.325158
-0.325315
-0.325315
-0.325628
-0.326019
-0.326176
-0.326332
-0.326567
-0.326646
-0.326332
-0.326880
-0.326959
-0.327193
-0.327272
-0.327663
-0.327898
-0.327820
-0.328054
-0.328133
-0.328367
-0.328524
-0.328681
-0.328759
-0.328994
-0.329150
-0.329463
-0.329776
-0.329776
-0.330246
-0.330246
-0.330637
-0.330716
-0.330872
-0.331342
-0.331263
-0.331733
-0.331890
-0.331968
-0.332281
-0.332437
-0.332516
-0.332985
-0.332751
-0.333064
-0.333533
-0.333612
-0.333768
-0.333768
-0.334316
-0.334238
-0.334864
-0.334942
-0.335177
-0.335177
-0.335099
-0.335568
-0.335568
-0.335725
-0.336038
-0.336351
-0.336194
-0.336664
-0.336742
-0.337134
-0.337290
-0.337447
-0.337603
-0.337916
-0.338151
-0.338229
-0.338621
-0.338856
-0.338934
-0.339247
-0.339325
-0.339795
-0.339638
-0.339873
-0.339795
-0.340264
-0.340264
-0.340578
-0.340891
-0.340969
-0.341595
-0.341908
-0.341986
-0.341986
-0.342378
-0.342456
-0.342534
-0.342847
-0.343160
-0.343395
-0.343552
-0.343787
-0.343865
-0.344256
-0.344413
-0.344256
-0.344491
-0.344804
-0.344961
-0.345430
-0.345743
-0.346135
-0.346213
-0.346448
-0.346526
-0.346839
-0.346996
-0.347309
-0.347387
-0.347700
-0.347935
-0.348091
-0.348091
-0.348483
-0.348796
-0.348952
-0.349265
-0.349579
-0.349657
-0.349500
-0.349657
-0.350205
-0.350440
-0.350283
-0.350674
-0.350596
-0.351300
-0.351535
-0.351848
-0.352005
-0.352161
-0.352553
-0.352631
-0.352944
-0.353179
-0.353257
-0.353414
-0.353962
-0.353962
-0.354275
-0.354510
-0.354431
-0.354588
-0.354823
-0.355136
-0.355371
-0.355527
-0.355840
-0.356231
-0.356466
-0.356858
-0.357249
-0.357171
-0.357406
-0.357484
-0.357875
-0.358188
-0.358423
-0.358188
-0.358501
-0.358814
-0.358736
-0.359441
-0.359597
-0.359597
-0.360067
-0.360536
-0.360693
-0.360849
-0.361084
-0.361554
-0.361710
-0.362102
-0.361945
-0.362493
-0.362650
-0.362884
-0.363198
-0.363119
-0.363276
-0.363824
-0.363980
-0.364450
-0.364450
-0.364606
-0.364998
-0.365311
-0.365546
-0.365859
-0.366172
-0.366407
-0.366407
-0.366720
-0.367111
-0.367424
-0.367424
-0.367581
-0.367894
-0.367815
-0.368363
-0.368520
-0.368442
-0.368833
-0.369224
-0.369381
-0.369224
-0.369616
-0.369850
-0.370320
-0.370477
-0.370711
-0.371181
-0.371416
-0.371651
-0.371729
-0.372199
-0.372277
-0.372668
-0.372903
-0.372903
-0.373059
-0.373294
-0.373607
-0.373686
-0.374155
-0.374390
-0.374625
-0.374625
-0.375016
-0.375095
-0.375408
-0.375721
-0.375955
-0.376269
-0.376503
-0.376738
-0.377051
-0.377130
-0.377364
-0.377443
-0.378069
-0.378147
-0.378460
-0.378460
-0.378851
-0.379399
-0.379478
-0.379791
-0.379791
-0.379791
-0.380339
-0.380573
-0.381043
-0.381278
-0.381591
-0.382295
-0.382295
-0.382295
-0.382452
-0.382843
-0.382765
-0.383235
-0.383391
-0.384017
-0.384174
-0.384409
-0.384565
-0.384800
-0.385270
-0.385504
-0.385583
-0.385739
-0.385974
-0.386287
-0.386522
-0.386835
-0.387070
-0.387226
-0.387774
-0.388009
-0.388166
-0.388244
-0.388635
-0.389027
-0.388948
-0.389261
-0.389653
-0.390044
-0.390122
-0.390201
-0.390670
-0.390983
-0.391218
-0.391453
-0.391688
-0.392157
-0.392392
-0.392705
-0.392940
-0.393488
-0.393331
-0.393723
-0.393958
-0.394114
-0.394271
-0.394349
-0.394505
-0.395132
-0.395366
-0.395679
-0.396071
-0.396384
-0.396462
-0.396775
-0.397088
-0.397401
-0.397636
-0.397714
-0.397871
-0.398419
-0.398654
-0.398575
-0.398967
-0.399358
-0.399515
-0.399749
-0.400297
-0.400063
-0.400532
-0.401080
-0.401393
-0.401706
-0.402254
-0.402411
-0.402645
-0.402959
-0.403037
-0.403272
-0.403663
-0.403820
-0.404054
-0.404054
-0.404524
-0.404837
-0.404915
-0.405385
-0.405776
-0.406011
-0.406011
-0.406402
-0.406481
-0.406794
-0.407420
-0.407655
-0.407655
-0.407968
-0.408437
-0.408359
-0.408907
-0.409064
-0.409611
-0.409690
-0.409846
-0.410238
-0.410786
-0.410472
-0.410942
-0.411333
-0.411647
-0.411647
-0.411881
-0.412507
-0.412273
-0.412821
-0.412821
-0.413368
-0.413838
-0.413838
-0.413838
-0.414308
-0.414699
-0.415169
-0.415247
-0.415482
-0.415560
-0.415795
-0.416186
-0.416499
-0.416734
-0.416969
-0.417282
-0.417517
-0.417673
-0.418221
-0.418378
-0.418691
-0.418691
-0.419239
-0.419317
-0.419630
-0.419630
-0.420021
-0.420334
-0.420882
-0.421195
-0.421430
-0.421743
-0.421978
-0.422213
-0.422213
-0.422683
-0.423074
-0.423074
-0.423387
-0.423700
-0.424013
-0.424483
-0.424639
-0.424874
-0.425187
-0.425265
-0.425813
-0.426048
-0.426439
-0.426439
-0.426753
-0.426753
-0.427222
-0.427379
-0.427770
-0.428005
-0.428396
-0.428788
-0.429022
-0.429179
-0.429179
-0.430040
-0.429805
-0.430196
-0.430588
-0.430666
-0.430979
-0.431292
-0.431918
-0.432075
-0.431997
-0.432623
-0.432701
-0.432858
-0.433092
-0.433327
-0.433640
-0.433562
-0.434345
-0.434423
-0.434736
-0.434814
-0.435284
-0.435519
-0.435988
-0.436301
-0.436536
-0.436380
-0.436615
-0.437241
-0.437632
-0.437554
-0.437945
-0.438337
-0.438571
-0.438806
-0.439276
-0.439980
-0.440137
-0.439824
-0.440293
-0.440450
-0.441154
-0.441467
-0.441859
-0.442093
-0.442485
-0.442720
-0.442954
-0.443267
-0.443815
-0.443894
-0.444285
-0.444128
-0.444520
-0.444833
-0.444911
-0.445381
-0.445616
-0.445694
-0.446320
-0.446242
-0.446477
-0.446790
-0.447103
-0.447259
-0.447494
-0.447885
-0.448277
-0.448590
-0.448981
-0.449059
-0.448981
-0.449294
-0.449607
-0.450077
-0.450155
-0.450781
-0.450625
-0.450938
-0.451329
-0.451721
-0.451955
-0.451955
-0.452738
-0.452973
-0.452973
-0.453129
-0.453521
-0.453834
-0.453834
-0.454617
-0.454538
-0.454851
-0.455165
-0.455556
-0.455869
-0.456025
-0.456339
-0.456495
-0.456808
-0.457121
-0.457356
-0.457747
-0.457982
-0.458374
-0.458608
-0.459156
-0.459078
-0.459469
-0.459548
-0.459782
-0.460252
-0.460487
-0.460643
-0.461191
-0.461504
-0.461896
-0.462052
-0.462444
-0.462678
-0.462835
-0.462913
-0.463305
-0.463539
-0.463618
-0.464322
-0.464557
-0.464713
-0.465340
-0.465105
-0.465731
-0.465966
-0.466514
-0.466435
-0.466670
-0.466983
-0.467531
-0.467453
-0.467688
-0.468079
-0.468392
-0.468549
-0.468940
-0.469097
-0.469410
-0.469801
-0.470271
-0.470427
-0.470662
-0.470975
-0.471132
-0.471523
-0.471601
-0.472071
-0.472227
-0.472540
-0.472697
-0.473167
-0.473558
-0.473636
-0.474028
-0.474497
-0.474654
-0.474967
-0.475280
-0.475671
-0.475984
-0.476219
-0.476141
-0.476767
-0.476924
-0.477237
-0.477706
-0.477941
-0.478332
-0.478567
-0.478724
-0.479115
-0.479428
-0.479663
-0.479976
-0.480367
-0.480680
-0.480915
-0.481228
-0.481307
-0.481698
-0.481855
-0.482559
-0.482637
-0.483029
-0.483185
-0.483420
-0.483576
-0.484046
-0.484437
-0.484594
-0.484907
-0.485064
-0.485690
-0.485690
-0.486003
-0.486238
-0.486786
-0.487099
-0.487412
-0.487646
-0.487725
-0.488194
-0.488351
-0.488586
-0.488821
-0.488977
-0.489290
-0.489995
-0.489995
-0.490308
-0.490621
-0.491169
-0.491482
-0.491560
-0.492264
-0.492343
-0.492499
-0.492891
-0.493204
-0.493517
-0.493752
-0.494299
-0.494378
-0.494456
-0.494769
-0.495160
-0.495473
-0.495630
-0.495943
-0.496256
-0.496569
-0.496882
-0.496961
-0.497430
-0.497665
-0.497900
-0.498135
-0.498448
-0.498839
-0.499152
-0.499700
-0.499778
-0.500013
-0.500326
-0.500561
-0.500952
-0.501422
-0.501344
-0.502126
-0.502439
-0.502439
-0.502753
-0.503066
-0.503300
-0.503614
-0.503614
-0.504318
-0.504318
-0.505022
-0.505257
-0.505414
-0.506196
-0.506196
-0.506118
-0.506588
-0.506666
-0.507292
-0.507527
-0.507684
-0.508153
-0.508310
-0.508545
-0.509171
-0.509249
-0.509640
-0.510032
-0.510032
-0.510423
-0.510658
-0.511206
-0.511127
-0.511597
-0.511754
-0.511988
-0.512458
-0.512771
-0.512928
-0.513476
-0.513632
-0.513867
-0.514180
-0.514258
-0.514493
-0.515041
-0.515276
-0.515432
-0.515667
-0.515980
-0.516215
-0.516763
-0.516998
-0.517311
-0.517546
-0.517859
-0.518485
-0.518328
-0.518641
-0.519189
-0.519502
-0.519502
-0.519894
-0.520285
-0.520755
-0.521068
-0.521224
-0.521772
-0.521772
-0.522555
-0.522555
-0.523024
-0.523181
-0.523572
-0.523651
-0.523964
-0.524277
-0.524277
-0.524903
-0.525216
-0.525686
-0.525373
-0.525764
-0.525999
-0.526390
-0.526781
-0.527173
-0.527642
-0.527877
-0.527955
-0.528268
-0.528660
-0.528816
-0.529051
-0.529364
-0.529677
-0.530069
-0.530538
-0.530538
-0.530851
-0.531243
-0.531243
-0.531947
-0.532417
-0.532104
-0.532495
-0.532965
-0.533199
-0.533434
-0.533513
-0.533669
-0.534060
-0.534530
-0.534530
-0.535000
-0.535000
-0.535078
-0.535782
-0.536017
-0.536409
-0.536565
-0.536722
-0.537035
-0.537113
-0.537739
-0.537817
-0.538287
-0.538678
-0.539148
-0.539226
-0.539774
-0.539852
-0.540009
-0.540166
-0.540479
-0.540870
-0.541105
-0.541418
-0.541731
-0.542122
-0.542435
-0.542827
-0.543061
-0.543609
-0.543766
-0.544157
-0.544392
-0.544549
-0.544627
-0.544940
-0.545331
-0.545488
-0.546192
-0.546505
-0.546427
-0.546818
-0.546740
-0.547366
-0.547523
-0.547601
-0.547914
-0.548306
-0.548462
-0.549167
-0.549088
-0.549558
-0.549558
-0.550184
-0.550106
-0.550341
-0.550732
-0.551045
-0.550967
-0.551202
-0.551671
-0.552297
-0.552610
-0.553002
-0.553315
-0.553550
-0.553471
-0.553863
-0.554254
-0.554489
-0.554724
-0.555115
-0.555350
-0.555741
-0.555819
-0.556289
-0.556367
-0.556602
-0.556994
-0.557385
-0.557698
-0.558011
-0.558324
-0.558168
-0.558402
-0.559185
-0.559107
-0.559576
-0.560124
-0.560203
-0.560750
-0.560907
-0.561690
-0.561611
-0.561925
-0.562238
-0.562316
-0.562864
-0.562864
-0.563333
-0.563412
-0.563881
-0.564194
-0.564429
-0.564429
-0.564742
-0.565290
-0.565760
-0.565838
-0.565916
-0.566621
-0.566699
-0.566856
-0.567482
-0.567169
-0.567873
-0.568030
-0.568734
-0.568734
-0.569204
-0.569282
-0.569438
-0.569908
-0.570065
-0.570456
-0.570534
-0.570926
-0.571787
-0.571787
-0.572021
-0.572256
-0.572569
-0.572882
-0.573274
-0.573900
-0.573900
-0.574056
-0.574604
-0.574526
-0.574761
-0.575543
-0.575387
-0.575935
-0.576170
-0.576091
-0.576561
-0.576874
-0.577265
-0.577187
-0.577735
-0.578048
-0.578283
-0.578518
-0.578596
-0.578831
-0.578909
-0.579613
-0.580083
-0.580396
-0.580553
-0.580944
-0.581257
-0.581257
-0.581570
-0.581962
-0.582275
-0.582196
-0.582744
-0.582979
-0.583527
-0.583527
-0.584075
-0.584075
-0.584466
-0.584466
-0.585092
-0.585249
-0.585797
-0.585953
-0.586423
-0.586736
-0.586893
-0.587597
-0.587832
-0.587832
-0.588067
-0.588771
-0.589162
-0.589084
-0.589319
-0.589789
-0.589319
-0.590180
-0.590963
-0.590806
-0.591432
-0.591824
-0.591902
-0.591902
-0.592293
-0.592371
-0.592685
-0.593311
-0.593311
-0.593780
-0.594015
-0.594406
-0.594485
-0.594641
-0.595189
-0.595737
-0.595894
-0.596128
-0.596363
-0.596755
-0.596833
-0.597302
-0.597616
-0.598007
-0.598476
-0.598711
-0.598868
-0.599103
-0.599337
-0.599729
-0.599964
-0.600433
-0.600433
-0.601138
-0.601529
-0.601999
-0.602468
-0.602547
-0.603094
-0.603173
-0.603642
-0.603721
-0.604268
-0.604503
-0.604738
-0.605129
-0.605208
-0.605834
-0.605834
-0.606069
-0.606538
-0.607086
-0.607243
-0.607634
-0.607947
-0.608260
-0.608338
-0.608730
-0.609043
-0.609199
-0.609591
-0.610217
-0.610374
-0.610765
-0.611000
-0.611234
-0.611391
-0.611626
-0.611939
-0.612174
-0.612722
-0.612956
-0.612878
-0.613113
-0.613661
-0.613661
-0.614287
-0.614365
-0.614991
-0.615148
-0.615305
-0.615696
-0.615931
-0.616165
-0.616635
-0.616870
-0.617261
-0.617731
-0.617887
-0.618044
-0.618122
-0.618748
-0.618905
-0.618983
-0.619531
-0.619609
-0.620001
-0.620236
-0.620627
-0.621175
-0.621018
-0.621488
-0.622036
-0.622192
-0.622662
-0.622740
-0.623053
-0.623288
-0.623679
-0.623992
-0.624071
-0.624384
-0.624619
-0.625166
-0.625480
-0.625793
-0.626027
-0.626106
-0.626262
-0.627045
-0.627045
-0.627358
-0.627436
-0.627984
-0.628141
-0.628689
-0.629002
-0.629158
-0.629471
-0.629863
-0.629706
-0.630489
-0.630489
-0.630958
-0.630958
-0.631350
-0.631663
-0.632211
-0.632602
-0.632837
-0.633072
-0.633228
-0.633463
-0.633776
-0.634246
-0.634324
-0.634715
-0.634950
-0.635185
-0.635733
-0.635733
-0.635889
-0.636281
-0.636516
-0.636907
-0.636907
-0.637611
-0.638003
-0.637924
-0.638394
-0.638629
-0.638864
-0.639255
-0.639255
-0.639959
-0.640038
-0.640351
-0.640586
-0.640977
-0.641681
-0.641760
-0.642151
-0.642621
-0.642934
-0.643012
-0.643482
-0.643716
-0.644030
-0.644421
-0.644499
-0.645047
-0.644969
-0.645438
-0.645830
-0.645908
-0.646143
-0.646299
-0.646847
-0.647082
-0.647317
-0.647630
-0.647865
-0.647943
-0.648334
