-0.535548
-0.535704
-0.536095
-0.536565
-0.536722
-0.537270
-0.537348
-0.537583
-0.537817
-0.538365
-0.538444
-0.539070
-0.539383
-0.539461
-0.539774
-0.540009
-0.540400
-0.540948
-0.541105
-0.541340
-0.541574
-0.541653
-0.542201
-0.542592
-0.542748
-0.542983
-0.543140
-0.543375
-0.544001
-0.544236
-0.544470
-0.544470
-0.544783
-0.544783
-0.545253
-0.545801
-0.546114
-0.546427
-0.546975
-0.546818
-0.547366
-0.547601
-0.547601
-0.547992
-0.548227
-0.548306
-0.548697
-0.549088
-0.549167
-0.549323
-0.549636
-0.549793
-0.550106
-0.550419
-0.550967
-0.550810
-0.551436
-0.551671
-0.552297
-0.552845
-0.552532
-0.553002
-0.553237
-0.553550
-0.553863
-0.554019
-0.554254
-0.554411
-0.555115
-0.555272
-0.555898
-0.556054
-0.556211
-0.556759
-0.556994
-0.557072
-0.557385
-0.557620
-0.557854
-0.558246
-0.558637
-0.558559
-0.559107
-0.559420
-0.559733
-0.559968
-0.560437
-0.560594
-0.560907
-0.560750
-0.561455
-0.561611
-0.562238
-0.562707
-0.562942
-0.563255
-0.563725
-0.563803
-0.564351
-0.564429
-0.564742
-0.564977
-0.565055
-0.565760
-0.566073
-0.566151
-0.566308
-0.566542
-0.566934
-0.567325
-0.567325
-0.567638
-0.567951
-0.568108
-0.568421
-0.568656
-0.568969
-0.569282
-0.569830
-0.569908
-0.570143
-0.570534
-0.571160
-0.570926
-0.571239
-0.571630
-0.572021
-0.572100
-0.572569
-0.572647
-0.573039
-0.573665
-0.573665
-0.574135
-0.574761
-0.574761
-0.575230
-0.575387
-0.576013
-0.576013
-0.576561
-0.576483
-0.576952
-0.577265
-0.577578
-0.577892
-0.578048
-0.578361
-0.578596
-0.578831
-0.579379
-0.579692
-0.579927
-0.580161
-0.580631
-0.580944
-0.581179
-0.581414
-0.581727
-0.581805
-0.582353
-0.582744
-0.582823
-0.583136
-0.583527
-0.583762
-0.584231
-0.584388
-0.584466
-0.585092
-0.585092
-0.585405
-0.585719
-0.586032
-0.586501
-0.586658
-0.587049
-0.587362
-0.587440
-0.588067
-0.588223
-0.588380
-0.588615
-0.588928
-0.589475
-0.589554
-0.589945
-0.590180
-0.590650
-0.590884
-0.591041
-0.591354
-0.591902
-0.592137
-0.592528
-0.592685
-0.593389
-0.593467
-0.593859
-0.594250
-0.594720
-0.594798
-0.595033
-0.595346
-0.595502
-0.595659
-0.596050
-0.596363
-0.596833
-0.596598
-0.596833
-0.597537
-0.597772
-0.597929
-0.598242
-0.598555
-0.598790
-0.599103
-0.599651
-0.600042
-0.600120
-0.600825
-0.600981
-0.601607
-0.601999
-0.602312
-0.602703
-0.602938
-0.602938
-0.603564
-0.603642
-0.603955
-0.604268
-0.604582
-0.604660
-0.604895
-0.605286
-0.605834
-0.605912
-0.606225
-0.606382
-0.606851
-0.607243
-0.607556
-0.607869
-0.607869
-0.608417
-0.608417
-0.608652
-0.609043
-0.609278
-0.609669
-0.609904
-0.609982
-0.610295
-0.611000
-0.611156
-0.611704
-0.611626
-0.611861
-0.612409
-0.612878
-0.612878
-0.613348
-0.613739
-0.614052
-0.614365
-0.614287
-0.614835
-0.615148
-0.615383
-0.615461
-0.615696
-0.616009
-0.616322
-0.616557
-0.616948
-0.617261
-0.617574
-0.618044
-0.618279
-0.618357
-0.618748
-0.619061
-0.618827
-0.619375
-0.619922
-0.620001
-0.620470
-0.620549
-0.620862
-0.621175
-0.621801
-0.621957
-0.622271
-0.622505
-0.622740
-0.623210
-0.623523
-0.623914
-0.624071
-0.624384
-0.624697
-0.624853
-0.625010
-0.625166
-0.625714
-0.626027
-0.626419
-0.626497
-0.626732
-0.626497
-0.627202
-0.627671
-0.628141
-0.628376
-0.628297
-0.628923
-0.629315
-0.629315
-0.629550
-0.630176
-0.630332
-0.630489
-0.631037
-0.631428
-0.631663
-0.631663
-0.632133
-0.632759
-0.632837
-0.633150
-0.633463
-0.633776
-0.634011
-0.634168
-0.634637
-0.634637
-0.635028
-0.635420
-0.635576
-0.635889
-0.635968
-0.636124
-0.636672
-0.636985
-0.637142
-0.637611
-0.637846
-0.637768
-0.638003
-0.638629
-0.638785
-0.638942
-0.639333
-0.639881
-0.639881
-0.640586
-0.640586
-0.640899
-0.641368
-0.641603
-0.641838
-0.641995
-0.642621
-0.642855
-0.643012
-0.643169
-0.643560
-0.643795
-0.644264
-0.644577
-0.644969
-0.645047
-0.645204
-0.645908
-0.645830
-0.646143
-0.646456
-0.646691
-0.647239
-0.647317
-0.647552
-0.647630
-0.647943
-0.648413
-0.648726
-0.649039
-0.649274
-0.649821
-0.650056
-0.650526
-0.650682
-0.650761
-0.651074
-0.651309
-0.651856
-0.652170
-0.652717
-0.652717
-0.653031
-0.653422
-0.653657
-0.653970
-0.653813
-0.654283
-0.654752
-0.654752
-0.655222
-0.655535
-0.655692
-0.655848
-0.655927
-0.656161
-0.656240
-0.656396
-0.656240
-0.656240
-0.656396
-0.655848
-0.655927
-0.655457
-0.655535
-0.655222
-0.655222
-0.654909
-0.654752
-0.654596
-0.654439
-0.654361
-0.653970
-0.653813
-0.653500
-0.653109
-0.652952
-0.652483
-0.652483
-0.652013
-0.651778
-0.651387
-0.651074
-0.650917
-0.650448
-0.650213
-0.650135
-0.649665
-0.649430
-0.648882
-0.648569
-0.648256
-0.647630
-0.647395
-0.647239
-0.647160
-0.646847
-0.646378
-0.646065
-0.645908
-0.645438
-0.645047
-0.644969
-0.644656
-0.644343
-0.644108
-0.643795
-0.643560
-0.642855
-0.642777
-0.642308
-0.642308
-0.641916
-0.641055
-0.640899
-0.640586
-0.640116
-0.639725
-0.639568
-0.639412
-0.639099
-0.638942
-0.638707
-0.638159
-0.637846
-0.637455
-0.636985
-0.636829
-0.636594
-0.636594
-0.636203
-0.635342
-0.635028
-0.634715
-0.634481
-0.634324
-0.634168
-0.633854
-0.633307
-0.632759
-0.632602
-0.632054
-0.631663
-0.631350
-0.631350
-0.630724
-0.630332
-0.629863
-0.629706
-0.629315
-0.628923
-0.628845
-0.628454
-0.628297
-0.627749
-0.627358
-0.627202
-0.627202
-0.626732
-0.626262
-0.625793
-0.625714
-0.625245
-0.624853
-0.624227
-0.624384
-0.623836
-0.623914
-0.623366
-0.622740
-0.622662
-0.622271
-0.622192
-0.621566
-0.621175
-0.621018
-0.620627
-0.620314
-0.620079
-0.619922
-0.619296
-0.619061
-0.618592
-0.618279
-0.617966
-0.617653
-0.617026
-0.616870
-0.616635
-0.616087
-0.615852
-0.615305
-0.615383
-0.614991
-0.614522
-0.614287
-0.613896
-0.613426
-0.613191
-0.613113
-0.612800
-0.612095
-0.612095
-0.611782
-0.611469
-0.611078
-0.610452
-0.610374
-0.609982
-0.609904
-0.609199
-0.609199
-0.609043
-0.608573
-0.608104
-0.607712
-0.607243
-0.607243
-0.606617
-0.606538
-0.606069
-0.606147
-0.605677
-0.605364
-0.604973
-0.604660
-0.604503
-0.604268
-0.603721
-0.603564
-0.603094
-0.602781
-0.602312
-0.601999
-0.601372
-0.601372
-0.600981
-0.600277
-0.599964
-0.599416
-0.599416
-0.598868
-0.598555
-0.598320
-0.598555
-0.598085
-0.597694
-0.597302
-0.597224
-0.596676
-0.596207
-0.596050
-0.595659
-0.595267
-0.594798
-0.594641
-0.594172
-0.593937
-0.593467
-0.593154
-0.592528
-0.592293
-0.592215
-0.592137
-0.591589
-0.591432
-0.591119
-0.590728
-0.590336
-0.589945
-0.589397
-0.589241
-0.589162
-0.588615
-0.588145
-0.587910
-0.587597
-0.587362
-0.586658
-0.586579
-0.586188
-0.585797
-0.585249
-0.585014
-0.584701
-0.584466
-0.583840
-0.583605
-0.583449
-0.582979
-0.582588
-0.582431
-0.581883
-0.581492
-0.581335
-0.581101
-0.581022
-0.580240
-0.580161
-0.579613
-0.579379
-0.578987
-0.578674
-0.578048
-0.578283
-0.577657
-0.577265
-0.577109
-0.576796
-0.576404
-0.575778
-0.575465
-0.575152
-0.574917
-0.574682
-0.574369
-0.574369
-0.573900
-0.573430
-0.573430
-0.572569
-0.572334
-0.571787
-0.571708
-0.571395
-0.571082
-0.570534
-0.570143
-0.570143
-0.569673
-0.569438
-0.569125
-0.568734
-0.568343
-0.568343
-0.567951
-0.567482
-0.566856
-0.567012
-0.566621
-0.566073
-0.565916
-0.565447
-0.564977
-0.564820
-0.564351
-0.564194
-0.563646
-0.563412
-0.563333
-0.562864
-0.562472
-0.562003
-0.561768
-0.561298
-0.560829
-0.560359
-0.560124
-0.559733
-0.559733
-0.559263
-0.559029
-0.558715
-0.558481
-0.558168
-0.557698
-0.557228
-0.556837
-0.556680
-0.556680
-0.556054
-0.555585
-0.555037
-0.555037
-0.554880
-0.554254
-0.554254
-0.553941
-0.553315
-0.553080
-0.552845
-0.552610
-0.551828
-0.551828
-0.551436
-0.551280
-0.550419
-0.550106
-0.550106
-0.549871
-0.549558
-0.548853
-0.548775
-0.548384
-0.548306
-0.547601
-0.547679
-0.547366
-0.546897
-0.546584
-0.546192
-0.545566
-0.545410
-0.545175
-0.544862
-0.544783
-0.544236
-0.544079
-0.544001
-0.543296
-0.542983
-0.542905
-0.542435
-0.542357
-0.541653
-0.541574
-0.541105
-0.540635
-0.540322
-0.540166
-0.539696
-0.539305
-0.538757
-0.538522
-0.538522
-0.538209
-0.537661
-0.537348
-0.537113
-0.537035
-0.536722
-0.536252
-0.535861
-0.535782
-0.535548
-0.535156
-0.534765
-0.534217
-0.533904
-0.533747
-0.533356
-0.532965
-0.532965
-0.532182
-0.532025
-0.531556
-0.531086
-0.531086
-0.530695
-0.530304
-0.529912
-0.529443
-0.529286
-0.529051
-0.528738
-0.528503
-0.528112
-0.527486
-0.527408
-0.526781
-0.526468
-0.525999
-0.525529
-0.525373
-0.525294
-0.524512
-0.524512
-0.524277
-0.523651
-0.523494
-0.523103
-0.522790
-0.522633
-0.522320
-0.521616
-0.521459
-0.521146
-0.520676
-0.520442
-0.519502
-0.519502
-0.519189
-0.518641
-0.518250
-0.518093
-0.517546
-0.517389
-0.517154
-0.516919
-0.516528
-0.516450
-0.515902
-0.515745
-0.515511
-0.515041
-0.514884
-0.514258
-0.514102
-0.513632
-0.513476
-0.513084
-0.512771
-0.512458
-0.511988
-0.511754
-0.511519
-0.511206
-0.510814
-0.510423
-0.510032
-0.509484
-0.509327
-0.509092
-0.508545
-0.508310
-0.507997
-0.507684
-0.507292
-0.507057
-0.506901
-0.506431
-0.505962
-0.505805
-0.505570
-0.505335
-0.504944
-0.504788
-0.504161
-0.504161
-0.503692
-0.503535
-0.503066
-0.502909
-0.502205
-0.501657
-0.501500
-0.501578
-0.500952
-0.500483
-0.500248
-0.500013
-0.499465
-0.498839
-0.498683
-0.498604
-0.498291
-0.497822
-0.497743
-0.497430
-0.497117
-0.496726
-0.496569
-0.496334
-0.495708
-0.495473
-0.495004
-0.494612
-0.494143
-0.493986
-0.493595
-0.493204
-0.493204
-0.492734
-0.492421
-0.492343
-0.491638
-0.491325
-0.491090
-0.490699
-0.490308
-0.489995
-0.489995
-0.489681
-0.489212
-0.488821
-0.488742
-0.488586
-0.488194
-0.487881
-0.487412
-0.487255
-0.487099
-0.486707
-0.486472
-0.485846
-0.485611
-0.485064
-0.484907
-0.484437
-0.484437
-0.483890
-0.483733
-0.483263
-0.483185
-0.482637
-0.482637
-0.482246
-0.481933
-0.481463
-0.481385
-0.480994
-0.480602
-0.480133
-0.479585
-0.479428
-0.478959
-0.478959
-0.478880
-0.478254
-0.478098
-0.477628
-0.477237
-0.476924
-0.476610
-0.476376
-0.476141
-0.475515
-0.475358
-0.475045
-0.474732
-0.474497
-0.474106
-0.473714
-0.473480
-0.473167
-0.472932
-0.472697
-0.472227
-0.471993
-0.471445
-0.470897
-0.470662
-0.470662
-0.470271
-0.469957
-0.469723
-0.469331
-0.468940
-0.468940
-0.468236
-0.467844
-0.467766
-0.467688
-0.467140
-0.466670
-0.466827
-0.466357
-0.466122
-0.465731
-0.465418
-0.464870
-0.464635
-0.464322
-0.464087
-0.463696
-0.463383
-0.462913
-0.462678
-0.462522
-0.461817
-0.461817
-0.461583
-0.461191
-0.460956
-0.460487
-0.460252
-0.459939
-0.459469
-0.459235
-0.458765
-0.458608
-0.458060
-0.457904
-0.457513
-0.457513
-0.456965
-0.456886
-0.456417
-0.456339
-0.455791
-0.455478
-0.454930
-0.454930
-0.454382
-0.454069
-0.453599
-0.453599
-0.453208
-0.453051
-0.452816
-0.452269
-0.452190
-0.451721
-0.451642
-0.451329
-0.451016
-0.450781
-0.450155
-0.449920
-0.449607
-0.449138
-0.449059
-0.448746
-0.448355
-0.448198
-0.447964
-0.447494
-0.447259
-0.446711
-0.446555
-0.446320
-0.446477
-0.445929
-0.445146
-0.445146
-0.444911
-0.444520
-0.444442
-0.443972
-0.443972
-0.443737
-0.443189
-0.443033
-0.442798
-0.441937
-0.441859
-0.441467
-0.440763
-0.440685
-0.440450
-0.439980
-0.439589
-0.439197
-0.438728
-0.438650
-0.438415
-0.438023
-0.437632
-0.437162
-0.436693
-0.436693
-0.436380
-0.436067
-0.435832
-0.435675
-0.435284
-0.434658
-0.434345
-0.434032
-0.433719
-0.433171
-0.432858
-0.432623
-0.432388
-0.432310
-0.431684
-0.431370
-0.431292
-0.431057
-0.430744
-0.430275
-0.430196
-0.429649
-0.429649
-0.428866
-0.428553
-0.428318
-0.428318
-0.427848
-0.427535
-0.427144
-0.426831
-0.426596
-0.426518
-0.426205
-0.425657
-0.425344
-0.424952
-0.424718
-0.424170
-0.423857
-0.423700
-0.423309
-0.422996
-0.422917
-0.422213
-0.422056
-0.421900
-0.421430
-0.421274
-0.420804
-0.420569
-0.420413
-0.419865
-0.419552
-0.419239
-0.418691
-0.418378
-0.418299
-0.417673
-0.417282
-0.417282
-0.417125
-0.416656
-0.416108
-0.415717
-0.415638
-0.415247
-0.414777
-0.414464
-0.414229
-0.413916
-0.413525
-0.413603
-0.412742
-0.412742
-0.412507
-0.412116
-0.411568
-0.411490
-0.411099
-0.410786
-0.410316
-0.410159
-0.409768
-0.409455
-0.409533
-0.409064
-0.408516
-0.408203
-0.408046
-0.407576
-0.407107
-0.406872
-0.406794
-0.406481
-0.406324
-0.405855
-0.405698
-0.405385
-0.404915
-0.404680
-0.404446
-0.403898
-0.403898
-0.403193
-0.403115
-0.402567
-0.402098
-0.402254
-0.401863
-0.401315
-0.401080
-0.400689
-0.400063
-0.399906
-0.399358
-0.398967
-0.398654
-0.398262
-0.398028
-0.397793
-0.397401
-0.397167
-0.396775
-0.396697
-0.396071
-0.395993
-0.395679
-0.394975
-0.394818
-0.394505
-0.394349
-0.394036
-0.393801
-0.393331
-0.392940
-0.392705
-0.392001
-0.391923
-0.391766
-0.391609
-0.390827
-0.390748
-0.390357
-0.390044
-0.389574
-0.389340
-0.389340
-0.389027
-0.388635
-0.388400
-0.388322
-0.387774
-0.387618
-0.387383
-0.386992
-0.386835
-0.386522
-0.386365
-0.386131
-0.385661
-0.385348
-0.385035
-0.385035
-0.384487
-0.384174
-0.383782
-0.383391
-0.383078
-0.382921
-0.382530
-0.382295
-0.381982
-0.381669
-0.381356
-0.381043
-0.380965
-0.380730
-0.380026
-0.379712
-0.379634
-0.379478
-0.378695
-0.378773
-0.378147
-0.377912
-0.377599
-0.377443
-0.377130
-0.376738
-0.376425
-0.376112
-0.375877
-0.375173
-0.375329
-0.375016
-0.374781
-0.374312
-0.373999
-0.373842
-0.373607
-0.373373
-0.372903
-0.372277
-0.372199
-0.371807
-0.371494
-0.371338
-0.371024
-0.370555
-0.370555
-0.369929
-0.369850
-0.369616
-0.369303
-0.369224
-0.368833
-0.368676
-0.368207
-0.367972
-0.367659
-0.367502
-0.367268
-0.366563
-0.366250
-0.366015
-0.365937
-0.365546
-0.365467
-0.365076
-0.364998
-0.364763
-0.364137
-0.363824
-0.363511
-0.363276
-0.362728
-0.362415
-0.362571
-0.362102
-0.361789
-0.361632
-0.361319
-0.361162
-0.360380
-0.360380
-0.359597
-0.359441
-0.358814
-0.358736
-0.358267
-0.357953
-0.357875
-0.357406
-0.357484
-0.356858
-0.356858
-0.356701
-0.356310
-0.355684
-0.355762
-0.355527
-0.355057
-0.354901
-0.354431
-0.353962
-0.353570
-0.353414
-0.352944
-0.352788
-0.352396
-0.352240
-0.352161
-0.351770
-0.351379
-0.350987
-0.350831
-0.350518
-0.350048
-0.349892
-0.349892
-0.349344
-0.349187
-0.348874
-0.348796
-0.348170
-0.347935
-0.347935
-0.347387
-0.347230
-0.346996
-0.346448
-0.346369
-0.345743
-0.346056
-0.345274
-0.344882
-0.344569
-0.344491
-0.344100
-0.343787
-0.343708
-0.343082
-0.343082
-0.342534
-0.342613
-0.342065
-0.341830
-0.341752
-0.341204
-0.340812
-0.340499
-0.340108
-0.339795
-0.339638
-0.339482
-0.339012
-0.338543
-0.338699
-0.338308
-0.337760
-0.337760
-0.337290
-0.336742
-0.336664
-0.336273
-0.336116
-0.335568
-0.335568
-0.335020
-0.334707
-0.334942
-0.334629
-0.334238
-0.333768
-0.333533
-0.333142
-0.332829
-0.332672
-0.332594
-0.332046
-0.331811
-0.331498
-0.331577
-0.330872
-0.330637
-0.330559
-0.330168
-0.330011
-0.329620
-0.329072
-0.328915
-0.328446
-0.328289
-0.328289
-0.327898
-0.327506
-0.327272
-0.326802
-0.326567
-0.326098
-0.326098
-0.325785
-0.325471
-0.325002
-0.324689
-0.324689
-0.324454
-0.323984
-0.323984
-0.323671
-0.323515
-0.323123
-0.322810
-0.322497
-0.321949
-0.321715
-0.321480
-0.321401
-0.320697
-0.320619
-0.320149
-0.320149
-0.319679
-0.319523
-0.318897
-0.318740
-0.318584
-0.318114
-0.317801
-0.317566
-0.317410
-0.317331
-0.316705
-0.316784
-0.316314
-0.316314
-0.315766
-0.315375
-0.315375
-0.314905
-0.314592
-0.314279
-0.314201
-0.313653
-0.313496
-0.313261
-0.313105
-0.312792
-0.312322
-0.312400
-0.311931
-0.311774
-0.311305
-0.310757
-0.310835
-0.310522
-0.310209
-0.310052
-0.309739
-0.309504
-0.309113
-0.308643
-0.308409
-0.308017
-0.307548
-0.307469
-0.307156
-0.307000
-0.306765
-0.306452
-0.306139
-0.305747
-0.305747
-0.305356
-0.304887
-0.304417
-0.304339
-0.304026
-0.303712
-0.303712
-0.303556
-0.303321
-0.302773
-0.303008
-0.302382
-0.302460
-0.301756
-0.301521
-0.300895
-0.300973
-0.300738
-0.300190
-0.300034
-0.299799
-0.299564
-0.299016
-0.299016
-0.298781
-0.298390
-0.297999
-0.297999
-0.297451
-0.297294
-0.296981
-0.297138
-0.296277
-0.296120
-0.296042
-0.295572
-0.295416
-0.295025
-0.294946
-0.294711
-0.294164
-0.293772
-0.293694
-0.293459
-0.293146
-0.292676
-0.292442
-0.292285
-0.291972
-0.291502
-0.291659
-0.291033
-0.290876
-0.290563
-0.290328
-0.290094
-0.289859
-0.289546
-0.289624
-0.289154
-0.288841
-0.288293
-0.288293
-0.287980
-0.288058
-0.287511
-0.287041
-0.286806
-0.286337
-0.286258
-0.285867
-0.285867
-0.285554
-0.285241
-0.284928
-0.284849
-0.284223
-0.283910
-0.283754
-0.283519
-0.283128
-0.282814
-0.282814
-0.282345
-0.282423
-0.282110
-0.281719
-0.281327
-0.280858
-0.280779
-0.280388
-0.280075
-0.279762
-0.279605
-0.279214
-0.278979
-0.278666
-0.278588
-0.278353
-0.278118
-0.277962
-0.277649
-0.277101
-0.276709
-0.276631
-0.276396
-0.276318
-0.276005
-0.275927
-0.275614
-0.275379
-0.274831
-0.274831
-0.274518
-0.274126
-0.273892
-0.273892
-0.273422
-0.273266
-0.273187
-0.273031
-0.272483
-0.272483
-0.272091
-0.271935
-0.271935
-0.271387
-0.270996
-0.270917
-0.270683
-0.270291
-0.269900
-0.269743
-0.269430
-0.269039
-0.268882
-0.268569
-0.268256
-0.268178
-0.267787
-0.267317
-0.267082
-0.266769
-0.266534
-0.266221
-0.266143
-0.265908
-0.265517
-0.265204
-0.265047
-0.264499
-0.264421
-0.264186
-0.264030
-0.263717
-0.263717
-0.263169
-0.263169
-0.262856
-0.262621
-0.262621
-0.262073
-0.261760
-0.261447
-0.261368
-0.261055
-0.260664
-0.260351
-0.260429
-0.260194
-0.260038
-0.259803
-0.259099
-0.258786
-0.258551
-0.258707
-0.258238
-0.257925
-0.257925
-0.257612
-0.257533
-0.257377
-0.256985
-0.256751
-0.256672
-0.256359
-0.255890
-0.255498
-0.255185
-0.255185
-0.254716
-0.254637
-0.254716
-0.254402
-0.253933
-0.253933
-0.253933
-0.253228
-0.253463
-0.252994
-0.252681
-0.252681
-0.252211
-0.252054
-0.251741
-0.251428
-0.251272
-0.250959
-0.250959
-0.250489
-0.250254
-0.250176
-0.250019
-0.249315
-0.249471
-0.249237
-0.249237
-0.248767
-0.248611
-0.248611
-0.248297
-0.247671
-0.247906
-0.247436
-0.247436
-0.247045
-0.246732
-0.246576
-0.246184
-0.246106
-0.245871
-0.245715
-0.245167
-0.245323
-0.245167
-0.244854
-0.244384
-0.244540
-0.244227
-0.244071
-0.243601
-0.243680
-0.243680
-0.243210
-0.242740
-0.242662
-0.242427
-0.242036
-0.241801
-0.241723
-0.241645
-0.241175
-0.241018
-0.240705
-0.240314
-0.240157
-0.240157
-0.239844
-0.239218
-0.239140
-0.239062
-0.238905
-0.238514
-0.238357
-0.238435
-0.237888
-0.237888
-0.237496
-0.237496
-0.237027
-0.237027
-0.236792
-0.236479
-0.236400
-0.235931
-0.235696
-0.235696
-0.235461
-0.235305
-0.234913
-0.234678
-0.234600
-0.234287
-0.233896
-0.233896
-0.233661
-0.233504
-0.233426
-0.233426
-0.233035
-0.232800
-0.232957
-0.232722
-0.232565
-0.232174
-0.232096
-0.231939
-0.231704
-0.231235
-0.231313
-0.231156
-0.230687
-0.230608
-0.230295
-0.230139
-0.230139
-0.229904
-0.229434
-0.229200
-0.229043
-0.228965
-0.228495
-0.228573
-0.228339
-0.228026
-0.227712
-0.227947
-0.227399
-0.227399
-0.227086
-0.226617
-0.226773
-0.226538
-0.226225
-0.226147
-0.225834
-0.225521
-0.225443
-0.225364
-0.225130
-0.224660
-0.224895
-0.224660
-0.224347
-0.224269
-0.223956
-0.223877
-0.223799
-0.223486
-0.223564
-0.223329
-0.223095
-0.223016
-0.222390
-0.222312
-0.222312
-0.221999
-0.221999
-0.221764
-0.221451
-0.221138
-0.221294
-0.221451
-0.220746
-0.220825
-0.220903
-0.220355
-0.220042
-0.219807
-0.219807
-0.219572
-0.219651
-0.219259
-0.219416
-0.219025
-0.218868
-0.218555
-0.218242
-0.218007
-0.217850
-0.217694
-0.217850
-0.217381
-0.217146
-0.217068
-0.217068
-0.216520
-0.216990
-0.216520
-0.216442
-0.215972
-0.215815
-0.215972
-0.215815
-0.215424
-0.215502
-0.215581
-0.215659
-0.215346
-0.215189
-0.214876
-0.214720
-0.214407
-0.214328
-0.214328
-0.214172
-0.214015
-0.214015
-0.213780
-0.213546
-0.213311
-0.213076
-0.212450
-0.212685
-0.212372
-0.212450
-0.212372
-0.211980
-0.212215
-0.212059
-0.211902
-0.211589
-0.211198
-0.210493
-0.210884
-0.210728
-0.210884
-0.211041
-0.210650
-0.210180
-0.210337
-0.210258
-0.210180
-0.209945
-0.210024
-0.209319
-0.209397
-0.209476
-0.209319
-0.209163
-0.208928
-0.209084
-0.209163
-0.209006
-0.209006
-0.208849
-0.208223
-0.207989
-0.207989
-0.207910
-0.207754
-0.207597
-0.207441
-0.207362
-0.207519
-0.207284
-0.207284
-0.206658
-0.206814
-0.206501
-0.206501
-0.206501
-0.206345
-0.206345
-0.206501
-0.206423
-0.206345
-0.205953
-0.205875
-0.205640
-0.205249
-0.205327
-0.205327
-0.204858
-0.204858
-0.205014
-0.205014
-0.204936
-0.204779
-0.204701
-0.204701
-0.204388
-0.204153
-0.204075
-0.204232
-0.203918
-0.204153
-0.203762
-0.203997
-0.203684
-0.203527
-0.203449
-0.203058
-0.203214
-0.203058
-0.202666
-0.202901
-0.202979
-0.202666
-0.202823
-0.202823
-0.202666
-0.202353
-0.202118
-0.202353
-0.201883
-0.202040
-0.202118
-0.202040
-0.201883
-0.201962
-0.201883
-0.201962
-0.201570
-0.201492
-0.201101
-0.200866
-0.201179
-0.200788
-0.200944
-0.200631
-0.201101
-0.201179
-0.200788
-0.200553
-0.200240
-0.200005
-0.200240
-0.199848
-0.199770
-0.199927
-0.200162
-0.200396
-0.200396
-0.200318
-0.199927
-0.199927
-0.199770
-0.199457
-0.199535
-0.199301
-0.199457
-0.199144
-0.199457
-0.199614
-0.199457
-0.199144
-0.199222
-0.199222
-0.199066
-0.198987
-0.198596
-0.199066
-0.198831
-0.199066
-0.198909
-0.198987
-0.199066
-0.198674
-0.199066
-0.198674
-0.198909
-0.198596
-0.198909
-0.198674
-0.198518
-0.198987
-0.198674
-0.198909
-0.198440
-0.198518
-0.198361
-0.198048
-0.198283
-0.198361
-0.198283
-0.198518
-0.198674
-0.198753
-0.198909
-0.198753
-0.198831
-0.198596
-0.198518
-0.198753
-0.198753
-0.198596
-0.198596
-0.198518
-0.198440
-0.198440
-0.198518
-0.198674
-0.198831
-0.198596
-0.198440
-0.198909
-0.198283
-0.198440
-0.198518
-0.198518
-0.198753
-0.198987
-0.198674
-0.198674
-0.198518
-0.198361
-0.198205
-0.198987
-0.198518
-0.198518
-0.198361
-0.198674
-0.198753
-0.198674
-0.198831
-0.198674
-0.198987
-0.198753
-0.198909
-0.198909
-0.198909
-0.198831
-0.198753
-0.199066
-0.199222
-0.199301
-0.198909
-0.198909
-0.199144
-0.198909
-0.199144
-0.199144
-0.199066
-0.199301
-0.199535
-0.199457
-0.199457
-0.199770
-0.199457
-0.199614
-0.199301
-0.199848
-0.200240
-0.199692
-0.199457
-0.199457
-0.199848
-0.200162
-0.200005
-0.199614
-0.200005
-0.199848
-0.199927
-0.200553
-0.200083
-0.200083
-0.200162
-0.200475
-0.200005
-0.200083
-0.200318
-0.200318
-0.200005
-0.200240
-0.200475
-0.200631
-0.200318
-0.200475
-0.200396
-0.200318
-0.200553
-0.200553
-0.200475
-0.201101
-0.201101
-0.201022
-0.201101
-0.201101
-0.201022
-0.201101
-0.201257
-0.201570
-0.201414
-0.201570
-0.201414
-0.201492
-0.201492
-0.202040
-0.201414
-0.201962
-0.202197
-0.201883
-0.201883
-0.202040
-0.202353
-0.202197
-0.202510
-0.202510
-0.202979
-0.202744
-0.202666
-0.202744
-0.202666
-0.202666
-0.202901
-0.202666
-0.202588
-0.202979
-0.203292
-0.203214
-0.203292
-0.203371
-0.203214
-0.203605
-0.203214
-0.203371
-0.203214
-0.203527
-0.203605
-0.203918
-0.203684
-0.203605
-0.203762
-0.203684
-0.203527
-0.203684
-0.203605
-0.203918
-0.203997
-0.204388
-0.204388
-0.204310
-0.204466
-0.204388
-0.204388
-0.204310
-0.204466
-0.204623
-0.204545
-0.204388
-0.204936
-0.204779
-0.205093
-0.204623
-0.204858
-0.204701
-0.204858
-0.205014
-0.205014
-0.204936
-0.205093
-0.205484
-0.205093
-0.205406
-0.205327
-0.205249
-0.205327
-0.205327
-0.205640
-0.205406
-0.205171
-0.205249
-0.205327
-0.205797
-0.205327
-0.205484
-0.205484
-0.205640
-0.205484
-0.205640
-0.205406
-0.205406
-0.205327
-0.205640
-0.205875
-0.205797
-0.205875
-0.205953
-0.205875
-0.205875
-0.205719
-0.205797
-0.205797
-0.205484
-0.205875
-0.205875
-0.206267
-0.206032
-0.206032
-0.205484
-0.205484
-0.205640
-0.205640
-0.205719
-0.205640
-0.205875
-0.205719
-0.206032
-0.205875
-0.205562
-0.205562
-0.205484
-0.205406
-0.205406
-0.204936
-0.205171
-0.205562
-0.205249
-0.205249
-0.205171
-0.205171
-0.205249
-0.205327
-0.204936
-0.204779
-0.204623
-0.204779
-0.205014
-0.204858
-0.204779
-0.204858
-0.204545
-0.204310
-0.204388
-0.204075
-0.204153
-0.203840
-0.203997
-0.204310
-0.204075
-0.203840
-0.203762
-0.203449
-0.203449
-0.203371
-0.203214
-0.202901
-0.203292
-0.203058
-0.203058
-0.202901
-0.202744
-0.202275
-0.202118
-0.202275
-0.202197
-0.201883
-0.202118
-0.201492
-0.201336
-0.201336
-0.201414
-0.201179
-0.201022
-0.200631
-0.200318
-0.200396
-0.199770
-0.199927
-0.199927
-0.199692
-0.199222
-0.199066
-0.199144
-0.198518
-0.198440
-0.198361
-0.198048
-0.197813
-0.197500
-0.197579
-0.197422
-0.197109
-0.197109
-0.196639
-0.196483
-0.196170
-0.195935
-0.195622
-0.195387
-0.195152
-0.195152
-0.194761
-0.194761
-0.194526
-0.194135
-0.193978
-0.193509
-0.192961
-0.193039
-0.193039
-0.192804
-0.192178
-0.192021
-0.192021
-0.191708
-0.191082
-0.190926
-0.190378
-0.190221
-0.189517
-0.189673
-0.189282
-0.189047
-0.188578
-0.188343
-0.187951
-0.187482
-0.186856
-0.186699
-0.186151
-0.186151
-0.185760
-0.185290
-0.185212
-0.184977
-0.184742
-0.184351
-0.183960
-0.183334
-0.183099
-0.182864
-0.182238
-0.181846
-0.181455
-0.180985
-0.181142
-0.180516
-0.179733
-0.179342
-0.178716
-0.178403
-0.178168
-0.177698
-0.177385
-0.176759
-0.176681
-0.175976
-0.175976
-0.175428
-0.175037
-0.174019
-0.173785
-0.173472
-0.173002
-0.172532
-0.172376
-0.171828
-0.171280
-0.171358
-0.170184
-0.169558
-0.169167
-0.168697
-0.168149
-0.167836
-0.167445
-0.167132
-0.166662
-0.166036
-0.165801
-0.164784
-0.164236
-0.163688
-0.163062
-0.162827
-0.162279
-0.161809
-0.161653
-0.160870
-0.160400
-0.159461
-0.158600
-0.158131
-0.157661
-0.157113
-0.156565
-0.155861
-0.155391
-0.154843
-0.154687
-0.153904
-0.153200
-0.152260
-0.151947
-0.151243
-0.150930
-0.150225
-0.149834
-0.148973
-0.148973
-0.148425
-0.147486
-0.146860
-0.146312
-0.145686
-0.145216
-0.144512
-0.143964
-0.143572
-0.142946
-0.142477
-0.141694
-0.140990
-0.140207
-0.139659
-0.138876
-0.138485
-0.137780
-0.137076
-0.136763
-0.136059
-0.135902
-0.135119
-0.134024
-0.133084
-0.132693
-0.131989
-0.131675
-0.130971
-0.130267
-0.129797
-0.129327
-0.128779
-0.127762
-0.127058
-0.126353
-0.125727
-0.125492
-0.124553
-0.123848
-0.123535
-0.123066
-0.122127
-0.121579
-0.120326
-0.119700
-0.118917
-0.118370
-0.117509
-0.116961
-0.116413
-0.115787
-0.115239
-0.114456
-0.113830
-0.112734
-0.112030
-0.111795
-0.111169
-0.110699
-0.109682
-0.109055
-0.108351
-0.107881
-0.107412
-0.105768
-0.105142
-0.104594
-0.104281
-0.103655
-0.102794
-0.101933
-0.101307
-0.101072
-0.099976
-0.098959
-0.098176
-0.097706
-0.097002
-0.096611
-0.096141
-0.095358
-0.094419
-0.093636
-0.093323
-0.092227
-0.091210
-0.090819
-0.090427
-0.089410
-0.088940
-0.088236
-0.087531
-0.086827
-0.086592
-0.085496
-0.084400
-0.083696
-0.083148
-0.082679
-0.081974
-0.081113
-0.080096
-0.079469
-0.078843
-0.077669
-0.076808
-0.075869
-0.075321
-0.074930
-0.074304
-0.073364
-0.072425
-0.071799
-0.071173
-0.070547
-0.069451
-0.068825
-0.068199
-0.067807
-0.066946
-0.066477
-0.065381
-0.064755
-0.064050
-0.063268
-0.062328
-0.061702
-0.061467
-0.060763
-0.060215
-0.058963
-0.058337
-0.057476
-0.056771
-0.056067
-0.055128
-0.054736
-0.053797
-0.053484
-0.052858
-0.052310
-0.051214
-0.050823
-0.050040
-0.049336
-0.048240
-0.047614
-0.047066
-0.046753
-0.046205
-0.045187
-0.044639
-0.043857
-0.042839
-0.042448
-0.041430
-0.041039
-0.040256
-0.039161
-0.039161
-0.038456
-0.037673
-0.036969
-0.036108
-0.035404
-0.034777
-0.033916
-0.033134
-0.032899
-0.032116
-0.031803
-0.030707
-0.030081
-0.029220
-0.028516
-0.027498
-0.026872
-0.026403
-0.025933
-0.025385
-0.024837
-0.024211
-0.022959
-0.022646
-0.021785
-0.021237
-0.020454
-0.019750
-0.019123
-0.018967
-0.018341
-0.017715
-0.016697
-0.015836
-0.015367
-0.014819
-0.013801
-0.013097
-0.012784
-0.012236
-0.011688
-0.011297
-0.010122
-0.009653
-0.009027
-0.008401
-0.007305
-0.006757
-0.006366
-0.005818
-0.005426
-0.004644
-0.004017
-0.003313
-0.002765
-0.002061
-0.001200
-0.000887
-0.000495
-0.000182
0.000522
0.000992
0.001853
0.002636
0.003183
0.004123
0.004749
0.005297
0.005845
0.006314
0.006706
0.007332
0.008036
0.008819
0.009523
0.010306
0.010932
0.011402
0.012028
0.012419
0.012967
0.013515
0.014141
0.015080
0.015707
0.016646
0.017115
0.017742
0.018446
0.018446
0.019150
0.019542
0.020324
0.020951
0.021420
0.022438
0.022829
0.023534
0.024081
0.024395
0.024708
0.025490
0.026273
0.026977
0.027760
0.028543
0.028856
0.029482
0.030186
0.030734
0.031204
0.031439
0.032378
0.032926
0.033630
0.034178
0.034804
0.035274
0.035900
0.036213
0.036526
0.036918
0.037622
0.038561
0.039422
0.040048
0.040440
0.041379
0.041692
0.042240
0.042944
0.043336
0.043727
0.044666
0.045527
0.045919
0.046545
0.046701
0.047641
0.047954
0.048658
0.048971
0.049284
0.050145
0.051085
0.051476
0.052102
0.052650
0.053120
0.053824
0.054215
0.054685
0.054998
0.055859
0.056798
0.057346
0.057346
0.058442
0.058911
0.059303
0.060086
0.060164
0.060790
0.061729
0.062434
0.062982
0.063451
0.064077
0.064156
0.064860
0.065095
0.065878
0.066191
0.067286
0.067599
0.068460
0.068852
0.069165
0.069713
0.070417
0.070887
0.070730
0.071591
0.072296
0.072922
0.073313
0.074174
0.074409
0.075113
0.075583
0.076209
0.076444
0.077070
0.077540
0.078714
0.079262
0.080123
0.080123
0.080827
0.081297
0.082001
0.082314
0.082706
0.083175
0.083958
0.084584
0.084819
0.085288
0.085758
0.086306
0.087089
0.087010
0.087637
0.088341
0.088889
0.089515
0.090141
0.090689
0.091002
0.091393
0.092333
0.092489
0.092881
0.093428
0.094603
0.095072
0.095542
0.095777
0.096090
0.097029
0.097342
0.097890
0.098125
0.098907
0.099377
0.100081
0.100473
0.101177
0.101490
0.102195
0.102586
0.103134
0.103525
0.103917
0.104778
0.105325
0.105639
0.105795
0.106500
0.107204
0.107752
0.107987
0.108613
0.108926
0.109630
0.110178
0.110648
0.111117
0.111274
0.111665
0.112135
0.112683
0.113152
0.113544
0.114170
0.114796
0.114796
0.115501
0.116048
0.116596
0.117301
0.117614
0.118005
0.118710
0.119258
0.119649
0.119805
0.120432
0.120745
0.121214
0.121606
0.122310
0.122701
0.123249
0.123954
0.124580
0.125206
0.125128
0.125441
0.126224
0.126693
0.127006
0.127554
0.128259
0.128728
0.129198
0.129354
0.129824
0.130372
0.130998
0.131389
0.131702
0.132329
0.132798
0.133190
0.133581
0.133816
0.134364
0.134833
0.135225
0.135851
0.136007
0.136555
0.137103
0.137416
0.137729
0.137964
0.138355
0.138668
0.139529
0.139999
0.140234
0.141017
0.141799
0.141877
0.142191
0.143052
0.143286
0.143599
0.144460
0.144852
0.145008
0.145869
0.145869
0.146495
0.146730
0.147122
0.147513
0.147983
0.148452
0.149078
0.149078
0.149861
0.150174
0.150722
0.150800
0.151505
0.151739
0.152131
0.152757
0.153070
0.153461
0.153853
0.154557
0.154870
0.154949
0.155183
0.155809
0.156201
0.156827
0.156905
0.157610
0.158001
0.158392
0.158705
0.159175
0.159488
0.159958
0.160897
0.161132
0.161758
0.161758
0.162306
0.162776
0.163089
0.163636
0.163793
0.164263
0.164889
0.165437
0.165750
0.166376
0.166454
0.166846
0.167237
0.167628
0.168020
0.168098
0.168881
0.169194
0.169507
0.170133
0.170681
0.171072
0.171385
0.171855
0.171542
0.172324
0.173107
0.173655
0.173890
0.174125
0.174594
0.174594
0.174986
0.175612
0.176003
0.176551
0.177021
0.177255
0.177803
0.178195
0.178508
0.179056
0.178899
0.179447
0.180230
0.180543
0.181169
0.181247
0.181404
0.182108
0.182499
0.182891
0.183282
0.183517
0.183987
0.184613
0.185239
0.185395
0.186256
0.186648
0.186804
0.187117
0.187352
0.187665
0.187978
0.188683
0.188918
0.189231
0.189700
0.190013
0.190640
0.191031
0.191422
0.191579
0.192127
0.192988
0.193144
0.193301
0.194005
0.194240
0.194866
0.195179
0.195571
0.195492
0.196353
0.196588
0.197292
0.197606
0.197919
0.198388
0.198780
0.199093
0.199641
0.199797
0.200736
0.201206
0.201676
0.202145
0.202537
0.202850
0.203241
0.203241
0.203711
0.204024
0.204650
0.204572
0.205511
0.205746
0.206215
0.206607
0.207154
0.206920
0.207624
0.207781
0.208250
0.209268
0.209268
0.209503
0.210129
0.210442
0.210833
0.211146
0.211459
0.211929
0.212712
0.212946
0.213573
0.213964
0.214277
0.214590
0.214903
0.215295
0.215608
0.215921
0.216547
0.216860
0.217173
0.217721
0.218191
0.218425
0.218895
0.219130
0.219678
0.220304
0.220617
0.221165
0.221556
0.221869
0.222417
0.222887
0.222965
0.223200
0.223591
0.224217
0.224452
0.224922
0.225235
0.225470
0.226096
0.226487
0.226722
0.227270
0.227661
0.228053
0.228522
0.228913
0.229305
0.229461
0.229540
0.230322
0.230479
0.230557
0.231340
0.231809
0.232279
0.232514
0.232984
0.233375
0.233610
0.234001
0.234314
0.234627
0.235097
0.235253
0.235723
0.236114
0.236349
0.236819
0.237445
0.237445
0.238149
0.238462
0.238462
0.239245
0.239950
0.240106
0.240341
0.240810
0.241358
0.241515
0.241750
0.242219
0.242532
0.243002
0.243393
0.243706
0.243863
0.244098
0.244646
0.244959
0.245350
0.245820
0.245820
0.246289
0.246759
0.247150
0.247385
0.247698
0.248090
0.248403
0.248716
0.248872
0.249498
0.249812
0.250438
0.250359
0.250986
0.251612
0.251690
0.252081
0.252394
0.252864
0.253255
0.253412
0.253882
0.254351
0.254586
0.254743
0.255212
0.255525
0.255995
0.256230
0.256543
0.256856
0.257091
0.257404
0.257952
0.258108
0.258578
0.258813
0.259204
0.259674
0.259908
0.259987
0.260534
0.261004
0.261395
0.261787
0.261709
0.262491
0.263117
0.263117
0.263665
0.263744
0.264213
0.264370
0.264526
0.265309
0.265465
0.265700
0.265935
0.266248
0.266405
0.267109
0.267657
0.267892
0.267892
0.268596
0.268988
0.269144
0.269614
0.269849
0.269927
0.270788
0.271179
0.271414
0.271805
0.271962
0.272197
0.272745
0.272979
0.273449
0.273762
0.273997
0.274467
0.274858
0.275249
0.275484
0.275954
0.276110
0.276267
0.276736
0.277128
0.277597
0.277910
0.278145
0.278458
0.278928
0.279319
0.279476
0.279789
0.280180
0.280728
0.281433
0.281511
0.281902
0.282450
0.282528
0.283076
0.283154
0.283546
0.284015
0.284250
0.284798
0.285503
0.285737
0.285972
0.286129
0.286598
0.286990
0.287303
0.287616
0.288007
0.288633
0.288790
0.289259
0.289651
0.289651
0.290120
0.290199
0.290747
0.291216
0.291686
0.291842
0.292625
0.292782
0.292938
0.293486
0.293799
0.294269
0.294269
0.295286
0.295365
0.295678
0.296069
0.296304
0.296695
0.297321
0.297400
0.297947
0.298261
0.298730
0.299043
0.299435
0.300061
0.300139
0.300296
0.300687
0.300922
0.301861
0.302174
0.302644
0.303035
0.303348
0.303192
0.303739
0.304052
0.304209
0.304522
0.304835
0.305618
0.305931
0.306166
0.306166
0.306792
0.306948
0.307183
0.307653
0.308123
0.308514
0.308749
0.309218
0.309453
0.309766
0.310079
0.310627
0.310862
0.311253
0.311645
0.312271
0.312506
0.312740
0.313210
0.313680
0.313836
0.313993
0.314149
0.314541
0.315089
0.315793
0.315636
0.316184
0.316497
0.316654
0.317202
0.317750
0.318063
0.318376
0.318767
0.318924
0.319237
0.319472
0.320411
0.320411
0.320880
0.321115
0.321663
0.321820
0.322446
0.322681
0.323072
0.323385
0.323307
0.323855
0.324090
0.324481
0.324716
0.325342
0.325655
0.326046
0.326203
0.326672
0.326751
0.327299
0.327533
0.327847
0.328316
0.328551
0.329021
0.329177
0.329568
0.329882
0.329960
0.330351
0.330742
0.330977
0.331447
0.331760
0.332308
0.332543
0.332699
0.332934
0.333482
0.333482
0.334108
0.334265
0.334813
0.334813
0.334891
0.335595
0.335987
0.336300
0.336300
0.336378
0.336926
0.337395
0.337552
0.337943
0.338256
0.338804
0.339117
0.339039
0.339509
0.339744
0.340370
0.340213
0.340604
0.341152
0.341544
0.341700
0.342013
0.342326
0.342953
0.342953
0.343031
0.343422
0.343657
0.344283
0.344440
0.344518
0.344988
0.345457
0.345692
0.346162
0.346396
0.346710
0.346866
0.347101
0.347414
0.347570
0.348118
0.348431
0.348666
0.349058
0.349292
0.349371
0.349997
0.350388
0.350545
0.350623
0.351327
0.351562
0.351875
0.352110
0.352580
0.352971
0.353284
0.353676
0.353597
0.353910
0.353989
0.354458
0.354928
0.355163
0.355319
0.355711
0.356337
0.356728
0.356728
0.357198
0.357432
0.357589
0.358059
0.358450
0.358685
0.358920
0.359311
0.359781
0.360015
0.360485
0.360485
0.360876
0.361659
0.361659
0.362050
0.362520
0.362677
0.363381
0.363303
0.363851
0.364085
0.364555
0.364946
0.365181
0.365416
0.365573
0.365729
0.366199
0.366512
0.366825
0.367216
0.367608
0.367686
0.368234
0.368390
0.368782
0.368938
0.369329
0.369486
0.369564
0.370269
0.370738
0.371286
0.371286
0.371834
0.371991
0.372382
0.372617
0.373008
0.373400
0.373400
0.374260
0.374026
0.374495
0.374965
0.374887
0.375121
0.375826
0.376217
0.376296
0.376922
0.377470
0.377391
0.377783
0.378017
0.378174
0.378487
0.379113
0.379191
0.379505
0.380209
0.380131
0.380913
0.381227
0.381383
0.381774
0.382087
0.382557
0.382948
0.383418
0.383809
0.383575
0.384436
0.384827
0.384983
0.385062
0.385218
0.385766
0.386079
0.386392
0.386471
0.387097
0.387175
0.387645
0.387645
0.387958
0.388427
0.388662
0.389210
0.389601
0.390071
0.390149
0.390619
0.391088
0.391088
0.391245
0.391793
0.392341
0.392576
0.392889
0.393202
0.393671
0.393593
0.393828
0.394219
0.394454
0.394689
0.395002
0.395628
0.395863
0.396411
0.396567
0.396724
0.396880
0.397194
0.397428
0.398289
0.398211
0.398759
0.398915
0.399620
0.399229
0.399698
0.400168
0.400559
0.400950
0.401498
0.401655
0.402281
0.402438
0.402751
0.402829
0.403299
0.403455
0.403768
0.404081
0.404473
0.404629
0.404942
0.405334
0.405725
0.405960
0.406195
0.406664
0.406899
0.407212
0.407760
0.407917
0.408073
0.408699
0.408699
0.409012
0.409247
0.409795
0.409873
0.410578
0.410734
0.410969
0.411517
0.411595
0.411908
0.411908
0.412534
0.413161
0.413082
0.413239
0.413787
0.414100
0.414256
0.414648
0.414883
0.415117
0.415587
0.415978
0.416057
0.416370
0.416761
0.417074
0.417465
0.417387
0.417778
0.418248
0.418405
0.418639
0.419031
0.419422
0.419657
0.419892
0.419892
0.420518
0.420831
0.421379
0.421457
0.421927
0.422083
0.422396
0.422553
0.422788
0.423179
0.423179
0.423727
0.423649
0.424197
0.424510
0.424823
0.425292
0.425527
0.425762
0.425840
0.426232
0.426388
0.426780
0.426936
0.427406
0.427797
0.427797
0.427875
0.428110
0.428736
0.429049
0.429206
0.429441
0.430145
0.430145
0.430536
0.430536
0.430536
0.431084
0.431632
0.432102
0.432102
0.432571
0.432650
0.433041
0.433041
0.433276
0.433589
0.433902
0.434215
0.434450
0.434920
0.434998
0.435389
0.435467
0.435702
0.436015
0.436094
0.436798
0.437033
0.437502
0.437816
0.437972
0.438129
0.438129
0.438442
0.438911
0.439224
0.439616
0.440007
0.440242
0.440633
0.440868
0.441103
0.441573
0.441964
0.442120
0.442277
0.442903
0.443216
0.443138
0.443608
0.444077
0.444077
0.444155
0.444547
0.444782
0.445095
0.445564
0.445721
0.446112
0.446190
0.446425
0.446660
0.446817
0.447364
0.447756
0.447991
0.448460
0.448695
0.449008
0.449243
0.449321
0.449478
0.449713
0.450104
0.450339
0.450808
0.451121
0.451435
0.451748
0.452295
0.452139
0.452530
0.452922
0.452922
0.453626
0.453861
0.454565
0.454722
0.454957
0.455348
0.455270
0.455426
0.456052
0.456444
0.456757
0.456992
0.457305
0.457305
0.457540
0.457853
0.458244
0.458557
0.458714
0.459418
0.459575
0.459653
0.460201
0.460357
0.460827
0.461297
0.461531
0.461531
0.462079
0.462392
0.463018
0.462862
0.463253
0.463488
0.463566
0.463958
0.464036
0.464349
0.464740
0.465288
0.465367
0.465680
0.466071
0.466306
0.466462
0.466697
0.467167
0.467480
0.467793
0.468028
0.468106
0.468497
0.469045
0.469437
0.469671
0.469750
0.470298
0.470298
0.470767
0.470924
0.471393
0.471550
0.471472
0.471863
0.472333
0.472333
0.473037
0.473350
0.473820
0.474133
0.474211
0.474446
0.474915
0.474994
0.475072
0.475620
0.475933
0.476168
0.476559
0.476872
0.477185
0.477264
0.477655
0.478046
0.478438
0.478516
0.478751
0.479142
0.479455
0.479377
0.480003
0.480473
0.480316
0.481020
0.481568
0.481568
0.481881
0.482273
0.482821
0.482508
0.482977
0.483290
0.483682
0.483760
0.484308
0.484621
0.484934
0.484934
0.484934
0.485404
0.485560
0.485873
0.486265
0.486499
0.487047
0.487360
0.487987
0.488065
0.488221
0.488613
0.488847
0.489082
0.489630
0.489865
0.490022
0.490491
0.490726
0.490882
0.490804
0.491352
0.491822
0.492213
0.492370
0.492526
0.492604
0.492996
0.493622
0.493622
0.493857
0.494248
0.494639
0.494874
0.495031
0.495500
0.495500
0.495813
0.496048
0.496518
0.496831
0.496988
0.497066
0.497614
0.497770
0.498240
0.498240
0.498631
0.499179
0.499336
0.499962
0.500197
0.500510
0.500588
0.500901
0.500823
0.501214
0.501762
0.501840
0.502466
0.502388
0.502623
0.503014
0.503249
0.503719
0.503640
0.503797
0.504110
0.504501
0.504658
0.504971
0.505441
0.505362
0.505675
0.505989
0.505989
0.506380
0.507006
0.506850
0.507476
0.507710
0.507789
0.508024
0.508337
0.508571
0.508650
0.509119
0.509511
0.509667
0.510059
0.509980
0.510685
0.510998
0.511546
0.511702
0.511859
0.512250
0.512407
0.512563
0.512955
0.513268
0.513424
0.513737
0.514050
0.514520
0.514990
0.514677
0.515224
0.515537
0.515537
0.515694
0.516398
0.516790
0.516712
0.516946
0.517259
0.517651
0.517964
0.518120
0.518590
0.518668
0.518981
0.519451
0.519608
0.519842
0.519764
0.520468
0.520547
0.521329
0.521564
0.521956
0.522269
0.522425
0.522738
0.523130
0.523443
0.523599
0.523991
0.524225
0.523991
0.524617
0.524852
0.525556
0.525478
0.525869
0.526417
0.526730
0.526808
0.527043
0.527513
0.527591
0.527982
0.528217
0.528530
0.528687
0.528922
0.529548
0.529626
0.529548
0.530174
0.530174
0.530409
0.531035
0.531270
0.531270
0.531505
0.531974
0.532287
0.532992
0.532835
0.533148
0.533226
0.533383
0.534009
0.534322
0.534557
0.534714
0.535340
0.535418
0.535575
0.535888
0.535966
0.536592
0.536905
0.537296
0.537610
0.538001
0.538314
0.538314
0.538392
0.538862
0.539253
0.539331
0.539958
0.540036
0.540584
0.540740
0.540975
0.541132
0.541445
0.542071
0.542227
0.542697
0.543010
0.543088
0.543480
0.543558
0.543949
0.544028
0.544654
0.544810
0.545202
0.545593
0.545671
0.545671
0.545984
0.546219
0.546376
0.546924
0.547393
0.547628
0.547785
0.548254
0.548489
0.548567
0.548567
0.549272
0.549663
0.549976
0.550133
0.550368
0.550759
0.551228
0.551620
0.551776
0.551855
0.552246
0.552637
0.553185
0.553107
0.553420
0.553968
0.553890
0.554281
0.554359
0.554907
0.554985
0.555612
0.555846
0.556159
0.556551
0.556629
0.557020
0.556864
0.557490
0.557647
0.558038
0.558273
0.558664
0.558899
0.559055
0.559212
0.559369
0.559838
0.560308
0.560699
0.561012
0.561090
0.561482
0.562108
0.561638
0.562030
0.562108
0.562734
0.563360
0.563673
0.563986
0.564378
0.564456
0.564534
0.564926
0.565239
0.565317
0.565865
0.565865
0.566256
0.566804
0.567039
0.567352
0.567274
0.567665
0.568135
0.568370
0.568683
0.568839
0.569309
0.569544
0.569622
0.569622
0.569700
0.570248
0.570952
0.571266
0.571422
0.571892
0.571813
0.572048
0.572205
0.572831
0.573066
0.573535
0.573770
0.573848
0.574240
0.574396
0.574553
0.574553
0.574788
0.575257
0.575570
0.575727
0.576118
0.576275
0.576588
0.576666
0.576979
0.577449
0.577449
0.577840
0.578623
0.578466
0.578701
0.579014
0.579014
0.579014
0.579484
0.579797
0.580423
0.580736
0.580580
0.580736
0.580814
0.581128
0.581597
0.581832
0.582302
0.582849
0.583084
0.583163
0.583319
0.583476
0.583945
0.584024
0.584337
0.584571
0.585119
0.585354
0.585511
0.585745
0.586059
0.586293
0.586372
0.586841
0.587389
0.587702
0.587780
0.588015
0.588015
0.588094
0.588563
0.588876
0.588798
0.589268
0.589424
0.589659
0.589972
0.590442
0.590520
0.590676
0.590833
0.591459
0.592085
0.592242
0.592398
0.592555
0.592477
0.592868
0.593025
0.593103
0.593338
0.593494
0.593729
0.594277
0.594355
0.594668
0.595138
0.595294
0.595138
0.595451
0.596077
0.596234
0.596703
0.597251
0.596860
0.597173
0.597877
0.597956
0.598112
0.598503
0.598817
0.599130
0.599208
0.599599
0.599912
0.600147
0.600304
0.600538
0.600930
0.601321
0.601713
0.602026
0.602104
0.602339
0.602652
0.603121
0.602965
0.603356
0.603669
0.603982
0.604139
0.604765
0.604922
0.605156
0.605313
0.605548
0.605861
0.606017
0.606487
0.606487
0.607035
0.607191
0.607348
0.607818
0.608131
0.608365
0.608365
0.608835
0.608913
0.609305
0.609539
0.610087
0.610166
0.610792
0.611183
0.610948
0.611183
0.611496
0.612201
0.612279
0.612749
0.612905
0.613062
0.613140
0.613531
0.613844
0.614079
0.614392
0.614862
0.615097
0.615488
0.615488
0.615723
0.615879
0.616114
0.616584
0.616662
0.616662
0.617288
0.617445
0.617680
0.618071
0.618227
0.618619
0.618619
0.618854
0.619558
0.619793
0.620028
0.620184
0.620419
0.620732
0.620810
0.621123
0.621123
0.621828
0.622063
0.622219
0.622532
0.623080
0.623002
0.623158
0.623315
0.623706
0.624019
0.624332
0.624724
0.625115
0.624880
0.625115
0.625350
0.625585
0.626054
0.626367
0.626759
0.627385
0.626915
0.627463
0.627698
0.627620
0.628089
0.628481
0.628872
0.629342
0.629498
0.629655
0.629968
0.629968
0.630203
0.630124
0.630281
0.631064
0.631846
0.632394
0.632238
0.632394
0.632473
0.632864
0.633099
0.633177
0.633647
0.634194
0.634273
0.634586
0.634821
0.634977
0.634977
0.635134
0.635603
0.636151
0.636699
0.636856
0.637090
0.637404
0.637247
0.637638
0.637873
0.638265
0.638499
0.639125
0.639125
0.639517
0.639439
0.639908
0.639908
0.640300
0.640691
0.641239
0.641395
0.641787
0.641865
0.641708
0.641865
0.642413
0.642413
0.643274
0.643196
0.643587
0.643509
0.644135
0.643978
0.643900
0.644213
0.644526
0.644996
0.645309
0.645622
0.645700
0.646248
0.646248
0.646561
0.646561
0.646874
0.647344
0.647657
0.647892
0.648205
0.648205
0.648440
0.648127
0.648753
0.648987
0.649614
0.650005
0.650318
0.650396
0.650866
0.650709
0.651101
0.651492
0.651570
0.652118
0.652275
0.652431
0.652744
0.652901
0.652823
0.652979
0.653527
0.653840
0.654232
0.654466
0.654701
0.654779
0.655249
0.655249
0.655327
0.655640
0.656110
0.656736
0.657049
0.657049
0.657128
0.657675
0.657675
0.657832
0.658067
0.658536
0.659006
0.659241
0.659397
0.659554
0.660180
0.659867
0.660415
0.660571
0.661041
0.661511
0.661432
0.662059
0.662137
0.662293
0.662528
0.662528
0.663076
0.663311
0.663546
0.664015
0.664172
0.664407
0.664563
0.664720
0.664563
0.665268
0.665581
0.665894
0.666363
0.666442
0.666676
0.666520
0.666990
0.667303
0.667459
0.667929
0.668477
0.668555
0.668790
0.669338
0.669651
0.669494
0.669729
0.670042
0.670355
0.670668
0.670903
0.671451
0.671686
0.671921
0.672312
0.672390
0.672703
0.673564
0.673877
0.674034
0.674347
0.674660
0.674660
0.674973
0.675286
0.675521
0.675991
0.676147
0.676538
0.676695
0.677165
0.677399
0.677243
0.677478
0.677634
0.678260
0.678887
0.678965
0.679121
0.679434
0.680530
0.680295
0.680608
0.680922
0.681939
0.682096
0.682409
0.682643
0.683113
0.683661
0.683896
0.683896
0.684209
0.684444
0.684835
0.684757
0.685539
0.685618
0.685931
0.686009
0.686479
0.686948
0.687261
0.687496
0.687731
0.687966
0.688201
0.688357
0.688749
0.689296
0.689375
0.689453
0.689923
0.690549
0.690862
0.690784
0.691331
0.691801
0.692192
0.692584
0.692819
0.693210
0.693210
0.693601
0.694149
0.694149
0.694462
0.694932
0.694932
0.695245
0.695480
0.696184
0.696262
0.696967
0.697123
0.697593
0.697906
0.698141
0.698219
0.698689
0.699237
0.699393
0.699393
0.699628
0.700254
0.700959
0.700802
0.701115
0.701428
0.702133
0.702367
0.702446
0.702681
0.703228
0.703385
0.703698
0.704011
0.703855
0.704716
0.705185
0.705029
0.705029
0.705498
0.705890
0.705890
0.706516
0.706907
0.707377
0.707768
0.708159
0.708394
0.708551
0.709020
0.708786
0.708551
0.708394
0.709255
0.709177
0.709177
0.709177
0.709099
0.708864
0.709177
0.708942
0.708473
0.708629
0.708394
0.707768
0.707690
0.707690
0.707377
0.707220
0.706594
0.706281
0.706437
0.705968
0.705577
0.705733
0.705107
0.704794
0.704872
0.704481
0.704011
0.703698
0.703698
0.703463
0.703385
0.702994
0.702133
0.702054
0.701820
0.701350
0.701350
0.700646
0.700489
0.700098
0.699471
0.698845
0.699002
0.698376
0.698063
0.697828
0.697671
0.697280
0.696889
0.696654
0.696184
0.696184
0.695871
0.695480
0.695245
0.694775
0.694540
0.694149
0.693836
0.693445
0.693053
0.692584
0.692192
0.692036
0.691488
0.691097
0.691018
0.690236
0.690236
0.690001
0.689766
0.689609
0.689688
0.688983
0.688514
0.688357
0.688122
0.687888
0.687340
0.687183
0.686792
0.686557
0.685931
0.685461
0.685070
0.684365
0.684209
0.684052
0.683661
0.683504
0.683035
0.682643
0.682330
0.681861
0.681626
0.681156
0.680922
0.680452
0.679747
0.679356
0.678573
0.678495
0.678260
0.677947
0.677634
0.677556
0.677321
0.676773
0.676382
0.676069
0.675912
0.675834
0.675208
0.674582
0.674269
0.674190
0.673642
0.673329
0.673486
0.673016
0.672625
0.672077
0.671529
0.671216
0.671060
0.670746
0.670590
0.670199
0.669651
0.669416
0.668633
0.668555
0.668398
0.667772
0.667616
0.667068
0.667068
0.666598
0.666285
0.666207
0.665424
0.664955
0.664876
0.664563
0.664094
0.664094
0.663937
0.663389
0.663076
0.662450
0.662293
0.661745
0.661667
0.661511
0.660884
0.660493
0.660102
0.660024
0.659632
0.659241
0.658771
0.658302
0.658067
0.657832
0.657519
0.657284
0.656893
0.656345
0.656423
0.655719
0.655562
0.655640
0.655014
0.654623
0.654153
0.653997
0.653527
0.653371
0.652823
0.652431
0.652040
0.651883
0.651570
0.651101
0.650788
0.650475
0.650162
0.649692
0.649535
0.649222
0.648831
0.648596
0.648205
0.647813
0.647266
0.647109
0.646952
0.646561
0.646091
0.645778
0.645231
0.645074
0.644996
0.644448
0.644135
0.643978
0.643665
0.643039
0.642961
0.642256
0.641865
0.641708
0.641317
0.641160
0.640613
0.640456
0.640143
0.640065
0.639360
0.639439
0.639282
0.638421
0.638265
0.637951
0.637638
0.637325
0.637090
0.636386
0.636229
0.635995
0.635525
0.634977
0.634977
0.634351
0.634194
0.633647
0.633255
0.633177
0.632786
0.632551
0.632238
0.631846
0.631533
0.631298
0.631220
0.630751
0.630359
0.630124
0.629420
0.629498
0.629185
0.628872
0.628481
0.628089
0.627933
0.627463
0.627150
0.626524
0.626446
0.626054
0.625898
0.625663
0.625115
0.625115
0.624724
0.624332
0.623706
0.623472
0.623002
0.622767
0.622532
0.622297
0.621984
0.621828
0.621437
0.621045
0.620967
0.620732
0.620262
0.619323
0.619323
0.618932
0.619010
0.618541
0.618149
0.617758
0.617914
0.617523
0.617210
0.616662
0.616192
0.615879
0.615801
0.615410
0.615488
0.614705
0.614627
0.614549
0.614079
0.613453
0.613062
0.612592
0.612514
0.612357
0.612201
0.611731
0.611340
0.611496
0.611183
0.610400
0.610009
0.609931
0.609461
0.609226
0.609383
0.608913
0.608600
0.608522
0.608522
0.607896
0.607270
0.606878
0.606487
0.606096
0.606330
0.606017
0.605626
0.605313
0.605235
0.604922
0.604530
0.604217
0.603904
0.603434
0.603200
0.603200
0.602887
0.602573
0.602495
0.601869
0.601399
0.601086
0.600460
0.600382
0.599599
0.599443
0.599677
0.599051
0.599051
0.598660
0.598269
0.597799
0.597642
0.597486
0.597095
0.596860
0.596155
0.596625
0.596234
0.595921
0.595529
0.595138
0.595060
0.594668
0.594277
0.593886
0.593729
0.593338
0.593416
0.592868
0.592711
0.592711
0.592320
0.591851
0.591459
0.591381
0.590520
0.590676
0.590129
0.589972
0.589581
0.589502
0.588955
0.588485
0.588250
0.587937
0.587389
0.587389
0.587311
0.586920
0.586841
0.586606
0.586450
0.585902
0.584963
0.584885
0.584650
0.584806
0.584493
0.584024
0.583945
0.583867
0.583319
0.582771
0.582771
0.582067
0.581675
0.581362
0.581128
0.580814
0.580267
0.580267
0.580267
0.579719
0.579327
0.578858
0.578779
0.578545
0.578545
0.578232
0.577918
0.577684
0.577527
0.576901
0.576666
0.575962
0.575805
0.575492
0.575101
0.575023
0.574709
0.574240
0.574005
0.573770
0.573379
0.572987
0.572909
0.572283
0.572127
0.572127
0.571735
0.571266
0.571344
0.570796
0.570405
0.569857
0.569544
0.569231
0.569074
0.568761
0.568839
0.568370
0.568291
0.567822
0.567352
0.567274
0.566882
0.566413
0.566335
0.566100
0.566021
0.565395
0.565082
0.565161
0.564691
0.564221
0.563830
0.563517
0.563517
0.563047
0.562891
0.562343
0.561638
0.561560
0.561482
0.560699
0.560386
0.560230
0.559682
0.559290
0.559055
0.559055
0.558664
0.558429
0.558038
0.557568
0.557020
0.556942
0.556786
0.556786
0.556003
0.556003
0.555768
0.555533
0.555064
0.554594
0.554203
0.553890
0.553811
0.553577
0.552950
0.552794
0.552716
0.552403
0.551855
0.551855
0.551307
0.551072
0.550837
0.550524
0.550211
0.549820
0.549741
0.549350
0.549037
0.548802
0.548489
0.548176
0.547628
0.547237
0.547002
0.546845
0.546219
0.546063
0.545906
0.545593
0.545280
0.544732
0.544732
0.544732
0.544341
0.544028
0.543636
0.543480
0.543088
0.543010
0.542462
0.542306
0.541758
0.541445
0.541523
0.540975
0.540740
0.540349
0.540114
0.539488
0.539175
0.538862
0.538627
0.538471
0.538079
0.537844
0.537453
0.537062
0.536905
0.536592
0.536279
0.535966
0.536044
0.535418
0.535027
0.534479
0.534479
0.534244
0.534009
0.533461
0.533305
0.532835
0.532992
0.532522
0.532052
0.531739
0.531583
0.531426
0.531113
0.530565
0.530252
0.530330
0.529548
0.529469
0.529235
0.529000
0.528374
0.528374
0.527982
0.527748
0.527748
0.527356
0.527043
0.526495
0.526182
0.525947
0.525556
0.525321
0.525243
0.524852
0.524460
0.524225
0.523991
0.523834
0.523130
0.522817
0.522425
0.522347
0.522034
0.521721
0.521486
0.521173
0.520703
0.520234
0.519999
0.519764
0.519373
0.519294
0.518981
0.518825
0.518668
0.518199
0.518042
0.517651
0.517338
0.517181
0.516790
0.516633
0.515929
0.515616
0.515303
0.514990
0.514520
0.514207
0.514129
0.513816
0.513894
0.513189
0.513111
0.512955
0.512720
0.511937
0.511859
0.511467
0.511154
0.510763
0.510450
0.510293
0.510059
0.510059
0.509511
0.509041
0.508806
0.508337
0.508024
0.507945
0.507554
0.507476
0.507867
0.506850
0.506615
0.506302
0.505675
0.505049
0.505049
0.505128
0.504736
0.504188
0.504267
0.503797
0.503562
0.502858
0.502701
0.502388
0.502075
0.502232
0.502232
0.501919
0.501292
0.500744
0.500588
0.500040
0.499649
0.499570
0.499414
0.498944
0.498631
0.498396
0.498396
0.497848
0.497144
0.496988
0.496596
0.496440
0.496283
0.495813
0.495892
0.495500
0.495031
0.494718
0.494326
0.493778
0.493622
0.493152
0.493387
0.492918
0.492918
0.492448
0.492135
0.491665
0.491117
0.490413
0.490178
0.489943
0.489708
0.489708
0.489239
0.488926
0.488769
0.488378
0.487752
0.487439
0.487204
0.487047
0.486969
0.486734
0.486499
0.486030
0.485560
0.485325
0.484934
0.484543
0.484073
0.484073
0.484073
0.483603
0.483682
0.483369
0.482742
0.482195
0.481725
0.481725
0.481490
0.480629
0.480394
0.480707
0.480629
0.479768
0.479220
0.478985
0.478907
0.478359
0.478046
0.477890
0.477655
0.477577
0.476950
0.476716
0.476168
0.475776
0.475542
0.475229
0.474994
0.474524
0.474211
0.474289
0.473741
0.473585
0.473037
0.472724
0.472176
0.471863
0.471628
0.471706
0.471550
0.471158
0.470924
0.470141
0.470063
0.469906
0.469280
0.468889
0.468732
0.468576
0.468184
0.468028
0.467793
0.467167
0.466854
0.466228
0.465993
0.465914
0.465601
0.465053
0.465132
0.465132
0.464427
0.464349
0.463566
0.463175
0.463018
0.462784
0.462705
0.462549
0.461923
0.461688
0.460905
0.460592
0.460514
0.459966
0.459653
0.459496
0.459183
0.458557
0.458244
0.458244
0.457774
0.457774
0.456992
0.456835
0.456679
0.456131
0.455818
0.455505
0.455661
0.455035
0.454800
0.454487
0.454017
0.453939
0.453548
0.453391
0.453156
0.452687
0.452374
0.451669
0.451200
0.450965
0.450652
0.450574
0.449869
0.449713
0.449556
0.449165
0.449243
0.448695
0.448304
0.448147
0.447756
0.447521
0.447130
0.447130
0.446660
0.446034
0.445799
0.445799
0.445095
0.444938
0.444468
0.444234
0.443999
0.444077
0.443686
0.443060
0.442903
0.442512
0.442277
0.442120
0.441573
0.441338
0.441025
0.441025
0.440398
0.440242
0.439851
0.439224
0.438833
0.438520
0.438442
0.438050
0.437581
0.437424
0.437111
0.437033
0.436798
0.436563
0.435859
0.435781
0.435233
0.434920
0.434528
0.434372
0.433902
0.433824
0.433511
0.432885
0.432885
0.432337
0.432180
0.431711
0.431397
0.431397
0.431006
0.430693
0.430145
0.429910
0.429676
0.429362
0.429128
0.428736
0.428815
0.428188
0.428032
0.427797
0.427484
0.427406
0.427249
0.426466
0.425997
0.426153
0.425840
0.425449
0.425371
0.424745
0.424510
0.424353
0.424118
0.423492
0.423414
0.422944
0.423023
0.422475
0.422475
0.422005
0.421692
0.421457
0.420909
0.420988
0.420283
0.420205
0.419735
0.419657
0.419187
0.418953
0.418326
0.418092
0.417778
0.417387
0.417231
0.416996
0.416996
0.416291
0.416057
0.415822
0.415587
0.415196
0.414804
0.414569
0.414256
0.414100
0.413865
0.413474
0.413161
0.412926
0.412300
0.412221
0.412065
0.411673
0.411204
0.410812
0.410656
0.410186
0.410030
0.409795
0.409169
0.408934
0.408621
0.408464
0.408073
0.407917
0.407760
0.407369
0.406821
0.406586
0.406586
0.406195
0.405725
0.405568
0.405334
0.404707
0.404551
0.404081
0.404081
0.403533
0.403142
0.402751
0.402672
0.402672
0.402203
0.402046
0.401655
0.401655
0.400872
0.399855
0.399855
0.399620
0.399072
0.398915
0.398837
0.398524
0.397898
0.397820
0.397428
0.396959
0.396724
0.396724
0.396019
0.395785
0.395941
0.395315
0.394845
0.394454
0.394611
0.394063
0.393828
0.393750
0.393280
0.392889
0.392732
0.392497
0.392106
0.391715
0.391167
0.390854
0.390541
0.390071
0.389680
0.389680
0.389445
0.388897
0.388584
0.388271
0.387723
0.387410
0.387410
0.387253
0.386705
0.386314
0.386314
0.385844
0.386001
0.385218
0.384749
0.384279
0.383809
0.383340
0.383418
0.383105
0.382714
0.382401
0.382322
0.381853
0.381540
0.381148
0.380835
0.380600
0.380209
0.379974
0.379583
0.379426
0.379191
0.378722
0.378331
0.378096
0.377939
0.377391
0.376922
0.376687
0.376687
0.376061
0.376061
0.375748
0.375200
0.374574
0.374417
0.374260
0.373634
0.373400
0.373243
0.373086
0.372617
0.372225
0.371991
0.371286
0.371286
0.370895
0.370895
0.370034
0.369877
0.369643
0.369408
0.369173
0.368625
0.368234
0.367921
0.367764
0.367451
0.366903
0.367216
0.366512
0.366355
0.365807
0.365807
0.365416
0.365181
0.364633
0.364320
0.364085
0.363851
0.363538
0.362911
0.362442
0.362207
0.362050
0.361503
0.361111
0.360798
0.360407
0.359702
0.359624
0.359233
0.358685
0.358528
0.358293
0.357980
0.357667
0.357511
0.357276
0.356650
0.356806
0.356337
0.356102
0.355945
0.355163
0.355006
0.354693
0.354302
0.353910
0.353754
0.353284
0.353128
0.352736
0.352501
0.351797
0.351954
0.351641
0.351249
0.351014
0.350623
0.350388
0.349919
0.349371
0.349214
0.348745
0.348823
0.348431
0.348118
0.347727
0.347884
0.347101
0.346631
0.346318
0.346318
0.345927
0.345457
0.345301
0.344988
0.344675
0.344283
0.343970
0.343814
0.343422
0.343344
0.342953
0.342483
0.342092
0.341935
0.341544
0.341465
0.340996
0.340761
0.340135
0.340057
0.339587
0.339352
0.339039
0.338726
0.338491
0.338256
0.337709
0.337552
0.337239
0.337004
0.336534
0.336221
0.335987
0.336065
0.335204
0.335047
0.334734
0.334421
0.334030
0.333717
0.333247
0.333247
0.332699
0.332464
0.332308
0.331917
0.331603
0.331056
0.330586
0.330742
0.330116
0.329725
0.329412
0.329177
0.329177
0.328629
0.328316
0.328238
0.327847
0.327533
0.327064
0.326986
0.326516
0.326359
0.325968
0.325498
0.325264
0.324872
0.324716
0.324481
0.324246
0.323933
0.323620
0.323229
0.322681
0.322524
0.321976
0.321585
0.321115
0.321115
0.320802
0.320489
0.319863
0.319472
0.319002
0.318532
0.318141
0.317828
0.317750
0.317437
0.317202
0.317045
0.316497
0.316106
0.315636
0.315245
0.314775
0.314697
0.314541
0.314306
0.313680
0.313836
0.313210
0.312819
0.312506
0.312506
0.311879
0.311488
0.311566
0.311019
0.310549
0.310236
0.309766
0.309766
0.309062
0.308983
0.308357
0.308357
0.308044
0.307575
0.307105
0.306948
0.306557
0.306322
0.306009
0.305227
0.305227
0.305227
0.304757
0.304209
0.303974
0.303818
0.303739
0.302800
0.302487
0.302252
0.301939
0.301626
0.301391
0.301391
0.300609
0.300374
0.299826
0.299356
0.299200
0.298887
0.298495
0.298339
0.298261
0.297791
0.297400
0.297008
0.296617
0.296382
0.295756
0.295443
0.295365
0.295051
0.294895
0.294504
0.294034
0.293799
0.293330
0.292860
0.292782
0.292312
0.291921
0.291608
0.291295
0.291295
0.290355
0.290120
0.289573
0.289416
0.289181
0.288712
0.288399
0.288085
0.287929
0.287694
0.286990
0.286911
0.286364
0.286129
0.285737
0.285346
0.285189
0.284642
0.284798
0.284172
0.284094
0.283468
0.283154
0.282685
0.282450
0.282215
0.281980
0.281198
0.281198
0.280572
0.280258
0.279476
0.279398
0.279006
0.278771
0.278380
0.277910
0.277832
0.277284
0.277128
0.276580
0.276267
0.276032
0.275641
0.275171
0.275014
0.274780
0.274153
0.273919
0.273762
0.273606
0.273214
0.272666
0.272510
0.272040
0.271805
0.271336
0.271257
0.270944
0.270475
0.270083
0.269457
0.269301
0.269301
0.268675
0.268440
0.267735
0.267814
0.267500
0.266953
0.266718
0.266248
0.265857
0.265622
0.264996
0.264839
0.264526
0.264291
0.263822
0.263822
0.263587
0.262883
0.262726
0.262256
0.261943
0.261787
0.261395
0.261004
0.260534
0.260378
0.259439
0.259517
0.259282
0.258891
0.258578
0.258186
0.258108
0.257717
0.257325
0.257091
0.256621
0.256230
0.255838
0.255682
0.255369
0.254899
0.254821
0.254586
0.254038
0.253803
0.253568
0.253099
0.252708
0.252551
0.251925
0.251690
0.251220
0.251220
0.250751
0.250516
0.250046
0.249812
0.249264
0.249029
0.248716
0.248481
0.248246
0.247777
0.247542
0.247307
0.247150
0.246524
0.246211
0.245976
0.245507
0.245115
0.244802
0.244333
0.244333
0.243941
0.243550
0.243393
0.242924
0.242454
0.242611
0.242063
0.241828
0.240967
0.240654
0.240654
0.239950
0.239793
0.239323
0.239089
0.238384
0.238306
0.237915
0.237680
0.237210
0.236740
0.236819
0.236193
0.235879
0.235801
0.235175
0.235019
0.235019
0.234549
0.234314
0.233923
0.233453
0.232984
0.232592
0.232201
0.232044
0.231653
0.231340
0.231340
0.230714
0.230401
0.230009
0.229774
0.229227
0.228913
0.228600
0.228287
0.228053
0.227818
0.227583
0.227192
0.226800
0.226174
0.225939
0.225861
0.225470
0.225157
0.224609
0.224452
0.224452
0.223904
0.223278
0.222887
0.223043
0.222417
0.222026
0.221634
0.221400
0.221008
0.221008
0.220460
0.220147
0.219834
0.219365
0.218973
0.218660
0.218191
0.217877
0.217643
0.216938
0.216938
0.216469
0.215921
0.215529
0.215451
0.214825
0.214277
0.214277
0.213886
0.213416
0.213025
0.212555
0.212164
0.212085
0.211694
0.211459
0.211459
0.210677
0.210364
0.209659
0.209424
0.208798
0.208563
0.208172
0.207702
0.207546
0.207311
0.207389
0.206998
0.206450
0.205746
0.205511
0.205198
0.205198
0.204728
0.204180
0.203945
0.203554
0.203163
0.202693
0.202223
0.201989
0.201754
0.201049
0.200658
0.200345
0.199797
0.199719
0.199093
0.198701
0.198153
0.197919
0.197684
0.197058
0.196901
0.196588
0.196275
0.195727
0.195727
0.195101
0.194710
0.194318
0.193692
0.193770
0.193457
0.192909
0.192127
0.192127
0.191657
0.191187
0.190561
0.190405
0.189935
0.189544
0.189309
0.188996
0.188683
0.188213
0.187665
0.187430
0.187274
0.186648
0.186491
0.186100
0.185709
0.185395
0.185004
0.184926
0.184221
0.183674
0.183360
0.183282
0.182578
0.182343
0.181952
0.181717
0.181325
0.180778
0.180543
0.180386
0.179995
0.179760
0.179369
0.179056
0.178664
0.178116
0.177803
0.177177
0.176786
0.176316
0.175925
0.175690
0.175377
0.174829
0.174516
0.174438
0.174046
0.173498
0.173342
0.173029
0.172481
0.172559
0.172090
0.171777
0.171620
0.171463
0.170837
0.170055
0.169820
0.169742
0.169194
0.168881
0.168646
0.168411
0.167941
0.167628
0.167237
0.166611
0.166454
0.166298
0.165985
0.165515
0.165515
0.164889
0.164497
0.164184
0.163715
0.163558
0.163089
0.162462
0.162384
0.161915
0.161758
0.161132
0.161132
0.160349
0.160036
0.159566
0.158940
0.158627
0.158471
0.158001
0.157375
0.157062
0.156905
0.156670
0.156514
0.156123
0.155575
0.155262
0.154949
0.154244
0.154166
0.153931
0.153540
0.153227
0.152600
0.152444
0.152209
0.151583
0.151348
0.151035
0.150644
0.150331
0.149783
0.149783
0.149157
0.148609
0.148452
0.147983
0.147513
0.147435
0.146808
0.146574
0.146339
0.145869
0.145478
0.145321
0.145008
0.144539
0.144147
0.143912
0.143599
0.143052
0.142973
0.142504
0.142269
0.141564
0.141017
0.141095
0.140469
0.140077
0.139529
0.139451
0.139451
0.138981
0.138512
0.138121
0.137729
0.137494
0.137103
0.136712
0.136477
0.136164
0.135694
0.135146
0.134677
0.134285
0.133894
0.133737
0.133503
0.132720
0.132329
0.132015
0.131859
0.131546
0.131311
0.130920
0.130372
0.129746
0.129354
0.128885
0.128885
0.128102
0.127867
0.127398
0.127241
0.126850
0.126615
0.126224
0.125989
0.125206
0.124736
0.124658
0.124423
0.123641
0.123719
0.123249
0.122858
0.122388
0.121606
0.121449
0.120979
0.120588
0.120275
0.120040
0.119571
0.119258
0.118788
0.118083
0.117536
0.116909
0.116518
0.116518
0.116127
0.115892
0.115735
0.115031
0.114640
0.114405
0.113466
0.113466
0.113074
0.112761
0.112448
0.112057
0.111665
0.111039
0.110883
0.110413
0.109474
0.109161
0.108848
0.108613
0.107987
0.107517
0.107439
0.107126
0.106734
0.106265
0.105560
0.105404
0.105012
0.104621
0.104465
0.103682
0.103447
0.103056
0.102743
0.102116
0.101882
0.101177
0.100942
0.100708
0.100238
0.099612
0.099377
0.098829
0.098359
0.097733
0.097264
0.097029
0.096403
0.096246
0.096011
0.095542
0.095150
0.095072
0.094289
0.093742
0.093350
0.092724
0.092724
0.092254
0.092176
0.091628
0.091237
0.090689
0.090532
0.089593
0.088967
0.088732
0.088732
0.088341
0.087871
0.087558
0.087010
0.086619
0.086149
0.085445
0.085132
0.084975
0.084741
0.084427
0.084036
0.083332
0.083175
0.082549
0.082158
0.081845
0.081218
0.081375
0.080827
0.080592
0.079418
0.079418
0.078792
0.078401
0.078088
0.077305
0.076992
0.076679
0.076366
0.076053
0.075661
0.074957
0.074879
0.074174
0.073704
0.072922
0.073000
0.072217
0.072217
0.071904
0.071435
0.070809
0.070574
0.069948
0.069556
0.068852
0.068382
0.068069
0.067913
0.067599
0.066973
0.066660
0.066191
0.065721
0.064938
0.064625
0.064390
0.063999
0.063686
0.063451
0.062903
0.062668
0.062199
0.061416
0.061260
0.060790
0.060555
0.060242
0.059694
0.059381
0.058677
0.058129
0.057816
0.057346
0.056876
0.056563
0.056172
0.056016
0.055624
0.055155
0.054763
0.054215
0.053667
0.053198
0.052650
0.052337
0.052102
0.051789
0.051319
0.051085
0.050458
0.049910
0.049754
0.049284
0.048658
0.048423
0.048032
0.047562
0.046936
0.046780
0.046075
0.045684
0.045293
0.044901
0.044197
0.044040
0.043649
0.043179
0.042788
0.042631
0.042083
0.041301
0.041223
0.040596
0.039970
0.039422
0.038953
0.038718
0.038092
0.037779
0.037622
0.037074
0.036448
0.035978
0.035665
0.035039
0.034648
0.034257
0.033943
0.033630
0.032926
0.032769
0.031987
0.031752
0.031282
0.030734
0.030265
0.029873
0.029639
0.028934
0.028778
0.028151
0.027682
0.027447
0.026977
0.026351
0.026038
0.025960
0.025334
0.024629
0.024551
0.023925
0.023612
0.022986
0.022516
0.022125
0.021733
0.021264
0.020716
0.020168
0.019855
0.018837
0.018759
0.018211
0.017820
0.017350
0.016881
0.016411
0.016333
0.015628
0.015237
0.014611
0.014141
0.013750
0.013437
0.012967
0.012498
0.012184
0.011715
0.011245
0.010776
0.009915
0.009680
0.009288
0.008506
0.007958
0.007958
0.007097
0.006706
0.006236
0.005766
0.005218
0.005140
0.004436
0.004123
0.003653
0.003027
0.002949
0.002166
0.002088
0.001383
0.000992
0.000600
0.000209
-0.000339
-0.001043
-0.001356
-0.001748
-0.002139
-0.002765
-0.003156
-0.003939
-0.004174
-0.004722
-0.005035
-0.005426
-0.006209
-0.006444
-0.006913
-0.007461
-0.007774
-0.008322
-0.009261
-0.009575
-0.009966
-0.010514
-0.011062
-0.011531
-0.011766
-0.012549
-0.013018
-0.013566
-0.013958
-0.014427
-0.015053
-0.015758
-0.016228
-0.016697
-0.016775
-0.017480
-0.018341
-0.019045
-0.019358
-0.020063
-0.020532
-0.020689
-0.021628
-0.022098
-0.022333
-0.023115
-0.023976
-0.024524
-0.025150
-0.025385
-0.025855
-0.026481
-0.026872
-0.027264
-0.028125
-0.028751
-0.029377
-0.029768
-0.029846
-0.030707
-0.031177
-0.031881
-0.032273
-0.032821
-0.033290
-0.033682
-0.034386
-0.035091
-0.035717
-0.036186
-0.036578
-0.036969
-0.037595
-0.038065
-0.038378
-0.039239
-0.040100
-0.040726
-0.041274
-0.041509
-0.042135
-0.042683
-0.043465
-0.043544
-0.044013
-0.044561
-0.045422
-0.046127
-0.046596
-0.047222
-0.047301
-0.048083
-0.048788
-0.049179
-0.049805
-0.050118
-0.051136
-0.051762
-0.052779
-0.053014
-0.053406
-0.054110
-0.054815
-0.055128
-0.055832
-0.056771
-0.057241
-0.057867
-0.058180
-0.058728
-0.059276
-0.059824
-0.060528
-0.060998
-0.061546
-0.062641
-0.063189
-0.063581
-0.064207
-0.064520
-0.064990
-0.065459
-0.066164
-0.066790
-0.067103
-0.067729
-0.068903
-0.069608
-0.070077
-0.070155
-0.070860
-0.071408
-0.071799
-0.072582
-0.072973
-0.073443
-0.074460
-0.075008
-0.075791
-0.076104
-0.076652
-0.076730
-0.077748
-0.078374
-0.078687
-0.079313
-0.080409
-0.081583
-0.082209
-0.082365
-0.082992
-0.083305
-0.084009
-0.084635
-0.084948
-0.085653
-0.086357
-0.087062
-0.087610
-0.088079
-0.088392
-0.089175
-0.089566
-0.090271
-0.091053
-0.091445
-0.092071
-0.092854
-0.093871
-0.094184
-0.094576
-0.095045
-0.095515
-0.096063
-0.096611
-0.097237
-0.097706
-0.098880
-0.099350
-0.099898
-0.100524
-0.100837
-0.101463
-0.101855
-0.102324
-0.102950
-0.103733
-0.104594
-0.105455
-0.106238
-0.106551
-0.106864
-0.107412
-0.108116
-0.108664
-0.109603
-0.110308
-0.111012
-0.111717
-0.112265
-0.112969
-0.113282
-0.113595
-0.114300
-0.114847
-0.115395
-0.116021
-0.116726
-0.117978
-0.118604
-0.119231
-0.119309
-0.120326
-0.121109
-0.121813
-0.122440
-0.122909
-0.123614
-0.124396
-0.125101
-0.126197
-0.126431
-0.126823
-0.127214
-0.128153
-0.128936
-0.129249
-0.130032
-0.131049
-0.131910
-0.132458
-0.133163
-0.133397
-0.133710
-0.134493
-0.135745
-0.136059
-0.136528
-0.137076
-0.138407
-0.138798
-0.139268
-0.139816
-0.140363
-0.141068
-0.141929
-0.142790
-0.143103
-0.143494
-0.144825
-0.145529
-0.145921
-0.146390
-0.146703
-0.147642
-0.148425
-0.148973
-0.149834
-0.150617
-0.151478
-0.152260
-0.152730
-0.153121
-0.153826
-0.154295
-0.155548
-0.156252
-0.156644
-0.157191
-0.157974
-0.158444
-0.159226
-0.160166
-0.160557
-0.160870
-0.161966
-0.163062
-0.163375
-0.164236
-0.164862
-0.165566
-0.166192
-0.166819
-0.167132
-0.167758
-0.168619
-0.169558
-0.170576
-0.170967
-0.171280
-0.172141
-0.173158
-0.173472
-0.174019
-0.174176
-0.175115
-0.176054
-0.176759
-0.177307
-0.178011
-0.178481
-0.179107
-0.180046
-0.180907
-0.181299
-0.181768
-0.182629
-0.183177
-0.183881
-0.184586
-0.185212
-0.185760
-0.186464
-0.187404
-0.187873
-0.188186
-0.188969
-0.190143
-0.190926
-0.191317
-0.192178
-0.192882
-0.193587
-0.194291
-0.194761
-0.195387
-0.196013
-0.196874
-0.197657
-0.198127
-0.198831
-0.199614
-0.200475
-0.201257
-0.202040
-0.202666
-0.203214
-0.203840
-0.204936
-0.205797
-0.206267
-0.206345
-0.207362
-0.207910
-0.208223
-0.209084
-0.209554
-0.210415
-0.211511
-0.212137
-0.212528
-0.213467
-0.214250
-0.214876
-0.215659
-0.215815
-0.216442
-0.217224
-0.217694
-0.218790
-0.219338
-0.220120
-0.220512
-0.221216
-0.221921
-0.222312
-0.223173
-0.223642
-0.224425
-0.225364
-0.225991
-0.226617
-0.227008
-0.227556
-0.228260
-0.229043
-0.229200
-0.230061
-0.230530
-0.231704
-0.232487
-0.232957
-0.233270
-0.234052
-0.234600
-0.234992
-0.236009
-0.236557
-0.236948
-0.237496
-0.238592
-0.238749
-0.239375
-0.240079
-0.240627
-0.241410
-0.242036
-0.242662
-0.243132
-0.243758
-0.244619
-0.245480
-0.245793
-0.246341
-0.246889
-0.247671
-0.247906
-0.248611
-0.249158
-0.249863
-0.250332
-0.251350
-0.251741
-0.252211
-0.252602
-0.253072
-0.253542
-0.253933
-0.254559
-0.254716
-0.255420
-0.256438
-0.257298
-0.257768
-0.258238
-0.258707
-0.259020
-0.259647
-0.259881
-0.260038
-0.260821
-0.261447
-0.262151
-0.262777
-0.263325
-0.263638
-0.263873
-0.264499
-0.264891
-0.265595
-0.265908
-0.266378
-0.267082
-0.267943
-0.267943
-0.268569
-0.268726
-0.269195
-0.269822
-0.270135
-0.270370
-0.270917
-0.271622
-0.272326
-0.272796
-0.273187
-0.273344
-0.273970
-0.274205
-0.274674
-0.274831
-0.275535
-0.275927
-0.276475
-0.277022
-0.277570
-0.277805
-0.278353
-0.278666
-0.278510
-0.279057
-0.279527
-0.279840
-0.280388
-0.281092
-0.281719
-0.282188
-0.282345
-0.282971
-0.283206
-0.283128
-0.283675
-0.284223
-0.284458
-0.285084
-0.285710
-0.285867
-0.286493
-0.286493
-0.286884
-0.287354
-0.287667
-0.287824
-0.287980
-0.288293
-0.288763
-0.289154
-0.289624
-0.289702
-0.290172
-0.290094
-0.290485
-0.290876
-0.290954
-0.291581
-0.291581
-0.291894
-0.292676
-0.292755
-0.292833
-0.293146
-0.293459
-0.293772
-0.293850
-0.293772
-0.294398
-0.294711
-0.294790
-0.295572
-0.295572
-0.295807
-0.295729
-0.295964
-0.296355
-0.296512
-0.296668
-0.296981
-0.297373
-0.297451
-0.297607
-0.297686
-0.297686
-0.297999
-0.298077
-0.298390
-0.298703
-0.298625
-0.298703
-0.299251
-0.299173
-0.299564
-0.299721
-0.299956
-0.300190
-0.300269
-0.300425
-0.300738
-0.300660
-0.300816
-0.301130
-0.301286
-0.301521
-0.301912
-0.302147
-0.301991
-0.302147
-0.301991
-0.302304
-0.302460
-0.302304
-0.302851
-0.302851
-0.302851
-0.303321
-0.303165
-0.303165
-0.303399
-0.303321
-0.303634
-0.303399
-0.303321
-0.303712
-0.303791
-0.303634
-0.303947
-0.304260
-0.304339
-0.304182
-0.304339
-0.304495
-0.304260
-0.304104
-0.304652
-0.304652
-0.304730
-0.304887
-0.304808
-0.305121
-0.304965
-0.305043
-0.304965
-0.304808
-0.304887
-0.305434
-0.304965
-0.305278
-0.305434
-0.305591
-0.305200
-0.305513
-0.305278
-0.305121
-0.305043
-0.305200
-0.305356
-0.305356
-0.305434
-0.305434
-0.305356
-0.305434
-0.305200
-0.305121
-0.305121
-0.305121
-0.305043
-0.305043
-0.305200
-0.305043
-0.305591
-0.305043
-0.305043
-0.304887
-0.305121
-0.304887
-0.304730
-0.305200
-0.304808
-0.304965
-0.305121
-0.304808
-0.304887
-0.304887
-0.304730
-0.304573
-0.304652
-0.304495
-0.304652
-0.304573
-0.304652
-0.304730
-0.304652
-0.304730
-0.304573
-0.304573
-0.304417
-0.304417
-0.304339
-0.304026
-0.304104
-0.304260
-0.304182
-0.304182
-0.304339
-0.304182
-0.304104
-0.304104
-0.304104
-0.304026
-0.303712
-0.303947
-0.303634
-0.304026
-0.304104
-0.303791
-0.304026
-0.303712
-0.303478
-0.303243
-0.303478
-0.303634
-0.303399
-0.303321
-0.303086
-0.303399
-0.303399
-0.303008
-0.303008
-0.302773
-0.303086
-0.303008
-0.302930
-0.302851
-0.302773
-0.302695
-0.302538
-0.303008
-0.302773
-0.302617
-0.302460
-0.302225
-0.302382
-0.301912
-0.301677
-0.302225
-0.301912
-0.302304
-0.302147
-0.301991
-0.301912
-0.301521
-0.301756
-0.301756
-0.301599
-0.301443
-0.301834
-0.301521
-0.301599
-0.301677
-0.301521
-0.301208
-0.301286
-0.301051
-0.301130
-0.300973
-0.300738
-0.301051
-0.300738
-0.300816
-0.300895
-0.300816
-0.300738
-0.300425
-0.300347
-0.300582
-0.300503
-0.300503
-0.300190
-0.300034
-0.300112
-0.300190
-0.300269
-0.299799
-0.299721
-0.299564
-0.299721
-0.299564
-0.299642
-0.299877
-0.299564
-0.299877
-0.299799
-0.299486
-0.299251
-0.299173
-0.299251
-0.299408
-0.299408
-0.299016
-0.299016
-0.299016
-0.299016
-0.299016
-0.299095
-0.298781
-0.299016
-0.298625
-0.298781
-0.298625
-0.298625
-0.298703
-0.298547
-0.298703
-0.298703
-0.298390
-0.298155
-0.298390
-0.298468
-0.298547
-0.298390
-0.298077
-0.298234
-0.298312
-0.298155
-0.297999
-0.297999
-0.298077
-0.298077
-0.297999
-0.298234
-0.297920
-0.297920
-0.297842
-0.297764
-0.297842
-0.297999
-0.297842
-0.297529
-0.297764
-0.297451
-0.297842
-0.297686
-0.297999
-0.297607
-0.297764
-0.297764
-0.297607
-0.297686
-0.297529
-0.297686
-0.297529
-0.297451
-0.297764
-0.297686
-0.297451
-0.297373
-0.297373
-0.297529
-0.297373
-0.297529
-0.297451
-0.297686
-0.297373
-0.297373
-0.297607
-0.297216
-0.297294
-0.297294
-0.297294
-0.297451
-0.297294
-0.297373
-0.297451
-0.297216
-0.297294
-0.297607
-0.297451
-0.297842
-0.297607
-0.297529
-0.297373
-0.297451
-0.297451
-0.297529
-0.297686
-0.297920
-0.297686
-0.297764
-0.297686
-0.297216
-0.297686
-0.297686
-0.297607
-0.297686
-0.297842
-0.297842
-0.297842
-0.298155
-0.298155
-0.297920
-0.297920
-0.297999
-0.298077
-0.298234
-0.298077
-0.298155
-0.298155
-0.298234
-0.298390
-0.298468
-0.298234
-0.298234
-0.298312
-0.298860
-0.298468
-0.298625
-0.298625
-0.298860
-0.298703
-0.298547
-0.298781
-0.298703
-0.299095
-0.298781
-0.298938
-0.298781
-0.299095
-0.299016
-0.299329
-0.299408
-0.299564
-0.299486
-0.299408
-0.299486
-0.299799
-0.299642
-0.299486
-0.299329
-0.299799
-0.299642
-0.299877
-0.300347
-0.300660
-0.300190
-0.300112
-0.300034
-0.300347
-0.300582
-0.300895
-0.300425
-0.300816
-0.301364
-0.301051
-0.301208
-0.301130
-0.301286
-0.300973
-0.301599
-0.301364
-0.301443
-0.301834
-0.301991
-0.301912
-0.301834
-0.302304
-0.302147
-0.302069
-0.301834
-0.301834
-0.301991
-0.302147
-0.302460
-0.302538
-0.302851
-0.302773
-0.302851
-0.303165
-0.303321
-0.303008
-0.303321
-0.303399
-0.303478
-0.303634
-0.303556
-0.303556
-0.303791
-0.304026
-0.304104
-0.304417
-0.304104
-0.304495
-0.304182
-0.304573
-0.304573
-0.305043
-0.305043
-0.305356
-0.305434
-0.305356
-0.305826
-0.305513
-0.305513
-0.305904
-0.305982
-0.306139
-0.306061
-0.306374
-0.306374
-0.306530
-0.306452
-0.306765
-0.306843
-0.306608
-0.307078
-0.306843
-0.307078
-0.307000
-0.307235
-0.307626
-0.307548
-0.307704
-0.307704
-0.308174
-0.307861
-0.308017
-0.308330
-0.308330
-0.308409
-0.308565
-0.308643
-0.309191
-0.309270
-0.309270
-0.309426
-0.309583
-0.309426
-0.309426
-0.309583
-0.309504
-0.309896
-0.310131
-0.310444
-0.310757
-0.310913
-0.311305
-0.311070
-0.310992
-0.311070
-0.311305
-0.311461
-0.311383
-0.311696
-0.311853
-0.312322
-0.312479
-0.312792
-0.312792
-0.312635
-0.312870
-0.313027
-0.313105
-0.313183
-0.313418
-0.313574
-0.313653
-0.313731
-0.314122
-0.314201
-0.314122
-0.314514
-0.314748
-0.314592
-0.315140
-0.315062
-0.315296
-0.315453
-0.315923
-0.315923
-0.316157
-0.316314
-0.316079
-0.316314
-0.316470
-0.316627
-0.316784
-0.317018
-0.316940
-0.317410
-0.317410
-0.317723
-0.317801
-0.318114
-0.318192
-0.318192
-0.318505
-0.318271
-0.318584
-0.318662
-0.318975
-0.319366
-0.319445
-0.319679
-0.319679
-0.320306
-0.320227
-0.320384
-0.320540
-0.320697
-0.320854
-0.321480
-0.321323
-0.321480
-0.321715
-0.321949
-0.321793
-0.322419
-0.322654
-0.322810
-0.322889
-0.322967
-0.323123
-0.323515
-0.323593
-0.323750
-0.323750
-0.323984
-0.324297
-0.324063
-0.324689
-0.324689
-0.325002
-0.325080
-0.325158
-0.325315
-0.325941
-0.326098
-0.326019
-0.325941
-0.326489
-0.326724
-0.326724
-0.326802
-0.326959
-0.327037
-0.327741
-0.327663
-0.327820
-0.327820
-0.328211
-0.328367
-0.328759
-0.328759
-0.328759
-0.329072
-0.329307
-0.329463
-0.329620
-0.329855
-0.330089
-0.330246
-0.330559
-0.330559
-0.330872
-0.331107
-0.331185
-0.331655
-0.331498
-0.331890
-0.331968
-0.332281
-0.332516
-0.332751
-0.332907
-0.332985
-0.333220
-0.333377
-0.333612
-0.333690
-0.334238
-0.334159
-0.334707
-0.334864
-0.335020
-0.335177
-0.335490
-0.335568
-0.335647
-0.336351
-0.336194
-0.336351
-0.336586
-0.336429
-0.336664
-0.336899
-0.337447
-0.337212
-0.337682
-0.337760
-0.338386
-0.338229
-0.338386
-0.338777
-0.339247
-0.339012
-0.339090
-0.339482
-0.339638
-0.340030
-0.340108
-0.340499
-0.340578
-0.340891
-0.340891
-0.341047
-0.341673
-0.341752
-0.342221
-0.342378
-0.342534
-0.342847
-0.343082
-0.343239
-0.343552
-0.343317
-0.343708
-0.343787
-0.343787
-0.344491
-0.344491
-0.344726
-0.344961
-0.345195
-0.345509
-0.345430
-0.345822
-0.345822
-0.346213
-0.346526
-0.346839
-0.346996
-0.347152
-0.347387
-0.347700
-0.347700
-0.348170
-0.348561
-0.348483
-0.348483
-0.348718
-0.348796
-0.349344
-0.349344
-0.349657
-0.349579
-0.349892
-0.350361
-0.350361
-0.350518
-0.350831
-0.351066
-0.351379
-0.351692
-0.351692
-0.352005
-0.351927
-0.352553
-0.352553
-0.352788
-0.353414
-0.353492
-0.353570
-0.353727
-0.354275
-0.354431
-0.354431
-0.354823
-0.355292
-0.355292
-0.355605
-0.355762
-0.355918
-0.356310
-0.356701
-0.356936
-0.356858
-0.357014
-0.357327
-0.357640
-0.357953
-0.358188
-0.358501
-0.358501
-0.358971
-0.358971
-0.359441
-0.359832
-0.360067
-0.360223
-0.360615
-0.360771
-0.360771
-0.361397
-0.361476
-0.362180
-0.362415
-0.362806
-0.362884
-0.363198
-0.363119
-0.363276
-0.363511
-0.363980
-0.364137
-0.364372
-0.364685
-0.364841
-0.365233
-0.365311
-0.365702
-0.365624
-0.365780
-0.366172
-0.366485
-0.366720
-0.367111
-0.367189
-0.367581
-0.367737
-0.367894
-0.368050
-0.368363
-0.368285
-0.368520
-0.368755
-0.368833
-0.369303
-0.369616
-0.369694
-0.370085
-0.370398
-0.370790
-0.370946
-0.371259
-0.371572
-0.371885
-0.371885
-0.372355
-0.372668
-0.373138
-0.373138
-0.373373
-0.373529
-0.373764
-0.374234
-0.373920
-0.374312
-0.374703
-0.374625
-0.375173
-0.375408
-0.375642
-0.376190
-0.376269
-0.376660
-0.376895
-0.376738
-0.376816
-0.377208
-0.377286
-0.377912
-0.378147
-0.378304
-0.379008
-0.378773
-0.378930
-0.379321
-0.379634
-0.379712
-0.380182
-0.380495
-0.380730
-0.380808
-0.381121
-0.381669
-0.381747
-0.382217
-0.382295
-0.382687
-0.382687
-0.382765
-0.383391
-0.383704
-0.383782
-0.384174
-0.384174
-0.384643
-0.384722
-0.385035
-0.385270
-0.385426
-0.385661
-0.386052
-0.386522
-0.386678
-0.386678
-0.386913
-0.387070
-0.387539
-0.387852
-0.388087
-0.388713
-0.388635
-0.389105
-0.389261
-0.389496
-0.389574
-0.389809
-0.390357
-0.390748
-0.391140
-0.391296
-0.391218
-0.391766
-0.392001
-0.391923
-0.392236
-0.392783
-0.392627
-0.392940
-0.393175
-0.393566
-0.393723
-0.394192
-0.394505
-0.394662
-0.394662
-0.394975
-0.395523
-0.395523
-0.395993
-0.396149
-0.396227
-0.396462
-0.396932
-0.397167
-0.397167
-0.397793
-0.397714
-0.398028
-0.398419
-0.398810
-0.399045
-0.399045
-0.399436
-0.400141
-0.399906
-0.400689
-0.401080
-0.401080
-0.401237
-0.402098
-0.401863
-0.402411
-0.402724
-0.402959
-0.403037
-0.403350
-0.403506
-0.403898
-0.404289
-0.404680
-0.404602
-0.404915
-0.405072
-0.405228
-0.405933
-0.405855
-0.405933
-0.406246
-0.406637
-0.407029
-0.407263
-0.407498
-0.407420
-0.408046
-0.408203
-0.408594
-0.408985
-0.409064
-0.409220
-0.409298
-0.409925
-0.410003
-0.410472
-0.410864
-0.410786
-0.410942
-0.411568
-0.411568
-0.411960
-0.412194
-0.412821
-0.412977
-0.413290
-0.413525
-0.413838
-0.413838
-0.413995
-0.414308
-0.414542
-0.414856
-0.415247
-0.415403
-0.415717
-0.415560
-0.416343
-0.416734
-0.416969
-0.417125
-0.417438
-0.417673
-0.417830
-0.418065
-0.418378
-0.418456
-0.418926
-0.419239
-0.419160
-0.420021
-0.420334
-0.420726
-0.421117
-0.421274
-0.421430
-0.421508
-0.421665
-0.422369
-0.422369
-0.422839
-0.422996
-0.423544
-0.423544
-0.423465
-0.424013
-0.424248
-0.424483
-0.424561
-0.424952
-0.425265
-0.425657
-0.425813
-0.425970
-0.426361
-0.426909
-0.426987
-0.427144
-0.427144
-0.427692
-0.428005
-0.427927
-0.428396
-0.428396
-0.428944
-0.429022
-0.429414
-0.429492
-0.429962
-0.430040
-0.430431
-0.430901
-0.431136
-0.431527
-0.431684
-0.431918
-0.432075
-0.432231
-0.432858
-0.433014
-0.433249
-0.433719
-0.434110
-0.434032
-0.434423
-0.434893
-0.435127
-0.434971
-0.435519
-0.435832
-0.435988
-0.436145
-0.436615
-0.436849
-0.437241
-0.437397
-0.437554
-0.438102
-0.438102
-0.438337
-0.438884
-0.439276
-0.439354
-0.439432
-0.439745
-0.440606
-0.440841
-0.440998
-0.441076
-0.441859
-0.441937
-0.442172
-0.442407
-0.442641
-0.442954
-0.443111
-0.443424
-0.444050
-0.444128
-0.444598
-0.444833
-0.445146
-0.445224
-0.445459
-0.445694
-0.446007
-0.446007
-0.446398
-0.446555
-0.446868
-0.447103
-0.447181
-0.447964
-0.447964
-0.448355
-0.448590
-0.448746
-0.448825
-0.449138
-0.449920
-0.449764
-0.450390
-0.450312
-0.450625
-0.451173
-0.451329
-0.451721
-0.451877
-0.452034
-0.452269
-0.452503
-0.452738
-0.453364
-0.453599
-0.453834
-0.454069
-0.454538
-0.454460
-0.454773
-0.454773
-0.455243
-0.455712
-0.455869
-0.455869
-0.456104
-0.456339
-0.456808
-0.457121
-0.457513
-0.457904
-0.458295
-0.458217
-0.458843
-0.459000
-0.459000
-0.459391
-0.459626
-0.459939
-0.460252
-0.460565
-0.461035
-0.461661
-0.461661
-0.461974
-0.462600
-0.462522
-0.462757
-0.463148
-0.463148
-0.463539
-0.463931
-0.464479
-0.464713
-0.464479
-0.465027
-0.464948
-0.465496
-0.465809
-0.466044
-0.466748
-0.466827
-0.466983
-0.466983
-0.467453
-0.467766
-0.468157
-0.468783
-0.468627
-0.469097
-0.469097
-0.469566
-0.470036
-0.470349
-0.470662
-0.470662
-0.471132
-0.471679
-0.471836
-0.472149
-0.472540
-0.472932
-0.473323
-0.473245
-0.473714
-0.473636
-0.473949
-0.474419
-0.474732
-0.475045
-0.475123
-0.475671
-0.475828
-0.475828
-0.476454
-0.476689
-0.477237
-0.477080
-0.477706
-0.478098
-0.478176
-0.478411
-0.478567
-0.478802
-0.479506
-0.479819
-0.479819
-0.480211
-0.480289
-0.480837
-0.481072
-0.481385
-0.481541
-0.482324
-0.482402
-0.482950
-0.483420
-0.483498
-0.483733
-0.483968
-0.484124
-0.484437
-0.484672
-0.485298
-0.485377
-0.485611
-0.486003
-0.486316
-0.486629
-0.486551
-0.487255
-0.487412
-0.487881
-0.488038
-0.488273
-0.488507
-0.488664
-0.488977
-0.489290
-0.489525
-0.489760
-0.490151
-0.490386
-0.490856
-0.491247
-0.491482
-0.491403
-0.492186
-0.492499
-0.492577
-0.492969
-0.493204
-0.493752
-0.493986
-0.494612
-0.494612
-0.494691
-0.495239
-0.495473
-0.495630
-0.496100
-0.496100
-0.496413
-0.497039
-0.497117
-0.497508
-0.497743
-0.498213
-0.498448
-0.498448
-0.498761
-0.499074
-0.499387
-0.499700
-0.499778
-0.500326
-0.500639
-0.501031
-0.501187
-0.501735
-0.501657
-0.501970
-0.502518
-0.502753
-0.502987
-0.503614
-0.503614
-0.503770
-0.504005
-0.504474
-0.504866
-0.505179
-0.505414
-0.505492
-0.505805
-0.506118
-0.506431
-0.506509
-0.506979
-0.507214
-0.507449
-0.507918
-0.508231
-0.508310
-0.508779
-0.509405
-0.509562
-0.509405
-0.509875
-0.510110
-0.510501
-0.510893
-0.511049
-0.510971
-0.511284
-0.511832
-0.512223
-0.512458
-0.512536
-0.512928
-0.513319
-0.513397
-0.513710
-0.513867
-0.514336
-0.514336
-0.514806
-0.515197
-0.515197
-0.515902
-0.515902
-0.516215
-0.516450
-0.516606
-0.517076
-0.517467
-0.517702
-0.518328
-0.518485
-0.518407
-0.518954
-0.519189
-0.519581
-0.519815
-0.520285
-0.520598
-0.520676
-0.521224
-0.521381
-0.521850
-0.522085
-0.522320
-0.522790
-0.523103
-0.523494
-0.523572
-0.523885
-0.523964
-0.524590
-0.524825
-0.524903
-0.525059
-0.525373
-0.525999
-0.526312
-0.526625
-0.526860
-0.527251
-0.527408
-0.527955
-0.527721
-0.528112
-0.528738
-0.528582
-0.528816
-0.529443
-0.529443
-0.529756
-0.530069
-0.530147
-0.530382
-0.530773
-0.531399
-0.531634
-0.531712
-0.531947
-0.532025
-0.532182
-0.532573
-0.532886
-0.533121
-0.533513
-0.533904
-0.534217
-0.534139
-0.534374
-0.534843
-0.535078
-0.535313
-0.535704
-0.535861
-0.536095
-0.536643
-0.536878
-0.537113
-0.537348
-0.537504
-0.537583
-0.537974
-0.538052
-0.538991
-0.538991
-0.539461
-0.539305
-0.539774
-0.539852
-0.540322
-0.540792
-0.541105
-0.541183
-0.541574
-0.541887
-0.542122
-0.542357
-0.542827
-0.543296
-0.543375
-0.543609
-0.544001
-0.544001
-0.544236
-0.544470
-0.545097
-0.545253
-0.545566
-0.545879
-0.546192
-0.546271
-0.546740
-0.546897
-0.546975
-0.547679
-0.547836
-0.548306
-0.548306
-0.548932
-0.549010
-0.549088
-0.549480
-0.549949
-0.549949
-0.550106
-0.550732
-0.550732
-0.550967
-0.551358
-0.551984
-0.551984
-0.551984
-0.552376
-0.552845
-0.552923
-0.553393
-0.553863
-0.554176
-0.554567
-0.554724
-0.554958
-0.554958
-0.555428
-0.555585
-0.556054
-0.556446
-0.556680
-0.556994
-0.557228
-0.557620
-0.557620
-0.558011
-0.558481
-0.558559
-0.558950
-0.559263
-0.559420
-0.559733
-0.559889
-0.560437
-0.560672
-0.560985
-0.561377
-0.561768
-0.562238
-0.562472
-0.562394
-0.562864
-0.563099
-0.563490
-0.563960
-0.564116
-0.564429
-0.564899
-0.565055
-0.565368
-0.565212
-0.565681
-0.566151
-0.566308
-0.566856
-0.567090
-0.567403
-0.567795
-0.568030
-0.568421
-0.568264
-0.568812
-0.569047
-0.569204
-0.569360
-0.569751
-0.569986
-0.570378
-0.570534
-0.571395
-0.571239
-0.571787
-0.572021
-0.572256
-0.572647
-0.572804
-0.573117
-0.573587
-0.573665
-0.573978
-0.574213
-0.574682
-0.574996
-0.575230
-0.575465
-0.575857
-0.575935
-0.576326
-0.576717
-0.576639
-0.577187
-0.577422
-0.577500
-0.578126
-0.578361
-0.578753
-0.578909
-0.579222
-0.579770
-0.579613
-0.580161
-0.580631
-0.580944
-0.581101
-0.581414
-0.581570
-0.582196
-0.582823
-0.582901
-0.583057
-0.583449
-0.583840
-0.584075
-0.584231
-0.584858
-0.585249
-0.585171
-0.585327
-0.585797
-0.585953
-0.586579
-0.586814
-0.586893
-0.587362
-0.587675
-0.587754
-0.588145
-0.588615
-0.588771
-0.589319
-0.589319
-0.589945
-0.589945
-0.590493
-0.590650
-0.591041
-0.591276
-0.591510
-0.591589
-0.592293
-0.592685
-0.592685
-0.593232
-0.593311
-0.593546
-0.594406
-0.594328
-0.594720
-0.595033
-0.595502
-0.595424
-0.595815
-0.596207
-0.596520
-0.596441
-0.596989
-0.597224
-0.598007
-0.598007
-0.598085
-0.598555
-0.598711
-0.598868
-0.599416
-0.599572
-0.599651
-0.600198
-0.600903
-0.600746
-0.601059
-0.601686
-0.602077
-0.602312
-0.602625
-0.603251
-0.603721
-0.603877
-0.604268
-0.604268
-0.604738
-0.604973
-0.605208
-0.605364
-0.605677
-0.606303
-0.606538
-0.606695
-0.607478
-0.607399
-0.607947
-0.608260
-0.608417
-0.608730
-0.608965
-0.609199
-0.609591
-0.609904
-0.610060
-0.610608
-0.610687
-0.611000
-0.611156
-0.611704
-0.612017
-0.612252
-0.612252
-0.612956
-0.612956
-0.613426
-0.613739
-0.613661
-0.614209
-0.614444
-0.614600
-0.614913
-0.615226
-0.615461
-0.615852
-0.616087
-0.616244
-0.616713
-0.616792
-0.617183
-0.617418
-0.617809
-0.618044
-0.618357
-0.618592
-0.618748
-0.619296
-0.619296
-0.619609
-0.619766
-0.620314
-0.620549
-0.620705
-0.621488
-0.621644
-0.621644
-0.622192
-0.622427
-0.622897
-0.622818
-0.623288
-0.623523
-0.624071
-0.624149
-0.624462
-0.624619
-0.625010
-0.625558
-0.625401
-0.626106
-0.626419
-0.626732
-0.626654
-0.627123
-0.627436
-0.627749
-0.627828
-0.628141
-0.628376
-0.628923
-0.629158
-0.629471
-0.629471
-0.629863
-0.630097
-0.630332
-0.630724
-0.631037
-0.631193
-0.631506
-0.631898
-0.632211
-0.632211
-0.632602
-0.632915
-0.633385
-0.633385
-0.633620
-0.634168
-0.634481
-0.634715
-0.635028
-0.635342
-0.635655
-0.636124
-0.636203
-0.636516
-0.636672
-0.636985
-0.637298
-0.637533
-0.637924
-0.638238
-0.638394
-0.638629
-0.639020
-0.639490
-0.639412
-0.639959
-0.640116
-0.640351
-0.640586
-0.640899
-0.641525
-0.641368
-0.641995
-0.642073
-0.642464
-0.642777
-0.642934
-0.643090
-0.643482
-0.643716
-0.644186
-0.644656
-0.644969
-0.645047
-0.645360
-0.645673
-0.645751
-0.646143
-0.646691
-0.646612
-0.647317
-0.647630
-0.647708
-0.647786
-0.648256
-0.648726
-0.648882
-0.648961
-0.649352
