-0.533043
-0.533434
-0.533826
-0.533826
-0.534139
-0.534374
-0.534452
-0.534921
-0.535078
-0.535391
-0.535861
-0.536017
-0.536330
-0.536722
-0.536565
-0.537426
-0.537583
-0.537817
-0.537974
-0.538444
-0.538287
-0.538835
-0.538991
-0.539305
-0.539696
-0.540087
-0.540087
-0.540557
-0.540635
-0.541183
-0.541574
-0.541653
-0.541809
-0.542748
-0.542670
-0.542983
-0.543061
-0.543609
-0.543766
-0.544314
-0.544236
-0.544627
-0.544940
-0.544940
-0.545331
-0.545723
-0.546114
-0.546192
-0.546584
-0.547132
-0.547366
-0.547679
-0.547523
-0.548149
-0.548149
-0.548540
-0.548619
-0.548775
-0.549088
-0.549088
-0.549714
-0.550027
-0.550262
-0.550732
-0.551123
-0.551123
-0.551671
-0.552063
-0.552063
-0.552454
-0.552610
-0.553158
-0.553315
-0.553706
-0.553628
-0.554411
-0.554567
-0.554724
-0.555037
-0.555428
-0.555428
-0.555663
-0.555898
-0.556524
-0.556680
-0.556837
-0.557228
-0.557698
-0.558011
-0.557933
-0.558246
-0.558637
-0.558872
-0.559498
-0.559263
-0.559811
-0.559811
-0.560516
-0.560672
-0.561298
-0.561220
-0.561298
-0.561846
-0.562238
-0.562551
-0.562864
-0.563333
-0.563490
-0.563725
-0.564194
-0.564273
-0.564586
-0.564742
-0.565212
-0.565368
-0.565212
-0.565916
-0.566229
-0.566386
-0.566856
-0.567169
-0.567716
-0.567873
-0.568186
-0.568264
-0.568734
-0.568969
-0.569204
-0.569517
-0.569517
-0.569830
-0.570456
-0.570378
-0.570378
-0.570926
-0.571317
-0.571630
-0.572178
-0.572100
-0.572647
-0.572961
-0.573195
-0.573430
-0.573665
-0.573822
-0.574213
-0.574369
-0.574604
-0.575230
-0.575543
-0.575622
-0.576013
-0.576483
-0.576483
-0.577109
-0.577187
-0.577578
-0.577735
-0.578048
-0.578205
-0.578439
-0.578753
-0.578909
-0.579379
-0.579535
-0.580161
-0.580474
-0.580631
-0.581179
-0.581492
-0.581883
-0.582118
-0.582275
-0.582509
-0.582979
-0.583136
-0.583370
-0.583918
-0.584231
-0.584466
-0.584544
-0.585249
-0.585562
-0.585719
-0.586110
-0.586032
-0.586658
-0.586893
-0.587284
-0.587519
-0.587675
-0.588067
-0.588458
-0.588771
-0.588928
-0.589006
-0.589554
-0.589710
-0.589867
-0.590571
-0.590571
-0.590884
-0.591041
-0.591589
-0.591902
-0.591902
-0.592215
-0.592528
-0.593154
-0.593154
-0.593624
-0.593780
-0.594015
-0.594485
-0.594954
-0.595033
-0.595346
-0.595424
-0.596050
-0.596363
-0.596676
-0.597224
-0.597146
-0.597616
-0.597850
-0.598007
-0.598398
-0.598790
-0.599103
-0.599494
-0.599494
-0.599964
-0.600277
-0.600512
-0.601294
-0.601529
-0.601686
-0.602233
-0.602703
-0.602860
-0.603173
-0.603799
-0.603799
-0.604268
-0.604425
-0.604738
-0.605129
-0.605443
-0.605756
-0.605990
-0.606147
-0.606538
-0.606695
-0.606851
-0.607399
-0.607634
-0.607712
-0.608182
-0.608338
-0.608730
-0.609121
-0.609278
-0.609591
-0.609982
-0.610452
-0.610843
-0.611000
-0.611156
-0.611704
-0.611861
-0.612174
-0.612565
-0.612878
-0.613348
-0.613739
-0.613739
-0.613974
-0.614209
-0.614444
-0.614678
-0.614913
-0.615226
-0.615696
-0.616009
-0.616244
-0.616870
-0.616870
-0.617026
-0.617653
-0.617887
-0.618200
-0.618357
-0.618357
-0.618827
-0.619296
-0.619375
-0.619844
-0.620314
-0.620236
-0.620549
-0.620940
-0.621096
-0.621644
-0.621957
-0.622349
-0.622427
-0.622584
-0.623131
-0.623601
-0.623601
-0.623914
-0.624149
-0.624384
-0.624697
-0.624853
-0.625088
-0.625401
-0.625558
-0.626027
-0.626027
-0.626497
-0.626888
-0.627280
-0.627671
-0.627906
-0.628219
-0.628610
-0.629002
-0.629080
-0.629550
-0.629393
-0.629706
-0.630332
-0.630567
-0.630958
-0.631193
-0.631350
-0.631585
-0.631976
-0.632524
-0.632524
-0.632759
-0.632759
-0.633150
-0.633307
-0.633541
-0.633933
-0.634168
-0.634637
-0.634481
-0.635263
-0.635498
-0.636046
-0.636437
-0.636437
-0.636594
-0.637064
-0.637377
-0.637611
-0.638081
-0.638081
-0.638159
-0.638394
-0.639020
-0.639255
-0.639412
-0.640116
-0.640273
-0.640586
-0.641134
-0.641368
-0.641525
-0.641603
-0.642073
-0.642621
-0.642621
-0.643012
-0.643247
-0.643638
-0.643951
-0.644108
-0.644264
-0.644656
-0.645047
-0.645438
-0.645830
-0.645830
-0.645986
-0.646221
-0.646612
-0.647239
-0.647082
-0.647473
-0.647552
-0.648100
-0.648334
-0.648647
-0.648882
-0.649274
-0.649508
-0.649665
-0.650213
-0.650604
-0.650917
-0.651230
-0.651935
-0.651700
-0.652091
-0.652483
-0.652717
-0.652874
-0.653187
-0.653344
-0.653970
-0.654126
-0.654439
-0.654831
-0.654987
-0.655300
-0.655770
-0.655927
-0.656083
-0.656474
-0.656631
-0.657257
-0.657570
-0.657492
-0.657962
-0.657962
-0.658196
-0.658353
-0.658118
-0.658118
-0.658431
-0.658509
-0.658353
-0.658118
-0.658118
-0.658040
-0.658196
-0.657962
-0.657805
-0.657648
-0.657414
-0.657335
-0.657179
-0.656944
-0.656866
-0.656474
-0.656161
-0.656240
-0.655457
-0.655692
-0.655222
-0.654752
-0.654439
-0.654283
-0.653657
-0.653735
-0.653344
-0.652796
-0.652717
-0.652561
-0.652091
-0.651778
-0.651622
-0.651309
-0.650996
-0.650369
-0.650291
-0.649821
-0.649508
-0.649117
-0.648726
-0.648726
-0.648178
-0.647943
-0.647630
-0.647004
-0.646612
-0.646691
-0.646456
-0.646143
-0.645517
-0.645047
-0.644890
-0.644499
-0.644186
-0.644108
-0.643638
-0.643169
-0.642934
-0.642777
-0.642621
-0.642229
-0.641603
-0.641134
-0.640742
-0.640586
-0.640116
-0.639881
-0.639646
-0.639255
-0.638942
-0.638472
-0.638394
-0.638081
-0.637768
-0.637455
-0.637064
-0.636516
-0.636203
-0.635811
-0.636046
-0.635185
-0.635028
-0.634872
-0.634324
-0.633933
-0.633698
-0.633307
-0.632915
-0.632289
-0.632446
-0.631898
-0.631663
-0.631193
-0.630958
-0.630645
-0.630332
-0.629628
-0.629471
-0.629158
-0.628845
-0.628610
-0.628454
-0.627828
-0.627436
-0.626967
-0.626654
-0.626497
-0.626262
-0.625558
-0.625480
-0.624932
-0.624932
-0.624619
-0.624149
-0.623992
-0.623445
-0.623210
-0.623131
-0.622662
-0.622740
-0.621879
-0.621253
-0.621253
-0.620940
-0.620862
-0.620549
-0.620157
-0.619688
-0.619296
-0.619296
-0.618748
-0.618514
-0.618200
-0.617887
-0.617574
-0.617026
-0.616870
-0.616557
-0.616009
-0.615852
-0.615383
-0.615148
-0.614991
-0.614444
-0.614130
-0.613896
-0.613269
-0.612956
-0.612722
-0.612252
-0.612017
-0.611704
-0.611548
-0.611078
-0.610765
-0.610374
-0.609982
-0.609434
-0.609043
-0.609199
-0.608730
-0.608495
-0.608104
-0.607712
-0.607634
-0.607086
-0.606695
-0.606617
-0.606382
-0.605756
-0.605677
-0.605286
-0.604973
-0.604425
-0.604347
-0.603799
-0.603564
-0.603407
-0.602860
-0.602468
-0.602233
-0.601999
-0.601451
-0.600746
-0.600355
-0.599964
-0.600042
-0.599729
-0.599103
-0.598868
-0.598555
-0.598163
-0.597694
-0.597537
-0.597068
-0.596598
-0.596363
-0.596363
-0.595972
-0.595424
-0.595189
-0.594485
-0.594406
-0.594015
-0.593937
-0.593624
-0.593311
-0.592841
-0.592763
-0.592293
-0.592058
-0.591510
-0.590884
-0.590650
-0.590493
-0.590258
-0.589789
-0.589632
-0.589006
-0.588849
-0.588536
-0.588380
-0.587988
-0.587519
-0.587284
-0.587049
-0.586579
-0.586188
-0.585484
-0.585327
-0.584858
-0.584936
-0.584310
-0.584075
-0.583684
-0.583527
-0.583057
-0.582744
-0.582666
-0.582118
-0.581962
-0.581570
-0.581335
-0.581335
-0.580396
-0.580083
-0.580005
-0.579379
-0.579222
-0.578596
-0.578361
-0.578361
-0.578048
-0.577578
-0.577187
-0.577031
-0.576639
-0.576483
-0.575857
-0.575543
-0.575152
-0.574761
-0.574761
-0.574213
-0.574213
-0.573430
-0.573430
-0.572961
-0.572882
-0.572491
-0.571865
-0.571630
-0.571317
-0.571082
-0.570612
-0.570378
-0.570143
-0.569360
-0.569360
-0.568891
-0.568577
-0.568108
-0.568264
-0.567795
-0.567403
-0.567247
-0.566856
-0.566308
-0.566073
-0.565760
-0.565368
-0.564899
-0.564586
-0.564429
-0.564116
-0.563881
-0.563568
-0.563177
-0.562864
-0.562551
-0.562316
-0.561846
-0.561925
-0.560985
-0.560672
-0.560437
-0.560046
-0.559968
-0.559342
-0.559185
-0.558794
-0.558324
-0.558011
-0.557854
-0.557385
-0.556994
-0.556837
-0.556133
-0.556211
-0.555585
-0.555272
-0.554958
-0.554567
-0.554411
-0.554019
-0.553941
-0.553393
-0.553002
-0.552610
-0.552141
-0.552219
-0.551749
-0.551358
-0.551202
-0.550419
-0.550106
-0.549636
-0.549480
-0.549167
-0.548853
-0.548540
-0.548462
-0.548071
-0.547679
-0.547523
-0.547132
-0.546740
-0.546427
-0.546349
-0.546114
-0.545410
-0.545410
-0.544862
-0.544549
-0.543844
-0.543922
-0.543453
-0.543140
-0.542905
-0.542357
-0.542201
-0.542044
-0.541653
-0.541183
-0.540713
-0.540322
-0.539931
-0.539618
-0.539461
-0.538913
-0.538365
-0.538365
-0.538130
-0.537739
-0.537113
-0.537035
-0.536565
-0.536565
-0.536095
-0.535782
-0.535548
-0.535000
-0.534687
-0.534217
-0.534060
-0.533904
-0.533747
-0.533356
-0.532652
-0.532886
-0.532495
-0.532104
-0.531712
-0.531243
-0.531008
-0.530617
-0.530147
-0.529756
-0.529599
-0.528895
-0.529051
-0.528660
-0.528112
-0.528112
-0.527642
-0.527408
-0.526938
-0.526860
-0.526312
-0.525686
-0.525607
-0.525529
-0.524981
-0.524746
-0.524668
-0.524198
-0.523572
-0.523259
-0.523024
-0.522711
-0.522477
-0.521929
-0.521694
-0.521302
-0.520911
-0.520363
-0.520128
-0.519815
-0.519346
-0.519111
-0.518485
-0.518485
-0.518328
-0.517859
-0.517624
-0.517154
-0.516763
-0.516528
-0.515980
-0.515902
-0.515667
-0.514963
-0.514650
-0.514728
-0.514806
-0.514180
-0.513789
-0.513397
-0.513319
-0.512771
-0.512536
-0.512067
-0.511832
-0.511519
-0.510814
-0.510814
-0.510423
-0.510110
-0.509640
-0.509562
-0.509092
-0.508545
-0.508466
-0.508153
-0.507840
-0.507370
-0.506744
-0.506431
-0.506275
-0.505962
-0.505727
-0.505414
-0.505022
-0.504709
-0.504396
-0.504083
-0.503927
-0.503300
-0.503144
-0.502674
-0.502674
-0.501735
-0.501657
-0.501344
-0.500718
-0.500561
-0.500326
-0.499857
-0.499700
-0.499152
-0.499074
-0.498604
-0.498448
-0.497978
-0.497900
-0.497430
-0.497039
-0.496569
-0.496491
-0.496413
-0.495943
-0.495708
-0.495317
-0.494847
-0.494456
-0.494221
-0.493830
-0.493830
-0.493360
-0.493282
-0.492734
-0.492343
-0.491795
-0.491560
-0.491403
-0.491012
-0.490934
-0.490464
-0.489995
-0.489916
-0.489290
-0.488899
-0.488821
-0.488586
-0.488273
-0.487881
-0.487803
-0.487333
-0.487255
-0.486707
-0.486472
-0.486238
-0.486159
-0.485925
-0.485377
-0.484985
-0.484594
-0.484437
-0.484203
-0.483733
-0.483576
-0.483107
-0.482715
-0.482089
-0.482402
-0.481855
-0.481307
-0.481385
-0.480680
-0.480133
-0.479898
-0.479585
-0.479506
-0.479037
-0.478645
-0.478489
-0.478176
-0.477941
-0.477237
-0.477158
-0.476689
-0.476532
-0.476063
-0.475593
-0.475358
-0.475045
-0.475202
-0.474497
-0.474419
-0.474106
-0.473714
-0.473401
-0.473010
-0.472697
-0.472306
-0.472071
-0.471679
-0.471288
-0.470975
-0.470662
-0.470505
-0.469957
-0.469644
-0.469410
-0.469175
-0.468783
-0.468236
-0.468079
-0.467453
-0.467531
-0.466983
-0.466983
-0.466670
-0.466279
-0.466279
-0.465809
-0.465574
-0.465105
-0.464792
-0.464479
-0.464244
-0.463539
-0.463383
-0.463226
-0.462678
-0.462522
-0.462444
-0.461896
-0.461504
-0.460956
-0.460956
-0.460487
-0.460330
-0.459939
-0.459391
-0.459235
-0.458921
-0.458843
-0.458608
-0.458217
-0.457904
-0.457356
-0.457356
-0.457200
-0.456495
-0.456182
-0.455712
-0.455321
-0.455243
-0.454695
-0.454695
-0.454382
-0.454225
-0.453677
-0.453443
-0.453051
-0.452738
-0.452190
-0.451877
-0.451877
-0.451486
-0.451094
-0.451016
-0.450547
-0.450234
-0.449920
-0.449529
-0.449138
-0.448746
-0.448590
-0.448277
-0.447807
-0.447729
-0.447181
-0.447024
-0.446868
-0.446477
-0.446085
-0.446320
-0.445694
-0.445224
-0.445068
-0.444755
-0.444285
-0.444207
-0.443659
-0.443424
-0.442876
-0.442876
-0.442563
-0.442250
-0.441937
-0.441467
-0.441232
-0.440763
-0.440528
-0.439745
-0.439511
-0.439197
-0.439276
-0.438650
-0.438493
-0.438023
-0.437632
-0.437632
-0.437476
-0.436849
-0.436380
-0.435988
-0.436067
-0.436145
-0.435597
-0.434971
-0.434580
-0.434032
-0.434110
-0.433797
-0.433171
-0.433014
-0.432858
-0.432310
-0.432231
-0.431918
-0.431370
-0.431214
-0.430901
-0.430431
-0.430275
-0.429649
-0.429414
-0.428788
-0.428553
-0.428318
-0.428083
-0.427848
-0.427457
-0.427222
-0.427144
-0.426518
-0.426283
-0.425813
-0.425422
-0.425422
-0.425187
-0.424483
-0.424248
-0.424170
-0.423778
-0.423465
-0.423074
-0.422761
-0.422604
-0.422448
-0.421822
-0.421430
-0.421039
-0.420726
-0.420413
-0.420100
-0.420021
-0.419317
-0.419082
-0.418847
-0.418613
-0.418299
-0.417673
-0.417438
-0.417282
-0.417125
-0.416499
-0.416108
-0.415873
-0.415717
-0.415560
-0.414856
-0.414621
-0.414386
-0.414073
-0.413682
-0.413525
-0.413055
-0.412821
-0.412507
-0.412273
-0.411960
-0.411490
-0.411333
-0.410942
-0.410551
-0.410394
-0.410003
-0.409611
-0.409142
-0.409220
-0.408985
-0.408281
-0.407890
-0.407655
-0.407498
-0.407498
-0.407107
-0.406794
-0.406246
-0.405776
-0.405385
-0.405463
-0.404915
-0.404524
-0.404289
-0.403976
-0.403506
-0.403272
-0.403115
-0.402959
-0.402411
-0.401863
-0.401628
-0.401002
-0.400689
-0.400063
-0.399749
-0.399515
-0.399045
-0.399045
-0.398497
-0.398341
-0.398262
-0.397949
-0.397558
-0.397245
-0.396932
-0.397088
-0.396540
-0.396071
-0.395836
-0.395523
-0.395366
-0.394897
-0.394349
-0.394427
-0.393801
-0.393410
-0.393097
-0.393018
-0.392470
-0.392236
-0.392079
-0.391531
-0.391218
-0.390983
-0.390592
-0.390592
-0.390435
-0.389653
-0.389574
-0.389183
-0.389105
-0.388792
-0.388322
-0.387931
-0.387696
-0.387226
-0.386835
-0.386678
-0.386444
-0.386444
-0.386287
-0.386209
-0.385426
-0.385113
-0.384800
-0.384174
-0.384017
-0.383782
-0.383469
-0.383313
-0.383000
-0.382843
-0.382608
-0.382452
-0.382061
-0.381669
-0.381434
-0.381121
-0.380652
-0.380026
-0.379869
-0.379478
-0.379399
-0.379008
-0.378773
-0.378460
-0.378304
-0.378069
-0.377521
-0.377208
-0.377130
-0.376582
-0.376503
-0.376347
-0.375955
-0.375642
-0.375251
-0.374938
-0.374938
-0.374468
-0.374468
-0.374155
-0.373607
-0.373529
-0.373138
-0.372355
-0.372277
-0.372042
-0.371651
-0.371651
-0.371494
-0.371024
-0.370633
-0.370477
-0.370007
-0.369772
-0.369459
-0.369146
-0.368833
-0.368755
-0.368207
-0.368128
-0.367581
-0.367581
-0.367268
-0.367033
-0.366720
-0.366720
-0.365780
-0.365311
-0.365154
-0.364685
-0.364372
-0.364372
-0.363902
-0.363824
-0.363511
-0.363276
-0.363041
-0.362571
-0.362728
-0.362571
-0.361945
-0.361319
-0.360928
-0.360223
-0.360536
-0.359988
-0.359441
-0.359049
-0.359049
-0.358736
-0.358188
-0.357953
-0.357875
-0.357562
-0.357406
-0.357014
-0.356545
-0.356545
-0.355918
-0.355918
-0.355527
-0.355136
-0.355057
-0.354666
-0.354510
-0.353883
-0.353805
-0.353805
-0.353101
-0.352866
-0.352553
-0.352318
-0.352083
-0.351848
-0.351535
-0.351300
-0.350831
-0.350440
-0.349892
-0.349813
-0.349500
-0.349265
-0.348718
-0.348561
-0.348248
-0.348013
-0.347700
-0.347309
-0.347309
-0.346996
-0.346604
-0.346056
-0.345978
-0.345900
-0.345430
-0.345117
-0.344961
-0.344648
-0.344413
-0.344021
-0.343943
-0.343552
-0.343082
-0.343004
-0.342613
-0.342534
-0.342065
-0.341830
-0.341360
-0.341204
-0.340969
-0.340499
-0.340343
-0.339795
-0.339638
-0.339403
-0.338856
-0.338464
-0.338229
-0.338308
-0.337916
-0.337525
-0.337212
-0.337055
-0.336586
-0.336586
-0.336116
-0.335803
-0.335412
-0.335412
-0.335099
-0.334786
-0.334316
-0.333846
-0.334081
-0.333612
-0.333064
-0.333220
-0.332907
-0.332594
-0.332281
-0.331811
-0.331498
-0.331420
-0.330950
-0.330637
-0.330324
-0.330089
-0.329855
-0.329307
-0.328994
-0.328759
-0.328524
-0.328289
-0.327898
-0.327741
-0.327428
-0.327272
-0.326959
-0.326411
-0.326019
-0.325863
-0.325550
-0.325158
-0.325002
-0.324767
-0.324141
-0.324219
-0.323906
-0.323358
-0.323202
-0.323202
-0.322810
-0.322341
-0.321871
-0.321793
-0.321480
-0.321323
-0.321088
-0.321167
-0.320462
-0.320384
-0.320149
-0.319523
-0.319132
-0.318584
-0.318427
-0.318505
-0.318114
-0.318036
-0.317488
-0.317097
-0.316784
-0.316549
-0.316236
-0.316157
-0.315609
-0.315375
-0.315218
-0.315140
-0.314592
-0.314279
-0.314122
-0.313966
-0.313731
-0.313340
-0.313027
-0.312713
-0.312713
-0.312244
-0.312322
-0.311539
-0.311618
-0.310992
-0.310913
-0.310522
-0.310209
-0.309896
-0.309896
-0.309426
-0.309270
-0.309035
-0.308409
-0.308252
-0.307861
-0.307626
-0.307391
-0.307235
-0.306843
-0.306687
-0.306530
-0.306217
-0.305904
-0.305591
-0.305356
-0.304730
-0.304730
-0.304730
-0.304417
-0.304026
-0.303791
-0.303556
-0.302851
-0.302773
-0.302617
-0.302460
-0.302069
-0.301677
-0.301912
-0.301364
-0.300895
-0.300425
-0.300582
-0.299799
-0.299877
-0.299486
-0.299016
-0.299016
-0.298703
-0.298312
-0.298155
-0.297607
-0.297451
-0.297451
-0.296746
-0.296433
-0.296277
-0.296042
-0.295885
-0.295572
-0.295259
-0.294868
-0.294633
-0.294164
-0.294320
-0.294242
-0.293772
-0.293459
-0.293616
-0.293224
-0.292676
-0.292598
-0.292207
-0.291972
-0.291659
-0.291424
-0.291111
-0.290954
-0.290720
-0.290407
-0.290172
-0.289937
-0.289389
-0.289233
-0.289154
-0.288606
-0.288606
-0.288215
-0.287902
-0.287511
-0.287432
-0.287119
-0.286963
-0.286806
-0.286571
-0.286258
-0.285945
-0.285710
-0.285319
-0.284771
-0.284693
-0.284458
-0.283988
-0.283284
-0.283519
-0.283362
-0.283362
-0.282814
-0.282423
-0.282345
-0.282110
-0.281719
-0.281562
-0.281249
-0.280858
-0.280466
-0.280388
-0.279997
-0.279684
-0.279371
-0.279136
-0.278901
-0.278588
-0.278353
-0.278118
-0.277649
-0.277414
-0.277414
-0.277257
-0.277022
-0.276631
-0.276553
-0.276083
-0.276005
-0.275535
-0.275535
-0.274987
-0.274753
-0.274518
-0.274048
-0.274283
-0.273813
-0.273735
-0.273579
-0.273187
-0.273109
-0.272796
-0.272483
-0.272013
-0.271935
-0.271465
-0.271544
-0.271544
-0.270761
-0.270683
-0.270526
-0.270135
-0.269900
-0.269509
-0.269195
-0.269039
-0.268804
-0.268648
-0.268335
-0.268178
-0.267787
-0.267943
-0.267474
-0.267082
-0.267004
-0.266456
-0.266378
-0.266065
-0.265673
-0.265595
-0.265125
-0.265125
-0.264656
-0.264108
-0.264578
-0.263873
-0.263795
-0.263169
-0.262856
-0.262699
-0.262464
-0.262464
-0.262151
-0.261995
-0.261760
-0.261682
-0.261290
-0.261055
-0.260586
-0.260273
-0.260038
-0.259960
-0.259333
-0.259177
-0.259020
-0.258942
-0.258942
-0.258551
-0.258003
-0.257925
-0.257612
-0.257690
-0.257064
-0.256829
-0.256672
-0.256516
-0.256438
-0.256281
-0.255890
-0.255811
-0.255342
-0.255342
-0.254950
-0.254716
-0.254402
-0.254168
-0.254011
-0.253933
-0.253620
-0.253463
-0.253072
-0.252994
-0.252681
-0.252367
-0.252367
-0.251898
-0.251898
-0.251428
-0.251193
-0.251272
-0.251115
-0.250724
-0.250254
-0.250332
-0.250098
-0.249863
-0.248845
-0.249315
-0.248845
-0.248611
-0.248767
-0.248454
-0.247984
-0.247984
-0.247750
-0.247828
-0.247515
-0.247123
-0.246967
-0.246732
-0.246419
-0.246184
-0.246028
-0.246028
-0.245949
-0.245715
-0.245401
-0.245167
-0.244854
-0.244540
-0.243993
-0.244227
-0.243836
-0.243601
-0.243601
-0.243288
-0.243288
-0.243132
-0.242662
-0.242271
-0.242192
-0.242036
-0.241253
-0.241410
-0.241018
-0.240705
-0.240862
-0.240236
-0.240392
-0.240079
-0.239844
-0.239688
-0.239218
-0.239218
-0.238749
-0.238670
-0.238279
-0.238201
-0.237966
-0.237888
-0.237731
-0.237731
-0.237183
-0.237183
-0.237027
-0.236714
-0.236479
-0.236087
-0.236009
-0.235774
-0.235461
-0.235539
-0.234757
-0.234678
-0.234600
-0.234287
-0.234131
-0.233739
-0.233739
-0.233739
-0.233348
-0.233191
-0.233035
-0.232878
-0.232643
-0.232722
-0.232409
-0.232096
-0.231939
-0.231626
-0.231704
-0.231469
-0.230843
-0.230687
-0.230530
-0.230530
-0.230452
-0.230061
-0.229748
-0.229669
-0.229826
-0.229669
-0.229200
-0.228965
-0.228730
-0.228573
-0.228495
-0.228182
-0.228260
-0.228182
-0.228026
-0.227478
-0.227243
-0.227399
-0.226930
-0.227008
-0.226695
-0.226538
-0.226382
-0.225991
-0.225991
-0.225756
-0.225599
-0.225208
-0.225286
-0.224973
-0.224895
-0.224347
-0.224425
-0.224190
-0.223956
-0.223721
-0.223799
-0.223721
-0.223486
-0.223173
-0.222860
-0.222781
-0.222860
-0.222468
-0.222390
-0.221999
-0.222077
-0.221921
-0.221842
-0.221529
-0.221529
-0.221373
-0.221294
-0.220903
-0.220512
-0.220512
-0.219964
-0.219964
-0.219807
-0.219494
-0.219103
-0.219338
-0.219259
-0.219259
-0.219025
-0.218555
-0.218477
-0.218164
-0.218085
-0.217850
-0.217694
-0.217616
-0.217694
-0.217459
-0.217224
-0.217068
-0.216911
-0.216833
-0.216833
-0.216442
-0.216442
-0.216129
-0.215815
-0.216050
-0.215815
-0.215502
-0.215502
-0.215581
-0.215346
-0.215111
-0.215111
-0.214720
-0.214407
-0.214485
-0.214485
-0.214172
-0.213859
-0.213859
-0.213859
-0.213546
-0.213467
-0.213154
-0.213389
-0.212841
-0.212841
-0.212841
-0.212606
-0.212450
-0.212450
-0.212685
-0.212215
-0.212137
-0.211980
-0.211980
-0.211667
-0.211824
-0.211589
-0.211276
-0.211276
-0.210806
-0.210963
-0.210884
-0.210884
-0.210650
-0.210415
-0.210102
-0.209867
-0.210024
-0.209789
-0.209710
-0.209397
-0.209554
-0.209632
-0.209476
-0.209397
-0.209319
-0.209084
-0.208615
-0.208693
-0.208849
-0.208615
-0.208458
-0.208380
-0.208302
-0.208302
-0.208223
-0.207910
-0.207597
-0.207519
-0.207519
-0.207128
-0.207049
-0.207049
-0.207206
-0.207206
-0.207206
-0.207362
-0.206893
-0.206736
-0.206814
-0.206580
-0.206501
-0.206501
-0.206267
-0.206110
-0.206110
-0.206345
-0.206032
-0.206110
-0.205797
-0.205640
-0.205093
-0.205327
-0.205406
-0.205406
-0.205327
-0.205093
-0.205093
-0.205093
-0.204936
-0.204858
-0.204858
-0.204779
-0.204466
-0.204623
-0.204388
-0.204779
-0.204388
-0.204466
-0.204545
-0.204545
-0.204388
-0.204232
-0.204153
-0.203918
-0.203527
-0.203605
-0.203527
-0.203527
-0.203527
-0.203371
-0.203605
-0.203605
-0.203371
-0.203136
-0.203371
-0.202979
-0.202979
-0.203136
-0.202744
-0.202979
-0.202979
-0.203058
-0.203136
-0.202901
-0.202901
-0.202744
-0.202510
-0.202510
-0.202275
-0.202744
-0.202510
-0.202588
-0.202666
-0.202510
-0.202744
-0.202431
-0.202275
-0.202275
-0.202040
-0.202275
-0.202118
-0.202118
-0.201883
-0.202353
-0.202510
-0.202040
-0.202275
-0.202275
-0.201727
-0.201570
-0.201805
-0.201649
-0.201805
-0.202118
-0.202118
-0.202197
-0.201805
-0.201883
-0.201649
-0.201805
-0.201727
-0.201649
-0.201649
-0.201727
-0.201883
-0.201414
-0.201883
-0.201962
-0.202040
-0.201883
-0.201883
-0.202040
-0.201492
-0.201805
-0.201649
-0.201727
-0.201805
-0.202118
-0.202040
-0.201962
-0.202197
-0.201962
-0.202197
-0.201962
-0.201727
-0.202040
-0.201805
-0.201805
-0.202040
-0.202040
-0.202275
-0.202353
-0.202275
-0.201883
-0.201649
-0.201962
-0.201962
-0.201805
-0.202275
-0.201962
-0.201805
-0.202197
-0.202353
-0.202353
-0.202275
-0.202118
-0.202197
-0.202040
-0.202197
-0.202353
-0.202275
-0.202118
-0.202510
-0.202510
-0.202744
-0.202510
-0.202431
-0.202510
-0.202275
-0.202588
-0.202588
-0.202744
-0.203058
-0.202823
-0.203136
-0.202901
-0.202979
-0.203214
-0.202979
-0.202979
-0.203136
-0.203214
-0.203136
-0.203292
-0.203136
-0.203527
-0.203449
-0.203292
-0.203527
-0.203292
-0.203449
-0.203371
-0.203605
-0.203527
-0.203527
-0.203605
-0.203684
-0.203684
-0.203997
-0.203684
-0.203605
-0.203997
-0.203918
-0.204153
-0.204075
-0.204310
-0.204545
-0.203997
-0.204388
-0.204232
-0.204232
-0.204075
-0.204388
-0.204701
-0.204623
-0.204858
-0.205014
-0.204936
-0.205093
-0.205014
-0.205014
-0.205014
-0.204858
-0.204936
-0.205014
-0.205484
-0.205327
-0.205640
-0.205406
-0.205562
-0.205640
-0.205640
-0.205719
-0.205484
-0.205719
-0.206032
-0.206110
-0.206267
-0.206188
-0.206188
-0.206110
-0.206267
-0.206345
-0.206423
-0.206110
-0.206423
-0.206658
-0.206658
-0.206658
-0.206893
-0.206814
-0.206814
-0.207128
-0.206971
-0.206971
-0.206971
-0.207284
-0.207362
-0.207362
-0.207519
-0.207754
-0.207519
-0.207519
-0.207675
-0.207675
-0.207597
-0.207832
-0.207597
-0.207910
-0.207989
-0.208067
-0.207910
-0.207910
-0.207989
-0.208145
-0.208145
-0.208145
-0.208380
-0.208380
-0.208536
-0.208380
-0.208615
-0.208458
-0.208458
-0.208849
-0.208849
-0.208771
-0.208849
-0.208928
-0.208928
-0.208771
-0.209084
-0.208928
-0.209084
-0.209163
-0.209163
-0.209084
-0.209084
-0.209084
-0.209163
-0.209084
-0.209710
-0.209476
-0.209476
-0.209789
-0.209554
-0.209397
-0.209554
-0.209632
-0.209789
-0.209789
-0.209867
-0.210180
-0.209789
-0.209945
-0.209710
-0.210102
-0.209945
-0.210024
-0.209945
-0.209945
-0.209867
-0.210102
-0.210258
-0.210102
-0.209945
-0.210258
-0.210180
-0.209867
-0.210337
-0.210180
-0.209945
-0.210258
-0.209945
-0.210258
-0.209945
-0.209867
-0.209945
-0.209867
-0.209867
-0.209789
-0.209789
-0.209789
-0.209632
-0.209945
-0.209789
-0.209945
-0.209789
-0.209476
-0.209241
-0.209554
-0.209554
-0.209789
-0.209476
-0.209397
-0.209319
-0.209554
-0.209397
-0.209319
-0.209319
-0.209006
-0.208928
-0.208849
-0.208693
-0.208536
-0.208693
-0.208458
-0.208615
-0.208380
-0.208302
-0.208145
-0.207989
-0.208067
-0.207597
-0.208067
-0.207597
-0.207519
-0.207597
-0.207754
-0.207362
-0.207441
-0.207128
-0.207128
-0.206736
-0.206736
-0.206423
-0.206345
-0.206110
-0.206345
-0.206267
-0.206032
-0.206032
-0.205953
-0.205484
-0.205171
-0.204701
-0.205093
-0.204779
-0.204779
-0.204232
-0.204388
-0.204310
-0.203840
-0.203527
-0.203214
-0.202901
-0.202744
-0.202744
-0.202431
-0.202353
-0.202431
-0.202040
-0.201805
-0.201492
-0.201179
-0.200788
-0.200944
-0.200318
-0.200005
-0.199535
-0.199301
-0.199066
-0.198753
-0.198361
-0.198205
-0.197735
-0.197579
-0.197422
-0.197266
-0.196952
-0.196796
-0.196483
-0.196405
-0.196091
-0.195778
-0.195465
-0.195152
-0.194917
-0.194604
-0.194056
-0.193743
-0.193587
-0.193430
-0.193196
-0.192882
-0.192882
-0.192178
-0.191865
-0.191708
-0.191004
-0.190769
-0.190534
-0.189986
-0.189517
-0.189360
-0.188891
-0.188265
-0.188030
-0.187325
-0.187090
-0.186934
-0.186151
-0.186308
-0.185369
-0.185290
-0.185055
-0.184508
-0.184038
-0.183568
-0.183177
-0.182629
-0.182316
-0.182003
-0.181455
-0.181064
-0.180751
-0.180359
-0.179968
-0.179655
-0.178950
-0.178324
-0.177698
-0.177620
-0.177307
-0.176759
-0.176289
-0.175976
-0.175663
-0.175037
-0.174489
-0.173550
-0.173080
-0.172532
-0.172454
-0.172141
-0.171437
-0.171437
-0.170262
-0.170028
-0.169245
-0.168854
-0.168306
-0.167680
-0.167132
-0.166584
-0.165879
-0.165801
-0.165175
-0.164784
-0.164549
-0.163766
-0.162670
-0.162279
-0.161653
-0.160948
-0.160244
-0.159853
-0.159618
-0.158522
-0.158444
-0.158052
-0.157113
-0.156017
-0.155391
-0.155078
-0.154765
-0.153826
-0.153513
-0.153278
-0.152652
-0.152260
-0.151556
-0.150538
-0.149678
-0.148973
-0.148738
-0.148034
-0.147486
-0.147095
-0.146312
-0.145921
-0.145294
-0.144277
-0.143651
-0.143103
-0.142320
-0.141694
-0.140990
-0.140520
-0.140050
-0.139737
-0.139111
-0.137859
-0.137154
-0.136450
-0.135824
-0.135198
-0.134650
-0.134180
-0.133710
-0.133319
-0.132771
-0.132067
-0.130658
-0.129875
-0.129327
-0.129014
-0.128232
-0.128075
-0.127214
-0.126901
-0.126353
-0.125805
-0.124944
-0.123457
-0.122988
-0.122440
-0.121892
-0.120952
-0.120326
-0.119622
-0.119152
-0.118291
-0.117665
-0.116413
-0.115787
-0.115161
-0.114613
-0.113908
-0.113126
-0.112734
-0.112186
-0.111560
-0.110621
-0.109760
-0.108821
-0.108273
-0.107725
-0.107099
-0.106551
-0.105690
-0.105220
-0.104985
-0.103968
-0.103029
-0.101855
-0.101072
-0.100524
-0.099663
-0.099037
-0.098176
-0.097941
-0.097315
-0.096845
-0.096376
-0.095045
-0.094028
-0.093636
-0.093088
-0.092541
-0.091836
-0.091132
-0.090427
-0.089801
-0.089018
-0.088392
-0.087296
-0.086514
-0.086122
-0.085340
-0.084479
-0.083774
-0.082913
-0.082522
-0.081818
-0.080722
-0.079469
-0.078843
-0.078217
-0.077513
-0.076730
-0.076339
-0.075556
-0.075008
-0.074617
-0.073599
-0.072190
-0.071877
-0.071095
-0.070390
-0.069451
-0.068825
-0.068199
-0.067729
-0.067338
-0.066477
-0.065224
-0.064520
-0.064207
-0.063737
-0.062876
-0.062172
-0.061389
-0.060528
-0.059824
-0.059041
-0.057789
-0.057006
-0.056615
-0.056223
-0.055597
-0.054815
-0.053797
-0.053484
-0.053014
-0.052623
-0.051214
-0.050510
-0.049884
-0.049414
-0.048788
-0.047692
-0.047144
-0.046440
-0.046048
-0.045500
-0.044326
-0.043231
-0.042683
-0.042683
-0.041900
-0.041117
-0.040100
-0.039317
-0.038847
-0.038143
-0.037360
-0.036343
-0.035795
-0.035247
-0.034464
-0.033916
-0.032899
-0.032116
-0.031412
-0.031177
-0.030160
-0.029142
-0.028359
-0.028359
-0.027811
-0.026950
-0.026246
-0.025463
-0.024602
-0.024211
-0.023585
-0.022646
-0.022176
-0.021706
-0.021080
-0.020298
-0.019671
-0.018576
-0.018263
-0.017558
-0.017088
-0.016228
-0.015210
-0.014897
-0.013958
-0.013566
-0.013175
-0.012157
-0.011610
-0.011062
-0.010436
-0.009653
-0.009027
-0.008244
-0.008009
-0.007305
-0.006757
-0.006287
-0.005191
-0.004487
-0.004174
-0.003235
-0.002530
-0.001826
-0.001435
-0.001043
-0.000495
0.000131
0.000992
0.001383
0.001853
0.002479
0.003183
0.003966
0.004514
0.004592
0.005375
0.006236
0.006862
0.007488
0.008114
0.008427
0.009523
0.009915
0.010697
0.011167
0.011637
0.012419
0.013358
0.014141
0.014376
0.015237
0.015863
0.016254
0.017115
0.017194
0.017898
0.018446
0.018994
0.019698
0.020716
0.021029
0.022046
0.022360
0.022751
0.023455
0.023768
0.024473
0.025490
0.026038
0.026899
0.027290
0.028073
0.028699
0.029326
0.029482
0.030030
0.030813
0.031752
0.032221
0.032926
0.033396
0.034100
0.034726
0.035352
0.035744
0.036292
0.036761
0.037622
0.038561
0.038953
0.039814
0.040283
0.041223
0.041770
0.042083
0.042631
0.042944
0.043336
0.044353
0.045058
0.045449
0.046075
0.046936
0.047406
0.047719
0.048189
0.048658
0.048893
0.050067
0.050693
0.051085
0.051789
0.052493
0.052806
0.053198
0.053824
0.054059
0.054685
0.055781
0.056485
0.057033
0.057268
0.058051
0.058364
0.058833
0.059068
0.059694
0.060242
0.061103
0.061886
0.062668
0.062982
0.063295
0.063921
0.064312
0.064547
0.065095
0.065956
0.066660
0.067599
0.067756
0.068382
0.068539
0.069165
0.069869
0.070417
0.070574
0.071122
0.071826
0.072609
0.073391
0.073783
0.074644
0.075035
0.075426
0.075818
0.076131
0.076914
0.077775
0.078322
0.078870
0.079262
0.079966
0.080357
0.080905
0.081218
0.081766
0.082471
0.083019
0.083645
0.084584
0.084975
0.085210
0.085993
0.086306
0.086932
0.087245
0.087715
0.088497
0.089358
0.089985
0.090454
0.091080
0.091393
0.091472
0.092020
0.092568
0.093037
0.093585
0.094289
0.095150
0.095620
0.095855
0.096324
0.096872
0.097499
0.097890
0.098281
0.098907
0.099690
0.100081
0.100708
0.101177
0.101490
0.102195
0.102351
0.102743
0.103447
0.104073
0.104699
0.105012
0.105482
0.105873
0.106421
0.107126
0.107439
0.107517
0.108378
0.108456
0.109630
0.110100
0.110491
0.111117
0.111509
0.112057
0.112135
0.112761
0.113387
0.114013
0.114718
0.114953
0.115344
0.115814
0.116440
0.116831
0.117222
0.117692
0.118162
0.118944
0.119101
0.119727
0.120432
0.121058
0.121293
0.121919
0.122232
0.122623
0.123093
0.123641
0.124502
0.124502
0.125206
0.125519
0.125832
0.126302
0.126771
0.127006
0.127867
0.128415
0.128572
0.128885
0.129511
0.129824
0.130215
0.130763
0.131076
0.131546
0.132250
0.132955
0.133111
0.133737
0.133894
0.134442
0.134990
0.135225
0.135772
0.136477
0.136946
0.137181
0.137964
0.138355
0.138747
0.139138
0.139451
0.140156
0.140312
0.140860
0.141564
0.141877
0.142347
0.142973
0.143208
0.143678
0.144304
0.144617
0.144852
0.145321
0.146026
0.146417
0.146808
0.147122
0.147200
0.147826
0.147983
0.148687
0.149078
0.149391
0.149783
0.150565
0.151035
0.151192
0.151661
0.152209
0.152679
0.152992
0.153461
0.153774
0.154557
0.154870
0.155418
0.155418
0.156044
0.156357
0.156905
0.157297
0.157766
0.158158
0.158627
0.158784
0.159645
0.160114
0.160349
0.160584
0.161288
0.161445
0.162306
0.162541
0.163167
0.163323
0.163715
0.164184
0.164654
0.165045
0.165671
0.165906
0.166298
0.166611
0.167080
0.167472
0.167863
0.168411
0.168881
0.169350
0.169820
0.170368
0.170681
0.171229
0.171698
0.171933
0.172246
0.172559
0.173107
0.173498
0.174125
0.174673
0.174751
0.175299
0.175690
0.176238
0.176394
0.176864
0.177255
0.177412
0.178429
0.178586
0.178664
0.179134
0.179682
0.179917
0.180230
0.180621
0.181325
0.181717
0.182265
0.182656
0.183126
0.183282
0.183830
0.184300
0.184535
0.184613
0.185161
0.185787
0.186256
0.186804
0.186961
0.187509
0.187744
0.188135
0.188526
0.188918
0.188996
0.190092
0.190248
0.190640
0.191266
0.191657
0.192440
0.192596
0.193222
0.193222
0.193849
0.194397
0.195023
0.195257
0.195492
0.195727
0.196197
0.196979
0.196901
0.197292
0.197997
0.198467
0.198858
0.199093
0.199719
0.200267
0.200580
0.200815
0.201363
0.201519
0.202302
0.203006
0.203398
0.203632
0.203945
0.204337
0.204806
0.204963
0.205433
0.205354
0.205980
0.206607
0.206841
0.207389
0.207389
0.207859
0.208172
0.208485
0.208563
0.209189
0.209972
0.210755
0.211225
0.211538
0.211616
0.212164
0.212477
0.212790
0.213338
0.213573
0.214120
0.214825
0.215060
0.215451
0.215921
0.216077
0.216312
0.216782
0.217330
0.217877
0.218112
0.218347
0.219208
0.219365
0.219756
0.220226
0.220382
0.220695
0.221478
0.221947
0.222495
0.222730
0.223278
0.223748
0.223904
0.223904
0.224217
0.224765
0.225548
0.225704
0.226174
0.226487
0.227192
0.227270
0.227583
0.228053
0.228444
0.228600
0.229696
0.229853
0.230088
0.230635
0.231027
0.231262
0.231575
0.231809
0.232044
0.233062
0.233375
0.233844
0.233844
0.234079
0.234549
0.235097
0.235175
0.235566
0.235958
0.236114
0.237054
0.237367
0.237758
0.237993
0.238384
0.238619
0.239167
0.239010
0.239715
0.240497
0.240654
0.240967
0.241202
0.241828
0.242219
0.242532
0.242767
0.243080
0.243706
0.244098
0.244254
0.244802
0.245037
0.245585
0.245898
0.246133
0.246446
0.246759
0.247542
0.247855
0.248324
0.248246
0.248794
0.248951
0.249264
0.249655
0.249968
0.250281
0.250672
0.251220
0.251533
0.251847
0.252316
0.252942
0.253255
0.253490
0.253568
0.254429
0.254664
0.254977
0.255212
0.255369
0.255682
0.256230
0.256464
0.256699
0.257247
0.257482
0.257795
0.258265
0.258813
0.259126
0.259595
0.259674
0.259595
0.259908
0.260378
0.261082
0.261317
0.261709
0.261865
0.262413
0.262804
0.262804
0.263352
0.263978
0.263978
0.264683
0.264605
0.265074
0.265465
0.265700
0.266170
0.266640
0.266796
0.267266
0.267422
0.267735
0.268596
0.268283
0.268675
0.269144
0.269614
0.269770
0.270240
0.271023
0.271414
0.271571
0.271727
0.272197
0.272431
0.273136
0.273214
0.273449
0.273684
0.274153
0.274858
0.275014
0.274936
0.275641
0.275954
0.276110
0.276345
0.276815
0.277362
0.277597
0.278380
0.278537
0.278771
0.279241
0.279476
0.279711
0.279789
0.280337
0.281119
0.281354
0.281589
0.282059
0.282528
0.282685
0.283076
0.283781
0.284172
0.284485
0.284955
0.285189
0.285424
0.285737
0.286050
0.286207
0.286520
0.287068
0.287146
0.287616
0.288085
0.288633
0.288633
0.288868
0.289651
0.289964
0.290434
0.290903
0.291295
0.291686
0.292077
0.292234
0.292782
0.293251
0.293564
0.293956
0.293956
0.294425
0.295051
0.295521
0.295599
0.295834
0.296617
0.297008
0.297086
0.297791
0.297791
0.298574
0.298495
0.298730
0.299200
0.299669
0.299982
0.300061
0.300687
0.301313
0.301391
0.301704
0.302096
0.302487
0.302878
0.303505
0.303661
0.304209
0.304522
0.304600
0.305148
0.305461
0.306088
0.306322
0.306401
0.306714
0.307183
0.307809
0.307966
0.308514
0.308670
0.309297
0.309375
0.309766
0.310079
0.310314
0.310784
0.311253
0.311723
0.311723
0.312271
0.312897
0.312819
0.313288
0.313680
0.313758
0.314228
0.314697
0.315167
0.315323
0.315636
0.315715
0.316106
0.316419
0.316732
0.317358
0.317437
0.317828
0.318376
0.318532
0.318845
0.319472
0.319706
0.319941
0.320176
0.320959
0.320959
0.321428
0.322133
0.322368
0.322368
0.322994
0.323307
0.323620
0.323933
0.324481
0.324716
0.324951
0.325420
0.325420
0.325811
0.326281
0.326516
0.326829
0.327220
0.327455
0.327847
0.328160
0.328707
0.328864
0.329255
0.329490
0.329568
0.330273
0.330664
0.330977
0.331447
0.331917
0.332073
0.332386
0.332386
0.332464
0.333325
0.333560
0.333952
0.333873
0.334265
0.334813
0.334891
0.335204
0.335282
0.335752
0.336143
0.336613
0.336613
0.337395
0.337630
0.337552
0.338100
0.338256
0.338648
0.338804
0.339274
0.339509
0.339744
0.340213
0.340448
0.340839
0.341231
0.341622
0.341779
0.342170
0.342561
0.342953
0.343187
0.343422
0.343970
0.343892
0.344127
0.344361
0.344909
0.345457
0.345535
0.345927
0.346318
0.346553
0.346944
0.347179
0.347336
0.347727
0.347962
0.348353
0.348588
0.349136
0.349058
0.349527
0.349684
0.350075
0.350780
0.350858
0.350936
0.351562
0.351954
0.352188
0.352501
0.352658
0.353049
0.353284
0.353676
0.354067
0.354380
0.354537
0.354771
0.355319
0.355945
0.355789
0.356493
0.356728
0.356885
0.357198
0.357432
0.357746
0.357980
0.358215
0.358528
0.358998
0.359154
0.359781
0.360172
0.360250
0.360798
0.361033
0.361346
0.361894
0.362363
0.362520
0.362911
0.363146
0.363694
0.364007
0.364085
0.364946
0.365025
0.365181
0.365651
0.365807
0.366042
0.366434
0.366825
0.367060
0.367529
0.367686
0.367999
0.368390
0.368547
0.369173
0.369095
0.369564
0.369799
0.370504
0.370660
0.370973
0.371678
0.371678
0.371912
0.372304
0.372617
0.372930
0.373008
0.373556
0.373634
0.374104
0.374339
0.374652
0.375043
0.375121
0.375748
0.376139
0.376609
0.376843
0.376922
0.377313
0.377704
0.378174
0.378331
0.378409
0.378800
0.379348
0.379426
0.379974
0.380287
0.380522
0.380835
0.381070
0.381227
0.381774
0.382244
0.382479
0.382948
0.383496
0.383418
0.383653
0.384279
0.384201
0.384592
0.384983
0.385531
0.385844
0.386079
0.386471
0.386862
0.387018
0.387410
0.387801
0.388114
0.388427
0.388662
0.389132
0.389601
0.389836
0.390306
0.390619
0.390854
0.391402
0.391793
0.392106
0.392419
0.392967
0.392967
0.393124
0.393202
0.393593
0.394063
0.394298
0.394532
0.395002
0.395393
0.395706
0.396019
0.396176
0.396724
0.396880
0.397507
0.397585
0.397820
0.398133
0.398837
0.398915
0.399229
0.399463
0.399776
0.400011
0.400716
0.400794
0.401264
0.401498
0.401890
0.402359
0.402359
0.402829
0.402907
0.403455
0.403690
0.404238
0.404394
0.404551
0.404707
0.404942
0.405177
0.405647
0.406038
0.406508
0.406821
0.407212
0.407760
0.407917
0.408464
0.408543
0.408777
0.409169
0.409482
0.409638
0.410108
0.410891
0.410891
0.411282
0.411517
0.411752
0.412143
0.412456
0.412456
0.413161
0.413552
0.413708
0.414100
0.414335
0.414491
0.414804
0.415039
0.414961
0.415430
0.416213
0.416526
0.416761
0.416683
0.416839
0.417309
0.417622
0.417778
0.418405
0.418718
0.419031
0.419579
0.419735
0.419892
0.420205
0.420361
0.420753
0.420909
0.421222
0.421614
0.421770
0.422396
0.422475
0.422944
0.422866
0.423179
0.423649
0.423884
0.424666
0.424901
0.424745
0.424979
0.425214
0.425527
0.425762
0.426310
0.426466
0.426780
0.427014
0.427406
0.427327
0.427640
0.427875
0.428110
0.428423
0.428658
0.429049
0.429284
0.429676
0.430223
0.430536
0.430615
0.430771
0.431163
0.431554
0.431476
0.432258
0.432258
0.432885
0.432885
0.433198
0.433354
0.433667
0.433902
0.434215
0.434372
0.434841
0.435076
0.435311
0.435624
0.435937
0.436172
0.436563
0.436798
0.437268
0.437424
0.437816
0.437972
0.438285
0.438677
0.438911
0.438990
0.439381
0.439929
0.440242
0.440242
0.440946
0.441259
0.441338
0.441573
0.441807
0.442355
0.442825
0.442981
0.443138
0.443608
0.443842
0.443999
0.444312
0.444390
0.444625
0.445095
0.445251
0.445643
0.446034
0.446347
0.446582
0.447051
0.446973
0.447286
0.447521
0.447912
0.448225
0.448539
0.448539
0.449165
0.449399
0.449243
0.449947
0.450417
0.450574
0.450887
0.451200
0.451591
0.451513
0.451826
0.452530
0.452843
0.452922
0.453313
0.453470
0.453704
0.454096
0.454487
0.454800
0.454878
0.455270
0.455583
0.455739
0.456287
0.456757
0.456757
0.456835
0.457305
0.457696
0.457853
0.458166
0.458479
0.458870
0.458870
0.459418
0.459731
0.459966
0.460436
0.460749
0.460749
0.461218
0.461453
0.461844
0.462157
0.462627
0.462940
0.463175
0.463645
0.464036
0.464114
0.464349
0.464662
0.465053
0.465132
0.465445
0.465836
0.466384
0.466541
0.466697
0.467245
0.467323
0.467558
0.467793
0.468184
0.468263
0.468810
0.468810
0.469045
0.469437
0.469593
0.469828
0.470219
0.470689
0.470924
0.471472
0.471628
0.472176
0.472411
0.472489
0.473037
0.473194
0.473741
0.473741
0.474368
0.474837
0.474915
0.475150
0.475385
0.475385
0.475698
0.476324
0.476559
0.476950
0.477185
0.477577
0.477968
0.477890
0.478359
0.478438
0.478751
0.479220
0.479455
0.479690
0.480629
0.480629
0.480786
0.480473
0.481020
0.481647
0.482116
0.482195
0.482586
0.482821
0.483056
0.483369
0.483838
0.484073
0.484308
0.484699
0.485012
0.485247
0.485404
0.485951
0.486186
0.486265
0.486578
0.486812
0.487282
0.487439
0.487987
0.487830
0.488456
0.488613
0.488613
0.488926
0.489082
0.489630
0.489865
0.490335
0.490648
0.490648
0.491039
0.491587
0.491509
0.491743
0.492370
0.492213
0.492996
0.493152
0.493778
0.493778
0.493935
0.494013
0.494326
0.494639
0.494953
0.495500
0.495657
0.495970
0.495970
0.496596
0.496753
0.496831
0.497222
0.497301
0.497927
0.498083
0.498553
0.498709
0.499101
0.499414
0.499649
0.500040
0.500197
0.500431
0.500979
0.500979
0.501136
0.501292
0.501684
0.501997
0.502232
0.502701
0.502936
0.503484
0.503484
0.503875
0.504267
0.504345
0.504267
0.504658
0.504815
0.505362
0.505754
0.506145
0.506302
0.506536
0.506693
0.506928
0.507241
0.507476
0.507710
0.508258
0.508415
0.508963
0.509276
0.509119
0.509432
0.509824
0.509980
0.510293
0.510841
0.511076
0.511076
0.511467
0.511859
0.512015
0.512250
0.512407
0.512955
0.513189
0.513581
0.513581
0.513972
0.514363
0.514598
0.514833
0.515146
0.515224
0.515694
0.516007
0.516555
0.516555
0.516946
0.517025
0.517338
0.517572
0.517807
0.517964
0.518668
0.518747
0.518825
0.519529
0.519451
0.519608
0.519842
0.520390
0.520860
0.521329
0.521564
0.521877
0.522269
0.522503
0.522817
0.522973
0.523208
0.523364
0.523678
0.524147
0.524147
0.524617
0.524852
0.525086
0.525243
0.525634
0.526026
0.526104
0.526417
0.526887
0.526965
0.527200
0.527904
0.527982
0.528295
0.528609
0.529313
0.529313
0.529548
0.530174
0.530096
0.530565
0.530722
0.531191
0.531505
0.531739
0.531505
0.532287
0.532522
0.532835
0.532992
0.533383
0.533618
0.534087
0.534322
0.534870
0.534948
0.535261
0.535261
0.535575
0.535966
0.536514
0.536514
0.537062
0.537218
0.537375
0.537453
0.538079
0.538314
0.538471
0.539018
0.539097
0.539331
0.539958
0.540036
0.540192
0.540427
0.540584
0.540740
0.541288
0.541758
0.542149
0.542071
0.542462
0.543167
0.543480
0.543636
0.544028
0.544341
0.544341
0.544732
0.544810
0.545045
0.545358
0.546063
0.546454
0.546845
0.546689
0.547080
0.547393
0.547550
0.547628
0.548019
0.548176
0.548411
0.549115
0.549350
0.549428
0.549976
0.550289
0.550289
0.550681
0.551150
0.551228
0.551776
0.551933
0.552403
0.552481
0.552637
0.552794
0.552872
0.553420
0.553890
0.554281
0.554594
0.554829
0.555220
0.555299
0.555846
0.555455
0.556238
0.556394
0.557020
0.557255
0.557568
0.557803
0.557960
0.558038
0.558508
0.558586
0.559212
0.559760
0.559838
0.559995
0.560543
0.560621
0.560699
0.561169
0.561482
0.561795
0.562812
0.562578
0.563126
0.563360
0.563517
0.563673
0.563908
0.564065
0.564691
0.565317
0.565552
0.565474
0.565865
0.566021
0.566256
0.566256
0.566569
0.567196
0.567274
0.567743
0.567978
0.568213
0.568526
0.568683
0.568761
0.568996
0.569465
0.569778
0.570405
0.570405
0.570639
0.570952
0.571187
0.571109
0.571500
0.572048
0.572440
0.572674
0.572831
0.573222
0.573379
0.573457
0.573535
0.573927
0.574240
0.574788
0.575257
0.575257
0.575257
0.575649
0.575570
0.575883
0.576040
0.576744
0.576901
0.577214
0.577527
0.577840
0.577918
0.578310
0.578232
0.578779
0.578858
0.579249
0.579719
0.579797
0.580110
0.580267
0.580580
0.580580
0.580893
0.581128
0.581597
0.581910
0.582536
0.582536
0.582771
0.582771
0.582849
0.583163
0.583710
0.584415
0.584650
0.584650
0.585041
0.585119
0.585198
0.585276
0.585511
0.585902
0.586606
0.586763
0.586998
0.587154
0.587389
0.587389
0.587937
0.587859
0.588407
0.588798
0.589111
0.589424
0.589894
0.589816
0.590129
0.590285
0.590285
0.590833
0.591303
0.591459
0.591616
0.592164
0.592633
0.592790
0.592790
0.593103
0.593181
0.593807
0.594199
0.594199
0.594355
0.594668
0.594747
0.595294
0.595138
0.595607
0.596312
0.596390
0.596625
0.597095
0.597251
0.597251
0.597486
0.597564
0.597877
0.598425
0.598895
0.599051
0.599286
0.599286
0.599991
0.600147
0.600460
0.600773
0.601321
0.601713
0.601869
0.602260
0.602339
0.602417
0.602808
0.602887
0.602887
0.603669
0.603826
0.604217
0.604452
0.604765
0.605156
0.605156
0.605313
0.605626
0.606174
0.606409
0.606800
0.607270
0.607270
0.607504
0.607583
0.607896
0.608287
0.608600
0.608757
0.608992
0.609461
0.609618
0.609853
0.610009
0.610244
0.610635
0.611183
0.611496
0.611340
0.612122
0.612044
0.612357
0.612592
0.612827
0.613062
0.613688
0.613766
0.614001
0.614470
0.614627
0.614470
0.614784
0.615097
0.615331
0.615801
0.616036
0.616192
0.616427
0.617053
0.616897
0.617132
0.617523
0.617758
0.618306
0.618384
0.618619
0.619245
0.619167
0.619323
0.619715
0.619949
0.620341
0.620419
0.620576
0.620967
0.621045
0.621437
0.621671
0.621906
0.622219
0.622219
0.622689
0.622845
0.622924
0.623237
0.623628
0.624176
0.624332
0.624411
0.624959
0.624959
0.625193
0.625428
0.625663
0.626211
0.626524
0.626524
0.627150
0.627385
0.627463
0.627620
0.627698
0.628168
0.628168
0.628716
0.628950
0.629263
0.629655
0.629733
0.629811
0.629968
0.630516
0.630985
0.631142
0.631377
0.631846
0.632081
0.631925
0.632473
0.632473
0.632864
0.633099
0.633647
0.633725
0.633960
0.634351
0.634586
0.634586
0.634977
0.635134
0.635525
0.635995
0.636073
0.636464
0.636777
0.637090
0.637482
0.637090
0.637404
0.638186
0.638186
0.638343
0.639047
0.639125
0.639517
0.639595
0.639752
0.639986
0.640143
0.640769
0.640691
0.641082
0.641552
0.641474
0.641552
0.641865
0.642178
0.642413
0.642648
0.642961
0.643352
0.643665
0.643587
0.643822
0.644056
0.644291
0.644761
0.645152
0.645309
0.645544
0.646013
0.646248
0.646170
0.646561
0.646718
0.647109
0.647344
0.647735
0.647813
0.647970
0.648127
0.648361
0.648674
0.648753
0.649222
0.649222
0.649457
0.650240
0.650318
0.650318
0.650396
0.650553
0.651101
0.651414
0.651649
0.651962
0.652197
0.652353
0.652588
0.652823
0.652979
0.653292
0.653684
0.653997
0.654310
0.654623
0.655093
0.654858
0.655327
0.655562
0.655484
0.656032
0.656345
0.656893
0.656736
0.656893
0.657049
0.657284
0.657519
0.657910
0.658302
0.658693
0.658693
0.658849
0.659319
0.659006
0.659945
0.660102
0.660337
0.660884
0.661041
0.661354
0.661902
0.661980
0.661902
0.662450
0.662606
0.662763
0.663467
0.663780
0.663937
0.664094
0.664094
0.664328
0.664485
0.665033
0.665581
0.666050
0.666442
0.666442
0.666598
0.666833
0.666911
0.667068
0.667616
0.668007
0.668164
0.668555
0.668477
0.668868
0.669259
0.669103
0.669338
0.669729
0.670355
0.670512
0.671060
0.671216
0.671529
0.671529
0.671529
0.671764
0.671764
0.672390
0.673408
0.673329
0.673877
0.674034
0.674347
0.674425
0.674269
0.674503
0.675364
0.675756
0.675834
0.675912
0.676382
0.676695
0.677008
0.676930
0.677243
0.677947
0.678417
0.678730
0.678887
0.679356
0.679200
0.679513
0.680061
0.680217
0.680765
0.681548
0.681704
0.682096
0.682330
0.682409
0.682643
0.682957
0.683191
0.683504
0.684131
0.684052
0.684365
0.684913
0.685070
0.685070
0.685305
0.685853
0.686166
0.686087
0.686635
0.687340
0.687418
0.687731
0.687966
0.688201
0.688827
0.688983
0.689375
0.689375
0.689766
0.690314
0.690705
0.690784
0.691018
0.692036
0.692271
0.692349
0.692975
0.692975
0.693366
0.693680
0.693680
0.693836
0.694306
0.694697
0.695167
0.695401
0.695949
0.696341
0.696262
0.696419
0.697045
0.697593
0.697515
0.697828
0.698297
0.698376
0.698376
0.698845
0.699158
0.699706
0.700254
0.700332
0.700646
0.701115
0.701350
0.701741
0.702211
0.702289
0.702837
0.702994
0.703307
0.703385
0.704011
0.704168
0.704637
0.704794
0.704950
0.705107
0.705655
0.705733
0.705811
0.706437
0.707064
0.706907
0.707377
0.707768
0.708159
0.708551
0.708864
0.709020
0.709490
0.709881
0.709725
0.710429
0.710586
0.711212
0.710977
0.711290
0.711447
0.711916
0.712151
0.712543
0.712777
0.713012
0.712777
0.712856
0.712777
0.712856
0.712621
0.712621
0.712699
0.712464
0.712621
0.712543
0.712543
0.712386
0.711916
0.711682
0.711760
0.711447
0.711447
0.710586
0.710508
0.710508
0.710116
0.709960
0.709881
0.709647
0.709177
0.709020
0.708942
0.708473
0.708159
0.707846
0.707768
0.707533
0.707377
0.706985
0.706203
0.706516
0.705733
0.705107
0.705029
0.704559
0.704324
0.704089
0.703776
0.703542
0.703463
0.702994
0.703228
0.702524
0.702289
0.702054
0.701507
0.700724
0.700254
0.700489
0.699628
0.699237
0.699080
0.699002
0.698689
0.698376
0.698141
0.697671
0.697045
0.696732
0.696497
0.696262
0.695949
0.695636
0.695323
0.694932
0.694697
0.694071
0.693993
0.693288
0.693523
0.692897
0.692975
0.692427
0.692114
0.691253
0.691175
0.690940
0.690392
0.690236
0.689923
0.689923
0.689609
0.689062
0.688905
0.688435
0.687966
0.687574
0.687261
0.686714
0.686322
0.686400
0.686087
0.685383
0.685148
0.684757
0.684600
0.684131
0.684052
0.683739
0.683348
0.683035
0.682487
0.682330
0.681939
0.681626
0.681156
0.680922
0.680061
0.679904
0.679591
0.679200
0.679278
0.678808
0.677947
0.677634
0.677478
0.676382
0.676617
0.675991
0.675756
0.675599
0.675443
0.674895
0.674660
0.674503
0.674190
0.673721
0.673486
0.672938
0.672625
0.672155
0.671764
0.671373
0.671294
0.670590
0.670355
0.669886
0.669572
0.669181
0.669181
0.668477
0.668164
0.667694
0.667616
0.667146
0.666911
0.666833
0.666598
0.665894
0.665737
0.665424
0.665268
0.664955
0.664485
0.664328
0.663624
0.663233
0.663076
0.663154
0.662763
0.662215
0.661902
0.661745
0.661276
0.661276
0.660650
0.660337
0.659867
0.659084
0.659084
0.658849
0.658302
0.658223
0.657910
0.657597
0.657128
0.656814
0.656501
0.656345
0.655875
0.655406
0.654779
0.654936
0.654466
0.654232
0.653997
0.653292
0.653136
0.652823
0.652823
0.651962
0.651805
0.651414
0.650553
0.650396
0.650083
0.649692
0.649301
0.649144
0.648753
0.648596
0.648518
0.648127
0.647657
0.647109
0.646718
0.646170
0.646091
0.645857
0.645935
0.645074
0.644839
0.644604
0.644370
0.644135
0.643665
0.643352
0.642882
0.642569
0.642256
0.641865
0.641865
0.641474
0.641239
0.640847
0.640534
0.640456
0.639830
0.639752
0.639204
0.638499
0.638499
0.638030
0.638030
0.637404
0.637012
0.636934
0.636856
0.636151
0.635682
0.635290
0.635134
0.634664
0.634664
0.634116
0.633803
0.633568
0.633490
0.633099
0.632786
0.632238
0.631455
0.631142
0.630751
0.630907
0.630516
0.630046
0.629733
0.629655
0.629420
0.628872
0.628324
0.627855
0.627542
0.627228
0.626759
0.626759
0.626367
0.626289
0.625898
0.625585
0.625193
0.624802
0.624489
0.624098
0.623785
0.623706
0.623237
0.623237
0.622611
0.622219
0.622219
0.621828
0.621280
0.620889
0.620497
0.620184
0.619871
0.619715
0.619636
0.619245
0.618775
0.618619
0.618227
0.617914
0.617288
0.617210
0.616662
0.616897
0.616506
0.616036
0.615801
0.615566
0.615488
0.614784
0.614627
0.614236
0.614079
0.613453
0.613453
0.612983
0.612514
0.612279
0.612122
0.611731
0.611418
0.610948
0.610479
0.610166
0.610087
0.609853
0.609696
0.609383
0.609070
0.608679
0.608131
0.607896
0.607661
0.607504
0.607035
0.607035
0.607035
0.606722
0.606330
0.606017
0.605861
0.605156
0.604843
0.604530
0.604452
0.603982
0.603826
0.603826
0.603591
0.603121
0.602652
0.602495
0.601947
0.601556
0.601086
0.600852
0.600617
0.600460
0.600147
0.599443
0.599364
0.599208
0.598503
0.598503
0.598269
0.597877
0.597721
0.597251
0.596938
0.596703
0.597095
0.596468
0.596155
0.595451
0.595138
0.594903
0.594590
0.594355
0.594355
0.593964
0.593651
0.593416
0.593103
0.592868
0.592555
0.592007
0.591694
0.591381
0.591381
0.591146
0.590833
0.590363
0.590207
0.589502
0.589111
0.588641
0.588641
0.588250
0.588250
0.588015
0.587937
0.587702
0.587389
0.586998
0.586450
0.586215
0.585980
0.585589
0.585824
0.585276
0.584806
0.584493
0.584180
0.584024
0.583397
0.583006
0.583163
0.582928
0.582536
0.582302
0.582223
0.581597
0.581284
0.581049
0.580501
0.580267
0.580267
0.579797
0.579406
0.579249
0.579093
0.578701
0.578388
0.578153
0.577684
0.577292
0.577058
0.576823
0.576431
0.576040
0.575727
0.575492
0.575336
0.574788
0.574788
0.574396
0.574396
0.573848
0.573535
0.573379
0.572987
0.572831
0.572518
0.572048
0.571970
0.571109
0.570796
0.570796
0.570483
0.570405
0.569778
0.569465
0.569074
0.568996
0.568604
0.568135
0.568135
0.567665
0.567665
0.567274
0.567117
0.566413
0.566569
0.566021
0.565708
0.565474
0.565161
0.564691
0.564534
0.564378
0.563752
0.563360
0.563517
0.563047
0.562343
0.562108
0.561638
0.561404
0.561325
0.560777
0.560230
0.560151
0.559369
0.559055
0.559212
0.558899
0.558664
0.558273
0.558273
0.557960
0.557334
0.557020
0.556707
0.556551
0.556238
0.556159
0.555690
0.555377
0.555142
0.554672
0.554516
0.553890
0.553733
0.553420
0.553498
0.552872
0.552794
0.552481
0.552089
0.551620
0.551542
0.551072
0.550837
0.550446
0.550602
0.549898
0.549585
0.549507
0.549037
0.548489
0.548254
0.548098
0.547863
0.547706
0.547550
0.547002
0.546611
0.546767
0.546376
0.545750
0.545358
0.545202
0.544732
0.544497
0.544341
0.543949
0.543871
0.543558
0.543167
0.542619
0.542384
0.542227
0.541914
0.541680
0.541132
0.540506
0.540662
0.540192
0.540036
0.539566
0.539097
0.538627
0.538471
0.538079
0.538001
0.538079
0.537610
0.537062
0.536592
0.536436
0.536122
0.535653
0.535496
0.535418
0.535183
0.534714
0.534400
0.534479
0.533853
0.533696
0.532992
0.532600
0.532444
0.532365
0.532209
0.531896
0.531505
0.531035
0.530878
0.530330
0.529861
0.529783
0.529626
0.529391
0.529078
0.528687
0.528295
0.528217
0.527513
0.526887
0.526808
0.526574
0.526182
0.526339
0.526026
0.525869
0.525321
0.525086
0.524773
0.524147
0.523991
0.523834
0.523443
0.523443
0.523364
0.522817
0.522738
0.522190
0.521799
0.521016
0.520938
0.520234
0.520312
0.519921
0.519686
0.519138
0.518981
0.518825
0.518355
0.517807
0.517886
0.517416
0.517338
0.517338
0.516946
0.516555
0.516477
0.516007
0.515381
0.514911
0.514442
0.514833
0.514598
0.513972
0.513816
0.513581
0.513268
0.512641
0.512328
0.511937
0.511859
0.511702
0.511233
0.511311
0.510685
0.510763
0.510215
0.509746
0.509511
0.509119
0.508885
0.508650
0.508493
0.508258
0.507945
0.507554
0.507397
0.506850
0.506302
0.505989
0.505675
0.505519
0.505675
0.505284
0.504971
0.504501
0.504032
0.503954
0.503406
0.503171
0.503249
0.502858
0.502388
0.502388
0.502075
0.501762
0.501136
0.500666
0.500431
0.500118
0.499805
0.499962
0.499492
0.499023
0.498866
0.498396
0.497848
0.497692
0.497066
0.496753
0.496518
0.496596
0.495970
0.496048
0.495579
0.495500
0.494874
0.494483
0.494092
0.493700
0.493622
0.493622
0.493231
0.492761
0.492370
0.492135
0.491509
0.491352
0.491039
0.490961
0.490726
0.490804
0.490335
0.489943
0.489474
0.489082
0.488926
0.488456
0.488456
0.488065
0.487595
0.487517
0.486969
0.486891
0.486578
0.486030
0.485482
0.485247
0.485091
0.485091
0.484464
0.484308
0.483916
0.483838
0.483447
0.482899
0.482664
0.482351
0.482038
0.481725
0.481490
0.481099
0.480707
0.480316
0.479925
0.479299
0.479064
0.478829
0.478672
0.478203
0.477811
0.477968
0.477577
0.476794
0.476559
0.476324
0.476168
0.475855
0.475542
0.474994
0.474759
0.474446
0.474211
0.473898
0.473741
0.473428
0.473350
0.472724
0.472489
0.471863
0.471550
0.471315
0.470845
0.470532
0.470219
0.469593
0.469984
0.469593
0.469123
0.468654
0.468654
0.468263
0.468028
0.467558
0.467167
0.467010
0.466697
0.466071
0.465914
0.465523
0.465288
0.465053
0.464662
0.464114
0.464036
0.464036
0.463645
0.463253
0.462862
0.462392
0.461923
0.461610
0.461375
0.461062
0.460592
0.460357
0.459809
0.459653
0.459731
0.459183
0.459027
0.458401
0.458009
0.457853
0.457383
0.457305
0.456757
0.456366
0.455974
0.455739
0.455583
0.455270
0.454722
0.454487
0.454252
0.454017
0.453470
0.453000
0.453235
0.452687
0.452843
0.452139
0.451669
0.451513
0.451278
0.450808
0.450652
0.450104
0.450104
0.449556
0.449634
0.449086
0.449008
0.448617
0.448225
0.447756
0.447521
0.447130
0.446895
0.446269
0.445799
0.445721
0.445251
0.444782
0.444703
0.444312
0.444077
0.443686
0.443686
0.442903
0.442747
0.442590
0.442355
0.441729
0.441651
0.441025
0.440790
0.440555
0.440164
0.440007
0.439929
0.439459
0.439146
0.438677
0.438363
0.437894
0.437581
0.437111
0.436798
0.436876
0.436798
0.436094
0.435624
0.435546
0.434920
0.434763
0.434528
0.434137
0.434059
0.433746
0.433432
0.433276
0.432963
0.432728
0.432806
0.432258
0.432024
0.431632
0.431397
0.431084
0.430458
0.430458
0.430067
0.429910
0.429519
0.429049
0.428815
0.428580
0.428423
0.427954
0.427797
0.427484
0.427093
0.426701
0.426310
0.426153
0.425997
0.425684
0.425371
0.424901
0.424588
0.424588
0.424275
0.423884
0.423492
0.423023
0.422788
0.422631
0.422396
0.422083
0.421535
0.421614
0.421457
0.420596
0.420283
0.419970
0.419344
0.419422
0.419422
0.418874
0.418639
0.418092
0.417935
0.417544
0.417152
0.416761
0.416839
0.416448
0.416135
0.415900
0.415430
0.415352
0.414883
0.414335
0.414178
0.413865
0.413787
0.413552
0.413474
0.413004
0.412456
0.412456
0.411908
0.411595
0.411126
0.410891
0.410734
0.410499
0.410030
0.409952
0.409247
0.408777
0.408621
0.407995
0.408151
0.407995
0.407838
0.407369
0.407369
0.407056
0.406195
0.405960
0.405568
0.405255
0.404942
0.404786
0.404864
0.404394
0.404238
0.403612
0.403533
0.403142
0.402751
0.402203
0.402125
0.402203
0.401890
0.401498
0.400872
0.400950
0.400168
0.399855
0.399463
0.398915
0.398759
0.398446
0.398289
0.397976
0.397820
0.397663
0.396880
0.396411
0.396176
0.395628
0.395393
0.395472
0.395393
0.395080
0.394532
0.394298
0.393593
0.393280
0.392889
0.392967
0.392654
0.392263
0.392106
0.391949
0.391245
0.391323
0.390384
0.390306
0.389836
0.389523
0.389288
0.389132
0.388740
0.388506
0.388036
0.387801
0.387723
0.387097
0.386549
0.386549
0.386079
0.385923
0.385610
0.385453
0.385140
0.384357
0.384201
0.383888
0.383418
0.383105
0.382948
0.382557
0.382401
0.381853
0.381540
0.381148
0.380913
0.380522
0.379896
0.379583
0.379113
0.379113
0.378722
0.378331
0.378017
0.377704
0.377391
0.377156
0.377000
0.376374
0.375982
0.375826
0.375356
0.375278
0.374808
0.374652
0.374026
0.374026
0.373634
0.373008
0.373086
0.372773
0.372147
0.371991
0.371678
0.371365
0.371208
0.370738
0.370269
0.370034
0.369643
0.369329
0.369095
0.368547
0.368312
0.367921
0.367608
0.367373
0.367138
0.366825
0.366590
0.366042
0.365729
0.365494
0.365259
0.365181
0.364477
0.363929
0.363851
0.363929
0.363303
0.362990
0.362520
0.362207
0.361972
0.361659
0.361111
0.360563
0.360250
0.360172
0.359781
0.359389
0.359154
0.358607
0.358607
0.357902
0.357824
0.357198
0.357041
0.356572
0.356180
0.355476
0.355163
0.355084
0.354693
0.354380
0.354067
0.353832
0.353597
0.353441
0.352893
0.352501
0.352501
0.351875
0.351327
0.351014
0.351014
0.350545
0.350310
0.349997
0.349527
0.349292
0.349214
0.348588
0.348118
0.347884
0.347962
0.347336
0.347570
0.346866
0.346396
0.345770
0.345770
0.345535
0.345144
0.344831
0.344440
0.344440
0.344127
0.343814
0.343344
0.343031
0.342874
0.342561
0.341700
0.341700
0.341857
0.341544
0.340996
0.340604
0.340213
0.339900
0.339587
0.339117
0.338961
0.338491
0.338413
0.338569
0.338178
0.337787
0.337552
0.337082
0.336769
0.336613
0.335830
0.335673
0.335517
0.335126
0.334969
0.334813
0.334421
0.333952
0.333404
0.333560
0.333012
0.332621
0.332621
0.332073
0.331917
0.331760
0.331212
0.331134
0.330273
0.329960
0.329725
0.329490
0.329021
0.329255
0.328707
0.328473
0.328160
0.327612
0.327299
0.326829
0.326672
0.326438
0.325968
0.325811
0.325420
0.325107
0.324637
0.324324
0.323933
0.323620
0.323463
0.323150
0.322837
0.322759
0.322289
0.322133
0.321272
0.321507
0.320959
0.320646
0.320098
0.320254
0.319550
0.319237
0.319002
0.318689
0.318219
0.317515
0.317124
0.316810
0.316732
0.316497
0.316341
0.315871
0.315636
0.315558
0.314854
0.314541
0.314306
0.313914
0.313445
0.313523
0.312975
0.312584
0.312427
0.311958
0.311723
0.311253
0.311019
0.310627
0.310236
0.310079
0.309375
0.309688
0.309297
0.308905
0.308670
0.308123
0.307809
0.307731
0.307653
0.306948
0.306557
0.306401
0.306009
0.305383
0.305461
0.304522
0.304287
0.304131
0.303896
0.303270
0.303192
0.303035
0.302331
0.302017
0.301861
0.301548
0.301078
0.300922
0.300609
0.299982
0.299826
0.299513
0.298652
0.298417
0.298104
0.298026
0.297791
0.296930
0.296930
0.296773
0.296382
0.295912
0.295599
0.295051
0.294973
0.294738
0.294112
0.294190
0.293799
0.293643
0.293173
0.292547
0.292234
0.292077
0.291686
0.291216
0.290903
0.290590
0.290434
0.290199
0.289416
0.289181
0.288712
0.288320
0.287772
0.287459
0.287146
0.286911
0.286598
0.286207
0.286050
0.285503
0.285268
0.285111
0.284563
0.284329
0.284015
0.283624
0.283233
0.282841
0.282607
0.282450
0.281589
0.281198
0.281041
0.280728
0.279867
0.279789
0.279632
0.279163
0.278458
0.278145
0.277989
0.277597
0.277284
0.276893
0.276658
0.276110
0.276110
0.275797
0.275406
0.275327
0.274858
0.274388
0.274153
0.273840
0.273292
0.273136
0.272823
0.272588
0.272197
0.271884
0.271727
0.271179
0.270788
0.270396
0.270240
0.269849
0.269457
0.269066
0.268909
0.268283
0.268048
0.267735
0.267266
0.267422
0.266561
0.266640
0.266013
0.266092
0.265387
0.264761
0.264526
0.264057
0.263587
0.263430
0.263117
0.262804
0.262413
0.262178
0.261709
0.261552
0.261082
0.260300
0.259830
0.259830
0.259517
0.259282
0.258734
0.258578
0.258421
0.258108
0.257482
0.257091
0.256934
0.256621
0.256151
0.255917
0.255682
0.255056
0.254743
0.254821
0.254508
0.253960
0.253177
0.253255
0.253021
0.252551
0.252629
0.252081
0.251377
0.251455
0.250986
0.250359
0.250594
0.249577
0.249420
0.249185
0.249029
0.248559
0.248168
0.247777
0.247620
0.247229
0.246837
0.246681
0.246289
0.245898
0.245585
0.245350
0.244959
0.244020
0.244176
0.243785
0.243628
0.243237
0.243159
0.242767
0.242376
0.242219
0.241828
0.241202
0.240810
0.240419
0.240184
0.239871
0.239636
0.239323
0.238932
0.238462
0.238071
0.237836
0.237523
0.237367
0.236819
0.236662
0.236271
0.235801
0.235801
0.234940
0.234627
0.234314
0.234079
0.233844
0.233453
0.232749
0.232670
0.232514
0.232044
0.231888
0.231418
0.230870
0.230792
0.230322
0.230244
0.229853
0.229774
0.229148
0.228913
0.228209
0.227896
0.227661
0.227192
0.227113
0.226800
0.226644
0.226174
0.225939
0.225548
0.224922
0.224609
0.224374
0.223826
0.223591
0.223669
0.222965
0.222808
0.222339
0.222339
0.221713
0.221400
0.220852
0.220852
0.220460
0.219912
0.219678
0.219365
0.219130
0.218425
0.217956
0.217330
0.217173
0.216782
0.216625
0.216312
0.216234
0.215608
0.215060
0.214512
0.214277
0.214120
0.213729
0.213494
0.212868
0.212712
0.212477
0.211929
0.211694
0.210990
0.211068
0.210520
0.209972
0.209503
0.209581
0.209268
0.209033
0.208250
0.208329
0.207624
0.207389
0.206841
0.206763
0.206528
0.205980
0.205667
0.205433
0.204963
0.204650
0.204259
0.203867
0.203632
0.203319
0.202771
0.202458
0.201989
0.201754
0.201206
0.200893
0.200423
0.200188
0.199484
0.199328
0.198936
0.198545
0.197919
0.197371
0.197371
0.196745
0.196275
0.196118
0.195649
0.195023
0.194944
0.194475
0.194240
0.193770
0.193457
0.193144
0.192596
0.192361
0.192205
0.191579
0.191187
0.190796
0.190405
0.190092
0.189466
0.189152
0.188683
0.188213
0.187978
0.187665
0.187587
0.187274
0.186804
0.186648
0.186256
0.185474
0.185317
0.185161
0.184769
0.184378
0.183830
0.183517
0.183439
0.183204
0.182813
0.182186
0.181873
0.181482
0.181404
0.180856
0.180543
0.180151
0.179604
0.179369
0.179290
0.178664
0.178038
0.177882
0.177647
0.176942
0.176629
0.176238
0.175768
0.175533
0.175377
0.175064
0.174751
0.174203
0.173733
0.173342
0.173029
0.172716
0.172559
0.172403
0.171698
0.171620
0.171150
0.170759
0.170524
0.170133
0.169350
0.169272
0.168802
0.168489
0.168254
0.167863
0.167863
0.167315
0.166924
0.166611
0.166376
0.165750
0.165437
0.165515
0.165202
0.164811
0.164419
0.163950
0.163480
0.163089
0.162932
0.162462
0.161993
0.161758
0.161367
0.160819
0.160349
0.160271
0.159332
0.159253
0.158862
0.158392
0.158001
0.157923
0.157531
0.156984
0.156984
0.156592
0.155966
0.155888
0.155027
0.154870
0.154557
0.154166
0.153774
0.153540
0.153227
0.152914
0.152600
0.152053
0.151661
0.151426
0.151035
0.150565
0.150409
0.150018
0.149626
0.149000
0.148687
0.148296
0.147904
0.147356
0.147435
0.146887
0.146574
0.146182
0.145634
0.145478
0.145243
0.144460
0.144304
0.143991
0.143599
0.143678
0.143208
0.142817
0.142504
0.141799
0.141721
0.141173
0.140625
0.140312
0.139999
0.139529
0.139295
0.139138
0.138590
0.138042
0.137494
0.137260
0.136946
0.136555
0.136320
0.136086
0.135616
0.135068
0.134990
0.134364
0.133659
0.133268
0.133268
0.132798
0.132329
0.132172
0.131859
0.131624
0.131233
0.130841
0.130215
0.129746
0.129354
0.129354
0.128885
0.128728
0.128102
0.127789
0.127319
0.126771
0.126693
0.126145
0.125676
0.125363
0.124815
0.124345
0.124032
0.123641
0.123171
0.122780
0.122153
0.121997
0.121293
0.121371
0.120823
0.119962
0.119805
0.119336
0.119258
0.118397
0.117849
0.117536
0.117222
0.117066
0.116909
0.116518
0.116127
0.115814
0.115344
0.114483
0.114248
0.113622
0.113779
0.113309
0.113152
0.112605
0.112291
0.111744
0.111352
0.110491
0.110335
0.110100
0.109865
0.109552
0.109004
0.108535
0.108221
0.107830
0.107517
0.106891
0.106265
0.106186
0.105795
0.105247
0.104934
0.104778
0.104386
0.103525
0.102899
0.102664
0.102195
0.101960
0.102038
0.101490
0.100942
0.100473
0.100081
0.099377
0.098907
0.098438
0.098046
0.097733
0.097499
0.096951
0.096481
0.096090
0.095698
0.095463
0.094368
0.094133
0.094055
0.093585
0.093272
0.093037
0.092176
0.092020
0.091550
0.091315
0.090611
0.090298
0.089750
0.089124
0.089202
0.088497
0.088497
0.088028
0.087558
0.087010
0.086541
0.085915
0.085601
0.085210
0.084662
0.084506
0.084036
0.083410
0.083332
0.082784
0.082236
0.082001
0.081453
0.080827
0.080514
0.079888
0.079418
0.079262
0.078635
0.078088
0.077383
0.077148
0.076914
0.076600
0.076131
0.075583
0.075192
0.074957
0.074409
0.073939
0.073391
0.073078
0.073000
0.072530
0.072061
0.071669
0.071122
0.071043
0.070495
0.069869
0.069087
0.068930
0.068382
0.068069
0.068069
0.067365
0.067130
0.066504
0.065878
0.065330
0.065017
0.065017
0.064469
0.063999
0.063608
0.063295
0.062512
0.062199
0.062121
0.061651
0.060790
0.060712
0.060399
0.059538
0.058990
0.058755
0.058285
0.057816
0.057894
0.057033
0.056485
0.056250
0.055859
0.055546
0.055155
0.054920
0.054372
0.053824
0.053433
0.052963
0.052572
0.052259
0.051789
0.051554
0.050928
0.050537
0.050067
0.049519
0.049128
0.048658
0.048423
0.047328
0.047171
0.046936
0.046623
0.046232
0.045527
0.045214
0.044745
0.044510
0.043962
0.043492
0.043023
0.042944
0.042397
0.041927
0.041379
0.040988
0.040283
0.040048
0.039266
0.038953
0.038796
0.038013
0.037466
0.036996
0.036761
0.036213
0.035822
0.035352
0.034961
0.034726
0.034335
0.034022
0.033317
0.032926
0.032613
0.032065
0.031752
0.031439
0.030343
0.029873
0.029639
0.029247
0.028699
0.028308
0.027604
0.027369
0.026899
0.026508
0.026116
0.025882
0.025334
0.025099
0.024473
0.024081
0.023299
0.023064
0.022673
0.022281
0.021890
0.021185
0.021264
0.020716
0.020168
0.019385
0.019385
0.018681
0.017898
0.017820
0.017350
0.016568
0.016098
0.015707
0.015472
0.014846
0.014298
0.013906
0.013593
0.012889
0.012341
0.012028
0.011715
0.011323
0.010932
0.010228
0.009602
0.009054
0.008819
0.008349
0.007880
0.007332
0.006940
0.006471
0.006236
0.005688
0.005062
0.004514
0.004044
0.003418
0.003027
0.002557
0.002166
0.001853
0.001540
0.000522
-0.000026
-0.000182
-0.000808
-0.000965
-0.001748
-0.001904
-0.002295
-0.002687
-0.002922
-0.003861
-0.004409
-0.004800
-0.005113
-0.005426
-0.005818
-0.006522
-0.007070
-0.007461
-0.008087
-0.008714
-0.009027
-0.009653
-0.010357
-0.010749
-0.011218
-0.011297
-0.011766
-0.012392
-0.012940
-0.014036
-0.014349
-0.014897
-0.015523
-0.015523
-0.016384
-0.016854
-0.017245
-0.017715
-0.018263
-0.018967
-0.019828
-0.020298
-0.020532
-0.020845
-0.021472
-0.021941
-0.022646
-0.022646
-0.023350
-0.024133
-0.024759
-0.025542
-0.025698
-0.026246
-0.026794
-0.027185
-0.027577
-0.027890
-0.028594
-0.029533
-0.030160
-0.030551
-0.031099
-0.031568
-0.031881
-0.032273
-0.032821
-0.033447
-0.033838
-0.034543
-0.035247
-0.036030
-0.036656
-0.037047
-0.037517
-0.037987
-0.038456
-0.039161
-0.039943
-0.040569
-0.041352
-0.041900
-0.042291
-0.042918
-0.043387
-0.043857
-0.044405
-0.045031
-0.045500
-0.046205
-0.046753
-0.047614
-0.048005
-0.048162
-0.048866
-0.049023
-0.049805
-0.050666
-0.051449
-0.051997
-0.053014
-0.053640
-0.054188
-0.054658
-0.054893
-0.055519
-0.055910
-0.056615
-0.057163
-0.058024
-0.058885
-0.059276
-0.059980
-0.060215
-0.060920
-0.061233
-0.062015
-0.062172
-0.063033
-0.063424
-0.064285
-0.064911
-0.065694
-0.066085
-0.066320
-0.067103
-0.067494
-0.068042
-0.068590
-0.069451
-0.070312
-0.070703
-0.071329
-0.071956
-0.072190
-0.072503
-0.073599
-0.074069
-0.074382
-0.074852
-0.075713
-0.076495
-0.077043
-0.077356
-0.077904
-0.078452
-0.078922
-0.080096
-0.080644
-0.081348
-0.081974
-0.082600
-0.083226
-0.083853
-0.084557
-0.084792
-0.085731
-0.086201
-0.087062
-0.087375
-0.088157
-0.088784
-0.089331
-0.090036
-0.090271
-0.090819
-0.091445
-0.092306
-0.092697
-0.093323
-0.093715
-0.094810
-0.095202
-0.095828
-0.096298
-0.096767
-0.097550
-0.098333
-0.098959
-0.099663
-0.100054
-0.101229
-0.102011
-0.102168
-0.102637
-0.103107
-0.103811
-0.104594
-0.104985
-0.105925
-0.106629
-0.107568
-0.107960
-0.108586
-0.108821
-0.109447
-0.109995
-0.111169
-0.111795
-0.112108
-0.113282
-0.113439
-0.114300
-0.114769
-0.115474
-0.115708
-0.116569
-0.117509
-0.118057
-0.118448
-0.119309
-0.120405
-0.121187
-0.121813
-0.122283
-0.122674
-0.122753
-0.123848
-0.124709
-0.125336
-0.126118
-0.126588
-0.127214
-0.127762
-0.128388
-0.129093
-0.129484
-0.130110
-0.131128
-0.131910
-0.132458
-0.133084
-0.134102
-0.134571
-0.134885
-0.135354
-0.135667
-0.136685
-0.137702
-0.138328
-0.139033
-0.140050
-0.140755
-0.141459
-0.142242
-0.142477
-0.143338
-0.143807
-0.144903
-0.145451
-0.146077
-0.146625
-0.147329
-0.147956
-0.148895
-0.149208
-0.149599
-0.150460
-0.151321
-0.152182
-0.152730
-0.153278
-0.154217
-0.154765
-0.155469
-0.155939
-0.156252
-0.157191
-0.157896
-0.158835
-0.159539
-0.160087
-0.160948
-0.161809
-0.162201
-0.163140
-0.163453
-0.164001
-0.164940
-0.166271
-0.166740
-0.167366
-0.167914
-0.168541
-0.169480
-0.169636
-0.170028
-0.170889
-0.171828
-0.172611
-0.173550
-0.174019
-0.174646
-0.175193
-0.176133
-0.176681
-0.176759
-0.177463
-0.177933
-0.179263
-0.180516
-0.180907
-0.181220
-0.182159
-0.182551
-0.183334
-0.184038
-0.184664
-0.185290
-0.185995
-0.187404
-0.187560
-0.188343
-0.189047
-0.189595
-0.190456
-0.190926
-0.191552
-0.192021
-0.192882
-0.193743
-0.194761
-0.195387
-0.195622
-0.196326
-0.196874
-0.197657
-0.198361
-0.198674
-0.199379
-0.200553
-0.201883
-0.202353
-0.202744
-0.203214
-0.204075
-0.204779
-0.205249
-0.206032
-0.206188
-0.207128
-0.208223
-0.208693
-0.209241
-0.210024
-0.210493
-0.211589
-0.211824
-0.212450
-0.212763
-0.213702
-0.214641
-0.215737
-0.216207
-0.216833
-0.217224
-0.217929
-0.218477
-0.219259
-0.219651
-0.220433
-0.221138
-0.222547
-0.223016
-0.223486
-0.223877
-0.224738
-0.225364
-0.226069
-0.226695
-0.227399
-0.227712
-0.228965
-0.229669
-0.230061
-0.230765
-0.231391
-0.232017
-0.232565
-0.232800
-0.233270
-0.233974
-0.234992
-0.235931
-0.236635
-0.236714
-0.237340
-0.237966
-0.238749
-0.239453
-0.239923
-0.240549
-0.241331
-0.242271
-0.243053
-0.243758
-0.243836
-0.244540
-0.244854
-0.245323
-0.246106
-0.246654
-0.247123
-0.248063
-0.249158
-0.249471
-0.249941
-0.250176
-0.250880
-0.251350
-0.252133
-0.252681
-0.253150
-0.253698
-0.254559
-0.255498
-0.255968
-0.256516
-0.256985
-0.257298
-0.257925
-0.258707
-0.258942
-0.259647
-0.260038
-0.260977
-0.261525
-0.262229
-0.262386
-0.262777
-0.263169
-0.263873
-0.264343
-0.265047
-0.265360
-0.266299
-0.267082
-0.267552
-0.267865
-0.268178
-0.268882
-0.268882
-0.269743
-0.270213
-0.270370
-0.271230
-0.271935
-0.272483
-0.273031
-0.273187
-0.273500
-0.273657
-0.274126
-0.274753
-0.275379
-0.275848
-0.276240
-0.276944
-0.277570
-0.277805
-0.278118
-0.278431
-0.278823
-0.279449
-0.279762
-0.280153
-0.280858
-0.281640
-0.282188
-0.282658
-0.282971
-0.283206
-0.283597
-0.283832
-0.284615
-0.284693
-0.285084
-0.285476
-0.285867
-0.286337
-0.287119
-0.287276
-0.287432
-0.287824
-0.288137
-0.288606
-0.288841
-0.289154
-0.289546
-0.290015
-0.290250
-0.290954
-0.291581
-0.291659
-0.292050
-0.292207
-0.292676
-0.293146
-0.293303
-0.293616
-0.294242
-0.294555
-0.294946
-0.295025
-0.295259
-0.295416
-0.295729
-0.296199
-0.296433
-0.296903
-0.297138
-0.297373
-0.297607
-0.298234
-0.298390
-0.298312
-0.298703
-0.298938
-0.299408
-0.299408
-0.299877
-0.299642
-0.300190
-0.300582
-0.300895
-0.301051
-0.301130
-0.301521
-0.301756
-0.301756
-0.302225
-0.302382
-0.302304
-0.302851
-0.303086
-0.303008
-0.303008
-0.303478
-0.303478
-0.303712
-0.303869
-0.304182
-0.304182
-0.304417
-0.304808
-0.305121
-0.304887
-0.305278
-0.305121
-0.305043
-0.305591
-0.305591
-0.305591
-0.306139
-0.306217
-0.306374
-0.306217
-0.306452
-0.306687
-0.306608
-0.306765
-0.307000
-0.307313
-0.307313
-0.307548
-0.307548
-0.307704
-0.307704
-0.307861
-0.307939
-0.308174
-0.308017
-0.308096
-0.308409
-0.308409
-0.308722
-0.308800
-0.309113
-0.308957
-0.308878
-0.309035
-0.308957
-0.309191
-0.309035
-0.309270
-0.309426
-0.309113
-0.309191
-0.309191
-0.309739
-0.309739
-0.309426
-0.309426
-0.309661
-0.309504
-0.309661
-0.309504
-0.309661
-0.309739
-0.309896
-0.309896
-0.309818
-0.309739
-0.309504
-0.309583
-0.309739
-0.309974
-0.309739
-0.309739
-0.309739
-0.309661
-0.309974
-0.309896
-0.309583
-0.309818
-0.309896
-0.309583
-0.309583
-0.309583
-0.309661
-0.309583
-0.309896
-0.309583
-0.309348
-0.309583
-0.309583
-0.309739
-0.309191
-0.309348
-0.309270
-0.309270
-0.309426
-0.309426
-0.309426
-0.309426
-0.309348
-0.308957
-0.308722
-0.309035
-0.309035
-0.308878
-0.308878
-0.308722
-0.308878
-0.308800
-0.308800
-0.308643
-0.308722
-0.308565
-0.308565
-0.308643
-0.308565
-0.308643
-0.308722
-0.308722
-0.308487
-0.308800
-0.308330
-0.308252
-0.308330
-0.308409
-0.308330
-0.308174
-0.308096
-0.308174
-0.308017
-0.308096
-0.308017
-0.307939
-0.307469
-0.307626
-0.307548
-0.308017
-0.307704
-0.307626
-0.307626
-0.307469
-0.307313
-0.307391
-0.307156
-0.306922
-0.307156
-0.307000
-0.306922
-0.306843
-0.306765
-0.306843
-0.306843
-0.306843
-0.306843
-0.306295
-0.306374
-0.306452
-0.306295
-0.306295
-0.306295
-0.305747
-0.305904
-0.305982
-0.305826
-0.305747
-0.305747
-0.305434
-0.305591
-0.305278
-0.305669
-0.305356
-0.305513
-0.305356
-0.305591
-0.305669
-0.305434
-0.305200
-0.304965
-0.304730
-0.304887
-0.304965
-0.304730
-0.304887
-0.304887
-0.304730
-0.304573
-0.304260
-0.304573
-0.304339
-0.304495
-0.304573
-0.304260
-0.304104
-0.303947
-0.303791
-0.304026
-0.304026
-0.303947
-0.303556
-0.303556
-0.303478
-0.303634
-0.303634
-0.303399
-0.303321
-0.303243
-0.303165
-0.303086
-0.303321
-0.303243
-0.302851
-0.302851
-0.303243
-0.303478
-0.303008
-0.303008
-0.302773
-0.302851
-0.302617
-0.302538
-0.302382
-0.302460
-0.302304
-0.302382
-0.302773
-0.302460
-0.302225
-0.302147
-0.302460
-0.302304
-0.302304
-0.301991
-0.301991
-0.302147
-0.302304
-0.302147
-0.301912
-0.301834
-0.301912
-0.301599
-0.301756
-0.301834
-0.301443
-0.301756
-0.301521
-0.301756
-0.301443
-0.301599
-0.301599
-0.301443
-0.301443
-0.301364
-0.301364
-0.300973
-0.300895
-0.300973
-0.301130
-0.301130
-0.301364
-0.301130
-0.301208
-0.300973
-0.300973
-0.300895
-0.300738
-0.300973
-0.300816
-0.300973
-0.300738
-0.301051
-0.301051
-0.300816
-0.300895
-0.300660
-0.300816
-0.300660
-0.300503
-0.300973
-0.301051
-0.300973
-0.300895
-0.300738
-0.300503
-0.300738
-0.300347
-0.300425
-0.300503
-0.300269
-0.300503
-0.300738
-0.301051
-0.300895
-0.300816
-0.300738
-0.300660
-0.300582
-0.300738
-0.300503
-0.300425
-0.300660
-0.300816
-0.300973
-0.300816
-0.300738
-0.300816
-0.300503
-0.300425
-0.300347
-0.300738
-0.300425
-0.300738
-0.301051
-0.300895
-0.300738
-0.300973
-0.301208
-0.300895
-0.300582
-0.300973
-0.300973
-0.300973
-0.301130
-0.301286
-0.301051
-0.301286
-0.301286
-0.301130
-0.300973
-0.301130
-0.301130
-0.301286
-0.301208
-0.301599
-0.301677
-0.301756
-0.301991
-0.301834
-0.301521
-0.301677
-0.301364
-0.301599
-0.301756
-0.301834
-0.301991
-0.301991
-0.302147
-0.302382
-0.302147
-0.302538
-0.302225
-0.301991
-0.301912
-0.302304
-0.302382
-0.302382
-0.302538
-0.302773
-0.303008
-0.302930
-0.302851
-0.302930
-0.302695
-0.302851
-0.302851
-0.302930
-0.302773
-0.303086
-0.302930
-0.303321
-0.303399
-0.303399
-0.303165
-0.303243
-0.303556
-0.303869
-0.303478
-0.303712
-0.303791
-0.303947
-0.304260
-0.304104
-0.304182
-0.304182
-0.304104
-0.304260
-0.304652
-0.304573
-0.304652
-0.304573
-0.304965
-0.305121
-0.305747
-0.305278
-0.305669
-0.305434
-0.305669
-0.305591
-0.305904
-0.305826
-0.306139
-0.305904
-0.306217
-0.306374
-0.306608
-0.306608
-0.306452
-0.306295
-0.306530
-0.306687
-0.306530
-0.306843
-0.306843
-0.307156
-0.307469
-0.307626
-0.307704
-0.307626
-0.308017
-0.307939
-0.308252
-0.307939
-0.308096
-0.308252
-0.308487
-0.308565
-0.308957
-0.309113
-0.308722
-0.309035
-0.309113
-0.309191
-0.309426
-0.309426
-0.309426
-0.309661
-0.309661
-0.310052
-0.310365
-0.310209
-0.310287
-0.310444
-0.310757
-0.310835
-0.311148
-0.310913
-0.311696
-0.311461
-0.311696
-0.311774
-0.311853
-0.311853
-0.311853
-0.311931
-0.312087
-0.312244
-0.312087
-0.312322
-0.312870
-0.312713
-0.313027
-0.313027
-0.313340
-0.313183
-0.313574
-0.313653
-0.313653
-0.313731
-0.313888
-0.314201
-0.314122
-0.314357
-0.314592
-0.314435
-0.314592
-0.314905
-0.314983
-0.314905
-0.315062
-0.315140
-0.315923
-0.315688
-0.316001
-0.316001
-0.316314
-0.316157
-0.316784
-0.316470
-0.316549
-0.316784
-0.316862
-0.316862
-0.317331
-0.317644
-0.317879
-0.317879
-0.317644
-0.317958
-0.318349
-0.318271
-0.318740
-0.318740
-0.318740
-0.319210
-0.319601
-0.319601
-0.319445
-0.319679
-0.319758
-0.320227
-0.320462
-0.320071
-0.320619
-0.320540
-0.320854
-0.321323
-0.321245
-0.321715
-0.321480
-0.321558
-0.321949
-0.322106
-0.322341
-0.322184
-0.322654
-0.322732
-0.322810
-0.323123
-0.323358
-0.323750
-0.323593
-0.323906
-0.323828
-0.323984
-0.324376
-0.324532
-0.324454
-0.324767
-0.325002
-0.324924
-0.325237
-0.325628
-0.325706
-0.325706
-0.325941
-0.326098
-0.326567
-0.326332
-0.326646
-0.327037
-0.327193
-0.327350
-0.327506
-0.327585
-0.327663
-0.328054
-0.328446
-0.328446
-0.328524
-0.328759
-0.328681
-0.329228
-0.329228
-0.329698
-0.329541
-0.329855
-0.329855
-0.330168
-0.330324
-0.330402
-0.330794
-0.330872
-0.331263
-0.330950
-0.331420
-0.331498
-0.331890
-0.332124
-0.332359
-0.332516
-0.332516
-0.333142
-0.333377
-0.333298
-0.333690
-0.333612
-0.333846
-0.334003
-0.334159
-0.334316
-0.334707
-0.335020
-0.335490
-0.335412
-0.335333
-0.335803
-0.335803
-0.336116
-0.336194
-0.336429
-0.336821
-0.336899
-0.337290
-0.337134
-0.337368
-0.337760
-0.337760
-0.338229
-0.338308
-0.338464
-0.338856
-0.338777
-0.339247
-0.339325
-0.339560
-0.339795
-0.340108
-0.340030
-0.340343
-0.340421
-0.340499
-0.340969
-0.341282
-0.341438
-0.341673
-0.342221
-0.342378
-0.342613
-0.342456
-0.343004
-0.343160
-0.343395
-0.343552
-0.343552
-0.343630
-0.344334
-0.344334
-0.344726
-0.344726
-0.344882
-0.345117
-0.345587
-0.345509
-0.345665
-0.345822
-0.345822
-0.346526
-0.346448
-0.346839
-0.347074
-0.347387
-0.347387
-0.347465
-0.348013
-0.348013
-0.348170
-0.348561
-0.348718
-0.348796
-0.348874
-0.349422
-0.349657
-0.349813
-0.349970
-0.349892
-0.350283
-0.350361
-0.350674
-0.351066
-0.351300
-0.351848
-0.351848
-0.352240
-0.352240
-0.352553
-0.352631
-0.352788
-0.353101
-0.353336
-0.353570
-0.353805
-0.353962
-0.354040
-0.354588
-0.354744
-0.354979
-0.355136
-0.355449
-0.355371
-0.355605
-0.355840
-0.356153
-0.356310
-0.356779
-0.357092
-0.357092
-0.357406
-0.357484
-0.357875
-0.358267
-0.358188
-0.358501
-0.358423
-0.358893
-0.359206
-0.359597
-0.359754
-0.360067
-0.360380
-0.360615
-0.361241
-0.361084
-0.361241
-0.361710
-0.361867
-0.362415
-0.362650
-0.362963
-0.363119
-0.363432
-0.363432
-0.363745
-0.364137
-0.364293
-0.364528
-0.364606
-0.364763
-0.365311
-0.365311
-0.365780
-0.365937
-0.366093
-0.366250
-0.366720
-0.366720
-0.366641
-0.367346
-0.367424
-0.367424
-0.367894
-0.367972
-0.368285
-0.368755
-0.368833
-0.369068
-0.369459
-0.369459
-0.369772
-0.369694
-0.370007
-0.370320
-0.370477
-0.370946
-0.371024
-0.371416
-0.371885
-0.371807
-0.372355
-0.372590
-0.372590
-0.372825
-0.372903
-0.373216
-0.373764
-0.373999
-0.373999
-0.374312
-0.374625
-0.375251
-0.375251
-0.375408
-0.375721
-0.375877
-0.376190
-0.376582
-0.376582
-0.377130
-0.377051
-0.377364
-0.377756
-0.378069
-0.378382
-0.378460
-0.378695
-0.379086
-0.379243
-0.379556
-0.379947
-0.379947
-0.380339
-0.380652
-0.380652
-0.380886
-0.381356
-0.381591
-0.381669
-0.382217
-0.382217
-0.382217
-0.382687
-0.383156
-0.383078
-0.383235
-0.383469
-0.384017
-0.384017
-0.384174
-0.384565
-0.384878
-0.385191
-0.385191
-0.385426
-0.385974
-0.385739
-0.386209
-0.386365
-0.386757
-0.387070
-0.387226
-0.387305
-0.387774
-0.387931
-0.388322
-0.388635
-0.388713
-0.389027
-0.389261
-0.389574
-0.389966
-0.390201
-0.390357
-0.390435
-0.390983
-0.391296
-0.391453
-0.391766
-0.392001
-0.392157
-0.392705
-0.392783
-0.393018
-0.393253
-0.393644
-0.394036
-0.394036
-0.394114
-0.394349
-0.394662
-0.394897
-0.395366
-0.395523
-0.395914
-0.396149
-0.396227
-0.396540
-0.396932
-0.397088
-0.397245
-0.397401
-0.397871
-0.398028
-0.398575
-0.398967
-0.398967
-0.399358
-0.399593
-0.399984
-0.400376
-0.400376
-0.400532
-0.401002
-0.401471
-0.401550
-0.401706
-0.402411
-0.402411
-0.403115
-0.403193
-0.403428
-0.403663
-0.403976
-0.403820
-0.404446
-0.404446
-0.404837
-0.405228
-0.405698
-0.406089
-0.406168
-0.406168
-0.406402
-0.406481
-0.407185
-0.407107
-0.407498
-0.407811
-0.408046
-0.408359
-0.408672
-0.408751
-0.408985
-0.409298
-0.409611
-0.409846
-0.410316
-0.410316
-0.410551
-0.410707
-0.410942
-0.411647
-0.411647
-0.412116
-0.412194
-0.412664
-0.412742
-0.412977
-0.413290
-0.413368
-0.413838
-0.414386
-0.414699
-0.415012
-0.415012
-0.415247
-0.415638
-0.416030
-0.416577
-0.416577
-0.416969
-0.416577
-0.417438
-0.417595
-0.418065
-0.418065
-0.418221
-0.418691
-0.419082
-0.419317
-0.419630
-0.419630
-0.419943
-0.420334
-0.420804
-0.421117
-0.421117
-0.421352
-0.422056
-0.421978
-0.422448
-0.422526
-0.423074
-0.422996
-0.423230
-0.423544
-0.423700
-0.424013
-0.424483
-0.424718
-0.424639
-0.425031
-0.425109
-0.425422
-0.425657
-0.425970
-0.426518
-0.426674
-0.426674
-0.427379
-0.427300
-0.427614
-0.428083
-0.428396
-0.428475
-0.428866
-0.429179
-0.429414
-0.429727
-0.430196
-0.430275
-0.430275
-0.430823
-0.431370
-0.431449
-0.431605
-0.431997
-0.432153
-0.432388
-0.432936
-0.433014
-0.433171
-0.433719
-0.433953
-0.434188
-0.434658
-0.434893
-0.434814
-0.435127
-0.435127
-0.435832
-0.436301
-0.436615
-0.436771
-0.436849
-0.437162
-0.437319
-0.437710
-0.437789
-0.437945
-0.438571
-0.438571
-0.438963
-0.439119
-0.439276
-0.439589
-0.439824
-0.440137
-0.440450
-0.440606
-0.441311
-0.441311
-0.441937
-0.442328
-0.442798
-0.442798
-0.443189
-0.443346
-0.443502
-0.443581
-0.443972
-0.444285
-0.444363
-0.444833
-0.445068
-0.445224
-0.445694
-0.445929
-0.446320
-0.446163
-0.446633
-0.446868
-0.447181
-0.447259
-0.447729
-0.447885
-0.448277
-0.448277
-0.448981
-0.449216
-0.449216
-0.449607
-0.450155
-0.450390
-0.450390
-0.450860
-0.451329
-0.451564
-0.451642
-0.451642
-0.452190
-0.452660
-0.452582
-0.452895
-0.453443
-0.453443
-0.453756
-0.453990
-0.454147
-0.454382
-0.454773
-0.454930
-0.455634
-0.455556
-0.455947
-0.456573
-0.456652
-0.457043
-0.457356
-0.457669
-0.457826
-0.457904
-0.458217
-0.458608
-0.458921
-0.459235
-0.459469
-0.459939
-0.460174
-0.460330
-0.460565
-0.461035
-0.461191
-0.461426
-0.461739
-0.461896
-0.462522
-0.462600
-0.463148
-0.463539
-0.463696
-0.463852
-0.464009
-0.464557
-0.464557
-0.464792
-0.465105
-0.465261
-0.465809
-0.466044
-0.466279
-0.466592
-0.466670
-0.466983
-0.467296
-0.467688
-0.467766
-0.468236
-0.468549
-0.468783
-0.469018
-0.469253
-0.469566
-0.469957
-0.470271
-0.470584
-0.471053
-0.471288
-0.471288
-0.471445
-0.471679
-0.471914
-0.472149
-0.472619
-0.472932
-0.473401
-0.473401
-0.473949
-0.474106
-0.474184
-0.474497
-0.474888
-0.475123
-0.475515
-0.475671
-0.475984
-0.476610
-0.476845
-0.477002
-0.477393
-0.477628
-0.477863
-0.478254
-0.478332
-0.478489
-0.478802
-0.478959
-0.479272
-0.479663
-0.479976
-0.480367
-0.480994
-0.481385
-0.481463
-0.482089
-0.482089
-0.482637
-0.482559
-0.483029
-0.483185
-0.483420
-0.483968
-0.483968
-0.484437
-0.484672
-0.485298
-0.485533
-0.485690
-0.485690
-0.486003
-0.486316
-0.486707
-0.486864
-0.487490
-0.487490
-0.487881
-0.487960
-0.488194
-0.488507
-0.488821
-0.488899
-0.489681
-0.489760
-0.489760
-0.490308
-0.490464
-0.490777
-0.491012
-0.491403
-0.491873
-0.492186
-0.492734
-0.492656
-0.493204
-0.493438
-0.493752
-0.493830
-0.494143
-0.494456
-0.494847
-0.495082
-0.495239
-0.495708
-0.496100
-0.496178
-0.496491
-0.496804
-0.496961
-0.497508
-0.497743
-0.498291
-0.498369
-0.498683
-0.498996
-0.499230
-0.499387
-0.500013
-0.500248
-0.500404
-0.500639
-0.501031
-0.501657
-0.501735
-0.502048
-0.502518
-0.502674
-0.503144
-0.503300
-0.503535
-0.504083
-0.504161
-0.504631
-0.504474
-0.504866
-0.505335
-0.505727
-0.506118
-0.506275
-0.506744
-0.507057
-0.507057
-0.507449
-0.507840
-0.507997
-0.508153
-0.508623
-0.508466
-0.508858
-0.508936
-0.509562
-0.509719
-0.510188
-0.510345
-0.510423
-0.510814
-0.511127
-0.511754
-0.511597
-0.512301
-0.512458
-0.512693
-0.513006
-0.513397
-0.513945
-0.514102
-0.514493
-0.514728
-0.515041
-0.515041
-0.515432
-0.516058
-0.516058
-0.516215
-0.516450
-0.516685
-0.517076
-0.517546
-0.517702
-0.518093
-0.518172
-0.518328
-0.518641
-0.518954
-0.519424
-0.519581
-0.519972
-0.520520
-0.521224
-0.521537
-0.521537
-0.521694
-0.522242
-0.522477
-0.522790
-0.523103
-0.523259
-0.523651
-0.524198
-0.524042
-0.524433
-0.524825
-0.524903
-0.525529
-0.525764
-0.525920
-0.525999
-0.526468
-0.526938
-0.526938
-0.527251
-0.527486
-0.527799
-0.528268
-0.528425
-0.528660
-0.528660
-0.529208
-0.529521
-0.529912
-0.530069
-0.530069
-0.530538
-0.530851
-0.531243
-0.531399
-0.531791
-0.532182
-0.532573
-0.532730
-0.532808
-0.533434
-0.533591
-0.533826
-0.534139
-0.534217
-0.534608
-0.534843
-0.535078
-0.535469
-0.535626
-0.535782
-0.536095
-0.536956
-0.536956
-0.537191
-0.537504
-0.537504
-0.537739
-0.538130
-0.538600
-0.538991
-0.539461
-0.539383
-0.540009
-0.539931
-0.540322
-0.540557
-0.541183
-0.541574
-0.541574
-0.541653
-0.542279
-0.542279
-0.542827
-0.542983
-0.543140
-0.543375
-0.543922
-0.544079
-0.544236
-0.544392
-0.544783
-0.545097
-0.545410
-0.545879
-0.546036
-0.546349
-0.546662
-0.547132
-0.547366
-0.547366
-0.547679
-0.548227
-0.548149
-0.548619
-0.548853
-0.549088
-0.549558
-0.549636
-0.549949
-0.550184
-0.550732
-0.550810
-0.550967
-0.551358
-0.551906
-0.551984
-0.552219
-0.552297
-0.552845
-0.553002
-0.553550
-0.553550
-0.554019
-0.554176
-0.554489
-0.554958
-0.554958
-0.555428
-0.555819
-0.555976
-0.556289
-0.556524
-0.556837
-0.556915
-0.557150
-0.557541
-0.557854
-0.557776
-0.558168
-0.558715
-0.559029
-0.559263
-0.560046
-0.559811
-0.560124
-0.560594
-0.560672
-0.561064
-0.561377
-0.561925
-0.562238
-0.562472
-0.562864
-0.562864
-0.563255
-0.563412
-0.563803
-0.564194
-0.563960
-0.564586
-0.564507
-0.565134
-0.565447
-0.565603
-0.565603
-0.565916
-0.566464
-0.566464
-0.566856
-0.567560
-0.567716
-0.568030
-0.568421
-0.568499
-0.569360
-0.569517
-0.569830
-0.570065
-0.570378
-0.570612
-0.570612
-0.570769
-0.571239
-0.571552
-0.571787
-0.572021
-0.572491
-0.572804
-0.573195
-0.573430
-0.573743
-0.574056
-0.573822
-0.574291
-0.575074
-0.574761
-0.575152
-0.575543
-0.575778
-0.576170
-0.576404
-0.576874
-0.577265
-0.577031
-0.577578
-0.578361
-0.578361
-0.578596
-0.578518
-0.579379
-0.579144
-0.579613
-0.579927
-0.580161
-0.580788
-0.580396
-0.581101
-0.581335
-0.581648
-0.582118
-0.582118
-0.582901
-0.582979
-0.583214
-0.583840
-0.584388
-0.584544
-0.584779
-0.585014
-0.585719
-0.585562
-0.586188
-0.586579
-0.586814
-0.586971
-0.587284
-0.587754
-0.587675
-0.587832
-0.588380
-0.588536
-0.589084
-0.589241
-0.589710
-0.589945
-0.590493
-0.590258
-0.590650
-0.590963
-0.591432
-0.591902
-0.592137
-0.592215
-0.592528
-0.593076
-0.592998
-0.593546
-0.593624
-0.593780
-0.594720
-0.594720
-0.595111
-0.595424
-0.595737
-0.596128
-0.596285
-0.596520
-0.596833
-0.597224
-0.597537
-0.597929
-0.598085
-0.598163
-0.598320
-0.599024
-0.599181
-0.599651
-0.599807
-0.600198
-0.600433
-0.601372
-0.601842
-0.601999
-0.601686
-0.602233
-0.602703
-0.603016
-0.603251
-0.603564
-0.603721
-0.604190
-0.604112
-0.604503
-0.604973
-0.605208
-0.605756
-0.605912
-0.605912
-0.606225
-0.606460
-0.606851
-0.607321
-0.607634
-0.607869
-0.607869
-0.608495
-0.608573
-0.609121
-0.609199
-0.609826
-0.610060
-0.610374
-0.610765
-0.611000
-0.611156
-0.611391
-0.611782
-0.612252
-0.612174
-0.612565
-0.613035
-0.613269
-0.613504
-0.613739
-0.614287
-0.614287
-0.614600
-0.615070
-0.615148
-0.615461
-0.615931
-0.616479
-0.616557
-0.616557
-0.617026
-0.617418
-0.617574
-0.617731
-0.618122
-0.618435
-0.618592
-0.618905
-0.619453
-0.619531
-0.619922
-0.620079
-0.620470
-0.620783
-0.620862
-0.621488
-0.621723
-0.621957
-0.622584
-0.622427
-0.623053
-0.623131
-0.623523
-0.623914
-0.624149
-0.624540
-0.624853
-0.624932
-0.625245
-0.625558
-0.625949
-0.625949
-0.626341
-0.626888
-0.626888
-0.627123
-0.627358
-0.627671
-0.627906
-0.628297
-0.628610
-0.629080
-0.629471
-0.629628
-0.630176
-0.630411
-0.630489
-0.630489
-0.631115
-0.631350
-0.631272
-0.631663
-0.632054
-0.632367
-0.632524
-0.632837
-0.633385
-0.633620
-0.633776
-0.634324
-0.634637
-0.634715
-0.635185
-0.635342
-0.635655
-0.635889
-0.636124
-0.636437
-0.636359
-0.636985
-0.637220
-0.637298
-0.637846
-0.638003
-0.638316
-0.638472
-0.638785
-0.639177
-0.639490
-0.639803
-0.640194
-0.640429
-0.640977
-0.641134
-0.641212
-0.641760
-0.641916
-0.642464
-0.642699
-0.642934
-0.643169
-0.643560
-0.643638
-0.644343
-0.644264
-0.644186
-0.644890
-0.645125
-0.645204
-0.645438
-0.645830
-0.646065
