-0.536643
-0.536878
-0.537113
-0.537426
-0.537817
-0.538209
-0.538444
-0.538444
-0.538991
-0.539383
-0.539539
-0.539539
-0.540009
-0.540322
-0.540792
-0.541105
-0.541340
-0.541574
-0.542122
-0.542044
-0.542514
-0.542827
-0.543140
-0.543375
-0.543844
-0.544001
-0.544236
-0.544470
-0.545097
-0.545097
-0.545253
-0.545566
-0.545723
-0.545957
-0.546505
-0.546584
-0.547132
-0.547445
-0.547523
-0.547758
-0.548071
-0.548384
-0.548384
-0.548853
-0.549088
-0.549480
-0.549558
-0.549636
-0.550027
-0.550262
-0.550497
-0.550967
-0.551593
-0.551828
-0.551906
-0.552376
-0.552689
-0.552610
-0.553237
-0.553393
-0.553706
-0.554098
-0.554254
-0.554724
-0.554802
-0.555428
-0.555663
-0.555898
-0.556211
-0.556524
-0.556602
-0.557072
-0.557463
-0.557933
-0.557776
-0.558168
-0.558481
-0.558950
-0.559185
-0.559498
-0.559811
-0.559968
-0.560516
-0.560750
-0.560829
-0.561533
-0.561690
-0.561846
-0.562629
-0.562785
-0.563099
-0.563177
-0.563255
-0.563568
-0.564038
-0.564273
-0.564742
-0.564899
-0.564899
-0.565447
-0.565447
-0.566073
-0.566229
-0.566621
-0.566777
-0.567247
-0.567482
-0.568030
-0.568186
-0.568499
-0.568577
-0.568891
-0.569438
-0.569360
-0.569673
-0.569986
-0.570221
-0.570847
-0.570769
-0.571239
-0.571395
-0.571787
-0.572491
-0.572334
-0.572726
-0.573195
-0.573430
-0.573743
-0.574056
-0.574291
-0.574682
-0.574917
-0.575152
-0.575387
-0.575543
-0.576091
-0.576561
-0.576796
-0.577031
-0.577422
-0.577970
-0.578048
-0.578283
-0.578753
-0.578831
-0.579066
-0.579379
-0.580083
-0.580161
-0.580631
-0.580788
-0.581022
-0.581492
-0.581727
-0.581805
-0.582275
-0.582353
-0.582901
-0.583292
-0.583214
-0.583684
-0.583840
-0.584388
-0.584388
-0.584701
-0.584936
-0.585327
-0.585797
-0.585953
-0.586188
-0.586658
-0.586814
-0.587127
-0.587597
-0.587754
-0.587910
-0.588145
-0.588380
-0.588380
-0.588693
-0.589554
-0.589397
-0.589789
-0.590180
-0.590493
-0.590884
-0.590884
-0.591432
-0.591589
-0.591824
-0.592371
-0.592528
-0.592919
-0.593076
-0.593232
-0.593859
-0.593937
-0.594485
-0.594720
-0.595033
-0.595424
-0.595424
-0.595581
-0.595894
-0.596285
-0.596833
-0.596911
-0.597224
-0.597772
-0.598085
-0.598555
-0.598398
-0.598790
-0.599337
-0.599337
-0.599885
-0.600198
-0.600355
-0.600825
-0.601138
-0.601451
-0.601842
-0.602155
-0.602547
-0.603094
-0.603251
-0.603642
-0.603799
-0.603877
-0.604425
-0.604582
-0.604738
-0.605129
-0.605521
-0.605756
-0.605990
-0.606382
-0.606930
-0.607008
-0.607243
-0.607791
-0.608182
-0.608417
-0.608495
-0.608808
-0.609199
-0.609356
-0.609747
-0.609826
-0.610139
-0.610452
-0.610921
-0.611078
-0.611234
-0.611469
-0.611861
-0.612017
-0.612643
-0.612565
-0.612956
-0.613348
-0.613817
-0.614130
-0.614209
-0.614600
-0.614522
-0.614757
-0.615148
-0.615461
-0.615696
-0.615852
-0.616087
-0.616244
-0.616948
-0.617026
-0.617418
-0.617653
-0.618044
-0.618044
-0.618279
-0.618827
-0.618983
-0.619218
-0.619609
-0.620157
-0.620627
-0.620705
-0.620783
-0.621331
-0.621957
-0.621957
-0.622036
-0.622505
-0.622897
-0.622975
-0.623366
-0.623679
-0.623914
-0.624149
-0.624462
-0.625245
-0.625401
-0.625636
-0.626106
-0.626184
-0.626575
-0.626967
-0.626654
-0.627123
-0.627202
-0.627749
-0.627984
-0.628141
-0.628532
-0.628845
-0.629080
-0.629706
-0.629863
-0.630176
-0.630567
-0.630802
-0.630958
-0.631193
-0.631428
-0.632054
-0.632054
-0.632446
-0.632837
-0.633150
-0.633463
-0.633541
-0.633854
-0.634011
-0.634481
-0.634872
-0.634794
-0.634872
-0.635498
-0.635811
-0.636203
-0.636359
-0.636750
-0.636985
-0.637455
-0.637611
-0.638003
-0.638159
-0.638551
-0.638629
-0.639020
-0.639177
-0.639646
-0.639803
-0.639959
-0.640429
-0.641134
-0.641134
-0.641290
-0.641916
-0.642229
-0.642386
-0.642777
-0.642934
-0.643325
-0.643638
-0.643638
-0.643951
-0.644186
-0.644812
-0.644969
-0.645125
-0.645517
-0.645751
-0.646378
-0.646378
-0.646847
-0.647082
-0.647317
-0.647630
-0.648413
-0.648334
-0.648726
-0.648882
-0.649117
-0.649274
-0.649743
-0.649743
-0.650135
-0.650682
-0.650917
-0.651309
-0.651622
-0.651778
-0.652326
-0.652404
-0.652639
-0.653031
-0.653265
-0.653422
-0.653813
-0.653970
-0.654439
-0.654752
-0.654596
-0.654987
-0.655066
-0.655144
-0.655692
-0.655535
-0.655770
-0.655927
-0.655848
-0.656005
-0.655927
-0.655535
-0.655379
-0.655222
-0.655457
-0.655300
-0.655066
-0.654909
-0.654831
-0.654439
-0.654283
-0.653735
-0.653578
-0.653344
-0.653422
-0.653187
-0.652874
-0.652404
-0.652013
-0.651856
-0.651622
-0.651465
-0.651074
-0.650526
-0.650056
-0.649978
-0.649743
-0.649665
-0.649274
-0.648804
-0.648413
-0.648256
-0.647708
-0.647317
-0.647004
-0.646691
-0.646299
-0.646221
-0.645830
-0.645438
-0.645282
-0.644969
-0.644734
-0.644421
-0.643795
-0.643638
-0.643403
-0.643325
-0.642855
-0.642308
-0.642151
-0.641603
-0.641134
-0.640742
-0.640507
-0.640038
-0.639646
-0.639412
-0.638942
-0.638785
-0.638238
-0.638081
-0.637924
-0.637611
-0.637064
-0.637142
-0.636594
-0.636516
-0.636203
-0.635420
-0.635263
-0.635028
-0.634872
-0.634481
-0.634011
-0.633698
-0.633620
-0.632993
-0.632759
-0.632289
-0.632054
-0.631898
-0.631585
-0.631272
-0.630724
-0.630645
-0.630332
-0.629863
-0.629550
-0.629471
-0.628845
-0.628376
-0.628062
-0.627828
-0.627749
-0.627358
-0.627202
-0.626575
-0.626341
-0.625871
-0.625401
-0.625401
-0.625166
-0.624462
-0.624306
-0.623914
-0.623836
-0.623288
-0.622897
-0.622662
-0.622192
-0.621644
-0.621488
-0.621096
-0.621018
-0.620392
-0.620079
-0.619609
-0.619296
-0.618905
-0.618670
-0.618122
-0.618044
-0.617574
-0.617418
-0.617026
-0.616713
-0.616479
-0.616009
-0.615539
-0.615539
-0.615148
-0.614835
-0.614600
-0.614287
-0.613739
-0.613583
-0.613035
-0.612956
-0.612565
-0.611939
-0.611861
-0.611313
-0.611078
-0.610765
-0.610139
-0.610374
-0.609982
-0.609747
-0.609434
-0.609591
-0.609121
-0.608495
-0.608104
-0.607947
-0.607556
-0.607399
-0.606538
-0.606695
-0.606225
-0.605912
-0.605834
-0.605208
-0.604738
-0.604503
-0.604112
-0.603877
-0.603642
-0.603486
-0.603016
-0.602547
-0.602390
-0.601999
-0.601451
-0.601294
-0.600825
-0.600590
-0.599885
-0.599259
-0.599024
-0.598790
-0.598242
-0.598398
-0.598007
-0.597772
-0.597381
-0.596911
-0.596598
-0.596285
-0.595894
-0.595659
-0.595111
-0.594954
-0.594563
-0.594093
-0.594015
-0.593389
-0.592998
-0.592763
-0.592685
-0.592137
-0.591824
-0.591432
-0.591197
-0.590806
-0.590336
-0.590102
-0.589710
-0.589319
-0.588928
-0.588928
-0.588223
-0.588145
-0.587832
-0.587440
-0.587127
-0.586423
-0.586266
-0.585875
-0.585719
-0.585327
-0.584936
-0.584701
-0.584544
-0.584310
-0.584075
-0.583605
-0.583527
-0.583057
-0.582901
-0.582431
-0.581883
-0.581570
-0.581492
-0.581257
-0.580631
-0.580161
-0.580005
-0.579770
-0.579222
-0.578831
-0.578518
-0.578361
-0.577892
-0.577578
-0.577344
-0.576874
-0.576717
-0.576639
-0.575778
-0.575622
-0.575309
-0.574761
-0.574761
-0.574213
-0.574056
-0.573743
-0.573274
-0.573039
-0.572569
-0.572569
-0.572256
-0.571552
-0.571473
-0.571004
-0.570691
-0.570299
-0.569908
-0.569595
-0.569047
-0.568891
-0.568734
-0.568499
-0.567873
-0.567482
-0.567403
-0.566934
-0.566542
-0.566151
-0.566151
-0.565525
-0.565290
-0.564977
-0.564586
-0.564273
-0.564116
-0.563960
-0.563725
-0.562942
-0.562707
-0.562159
-0.561846
-0.561611
-0.561064
-0.560907
-0.560829
-0.560281
-0.560046
-0.559498
-0.559576
-0.559029
-0.558559
-0.558246
-0.558011
-0.557541
-0.557150
-0.556994
-0.556524
-0.556524
-0.555898
-0.555428
-0.555037
-0.554880
-0.554567
-0.554098
-0.553863
-0.553471
-0.552923
-0.552767
-0.552376
-0.552063
-0.551828
-0.551515
-0.551123
-0.550575
-0.550419
-0.550184
-0.549636
-0.549558
-0.549167
-0.548775
-0.548775
-0.548306
-0.548071
-0.547679
-0.547445
-0.547132
-0.546662
-0.546818
-0.546271
-0.545644
-0.545097
-0.545097
-0.544705
-0.544392
-0.544079
-0.543531
-0.543375
-0.543061
-0.542983
-0.542670
-0.542357
-0.541966
-0.541809
-0.541340
-0.541261
-0.540635
-0.540635
-0.540087
-0.539852
-0.539461
-0.538757
-0.538678
-0.538130
-0.537974
-0.537661
-0.537504
-0.536800
-0.536409
-0.536487
-0.536174
-0.535704
-0.535235
-0.535235
-0.534687
-0.534295
-0.533982
-0.533904
-0.533434
-0.532808
-0.532808
-0.532025
-0.532260
-0.531556
-0.531321
-0.530930
-0.530617
-0.530304
-0.530069
-0.529599
-0.529364
-0.529129
-0.528973
-0.528425
-0.528190
-0.527955
-0.527408
-0.527173
-0.526860
-0.526390
-0.526077
-0.525764
-0.525294
-0.525059
-0.525059
-0.524668
-0.524355
-0.524277
-0.523494
-0.522868
-0.522790
-0.522477
-0.522242
-0.522007
-0.521224
-0.521146
-0.520755
-0.520598
-0.519972
-0.519659
-0.519346
-0.518876
-0.518641
-0.518485
-0.517859
-0.517546
-0.517311
-0.516919
-0.516606
-0.516371
-0.515745
-0.515589
-0.515276
-0.514884
-0.514650
-0.514336
-0.514023
-0.513867
-0.513397
-0.513084
-0.512615
-0.511988
-0.511988
-0.511832
-0.511597
-0.511206
-0.510580
-0.510580
-0.510110
-0.509640
-0.509171
-0.508779
-0.508623
-0.508075
-0.507918
-0.507605
-0.507370
-0.507057
-0.506744
-0.506509
-0.505883
-0.505805
-0.505335
-0.505101
-0.504474
-0.504318
-0.504240
-0.503692
-0.503457
-0.503066
-0.502753
-0.502518
-0.502048
-0.501500
-0.501187
-0.501265
-0.500796
-0.500561
-0.500326
-0.499465
-0.499465
-0.498996
-0.498683
-0.498526
-0.498369
-0.497978
-0.497665
-0.497117
-0.496961
-0.496569
-0.496334
-0.495708
-0.495552
-0.495160
-0.494769
-0.494456
-0.494456
-0.494143
-0.493908
-0.493282
-0.493125
-0.492969
-0.492656
-0.492264
-0.491951
-0.491638
-0.491325
-0.490934
-0.490699
-0.490386
-0.490229
-0.489525
-0.489681
-0.489290
-0.488899
-0.488194
-0.488429
-0.487881
-0.487568
-0.487412
-0.486864
-0.486551
-0.486238
-0.485846
-0.485846
-0.485220
-0.484907
-0.484750
-0.484437
-0.484046
-0.483811
-0.483498
-0.482950
-0.482715
-0.482324
-0.481776
-0.481620
-0.481307
-0.480837
-0.480133
-0.479976
-0.479741
-0.479428
-0.479193
-0.478724
-0.478724
-0.478332
-0.477863
-0.477863
-0.477628
-0.476845
-0.476610
-0.476454
-0.476219
-0.475984
-0.475436
-0.474810
-0.474575
-0.474341
-0.474419
-0.473714
-0.473636
-0.473323
-0.473088
-0.472697
-0.472306
-0.471758
-0.471366
-0.471288
-0.470818
-0.470662
-0.470349
-0.470114
-0.469879
-0.469253
-0.469097
-0.468862
-0.468236
-0.468079
-0.467688
-0.467609
-0.467453
-0.466983
-0.466748
-0.466514
-0.466044
-0.465731
-0.465418
-0.465027
-0.464635
-0.464166
-0.463852
-0.463539
-0.463383
-0.463148
-0.462678
-0.462522
-0.462131
-0.461817
-0.461270
-0.461270
-0.460878
-0.460565
-0.460487
-0.460096
-0.459782
-0.459235
-0.459313
-0.458530
-0.458295
-0.458374
-0.457982
-0.457356
-0.457121
-0.456886
-0.456808
-0.456339
-0.455947
-0.455556
-0.455478
-0.455165
-0.454930
-0.454538
-0.454225
-0.454225
-0.453599
-0.453364
-0.453364
-0.452738
-0.452347
-0.452190
-0.451721
-0.451564
-0.451016
-0.450547
-0.450390
-0.450155
-0.449764
-0.449451
-0.449138
-0.448590
-0.448512
-0.448433
-0.447729
-0.447729
-0.447259
-0.447024
-0.446711
-0.446320
-0.446085
-0.445616
-0.445381
-0.445146
-0.444911
-0.444676
-0.444598
-0.443894
-0.443737
-0.443267
-0.443189
-0.442876
-0.442563
-0.442172
-0.442015
-0.441311
-0.440919
-0.440528
-0.440293
-0.439980
-0.439745
-0.439432
-0.438963
-0.438884
-0.438415
-0.438337
-0.437789
-0.437554
-0.437162
-0.436849
-0.436223
-0.436145
-0.435988
-0.435441
-0.435519
-0.434893
-0.434814
-0.434266
-0.434110
-0.433719
-0.433406
-0.433249
-0.432623
-0.432310
-0.431997
-0.431762
-0.431449
-0.431214
-0.430979
-0.430744
-0.430196
-0.430040
-0.429570
-0.429257
-0.428866
-0.428475
-0.428475
-0.428005
-0.427692
-0.427535
-0.427222
-0.426518
-0.426674
-0.426361
-0.425735
-0.425422
-0.425422
-0.425031
-0.424561
-0.424404
-0.423700
-0.423778
-0.423309
-0.423074
-0.422996
-0.422291
-0.422135
-0.421743
-0.421195
-0.420726
-0.420491
-0.420491
-0.419943
-0.419395
-0.419160
-0.418769
-0.418456
-0.418221
-0.418299
-0.417517
-0.417438
-0.417125
-0.416891
-0.416656
-0.415951
-0.415560
-0.415325
-0.415090
-0.414934
-0.414386
-0.414151
-0.413682
-0.413682
-0.412899
-0.412664
-0.412273
-0.412194
-0.412038
-0.411412
-0.411255
-0.410864
-0.410472
-0.410159
-0.410081
-0.409768
-0.409533
-0.408985
-0.408751
-0.408594
-0.408281
-0.407811
-0.407498
-0.407185
-0.406794
-0.406559
-0.406246
-0.406246
-0.405698
-0.405385
-0.405150
-0.404759
-0.404680
-0.404367
-0.403820
-0.403663
-0.403193
-0.403272
-0.402959
-0.402411
-0.401941
-0.401941
-0.401315
-0.400924
-0.400610
-0.399828
-0.399436
-0.399358
-0.399045
-0.398419
-0.398419
-0.397793
-0.397636
-0.397323
-0.397167
-0.396775
-0.396306
-0.396540
-0.396149
-0.395836
-0.395523
-0.395210
-0.394662
-0.394505
-0.394192
-0.393879
-0.393723
-0.393331
-0.393097
-0.392705
-0.392470
-0.391923
-0.391688
-0.391453
-0.390905
-0.390748
-0.389888
-0.389809
-0.389966
-0.389340
-0.389183
-0.388948
-0.388870
-0.388322
-0.388244
-0.387931
-0.387461
-0.387305
-0.386678
-0.386444
-0.386052
-0.385739
-0.385661
-0.385348
-0.385035
-0.384722
-0.384252
-0.384330
-0.383782
-0.383469
-0.383156
-0.382530
-0.382452
-0.382295
-0.381982
-0.381826
-0.381356
-0.380886
-0.380730
-0.380417
-0.380026
-0.379712
-0.379243
-0.378930
-0.378773
-0.378225
-0.378069
-0.377990
-0.377677
-0.377443
-0.377208
-0.376738
-0.376503
-0.376112
-0.375642
-0.375408
-0.375095
-0.375016
-0.374312
-0.373920
-0.373764
-0.373686
-0.373373
-0.373216
-0.372825
-0.372590
-0.372199
-0.372120
-0.371807
-0.371338
-0.370946
-0.370711
-0.370164
-0.370242
-0.369929
-0.369694
-0.369303
-0.368833
-0.368911
-0.368755
-0.368285
-0.368050
-0.367894
-0.367424
-0.366954
-0.366641
-0.366720
-0.366172
-0.365859
-0.365546
-0.365233
-0.364919
-0.364763
-0.364372
-0.364215
-0.363824
-0.363354
-0.363041
-0.362650
-0.362258
-0.362102
-0.361945
-0.361710
-0.361162
-0.360849
-0.360145
-0.360302
-0.359519
-0.359284
-0.358971
-0.358423
-0.358501
-0.357875
-0.357719
-0.357562
-0.357249
-0.356936
-0.357014
-0.356545
-0.355997
-0.355997
-0.355449
-0.355214
-0.354979
-0.354823
-0.354431
-0.354275
-0.353883
-0.353414
-0.353101
-0.352866
-0.352475
-0.352240
-0.352161
-0.351692
-0.351222
-0.351066
-0.350831
-0.350361
-0.349813
-0.349813
-0.349579
-0.349344
-0.349187
-0.348952
-0.348248
-0.348326
-0.347935
-0.347700
-0.347387
-0.346996
-0.346917
-0.346683
-0.346291
-0.345978
-0.345743
-0.345509
-0.345274
-0.344726
-0.344100
-0.344021
-0.343865
-0.343787
-0.343317
-0.343082
-0.342847
-0.342769
-0.342378
-0.342143
-0.341438
-0.341517
-0.341204
-0.340656
-0.340343
-0.340030
-0.339873
-0.339560
-0.338934
-0.339012
-0.338543
-0.337995
-0.338073
-0.337525
-0.337290
-0.337368
-0.336351
-0.336194
-0.336194
-0.335803
-0.335725
-0.335412
-0.334942
-0.334786
-0.334786
-0.334316
-0.333768
-0.333612
-0.333298
-0.332751
-0.332672
-0.332516
-0.332359
-0.331811
-0.331498
-0.331420
-0.330950
-0.330716
-0.330402
-0.330089
-0.329620
-0.329463
-0.329385
-0.328837
-0.328759
-0.328367
-0.328054
-0.327741
-0.327506
-0.327272
-0.327193
-0.326567
-0.326489
-0.326019
-0.325941
-0.325550
-0.325393
-0.324767
-0.324767
-0.324532
-0.324297
-0.323984
-0.323593
-0.323202
-0.323045
-0.322732
-0.322184
-0.322106
-0.321636
-0.321401
-0.321167
-0.321245
-0.320462
-0.320149
-0.320149
-0.319914
-0.319366
-0.319132
-0.318897
-0.318897
-0.318349
-0.318192
-0.317644
-0.317488
-0.317410
-0.316862
-0.316784
-0.316470
-0.315923
-0.316001
-0.315531
-0.315296
-0.314905
-0.314514
-0.314435
-0.314044
-0.313731
-0.313653
-0.313496
-0.313105
-0.312870
-0.312635
-0.312166
-0.311539
-0.311539
-0.311148
-0.310757
-0.310522
-0.310052
-0.310052
-0.309974
-0.309739
-0.309348
-0.309191
-0.308800
-0.308487
-0.308017
-0.307861
-0.307704
-0.307469
-0.307078
-0.306843
-0.306374
-0.306217
-0.305826
-0.305591
-0.305200
-0.305278
-0.304965
-0.304573
-0.304260
-0.304026
-0.303791
-0.303321
-0.303165
-0.302930
-0.302460
-0.302460
-0.302147
-0.301756
-0.301443
-0.300973
-0.300895
-0.300582
-0.300034
-0.300269
-0.299877
-0.299721
-0.299016
-0.298860
-0.298781
-0.298234
-0.297920
-0.297764
-0.297138
-0.296825
-0.296903
-0.296590
-0.296433
-0.295885
-0.295807
-0.295494
-0.295103
-0.294868
-0.295025
-0.294398
-0.294007
-0.293772
-0.293694
-0.293381
-0.293146
-0.292911
-0.292442
-0.292207
-0.292050
-0.291737
-0.291502
-0.291268
-0.291111
-0.290798
-0.290407
-0.289937
-0.289859
-0.289389
-0.289233
-0.289076
-0.288685
-0.288372
-0.288215
-0.287824
-0.287589
-0.287589
-0.287432
-0.286963
-0.286650
-0.286493
-0.286493
-0.285476
-0.285397
-0.285397
-0.285163
-0.284928
-0.284849
-0.284302
-0.283832
-0.283441
-0.283206
-0.282971
-0.282893
-0.282423
-0.282032
-0.281797
-0.281640
-0.281249
-0.281171
-0.281092
-0.280545
-0.279997
-0.279997
-0.279605
-0.279136
-0.278823
-0.278744
-0.278353
-0.278118
-0.277649
-0.277649
-0.277649
-0.277336
-0.276944
-0.276240
-0.276240
-0.276161
-0.275848
-0.275614
-0.275144
-0.275066
-0.274674
-0.274909
-0.274674
-0.274283
-0.273970
-0.273813
-0.273500
-0.273187
-0.272874
-0.272639
-0.272483
-0.272248
-0.271857
-0.271387
-0.271230
-0.271230
-0.270839
-0.270761
-0.270056
-0.269822
-0.269430
-0.269195
-0.269195
-0.268961
-0.268804
-0.268491
-0.268335
-0.268178
-0.267708
-0.267630
-0.267160
-0.266926
-0.266691
-0.266691
-0.266534
-0.266221
-0.265908
-0.265595
-0.265282
-0.265204
-0.264891
-0.264578
-0.264343
-0.264343
-0.263795
-0.263169
-0.263090
-0.262856
-0.262856
-0.262777
-0.262308
-0.262308
-0.261995
-0.261603
-0.261134
-0.260977
-0.261055
-0.260586
-0.260116
-0.259960
-0.259803
-0.259490
-0.259255
-0.258942
-0.258786
-0.258629
-0.258081
-0.257612
-0.257690
-0.257533
-0.256751
-0.256985
-0.256829
-0.256516
-0.256359
-0.255733
-0.255577
-0.255577
-0.255498
-0.255029
-0.254637
-0.254559
-0.254011
-0.254089
-0.254168
-0.253620
-0.253385
-0.253150
-0.252759
-0.252681
-0.252289
-0.252133
-0.251741
-0.251741
-0.251428
-0.251350
-0.251115
-0.250802
-0.250567
-0.250411
-0.250176
-0.249863
-0.249471
-0.249158
-0.249393
-0.249002
-0.248845
-0.248611
-0.248532
-0.248297
-0.248297
-0.247828
-0.247750
-0.247280
-0.247123
-0.246889
-0.246889
-0.246810
-0.246341
-0.246028
-0.245636
-0.245715
-0.245480
-0.245245
-0.244854
-0.244384
-0.244619
-0.244149
-0.243993
-0.243758
-0.243366
-0.243288
-0.243288
-0.243132
-0.242740
-0.242271
-0.242349
-0.241879
-0.242036
-0.241645
-0.241410
-0.241018
-0.240314
-0.240470
-0.240549
-0.240157
-0.239609
-0.239688
-0.239296
-0.238749
-0.238749
-0.238514
-0.238514
-0.238279
-0.237966
-0.237809
-0.237731
-0.237496
-0.237340
-0.237183
-0.237183
-0.236400
-0.236322
-0.236166
-0.236087
-0.235931
-0.235696
-0.235696
-0.235383
-0.235461
-0.234678
-0.234522
-0.234209
-0.233739
-0.233818
-0.233739
-0.233270
-0.233270
-0.233035
-0.232722
-0.232643
-0.232487
-0.232487
-0.232096
-0.232017
-0.231391
-0.231078
-0.231000
-0.231000
-0.230687
-0.230530
-0.230374
-0.230374
-0.229826
-0.229748
-0.229434
-0.229200
-0.229043
-0.228652
-0.228808
-0.228573
-0.227947
-0.228104
-0.227947
-0.227869
-0.227399
-0.227399
-0.227321
-0.226617
-0.226852
-0.226695
-0.226304
-0.226147
-0.226069
-0.225912
-0.225912
-0.225756
-0.225286
-0.225286
-0.224738
-0.224973
-0.224582
-0.224347
-0.224269
-0.224112
-0.224112
-0.223956
-0.223799
-0.223564
-0.223564
-0.223486
-0.222781
-0.222547
-0.222390
-0.222703
-0.222234
-0.221842
-0.221842
-0.221686
-0.221451
-0.221451
-0.221294
-0.220981
-0.220433
-0.220512
-0.220199
-0.220042
-0.219964
-0.219651
-0.219651
-0.219651
-0.219259
-0.218946
-0.218790
-0.218946
-0.218711
-0.218320
-0.218085
-0.218007
-0.217929
-0.217537
-0.217772
-0.217381
-0.217381
-0.217303
-0.216990
-0.216755
-0.216755
-0.216520
-0.216285
-0.216442
-0.216129
-0.216207
-0.215894
-0.215659
-0.215424
-0.215581
-0.215424
-0.215033
-0.214641
-0.214641
-0.214328
-0.214407
-0.214250
-0.213702
-0.213859
-0.213311
-0.213467
-0.213154
-0.213154
-0.213076
-0.212919
-0.212763
-0.212528
-0.212372
-0.212137
-0.212137
-0.212372
-0.211824
-0.211745
-0.211511
-0.211511
-0.211354
-0.211119
-0.211041
-0.210571
-0.210571
-0.210493
-0.210571
-0.210493
-0.210258
-0.210180
-0.210024
-0.209710
-0.210024
-0.209476
-0.209319
-0.209006
-0.209319
-0.208928
-0.209319
-0.209084
-0.208536
-0.208223
-0.208380
-0.208615
-0.208223
-0.207910
-0.207832
-0.207910
-0.207754
-0.207362
-0.207519
-0.207362
-0.207049
-0.207128
-0.206971
-0.206814
-0.206736
-0.206580
-0.206188
-0.206345
-0.206267
-0.205953
-0.205797
-0.205875
-0.205797
-0.205640
-0.205640
-0.205484
-0.205640
-0.205171
-0.205014
-0.205014
-0.204779
-0.204936
-0.204623
-0.204466
-0.204232
-0.204232
-0.204466
-0.204075
-0.204232
-0.203762
-0.203605
-0.203605
-0.203684
-0.203527
-0.203371
-0.202979
-0.203058
-0.203058
-0.203136
-0.203058
-0.202744
-0.202744
-0.202979
-0.202588
-0.202275
-0.202197
-0.202197
-0.202197
-0.202197
-0.202197
-0.202118
-0.201414
-0.201336
-0.201570
-0.201727
-0.201336
-0.201101
-0.201179
-0.201101
-0.201414
-0.200866
-0.200866
-0.200709
-0.200318
-0.200553
-0.200083
-0.200396
-0.200240
-0.200475
-0.200318
-0.200553
-0.200475
-0.200005
-0.200083
-0.200005
-0.199614
-0.199770
-0.200005
-0.199457
-0.199535
-0.199457
-0.199614
-0.199770
-0.199379
-0.199457
-0.199457
-0.199066
-0.198987
-0.198987
-0.198909
-0.198753
-0.198753
-0.199066
-0.198831
-0.199301
-0.198753
-0.198831
-0.198283
-0.198440
-0.198361
-0.198205
-0.198283
-0.198518
-0.198361
-0.198674
-0.198283
-0.198127
-0.198048
-0.198205
-0.197892
-0.197970
-0.197813
-0.197892
-0.198048
-0.198048
-0.198127
-0.198283
-0.198205
-0.197657
-0.197813
-0.197892
-0.197735
-0.197970
-0.197892
-0.197813
-0.198048
-0.198361
-0.198048
-0.197970
-0.198205
-0.198048
-0.197892
-0.197735
-0.197892
-0.198205
-0.197813
-0.197970
-0.198205
-0.197892
-0.198205
-0.198205
-0.198440
-0.197970
-0.198205
-0.198048
-0.197892
-0.198205
-0.197892
-0.198283
-0.198283
-0.198283
-0.198361
-0.198518
-0.198361
-0.198518
-0.198048
-0.198127
-0.197970
-0.197892
-0.198048
-0.197892
-0.198440
-0.198596
-0.198440
-0.198674
-0.198440
-0.198205
-0.198283
-0.197892
-0.198048
-0.198518
-0.198283
-0.198518
-0.198674
-0.198596
-0.198674
-0.198987
-0.198440
-0.198518
-0.198596
-0.198596
-0.198674
-0.198361
-0.198596
-0.198596
-0.198909
-0.198987
-0.199066
-0.198909
-0.198831
-0.198909
-0.198674
-0.198674
-0.198674
-0.198987
-0.199301
-0.199692
-0.199457
-0.199535
-0.199222
-0.199301
-0.199222
-0.199301
-0.199614
-0.199066
-0.199457
-0.199614
-0.200083
-0.199927
-0.199770
-0.200083
-0.200162
-0.199927
-0.199848
-0.200318
-0.199927
-0.200318
-0.200475
-0.200709
-0.200788
-0.200631
-0.200396
-0.200396
-0.200318
-0.200475
-0.200788
-0.200866
-0.200944
-0.200788
-0.201022
-0.201492
-0.201492
-0.201257
-0.200866
-0.201022
-0.201336
-0.201492
-0.201492
-0.201492
-0.201883
-0.201570
-0.201727
-0.202040
-0.201962
-0.201805
-0.202118
-0.201883
-0.202118
-0.202431
-0.202118
-0.202275
-0.202197
-0.202353
-0.202666
-0.202744
-0.202353
-0.202510
-0.202431
-0.202588
-0.202666
-0.202666
-0.202901
-0.202901
-0.203058
-0.202901
-0.203136
-0.202901
-0.203214
-0.203214
-0.203605
-0.203136
-0.203527
-0.203527
-0.203684
-0.203762
-0.203527
-0.203527
-0.203605
-0.203762
-0.203840
-0.203840
-0.204232
-0.203840
-0.203997
-0.204232
-0.204310
-0.204388
-0.204388
-0.204232
-0.204153
-0.204388
-0.204388
-0.204466
-0.204779
-0.204466
-0.204466
-0.204701
-0.204779
-0.204701
-0.204701
-0.204466
-0.204701
-0.204779
-0.204701
-0.204388
-0.204701
-0.204779
-0.204779
-0.205093
-0.205093
-0.204779
-0.204858
-0.205093
-0.205327
-0.205171
-0.205327
-0.205093
-0.205406
-0.205327
-0.205093
-0.205171
-0.205327
-0.205249
-0.205249
-0.205797
-0.205562
-0.205562
-0.205484
-0.205406
-0.205562
-0.205327
-0.205406
-0.205327
-0.205562
-0.205406
-0.205171
-0.205797
-0.205484
-0.205171
-0.205406
-0.205327
-0.205014
-0.205171
-0.205171
-0.205014
-0.205249
-0.205406
-0.205093
-0.204858
-0.204936
-0.205014
-0.204936
-0.205014
-0.204779
-0.204779
-0.205014
-0.204858
-0.204779
-0.204545
-0.204545
-0.204388
-0.204466
-0.204153
-0.204310
-0.204232
-0.204075
-0.204310
-0.203997
-0.203997
-0.204153
-0.203997
-0.204075
-0.203918
-0.203762
-0.203762
-0.203605
-0.203840
-0.203527
-0.203684
-0.203449
-0.202979
-0.203058
-0.202823
-0.202666
-0.202823
-0.202510
-0.202510
-0.202353
-0.202118
-0.202197
-0.202197
-0.201962
-0.201570
-0.201492
-0.201257
-0.201179
-0.200866
-0.200631
-0.200944
-0.201179
-0.200631
-0.200631
-0.200240
-0.200005
-0.199770
-0.199614
-0.199066
-0.198753
-0.198674
-0.198596
-0.198596
-0.198127
-0.198127
-0.197892
-0.197892
-0.197657
-0.197109
-0.196874
-0.197031
-0.196874
-0.196405
-0.196248
-0.195935
-0.195778
-0.195544
-0.195231
-0.195152
-0.194448
-0.194448
-0.194213
-0.194213
-0.193978
-0.193822
-0.193743
-0.193352
-0.193039
-0.192804
-0.192648
-0.192491
-0.192335
-0.191943
-0.191552
-0.191160
-0.190926
-0.190926
-0.190300
-0.190143
-0.189673
-0.189439
-0.189282
-0.189047
-0.188421
-0.188108
-0.187873
-0.187482
-0.187482
-0.187012
-0.186543
-0.186621
-0.186073
-0.185525
-0.185134
-0.184899
-0.184429
-0.184038
-0.183725
-0.183647
-0.183334
-0.182942
-0.182629
-0.182159
-0.181768
-0.181455
-0.180829
-0.180124
-0.179890
-0.179733
-0.179185
-0.178559
-0.178324
-0.177698
-0.177385
-0.177307
-0.176524
-0.176211
-0.175898
-0.175428
-0.175115
-0.174959
-0.173941
-0.173785
-0.173080
-0.172845
-0.172297
-0.171671
-0.171280
-0.170889
-0.170654
-0.170106
-0.169793
-0.169245
-0.168541
-0.167914
-0.167601
-0.167132
-0.166271
-0.165958
-0.165723
-0.165175
-0.165018
-0.164236
-0.163453
-0.162827
-0.162592
-0.162201
-0.161496
-0.160792
-0.160087
-0.159696
-0.159070
-0.158992
-0.158131
-0.157504
-0.156957
-0.156565
-0.155939
-0.155078
-0.154765
-0.154139
-0.153513
-0.153356
-0.152495
-0.151791
-0.151399
-0.150852
-0.150147
-0.149208
-0.148660
-0.148190
-0.147799
-0.147564
-0.146860
-0.146312
-0.145373
-0.144825
-0.143964
-0.143338
-0.142868
-0.142242
-0.141537
-0.141068
-0.140755
-0.139894
-0.139268
-0.138328
-0.137859
-0.137233
-0.136606
-0.136059
-0.135667
-0.135276
-0.134650
-0.134102
-0.133632
-0.132380
-0.132145
-0.131441
-0.130345
-0.130032
-0.129171
-0.128779
-0.128153
-0.127840
-0.127371
-0.126823
-0.125570
-0.124866
-0.124005
-0.123379
-0.122831
-0.122440
-0.121970
-0.121266
-0.121031
-0.119857
-0.118683
-0.117822
-0.117352
-0.116569
-0.115943
-0.115239
-0.114847
-0.113986
-0.114143
-0.113517
-0.112578
-0.111325
-0.110699
-0.109760
-0.109055
-0.108508
-0.107881
-0.107412
-0.106864
-0.106473
-0.105533
-0.104672
-0.103577
-0.102950
-0.102481
-0.101855
-0.101307
-0.100211
-0.099741
-0.099507
-0.098802
-0.097785
-0.096689
-0.095906
-0.095358
-0.095045
-0.094262
-0.093558
-0.092932
-0.092306
-0.092071
-0.091132
-0.089958
-0.089253
-0.088549
-0.088001
-0.087375
-0.086827
-0.086044
-0.085418
-0.084792
-0.084244
-0.083070
-0.081974
-0.081270
-0.080878
-0.079626
-0.078843
-0.078139
-0.077748
-0.077200
-0.076652
-0.075086
-0.074539
-0.073834
-0.073130
-0.072190
-0.071564
-0.071016
-0.070547
-0.069764
-0.069060
-0.067807
-0.067181
-0.066164
-0.066085
-0.065459
-0.064833
-0.064129
-0.063581
-0.062720
-0.061937
-0.060998
-0.060059
-0.059511
-0.058571
-0.057789
-0.057084
-0.056615
-0.056145
-0.055675
-0.054815
-0.053562
-0.052623
-0.052153
-0.051684
-0.050901
-0.050353
-0.049570
-0.048944
-0.048553
-0.047614
-0.046831
-0.045657
-0.045109
-0.044405
-0.044092
-0.043387
-0.042761
-0.042604
-0.041978
-0.041274
-0.040335
-0.038926
-0.038221
-0.037830
-0.037047
-0.036421
-0.035795
-0.034934
-0.034777
-0.034230
-0.033290
-0.032195
-0.031490
-0.030786
-0.030160
-0.029612
-0.028907
-0.028125
-0.027498
-0.027264
-0.026324
-0.025229
-0.024837
-0.024054
-0.023663
-0.022959
-0.022489
-0.021393
-0.021237
-0.020532
-0.019984
-0.019045
-0.018184
-0.017793
-0.017323
-0.016775
-0.016306
-0.015132
-0.014349
-0.014192
-0.013410
-0.012549
-0.011844
-0.011218
-0.010827
-0.010279
-0.009653
-0.008792
-0.008166
-0.007931
-0.007148
-0.006287
-0.005583
-0.004957
-0.004487
-0.004017
-0.003391
-0.002530
-0.002217
-0.001669
-0.001356
-0.000652
0.000287
0.000992
0.001461
0.001931
0.002401
0.002792
0.003653
0.004279
0.004592
0.005297
0.006471
0.006940
0.007410
0.007958
0.008897
0.009288
0.009836
0.010541
0.010854
0.011637
0.012184
0.013124
0.013593
0.013985
0.014689
0.015080
0.015628
0.016176
0.016881
0.017429
0.018133
0.018994
0.019698
0.020011
0.020559
0.021029
0.021733
0.022438
0.022986
0.023534
0.024238
0.025177
0.025882
0.026195
0.026430
0.026977
0.027917
0.028308
0.028778
0.029091
0.030030
0.030813
0.031282
0.031752
0.032221
0.032848
0.033317
0.034257
0.034804
0.035117
0.035822
0.036526
0.037074
0.037466
0.037935
0.038796
0.039188
0.040362
0.041066
0.041614
0.042397
0.042866
0.043258
0.043884
0.044119
0.044666
0.045371
0.046154
0.046545
0.047328
0.047797
0.048502
0.049128
0.049441
0.050067
0.050380
0.051241
0.051789
0.052024
0.052963
0.053433
0.053824
0.054528
0.055389
0.055624
0.055859
0.056563
0.057268
0.057894
0.058520
0.058833
0.059459
0.060477
0.060712
0.061260
0.062042
0.062042
0.062982
0.063842
0.063999
0.064547
0.065330
0.065721
0.066034
0.066504
0.066973
0.067678
0.068226
0.069008
0.069556
0.070104
0.070887
0.071356
0.071669
0.072139
0.072765
0.072922
0.073391
0.074174
0.074957
0.075583
0.075896
0.076835
0.077383
0.077618
0.077853
0.078714
0.079262
0.079731
0.080905
0.081297
0.081688
0.082158
0.082862
0.083253
0.083645
0.084193
0.084897
0.085523
0.085758
0.086462
0.086932
0.087558
0.088028
0.088341
0.088889
0.089124
0.089593
0.090454
0.091237
0.091393
0.092254
0.092568
0.093194
0.093428
0.093663
0.094289
0.094837
0.095463
0.096168
0.096403
0.097342
0.097733
0.098046
0.098438
0.098986
0.099220
0.099768
0.100786
0.101412
0.101725
0.102351
0.102899
0.103369
0.103760
0.104308
0.104465
0.105091
0.105873
0.106343
0.106813
0.107204
0.107674
0.108221
0.108456
0.109239
0.109474
0.109943
0.110491
0.111117
0.111509
0.112057
0.112683
0.113152
0.113309
0.113779
0.114405
0.114953
0.115735
0.116048
0.116596
0.116831
0.117692
0.118083
0.118318
0.118710
0.119258
0.119727
0.120666
0.121293
0.121684
0.121840
0.122701
0.122936
0.123328
0.123562
0.124189
0.124502
0.124971
0.125754
0.126145
0.126458
0.126771
0.127398
0.127789
0.128180
0.128650
0.129276
0.129746
0.130294
0.130763
0.131468
0.131937
0.132094
0.132563
0.132876
0.133190
0.133816
0.134520
0.134911
0.135146
0.135851
0.136007
0.136477
0.136712
0.137103
0.137494
0.138355
0.138825
0.139295
0.139686
0.140156
0.140234
0.140703
0.141095
0.141408
0.141877
0.142738
0.143286
0.143834
0.144147
0.144539
0.144852
0.145400
0.145713
0.145869
0.146574
0.147200
0.147669
0.147826
0.148217
0.148843
0.149235
0.149704
0.149939
0.150409
0.151035
0.151661
0.151896
0.152366
0.152679
0.152914
0.153461
0.153618
0.154166
0.154792
0.155340
0.155966
0.155888
0.156436
0.156984
0.157297
0.157610
0.158001
0.158314
0.158862
0.159566
0.159958
0.160349
0.160506
0.160897
0.161445
0.161680
0.162541
0.162541
0.162854
0.163558
0.164263
0.164732
0.164967
0.165280
0.165906
0.166141
0.166376
0.166611
0.167315
0.167785
0.168020
0.168724
0.169037
0.169272
0.169742
0.170289
0.170368
0.171072
0.171229
0.171777
0.172011
0.172638
0.173107
0.173498
0.173577
0.174203
0.174516
0.174751
0.175377
0.175768
0.176238
0.176473
0.176629
0.177177
0.177725
0.178273
0.178351
0.178821
0.179604
0.179995
0.180464
0.180464
0.181012
0.181560
0.181717
0.182265
0.182499
0.183126
0.183517
0.183908
0.184143
0.184848
0.185004
0.185317
0.185630
0.186178
0.186726
0.187117
0.187430
0.187744
0.188135
0.188448
0.188526
0.188996
0.189700
0.190248
0.190405
0.190796
0.191266
0.191422
0.191579
0.191970
0.192753
0.193144
0.193536
0.193849
0.194475
0.194710
0.195492
0.195492
0.195962
0.196040
0.196510
0.197214
0.197527
0.198153
0.198545
0.199249
0.199562
0.199954
0.200267
0.200658
0.200971
0.201597
0.202145
0.202302
0.202693
0.202928
0.203398
0.203945
0.204180
0.204650
0.204963
0.205589
0.205980
0.206607
0.206685
0.207233
0.207624
0.207937
0.208250
0.208485
0.209033
0.209424
0.209972
0.210285
0.210755
0.210833
0.211225
0.211694
0.212007
0.212477
0.212946
0.213651
0.214120
0.214277
0.214512
0.215138
0.215686
0.215686
0.216077
0.216312
0.216625
0.217408
0.217799
0.218034
0.218582
0.219208
0.219365
0.219756
0.219991
0.220617
0.221321
0.221869
0.222261
0.222182
0.222965
0.223435
0.223513
0.223669
0.224061
0.224843
0.225157
0.225391
0.226096
0.226252
0.226800
0.227192
0.227426
0.227661
0.228053
0.228600
0.229070
0.229305
0.229774
0.230088
0.230635
0.231027
0.231418
0.231496
0.231888
0.232749
0.232670
0.233062
0.233218
0.233844
0.234314
0.234471
0.234471
0.234940
0.235332
0.235723
0.236427
0.236740
0.236975
0.237210
0.237680
0.237836
0.238384
0.238619
0.239402
0.239871
0.240419
0.240810
0.241124
0.241437
0.241828
0.242141
0.242376
0.243002
0.243315
0.243941
0.243785
0.243941
0.244567
0.244646
0.244881
0.244959
0.245507
0.246133
0.246602
0.246837
0.247307
0.247698
0.247933
0.248090
0.248637
0.248794
0.249185
0.249655
0.250046
0.250359
0.250516
0.251299
0.251612
0.251925
0.251768
0.252394
0.252786
0.252942
0.253568
0.253803
0.254351
0.254429
0.254821
0.255134
0.255134
0.255838
0.256543
0.256778
0.257325
0.257717
0.257717
0.258265
0.258343
0.258813
0.259204
0.259360
0.259830
0.260221
0.260534
0.261239
0.261474
0.261865
0.262178
0.262413
0.262569
0.262883
0.263430
0.263665
0.263900
0.264605
0.264526
0.264996
0.265465
0.265700
0.266170
0.266483
0.266796
0.266953
0.267579
0.267814
0.268518
0.268675
0.268753
0.269066
0.269770
0.270083
0.270240
0.270631
0.271023
0.271414
0.271414
0.271727
0.271884
0.272510
0.272823
0.273292
0.273684
0.273762
0.274388
0.274701
0.274936
0.275327
0.275484
0.275797
0.276345
0.276580
0.277049
0.277519
0.277754
0.277910
0.278302
0.278537
0.278928
0.279476
0.279867
0.280337
0.280650
0.281041
0.281433
0.281667
0.282059
0.282137
0.282528
0.283076
0.283468
0.283781
0.284407
0.284798
0.285189
0.285189
0.285346
0.285737
0.286598
0.286520
0.287068
0.287616
0.287772
0.288164
0.288555
0.288790
0.289181
0.289494
0.289886
0.290355
0.290747
0.291060
0.291529
0.292155
0.291764
0.292312
0.292860
0.293564
0.293799
0.293956
0.294425
0.294973
0.295208
0.295678
0.296069
0.296382
0.296226
0.296852
0.297165
0.297634
0.297791
0.298182
0.298495
0.299043
0.299200
0.299748
0.300139
0.300452
0.301000
0.301235
0.301626
0.301939
0.302096
0.302565
0.302800
0.303113
0.303818
0.304131
0.304522
0.304913
0.305070
0.305383
0.305618
0.306009
0.306635
0.306870
0.307575
0.307575
0.307575
0.308592
0.308749
0.308983
0.309531
0.309688
0.310236
0.310549
0.310940
0.310940
0.311410
0.311879
0.312036
0.312584
0.312662
0.312897
0.313367
0.313680
0.313758
0.314071
0.314619
0.314932
0.315245
0.315480
0.315793
0.315949
0.316419
0.316810
0.317593
0.317515
0.317828
0.318219
0.318611
0.319080
0.319393
0.319628
0.320098
0.320489
0.320802
0.321037
0.321585
0.322055
0.322368
0.322602
0.322759
0.323542
0.323698
0.324011
0.324403
0.324951
0.325107
0.325733
0.325811
0.326203
0.326359
0.326907
0.326986
0.327142
0.327690
0.328003
0.328238
0.328864
0.329099
0.329568
0.329882
0.330116
0.330351
0.330821
0.330899
0.331682
0.331838
0.332230
0.332543
0.332699
0.333247
0.333325
0.333717
0.333873
0.334265
0.334813
0.334891
0.335282
0.335360
0.335673
0.335830
0.336456
0.336456
0.337161
0.337239
0.337787
0.338178
0.338335
0.338413
0.338648
0.339274
0.339509
0.339587
0.340057
0.340448
0.340839
0.341309
0.341544
0.341700
0.342248
0.342483
0.342639
0.343109
0.343579
0.344048
0.344283
0.344518
0.344675
0.344831
0.345144
0.345379
0.345927
0.345770
0.346318
0.346788
0.347023
0.347649
0.347727
0.347962
0.347727
0.348040
0.348745
0.348823
0.349449
0.349527
0.350153
0.350232
0.350545
0.350780
0.351171
0.351562
0.351954
0.352423
0.352501
0.352658
0.352971
0.353206
0.353597
0.353989
0.354223
0.354458
0.355084
0.355084
0.355554
0.355945
0.356024
0.356572
0.356728
0.356963
0.357354
0.357667
0.357824
0.358450
0.358607
0.358685
0.359311
0.359624
0.359781
0.360250
0.360250
0.361033
0.361816
0.361659
0.362207
0.362442
0.362598
0.362911
0.363224
0.363538
0.364085
0.364398
0.364712
0.364790
0.365338
0.365259
0.365807
0.365886
0.366199
0.366512
0.367216
0.367608
0.367686
0.368077
0.368155
0.368547
0.368703
0.369095
0.369643
0.370112
0.370269
0.370738
0.370973
0.371443
0.371521
0.371756
0.371834
0.372539
0.372852
0.373165
0.373400
0.373556
0.373713
0.374260
0.374417
0.374887
0.374887
0.375121
0.375748
0.376217
0.376374
0.376922
0.377000
0.377391
0.377548
0.377939
0.378252
0.378644
0.378878
0.379426
0.379583
0.379896
0.380209
0.380522
0.380600
0.380835
0.381540
0.381696
0.382322
0.382401
0.382714
0.383262
0.383340
0.383731
0.384044
0.384201
0.384514
0.385140
0.385375
0.385923
0.385923
0.386549
0.386705
0.386940
0.387253
0.387645
0.387879
0.388662
0.388584
0.388975
0.389053
0.389367
0.389836
0.390306
0.390384
0.390697
0.391010
0.391402
0.391793
0.392419
0.392497
0.392732
0.393280
0.393280
0.393671
0.393828
0.394298
0.394611
0.395080
0.395393
0.395706
0.395628
0.396254
0.396254
0.396646
0.396959
0.397350
0.397741
0.398133
0.398602
0.398602
0.398837
0.399385
0.399698
0.400090
0.400246
0.400872
0.401342
0.401577
0.401733
0.402203
0.402672
0.402907
0.403220
0.403533
0.403768
0.404081
0.404551
0.404786
0.405099
0.405334
0.405647
0.405647
0.405725
0.406508
0.406821
0.407134
0.407290
0.407603
0.407995
0.408386
0.408230
0.408621
0.409247
0.409638
0.409795
0.410265
0.410812
0.410812
0.410891
0.411282
0.411517
0.412065
0.412613
0.412926
0.413239
0.413474
0.413239
0.413552
0.413787
0.414335
0.414726
0.415117
0.415196
0.415743
0.415822
0.416135
0.416526
0.416448
0.416918
0.417152
0.417387
0.418170
0.418326
0.418561
0.418561
0.418953
0.419187
0.419500
0.419657
0.420205
0.420361
0.420909
0.421535
0.421770
0.422083
0.422240
0.422553
0.422709
0.423101
0.423492
0.423727
0.423884
0.424118
0.424510
0.424588
0.424823
0.425292
0.425840
0.425840
0.426466
0.426780
0.426936
0.427171
0.427406
0.427875
0.428032
0.428188
0.428423
0.428815
0.429206
0.429362
0.429676
0.429910
0.430145
0.430302
0.430380
0.430693
0.431241
0.431554
0.431632
0.432180
0.432258
0.432650
0.432571
0.433198
0.433354
0.433589
0.433902
0.434137
0.434450
0.434607
0.434920
0.435154
0.435467
0.435781
0.436094
0.436407
0.436642
0.436876
0.437268
0.437659
0.437737
0.437894
0.438129
0.438677
0.438677
0.439381
0.439538
0.440085
0.440007
0.439929
0.441025
0.441259
0.441338
0.441807
0.442120
0.442512
0.442825
0.442825
0.443294
0.443608
0.443686
0.443686
0.443999
0.444468
0.444703
0.444938
0.445408
0.445799
0.445877
0.446190
0.446582
0.446582
0.447364
0.447443
0.447834
0.448147
0.448539
0.448695
0.448617
0.448930
0.449165
0.449869
0.449947
0.450495
0.450574
0.450965
0.451043
0.451043
0.451669
0.451748
0.452295
0.452609
0.453000
0.453156
0.453626
0.454096
0.454017
0.454330
0.454565
0.455113
0.455270
0.455426
0.455896
0.456131
0.456287
0.456444
0.456600
0.456679
0.456835
0.457383
0.457774
0.457931
0.458635
0.458792
0.458948
0.459105
0.459496
0.459966
0.460122
0.460749
0.461297
0.461297
0.461610
0.462001
0.462079
0.462314
0.462627
0.463097
0.463332
0.463645
0.464036
0.464271
0.464506
0.464740
0.465367
0.465601
0.465914
0.466306
0.466462
0.466932
0.466932
0.467402
0.467480
0.467871
0.468263
0.468028
0.468732
0.468889
0.469045
0.469515
0.470141
0.470219
0.470454
0.470767
0.470924
0.471237
0.471550
0.471785
0.472254
0.472646
0.472880
0.472959
0.473585
0.473820
0.474054
0.474289
0.474759
0.474759
0.475072
0.475463
0.476011
0.475933
0.476403
0.476481
0.476950
0.476794
0.477107
0.477498
0.477733
0.478203
0.478281
0.478281
0.478751
0.478985
0.479612
0.479768
0.479925
0.480707
0.481255
0.481647
0.481881
0.482116
0.482508
0.482664
0.482742
0.483134
0.483525
0.483916
0.484230
0.484308
0.484699
0.485012
0.485325
0.485717
0.485951
0.486108
0.486499
0.487047
0.486969
0.487126
0.487439
0.487752
0.487752
0.488378
0.488613
0.488534
0.489004
0.489395
0.489630
0.489552
0.490100
0.490413
0.490648
0.491196
0.491587
0.491822
0.492057
0.492370
0.492604
0.492996
0.493074
0.493231
0.493622
0.494170
0.494483
0.494796
0.494953
0.495187
0.495109
0.495657
0.496048
0.496283
0.496596
0.496909
0.497379
0.497535
0.497614
0.497848
0.498083
0.498318
0.498631
0.499023
0.499336
0.499962
0.500118
0.500588
0.500666
0.500588
0.501214
0.501684
0.501840
0.501997
0.502310
0.502701
0.503014
0.503484
0.503093
0.503562
0.503719
0.503797
0.504345
0.504423
0.505128
0.505362
0.505362
0.505519
0.506067
0.506067
0.506458
0.506693
0.507084
0.507397
0.507632
0.507945
0.507945
0.508258
0.508806
0.508806
0.509041
0.509589
0.510059
0.510450
0.510528
0.510685
0.511076
0.511311
0.511546
0.511937
0.512485
0.512563
0.512955
0.513111
0.513424
0.513502
0.513659
0.514285
0.514677
0.514833
0.515146
0.515459
0.515537
0.515616
0.515929
0.516398
0.516398
0.516868
0.517338
0.517494
0.517807
0.517729
0.518277
0.518512
0.518590
0.518747
0.519060
0.519373
0.519764
0.520077
0.520312
0.520860
0.520938
0.521173
0.521564
0.521877
0.521956
0.522582
0.522817
0.523286
0.523678
0.523599
0.523912
0.523991
0.524538
0.524773
0.525086
0.525321
0.525556
0.525869
0.526182
0.526652
0.526652
0.526965
0.527591
0.527748
0.528061
0.528452
0.528687
0.528687
0.528843
0.529391
0.529469
0.529548
0.530409
0.530878
0.530722
0.531270
0.531505
0.531739
0.531974
0.532131
0.532600
0.532600
0.533070
0.533070
0.533853
0.533853
0.534400
0.534557
0.534714
0.534792
0.535027
0.535575
0.535809
0.535966
0.536514
0.536514
0.536670
0.536983
0.537531
0.537766
0.538079
0.538392
0.538627
0.539018
0.539018
0.539488
0.539645
0.539879
0.540349
0.540740
0.541132
0.541523
0.541836
0.541993
0.542384
0.542775
0.542932
0.543167
0.543402
0.543715
0.543715
0.544262
0.544576
0.544732
0.544889
0.545280
0.545828
0.546376
0.546297
0.546767
0.546924
0.547158
0.547628
0.547706
0.547863
0.548411
0.548724
0.548567
0.549115
0.549741
0.549820
0.549820
0.550211
0.550602
0.550994
0.551307
0.551620
0.551776
0.552403
0.552637
0.552794
0.552950
0.553185
0.553420
0.553655
0.553968
0.554046
0.554672
0.555142
0.555299
0.555377
0.555768
0.556159
0.556551
0.556707
0.556394
0.557020
0.557881
0.557725
0.557960
0.558195
0.558664
0.558899
0.558977
0.559447
0.559525
0.559760
0.560230
0.560543
0.560543
0.560934
0.561404
0.561795
0.562108
0.562499
0.562969
0.563439
0.563439
0.563673
0.564065
0.564143
0.564378
0.564613
0.565161
0.565239
0.565552
0.566100
0.566178
0.566178
0.566804
0.566648
0.566882
0.567274
0.567665
0.568057
0.568213
0.568526
0.568761
0.568839
0.568996
0.569465
0.569387
0.569700
0.570561
0.570796
0.570796
0.571266
0.571422
0.571892
0.571813
0.572361
0.572909
0.573066
0.573222
0.573457
0.573848
0.573848
0.574005
0.574318
0.574318
0.574788
0.575101
0.575336
0.575727
0.575962
0.576118
0.576197
0.576510
0.577136
0.577136
0.577840
0.578075
0.578153
0.578388
0.578388
0.578623
0.579014
0.579093
0.579406
0.579797
0.580423
0.580501
0.580736
0.580893
0.581128
0.581206
0.581675
0.581832
0.582536
0.582771
0.583163
0.583319
0.583476
0.583476
0.583710
0.584024
0.584728
0.584885
0.585276
0.585511
0.585432
0.585824
0.586059
0.586450
0.586685
0.586841
0.587389
0.587311
0.587780
0.587937
0.588250
0.588328
0.588485
0.588563
0.589111
0.589268
0.589581
0.589894
0.590050
0.590285
0.590285
0.590598
0.590676
0.591146
0.591694
0.592007
0.591929
0.592242
0.592711
0.592398
0.592633
0.593025
0.593572
0.594120
0.594120
0.594433
0.594512
0.594825
0.594903
0.595138
0.595529
0.595842
0.596155
0.596547
0.596860
0.597016
0.596860
0.597329
0.597251
0.597721
0.598190
0.598738
0.598817
0.599208
0.599286
0.599443
0.599756
0.599756
0.600304
0.600930
0.601008
0.601399
0.601634
0.601713
0.601869
0.602104
0.602417
0.602965
0.603278
0.603591
0.603826
0.603904
0.604374
0.604452
0.604608
0.604922
0.605000
0.605783
0.606096
0.606565
0.606565
0.606722
0.606878
0.607270
0.607348
0.607583
0.607818
0.608365
0.608679
0.608757
0.608835
0.609383
0.609226
0.609461
0.609539
0.610009
0.610479
0.610792
0.610870
0.611027
0.611653
0.611731
0.611809
0.612514
0.612749
0.613062
0.613218
0.613844
0.613610
0.613844
0.614079
0.614627
0.614784
0.615097
0.615331
0.615566
0.615488
0.615879
0.616271
0.616271
0.616584
0.616897
0.616975
0.617366
0.617366
0.617914
0.618071
0.618384
0.618697
0.618932
0.619010
0.619245
0.619793
0.619715
0.620341
0.620497
0.620732
0.621045
0.621437
0.621280
0.621828
0.622219
0.622845
0.622767
0.623158
0.623315
0.623393
0.623628
0.623941
0.624254
0.624724
0.624959
0.625272
0.625507
0.625585
0.626054
0.626211
0.626837
0.627072
0.627385
0.627542
0.627933
0.628168
0.628403
0.628872
0.628872
0.629342
0.629498
0.629811
0.629968
0.630124
0.630672
0.630829
0.631220
0.631377
0.631533
0.632238
0.632394
0.632864
0.632707
0.633490
0.633803
0.633647
0.633960
0.634273
0.634351
0.634899
0.635134
0.635369
0.635682
0.635838
0.636229
0.636386
0.636621
0.637090
0.637090
0.636856
0.637638
0.637638
0.638186
0.638578
0.638499
0.638812
0.638969
0.639204
0.639517
0.639752
0.640143
0.640534
0.640691
0.641004
0.641082
0.641630
0.641552
0.642021
0.642256
0.642726
0.642648
0.642726
0.643196
0.643352
0.643509
0.643743
0.643978
0.644135
0.644683
0.645387
0.645074
0.645622
0.645857
0.646091
0.646248
0.646248
0.646718
0.647109
0.647500
0.647579
0.647970
0.647892
0.648127
0.648048
0.648518
0.648909
0.649301
0.649301
0.649848
0.650240
0.650240
0.650396
0.650240
0.650788
0.651022
0.651179
0.651883
0.651805
0.652275
0.652275
0.652588
0.652744
0.652823
0.652979
0.653605
0.653840
0.654310
0.654153
0.654623
0.654936
0.655093
0.655484
0.655640
0.655953
0.656501
0.656580
0.656814
0.656971
0.657362
0.657128
0.657441
0.657832
0.658380
0.658380
0.659163
0.659476
0.659554
0.659476
0.659476
0.659789
0.660337
0.660806
0.661276
0.661354
0.661745
0.662137
0.661824
0.662059
0.662293
0.662528
0.662998
0.663233
0.663624
0.664094
0.664094
0.664094
0.664250
0.664328
0.664563
0.665111
0.665424
0.665659
0.666207
0.666363
0.666363
0.666442
0.666833
0.667068
0.668085
0.668242
0.668320
0.668477
0.668790
0.669025
0.669025
0.669651
0.669964
0.670512
0.670903
0.671060
0.671216
0.671451
0.671060
0.671842
0.671921
0.672390
0.672781
0.673251
0.673486
0.673486
0.673721
0.673799
0.674034
0.674190
0.674738
0.675130
0.675364
0.675756
0.676147
0.676538
0.676538
0.676617
0.676930
0.677791
0.678104
0.678182
0.678339
0.678887
0.678965
0.679121
0.679121
0.679747
0.680530
0.681000
0.681469
0.681704
0.682096
0.682252
0.682487
0.682643
0.683348
0.683583
0.684052
0.684365
0.684365
0.684522
0.684992
0.684992
0.685383
0.685461
0.686244
0.686635
0.687105
0.687183
0.687418
0.687653
0.687731
0.687966
0.688435
0.688905
0.689375
0.689296
0.689923
0.690079
0.690314
0.690392
0.691018
0.691331
0.692036
0.691958
0.692427
0.692505
0.692740
0.692740
0.693366
0.694071
0.694149
0.694697
0.694697
0.695480
0.695480
0.695949
0.695871
0.696262
0.696732
0.697202
0.697202
0.697515
0.698063
0.698219
0.698532
0.698297
0.698689
0.699080
0.699785
0.700254
0.700411
0.700724
0.701115
0.700880
0.701272
0.701663
0.702133
0.702837
0.703228
0.703385
0.703698
0.703698
0.704246
0.704402
0.704637
0.705107
0.705420
0.706046
0.705577
0.706203
0.706359
0.706359
0.706829
0.706985
0.707220
0.707612
0.707533
0.707455
0.707298
0.707220
0.707298
0.707298
0.707533
0.707533
0.707064
0.706985
0.706907
0.706672
0.706594
0.706437
0.705890
0.705498
0.705498
0.705107
0.704872
0.704637
0.704402
0.704246
0.704089
0.703776
0.703542
0.703228
0.702837
0.702759
0.702759
0.702133
0.702211
0.701663
0.701350
0.700880
0.700646
0.700332
0.699471
0.699471
0.699393
0.698767
0.698845
0.698063
0.698376
0.697515
0.697436
0.697123
0.696654
0.696184
0.695871
0.695323
0.695245
0.694932
0.694619
0.694384
0.694071
0.693758
0.693523
0.693132
0.692819
0.692271
0.691958
0.691723
0.691175
0.691018
0.690392
0.690236
0.689844
0.689296
0.688905
0.688670
0.688435
0.687966
0.687340
0.687340
0.687027
0.686557
0.686792
0.686087
0.685853
0.685931
0.685305
0.684913
0.684757
0.684444
0.683974
0.683974
0.683035
0.682957
0.682565
0.682409
0.682017
0.681469
0.681313
0.681156
0.680765
0.680061
0.679513
0.679121
0.679121
0.678573
0.678417
0.677947
0.677243
0.676852
0.676695
0.676304
0.676147
0.675677
0.675208
0.675051
0.674503
0.674190
0.673956
0.673799
0.673329
0.673016
0.672547
0.672077
0.671607
0.671451
0.671060
0.670590
0.670590
0.670199
0.669729
0.669572
0.669181
0.669025
0.668477
0.668398
0.667694
0.667303
0.666833
0.666129
0.666050
0.665737
0.665581
0.665268
0.665111
0.664720
0.664407
0.664328
0.663780
0.663311
0.662919
0.662685
0.662137
0.661824
0.661432
0.661511
0.661276
0.660728
0.660650
0.660415
0.659554
0.659319
0.659163
0.658536
0.657988
0.657519
0.657441
0.657049
0.656971
0.656893
0.656267
0.656110
0.655797
0.655249
0.655171
0.654936
0.654466
0.653918
0.653449
0.653449
0.653292
0.652823
0.652666
0.652275
0.652040
0.651492
0.651022
0.650709
0.650553
0.649770
0.649379
0.648831
0.648674
0.648674
0.648440
0.647892
0.647970
0.647109
0.646874
0.646718
0.646091
0.645544
0.645309
0.644996
0.644448
0.644135
0.644291
0.643665
0.643743
0.643274
0.642882
0.642569
0.641630
0.641317
0.641004
0.640691
0.640613
0.640534
0.640534
0.639986
0.639830
0.639595
0.639360
0.638656
0.638108
0.637560
0.636934
0.637012
0.637012
0.636543
0.636386
0.636308
0.635838
0.635290
0.635055
0.634821
0.634351
0.633490
0.633099
0.633412
0.632942
0.632707
0.632551
0.632081
0.631846
0.631690
0.631064
0.630672
0.630124
0.629655
0.629655
0.629420
0.629498
0.628950
0.628872
0.628089
0.627776
0.627542
0.627072
0.626446
0.626211
0.626054
0.625663
0.625507
0.625428
0.624959
0.624880
0.624802
0.624411
0.623941
0.623393
0.622924
0.623002
0.622611
0.622454
0.622376
0.622063
0.621671
0.621045
0.620654
0.620576
0.620028
0.619401
0.619480
0.619167
0.618775
0.618775
0.618306
0.618384
0.617993
0.617366
0.617053
0.616897
0.616271
0.615879
0.615488
0.615410
0.615175
0.615018
0.614784
0.614314
0.614079
0.613610
0.613375
0.613062
0.612749
0.612514
0.612435
0.611809
0.611496
0.611340
0.611105
0.611027
0.610087
0.609696
0.609774
0.609305
0.609070
0.608835
0.608757
0.608679
0.608287
0.607974
0.607739
0.607191
0.607113
0.606878
0.606565
0.606017
0.606017
0.605861
0.605313
0.604687
0.604452
0.604139
0.603904
0.603669
0.603513
0.603121
0.602808
0.602808
0.602182
0.602182
0.601713
0.601243
0.600852
0.600617
0.599756
0.599521
0.599364
0.599208
0.598738
0.598503
0.598190
0.598269
0.598034
0.597564
0.597095
0.596703
0.596468
0.596625
0.596155
0.595764
0.595764
0.595294
0.595216
0.594668
0.594355
0.594120
0.593729
0.593103
0.593338
0.593103
0.592711
0.592633
0.592477
0.591694
0.590990
0.591146
0.590676
0.590442
0.590207
0.589659
0.589189
0.588955
0.589111
0.588641
0.588250
0.588015
0.588015
0.587546
0.587233
0.586920
0.586450
0.586293
0.585667
0.585589
0.585276
0.584885
0.584493
0.584415
0.584102
0.583945
0.583476
0.583319
0.583084
0.583006
0.582223
0.581754
0.581362
0.581441
0.581206
0.580658
0.580267
0.579797
0.579875
0.579719
0.579093
0.578623
0.578545
0.578466
0.577840
0.577371
0.577136
0.576901
0.576118
0.576118
0.575883
0.575336
0.575023
0.575101
0.574709
0.574553
0.574162
0.574083
0.573692
0.573692
0.573222
0.572753
0.572283
0.571970
0.571813
0.571500
0.571109
0.570952
0.570248
0.569935
0.569857
0.569544
0.569309
0.568839
0.568996
0.568839
0.568135
0.567822
0.567430
0.567509
0.567274
0.567039
0.566491
0.566413
0.566335
0.566021
0.565082
0.564769
0.564769
0.564456
0.564065
0.563908
0.563595
0.563204
0.563126
0.562812
0.562265
0.562030
0.561404
0.560699
0.560543
0.560621
0.559995
0.559995
0.559603
0.559055
0.558899
0.558508
0.558116
0.558273
0.557647
0.557334
0.556942
0.556707
0.556551
0.556394
0.555768
0.555533
0.554907
0.554751
0.554751
0.554359
0.554281
0.554046
0.553655
0.553420
0.552872
0.552481
0.552168
0.551776
0.551463
0.551463
0.551307
0.550915
0.550602
0.549898
0.549428
0.549350
0.549115
0.548802
0.548489
0.548489
0.547941
0.547628
0.547393
0.547237
0.546376
0.546141
0.546141
0.545750
0.545123
0.545358
0.544810
0.544654
0.544576
0.544184
0.543793
0.543480
0.543088
0.542775
0.542932
0.542697
0.542306
0.542149
0.541523
0.541053
0.540584
0.540427
0.539801
0.539723
0.539645
0.539410
0.539018
0.539097
0.538784
0.538236
0.537766
0.537375
0.537218
0.536983
0.536670
0.536436
0.536044
0.535731
0.535731
0.535183
0.534479
0.534166
0.534009
0.533853
0.533853
0.533618
0.533226
0.532835
0.532600
0.532287
0.532052
0.531348
0.531113
0.530878
0.530800
0.530565
0.530252
0.529861
0.529469
0.529156
0.528843
0.528765
0.528295
0.527982
0.528217
0.527982
0.527356
0.527356
0.526808
0.526339
0.526104
0.525869
0.525556
0.525086
0.525243
0.524617
0.524773
0.524617
0.524304
0.523599
0.523286
0.522817
0.522582
0.522347
0.522190
0.521799
0.521486
0.521408
0.520547
0.520077
0.520077
0.519216
0.519216
0.519138
0.518668
0.518512
0.518590
0.518277
0.517181
0.517259
0.517103
0.516712
0.516320
0.516242
0.515851
0.515694
0.515303
0.515068
0.514677
0.514207
0.513816
0.513816
0.513737
0.513424
0.513033
0.512955
0.512798
0.512328
0.511859
0.511624
0.510998
0.510685
0.510685
0.510293
0.510372
0.509980
0.509276
0.509041
0.508650
0.508180
0.507710
0.507554
0.507397
0.507397
0.507084
0.506850
0.506380
0.505832
0.505519
0.505128
0.505128
0.504971
0.504815
0.504345
0.504188
0.504110
0.503562
0.503171
0.503093
0.502701
0.502388
0.502545
0.501762
0.501292
0.501449
0.500979
0.500353
0.500040
0.499570
0.499257
0.499257
0.498631
0.498553
0.498240
0.497927
0.498005
0.497379
0.497066
0.496674
0.496440
0.496048
0.496048
0.495892
0.495266
0.495109
0.494874
0.494483
0.494248
0.493778
0.493778
0.493074
0.493152
0.492604
0.492291
0.492135
0.491822
0.491274
0.490961
0.490413
0.490335
0.490100
0.489630
0.489161
0.489317
0.488691
0.488691
0.488221
0.487595
0.487673
0.487204
0.487047
0.486812
0.486265
0.486030
0.485482
0.485247
0.484856
0.484543
0.484308
0.483995
0.483760
0.483760
0.482899
0.482899
0.482586
0.482273
0.481960
0.481647
0.481334
0.480864
0.480316
0.480003
0.479925
0.479377
0.479220
0.478751
0.478438
0.478046
0.477890
0.477655
0.477185
0.476950
0.476716
0.476403
0.476168
0.476168
0.475698
0.475072
0.474915
0.474211
0.474133
0.473585
0.473741
0.473272
0.472880
0.472959
0.472333
0.472098
0.471785
0.471706
0.471158
0.470454
0.470141
0.469984
0.469750
0.469437
0.468810
0.468576
0.468263
0.467715
0.467558
0.467323
0.467010
0.466775
0.466149
0.465836
0.465914
0.465523
0.464897
0.465132
0.464662
0.464427
0.464271
0.464036
0.463410
0.463253
0.462862
0.462940
0.462236
0.461766
0.461531
0.461297
0.460905
0.460827
0.460514
0.459809
0.459575
0.459261
0.458948
0.458714
0.458322
0.458244
0.457461
0.457148
0.456992
0.456679
0.456131
0.455818
0.455426
0.455426
0.455270
0.455113
0.454644
0.454096
0.454174
0.453548
0.453548
0.453235
0.452922
0.452295
0.451982
0.451904
0.451669
0.451356
0.451121
0.451121
0.450339
0.449869
0.449634
0.449399
0.449086
0.448852
0.448617
0.448225
0.447756
0.447834
0.447130
0.447130
0.446738
0.446269
0.445877
0.445643
0.445564
0.444938
0.444703
0.444390
0.444077
0.443921
0.443373
0.443451
0.442903
0.442512
0.442433
0.442277
0.441494
0.441573
0.441103
0.440790
0.440320
0.440007
0.439851
0.439616
0.439224
0.438911
0.438442
0.438050
0.437894
0.437581
0.437033
0.436798
0.436563
0.436485
0.436328
0.436094
0.435624
0.435624
0.434685
0.434528
0.434215
0.434215
0.433667
0.433667
0.433354
0.433041
0.432728
0.432415
0.431945
0.431632
0.431476
0.430928
0.430928
0.430615
0.430223
0.429754
0.429597
0.429206
0.428971
0.428423
0.428267
0.428267
0.427875
0.427640
0.427484
0.426936
0.426780
0.426545
0.426075
0.425919
0.425605
0.425449
0.425214
0.424510
0.424588
0.424118
0.423649
0.423414
0.423101
0.422866
0.422866
0.422318
0.422162
0.421692
0.421614
0.420988
0.420440
0.419814
0.419657
0.419266
0.419266
0.419109
0.418874
0.418561
0.418092
0.417778
0.417152
0.416839
0.416683
0.416370
0.416057
0.415900
0.415587
0.415352
0.414961
0.414648
0.414335
0.413865
0.413865
0.413787
0.413395
0.412848
0.413004
0.412456
0.412221
0.411908
0.411282
0.411047
0.410969
0.410578
0.409952
0.409873
0.409482
0.409247
0.408777
0.408699
0.408073
0.407995
0.407760
0.407290
0.407056
0.406899
0.406116
0.406038
0.406038
0.405568
0.405021
0.404942
0.404864
0.404316
0.404316
0.403925
0.403455
0.403064
0.402516
0.402751
0.402203
0.401655
0.401185
0.401264
0.401185
0.400794
0.400324
0.400246
0.399620
0.399307
0.398915
0.398681
0.398602
0.397976
0.398133
0.397820
0.397272
0.396959
0.396254
0.395706
0.395550
0.395785
0.395002
0.395002
0.394532
0.394219
0.393906
0.393515
0.393437
0.392967
0.392889
0.392419
0.392419
0.391793
0.391715
0.391245
0.391088
0.390541
0.390149
0.390149
0.389758
0.389210
0.389053
0.388662
0.388584
0.388506
0.387801
0.387332
0.387097
0.386940
0.386940
0.386392
0.385688
0.385453
0.385375
0.384827
0.384592
0.384279
0.383575
0.383340
0.383340
0.382870
0.382635
0.382009
0.381931
0.381540
0.381227
0.380679
0.380522
0.380052
0.379583
0.379113
0.379348
0.378878
0.378800
0.378252
0.377783
0.377704
0.377391
0.376922
0.376687
0.376296
0.375826
0.375748
0.375513
0.374965
0.374652
0.374260
0.374104
0.373634
0.373321
0.373400
0.372930
0.372460
0.372147
0.372225
0.371678
0.371365
0.370895
0.370660
0.370269
0.369877
0.369643
0.369329
0.368625
0.368703
0.368469
0.367999
0.367764
0.367294
0.367060
0.366903
0.366903
0.366434
0.366042
0.365964
0.365416
0.365338
0.364633
0.364398
0.364320
0.363851
0.363616
0.363146
0.362990
0.362363
0.362050
0.362050
0.360955
0.360485
0.360407
0.360015
0.359468
0.359311
0.358998
0.358607
0.358607
0.357980
0.357824
0.357511
0.357354
0.356963
0.356493
0.356258
0.356180
0.355554
0.355554
0.355163
0.354850
0.354302
0.354145
0.353910
0.353597
0.353362
0.353049
0.352580
0.352188
0.352110
0.351797
0.351327
0.351093
0.351093
0.350310
0.350153
0.349762
0.349136
0.349136
0.348431
0.348431
0.348197
0.347884
0.347336
0.347336
0.346788
0.346553
0.346162
0.345692
0.345301
0.345301
0.344753
0.344675
0.344596
0.344048
0.343579
0.343031
0.342639
0.342561
0.342326
0.341779
0.341544
0.341309
0.341152
0.341152
0.340448
0.340370
0.339509
0.339352
0.339352
0.338883
0.338413
0.338413
0.338022
0.338022
0.337161
0.337161
0.336691
0.336378
0.336378
0.335908
0.335595
0.335439
0.335204
0.334813
0.334108
0.333717
0.333560
0.333325
0.333012
0.332699
0.332464
0.332386
0.332073
0.331682
0.331290
0.330586
0.330273
0.329803
0.329803
0.329568
0.329177
0.328864
0.328394
0.328081
0.327533
0.327377
0.327142
0.326986
0.326516
0.326516
0.326359
0.325968
0.325811
0.325264
0.324637
0.324403
0.324246
0.323933
0.323855
0.323229
0.322916
0.322602
0.322211
0.321976
0.321663
0.321115
0.321037
0.320646
0.320098
0.319941
0.319706
0.319159
0.318924
0.318376
0.318141
0.317828
0.317280
0.316967
0.317280
0.316497
0.316497
0.316184
0.315949
0.315167
0.315010
0.314697
0.314541
0.314384
0.313836
0.313523
0.313523
0.313132
0.312584
0.311879
0.312114
0.311723
0.311410
0.310940
0.310549
0.310314
0.310001
0.309375
0.309140
0.308592
0.308436
0.308357
0.307653
0.307262
0.307340
0.307105
0.306792
0.306322
0.305931
0.305461
0.304913
0.304600
0.304444
0.304209
0.303426
0.303348
0.303035
0.302644
0.302252
0.302096
0.301783
0.301313
0.301078
0.300374
0.300061
0.299669
0.299591
0.298965
0.298730
0.298495
0.298182
0.297634
0.297478
0.297165
0.297165
0.296382
0.296304
0.295991
0.295756
0.295208
0.295051
0.294582
0.294269
0.293956
0.293721
0.293643
0.293173
0.292703
0.292155
0.291921
0.291608
0.291138
0.290825
0.290590
0.290590
0.289886
0.289651
0.289103
0.288712
0.288320
0.287929
0.287459
0.287068
0.287146
0.286755
0.286285
0.285972
0.285503
0.285424
0.284642
0.284407
0.284485
0.284250
0.283937
0.283546
0.283154
0.282920
0.282528
0.281902
0.281433
0.281276
0.280885
0.280415
0.280024
0.279945
0.279476
0.279319
0.278771
0.278223
0.277832
0.277519
0.277284
0.277049
0.276971
0.276736
0.276267
0.275797
0.275562
0.275327
0.274858
0.274701
0.274388
0.274153
0.273684
0.273058
0.272666
0.272510
0.272118
0.271336
0.271257
0.271179
0.270710
0.270396
0.270162
0.270005
0.269457
0.269144
0.268361
0.268048
0.267735
0.267422
0.267500
0.266874
0.266718
0.266248
0.266170
0.265779
0.265544
0.265152
0.264839
0.264839
0.264370
0.263978
0.263665
0.263352
0.263274
0.262648
0.261943
0.261865
0.261474
0.261474
0.261474
0.260926
0.260221
0.260065
0.259595
0.259047
0.258499
0.258578
0.258186
0.257873
0.257560
0.257560
0.256934
0.256778
0.256621
0.256230
0.255682
0.255290
0.255212
0.254743
0.254508
0.254195
0.253803
0.253412
0.252864
0.252708
0.252316
0.252394
0.251847
0.251220
0.251299
0.250907
0.250203
0.250046
0.249655
0.249185
0.248951
0.248559
0.248559
0.248090
0.248011
0.247777
0.247150
0.246837
0.246446
0.246211
0.245820
0.245585
0.245194
0.244646
0.244489
0.244333
0.244098
0.243785
0.242924
0.242689
0.242611
0.242454
0.241906
0.241985
0.241671
0.241280
0.240654
0.240263
0.239402
0.239323
0.238932
0.238619
0.238306
0.237915
0.237601
0.237054
0.236819
0.236506
0.236193
0.235879
0.235488
0.235253
0.234940
0.234784
0.234314
0.234158
0.234079
0.233218
0.232984
0.232827
0.232201
0.232044
0.231731
0.231653
0.231418
0.230949
0.230635
0.229931
0.229618
0.229383
0.229305
0.228913
0.228366
0.228053
0.227505
0.227583
0.227426
0.226644
0.226174
0.226018
0.225861
0.225235
0.225078
0.224609
0.223982
0.223826
0.223748
0.223513
0.223043
0.222574
0.222182
0.221947
0.222026
0.221791
0.221165
0.221008
0.220304
0.220147
0.219756
0.219286
0.219130
0.218973
0.218347
0.218034
0.217564
0.217408
0.216860
0.216782
0.216234
0.215999
0.215451
0.215060
0.214981
0.214903
0.214199
0.213807
0.213416
0.212868
0.212868
0.212477
0.212085
0.211772
0.211303
0.210990
0.210833
0.210364
0.209816
0.209581
0.209189
0.209111
0.208642
0.208172
0.207859
0.207311
0.207233
0.206607
0.206215
0.206294
0.205980
0.205119
0.205041
0.204572
0.204415
0.203711
0.203867
0.203084
0.202850
0.202145
0.201989
0.201989
0.201128
0.200423
0.200267
0.199719
0.199719
0.199093
0.198780
0.198232
0.198075
0.197606
0.197058
0.196510
0.196353
0.195805
0.195727
0.195257
0.194944
0.194710
0.194240
0.193927
0.193301
0.193066
0.192675
0.192675
0.192127
0.191892
0.191501
0.191187
0.190640
0.190092
0.189622
0.189231
0.188918
0.188761
0.188213
0.187978
0.187900
0.187274
0.186961
0.186648
0.186100
0.185552
0.185239
0.185239
0.185004
0.184691
0.184378
0.183987
0.183439
0.182734
0.182421
0.181952
0.181795
0.181482
0.181091
0.180856
0.180386
0.179917
0.179682
0.179212
0.178586
0.178429
0.177960
0.177647
0.177412
0.177255
0.176473
0.176238
0.176003
0.175377
0.174986
0.174673
0.174281
0.173968
0.173890
0.173185
0.173185
0.172872
0.172481
0.171933
0.171620
0.171542
0.171385
0.170681
0.170368
0.170211
0.169820
0.169272
0.168959
0.168489
0.168020
0.167941
0.167550
0.167315
0.166611
0.166454
0.166219
0.165593
0.165280
0.164811
0.164811
0.164184
0.164106
0.163636
0.163323
0.163089
0.162619
0.162384
0.161836
0.161445
0.160975
0.160740
0.160506
0.159958
0.159566
0.159332
0.158784
0.158314
0.157610
0.157453
0.156905
0.156905
0.156592
0.156201
0.155888
0.155575
0.155027
0.154714
0.154244
0.153774
0.153774
0.153540
0.153070
0.152835
0.152992
0.152287
0.151818
0.151192
0.151035
0.150644
0.150174
0.150174
0.149704
0.149470
0.149078
0.148843
0.147983
0.147748
0.147435
0.147043
0.146808
0.146417
0.146261
0.145791
0.145321
0.145087
0.144539
0.144226
0.143521
0.143443
0.143130
0.143130
0.142738
0.142347
0.142112
0.141643
0.141095
0.140547
0.139999
0.140234
0.139295
0.139451
0.139060
0.138590
0.138121
0.137886
0.137338
0.136868
0.136555
0.136399
0.136007
0.135694
0.135459
0.134677
0.134520
0.134129
0.133581
0.133268
0.132955
0.132642
0.132563
0.132015
0.131546
0.131311
0.131233
0.130528
0.130059
0.129589
0.129433
0.128963
0.128806
0.128572
0.128024
0.127711
0.127476
0.127163
0.126458
0.126067
0.125676
0.125441
0.124971
0.124815
0.124423
0.123954
0.123719
0.123093
0.122780
0.122310
0.122075
0.121293
0.121058
0.120823
0.120510
0.119962
0.119336
0.118944
0.118475
0.118240
0.117692
0.117301
0.117066
0.116675
0.116518
0.115657
0.115501
0.114796
0.114170
0.113857
0.113622
0.113544
0.112918
0.112683
0.112135
0.111822
0.111509
0.110961
0.110491
0.109943
0.109552
0.109161
0.108926
0.108613
0.107987
0.107752
0.106969
0.106500
0.106343
0.106030
0.105560
0.105325
0.104621
0.104230
0.103525
0.103369
0.103134
0.102508
0.102195
0.101490
0.101334
0.101021
0.100551
0.100003
0.099612
0.099299
0.098751
0.098203
0.098125
0.097577
0.097577
0.097029
0.096716
0.096324
0.095777
0.095307
0.094916
0.094289
0.093820
0.093507
0.093742
0.093037
0.092646
0.092020
0.091707
0.091237
0.090846
0.090532
0.089906
0.089515
0.089280
0.088889
0.088419
0.087950
0.087715
0.087323
0.086776
0.086306
0.086149
0.085680
0.085288
0.084975
0.084271
0.083880
0.083410
0.083410
0.082940
0.082549
0.082158
0.081845
0.081375
0.080749
0.080201
0.079731
0.079496
0.078714
0.078322
0.078088
0.077696
0.077148
0.076835
0.076209
0.075974
0.075426
0.075192
0.075035
0.074252
0.073861
0.073548
0.073313
0.072765
0.072530
0.071983
0.071669
0.071435
0.070809
0.070495
0.070261
0.069634
0.069243
0.068695
0.068226
0.067678
0.067286
0.067130
0.066504
0.066425
0.065330
0.065017
0.065173
0.064703
0.064390
0.063608
0.063216
0.062825
0.062512
0.062277
0.061651
0.061494
0.060947
0.060633
0.059772
0.059381
0.058911
0.058598
0.058207
0.057581
0.057346
0.057033
0.056563
0.056250
0.055702
0.055076
0.054763
0.054372
0.054137
0.053824
0.053354
0.052963
0.052806
0.052415
0.051789
0.051085
0.050693
0.050302
0.050380
0.049832
0.049050
0.048736
0.048345
0.048110
0.047484
0.047014
0.046545
0.046154
0.045997
0.045449
0.045058
0.044666
0.044119
0.043884
0.043571
0.042788
0.042710
0.042318
0.041770
0.041379
0.040675
0.040283
0.040048
0.039188
0.038874
0.038248
0.037779
0.037466
0.037074
0.036605
0.036213
0.035900
0.035587
0.034883
0.034335
0.033943
0.033317
0.033082
0.033082
0.032613
0.032221
0.031517
0.031204
0.030734
0.029952
0.029482
0.029326
0.028778
0.028230
0.028386
0.027447
0.027212
0.026899
0.026430
0.025647
0.025177
0.024864
0.024551
0.024160
0.023690
0.023534
0.022907
0.022281
0.021968
0.021420
0.020559
0.020559
0.020090
0.019542
0.018837
0.018446
0.018289
0.017507
0.017115
0.016333
0.015707
0.015393
0.015159
0.014611
0.014219
0.013828
0.013358
0.013045
0.012732
0.011950
0.011245
0.010932
0.010697
0.010384
0.009758
0.009210
0.008506
0.008427
0.007801
0.007253
0.006314
0.006392
0.006001
0.005766
0.005140
0.004436
0.004044
0.003731
0.003262
0.002557
0.001853
0.001696
0.001227
0.001070
0.000444
-0.000182
-0.000417
-0.000965
-0.001278
-0.001748
-0.002530
-0.003156
-0.003470
-0.003783
-0.004487
-0.004722
-0.005505
-0.005583
-0.005974
-0.006757
-0.007540
-0.008009
-0.008087
-0.008322
-0.008948
-0.009496
-0.009888
-0.010357
-0.011140
-0.011688
-0.012314
-0.012784
-0.013332
-0.013566
-0.014192
-0.014584
-0.015210
-0.015523
-0.016071
-0.017088
-0.017793
-0.018341
-0.018810
-0.018889
-0.019202
-0.020063
-0.020298
-0.021002
-0.021628
-0.022333
-0.022880
-0.023507
-0.023898
-0.024289
-0.024681
-0.025620
-0.025933
-0.026168
-0.026559
-0.027185
-0.027890
-0.028672
-0.029142
-0.029377
-0.029925
-0.030551
-0.030942
-0.031334
-0.032273
-0.032742
-0.033369
-0.034151
-0.034386
-0.034386
-0.034934
-0.035638
-0.035951
-0.036656
-0.037047
-0.037673
-0.038613
-0.039161
-0.039787
-0.040335
-0.040726
-0.041274
-0.041822
-0.042213
-0.042761
-0.043387
-0.044248
-0.044874
-0.045109
-0.045657
-0.046048
-0.046518
-0.047457
-0.047927
-0.048396
-0.049257
-0.050118
-0.050823
-0.051214
-0.051997
-0.052310
-0.052779
-0.053406
-0.054188
-0.054736
-0.055362
-0.056145
-0.056693
-0.057476
-0.057789
-0.057945
-0.058728
-0.059432
-0.059824
-0.060450
-0.061076
-0.061937
-0.062485
-0.063033
-0.063502
-0.063894
-0.064598
-0.065303
-0.065929
-0.066320
-0.067025
-0.067651
-0.067964
-0.068433
-0.068747
-0.069451
-0.070312
-0.071173
-0.071643
-0.072347
-0.072738
-0.073208
-0.073678
-0.074460
-0.074695
-0.075008
-0.075713
-0.076652
-0.077200
-0.077748
-0.078687
-0.079313
-0.079939
-0.080644
-0.081426
-0.081661
-0.082209
-0.082913
-0.083540
-0.083931
-0.084635
-0.085183
-0.085966
-0.086514
-0.087062
-0.087296
-0.087844
-0.088940
-0.089801
-0.090114
-0.090662
-0.091445
-0.091993
-0.092697
-0.093167
-0.093558
-0.093949
-0.094654
-0.095515
-0.096141
-0.096611
-0.097158
-0.097550
-0.098254
-0.099037
-0.099428
-0.099820
-0.100837
-0.101698
-0.101855
-0.102559
-0.103029
-0.103577
-0.104359
-0.104985
-0.105768
-0.105768
-0.106629
-0.107803
-0.108273
-0.108821
-0.109369
-0.109995
-0.110543
-0.110934
-0.111717
-0.112265
-0.112969
-0.114143
-0.114378
-0.115082
-0.115865
-0.116335
-0.116882
-0.117587
-0.117900
-0.118448
-0.119544
-0.120639
-0.121422
-0.121735
-0.121970
-0.123144
-0.123692
-0.124318
-0.124788
-0.125492
-0.126040
-0.127292
-0.127840
-0.128153
-0.128858
-0.129484
-0.130188
-0.130893
-0.131441
-0.131832
-0.132458
-0.133319
-0.134180
-0.134728
-0.135198
-0.135745
-0.136450
-0.136920
-0.137467
-0.137937
-0.138485
-0.139268
-0.140363
-0.141303
-0.141694
-0.142085
-0.142633
-0.143416
-0.143729
-0.144668
-0.145060
-0.145764
-0.146547
-0.147486
-0.147956
-0.148425
-0.149286
-0.150069
-0.150617
-0.150930
-0.151556
-0.152260
-0.153121
-0.154217
-0.154922
-0.155313
-0.156017
-0.156174
-0.156878
-0.157426
-0.158131
-0.158992
-0.159383
-0.160948
-0.161575
-0.162435
-0.162670
-0.163062
-0.164079
-0.164705
-0.165410
-0.165723
-0.166506
-0.167523
-0.168306
-0.169480
-0.169401
-0.170184
-0.170967
-0.171515
-0.172219
-0.172532
-0.173550
-0.174489
-0.175585
-0.176133
-0.176681
-0.176759
-0.177307
-0.178011
-0.178559
-0.179185
-0.179890
-0.180751
-0.182003
-0.182629
-0.183020
-0.183255
-0.184038
-0.184742
-0.185682
-0.186308
-0.186699
-0.187404
-0.188343
-0.189360
-0.190065
-0.190456
-0.191082
-0.191630
-0.192178
-0.192961
-0.193665
-0.194056
-0.195465
-0.196248
-0.196874
-0.197422
-0.197892
-0.198518
-0.199222
-0.200005
-0.200944
-0.201649
-0.202197
-0.203371
-0.204153
-0.204623
-0.205327
-0.205406
-0.205953
-0.206814
-0.207206
-0.207989
-0.208928
-0.210180
-0.210963
-0.211432
-0.211902
-0.212293
-0.212919
-0.213467
-0.214172
-0.214641
-0.215659
-0.216755
-0.217381
-0.217850
-0.218242
-0.218946
-0.219259
-0.219729
-0.220512
-0.221138
-0.221529
-0.222312
-0.223329
-0.224269
-0.224582
-0.225130
-0.225756
-0.226069
-0.226852
-0.227243
-0.227947
-0.228417
-0.229434
-0.230295
-0.231235
-0.231548
-0.231939
-0.232409
-0.233191
-0.233739
-0.234209
-0.234835
-0.235696
-0.236479
-0.237261
-0.237653
-0.238357
-0.238435
-0.239140
-0.240001
-0.240392
-0.241018
-0.241723
-0.242505
-0.243445
-0.244227
-0.244462
-0.244932
-0.245558
-0.245871
-0.246497
-0.247045
-0.247828
-0.248454
-0.249237
-0.249785
-0.250489
-0.250724
-0.251115
-0.251663
-0.252367
-0.253072
-0.253463
-0.253933
-0.254716
-0.255811
-0.256124
-0.256516
-0.256751
-0.257142
-0.257612
-0.258316
-0.258942
-0.259255
-0.260038
-0.260821
-0.261682
-0.262073
-0.262308
-0.262699
-0.262934
-0.263325
-0.264108
-0.264343
-0.265204
-0.265595
-0.266143
-0.266691
-0.267082
-0.267317
-0.268021
-0.268335
-0.268804
-0.269743
-0.269900
-0.270370
-0.270917
-0.271544
-0.272170
-0.272483
-0.272718
-0.273187
-0.273500
-0.273892
-0.274205
-0.274909
-0.275301
-0.275692
-0.275848
-0.276396
-0.276866
-0.277179
-0.277336
-0.278118
-0.278353
-0.278666
-0.279214
-0.279605
-0.280388
-0.280858
-0.280779
-0.281406
-0.281875
-0.282188
-0.282580
-0.282736
-0.283206
-0.283832
-0.284145
-0.284849
-0.284849
-0.285241
-0.285476
-0.285945
-0.286415
-0.286571
-0.286884
-0.287354
-0.287432
-0.287980
-0.288137
-0.288528
-0.288841
-0.288919
-0.289389
-0.289389
-0.289780
-0.290015
-0.290720
-0.290954
-0.290876
-0.291502
-0.291737
-0.291972
-0.292363
-0.292598
-0.292442
-0.293224
-0.293146
-0.293537
-0.293616
-0.294085
-0.294085
-0.294164
-0.294398
-0.295025
-0.295259
-0.295416
-0.295729
-0.295807
-0.296042
-0.296120
-0.296433
-0.296981
-0.296746
-0.296981
-0.297138
-0.297451
-0.297686
-0.297686
-0.298312
-0.298077
-0.298234
-0.298390
-0.298547
-0.298781
-0.299173
-0.299016
-0.299486
-0.299721
-0.299877
-0.299877
-0.300425
-0.300190
-0.300425
-0.300582
-0.300738
-0.301443
-0.301443
-0.301443
-0.301286
-0.301756
-0.301443
-0.301834
-0.301834
-0.302069
-0.302382
-0.302304
-0.302382
-0.302695
-0.302851
-0.302538
-0.303008
-0.302695
-0.303008
-0.303008
-0.303321
-0.303321
-0.303556
-0.303712
-0.303712
-0.303556
-0.303712
-0.303869
-0.303947
-0.304182
-0.304104
-0.304104
-0.304104
-0.304339
-0.304339
-0.304260
-0.304417
-0.304417
-0.304573
-0.304730
-0.304808
-0.304887
-0.304965
-0.304808
-0.305043
-0.304808
-0.304887
-0.305043
-0.304965
-0.305043
-0.305200
-0.305200
-0.305356
-0.305356
-0.305043
-0.304965
-0.305356
-0.304887
-0.305200
-0.305121
-0.305121
-0.304808
-0.304730
-0.304887
-0.304887
-0.304887
-0.304887
-0.304573
-0.304730
-0.304965
-0.304808
-0.305043
-0.304808
-0.304965
-0.304965
-0.305121
-0.304730
-0.304965
-0.304573
-0.304495
-0.304495
-0.304417
-0.304652
-0.304573
-0.304730
-0.304495
-0.304260
-0.304495
-0.304573
-0.304652
-0.304417
-0.304104
-0.304260
-0.304182
-0.304104
-0.304026
-0.303947
-0.304026
-0.303869
-0.303947
-0.304104
-0.303791
-0.303556
-0.303556
-0.303947
-0.303556
-0.303712
-0.303712
-0.303712
-0.303556
-0.303399
-0.303478
-0.303478
-0.303321
-0.303399
-0.303399
-0.303399
-0.303243
-0.303478
-0.303399
-0.303556
-0.303243
-0.303008
-0.303086
-0.303008
-0.302930
-0.302695
-0.302617
-0.302617
-0.302538
-0.302538
-0.302538
-0.302773
-0.302382
-0.302304
-0.302538
-0.302382
-0.302147
-0.302304
-0.302382
-0.301834
-0.301912
-0.301443
-0.301443
-0.301599
-0.301443
-0.301364
-0.301599
-0.301599
-0.301599
-0.301521
-0.301443
-0.301364
-0.301208
-0.301130
-0.300895
-0.300895
-0.301130
-0.301051
-0.300816
-0.300503
-0.300738
-0.300895
-0.300816
-0.300895
-0.300738
-0.300660
-0.300112
-0.300190
-0.300269
-0.299956
-0.300190
-0.299877
-0.300112
-0.300112
-0.300034
-0.300034
-0.299486
-0.299721
-0.299486
-0.299564
-0.299642
-0.299486
-0.299564
-0.299486
-0.299408
-0.299095
-0.299251
-0.299173
-0.298625
-0.298781
-0.298781
-0.299329
-0.299016
-0.299016
-0.299016
-0.298390
-0.298312
-0.298703
-0.298390
-0.298312
-0.298312
-0.298547
-0.298625
-0.298390
-0.298625
-0.298703
-0.298234
-0.298155
-0.298077
-0.298234
-0.298155
-0.297920
-0.297764
-0.297999
-0.298155
-0.297920
-0.297764
-0.297764
-0.297842
-0.297607
-0.297373
-0.297529
-0.297607
-0.298077
-0.297764
-0.297999
-0.297686
-0.297999
-0.297451
-0.297607
-0.297529
-0.297294
-0.297294
-0.297451
-0.297686
-0.297529
-0.297451
-0.297529
-0.297607
-0.297294
-0.297294
-0.297294
-0.297060
-0.297060
-0.297294
-0.297216
-0.297216
-0.297216
-0.297529
-0.297373
-0.297060
-0.297060
-0.296981
-0.296825
-0.296981
-0.296903
-0.296903
-0.297138
-0.297138
-0.296825
-0.297138
-0.297216
-0.296825
-0.296981
-0.296825
-0.296903
-0.296903
-0.297216
-0.297138
-0.296981
-0.297451
-0.297294
-0.296981
-0.297060
-0.297138
-0.297138
-0.297138
-0.296825
-0.297373
-0.297373
-0.297451
-0.297686
-0.297529
-0.297138
-0.297138
-0.297294
-0.297216
-0.297451
-0.297216
-0.297294
-0.297686
-0.297686
-0.297842
-0.297451
-0.297294
-0.297529
-0.297529
-0.297842
-0.297764
-0.297529
-0.297764
-0.297920
-0.298234
-0.298155
-0.297920
-0.298155
-0.298077
-0.297999
-0.297999
-0.298155
-0.298234
-0.298312
-0.298312
-0.298547
-0.298547
-0.298547
-0.298547
-0.298625
-0.298625
-0.298390
-0.298547
-0.298547
-0.298468
-0.298703
-0.298781
-0.299173
-0.299016
-0.299095
-0.298781
-0.298860
-0.299173
-0.299251
-0.299095
-0.299329
-0.299564
-0.299486
-0.299564
-0.299564
-0.299721
-0.299564
-0.299721
-0.299956
-0.299877
-0.300112
-0.299956
-0.300034
-0.300503
-0.300503
-0.300738
-0.300582
-0.300425
-0.300738
-0.300973
-0.301051
-0.300973
-0.300895
-0.301208
-0.301286
-0.301443
-0.301521
-0.301677
-0.301443
-0.301677
-0.301599
-0.301834
-0.301834
-0.302069
-0.301991
-0.302304
-0.302147
-0.302538
-0.302617
-0.302460
-0.302538
-0.302695
-0.302773
-0.303008
-0.303165
-0.303086
-0.303556
-0.303478
-0.303556
-0.303399
-0.303243
-0.303556
-0.303556
-0.303947
-0.304182
-0.304182
-0.304417
-0.304417
-0.304573
-0.304652
-0.304652
-0.304887
-0.305043
-0.305121
-0.305121
-0.305200
-0.305278
-0.305669
-0.305591
-0.305591
-0.305982
-0.306217
-0.306295
-0.306217
-0.306608
-0.306374
-0.306765
-0.306687
-0.307000
-0.306765
-0.307156
-0.307391
-0.307313
-0.307235
-0.307704
-0.307626
-0.307626
-0.308017
-0.307782
-0.308565
-0.308409
-0.308409
-0.308252
-0.308878
-0.308957
-0.308800
-0.309035
-0.309191
-0.309504
-0.309583
-0.309739
-0.309661
-0.309818
-0.309739
-0.310131
-0.310209
-0.310365
-0.310600
-0.310600
-0.310992
-0.311226
-0.311305
-0.311618
-0.311618
-0.312009
-0.311931
-0.311853
-0.312009
-0.312009
-0.312400
-0.312479
-0.312557
-0.312870
-0.313027
-0.313027
-0.313105
-0.313105
-0.313496
-0.313574
-0.314044
-0.314201
-0.314201
-0.314592
-0.314592
-0.314827
-0.314748
-0.315062
-0.315140
-0.315296
-0.315296
-0.315609
-0.316001
-0.315766
-0.316079
-0.316079
-0.316470
-0.316470
-0.316549
-0.316784
-0.317018
-0.317018
-0.317253
-0.317097
-0.317410
-0.317879
-0.318114
-0.317958
-0.318114
-0.318349
-0.318271
-0.318192
-0.318505
-0.318740
-0.318819
-0.319210
-0.319366
-0.319758
-0.319914
-0.319758
-0.320149
-0.320227
-0.320619
-0.320306
-0.320775
-0.320775
-0.321010
-0.321323
-0.321480
-0.321871
-0.322028
-0.322184
-0.322184
-0.322419
-0.322654
-0.322654
-0.322967
-0.322889
-0.323123
-0.323358
-0.323906
-0.323906
-0.323984
-0.324219
-0.324063
-0.324454
-0.324610
-0.324689
-0.324924
-0.325158
-0.325315
-0.325471
-0.325550
-0.325941
-0.326019
-0.326567
-0.326332
-0.326567
-0.326802
-0.326724
-0.327115
-0.327193
-0.327506
-0.327741
-0.328054
-0.328133
-0.328054
-0.328211
-0.328446
-0.328446
-0.328602
-0.328915
-0.329228
-0.329307
-0.329307
-0.330089
-0.329933
-0.330324
-0.330481
-0.330559
-0.331029
-0.330872
-0.331498
-0.331185
-0.331733
-0.331577
-0.332124
-0.332124
-0.332672
-0.332751
-0.332829
-0.333142
-0.333142
-0.333377
-0.333612
-0.333768
-0.333925
-0.334316
-0.334629
-0.334707
-0.334551
-0.335177
-0.335255
-0.335333
-0.335412
-0.335725
-0.336273
-0.336273
-0.336586
-0.336664
-0.337055
-0.337055
-0.337682
-0.337603
-0.337682
-0.338151
-0.338073
-0.338229
-0.338386
-0.338856
-0.339012
-0.339560
-0.339717
-0.339795
-0.340030
-0.339951
-0.340499
-0.340421
-0.340578
-0.341047
-0.340969
-0.341438
-0.341673
-0.341752
-0.342143
-0.342534
-0.342691
-0.342691
-0.342926
-0.343395
-0.343395
-0.343552
-0.343708
-0.343865
-0.344178
-0.344256
-0.344491
-0.344726
-0.345039
-0.345274
-0.345352
-0.345743
-0.345978
-0.345978
-0.346135
-0.346369
-0.346839
-0.347152
-0.347230
-0.347700
-0.348013
-0.347857
-0.348170
-0.348483
-0.348483
-0.349187
-0.349109
-0.349265
-0.349344
-0.349970
-0.350205
-0.350126
-0.350440
-0.350753
-0.350909
-0.351144
-0.351457
-0.351535
-0.351848
-0.352240
-0.352631
-0.352709
-0.352553
-0.352866
-0.353179
-0.353336
-0.353727
-0.353805
-0.354118
-0.354353
-0.354666
-0.354823
-0.355057
-0.355449
-0.355449
-0.355605
-0.356075
-0.356075
-0.356388
-0.356466
-0.356779
-0.356779
-0.357014
-0.357719
-0.357640
-0.357719
-0.358267
-0.358267
-0.358893
-0.358893
-0.359127
-0.359284
-0.359675
-0.360302
-0.360223
-0.360849
-0.361006
-0.361710
-0.361476
-0.361632
-0.362023
-0.362258
-0.362337
-0.362728
-0.363041
-0.363511
-0.363432
-0.363824
-0.364058
-0.364293
-0.364372
-0.364606
-0.364919
-0.364998
-0.365389
-0.365624
-0.366015
-0.366328
-0.366485
-0.366876
-0.367268
-0.367424
-0.367424
-0.367894
-0.368128
-0.368363
-0.368520
-0.368755
-0.368833
-0.368989
-0.369616
-0.369694
-0.369929
-0.370320
-0.370320
-0.370477
-0.371103
-0.371181
-0.371181
-0.371572
-0.371572
-0.372042
-0.372433
-0.372825
-0.372903
-0.373059
-0.373764
-0.373764
-0.373920
-0.374390
-0.374547
-0.374625
-0.374860
-0.375329
-0.375486
-0.375564
-0.375721
-0.376034
-0.376425
-0.376503
-0.377051
-0.377286
-0.377364
-0.377677
-0.377912
-0.378069
-0.378460
-0.378617
-0.378617
-0.379008
-0.379399
-0.379478
-0.379869
-0.379712
-0.380417
-0.380573
-0.380730
-0.380965
-0.381356
-0.381747
-0.381904
-0.382061
-0.382452
-0.382687
-0.382765
-0.383078
-0.383235
-0.383469
-0.384017
-0.383939
-0.384252
-0.384722
-0.384957
-0.384878
-0.385504
-0.385583
-0.386052
-0.385896
-0.386131
-0.386522
-0.386835
-0.387226
-0.387383
-0.387618
-0.387774
-0.388322
-0.388322
-0.388557
-0.389027
-0.389105
-0.389183
-0.389418
-0.389809
-0.390044
-0.390357
-0.390905
-0.390983
-0.391375
-0.391296
-0.391766
-0.391766
-0.392314
-0.392001
-0.392940
-0.393097
-0.393253
-0.393488
-0.393958
-0.394192
-0.394584
-0.395053
-0.395053
-0.395366
-0.395758
-0.396071
-0.395993
-0.396697
-0.396775
-0.396854
-0.397167
-0.397714
-0.397793
-0.397793
-0.398262
-0.398967
-0.398654
-0.398810
-0.399358
-0.399593
-0.399749
-0.400141
-0.400689
-0.400689
-0.401158
-0.401393
-0.401941
-0.402176
-0.402489
-0.402645
-0.402802
-0.402802
-0.403272
-0.403428
-0.403741
-0.404211
-0.404054
-0.404759
-0.404915
-0.405307
-0.405463
-0.405698
-0.405776
-0.406011
-0.406402
-0.406872
-0.406872
-0.407107
-0.407655
-0.407733
-0.408281
-0.408359
-0.408751
-0.409064
-0.409220
-0.409533
-0.409611
-0.410081
-0.410472
-0.410551
-0.411177
-0.411412
-0.411568
-0.411725
-0.412351
-0.412429
-0.412507
-0.412821
-0.412977
-0.413447
-0.413368
-0.413838
-0.414229
-0.414542
-0.414699
-0.415012
-0.415012
-0.415403
-0.415560
-0.415560
-0.415951
-0.416577
-0.416969
-0.417125
-0.417204
-0.417204
-0.417517
-0.417908
-0.417986
-0.418378
-0.418378
-0.419004
-0.419004
-0.419552
-0.419787
-0.420178
-0.420256
-0.420726
-0.420726
-0.421430
-0.421587
-0.421743
-0.422213
-0.422291
-0.422604
-0.422683
-0.422996
-0.423230
-0.423857
-0.424091
-0.424248
-0.424326
-0.424404
-0.425031
-0.425265
-0.425187
-0.425422
-0.425813
-0.426361
-0.426596
-0.427144
-0.427066
-0.427692
-0.427614
-0.427848
-0.428161
-0.428396
-0.428944
-0.428709
-0.429022
-0.429492
-0.429570
-0.430040
-0.430275
-0.430901
-0.430823
-0.431527
-0.431527
-0.431605
-0.431918
-0.432075
-0.432545
-0.432466
-0.433092
-0.433249
-0.433562
-0.434032
-0.434032
-0.434423
-0.434501
-0.434658
-0.435049
-0.435127
-0.435284
-0.435910
-0.435832
-0.436145
-0.436458
-0.436771
-0.437162
-0.437476
-0.437162
-0.437476
-0.438180
-0.438180
-0.438650
-0.438728
-0.438884
-0.439197
-0.439745
-0.439824
-0.440137
-0.440998
-0.441076
-0.441232
-0.441467
-0.442172
-0.442407
-0.442798
-0.442876
-0.443033
-0.443424
-0.443581
-0.443894
-0.444128
-0.444520
-0.444755
-0.444989
-0.445381
-0.445694
-0.445929
-0.446163
-0.446242
-0.446477
-0.446790
-0.447181
-0.447494
-0.447572
-0.447885
-0.448512
-0.448668
-0.448512
-0.448903
-0.449138
-0.449529
-0.449529
-0.449920
-0.450390
-0.450468
-0.450860
-0.451251
-0.451329
-0.451799
-0.452034
-0.452347
-0.452582
-0.452816
-0.453364
-0.453443
-0.453599
-0.454069
-0.454304
-0.454695
-0.454695
-0.455243
-0.455243
-0.455399
-0.455634
-0.455712
-0.456182
-0.456808
-0.457278
-0.457434
-0.457669
-0.458060
-0.458139
-0.458374
-0.458765
-0.459000
-0.459156
-0.459469
-0.459704
-0.460174
-0.460096
-0.460487
-0.460956
-0.461426
-0.461739
-0.461739
-0.461896
-0.462678
-0.462913
-0.462835
-0.462991
-0.463618
-0.463931
-0.464244
-0.464244
-0.464557
-0.465105
-0.465340
-0.465809
-0.466044
-0.466044
-0.465966
-0.466670
-0.466670
-0.467140
-0.467453
-0.467766
-0.467766
-0.468079
-0.468705
-0.468862
-0.469175
-0.469331
-0.469723
-0.469879
-0.470349
-0.470818
-0.470975
-0.471288
-0.471914
-0.471993
-0.472384
-0.472932
-0.473088
-0.473323
-0.473401
-0.473793
-0.474106
-0.474497
-0.474810
-0.474967
-0.475436
-0.475671
-0.475828
-0.476297
-0.476610
-0.476845
-0.477002
-0.477550
-0.477471
-0.477863
-0.478254
-0.478645
-0.478959
-0.479428
-0.479663
-0.480211
-0.480054
-0.480289
-0.480837
-0.480680
-0.481228
-0.481855
-0.481933
-0.482168
-0.482402
-0.482794
-0.483420
-0.483498
-0.483968
-0.484124
-0.484281
-0.484594
-0.485142
-0.485298
-0.485298
-0.485690
-0.485846
-0.486394
-0.486551
-0.487020
-0.487177
-0.487725
-0.487881
-0.488194
-0.488351
-0.488664
-0.489212
-0.489290
-0.489525
-0.489916
-0.490308
-0.490229
-0.491169
-0.490856
-0.491717
-0.491951
-0.492108
-0.492499
-0.492343
-0.492656
-0.493282
-0.493360
-0.493830
-0.493986
-0.494299
-0.494612
-0.494691
-0.495082
-0.495473
-0.495787
-0.495708
-0.496334
-0.496178
-0.496804
-0.497117
-0.497430
-0.497665
-0.497822
-0.498291
-0.498448
-0.498839
-0.498996
-0.499309
-0.499543
-0.499935
-0.500404
-0.500718
-0.500796
-0.501187
-0.501344
-0.501735
-0.501735
-0.502361
-0.503066
-0.503066
-0.503379
-0.503614
-0.503848
-0.504005
-0.504240
-0.504709
-0.505257
-0.505414
-0.505805
-0.506040
-0.506353
-0.506509
-0.506901
-0.507370
-0.507527
-0.507840
-0.507840
-0.508388
-0.508388
-0.508545
-0.509014
-0.509171
-0.509640
-0.509405
-0.510188
-0.510266
-0.510971
-0.510971
-0.511362
-0.511597
-0.511910
-0.512615
-0.512849
-0.512615
-0.512771
-0.513241
-0.513476
-0.513789
-0.514102
-0.514415
-0.514650
-0.514884
-0.515589
-0.515354
-0.515745
-0.516137
-0.516606
-0.516763
-0.516841
-0.516998
-0.517624
-0.517624
-0.518172
-0.518485
-0.518876
-0.518954
-0.519111
-0.519659
-0.520050
-0.520128
-0.520520
-0.521146
-0.521381
-0.521772
-0.522320
-0.522477
-0.522633
-0.522790
-0.523259
-0.523259
-0.523651
-0.524198
-0.524198
-0.524590
-0.524825
-0.525059
-0.525216
-0.525529
-0.525686
-0.526077
-0.526233
-0.526625
-0.527016
-0.527486
-0.527564
-0.527799
-0.528190
-0.528268
-0.528503
-0.528973
-0.529364
-0.529286
-0.530069
-0.529990
-0.530460
-0.530930
-0.531086
-0.531399
-0.531712
-0.531947
-0.531947
-0.532260
-0.532886
-0.533278
-0.533591
-0.533826
-0.534217
-0.534374
-0.534608
-0.534765
-0.535156
-0.535156
-0.535391
-0.535704
-0.535939
-0.536330
-0.536565
-0.537035
-0.537504
-0.537739
-0.538052
-0.538209
-0.538209
-0.538678
-0.539148
-0.539226
-0.539852
-0.540087
-0.540400
-0.540713
-0.540635
-0.541418
-0.541496
-0.541809
-0.542044
-0.542201
-0.542514
-0.542748
-0.542827
-0.543061
-0.543688
-0.543688
-0.544157
-0.544392
-0.544705
-0.544705
-0.545097
-0.545644
-0.545723
-0.545957
-0.546271
-0.546662
-0.546505
-0.546818
-0.547053
-0.547445
-0.547758
-0.548071
-0.548227
-0.548697
-0.548540
-0.549167
-0.549480
-0.550106
-0.550027
-0.550497
-0.550888
-0.551280
-0.551828
-0.551828
-0.552141
-0.552063
-0.552219
-0.552689
-0.553237
-0.553471
-0.553706
-0.554098
-0.554489
-0.554567
-0.554958
-0.555115
-0.555115
-0.555663
-0.555898
-0.556133
-0.556602
-0.556994
-0.556915
-0.557307
-0.557776
-0.558089
-0.558246
-0.558402
-0.558637
-0.559185
-0.559263
-0.559655
-0.560203
-0.560594
-0.560594
-0.561220
-0.561298
-0.561768
-0.562159
-0.562316
-0.562864
-0.563177
-0.563333
-0.563803
-0.564038
-0.564351
-0.564586
-0.564507
-0.565290
-0.565134
-0.565603
-0.565760
-0.566151
-0.566699
-0.566777
-0.567012
-0.567169
-0.567795
-0.568264
-0.568421
-0.568577
-0.568812
-0.568969
-0.569204
-0.569517
-0.569595
-0.570143
-0.570456
-0.570691
-0.570847
-0.571317
-0.571865
-0.572178
-0.572413
-0.572647
-0.572726
-0.572804
-0.573743
-0.573665
-0.573743
-0.574213
-0.574526
-0.574996
-0.575152
-0.575622
-0.575700
-0.576013
-0.576404
-0.576483
-0.577109
-0.577187
-0.577422
-0.577735
-0.578205
-0.578205
-0.578596
-0.579144
-0.579300
-0.579848
-0.579927
-0.580318
-0.580788
-0.580944
-0.581492
-0.581570
-0.582196
-0.582353
-0.582353
-0.582666
-0.583136
-0.583136
-0.583370
-0.583762
-0.583840
-0.584231
-0.584623
-0.585014
-0.585171
-0.585405
-0.585797
-0.586032
-0.586423
-0.586658
-0.586814
-0.587284
-0.587754
-0.587910
-0.588536
-0.588615
-0.588693
-0.588928
-0.589162
-0.589475
-0.590023
-0.590102
-0.590493
-0.590728
-0.590963
-0.591276
-0.591667
-0.591902
-0.592371
-0.592528
-0.593076
-0.593154
-0.593467
-0.593467
-0.594093
-0.594406
-0.594798
-0.595033
-0.595346
-0.595581
-0.595894
-0.596128
-0.596285
-0.596676
-0.597224
-0.597381
-0.597772
-0.598007
-0.598242
-0.598007
-0.598790
-0.599181
-0.599494
-0.599651
-0.600120
-0.600198
-0.600668
-0.601138
-0.601529
-0.602077
-0.602233
-0.602077
-0.602781
-0.603251
-0.603564
-0.603564
-0.604034
-0.604268
-0.604425
-0.604973
-0.604895
-0.605051
-0.605599
-0.605756
-0.606147
-0.606538
-0.606773
-0.607399
-0.607634
-0.607947
-0.608260
-0.608260
-0.608652
-0.609278
-0.609434
-0.609434
-0.609669
-0.610217
-0.610374
-0.610687
-0.611078
-0.611391
-0.611391
-0.611939
-0.612174
-0.612487
-0.612565
-0.612878
-0.613269
-0.613426
-0.614052
-0.614130
-0.614522
-0.614991
-0.615148
-0.615539
-0.615539
-0.615931
-0.616165
-0.616400
-0.616870
-0.616792
-0.617261
-0.617574
-0.617809
-0.618200
-0.618435
-0.618748
-0.618983
-0.619375
-0.619375
-0.619844
-0.620157
-0.620627
-0.620862
-0.621253
-0.621488
-0.622036
-0.622192
-0.622505
-0.622584
-0.622818
-0.623445
-0.623601
-0.623914
-0.624306
-0.624775
-0.624775
-0.624932
-0.625166
-0.625558
-0.625871
-0.626106
-0.626341
-0.626497
-0.627045
-0.627202
-0.627436
-0.627593
-0.628141
-0.628376
-0.628610
-0.629080
-0.629315
-0.629706
-0.629941
-0.630254
-0.630724
-0.630958
-0.631350
-0.631350
-0.631506
-0.632133
-0.632680
-0.632524
-0.632602
-0.633228
-0.633620
-0.633854
-0.634246
-0.634559
-0.634950
-0.634637
-0.635107
-0.635498
-0.635655
-0.636124
-0.636281
-0.636750
-0.637142
-0.637064
-0.637377
-0.637768
-0.638003
-0.638159
-0.638472
-0.638785
-0.638864
-0.639177
-0.639333
-0.640038
-0.640351
-0.640820
-0.641055
-0.641447
-0.641681
-0.641838
-0.642073
-0.642073
-0.642151
-0.642777
-0.643012
-0.643638
-0.643716
-0.644108
-0.644421
-0.644577
-0.645047
-0.644969
-0.645673
-0.645595
-0.646221
-0.646143
-0.646299
-0.646691
-0.647160
-0.647552
-0.647786
-0.648100
-0.648491
-0.648882
-0.648882
-0.649195
-0.649587
-0.649821
-0.650056
-0.650448
-0.650761
