-0.533904
-0.534374
-0.534765
-0.535078
-0.535391
-0.535548
-0.535939
-0.536095
-0.536409
-0.536487
-0.536722
-0.537035
-0.537191
-0.537583
-0.537817
-0.538287
-0.538444
-0.538757
-0.538835
-0.538991
-0.539383
-0.539852
-0.540244
-0.540557
-0.540870
-0.540792
-0.541731
-0.541809
-0.541966
-0.542670
-0.542748
-0.542905
-0.543296
-0.543609
-0.543531
-0.544236
-0.544236
-0.544705
-0.545018
-0.545097
-0.545723
-0.545879
-0.546349
-0.546740
-0.546740
-0.547288
-0.547679
-0.547523
-0.547523
-0.548071
-0.548384
-0.548619
-0.548853
-0.549323
-0.549480
-0.550027
-0.550106
-0.550184
-0.550810
-0.550967
-0.550967
-0.551436
-0.551749
-0.552063
-0.552610
-0.553002
-0.553315
-0.553237
-0.553628
-0.553863
-0.554176
-0.554411
-0.554489
-0.554880
-0.555272
-0.555741
-0.555898
-0.556211
-0.556446
-0.556994
-0.556915
-0.557541
-0.558011
-0.557698
-0.558168
-0.558559
-0.558559
-0.559107
-0.559655
-0.559889
-0.560124
-0.560203
-0.560985
-0.561142
-0.561298
-0.561533
-0.562159
-0.562159
-0.562629
-0.562629
-0.563255
-0.563255
-0.563646
-0.563725
-0.564116
-0.564273
-0.564586
-0.564899
-0.565134
-0.565525
-0.565681
-0.566073
-0.566229
-0.566699
-0.566856
-0.567560
-0.567012
-0.567716
-0.568030
-0.568186
-0.568421
-0.568891
-0.568969
-0.569282
-0.569517
-0.570065
-0.570143
-0.570456
-0.571082
-0.570926
-0.571317
-0.571552
-0.572021
-0.571943
-0.572334
-0.572569
-0.572726
-0.573117
-0.573352
-0.573900
-0.574056
-0.574448
-0.574917
-0.575074
-0.575465
-0.575465
-0.575935
-0.576091
-0.576483
-0.576639
-0.577031
-0.577109
-0.577344
-0.578048
-0.578283
-0.578518
-0.578909
-0.579066
-0.579379
-0.579692
-0.580161
-0.580240
-0.580161
-0.580788
-0.581179
-0.581492
-0.581727
-0.582118
-0.582509
-0.582666
-0.583214
-0.583370
-0.583762
-0.584310
-0.584310
-0.584623
-0.584858
-0.585249
-0.585405
-0.585719
-0.586110
-0.586345
-0.586658
-0.587206
-0.587284
-0.587362
-0.588067
-0.588145
-0.588223
-0.588928
-0.589006
-0.589397
-0.589475
-0.589789
-0.590336
-0.590493
-0.590650
-0.591276
-0.591432
-0.591510
-0.591902
-0.592058
-0.592371
-0.593232
-0.593389
-0.593311
-0.593937
-0.594093
-0.594485
-0.594720
-0.595111
-0.595267
-0.595502
-0.595894
-0.596363
-0.596285
-0.596520
-0.597068
-0.597302
-0.597616
-0.597772
-0.598555
-0.598790
-0.599024
-0.599337
-0.599494
-0.599807
-0.600042
-0.600512
-0.600512
-0.601138
-0.601216
-0.601607
-0.602155
-0.602625
-0.603094
-0.603016
-0.603407
-0.603877
-0.603955
-0.604034
-0.604503
-0.604738
-0.605286
-0.605521
-0.605599
-0.605990
-0.606225
-0.606382
-0.606617
-0.607243
-0.607399
-0.607556
-0.608025
-0.608182
-0.608730
-0.608965
-0.608886
-0.609826
-0.609669
-0.610295
-0.610452
-0.610687
-0.611078
-0.611548
-0.611861
-0.611861
-0.612174
-0.612722
-0.613035
-0.613113
-0.613583
-0.613739
-0.614052
-0.614287
-0.614757
-0.614913
-0.615383
-0.615539
-0.615852
-0.616087
-0.616244
-0.616400
-0.616792
-0.617418
-0.617731
-0.617887
-0.618279
-0.618592
-0.618514
-0.619296
-0.619453
-0.619609
-0.619844
-0.620157
-0.620470
-0.620783
-0.621175
-0.621488
-0.621723
-0.621879
-0.622505
-0.622427
-0.622897
-0.623210
-0.623445
-0.623679
-0.623836
-0.624462
-0.624853
-0.625166
-0.625323
-0.625480
-0.625714
-0.626341
-0.626419
-0.626967
-0.627280
-0.627358
-0.627749
-0.627828
-0.628219
-0.628454
-0.628845
-0.629002
-0.629706
-0.629706
-0.630332
-0.630254
-0.630411
-0.630802
-0.631193
-0.631350
-0.631585
-0.632211
-0.632289
-0.632759
-0.633228
-0.633463
-0.633620
-0.633698
-0.633776
-0.634246
-0.634637
-0.634715
-0.634715
-0.635342
-0.635655
-0.636124
-0.636281
-0.636516
-0.636750
-0.637064
-0.637377
-0.637690
-0.638159
-0.638316
-0.638629
-0.638551
-0.639099
-0.639490
-0.639881
-0.640194
-0.640351
-0.640507
-0.641055
-0.641447
-0.641681
-0.642073
-0.642308
-0.642464
-0.642855
-0.642934
-0.643638
-0.643482
-0.643951
-0.644186
-0.644499
-0.644734
-0.645047
-0.645438
-0.645751
-0.646065
-0.646456
-0.646378
-0.646769
-0.646847
-0.647239
-0.647865
-0.647865
-0.648413
-0.648334
-0.648882
-0.649039
-0.649587
-0.649821
-0.650056
-0.650056
-0.650604
-0.650682
-0.650917
-0.651465
-0.651856
-0.652013
-0.652639
-0.652874
-0.653500
-0.653422
-0.653500
-0.653735
-0.654439
-0.654752
-0.654674
-0.655066
-0.655300
-0.655692
-0.656083
-0.656318
-0.656396
-0.656396
-0.656709
-0.656631
-0.656396
-0.656631
-0.656396
-0.656474
-0.656318
-0.656631
-0.656318
-0.655927
-0.655848
-0.655692
-0.655457
-0.655457
-0.655144
-0.655066
-0.654909
-0.654596
-0.654126
-0.653970
-0.653813
-0.653344
-0.653344
-0.652952
-0.652639
-0.652248
-0.652248
-0.651856
-0.651543
-0.651230
-0.650917
-0.650448
-0.650369
-0.649978
-0.649430
-0.649195
-0.648804
-0.648491
-0.648021
-0.647786
-0.647473
-0.647239
-0.646926
-0.646299
-0.646378
-0.645830
-0.645517
-0.645204
-0.644734
-0.644969
-0.644421
-0.644264
-0.643716
-0.643482
-0.643247
-0.642855
-0.642308
-0.642073
-0.641681
-0.641681
-0.641055
-0.640664
-0.640273
-0.639881
-0.639255
-0.639255
-0.638785
-0.638629
-0.638316
-0.638316
-0.637768
-0.637768
-0.637064
-0.637064
-0.636516
-0.636203
-0.635733
-0.635655
-0.635263
-0.635263
-0.634324
-0.634324
-0.634089
-0.633620
-0.633307
-0.632915
-0.632680
-0.632211
-0.632054
-0.631428
-0.630880
-0.630567
-0.630489
-0.630097
-0.629550
-0.629628
-0.629158
-0.628845
-0.628062
-0.627984
-0.627906
-0.627358
-0.627280
-0.626732
-0.626419
-0.626262
-0.625949
-0.625714
-0.625401
-0.624853
-0.624462
-0.623914
-0.623992
-0.623601
-0.622975
-0.622975
-0.622349
-0.622192
-0.621723
-0.621253
-0.621175
-0.620470
-0.620314
-0.619766
-0.619688
-0.619140
-0.618905
-0.618200
-0.618200
-0.617809
-0.617574
-0.617418
-0.616948
-0.616400
-0.616244
-0.615931
-0.615461
-0.615305
-0.615070
-0.614913
-0.614522
-0.613974
-0.613426
-0.613191
-0.612956
-0.612800
-0.612409
-0.611782
-0.611548
-0.611156
-0.610921
-0.610687
-0.610295
-0.610217
-0.609747
-0.609434
-0.609278
-0.608965
-0.608573
-0.608730
-0.607947
-0.607791
-0.607243
-0.606930
-0.606303
-0.606303
-0.606069
-0.605834
-0.605364
-0.605208
-0.604503
-0.604425
-0.603955
-0.603877
-0.603564
-0.603094
-0.602781
-0.602625
-0.602390
-0.601842
-0.601372
-0.601138
-0.600590
-0.600120
-0.599885
-0.599494
-0.598946
-0.598790
-0.598398
-0.598163
-0.597694
-0.597694
-0.597068
-0.596833
-0.596285
-0.596050
-0.595659
-0.595346
-0.595111
-0.594720
-0.594485
-0.593937
-0.593624
-0.593232
-0.592685
-0.592528
-0.592293
-0.591980
-0.591589
-0.591119
-0.591041
-0.590493
-0.590258
-0.590102
-0.589241
-0.589475
-0.588849
-0.588615
-0.588067
-0.587832
-0.587519
-0.586893
-0.586736
-0.586736
-0.586188
-0.585797
-0.586032
-0.585327
-0.584936
-0.584779
-0.584623
-0.584231
-0.583997
-0.583527
-0.583214
-0.582823
-0.582275
-0.582040
-0.581648
-0.581257
-0.581101
-0.580866
-0.580318
-0.580083
-0.579457
-0.579379
-0.579144
-0.578753
-0.578753
-0.578126
-0.577813
-0.577344
-0.577031
-0.576717
-0.576561
-0.575778
-0.575700
-0.575230
-0.575074
-0.574682
-0.574213
-0.574056
-0.573822
-0.573352
-0.573039
-0.572491
-0.572647
-0.572100
-0.571552
-0.571239
-0.571004
-0.570612
-0.570143
-0.569595
-0.569282
-0.569125
-0.568812
-0.568734
-0.568108
-0.568030
-0.567795
-0.567482
-0.567012
-0.566777
-0.566308
-0.565995
-0.565760
-0.565134
-0.565212
-0.564742
-0.564429
-0.564194
-0.563881
-0.563333
-0.562864
-0.562472
-0.562003
-0.561611
-0.561142
-0.561064
-0.560907
-0.560203
-0.560124
-0.559655
-0.559576
-0.558872
-0.558715
-0.558637
-0.558011
-0.557620
-0.557541
-0.557385
-0.556837
-0.556446
-0.555976
-0.555976
-0.555663
-0.555350
-0.554880
-0.554332
-0.554332
-0.553941
-0.553393
-0.553158
-0.552845
-0.552610
-0.552297
-0.551984
-0.551436
-0.551358
-0.550967
-0.550419
-0.550419
-0.550106
-0.549636
-0.549245
-0.548932
-0.548775
-0.548384
-0.548071
-0.547601
-0.547445
-0.546818
-0.546584
-0.546427
-0.546114
-0.545957
-0.545723
-0.545097
-0.544862
-0.544783
-0.544392
-0.544157
-0.543375
-0.542827
-0.542827
-0.542435
-0.542122
-0.541809
-0.541574
-0.541340
-0.540792
-0.540166
-0.540166
-0.539618
-0.539226
-0.538835
-0.538522
-0.538365
-0.538209
-0.538130
-0.537739
-0.537661
-0.537191
-0.536643
-0.536643
-0.536409
-0.535782
-0.535548
-0.535391
-0.534765
-0.534687
-0.534295
-0.533904
-0.533513
-0.533199
-0.532495
-0.532573
-0.532260
-0.532104
-0.531869
-0.531321
-0.531086
-0.530382
-0.530695
-0.530147
-0.529756
-0.529834
-0.529051
-0.528660
-0.528347
-0.528190
-0.527799
-0.527329
-0.527016
-0.526860
-0.526390
-0.526233
-0.525764
-0.525607
-0.525059
-0.524825
-0.524512
-0.523885
-0.523651
-0.523337
-0.523181
-0.522555
-0.522242
-0.521929
-0.521381
-0.521459
-0.521146
-0.520989
-0.520207
-0.519972
-0.519737
-0.519189
-0.518954
-0.518641
-0.518328
-0.517702
-0.517389
-0.517154
-0.516685
-0.516215
-0.516215
-0.516215
-0.515745
-0.515354
-0.515119
-0.514650
-0.514336
-0.513867
-0.513476
-0.513319
-0.513006
-0.512615
-0.512301
-0.512067
-0.511754
-0.511206
-0.511206
-0.510814
-0.510266
-0.510032
-0.509797
-0.509327
-0.509092
-0.508936
-0.508388
-0.508075
-0.507762
-0.507684
-0.507214
-0.506823
-0.506588
-0.505883
-0.505883
-0.505570
-0.505335
-0.505022
-0.504161
-0.504396
-0.504005
-0.503457
-0.503066
-0.502987
-0.502753
-0.502361
-0.502126
-0.501970
-0.501422
-0.501031
-0.500718
-0.500639
-0.500170
-0.499778
-0.499309
-0.498917
-0.498761
-0.498369
-0.498056
-0.497743
-0.497587
-0.497274
-0.497117
-0.496413
-0.496256
-0.495787
-0.495473
-0.495082
-0.494691
-0.494143
-0.494299
-0.493908
-0.493517
-0.493360
-0.492969
-0.492577
-0.492030
-0.492030
-0.491717
-0.491012
-0.490777
-0.490542
-0.490229
-0.489838
-0.489603
-0.489447
-0.489055
-0.488742
-0.488273
-0.487881
-0.487725
-0.487490
-0.487255
-0.487099
-0.486551
-0.486159
-0.486238
-0.485533
-0.485377
-0.484985
-0.484594
-0.484437
-0.484046
-0.483733
-0.483263
-0.482950
-0.482559
-0.482168
-0.481855
-0.481933
-0.481385
-0.480837
-0.480680
-0.480133
-0.479898
-0.479585
-0.479272
-0.479506
-0.478880
-0.478567
-0.478411
-0.477863
-0.477628
-0.477315
-0.477080
-0.476532
-0.475984
-0.476063
-0.475828
-0.475280
-0.475123
-0.475123
-0.474497
-0.474262
-0.474028
-0.473401
-0.473167
-0.473088
-0.472853
-0.472306
-0.472071
-0.471836
-0.471523
-0.471053
-0.470818
-0.470427
-0.470349
-0.469488
-0.469488
-0.469018
-0.468705
-0.468549
-0.468314
-0.467688
-0.467218
-0.466983
-0.466905
-0.466514
-0.466357
-0.466357
-0.465809
-0.465418
-0.464870
-0.464713
-0.464400
-0.464009
-0.463774
-0.463383
-0.462991
-0.462678
-0.462209
-0.462052
-0.462052
-0.461583
-0.461035
-0.461113
-0.460487
-0.460174
-0.459782
-0.459391
-0.459235
-0.458765
-0.458687
-0.458452
-0.458060
-0.457826
-0.457669
-0.457356
-0.456965
-0.456573
-0.456182
-0.455947
-0.455556
-0.455556
-0.454851
-0.454695
-0.454382
-0.454069
-0.454069
-0.453521
-0.452973
-0.452582
-0.452425
-0.452034
-0.451799
-0.451408
-0.451094
-0.451016
-0.450468
-0.450468
-0.449842
-0.449607
-0.449216
-0.448903
-0.448668
-0.448277
-0.447885
-0.447651
-0.447259
-0.447259
-0.446790
-0.446555
-0.446398
-0.445850
-0.445381
-0.444911
-0.444755
-0.444520
-0.444207
-0.443894
-0.443972
-0.443424
-0.443346
-0.442876
-0.442407
-0.442250
-0.441859
-0.441389
-0.440919
-0.440685
-0.440293
-0.439824
-0.439589
-0.439511
-0.438884
-0.438493
-0.438337
-0.437867
-0.437476
-0.437241
-0.437084
-0.436849
-0.436458
-0.435988
-0.435441
-0.435441
-0.434971
-0.434814
-0.434501
-0.434032
-0.434032
-0.433484
-0.433092
-0.433092
-0.432701
-0.432545
-0.431997
-0.431684
-0.431527
-0.430744
-0.430823
-0.430275
-0.429727
-0.429492
-0.429335
-0.429022
-0.428709
-0.428475
-0.428240
-0.427614
-0.427457
-0.427222
-0.426987
-0.426439
-0.426205
-0.425970
-0.425735
-0.425031
-0.424796
-0.424404
-0.424248
-0.423778
-0.423622
-0.423230
-0.422917
-0.422369
-0.422291
-0.422056
-0.421508
-0.421274
-0.420804
-0.420804
-0.420178
-0.419865
-0.419317
-0.419160
-0.419004
-0.418378
-0.418143
-0.418065
-0.417752
-0.417517
-0.417047
-0.417047
-0.416421
-0.416186
-0.415951
-0.415560
-0.414934
-0.414621
-0.414699
-0.414151
-0.414151
-0.413682
-0.413368
-0.413055
-0.412821
-0.412351
-0.412038
-0.411725
-0.411568
-0.411490
-0.410942
-0.410629
-0.410081
-0.409846
-0.409455
-0.409064
-0.408985
-0.408594
-0.408359
-0.408046
-0.407890
-0.407576
-0.407029
-0.406559
-0.406402
-0.406168
-0.405933
-0.405776
-0.405385
-0.404994
-0.404524
-0.404446
-0.403976
-0.403506
-0.403350
-0.402802
-0.402489
-0.401941
-0.401706
-0.401471
-0.400924
-0.400532
-0.400376
-0.399593
-0.399515
-0.399045
-0.399202
-0.398654
-0.398262
-0.398184
-0.397714
-0.397793
-0.397245
-0.396619
-0.396462
-0.396149
-0.395993
-0.395836
-0.395445
-0.395366
-0.395053
-0.394740
-0.394584
-0.393958
-0.393644
-0.393175
-0.393331
-0.392862
-0.392862
-0.391844
-0.392236
-0.391766
-0.391609
-0.390905
-0.390670
-0.390435
-0.390044
-0.389731
-0.389731
-0.389183
-0.389027
-0.389105
-0.388635
-0.388400
-0.388087
-0.387696
-0.387305
-0.386992
-0.386678
-0.386678
-0.386444
-0.385739
-0.385583
-0.385348
-0.385035
-0.384878
-0.384252
-0.384096
-0.383939
-0.383548
-0.383078
-0.382452
-0.382452
-0.381982
-0.381747
-0.381669
-0.381043
-0.380573
-0.380573
-0.380260
-0.380104
-0.379634
-0.379478
-0.379086
-0.378538
-0.378225
-0.378147
-0.377599
-0.377521
-0.377364
-0.376816
-0.376895
-0.376503
-0.376425
-0.376190
-0.375799
-0.375564
-0.375173
-0.374625
-0.374468
-0.374155
-0.373607
-0.373607
-0.373216
-0.372825
-0.372668
-0.372668
-0.372355
-0.371885
-0.371494
-0.371259
-0.370946
-0.370555
-0.370477
-0.370398
-0.369537
-0.369381
-0.369303
-0.368833
-0.368520
-0.368442
-0.368050
-0.367659
-0.367424
-0.367189
-0.367033
-0.366563
-0.366015
-0.365859
-0.365546
-0.365389
-0.365076
-0.364685
-0.364372
-0.363980
-0.363824
-0.363589
-0.362806
-0.362650
-0.362180
-0.362102
-0.361710
-0.361710
-0.361710
-0.361397
-0.360771
-0.360693
-0.360380
-0.359832
-0.359127
-0.358814
-0.358658
-0.358267
-0.357875
-0.357562
-0.357719
-0.357327
-0.356623
-0.356466
-0.356231
-0.355997
-0.355605
-0.355136
-0.354744
-0.354823
-0.354510
-0.353805
-0.353883
-0.353570
-0.353336
-0.353101
-0.352709
-0.352631
-0.352318
-0.351927
-0.351535
-0.351300
-0.350909
-0.350518
-0.350283
-0.349970
-0.349813
-0.349422
-0.349031
-0.348952
-0.348561
-0.348405
-0.348013
-0.347387
-0.347387
-0.347152
-0.346761
-0.346369
-0.346213
-0.346213
-0.345978
-0.345509
-0.344961
-0.344648
-0.344256
-0.344021
-0.343630
-0.343160
-0.343474
-0.343082
-0.342847
-0.342691
-0.342221
-0.341986
-0.341908
-0.341204
-0.340969
-0.340812
-0.340343
-0.339951
-0.339717
-0.339482
-0.339090
-0.338777
-0.338699
-0.338308
-0.337916
-0.337525
-0.337368
-0.336664
-0.336508
-0.336194
-0.336273
-0.335960
-0.335333
-0.335333
-0.335255
-0.334942
-0.334394
-0.334472
-0.334081
-0.333690
-0.333142
-0.332985
-0.332751
-0.332281
-0.332124
-0.331811
-0.331342
-0.331185
-0.331263
-0.330794
-0.330402
-0.330011
-0.329698
-0.329620
-0.328994
-0.329150
-0.328759
-0.328367
-0.328289
-0.328054
-0.327741
-0.327585
-0.327115
-0.326880
-0.326646
-0.326254
-0.326098
-0.325628
-0.325237
-0.325315
-0.324689
-0.324297
-0.324063
-0.323984
-0.323515
-0.323436
-0.323280
-0.322654
-0.322497
-0.322184
-0.321949
-0.321401
-0.321010
-0.320854
-0.320619
-0.320462
-0.319914
-0.319758
-0.319445
-0.318897
-0.318584
-0.318427
-0.318036
-0.318036
-0.317488
-0.317410
-0.317097
-0.316862
-0.316627
-0.316079
-0.316001
-0.315688
-0.315453
-0.314983
-0.314748
-0.314670
-0.314122
-0.313888
-0.313809
-0.313574
-0.313418
-0.313027
-0.312400
-0.312479
-0.312166
-0.311774
-0.311305
-0.310992
-0.310913
-0.310522
-0.310131
-0.310052
-0.309818
-0.309504
-0.309348
-0.309191
-0.308722
-0.308174
-0.308174
-0.308174
-0.307782
-0.307548
-0.307000
-0.307156
-0.306765
-0.306452
-0.306061
-0.305747
-0.305356
-0.305121
-0.304808
-0.304339
-0.304182
-0.304026
-0.303791
-0.303321
-0.303165
-0.302930
-0.302695
-0.302538
-0.302069
-0.301599
-0.301521
-0.301286
-0.301208
-0.300738
-0.300738
-0.300190
-0.299877
-0.299564
-0.299564
-0.298781
-0.298703
-0.298390
-0.297920
-0.297842
-0.297294
-0.297216
-0.296825
-0.296746
-0.296512
-0.296277
-0.295964
-0.295651
-0.295494
-0.295181
-0.294790
-0.294711
-0.294398
-0.294242
-0.293537
-0.293303
-0.293224
-0.292833
-0.292676
-0.292442
-0.292129
-0.291659
-0.291894
-0.291268
-0.290954
-0.290641
-0.290485
-0.290015
-0.289859
-0.289624
-0.289389
-0.289076
-0.288685
-0.288450
-0.288058
-0.287980
-0.287511
-0.287198
-0.287041
-0.286884
-0.286493
-0.286337
-0.286258
-0.285945
-0.285710
-0.285241
-0.285006
-0.284693
-0.284302
-0.284145
-0.284223
-0.283832
-0.283519
-0.283128
-0.283284
-0.282971
-0.282501
-0.282110
-0.282032
-0.281640
-0.281406
-0.281171
-0.280779
-0.280388
-0.280310
-0.280075
-0.279840
-0.279371
-0.279292
-0.278823
-0.278901
-0.278588
-0.278431
-0.278040
-0.277805
-0.277570
-0.277179
-0.277022
-0.276866
-0.276631
-0.276396
-0.276161
-0.275692
-0.275535
-0.275222
-0.275301
-0.274987
-0.275066
-0.274596
-0.274126
-0.273813
-0.273657
-0.273657
-0.273266
-0.273109
-0.272718
-0.272561
-0.272405
-0.272170
-0.271778
-0.271465
-0.270996
-0.270996
-0.270683
-0.270448
-0.269822
-0.270213
-0.269665
-0.269352
-0.269039
-0.269274
-0.268648
-0.268648
-0.268491
-0.268178
-0.267787
-0.267552
-0.267474
-0.267082
-0.266613
-0.266378
-0.266456
-0.265986
-0.266065
-0.265517
-0.265360
-0.265125
-0.264969
-0.264264
-0.264264
-0.264186
-0.263795
-0.263482
-0.263247
-0.263090
-0.262699
-0.262464
-0.262308
-0.261838
-0.261760
-0.261603
-0.261368
-0.260977
-0.260742
-0.260586
-0.260038
-0.259881
-0.259725
-0.259803
-0.259255
-0.259177
-0.258942
-0.258473
-0.258159
-0.257925
-0.258159
-0.257690
-0.257533
-0.257455
-0.257064
-0.256594
-0.256672
-0.256359
-0.256124
-0.255890
-0.255185
-0.255420
-0.255342
-0.254716
-0.254794
-0.254324
-0.254402
-0.254089
-0.253698
-0.253150
-0.253385
-0.252915
-0.252602
-0.252446
-0.252289
-0.252054
-0.251898
-0.251507
-0.251428
-0.251037
-0.250959
-0.250567
-0.250489
-0.250019
-0.249863
-0.249863
-0.249706
-0.249002
-0.249237
-0.248767
-0.248376
-0.248141
-0.247828
-0.247750
-0.247671
-0.247280
-0.247358
-0.247280
-0.247123
-0.246654
-0.246341
-0.245871
-0.245949
-0.245558
-0.245323
-0.245323
-0.245088
-0.245245
-0.244697
-0.244619
-0.244306
-0.244227
-0.244071
-0.243601
-0.243601
-0.243288
-0.242975
-0.242740
-0.242349
-0.242271
-0.242192
-0.242036
-0.241488
-0.241410
-0.241175
-0.240784
-0.240705
-0.240001
-0.239923
-0.239609
-0.239688
-0.239296
-0.239218
-0.238983
-0.238749
-0.238514
-0.238279
-0.238122
-0.237966
-0.237496
-0.237496
-0.237183
-0.237027
-0.237027
-0.236714
-0.236635
-0.236400
-0.236557
-0.236244
-0.235696
-0.235070
-0.235070
-0.234835
-0.234522
-0.234600
-0.234600
-0.234365
-0.234052
-0.234444
-0.233896
-0.233661
-0.233348
-0.233035
-0.232878
-0.232957
-0.232722
-0.232174
-0.232252
-0.232096
-0.231939
-0.231704
-0.231704
-0.231078
-0.231313
-0.230922
-0.230687
-0.230295
-0.230295
-0.230061
-0.229513
-0.229278
-0.229278
-0.229591
-0.229043
-0.228730
-0.228339
-0.228182
-0.228182
-0.227869
-0.227712
-0.227634
-0.227399
-0.227321
-0.227321
-0.226930
-0.226382
-0.226304
-0.225912
-0.225912
-0.225521
-0.225834
-0.225599
-0.225208
-0.225130
-0.225286
-0.224973
-0.224895
-0.224817
-0.224582
-0.224034
-0.223799
-0.223721
-0.223721
-0.223486
-0.223564
-0.223251
-0.223251
-0.223016
-0.222625
-0.222234
-0.222234
-0.222077
-0.221686
-0.221451
-0.221373
-0.221138
-0.220903
-0.220981
-0.220981
-0.220746
-0.220355
-0.220199
-0.219964
-0.219807
-0.219651
-0.219416
-0.219338
-0.219338
-0.219181
-0.218711
-0.218477
-0.218790
-0.218711
-0.218477
-0.218242
-0.218242
-0.217929
-0.217616
-0.217459
-0.217459
-0.217459
-0.217381
-0.217068
-0.216911
-0.216676
-0.216442
-0.216285
-0.216050
-0.216050
-0.215894
-0.215502
-0.215424
-0.215815
-0.215346
-0.215033
-0.215111
-0.214720
-0.214641
-0.214563
-0.214328
-0.214250
-0.214407
-0.214094
-0.214094
-0.213937
-0.213780
-0.213624
-0.213624
-0.213154
-0.213154
-0.213076
-0.212919
-0.212450
-0.212763
-0.212606
-0.212450
-0.212606
-0.212450
-0.212215
-0.211824
-0.211824
-0.211589
-0.211589
-0.211511
-0.211354
-0.211119
-0.211198
-0.211276
-0.211119
-0.210728
-0.210650
-0.210571
-0.210650
-0.210258
-0.210180
-0.210258
-0.210024
-0.210024
-0.209632
-0.209397
-0.209554
-0.209319
-0.209397
-0.209084
-0.209006
-0.208849
-0.208849
-0.208771
-0.208615
-0.208536
-0.208615
-0.208536
-0.208145
-0.208145
-0.207989
-0.208223
-0.208067
-0.207832
-0.207597
-0.207597
-0.207597
-0.207284
-0.207441
-0.207206
-0.206893
-0.207441
-0.207128
-0.207206
-0.207049
-0.206580
-0.206501
-0.206423
-0.206814
-0.206345
-0.206188
-0.205953
-0.205875
-0.205953
-0.206188
-0.205875
-0.205797
-0.205562
-0.205719
-0.205562
-0.205484
-0.205484
-0.205484
-0.205327
-0.205014
-0.205093
-0.204936
-0.205014
-0.205014
-0.205014
-0.204858
-0.204701
-0.204779
-0.204779
-0.204466
-0.204623
-0.204388
-0.204623
-0.204388
-0.204466
-0.204075
-0.204153
-0.204075
-0.203918
-0.204232
-0.203997
-0.204075
-0.204153
-0.204153
-0.203840
-0.203997
-0.203840
-0.203762
-0.203684
-0.203684
-0.203684
-0.203918
-0.203918
-0.203762
-0.203918
-0.203918
-0.203918
-0.203449
-0.203371
-0.203527
-0.203449
-0.203292
-0.203214
-0.202901
-0.202979
-0.203136
-0.203058
-0.203058
-0.203058
-0.202823
-0.202901
-0.202979
-0.202823
-0.202744
-0.203058
-0.202744
-0.203058
-0.202901
-0.202744
-0.202588
-0.202666
-0.202431
-0.202510
-0.202666
-0.202353
-0.202666
-0.202823
-0.202901
-0.202744
-0.202666
-0.202588
-0.202666
-0.202510
-0.202510
-0.202901
-0.202666
-0.202666
-0.202588
-0.202823
-0.202744
-0.202901
-0.202901
-0.202823
-0.202666
-0.202666
-0.202901
-0.202823
-0.202510
-0.202823
-0.202510
-0.202744
-0.202901
-0.202901
-0.202744
-0.202823
-0.202666
-0.202588
-0.202666
-0.202510
-0.203058
-0.202823
-0.202823
-0.202901
-0.203214
-0.202744
-0.202823
-0.202510
-0.202744
-0.202823
-0.202901
-0.202744
-0.202823
-0.202979
-0.203058
-0.202979
-0.203058
-0.203214
-0.203058
-0.203136
-0.202901
-0.202901
-0.202823
-0.202979
-0.202901
-0.203371
-0.203605
-0.203371
-0.203605
-0.203449
-0.203136
-0.203214
-0.203371
-0.203058
-0.203292
-0.203371
-0.203449
-0.203605
-0.203840
-0.203918
-0.203762
-0.203449
-0.203684
-0.203840
-0.203605
-0.203762
-0.203605
-0.203918
-0.204075
-0.204075
-0.204232
-0.204388
-0.204388
-0.204075
-0.203840
-0.204153
-0.204388
-0.204466
-0.204388
-0.204388
-0.204623
-0.204858
-0.204858
-0.204623
-0.204701
-0.204779
-0.204623
-0.204466
-0.204779
-0.204936
-0.204858
-0.205327
-0.205327
-0.205484
-0.205171
-0.205640
-0.205249
-0.205171
-0.205406
-0.205640
-0.205953
-0.205640
-0.205953
-0.205953
-0.205640
-0.205953
-0.205953
-0.205797
-0.205875
-0.206032
-0.206188
-0.206267
-0.206188
-0.206501
-0.206658
-0.206580
-0.206736
-0.206658
-0.206658
-0.206658
-0.207284
-0.207049
-0.207049
-0.207362
-0.207362
-0.207441
-0.207597
-0.207519
-0.207754
-0.207597
-0.207284
-0.207519
-0.207675
-0.207519
-0.207754
-0.208067
-0.208145
-0.208302
-0.208380
-0.208223
-0.208067
-0.208145
-0.208223
-0.208458
-0.208536
-0.208615
-0.208536
-0.208536
-0.208693
-0.208615
-0.208536
-0.208771
-0.208928
-0.208928
-0.208928
-0.209006
-0.209241
-0.209476
-0.209710
-0.209554
-0.209554
-0.209476
-0.209554
-0.209710
-0.209789
-0.209710
-0.209945
-0.209789
-0.209945
-0.210337
-0.210258
-0.209945
-0.210337
-0.209945
-0.210180
-0.210493
-0.210337
-0.210337
-0.210493
-0.210337
-0.210571
-0.210963
-0.210884
-0.210806
-0.210728
-0.210650
-0.210884
-0.210806
-0.210884
-0.210806
-0.211198
-0.210884
-0.210963
-0.210963
-0.210806
-0.210728
-0.210884
-0.210650
-0.211432
-0.211354
-0.211198
-0.211589
-0.211041
-0.211511
-0.211119
-0.210650
-0.211198
-0.211198
-0.211276
-0.210963
-0.210963
-0.211119
-0.211198
-0.211041
-0.211041
-0.211041
-0.211119
-0.211041
-0.210963
-0.210963
-0.210963
-0.211119
-0.211119
-0.211119
-0.211276
-0.211041
-0.210963
-0.210963
-0.210806
-0.211119
-0.210806
-0.210728
-0.210728
-0.210806
-0.210493
-0.210806
-0.210884
-0.210806
-0.210337
-0.210024
-0.210258
-0.210493
-0.210102
-0.210180
-0.210024
-0.210024
-0.210180
-0.210024
-0.209789
-0.209789
-0.209554
-0.209397
-0.209319
-0.209319
-0.209319
-0.208849
-0.208771
-0.208771
-0.208536
-0.208458
-0.208067
-0.208067
-0.207832
-0.207989
-0.207910
-0.207675
-0.207519
-0.207597
-0.207675
-0.207128
-0.207049
-0.206971
-0.206814
-0.206893
-0.206501
-0.206580
-0.206188
-0.206110
-0.205953
-0.205875
-0.205875
-0.205484
-0.205171
-0.205014
-0.204779
-0.204388
-0.204310
-0.203840
-0.203918
-0.203371
-0.203136
-0.203214
-0.202823
-0.202666
-0.202353
-0.202510
-0.202353
-0.201883
-0.201649
-0.201336
-0.200709
-0.200709
-0.200396
-0.200162
-0.199770
-0.199457
-0.199144
-0.198674
-0.198596
-0.198596
-0.198048
-0.197579
-0.197500
-0.197266
-0.197187
-0.196796
-0.196013
-0.195857
-0.195622
-0.195152
-0.195074
-0.194604
-0.194761
-0.194056
-0.193978
-0.193509
-0.193117
-0.192961
-0.192726
-0.192335
-0.191708
-0.191630
-0.191317
-0.190926
-0.190378
-0.190143
-0.189439
-0.189125
-0.188891
-0.188499
-0.188265
-0.188030
-0.187482
-0.187247
-0.186621
-0.186229
-0.185682
-0.185603
-0.184899
-0.184429
-0.184273
-0.183568
-0.183334
-0.182707
-0.182629
-0.182003
-0.181455
-0.180907
-0.180438
-0.179733
-0.179577
-0.178950
-0.178716
-0.178011
-0.177776
-0.177307
-0.176602
-0.176054
-0.175272
-0.174880
-0.174411
-0.174332
-0.173785
-0.173158
-0.172611
-0.172063
-0.171671
-0.170889
-0.170576
-0.169715
-0.169558
-0.169088
-0.168541
-0.168149
-0.167445
-0.167053
-0.166349
-0.165723
-0.165331
-0.164705
-0.163923
-0.163375
-0.163140
-0.162670
-0.162279
-0.161261
-0.160792
-0.160244
-0.159226
-0.158835
-0.157739
-0.157191
-0.156957
-0.156800
-0.155783
-0.155156
-0.154530
-0.153904
-0.153200
-0.152965
-0.152026
-0.151399
-0.150930
-0.150460
-0.149834
-0.149130
-0.148425
-0.147877
-0.147095
-0.146547
-0.145842
-0.145216
-0.144512
-0.144199
-0.143729
-0.143103
-0.142164
-0.141381
-0.140676
-0.140207
-0.139111
-0.138720
-0.138328
-0.137937
-0.137154
-0.136685
-0.135902
-0.135041
-0.134806
-0.133945
-0.133006
-0.132223
-0.131519
-0.130893
-0.130501
-0.129797
-0.129327
-0.128153
-0.127762
-0.126979
-0.126118
-0.125492
-0.124788
-0.124396
-0.124083
-0.123457
-0.123144
-0.122127
-0.120874
-0.120170
-0.119387
-0.118839
-0.118213
-0.117587
-0.116961
-0.116569
-0.115943
-0.115082
-0.114065
-0.113282
-0.112812
-0.111873
-0.111247
-0.110543
-0.109682
-0.109369
-0.108742
-0.108273
-0.107255
-0.106473
-0.105612
-0.104985
-0.104046
-0.103420
-0.103107
-0.102481
-0.102011
-0.101229
-0.100289
-0.099428
-0.098489
-0.097941
-0.097237
-0.096767
-0.095984
-0.095515
-0.094889
-0.094341
-0.093715
-0.092619
-0.091680
-0.091210
-0.090584
-0.089723
-0.089018
-0.088314
-0.087923
-0.087375
-0.086670
-0.085418
-0.084087
-0.083853
-0.083070
-0.082287
-0.081661
-0.081191
-0.080487
-0.079626
-0.079156
-0.078061
-0.077121
-0.076495
-0.075791
-0.075086
-0.074225
-0.073678
-0.073130
-0.072582
-0.072034
-0.071173
-0.069764
-0.069138
-0.068747
-0.067886
-0.067416
-0.066790
-0.066242
-0.065694
-0.064990
-0.064285
-0.062876
-0.062328
-0.061702
-0.060998
-0.059746
-0.059432
-0.058728
-0.058337
-0.057632
-0.057476
-0.055989
-0.054971
-0.054501
-0.053875
-0.053327
-0.052545
-0.052075
-0.051371
-0.050979
-0.050353
-0.049336
-0.048083
-0.047457
-0.047144
-0.046596
-0.045422
-0.044874
-0.044483
-0.044013
-0.043544
-0.042448
-0.041430
-0.040491
-0.039787
-0.039239
-0.038221
-0.037673
-0.037282
-0.036578
-0.035795
-0.035325
-0.033682
-0.033134
-0.032664
-0.031647
-0.031020
-0.030238
-0.029925
-0.029299
-0.028907
-0.027655
-0.026794
-0.026324
-0.025620
-0.025150
-0.024524
-0.023741
-0.023037
-0.022646
-0.022254
-0.021237
-0.020454
-0.019515
-0.018810
-0.018184
-0.017245
-0.016697
-0.016149
-0.015836
-0.015210
-0.014192
-0.013175
-0.012314
-0.011844
-0.011375
-0.011062
-0.010279
-0.009496
-0.008792
-0.008557
-0.007774
-0.006600
-0.005896
-0.005191
-0.004957
-0.004330
-0.003626
-0.003313
-0.002687
-0.002217
-0.001513
-0.000495
0.000053
0.000679
0.001227
0.001540
0.002088
0.002792
0.003418
0.003575
0.004436
0.005218
0.006236
0.006784
0.006940
0.007723
0.008349
0.009054
0.009523
0.009915
0.010619
0.011637
0.012263
0.012811
0.013202
0.014219
0.015002
0.015080
0.016020
0.016411
0.017115
0.017898
0.018916
0.019307
0.020090
0.020403
0.021185
0.021655
0.022281
0.022986
0.023612
0.023925
0.025021
0.025647
0.026195
0.026586
0.027056
0.027604
0.028465
0.028778
0.029482
0.030030
0.031047
0.031752
0.032143
0.032535
0.033082
0.033865
0.034491
0.034961
0.035431
0.036135
0.036761
0.037544
0.037857
0.038327
0.039188
0.039735
0.040283
0.041301
0.041536
0.042318
0.043179
0.043492
0.044040
0.044510
0.044745
0.045527
0.046075
0.046780
0.047171
0.047875
0.048658
0.049128
0.049754
0.050693
0.050693
0.051398
0.051711
0.052415
0.053276
0.053667
0.054607
0.054920
0.055468
0.056016
0.056485
0.056720
0.057268
0.057972
0.058911
0.059459
0.060086
0.060947
0.061260
0.061651
0.061964
0.062590
0.063216
0.063842
0.064390
0.064860
0.065408
0.066034
0.066738
0.067130
0.067678
0.068147
0.068852
0.069478
0.069791
0.070574
0.071200
0.071669
0.072374
0.072687
0.073235
0.073626
0.074252
0.074800
0.075505
0.076287
0.076835
0.077305
0.077853
0.078166
0.078714
0.079496
0.079966
0.080436
0.081375
0.081610
0.082314
0.082627
0.083332
0.083880
0.084036
0.084427
0.085132
0.085758
0.086149
0.086932
0.087167
0.087715
0.088654
0.088889
0.088967
0.089750
0.090298
0.091080
0.091472
0.092098
0.092646
0.093037
0.093428
0.093976
0.094446
0.094837
0.095698
0.096011
0.096638
0.097185
0.097733
0.098359
0.098594
0.099299
0.099220
0.099377
0.100316
0.100864
0.101803
0.102273
0.102508
0.102899
0.103525
0.103838
0.104308
0.104778
0.105169
0.105952
0.106421
0.106891
0.107360
0.107987
0.108378
0.108848
0.109317
0.109943
0.110335
0.110883
0.111274
0.111822
0.112526
0.112996
0.113779
0.113857
0.114092
0.115031
0.115501
0.115970
0.116675
0.116831
0.117457
0.117849
0.118083
0.118631
0.118944
0.119492
0.120040
0.120745
0.121136
0.121840
0.122153
0.122780
0.123406
0.123484
0.123797
0.124580
0.125284
0.125597
0.126224
0.126380
0.126850
0.127398
0.127554
0.128102
0.128337
0.128806
0.129589
0.130215
0.130685
0.131233
0.131389
0.131781
0.132250
0.132407
0.132720
0.133424
0.134129
0.134364
0.134677
0.135459
0.135772
0.136086
0.136555
0.137025
0.137181
0.137651
0.138434
0.138825
0.139138
0.139921
0.140077
0.140938
0.141173
0.141721
0.141956
0.142504
0.143443
0.143991
0.144147
0.144617
0.145087
0.145634
0.145556
0.146261
0.146574
0.147200
0.147983
0.148139
0.148530
0.148843
0.149861
0.149783
0.150174
0.150331
0.150879
0.151661
0.151974
0.152522
0.152992
0.153305
0.153696
0.153931
0.154557
0.154949
0.155340
0.155575
0.156279
0.156749
0.157375
0.157766
0.158079
0.158236
0.158862
0.159097
0.159566
0.159880
0.160662
0.161445
0.161836
0.162149
0.162541
0.162776
0.163558
0.163871
0.164263
0.164732
0.165593
0.165593
0.166063
0.166298
0.167002
0.167315
0.167393
0.167707
0.168333
0.168802
0.169272
0.169507
0.170133
0.170837
0.171385
0.171385
0.171698
0.172246
0.172716
0.173107
0.173655
0.174203
0.174203
0.174829
0.175142
0.175768
0.176081
0.176629
0.177021
0.177725
0.178116
0.178508
0.178977
0.179369
0.179447
0.180151
0.180543
0.180856
0.181482
0.182030
0.182265
0.182656
0.182969
0.183126
0.183908
0.183987
0.184691
0.185239
0.185395
0.185943
0.186335
0.186413
0.186961
0.187509
0.187744
0.187900
0.188683
0.188996
0.189700
0.189857
0.190170
0.190405
0.190874
0.191501
0.191970
0.192048
0.192440
0.192831
0.193379
0.193770
0.193927
0.194318
0.195101
0.195571
0.195962
0.196118
0.196510
0.196823
0.197527
0.197762
0.198075
0.198623
0.199093
0.199328
0.200267
0.200188
0.200658
0.201597
0.201754
0.202067
0.202537
0.203319
0.203554
0.204024
0.204415
0.204728
0.205119
0.205746
0.206059
0.206450
0.206607
0.206763
0.207311
0.207389
0.208094
0.208407
0.208720
0.209424
0.209737
0.209894
0.210520
0.210520
0.211381
0.211538
0.212085
0.212320
0.212868
0.213181
0.213494
0.213964
0.214199
0.214747
0.214903
0.215529
0.215842
0.215999
0.216390
0.216782
0.217486
0.217486
0.217799
0.217956
0.218504
0.219286
0.219678
0.219991
0.220539
0.220852
0.221165
0.221556
0.221947
0.222339
0.222730
0.223200
0.223748
0.224061
0.224609
0.224843
0.225235
0.225470
0.225861
0.226252
0.226565
0.227192
0.227270
0.227896
0.228209
0.228913
0.229070
0.229305
0.229774
0.230322
0.231105
0.230949
0.231575
0.231731
0.232279
0.232592
0.232670
0.233218
0.233766
0.234079
0.234314
0.234705
0.235019
0.235332
0.235801
0.235801
0.236349
0.236271
0.236975
0.237601
0.237680
0.238228
0.238541
0.239010
0.239323
0.239793
0.240419
0.240576
0.241124
0.241671
0.242141
0.242454
0.242219
0.242924
0.243080
0.243472
0.243472
0.244254
0.244959
0.244959
0.245663
0.245976
0.246211
0.246602
0.247072
0.247385
0.247385
0.248168
0.248481
0.248951
0.249264
0.249577
0.249968
0.250203
0.250829
0.251064
0.251220
0.251690
0.252316
0.252473
0.252786
0.253177
0.253334
0.253490
0.254195
0.254429
0.254899
0.255525
0.255838
0.256230
0.256386
0.256621
0.257091
0.257482
0.257639
0.257795
0.258578
0.258969
0.259439
0.259674
0.260065
0.260456
0.260691
0.260848
0.261317
0.261787
0.262256
0.262804
0.263274
0.263274
0.263665
0.264135
0.264448
0.264526
0.265074
0.265622
0.265700
0.266405
0.266483
0.266796
0.267422
0.267657
0.267657
0.268361
0.268909
0.269144
0.269614
0.269849
0.269927
0.270553
0.270944
0.271179
0.271414
0.271571
0.271962
0.272510
0.273058
0.273684
0.273684
0.273997
0.274153
0.274467
0.274780
0.275327
0.275562
0.276188
0.276188
0.276580
0.276736
0.277284
0.277597
0.277519
0.277910
0.278223
0.278771
0.279398
0.279554
0.279945
0.280885
0.280963
0.281276
0.281824
0.282059
0.282450
0.282841
0.283233
0.283624
0.283781
0.284250
0.284563
0.284955
0.285189
0.285659
0.285894
0.286598
0.286911
0.287224
0.288007
0.288242
0.288399
0.288633
0.289025
0.289651
0.290277
0.290199
0.290668
0.291060
0.291295
0.291529
0.291842
0.292234
0.292625
0.293016
0.293408
0.293564
0.294582
0.294738
0.294973
0.295051
0.295599
0.295912
0.296226
0.296773
0.297243
0.297400
0.297713
0.298182
0.298574
0.298808
0.298887
0.299278
0.299513
0.300217
0.300922
0.301157
0.301704
0.302252
0.302252
0.302722
0.302800
0.303192
0.303661
0.304209
0.304366
0.304835
0.305227
0.305305
0.305305
0.305696
0.306244
0.306635
0.306870
0.307183
0.307575
0.307731
0.308357
0.308749
0.308436
0.309062
0.309297
0.310079
0.310392
0.310705
0.310705
0.311332
0.311801
0.312114
0.312427
0.312897
0.313054
0.313445
0.313758
0.314071
0.314384
0.314697
0.315010
0.315402
0.315715
0.316419
0.316732
0.316732
0.316967
0.317280
0.317671
0.318063
0.318298
0.318611
0.319080
0.319237
0.319863
0.320333
0.320333
0.321115
0.321350
0.321898
0.321820
0.322368
0.322759
0.322916
0.323385
0.323855
0.324246
0.324324
0.324559
0.324951
0.325185
0.325264
0.325733
0.326125
0.326438
0.326516
0.327064
0.327064
0.327533
0.327690
0.328081
0.328081
0.328707
0.329021
0.329412
0.329882
0.330116
0.330351
0.330742
0.331212
0.331447
0.331838
0.332073
0.332543
0.332621
0.332856
0.333169
0.333638
0.334265
0.334108
0.334813
0.334813
0.335204
0.335439
0.335595
0.336143
0.336456
0.336769
0.337004
0.337161
0.337630
0.337865
0.338100
0.338491
0.338883
0.339117
0.339587
0.340057
0.340291
0.340448
0.341074
0.341309
0.341700
0.342013
0.342326
0.342561
0.343031
0.343187
0.343500
0.343970
0.344518
0.344361
0.344988
0.345144
0.345301
0.345849
0.346240
0.346631
0.346866
0.347179
0.347492
0.347884
0.347884
0.348275
0.348588
0.349292
0.349449
0.349371
0.349527
0.350153
0.350310
0.350701
0.351093
0.351406
0.351954
0.352345
0.352423
0.352815
0.352815
0.353128
0.353597
0.353832
0.354223
0.354537
0.354850
0.354928
0.355397
0.355554
0.356258
0.356806
0.356806
0.357198
0.357432
0.357902
0.358059
0.357902
0.358763
0.358920
0.359154
0.359154
0.359781
0.360172
0.360876
0.361268
0.361737
0.361972
0.362285
0.362755
0.362990
0.363068
0.363616
0.363929
0.364320
0.364477
0.364946
0.365338
0.365729
0.365964
0.366042
0.366199
0.366512
0.367373
0.367216
0.367686
0.368077
0.368469
0.368782
0.369016
0.369251
0.369564
0.370034
0.370504
0.370973
0.371130
0.371443
0.372225
0.372147
0.372617
0.372930
0.373165
0.373086
0.373869
0.374260
0.374495
0.374808
0.375200
0.375200
0.375748
0.376296
0.376687
0.376765
0.376922
0.377391
0.377861
0.378252
0.378487
0.378487
0.378722
0.379191
0.379426
0.379583
0.380366
0.380444
0.380913
0.381227
0.381383
0.381931
0.382322
0.382401
0.383105
0.383418
0.383653
0.383888
0.384279
0.384279
0.384670
0.385218
0.385531
0.386236
0.386314
0.386392
0.386784
0.387410
0.387645
0.387879
0.388349
0.388662
0.388975
0.389210
0.389680
0.390228
0.390149
0.390462
0.390854
0.390932
0.391167
0.391793
0.391949
0.392341
0.392497
0.392810
0.393202
0.393750
0.393906
0.393906
0.394376
0.394298
0.394845
0.395393
0.395550
0.395941
0.396019
0.396802
0.396802
0.397272
0.397585
0.397976
0.397820
0.398602
0.398759
0.399229
0.399150
0.399620
0.399620
0.400168
0.400481
0.401029
0.401420
0.401968
0.402046
0.402125
0.402125
0.403064
0.402986
0.403455
0.403690
0.404316
0.404394
0.404629
0.404786
0.404707
0.405490
0.405803
0.406195
0.406508
0.406977
0.406899
0.407290
0.407760
0.408308
0.408621
0.408543
0.409012
0.409169
0.409404
0.409795
0.410186
0.410499
0.410969
0.410812
0.411047
0.411595
0.411595
0.412221
0.412534
0.412613
0.413004
0.413395
0.413630
0.413943
0.414022
0.414256
0.414648
0.414961
0.415430
0.415665
0.415900
0.415978
0.416526
0.416683
0.416996
0.417387
0.417465
0.418013
0.418248
0.418483
0.418796
0.419187
0.419187
0.419344
0.419579
0.420048
0.420361
0.420518
0.421222
0.421222
0.421614
0.422083
0.422318
0.422240
0.422396
0.422944
0.423336
0.423727
0.424118
0.424353
0.424745
0.425058
0.425292
0.425684
0.425840
0.426232
0.426780
0.427093
0.427014
0.427093
0.427484
0.427640
0.427797
0.428110
0.428501
0.428736
0.429049
0.429676
0.429754
0.430067
0.430145
0.430615
0.430771
0.431006
0.431632
0.431789
0.432180
0.432806
0.432963
0.432806
0.433276
0.433667
0.433667
0.433980
0.434372
0.434920
0.435233
0.435467
0.435937
0.435781
0.436172
0.436328
0.436798
0.436876
0.437581
0.437816
0.438129
0.438129
0.438833
0.438990
0.439146
0.439538
0.440007
0.440477
0.440790
0.441103
0.441651
0.441807
0.441729
0.442120
0.442433
0.442668
0.443060
0.443294
0.443529
0.443842
0.444234
0.444547
0.444782
0.445251
0.445251
0.445877
0.446269
0.446504
0.446895
0.447208
0.447364
0.447678
0.447991
0.448147
0.448773
0.449008
0.449008
0.449556
0.449478
0.450026
0.450104
0.450417
0.450574
0.450808
0.451591
0.451982
0.452374
0.452139
0.452374
0.452765
0.453078
0.453470
0.453861
0.454174
0.454644
0.454878
0.455113
0.455348
0.455583
0.455896
0.456052
0.456679
0.456913
0.457226
0.457540
0.457931
0.458166
0.458635
0.458792
0.458792
0.459027
0.459418
0.460122
0.460201
0.460827
0.461062
0.461218
0.460983
0.461453
0.461688
0.462001
0.462471
0.462862
0.463410
0.463566
0.463801
0.464192
0.464584
0.464740
0.465053
0.465367
0.465758
0.466306
0.466462
0.466462
0.466462
0.467167
0.467402
0.467715
0.467871
0.468576
0.468810
0.469045
0.469358
0.469280
0.469437
0.469750
0.470219
0.470532
0.470767
0.471080
0.471863
0.472019
0.472333
0.472333
0.472489
0.473037
0.473194
0.473350
0.473507
0.473820
0.474602
0.474759
0.474681
0.475072
0.475542
0.475776
0.476246
0.476246
0.476481
0.476637
0.477029
0.477185
0.477420
0.477890
0.478438
0.478594
0.478907
0.479299
0.479455
0.479846
0.479846
0.480238
0.480629
0.480942
0.481334
0.481881
0.481960
0.482351
0.482664
0.482899
0.483212
0.483447
0.483760
0.484073
0.484151
0.484464
0.484621
0.484934
0.485325
0.485247
0.485795
0.485951
0.486265
0.486499
0.486499
0.487282
0.487595
0.487673
0.488065
0.488143
0.488534
0.488613
0.489161
0.489317
0.489552
0.490022
0.490100
0.490178
0.490491
0.490804
0.490804
0.491117
0.491196
0.491900
0.492213
0.492448
0.492604
0.492526
0.493152
0.493387
0.493622
0.493700
0.494013
0.494639
0.494796
0.495031
0.495266
0.495187
0.495266
0.495813
0.496127
0.496831
0.496909
0.497457
0.497457
0.497770
0.498240
0.498475
0.498788
0.498631
0.499179
0.499023
0.499414
0.499884
0.500118
0.500744
0.501214
0.501449
0.501449
0.501840
0.502153
0.502623
0.502623
0.502779
0.503093
0.503249
0.503406
0.503797
0.503954
0.504267
0.504423
0.505049
0.505441
0.505519
0.505910
0.505989
0.505989
0.506536
0.507084
0.507241
0.507163
0.507789
0.507867
0.508415
0.508415
0.508963
0.508963
0.509354
0.509902
0.510372
0.510606
0.511076
0.510998
0.511702
0.511781
0.512328
0.512328
0.512641
0.512720
0.513424
0.513737
0.514129
0.514129
0.514442
0.514285
0.514677
0.515224
0.515616
0.515772
0.516164
0.516320
0.516164
0.516555
0.516868
0.517181
0.517494
0.518120
0.518512
0.518433
0.518825
0.519216
0.519373
0.519451
0.519686
0.520312
0.520547
0.520938
0.521251
0.521251
0.522034
0.522269
0.522503
0.522660
0.522973
0.523599
0.523834
0.524069
0.524538
0.524930
0.524930
0.525008
0.525086
0.525478
0.525713
0.526260
0.526808
0.527200
0.527278
0.527748
0.527904
0.528061
0.528452
0.528452
0.529156
0.529391
0.529704
0.529704
0.530174
0.530487
0.530644
0.530800
0.531191
0.531896
0.532287
0.532287
0.532679
0.532992
0.533148
0.533070
0.533540
0.533853
0.534244
0.534635
0.535027
0.535418
0.535653
0.536122
0.536044
0.536592
0.537140
0.537453
0.537766
0.537844
0.538157
0.538079
0.538392
0.538705
0.538705
0.539488
0.539566
0.540114
0.540192
0.540506
0.540740
0.541288
0.541523
0.541445
0.542071
0.542227
0.542697
0.543010
0.543636
0.543480
0.544184
0.544106
0.544419
0.544497
0.544810
0.544967
0.545280
0.545437
0.545906
0.546532
0.546845
0.546845
0.547158
0.547550
0.547785
0.548333
0.548411
0.548646
0.549272
0.549350
0.549507
0.549741
0.549741
0.550681
0.550759
0.550915
0.551463
0.551855
0.551776
0.552168
0.552324
0.552794
0.553029
0.553420
0.553420
0.553890
0.554046
0.554281
0.554672
0.554751
0.555064
0.555612
0.556081
0.556003
0.556238
0.556786
0.557020
0.557334
0.557334
0.557960
0.558116
0.557960
0.558195
0.558742
0.558899
0.559055
0.559290
0.559603
0.559916
0.560386
0.560543
0.560934
0.560934
0.561560
0.561717
0.561951
0.562108
0.562421
0.562734
0.563047
0.563517
0.563673
0.564065
0.564143
0.564378
0.564769
0.564926
0.565317
0.565630
0.566021
0.565943
0.566256
0.566569
0.566648
0.566961
0.567196
0.567665
0.567822
0.567900
0.568370
0.568526
0.568761
0.569152
0.569152
0.569387
0.569700
0.569857
0.570248
0.570561
0.571031
0.571109
0.571266
0.571657
0.571657
0.572283
0.572596
0.572674
0.572909
0.572987
0.573379
0.573535
0.573770
0.574083
0.574162
0.574553
0.574553
0.574866
0.575492
0.576040
0.576118
0.576040
0.576353
0.576901
0.577136
0.577371
0.577605
0.577997
0.578153
0.578623
0.578858
0.578936
0.578936
0.579562
0.579797
0.579954
0.580267
0.580971
0.581049
0.581362
0.581284
0.581675
0.582067
0.582145
0.582693
0.583163
0.583397
0.583632
0.583867
0.584102
0.584180
0.584415
0.584728
0.584963
0.585432
0.585745
0.585980
0.586215
0.586293
0.586763
0.586528
0.586841
0.587311
0.587311
0.587859
0.588485
0.588407
0.588876
0.588798
0.589502
0.589189
0.589581
0.589972
0.590520
0.590520
0.590990
0.591381
0.591616
0.591851
0.591929
0.592398
0.592398
0.592946
0.593025
0.593259
0.593494
0.593729
0.594042
0.593964
0.594512
0.594825
0.595138
0.595451
0.595529
0.595921
0.596390
0.596390
0.596390
0.596703
0.597095
0.597721
0.598269
0.598190
0.598738
0.598895
0.599051
0.599364
0.599521
0.599991
0.600304
0.600773
0.600930
0.601321
0.601791
0.601713
0.602182
0.602182
0.602495
0.602887
0.603200
0.603748
0.603904
0.604687
0.604765
0.604765
0.604922
0.605391
0.605861
0.606017
0.606487
0.606644
0.606800
0.606878
0.607113
0.607191
0.607348
0.607818
0.608365
0.608522
0.608757
0.609070
0.609148
0.609226
0.609383
0.609931
0.610322
0.610870
0.611105
0.611731
0.611653
0.611888
0.612122
0.612044
0.612749
0.612827
0.613375
0.613610
0.614079
0.614001
0.614392
0.614470
0.614627
0.614784
0.615331
0.615801
0.615723
0.616114
0.616349
0.616662
0.616584
0.616662
0.616975
0.617366
0.617758
0.617914
0.617993
0.618854
0.618697
0.618697
0.619245
0.619323
0.619636
0.620262
0.620106
0.620262
0.620810
0.620810
0.621358
0.621202
0.621358
0.621984
0.622532
0.622532
0.622767
0.623080
0.623080
0.623472
0.623628
0.623863
0.624176
0.624802
0.624802
0.625037
0.625115
0.625663
0.625898
0.625663
0.626054
0.626367
0.626915
0.626994
0.627228
0.627385
0.627463
0.627698
0.627855
0.628089
0.628559
0.629029
0.629107
0.629342
0.629420
0.629655
0.629890
0.629811
0.630516
0.630985
0.631377
0.631690
0.631925
0.632238
0.632394
0.632551
0.632786
0.632707
0.633334
0.633568
0.633803
0.634116
0.634273
0.634429
0.634899
0.634821
0.635134
0.635525
0.635916
0.635916
0.636229
0.636308
0.636464
0.636777
0.637012
0.637169
0.637404
0.638108
0.638265
0.638265
0.638578
0.638734
0.638656
0.638812
0.639439
0.639986
0.639830
0.640143
0.640691
0.640691
0.641082
0.641004
0.641708
0.641865
0.642100
0.642569
0.642648
0.643274
0.643196
0.643430
0.643352
0.643900
0.643900
0.644526
0.644604
0.644917
0.645152
0.645387
0.645387
0.645857
0.646013
0.646561
0.646561
0.646796
0.647187
0.647422
0.647813
0.648127
0.648440
0.648831
0.648831
0.649144
0.649222
0.649614
0.649927
0.650083
0.650475
0.650709
0.651022
0.651179
0.651414
0.651883
0.652118
0.652510
0.652823
0.652979
0.653292
0.653292
0.653527
0.653918
0.654232
0.654153
0.654701
0.654858
0.655014
0.655014
0.655719
0.655719
0.655953
0.656345
0.656580
0.657128
0.657284
0.657754
0.657988
0.658458
0.658536
0.658771
0.659084
0.659163
0.659632
0.660102
0.660337
0.660806
0.661119
0.661119
0.661276
0.661198
0.661667
0.662137
0.662372
0.663233
0.662998
0.663311
0.663624
0.664015
0.664015
0.664172
0.664876
0.664798
0.665189
0.665894
0.666207
0.666442
0.666755
0.666833
0.667068
0.667459
0.668085
0.668242
0.668555
0.668868
0.669025
0.669103
0.668868
0.669259
0.669729
0.670512
0.670590
0.671060
0.671060
0.671451
0.671764
0.671842
0.672390
0.672625
0.673173
0.673642
0.673564
0.673799
0.674190
0.674347
0.674503
0.675051
0.675443
0.675521
0.675991
0.676069
0.676304
0.676538
0.676617
0.676852
0.677478
0.677712
0.678339
0.678730
0.678730
0.679278
0.679356
0.679747
0.680139
0.680061
0.680687
0.681078
0.681235
0.682096
0.682017
0.682330
0.682409
0.682643
0.682722
0.683896
0.683974
0.683896
0.684287
0.684600
0.684835
0.685226
0.685383
0.685383
0.686400
0.686635
0.687183
0.687261
0.687496
0.687418
0.687653
0.687966
0.688122
0.688905
0.688983
0.689375
0.689766
0.689766
0.689766
0.689609
0.690236
0.690627
0.691331
0.691331
0.691723
0.691958
0.692192
0.692427
0.692584
0.692975
0.693601
0.694227
0.694619
0.694384
0.694775
0.694775
0.695323
0.695636
0.695871
0.696576
0.696889
0.697123
0.697358
0.697671
0.697436
0.697750
0.697828
0.698219
0.698845
0.699002
0.699471
0.699550
0.700019
0.700489
0.700724
0.700646
0.701741
0.702133
0.702289
0.702524
0.702681
0.702837
0.703228
0.703542
0.703776
0.704559
0.704716
0.704872
0.705107
0.705185
0.705577
0.705498
0.705890
0.706516
0.706907
0.707220
0.707455
0.707455
0.707768
0.707925
0.708238
0.708864
0.709177
0.709725
0.710116
0.710116
0.710508
0.710508
0.710664
0.710899
0.710664
0.710742
0.711134
0.711055
0.711212
0.710821
0.710977
0.710899
0.710586
0.710508
0.710508
0.710429
0.710273
0.710273
0.710038
0.709490
0.709255
0.709255
0.708786
0.708551
0.708473
0.708159
0.707455
0.707377
0.707377
0.707064
0.706516
0.706281
0.705890
0.705890
0.705420
0.705107
0.704794
0.704637
0.704402
0.704246
0.704011
0.703542
0.703307
0.702759
0.702681
0.702446
0.702211
0.701507
0.701428
0.700646
0.700489
0.700019
0.699706
0.699628
0.699237
0.698767
0.698611
0.698297
0.697906
0.697671
0.697280
0.696810
0.696889
0.696341
0.696106
0.695636
0.695480
0.695088
0.694697
0.694775
0.694227
0.693601
0.693132
0.692897
0.692271
0.692114
0.691801
0.691723
0.691566
0.691097
0.690940
0.690392
0.690392
0.690079
0.689688
0.689375
0.689140
0.688670
0.688279
0.687574
0.687261
0.687105
0.686714
0.686244
0.686009
0.685539
0.685461
0.685070
0.684757
0.684678
0.684365
0.683974
0.683896
0.683191
0.683035
0.682017
0.681391
0.680922
0.680687
0.680687
0.680295
0.679904
0.679591
0.679434
0.679121
0.678887
0.678573
0.678260
0.677556
0.676852
0.676695
0.676538
0.675991
0.675599
0.675443
0.675208
0.675130
0.674973
0.674269
0.674034
0.674034
0.673486
0.673329
0.672468
0.672155
0.671842
0.671373
0.671138
0.670903
0.670512
0.670590
0.670277
0.669729
0.669494
0.669259
0.669025
0.668242
0.667772
0.667537
0.667068
0.666676
0.666442
0.666363
0.666050
0.665972
0.665581
0.665346
0.664876
0.665111
0.664485
0.663937
0.663311
0.662998
0.662606
0.662528
0.662215
0.661902
0.661980
0.661511
0.661276
0.660963
0.660493
0.660337
0.659789
0.659241
0.658615
0.658693
0.658458
0.657988
0.657910
0.657910
0.657441
0.657128
0.656423
0.656267
0.655719
0.654936
0.654779
0.654623
0.654232
0.653997
0.653918
0.653449
0.653292
0.652979
0.652666
0.652118
0.651805
0.651022
0.650631
0.650162
0.650005
0.649692
0.649692
0.649535
0.649301
0.648987
0.648753
0.648440
0.647892
0.647500
0.646874
0.646718
0.646405
0.646091
0.646013
0.645700
0.645465
0.645074
0.644604
0.644761
0.644213
0.643822
0.643274
0.642804
0.642491
0.642178
0.641708
0.641787
0.641474
0.640926
0.640769
0.640378
0.639986
0.639439
0.639125
0.638656
0.638421
0.637951
0.637951
0.637482
0.637247
0.637404
0.637012
0.636386
0.635916
0.635603
0.634977
0.634899
0.634742
0.634429
0.634508
0.634038
0.633568
0.633099
0.632707
0.632394
0.631690
0.631377
0.631142
0.630985
0.630751
0.630359
0.630281
0.629655
0.629420
0.629107
0.628794
0.628168
0.627776
0.627698
0.627542
0.627307
0.626915
0.626524
0.626289
0.625741
0.625507
0.625350
0.624489
0.624411
0.623785
0.623472
0.623472
0.623080
0.622689
0.622219
0.621984
0.622063
0.621515
0.621123
0.620497
0.620341
0.620028
0.619715
0.619323
0.619167
0.619167
0.618541
0.618071
0.617680
0.617210
0.617132
0.616427
0.616506
0.616192
0.615958
0.615645
0.615253
0.615018
0.614784
0.614314
0.613923
0.613610
0.613610
0.613140
0.613140
0.612749
0.612201
0.611653
0.611966
0.611261
0.610870
0.610400
0.609696
0.609383
0.609461
0.609148
0.608835
0.608444
0.608209
0.608131
0.607974
0.607504
0.607426
0.606722
0.606644
0.606487
0.605939
0.605626
0.605391
0.605078
0.604843
0.604295
0.603904
0.603278
0.603356
0.602887
0.602887
0.602260
0.601947
0.601791
0.601321
0.601165
0.600773
0.600460
0.599677
0.599599
0.599599
0.599286
0.598973
0.598582
0.598425
0.598112
0.597956
0.597564
0.597486
0.596860
0.595999
0.596155
0.595842
0.595529
0.595294
0.594981
0.594512
0.594590
0.594120
0.593807
0.593259
0.593259
0.593025
0.592242
0.592164
0.592085
0.591616
0.591146
0.591303
0.590676
0.590598
0.590050
0.589894
0.589424
0.589111
0.588641
0.588720
0.588407
0.588015
0.587859
0.587624
0.587154
0.587076
0.586763
0.586293
0.585980
0.585980
0.585354
0.585276
0.584963
0.584806
0.584493
0.584258
0.583867
0.583397
0.582849
0.582771
0.582849
0.582615
0.582380
0.582145
0.581362
0.581441
0.581049
0.580423
0.580032
0.579875
0.579797
0.579562
0.579093
0.578701
0.578858
0.578623
0.577997
0.577684
0.577214
0.576823
0.576979
0.576431
0.576275
0.575649
0.575649
0.575257
0.575023
0.574553
0.574240
0.574318
0.573927
0.573692
0.573614
0.573614
0.573222
0.572831
0.572674
0.571970
0.571813
0.571422
0.571266
0.571266
0.570796
0.570405
0.570405
0.570013
0.569778
0.569387
0.569152
0.568761
0.568683
0.568448
0.568057
0.567822
0.567509
0.567274
0.566961
0.566569
0.565943
0.566100
0.565630
0.565630
0.565395
0.565082
0.564926
0.564613
0.564534
0.563986
0.563517
0.563595
0.563047
0.562734
0.562656
0.562343
0.562108
0.561638
0.561560
0.561012
0.560230
0.559916
0.559603
0.559682
0.558977
0.559055
0.558821
0.558429
0.558195
0.557647
0.557099
0.556942
0.556864
0.556629
0.556159
0.555768
0.555533
0.555455
0.555064
0.554516
0.554046
0.554046
0.553890
0.553733
0.553264
0.552872
0.552950
0.552559
0.552246
0.551776
0.551385
0.550837
0.550759
0.550524
0.550368
0.549976
0.549428
0.549272
0.548802
0.548411
0.548176
0.548019
0.547550
0.547550
0.547237
0.546845
0.546767
0.546376
0.546297
0.545437
0.545358
0.544889
0.544732
0.544497
0.544184
0.543949
0.544028
0.543558
0.543088
0.542462
0.542071
0.541914
0.541445
0.541288
0.541132
0.540506
0.540427
0.540506
0.539645
0.538940
0.538862
0.538549
0.538236
0.538001
0.537923
0.537844
0.537453
0.536983
0.536514
0.536044
0.536044
0.535575
0.535340
0.535027
0.534948
0.534557
0.534322
0.533774
0.533305
0.532913
0.532992
0.532444
0.532209
0.532365
0.531896
0.531348
0.531113
0.530722
0.530565
0.530330
0.530017
0.529548
0.529156
0.529000
0.528765
0.528452
0.527826
0.527982
0.527513
0.527043
0.526730
0.526182
0.526339
0.525947
0.525713
0.525556
0.525321
0.524460
0.524225
0.523834
0.523208
0.523286
0.522817
0.522817
0.522582
0.522190
0.521721
0.521095
0.520547
0.520312
0.519999
0.519842
0.519608
0.519216
0.518825
0.518668
0.518433
0.518120
0.517807
0.517416
0.517181
0.516712
0.516555
0.516242
0.516164
0.515616
0.515459
0.515068
0.514755
0.514442
0.514129
0.513972
0.513737
0.513424
0.512798
0.512641
0.512485
0.512407
0.511702
0.510998
0.511546
0.510998
0.510685
0.510293
0.510059
0.509354
0.509276
0.509041
0.508650
0.508415
0.508102
0.507554
0.507710
0.507397
0.506615
0.506615
0.506145
0.505910
0.505362
0.505206
0.504893
0.504736
0.504423
0.504501
0.504032
0.503562
0.503562
0.502936
0.502545
0.502310
0.502310
0.501684
0.501371
0.501136
0.500823
0.500744
0.500353
0.500040
0.499492
0.499257
0.499101
0.498788
0.498240
0.498162
0.498005
0.497770
0.497457
0.496988
0.496674
0.496596
0.496361
0.496048
0.495735
0.495266
0.495344
0.495031
0.494718
0.494092
0.493857
0.493935
0.493465
0.493231
0.492918
0.492526
0.492135
0.491822
0.491196
0.491274
0.491196
0.491039
0.490256
0.489943
0.489552
0.489239
0.489395
0.489082
0.488534
0.488456
0.488143
0.487517
0.487282
0.487047
0.486891
0.486343
0.486421
0.485951
0.485717
0.485325
0.484856
0.484621
0.484151
0.483916
0.483916
0.483603
0.483290
0.482664
0.482586
0.482664
0.482116
0.481647
0.481412
0.481099
0.480864
0.480942
0.480238
0.480160
0.479690
0.479299
0.479064
0.478516
0.478281
0.478046
0.477498
0.477420
0.476872
0.476716
0.476637
0.476168
0.475776
0.475463
0.475072
0.474681
0.474681
0.474368
0.474211
0.473898
0.473585
0.472959
0.472646
0.472333
0.472333
0.472019
0.471706
0.471315
0.471002
0.470767
0.470063
0.469750
0.469437
0.468889
0.468732
0.468576
0.468106
0.467871
0.467793
0.467245
0.467245
0.466854
0.466619
0.465993
0.465445
0.465445
0.465445
0.464897
0.464584
0.464506
0.464114
0.463645
0.463253
0.462862
0.462549
0.462392
0.461766
0.461375
0.461062
0.460827
0.460436
0.460044
0.459575
0.459418
0.459261
0.458870
0.458401
0.458244
0.457853
0.457696
0.457226
0.456992
0.456444
0.455974
0.456052
0.455818
0.455426
0.455113
0.454722
0.454487
0.453939
0.453548
0.453391
0.453000
0.452687
0.452374
0.452295
0.451826
0.451356
0.451121
0.450808
0.450339
0.450026
0.449713
0.449321
0.449086
0.448852
0.448382
0.447991
0.447834
0.447364
0.446973
0.446817
0.446817
0.446582
0.446112
0.445486
0.444938
0.444782
0.444312
0.443999
0.443764
0.443529
0.443216
0.442825
0.442668
0.442433
0.441964
0.441573
0.441259
0.440790
0.440477
0.440398
0.439929
0.439929
0.439459
0.439303
0.438520
0.438207
0.438050
0.437659
0.437502
0.437189
0.436407
0.436407
0.436328
0.436015
0.435781
0.435389
0.434685
0.434215
0.434215
0.434059
0.433902
0.433511
0.433354
0.433041
0.432728
0.432337
0.431554
0.431789
0.431084
0.431084
0.430771
0.430458
0.430223
0.430145
0.429519
0.429128
0.428893
0.428501
0.428423
0.427954
0.427797
0.427406
0.427406
0.426858
0.426701
0.425997
0.425684
0.425371
0.425762
0.425527
0.424745
0.424431
0.424431
0.423805
0.423492
0.423101
0.422788
0.422240
0.421927
0.421692
0.421457
0.421379
0.421066
0.420753
0.420205
0.419892
0.419422
0.419031
0.419031
0.418796
0.418483
0.418013
0.417935
0.417622
0.417309
0.416918
0.416526
0.416291
0.415978
0.415900
0.415274
0.415117
0.414883
0.414648
0.414100
0.413943
0.413865
0.413552
0.413004
0.413004
0.412613
0.412221
0.411673
0.411517
0.411204
0.410891
0.410499
0.410265
0.409952
0.409638
0.409482
0.409169
0.408777
0.408230
0.407917
0.407838
0.407447
0.407369
0.406977
0.406664
0.406586
0.406038
0.405803
0.405177
0.405177
0.404707
0.404707
0.404316
0.404003
0.403846
0.403612
0.403299
0.403064
0.402594
0.402359
0.401890
0.401577
0.401420
0.400950
0.400637
0.400168
0.399933
0.399855
0.399229
0.399150
0.398915
0.398602
0.398368
0.398133
0.397663
0.397350
0.396959
0.396724
0.396254
0.395941
0.395785
0.395628
0.395393
0.395159
0.394611
0.394454
0.394219
0.393750
0.393671
0.393124
0.392497
0.392419
0.392184
0.392106
0.392028
0.391167
0.391010
0.390306
0.389993
0.389758
0.389367
0.389132
0.388740
0.388584
0.388584
0.388036
0.387958
0.387566
0.387097
0.386705
0.386471
0.386158
0.386001
0.385453
0.385218
0.384983
0.384514
0.384357
0.383888
0.383809
0.383653
0.383183
0.383027
0.382714
0.382322
0.382166
0.381618
0.381305
0.380913
0.380287
0.380131
0.379896
0.379583
0.379505
0.378565
0.378722
0.378331
0.377783
0.377548
0.377078
0.376765
0.376374
0.376217
0.375826
0.375513
0.375669
0.375278
0.374574
0.374104
0.374026
0.373713
0.373556
0.372930
0.372695
0.372695
0.372147
0.371756
0.371756
0.371365
0.370895
0.370817
0.370112
0.369956
0.369486
0.369251
0.368703
0.368703
0.368234
0.367608
0.367451
0.367373
0.367138
0.366355
0.366355
0.366120
0.365729
0.364790
0.364633
0.364868
0.364477
0.363929
0.363694
0.363381
0.362911
0.362911
0.362363
0.361581
0.361268
0.360876
0.360876
0.360328
0.360094
0.360094
0.359546
0.359546
0.358763
0.358215
0.357824
0.357746
0.357354
0.357198
0.356806
0.356650
0.356337
0.355632
0.355163
0.355163
0.354302
0.354302
0.353910
0.353676
0.353206
0.353128
0.352893
0.352345
0.352032
0.351641
0.351641
0.351171
0.350623
0.350701
0.350153
0.349919
0.349606
0.349214
0.348353
0.348353
0.348040
0.347649
0.347257
0.347023
0.346710
0.346475
0.346005
0.345614
0.345222
0.344988
0.344753
0.344440
0.344283
0.343735
0.343814
0.343109
0.342953
0.342561
0.342092
0.341935
0.341622
0.341465
0.340683
0.340683
0.340291
0.339978
0.339509
0.339352
0.338804
0.338648
0.338256
0.338022
0.337787
0.337474
0.337317
0.336848
0.336300
0.336143
0.335673
0.335204
0.335360
0.334578
0.334265
0.334030
0.333717
0.333325
0.333091
0.332856
0.332778
0.332151
0.331995
0.331682
0.331447
0.331134
0.330977
0.330586
0.330273
0.329882
0.329568
0.329334
0.328942
0.328394
0.328473
0.328160
0.327768
0.327533
0.326829
0.326907
0.326359
0.326438
0.325890
0.325577
0.325107
0.324872
0.324716
0.324246
0.324090
0.323855
0.323385
0.322994
0.323072
0.322446
0.322055
0.321663
0.321350
0.320959
0.320646
0.320489
0.319628
0.319706
0.319393
0.319002
0.318845
0.318767
0.318298
0.317906
0.317280
0.317593
0.317045
0.316419
0.316341
0.316106
0.315715
0.315636
0.314932
0.314541
0.314306
0.314071
0.313523
0.313601
0.313523
0.313132
0.312819
0.312271
0.312036
0.311645
0.311175
0.310862
0.310862
0.310471
0.310158
0.310079
0.309375
0.308983
0.308827
0.308592
0.308201
0.307966
0.307418
0.307027
0.306635
0.306635
0.306401
0.305931
0.305540
0.305383
0.304835
0.304444
0.304287
0.303974
0.303661
0.303192
0.302722
0.302487
0.301939
0.301861
0.301548
0.301078
0.300922
0.300765
0.300139
0.299982
0.299669
0.299121
0.298808
0.298495
0.298026
0.297791
0.297556
0.297556
0.297008
0.296460
0.296226
0.295756
0.295286
0.294973
0.294738
0.294660
0.294112
0.293721
0.293486
0.293173
0.292782
0.292703
0.292077
0.291764
0.291451
0.290981
0.290903
0.290512
0.290042
0.289729
0.289416
0.288946
0.288320
0.288242
0.287929
0.287538
0.287224
0.286833
0.286755
0.286598
0.286050
0.285424
0.285189
0.284407
0.284485
0.284172
0.283937
0.283859
0.283154
0.282998
0.282685
0.282293
0.281667
0.281433
0.281041
0.280728
0.280493
0.280258
0.279632
0.279319
0.278928
0.278067
0.277832
0.277519
0.277284
0.276893
0.276345
0.276267
0.275875
0.275641
0.275406
0.275171
0.274467
0.274153
0.273762
0.273606
0.273684
0.273214
0.272666
0.272431
0.272040
0.271336
0.271101
0.270944
0.270553
0.270318
0.270005
0.269301
0.268909
0.268675
0.268205
0.267970
0.267892
0.267422
0.267187
0.267187
0.266718
0.266170
0.265700
0.265309
0.265309
0.264839
0.264213
0.263900
0.263978
0.263430
0.263196
0.262804
0.262491
0.262022
0.261787
0.261239
0.261082
0.260691
0.260221
0.259830
0.259517
0.259282
0.258265
0.258421
0.257952
0.257639
0.257325
0.257404
0.256934
0.256464
0.256230
0.255838
0.255369
0.254743
0.254664
0.254273
0.253803
0.253647
0.253568
0.253099
0.252708
0.252394
0.251768
0.251220
0.250986
0.250751
0.250438
0.250203
0.249812
0.249264
0.249264
0.248559
0.248559
0.247933
0.247933
0.247385
0.247229
0.246681
0.246524
0.246211
0.245898
0.245663
0.245037
0.244724
0.244489
0.244254
0.243785
0.243550
0.243237
0.243237
0.242689
0.242063
0.241828
0.241515
0.240732
0.240576
0.240341
0.239950
0.239402
0.239167
0.238619
0.238071
0.237836
0.237445
0.237288
0.237132
0.236819
0.236349
0.236193
0.236193
0.235410
0.235175
0.234705
0.234392
0.234079
0.233844
0.233297
0.233140
0.232749
0.232436
0.232279
0.231966
0.231418
0.230792
0.230714
0.230244
0.230166
0.229931
0.229461
0.229070
0.228835
0.228366
0.228053
0.227896
0.227661
0.227113
0.226957
0.226722
0.226252
0.225939
0.225626
0.225313
0.224609
0.224217
0.224061
0.223748
0.223278
0.223200
0.222965
0.222652
0.222339
0.222104
0.221869
0.221556
0.221087
0.220773
0.219991
0.219756
0.219443
0.219051
0.218738
0.218347
0.217877
0.217643
0.217173
0.217016
0.216703
0.216234
0.215999
0.215451
0.215216
0.214981
0.214981
0.214277
0.213886
0.213573
0.213494
0.213025
0.212868
0.212477
0.211929
0.211694
0.211381
0.211146
0.210598
0.210050
0.209816
0.209268
0.209033
0.208642
0.208563
0.207781
0.207624
0.207233
0.206841
0.206450
0.206137
0.205824
0.205511
0.204806
0.204572
0.204337
0.203945
0.203476
0.203319
0.203084
0.202615
0.202145
0.201676
0.201441
0.200971
0.200502
0.200423
0.199875
0.199562
0.198936
0.198701
0.198388
0.197840
0.197606
0.197371
0.196901
0.196432
0.196040
0.195962
0.195649
0.195414
0.194631
0.194553
0.194240
0.193457
0.193536
0.192988
0.192361
0.192283
0.191735
0.191422
0.191266
0.190953
0.190248
0.189935
0.189700
0.189622
0.188370
0.188370
0.188135
0.187665
0.187665
0.187352
0.186883
0.186648
0.186256
0.185787
0.185317
0.184926
0.184691
0.184300
0.183987
0.183595
0.183047
0.182891
0.182265
0.182030
0.181560
0.181404
0.180699
0.180464
0.180230
0.179682
0.179369
0.179212
0.178821
0.178195
0.177647
0.177334
0.176942
0.176708
0.176081
0.175925
0.175377
0.174907
0.174594
0.174125
0.174125
0.173655
0.173342
0.173107
0.172872
0.172403
0.172168
0.171463
0.171307
0.170602
0.170759
0.170211
0.169820
0.169585
0.168959
0.168802
0.168411
0.167628
0.167472
0.167159
0.166767
0.166454
0.165985
0.165593
0.165593
0.165202
0.164967
0.164576
0.163793
0.163323
0.163167
0.162697
0.162697
0.162306
0.161680
0.161288
0.161054
0.160506
0.160271
0.159566
0.159019
0.159097
0.158784
0.158627
0.158079
0.157845
0.157140
0.156514
0.156123
0.155809
0.155418
0.155262
0.154557
0.154479
0.154166
0.153853
0.153540
0.153070
0.152600
0.152053
0.151896
0.151739
0.151426
0.150957
0.150644
0.150252
0.149939
0.149548
0.148843
0.148296
0.147983
0.147826
0.147513
0.147043
0.146652
0.146339
0.145948
0.145478
0.145087
0.144695
0.144460
0.144147
0.143599
0.143130
0.142973
0.142582
0.142269
0.141721
0.141486
0.141095
0.140625
0.140312
0.139921
0.139608
0.139216
0.138903
0.138590
0.138042
0.137651
0.137338
0.137181
0.136946
0.136712
0.136007
0.135772
0.135303
0.134677
0.134207
0.133894
0.133346
0.133190
0.132955
0.132485
0.132250
0.131702
0.131781
0.131155
0.130528
0.130137
0.129746
0.129589
0.129198
0.128650
0.128180
0.127945
0.127789
0.127241
0.126771
0.126224
0.125989
0.125676
0.125597
0.125049
0.124580
0.124423
0.123954
0.123641
0.123093
0.122467
0.122232
0.121919
0.121840
0.121058
0.121058
0.120432
0.119962
0.119258
0.119023
0.118240
0.118397
0.117849
0.117614
0.117222
0.117066
0.116518
0.115892
0.115501
0.115422
0.114874
0.114248
0.114092
0.113544
0.113544
0.112761
0.112605
0.112135
0.111509
0.111196
0.111274
0.110648
0.110335
0.110100
0.109630
0.109239
0.108691
0.108456
0.107908
0.107360
0.107126
0.107047
0.106421
0.106030
0.105717
0.105247
0.104934
0.104386
0.103995
0.103525
0.103134
0.103134
0.102586
0.102038
0.101647
0.101334
0.101021
0.100238
0.099690
0.099690
0.099299
0.098438
0.098594
0.097890
0.097577
0.097264
0.096872
0.096246
0.096011
0.095307
0.095150
0.094837
0.093976
0.093742
0.093507
0.093194
0.092881
0.092489
0.091863
0.091472
0.091080
0.090767
0.090298
0.089906
0.089515
0.089124
0.088419
0.088028
0.087793
0.087480
0.087089
0.086697
0.086071
0.085758
0.085445
0.084975
0.084584
0.084271
0.083958
0.083332
0.083019
0.082706
0.082314
0.081845
0.081297
0.081218
0.080514
0.080201
0.079418
0.078792
0.078479
0.078244
0.077540
0.076914
0.076835
0.076287
0.075740
0.075583
0.074957
0.074879
0.074487
0.074252
0.073548
0.073157
0.072922
0.072296
0.072139
0.071591
0.071200
0.070652
0.070261
0.069634
0.069556
0.068930
0.068539
0.068069
0.067913
0.067052
0.066817
0.066504
0.066504
0.065486
0.064938
0.064469
0.064469
0.063999
0.063608
0.063060
0.062747
0.062434
0.061964
0.061651
0.061025
0.060164
0.059929
0.059538
0.059146
0.058833
0.058598
0.057894
0.057424
0.057111
0.056329
0.055859
0.055546
0.055311
0.054998
0.054528
0.054059
0.053746
0.053433
0.052885
0.051945
0.051554
0.051319
0.050693
0.050380
0.049754
0.049519
0.049284
0.048893
0.048267
0.047562
0.047171
0.046623
0.046467
0.046075
0.045684
0.045214
0.044745
0.044666
0.043805
0.043336
0.042788
0.042240
0.042162
0.042083
0.041223
0.040909
0.040440
0.039814
0.039422
0.038640
0.038327
0.037935
0.037466
0.037074
0.036448
0.036213
0.035822
0.035587
0.034961
0.034335
0.033552
0.033396
0.033161
0.032613
0.032221
0.031908
0.031126
0.031047
0.030421
0.030108
0.029482
0.028778
0.028386
0.028230
0.027682
0.027056
0.026586
0.026508
0.025725
0.025099
0.024708
0.024316
0.024238
0.023690
0.023142
0.022751
0.022046
0.021890
0.021655
0.020638
0.020090
0.019620
0.019542
0.019150
0.018368
0.017742
0.017429
0.017037
0.016568
0.015628
0.015393
0.015002
0.014689
0.014298
0.013750
0.013515
0.013045
0.012184
0.011871
0.011089
0.010854
0.010071
0.009993
0.009367
0.008741
0.008193
0.007880
0.007488
0.007253
0.006314
0.005688
0.005218
0.005297
0.004827
0.004357
0.003653
0.003340
0.003105
0.002244
0.001696
0.001227
0.000914
0.000444
-0.000026
-0.000104
-0.000495
-0.001043
-0.001669
-0.002295
-0.002609
-0.003156
-0.003548
-0.004096
-0.004252
-0.004878
-0.004957
-0.005505
-0.006131
-0.006600
-0.007461
-0.008244
-0.008479
-0.008557
-0.008948
-0.009496
-0.010279
-0.010357
-0.010983
-0.011688
-0.012157
-0.012471
-0.013097
-0.013410
-0.013958
-0.014349
-0.014975
-0.015523
-0.015914
-0.016619
-0.017402
-0.017871
-0.018184
-0.018967
-0.019045
-0.019515
-0.020219
-0.020845
-0.021550
-0.021941
-0.022724
-0.023350
-0.023350
-0.023976
-0.024524
-0.024681
-0.025307
-0.025933
-0.026246
-0.027342
-0.027577
-0.028438
-0.028672
-0.029455
-0.030003
-0.030081
-0.030707
-0.031647
-0.031960
-0.032664
-0.033290
-0.033838
-0.034151
-0.034543
-0.035012
-0.035795
-0.036186
-0.036499
-0.037204
-0.037517
-0.038378
-0.038926
-0.039395
-0.040022
-0.040335
-0.041352
-0.041430
-0.042135
-0.042761
-0.043387
-0.043544
-0.044483
-0.045266
-0.045422
-0.045892
-0.046596
-0.047222
-0.048005
-0.048396
-0.048944
-0.049492
-0.050197
-0.051292
-0.051762
-0.052232
-0.052936
-0.053171
-0.054267
-0.054736
-0.055206
-0.055910
-0.056771
-0.057319
-0.057476
-0.058258
-0.058493
-0.059746
-0.060215
-0.060685
-0.061389
-0.061781
-0.062641
-0.063502
-0.063346
-0.064050
-0.064442
-0.065459
-0.065851
-0.066477
-0.066868
-0.067651
-0.068277
-0.068668
-0.069294
-0.069529
-0.070468
-0.071095
-0.071956
-0.072347
-0.072817
-0.073364
-0.074225
-0.074617
-0.075165
-0.075713
-0.076026
-0.076887
-0.077513
-0.078452
-0.078843
-0.079391
-0.080487
-0.081191
-0.081583
-0.081896
-0.082679
-0.083383
-0.084166
-0.084714
-0.084948
-0.085496
-0.086122
-0.086983
-0.087453
-0.088001
-0.088392
-0.089253
-0.090192
-0.090740
-0.091053
-0.091836
-0.092071
-0.092932
-0.093558
-0.094106
-0.094419
-0.095280
-0.096219
-0.096611
-0.097315
-0.098019
-0.098176
-0.098646
-0.099507
-0.100211
-0.100837
-0.101385
-0.102168
-0.103107
-0.103498
-0.103655
-0.104438
-0.105377
-0.105690
-0.106316
-0.107177
-0.107881
-0.108429
-0.109682
-0.110230
-0.110699
-0.111247
-0.111717
-0.112186
-0.113047
-0.113595
-0.114143
-0.114847
-0.115865
-0.116335
-0.116961
-0.117509
-0.118291
-0.118996
-0.119622
-0.120170
-0.120952
-0.121735
-0.122361
-0.123301
-0.123927
-0.124396
-0.125023
-0.125727
-0.126588
-0.127058
-0.127762
-0.128545
-0.129562
-0.129797
-0.130736
-0.131284
-0.131754
-0.132380
-0.133084
-0.133632
-0.134024
-0.135432
-0.136137
-0.136606
-0.137154
-0.137937
-0.138172
-0.138955
-0.139816
-0.140207
-0.140990
-0.141381
-0.142555
-0.143338
-0.143807
-0.144512
-0.145060
-0.145764
-0.146390
-0.146782
-0.147095
-0.147877
-0.148817
-0.149912
-0.150382
-0.151243
-0.151556
-0.152260
-0.153043
-0.153748
-0.154217
-0.155156
-0.155939
-0.156957
-0.157270
-0.157896
-0.158444
-0.159226
-0.160087
-0.160557
-0.161496
-0.162122
-0.162827
-0.163844
-0.164705
-0.165018
-0.165488
-0.166192
-0.166819
-0.167523
-0.167914
-0.168697
-0.169245
-0.170732
-0.171280
-0.172063
-0.172454
-0.173158
-0.173863
-0.174646
-0.175507
-0.175820
-0.176602
-0.177620
-0.178089
-0.179107
-0.179107
-0.179890
-0.180672
-0.181142
-0.181846
-0.182316
-0.183334
-0.184429
-0.185134
-0.185760
-0.186464
-0.186856
-0.187247
-0.187951
-0.188656
-0.189282
-0.189986
-0.190613
-0.191708
-0.192491
-0.193274
-0.193430
-0.194213
-0.194917
-0.195309
-0.196326
-0.196952
-0.197735
-0.198831
-0.199848
-0.200162
-0.200866
-0.201414
-0.201962
-0.202744
-0.203605
-0.203997
-0.204701
-0.205406
-0.206345
-0.207128
-0.207754
-0.208145
-0.208302
-0.209397
-0.209554
-0.210650
-0.211354
-0.211980
-0.213076
-0.213859
-0.214720
-0.214876
-0.215268
-0.215737
-0.216833
-0.217224
-0.217929
-0.218868
-0.219416
-0.220512
-0.221373
-0.221373
-0.221999
-0.222781
-0.223095
-0.223799
-0.224425
-0.225051
-0.225677
-0.226538
-0.227556
-0.228026
-0.228417
-0.228965
-0.229669
-0.230530
-0.231000
-0.231704
-0.232330
-0.233191
-0.234052
-0.234600
-0.235070
-0.235696
-0.236166
-0.236948
-0.237496
-0.237888
-0.238983
-0.239688
-0.240314
-0.241331
-0.241958
-0.242271
-0.242897
-0.243288
-0.244149
-0.244540
-0.245323
-0.245715
-0.246732
-0.247515
-0.247593
-0.248141
-0.248611
-0.249471
-0.250176
-0.250567
-0.251272
-0.251741
-0.252759
-0.253228
-0.253776
-0.254324
-0.254716
-0.254950
-0.255577
-0.256203
-0.257064
-0.257612
-0.258394
-0.258942
-0.259568
-0.260194
-0.260899
-0.260899
-0.261368
-0.261916
-0.262856
-0.263169
-0.263795
-0.264343
-0.264891
-0.265204
-0.265752
-0.266065
-0.266456
-0.267082
-0.267708
-0.268021
-0.268726
-0.269117
-0.269665
-0.270526
-0.270839
-0.271622
-0.271857
-0.272170
-0.272718
-0.273344
-0.273735
-0.274048
-0.274596
-0.274909
-0.275457
-0.276083
-0.276631
-0.277101
-0.277179
-0.277805
-0.278118
-0.278588
-0.278823
-0.279684
-0.280232
-0.280779
-0.281327
-0.281719
-0.282032
-0.282267
-0.282814
-0.283441
-0.283754
-0.284223
-0.284615
-0.285006
-0.285632
-0.285710
-0.286337
-0.286571
-0.286963
-0.287432
-0.288293
-0.288528
-0.288450
-0.289076
-0.289702
-0.289859
-0.290250
-0.290798
-0.291033
-0.291581
-0.291737
-0.291972
-0.292520
-0.292911
-0.293068
-0.293537
-0.293850
-0.293850
-0.294320
-0.294868
-0.295025
-0.295494
-0.295807
-0.296120
-0.296355
-0.296746
-0.296981
-0.297138
-0.297216
-0.297451
-0.298155
-0.298390
-0.298703
-0.299095
-0.299486
-0.299877
-0.300034
-0.300112
-0.300425
-0.300738
-0.301051
-0.301364
-0.301756
-0.301756
-0.302225
-0.302147
-0.302382
-0.302617
-0.303008
-0.303243
-0.303791
-0.303478
-0.303947
-0.304104
-0.304260
-0.304573
-0.304965
-0.304808
-0.305434
-0.305278
-0.305591
-0.305747
-0.306061
-0.306139
-0.306374
-0.306452
-0.306765
-0.306687
-0.306922
-0.307000
-0.307156
-0.307391
-0.307391
-0.307469
-0.307782
-0.308017
-0.308017
-0.308174
-0.308096
-0.308252
-0.308722
-0.308565
-0.308487
-0.308878
-0.309035
-0.309113
-0.309426
-0.309426
-0.309191
-0.309270
-0.309348
-0.309583
-0.309348
-0.309739
-0.309818
-0.309583
-0.309974
-0.310131
-0.309974
-0.309739
-0.310052
-0.310209
-0.310444
-0.310287
-0.310287
-0.310287
-0.310365
-0.310678
-0.310522
-0.310678
-0.310600
-0.310992
-0.310913
-0.310992
-0.311148
-0.310913
-0.311148
-0.310992
-0.311148
-0.310992
-0.311461
-0.311148
-0.310992
-0.310835
-0.311070
-0.310757
-0.311148
-0.310913
-0.310600
-0.310913
-0.310992
-0.310913
-0.311305
-0.310992
-0.310992
-0.310600
-0.310757
-0.310757
-0.310992
-0.310522
-0.310678
-0.310600
-0.310757
-0.310757
-0.310835
-0.310913
-0.310757
-0.310444
-0.310835
-0.310600
-0.310444
-0.310522
-0.310757
-0.310444
-0.310600
-0.310757
-0.310287
-0.310365
-0.310678
-0.310287
-0.310287
-0.310052
-0.310287
-0.310131
-0.310209
-0.310209
-0.309583
-0.309896
-0.309583
-0.309739
-0.309504
-0.309661
-0.309739
-0.309348
-0.309270
-0.309583
-0.309504
-0.309113
-0.309191
-0.309035
-0.308800
-0.309035
-0.309113
-0.309035
-0.308800
-0.308957
-0.309035
-0.308957
-0.309035
-0.309113
-0.308722
-0.308800
-0.308878
-0.308800
-0.308330
-0.308174
-0.308174
-0.308174
-0.308252
-0.308252
-0.308096
-0.307939
-0.307861
-0.307939
-0.307782
-0.307313
-0.307626
-0.307704
-0.307313
-0.307391
-0.307156
-0.307000
-0.307000
-0.306922
-0.307235
-0.306843
-0.306687
-0.306843
-0.306687
-0.306765
-0.306843
-0.306687
-0.306452
-0.306374
-0.306452
-0.306217
-0.305982
-0.306139
-0.306139
-0.305904
-0.305826
-0.306139
-0.306061
-0.305982
-0.305982
-0.305747
-0.305591
-0.305591
-0.305356
-0.304887
-0.305200
-0.305591
-0.305278
-0.305434
-0.305356
-0.305200
-0.304573
-0.304808
-0.304573
-0.304495
-0.304495
-0.304495
-0.304652
-0.304339
-0.304339
-0.304260
-0.304260
-0.304026
-0.304104
-0.304260
-0.303791
-0.303791
-0.303869
-0.303947
-0.303869
-0.304026
-0.303947
-0.303634
-0.303634
-0.303634
-0.303399
-0.303321
-0.303556
-0.303399
-0.303243
-0.303399
-0.303634
-0.303243
-0.302930
-0.303008
-0.302617
-0.302773
-0.302773
-0.302773
-0.302930
-0.302930
-0.302851
-0.303008
-0.302851
-0.302460
-0.302460
-0.302460
-0.302460
-0.302069
-0.302225
-0.302538
-0.302538
-0.302773
-0.302617
-0.302304
-0.302538
-0.302225
-0.302304
-0.302147
-0.302304
-0.301991
-0.302460
-0.302147
-0.302460
-0.302225
-0.302147
-0.301991
-0.301677
-0.301677
-0.301991
-0.301912
-0.301756
-0.301912
-0.301912
-0.302225
-0.302147
-0.301756
-0.301912
-0.301677
-0.301521
-0.301677
-0.301286
-0.301443
-0.301756
-0.301912
-0.301834
-0.301677
-0.301834
-0.301834
-0.301364
-0.301443
-0.301364
-0.301443
-0.301286
-0.301443
-0.301521
-0.301756
-0.301599
-0.301286
-0.301599
-0.301364
-0.301286
-0.301286
-0.301208
-0.301756
-0.301521
-0.301677
-0.301364
-0.301364
-0.301834
-0.301599
-0.301443
-0.301051
-0.301208
-0.301130
-0.301286
-0.301130
-0.301286
-0.301599
-0.301443
-0.301677
-0.301208
-0.301521
-0.301443
-0.301364
-0.301756
-0.301756
-0.301677
-0.301834
-0.301991
-0.302147
-0.302147
-0.301912
-0.301599
-0.301991
-0.301834
-0.301991
-0.301991
-0.302225
-0.302304
-0.302225
-0.302382
-0.302225
-0.301991
-0.302460
-0.302695
-0.302460
-0.302538
-0.302538
-0.302147
-0.302382
-0.302538
-0.302773
-0.302851
-0.302930
-0.302538
-0.302851
-0.303008
-0.302930
-0.302695
-0.302695
-0.302930
-0.303165
-0.303243
-0.303165
-0.303165
-0.303165
-0.303243
-0.303321
-0.303399
-0.303399
-0.303321
-0.303399
-0.303556
-0.303791
-0.304026
-0.303947
-0.303712
-0.303869
-0.303712
-0.304260
-0.304182
-0.304182
-0.303947
-0.304339
-0.304573
-0.304339
-0.304417
-0.304182
-0.304182
-0.304417
-0.304808
-0.304808
-0.305043
-0.304887
-0.305043
-0.304965
-0.305121
-0.305591
-0.305278
-0.305278
-0.305591
-0.305591
-0.305669
-0.305904
-0.306061
-0.306061
-0.306452
-0.306608
-0.306530
-0.306217
-0.306452
-0.306452
-0.306452
-0.306687
-0.307000
-0.306922
-0.307156
-0.307156
-0.307156
-0.307391
-0.307469
-0.307704
-0.307861
-0.307469
-0.307548
-0.307861
-0.307782
-0.307782
-0.308017
-0.308252
-0.308330
-0.308330
-0.308722
-0.308565
-0.308565
-0.308722
-0.309270
-0.309035
-0.309191
-0.308878
-0.309348
-0.309661
-0.309348
-0.309583
-0.309583
-0.309818
-0.310287
-0.310131
-0.310287
-0.310444
-0.310600
-0.310600
-0.310913
-0.310992
-0.310913
-0.311305
-0.311461
-0.311148
-0.311305
-0.311696
-0.312009
-0.311774
-0.311931
-0.312244
-0.312244
-0.312479
-0.312244
-0.312713
-0.313027
-0.313027
-0.313261
-0.313418
-0.313261
-0.313261
-0.313888
-0.313653
-0.313809
-0.314122
-0.314044
-0.314435
-0.314514
-0.314748
-0.314748
-0.314827
-0.315140
-0.315140
-0.315218
-0.315296
-0.315375
-0.315531
-0.315844
-0.315766
-0.316079
-0.316314
-0.316392
-0.316627
-0.316627
-0.316784
-0.316862
-0.317175
-0.317018
-0.317175
-0.317488
-0.317801
-0.318036
-0.318036
-0.318584
-0.318505
-0.318584
-0.318819
-0.318897
-0.319210
-0.319053
-0.319445
-0.319523
-0.319836
-0.320071
-0.320227
-0.320149
-0.320384
-0.320462
-0.320854
-0.320854
-0.320932
-0.321480
-0.321558
-0.321871
-0.322106
-0.322106
-0.322497
-0.322575
-0.322497
-0.322654
-0.322889
-0.323045
-0.323280
-0.323984
-0.323906
-0.323984
-0.323984
-0.323984
-0.324219
-0.324610
-0.324689
-0.325158
-0.325002
-0.325471
-0.325471
-0.325550
-0.325785
-0.326019
-0.326176
-0.326254
-0.326567
-0.326802
-0.326646
-0.326724
-0.327115
-0.327506
-0.327741
-0.327585
-0.327976
-0.328211
-0.328367
-0.328367
-0.328602
-0.328915
-0.328759
-0.328994
-0.329463
-0.329541
-0.329620
-0.330011
-0.330089
-0.330089
-0.330011
-0.330637
-0.330637
-0.331029
-0.330637
-0.331185
-0.331577
-0.331890
-0.332046
-0.332281
-0.332359
-0.332437
-0.332829
-0.332672
-0.333220
-0.333377
-0.333142
-0.333768
-0.333690
-0.334081
-0.334551
-0.334707
-0.334551
-0.334629
-0.334942
-0.335255
-0.335412
-0.335803
-0.335803
-0.335803
-0.336194
-0.336821
-0.336977
-0.337055
-0.337055
-0.337525
-0.337525
-0.337760
-0.337603
-0.337525
-0.338229
-0.338229
-0.338699
-0.338777
-0.338856
-0.339090
-0.339403
-0.339560
-0.340030
-0.340186
-0.340421
-0.340578
-0.341125
-0.341360
-0.341360
-0.341830
-0.341908
-0.341986
-0.341908
-0.342534
-0.342534
-0.342769
-0.342926
-0.343395
-0.343395
-0.343708
-0.343865
-0.344178
-0.344100
-0.344334
-0.344726
-0.344648
-0.344882
-0.345195
-0.345117
-0.345509
-0.345665
-0.345978
-0.346135
-0.346526
-0.346683
-0.346839
-0.347074
-0.347465
-0.347465
-0.347857
-0.347935
-0.348483
-0.348170
-0.348874
-0.348718
-0.348952
-0.348874
-0.349422
-0.349657
-0.349500
-0.349813
-0.350205
-0.350361
-0.350753
-0.350909
-0.351222
-0.351379
-0.351535
-0.351692
-0.352083
-0.352240
-0.352240
-0.352553
-0.352944
-0.352788
-0.353022
-0.353414
-0.353492
-0.353962
-0.354040
-0.354275
-0.354588
-0.354979
-0.355292
-0.355214
-0.355214
-0.355527
-0.355997
-0.356075
-0.356310
-0.356779
-0.357171
-0.357014
-0.357562
-0.357406
-0.357953
-0.358110
-0.358501
-0.358736
-0.359127
-0.359127
-0.359519
-0.359832
-0.359910
-0.360380
-0.360380
-0.360145
-0.360380
-0.361319
-0.361319
-0.361554
-0.361789
-0.362023
-0.362415
-0.362728
-0.362963
-0.363041
-0.363511
-0.363745
-0.363980
-0.364293
-0.364215
-0.364606
-0.365076
-0.365076
-0.365154
-0.365546
-0.365780
-0.365937
-0.366172
-0.366641
-0.366798
-0.366720
-0.367033
-0.367502
-0.367659
-0.367737
-0.368128
-0.368520
-0.368598
-0.368833
-0.369224
-0.369381
-0.369459
-0.370007
-0.369537
-0.370007
-0.370398
-0.370398
-0.370711
-0.370946
-0.371181
-0.371494
-0.371729
-0.371964
-0.372120
-0.372746
-0.372903
-0.372981
-0.373294
-0.373451
-0.373451
-0.373842
-0.374468
-0.374547
-0.374703
-0.374781
-0.374703
-0.375095
-0.375564
-0.375329
-0.375799
-0.376190
-0.376503
-0.376816
-0.376895
-0.377130
-0.377286
-0.377443
-0.377834
-0.378069
-0.378225
-0.378304
-0.378773
-0.379008
-0.379008
-0.379634
-0.379869
-0.379947
-0.380339
-0.380652
-0.380808
-0.381356
-0.381669
-0.381747
-0.381982
-0.382217
-0.382452
-0.382687
-0.382843
-0.383156
-0.383391
-0.383626
-0.383861
-0.383861
-0.384096
-0.384487
-0.384878
-0.384957
-0.385270
-0.385739
-0.386052
-0.386287
-0.386444
-0.386678
-0.386757
-0.387070
-0.387461
-0.387618
-0.388009
-0.388087
-0.388400
-0.388713
-0.388948
-0.389183
-0.389496
-0.389574
-0.389888
-0.390201
-0.390670
-0.390514
-0.390592
-0.391140
-0.391140
-0.391766
-0.391923
-0.392236
-0.392549
-0.392783
-0.392940
-0.393253
-0.393488
-0.393488
-0.393958
-0.394271
-0.394662
-0.394975
-0.395523
-0.395601
-0.395679
-0.396071
-0.396071
-0.396384
-0.396775
-0.396619
-0.397088
-0.397323
-0.397949
-0.397949
-0.398106
-0.398262
-0.398419
-0.398732
-0.398654
-0.399593
-0.399515
-0.399515
-0.399749
-0.400141
-0.400767
-0.401237
-0.401550
-0.401863
-0.402019
-0.402254
-0.402645
-0.402724
-0.403193
-0.403350
-0.403585
-0.403663
-0.404133
-0.404446
-0.404680
-0.404680
-0.404994
-0.405385
-0.405150
-0.405776
-0.406011
-0.406246
-0.406637
-0.406794
-0.407263
-0.407263
-0.407498
-0.408046
-0.407968
-0.408516
-0.408594
-0.408829
-0.409220
-0.409533
-0.409925
-0.410003
-0.410159
-0.410629
-0.410942
-0.411177
-0.411412
-0.411960
-0.412116
-0.412194
-0.412664
-0.412977
-0.413055
-0.413134
-0.413525
-0.413995
-0.414229
-0.414386
-0.414542
-0.414699
-0.415247
-0.415403
-0.415560
-0.415873
-0.416343
-0.416264
-0.416812
-0.417047
-0.417360
-0.417595
-0.417830
-0.418221
-0.418299
-0.418613
-0.419160
-0.419239
-0.419239
-0.419787
-0.420256
-0.420726
-0.420491
-0.420961
-0.421274
-0.421508
-0.421822
-0.422135
-0.422135
-0.422526
-0.422839
-0.423074
-0.423544
-0.423622
-0.423857
-0.424013
-0.424639
-0.424874
-0.425187
-0.425500
-0.425500
-0.425579
-0.425892
-0.426439
-0.426909
-0.427144
-0.427457
-0.427848
-0.428161
-0.428396
-0.428475
-0.428553
-0.428709
-0.429022
-0.429179
-0.429883
-0.429883
-0.430353
-0.430510
-0.430901
-0.431292
-0.431449
-0.431840
-0.431762
-0.432153
-0.432466
-0.432858
-0.433249
-0.433327
-0.433406
-0.433719
-0.434345
-0.434814
-0.434971
-0.435441
-0.435519
-0.435441
-0.435832
-0.436301
-0.436458
-0.436536
-0.436928
-0.437397
-0.437632
-0.437945
-0.438102
-0.438337
-0.438650
-0.438728
-0.439119
-0.439276
-0.439511
-0.439824
-0.440293
-0.440685
-0.440998
-0.441154
-0.441937
-0.441859
-0.442250
-0.442328
-0.442485
-0.442954
-0.443111
-0.443189
-0.443815
-0.443737
-0.444128
-0.444363
-0.444833
-0.445459
-0.445381
-0.445303
-0.445929
-0.446085
-0.446320
-0.446555
-0.446946
-0.447259
-0.447338
-0.447651
-0.447885
-0.448120
-0.448746
-0.448746
-0.448981
-0.448903
-0.449294
-0.449686
-0.449451
-0.450312
-0.450468
-0.451094
-0.451173
-0.451486
-0.451642
-0.451799
-0.452034
-0.452347
-0.452738
-0.452973
-0.453208
-0.453521
-0.453677
-0.454147
-0.454538
-0.454695
-0.454930
-0.455008
-0.455399
-0.455947
-0.455947
-0.456104
-0.456652
-0.456965
-0.457356
-0.457513
-0.457591
-0.458217
-0.458295
-0.458921
-0.459000
-0.459313
-0.459469
-0.459782
-0.459861
-0.460330
-0.460800
-0.460956
-0.461504
-0.461661
-0.461896
-0.462209
-0.462522
-0.462991
-0.462913
-0.463148
-0.463305
-0.463774
-0.464244
-0.464635
-0.464792
-0.465183
-0.465496
-0.465809
-0.465887
-0.466201
-0.466435
-0.466827
-0.467140
-0.466983
-0.467688
-0.467922
-0.468001
-0.468392
-0.468705
-0.468783
-0.469097
-0.469175
-0.469644
-0.470114
-0.470192
-0.470427
-0.470897
-0.471053
-0.471288
-0.471523
-0.471993
-0.472149
-0.472619
-0.472932
-0.473167
-0.473401
-0.473636
-0.474106
-0.474028
-0.474575
-0.474810
-0.475123
-0.475358
-0.475906
-0.476141
-0.476141
-0.476376
-0.476767
-0.477002
-0.477315
-0.477393
-0.477941
-0.478411
-0.478489
-0.479037
-0.479193
-0.479663
-0.479976
-0.479741
-0.480524
-0.480524
-0.481150
-0.481541
-0.481698
-0.481541
-0.482324
-0.482481
-0.482715
-0.483029
-0.483498
-0.483733
-0.483733
-0.484203
-0.484516
-0.484750
-0.485064
-0.485220
-0.485768
-0.486003
-0.486159
-0.486472
-0.486864
-0.487255
-0.487412
-0.487725
-0.487960
-0.488194
-0.488429
-0.488586
-0.488821
-0.488821
-0.489447
-0.489447
-0.489838
-0.490386
-0.490699
-0.491169
-0.491560
-0.491560
-0.491795
-0.492108
-0.492812
-0.493125
-0.493204
-0.493282
-0.493752
-0.494143
-0.494221
-0.494769
-0.494612
-0.495160
-0.495473
-0.495473
-0.495865
-0.495943
-0.496647
-0.496882
-0.497430
-0.497587
-0.498056
-0.497822
-0.498448
-0.498839
-0.499152
-0.499465
-0.499700
-0.499700
-0.499935
-0.500639
-0.500874
-0.501031
-0.501657
-0.501970
-0.502048
-0.502596
-0.502596
-0.503066
-0.503222
-0.503379
-0.503770
-0.504161
-0.504318
-0.504866
-0.505101
-0.505257
-0.505727
-0.505570
-0.505805
-0.506040
-0.506744
-0.506823
-0.507292
-0.507449
-0.507605
-0.508075
-0.508545
-0.508388
-0.508779
-0.509014
-0.509640
-0.509562
-0.510032
-0.510501
-0.510658
-0.511049
-0.510971
-0.511362
-0.511832
-0.512223
-0.512536
-0.512771
-0.513006
-0.512928
-0.513789
-0.513945
-0.514180
-0.514180
-0.514571
-0.514806
-0.514884
-0.515511
-0.515667
-0.516137
-0.516293
-0.516763
-0.516919
-0.517311
-0.517546
-0.517546
-0.517937
-0.518328
-0.518563
-0.518720
-0.519346
-0.519737
-0.519737
-0.520050
-0.520598
-0.521068
-0.521459
-0.522085
-0.522007
-0.522398
-0.522477
-0.522790
-0.523024
-0.523337
-0.523651
-0.523729
-0.524042
-0.524746
-0.524746
-0.525059
-0.524981
-0.525607
-0.525451
-0.526155
-0.526155
-0.526547
-0.527251
-0.527329
-0.527799
-0.528112
-0.527877
-0.528190
-0.528816
-0.529051
-0.529521
-0.529599
-0.529912
-0.529990
-0.530382
-0.531086
-0.531321
-0.531321
-0.531712
-0.531556
-0.532182
-0.532652
-0.532730
-0.533199
-0.533121
-0.533747
-0.533826
-0.534217
-0.534217
-0.534530
-0.534608
-0.535000
-0.535469
-0.535626
-0.536095
-0.536487
-0.536878
-0.537348
-0.537426
-0.537504
-0.537974
-0.538287
-0.538444
-0.538835
-0.539618
-0.539539
-0.539931
-0.539852
-0.540400
-0.540635
-0.541183
-0.541340
-0.541731
-0.541809
-0.542044
-0.542514
-0.542670
-0.543061
-0.543375
-0.543688
-0.543844
-0.544079
-0.544079
-0.544236
-0.545175
-0.545175
-0.545488
-0.545644
-0.545957
-0.546427
-0.546740
-0.547053
-0.547288
-0.547679
-0.547679
-0.547992
-0.548227
-0.548619
-0.549010
-0.549167
-0.549401
-0.549714
-0.549871
-0.550184
-0.550654
-0.550654
-0.551202
-0.551358
-0.551749
-0.551984
-0.552297
-0.552454
-0.552689
-0.553158
-0.553237
-0.553550
-0.553863
-0.553784
-0.554411
-0.554880
-0.554880
-0.555115
-0.555350
-0.555976
-0.556289
-0.556524
-0.556915
-0.557150
-0.557385
-0.557541
-0.557854
-0.558011
-0.558559
-0.558950
-0.559029
-0.559185
-0.559733
-0.559733
-0.560437
-0.560516
-0.560985
-0.561220
-0.561377
-0.561846
-0.562316
-0.562238
-0.562864
-0.563177
-0.563568
-0.563725
-0.564038
-0.564038
-0.564507
-0.564820
-0.564977
-0.565290
-0.565603
-0.565995
-0.566386
-0.566464
-0.566699
-0.566934
-0.567325
-0.567638
-0.567638
-0.567951
-0.568499
-0.568656
-0.569204
-0.569438
-0.569438
-0.569908
-0.570143
-0.570143
-0.570534
-0.570926
-0.571160
-0.571630
-0.571787
-0.572021
-0.572100
-0.572647
-0.572804
-0.573039
-0.573508
-0.573743
-0.573900
-0.574526
-0.574604
-0.574996
-0.575230
-0.575543
-0.575935
-0.576248
-0.576639
-0.576952
-0.577109
-0.577344
-0.577578
-0.578126
-0.578361
-0.578753
-0.579066
-0.579222
-0.579457
-0.579927
-0.580161
-0.580631
-0.580709
-0.580944
-0.581257
-0.581414
-0.582040
-0.581962
-0.582431
-0.582588
-0.582901
-0.583214
-0.583762
-0.583840
-0.584310
-0.584466
-0.584466
-0.584858
-0.585327
-0.585405
-0.586032
-0.586345
-0.586579
-0.586893
-0.587127
-0.587675
-0.587675
-0.587910
-0.588458
-0.588615
-0.588615
-0.589241
-0.589397
-0.589710
-0.590102
-0.589867
-0.590336
-0.590884
-0.591276
-0.591745
-0.591667
-0.591902
-0.592528
-0.592763
-0.592919
-0.593311
-0.593389
-0.593859
-0.594093
-0.594485
-0.594876
-0.595346
-0.595581
-0.595972
-0.596207
-0.596441
-0.596676
-0.597224
-0.597302
-0.597694
-0.597694
-0.597929
-0.598633
-0.598711
-0.598946
-0.599259
-0.599572
-0.599964
-0.600120
-0.600903
-0.601059
-0.601372
-0.601999
-0.602233
-0.602703
-0.602468
-0.603094
-0.603407
-0.603721
-0.603955
-0.604347
-0.604816
-0.604816
-0.605364
-0.605521
-0.605756
-0.605756
-0.606382
-0.606695
-0.606851
-0.607164
-0.607321
-0.607869
-0.607869
-0.608260
-0.608730
-0.608965
-0.609434
-0.609747
-0.610217
-0.610452
-0.610452
-0.610843
-0.611234
-0.611313
-0.611939
-0.611782
-0.612095
-0.612565
-0.612800
-0.613035
-0.613348
-0.613426
-0.614052
-0.614052
-0.614209
-0.614835
-0.615070
-0.615305
-0.616009
-0.616009
-0.616322
-0.616322
-0.616635
-0.616948
-0.617574
-0.617809
-0.617966
-0.618592
-0.618748
-0.618827
-0.619061
-0.619531
-0.619844
-0.620157
-0.620236
-0.620549
-0.620705
-0.621410
-0.621879
-0.621723
-0.622192
-0.622740
-0.622740
-0.623445
-0.623679
-0.624071
-0.624149
-0.624306
-0.624540
-0.624619
-0.625166
-0.625401
-0.625793
-0.626341
-0.626497
-0.626888
-0.627123
-0.626810
-0.627202
-0.627515
-0.627828
-0.628062
-0.628532
-0.628610
-0.629158
-0.629471
-0.629706
-0.630176
-0.630411
-0.630802
-0.630880
-0.631037
-0.631350
-0.631663
-0.631976
-0.632211
-0.632524
-0.632915
-0.633150
-0.633541
-0.633933
-0.634246
-0.634481
-0.634794
-0.635185
-0.635185
-0.635733
-0.635811
-0.636359
-0.636359
-0.636750
-0.637298
-0.637298
-0.637611
-0.637846
-0.638159
-0.638551
-0.638942
-0.639255
-0.639333
-0.639646
-0.639959
-0.640507
-0.640820
-0.640820
-0.641290
-0.641838
-0.641760
-0.642073
-0.642308
-0.642777
-0.642934
-0.643247
-0.643169
-0.643403
-0.644030
-0.644421
-0.644499
-0.644812
-0.645282
-0.645360
-0.645517
-0.645908
-0.646143
-0.646456
-0.646847
-0.647160
-0.647239
-0.647630
-0.647786
