-0.534765
-0.535078
-0.535000
-0.535391
-0.535782
-0.536017
-0.536174
-0.536487
-0.536800
-0.537113
-0.537348
-0.537426
-0.537817
-0.538052
-0.538365
-0.538365
-0.538600
-0.539383
-0.539461
-0.539070
-0.539852
-0.540166
-0.540557
-0.540870
-0.541261
-0.541261
-0.541574
-0.542122
-0.542592
-0.542827
-0.543140
-0.543296
-0.543531
-0.543844
-0.544236
-0.544236
-0.544627
-0.544862
-0.545566
-0.545410
-0.545723
-0.546114
-0.546740
-0.546975
-0.546975
-0.547053
-0.547758
-0.547679
-0.547992
-0.548384
-0.548775
-0.548853
-0.549245
-0.549636
-0.549636
-0.550106
-0.550341
-0.550575
-0.551202
-0.551280
-0.551515
-0.551749
-0.551828
-0.552219
-0.552141
-0.552689
-0.553002
-0.553315
-0.553471
-0.553471
-0.553941
-0.554254
-0.554880
-0.555037
-0.555272
-0.555741
-0.555819
-0.556054
-0.556289
-0.556915
-0.556915
-0.557150
-0.557463
-0.558168
-0.558168
-0.558402
-0.559029
-0.559185
-0.559029
-0.559889
-0.560046
-0.559968
-0.560359
-0.560516
-0.561455
-0.561846
-0.561768
-0.562394
-0.562316
-0.563099
-0.563333
-0.563725
-0.563803
-0.564194
-0.564507
-0.564742
-0.564977
-0.565212
-0.565603
-0.565916
-0.566308
-0.566464
-0.566777
-0.566856
-0.567012
-0.567247
-0.567638
-0.568030
-0.568421
-0.568421
-0.568891
-0.568969
-0.569595
-0.569438
-0.569986
-0.570299
-0.570299
-0.570847
-0.570847
-0.571317
-0.571787
-0.571865
-0.572256
-0.572491
-0.573039
-0.572882
-0.573430
-0.573665
-0.573743
-0.573978
-0.574682
-0.574839
-0.575309
-0.575309
-0.575700
-0.576170
-0.576326
-0.576717
-0.576874
-0.577187
-0.577422
-0.577813
-0.578048
-0.578439
-0.578518
-0.578909
-0.579457
-0.579848
-0.579770
-0.580083
-0.580474
-0.580788
-0.580944
-0.580944
-0.581805
-0.582196
-0.582744
-0.582666
-0.582979
-0.583370
-0.583605
-0.584075
-0.584466
-0.584310
-0.584936
-0.585014
-0.585092
-0.585640
-0.586032
-0.586188
-0.586579
-0.586658
-0.587206
-0.587519
-0.587910
-0.588458
-0.588693
-0.588693
-0.589006
-0.589397
-0.589319
-0.589789
-0.590180
-0.590336
-0.590884
-0.591041
-0.591119
-0.591510
-0.591980
-0.592293
-0.592606
-0.592685
-0.593076
-0.593154
-0.593859
-0.593937
-0.594250
-0.594641
-0.595189
-0.595189
-0.595502
-0.595815
-0.596285
-0.596520
-0.596676
-0.597068
-0.597302
-0.597772
-0.597616
-0.598320
-0.598476
-0.598790
-0.598790
-0.599416
-0.599729
-0.599729
-0.600355
-0.600512
-0.600590
-0.601294
-0.601920
-0.602233
-0.602390
-0.603094
-0.603329
-0.603486
-0.604112
-0.604112
-0.604503
-0.604660
-0.604973
-0.605443
-0.605756
-0.605912
-0.606147
-0.606382
-0.606538
-0.607008
-0.607321
-0.607478
-0.607869
-0.608182
-0.608495
-0.608965
-0.609278
-0.609434
-0.609826
-0.610060
-0.610295
-0.610687
-0.610765
-0.611000
-0.611469
-0.611391
-0.611704
-0.612252
-0.612409
-0.612643
-0.612956
-0.613504
-0.613504
-0.613739
-0.614287
-0.614209
-0.614835
-0.614913
-0.614991
-0.615383
-0.615774
-0.615774
-0.616087
-0.616322
-0.616870
-0.617105
-0.617496
-0.617809
-0.617966
-0.618279
-0.618748
-0.618748
-0.619061
-0.619296
-0.619688
-0.620314
-0.620157
-0.620705
-0.621175
-0.620940
-0.621331
-0.621879
-0.622271
-0.622662
-0.622818
-0.623288
-0.623601
-0.623679
-0.623914
-0.624227
-0.624540
-0.624775
-0.625401
-0.625558
-0.625793
-0.625949
-0.626575
-0.626419
-0.626654
-0.626967
-0.627593
-0.627984
-0.627749
-0.628141
-0.628689
-0.628845
-0.629237
-0.629550
-0.629784
-0.630411
-0.630880
-0.630724
-0.630880
-0.631506
-0.631585
-0.631663
-0.632133
-0.632446
-0.632680
-0.633150
-0.633307
-0.633463
-0.633776
-0.634324
-0.634481
-0.634794
-0.635028
-0.635263
-0.635655
-0.635968
-0.636124
-0.636516
-0.636829
-0.637298
-0.637064
-0.637533
-0.637690
-0.638394
-0.638472
-0.638629
-0.639177
-0.639099
-0.639568
-0.639725
-0.640116
-0.640507
-0.640899
-0.641134
-0.641603
-0.641838
-0.642308
-0.642464
-0.642542
-0.642855
-0.643403
-0.643482
-0.643795
-0.643795
-0.644264
-0.644499
-0.644734
-0.644890
-0.645360
-0.645282
-0.645830
-0.646221
-0.646847
-0.646769
-0.647239
-0.647552
-0.647552
-0.647865
-0.648491
-0.648569
-0.649039
-0.649195
-0.649508
-0.649587
-0.650056
-0.650369
-0.650526
-0.650761
-0.651387
-0.651465
-0.651856
-0.652170
-0.652326
-0.652796
-0.652952
-0.653187
-0.653422
-0.653422
-0.653657
-0.653970
-0.654205
-0.654126
-0.653970
-0.654048
-0.653970
-0.653970
-0.654126
-0.653970
-0.653657
-0.653657
-0.653500
-0.653500
-0.653344
-0.653109
-0.652796
-0.652874
-0.652483
-0.652326
-0.652013
-0.651700
-0.651465
-0.651152
-0.650682
-0.650526
-0.650369
-0.650135
-0.649978
-0.649665
-0.649352
-0.649117
-0.648804
-0.648413
-0.648021
-0.648021
-0.647630
-0.647160
-0.646612
-0.646534
-0.646456
-0.646221
-0.645830
-0.645360
-0.645282
-0.644890
-0.644421
-0.644499
-0.643873
-0.643325
-0.643403
-0.643247
-0.642855
-0.642542
-0.641916
-0.641447
-0.641525
-0.640977
-0.640820
-0.639959
-0.639881
-0.639568
-0.639020
-0.638864
-0.638707
-0.637924
-0.637768
-0.637298
-0.637298
-0.636750
-0.636437
-0.636203
-0.635968
-0.635107
-0.635185
-0.634794
-0.634559
-0.634011
-0.633933
-0.633541
-0.633150
-0.632524
-0.632524
-0.631819
-0.631741
-0.631428
-0.630958
-0.630802
-0.630411
-0.629784
-0.629863
-0.629550
-0.628845
-0.628845
-0.628454
-0.627984
-0.627593
-0.627202
-0.627045
-0.627045
-0.626341
-0.625871
-0.625871
-0.625480
-0.625166
-0.625088
-0.624462
-0.623992
-0.623679
-0.623679
-0.623288
-0.622897
-0.622505
-0.622036
-0.621879
-0.621410
-0.621253
-0.620783
-0.620470
-0.619688
-0.619453
-0.619453
-0.618983
-0.618827
-0.618514
-0.618122
-0.617731
-0.617496
-0.616870
-0.616948
-0.616479
-0.616009
-0.615852
-0.615852
-0.615539
-0.614913
-0.614444
-0.614444
-0.614130
-0.613583
-0.613269
-0.613113
-0.612878
-0.612409
-0.611939
-0.611861
-0.611391
-0.611156
-0.610687
-0.610374
-0.610139
-0.609982
-0.609904
-0.609669
-0.609434
-0.609199
-0.608730
-0.608104
-0.607947
-0.607478
-0.607086
-0.606773
-0.606225
-0.605990
-0.605599
-0.605521
-0.605129
-0.604738
-0.604268
-0.604112
-0.603721
-0.603486
-0.602938
-0.602860
-0.602547
-0.602077
-0.602077
-0.601216
-0.600512
-0.600433
-0.599885
-0.599651
-0.599181
-0.598633
-0.598633
-0.598398
-0.597929
-0.597772
-0.597381
-0.597224
-0.596520
-0.595972
-0.595815
-0.595815
-0.595267
-0.594798
-0.594720
-0.594563
-0.594172
-0.593624
-0.593154
-0.593154
-0.592763
-0.592450
-0.592215
-0.591589
-0.591354
-0.591197
-0.590806
-0.590336
-0.589945
-0.589789
-0.589319
-0.589162
-0.588771
-0.588301
-0.587988
-0.587597
-0.587440
-0.586971
-0.586893
-0.586658
-0.586032
-0.585640
-0.585484
-0.584936
-0.584701
-0.584623
-0.583997
-0.583605
-0.583136
-0.583136
-0.582588
-0.582196
-0.581727
-0.581335
-0.581335
-0.581022
-0.580866
-0.580553
-0.580161
-0.579692
-0.579535
-0.579066
-0.578518
-0.578361
-0.578283
-0.577813
-0.577187
-0.576796
-0.576796
-0.576483
-0.576091
-0.576013
-0.575778
-0.575152
-0.574996
-0.574448
-0.574369
-0.573743
-0.573508
-0.573430
-0.572961
-0.572804
-0.572491
-0.572256
-0.571630
-0.571317
-0.570847
-0.570769
-0.569908
-0.569830
-0.569595
-0.569125
-0.568734
-0.568343
-0.568030
-0.567951
-0.567638
-0.567482
-0.567247
-0.567012
-0.566151
-0.565838
-0.565212
-0.565134
-0.564899
-0.564507
-0.563881
-0.563725
-0.563568
-0.563333
-0.562785
-0.562707
-0.562159
-0.561455
-0.561611
-0.561064
-0.560907
-0.560437
-0.560203
-0.559811
-0.559263
-0.558872
-0.558794
-0.558481
-0.557854
-0.557776
-0.557463
-0.556915
-0.556524
-0.556446
-0.556133
-0.555272
-0.555350
-0.554958
-0.554567
-0.554176
-0.554019
-0.553550
-0.553237
-0.553158
-0.552845
-0.552610
-0.552454
-0.551828
-0.551671
-0.551123
-0.550810
-0.550341
-0.550106
-0.549714
-0.549401
-0.549167
-0.549010
-0.548540
-0.548384
-0.547992
-0.547679
-0.547132
-0.546897
-0.546192
-0.546114
-0.545801
-0.545488
-0.545018
-0.544705
-0.544627
-0.544001
-0.543766
-0.543375
-0.543296
-0.542983
-0.542670
-0.542435
-0.541887
-0.541496
-0.541183
-0.541418
-0.540792
-0.540557
-0.539931
-0.539461
-0.539305
-0.539226
-0.538365
-0.538287
-0.537896
-0.537583
-0.537348
-0.536722
-0.536487
-0.536095
-0.535939
-0.535469
-0.535469
-0.534765
-0.534608
-0.534139
-0.534060
-0.533826
-0.533513
-0.533278
-0.533043
-0.532417
-0.532104
-0.532104
-0.531321
-0.531243
-0.530773
-0.530538
-0.529990
-0.529990
-0.529286
-0.528816
-0.528738
-0.528268
-0.527642
-0.527564
-0.527251
-0.527173
-0.526860
-0.526468
-0.526155
-0.525764
-0.525294
-0.525059
-0.524981
-0.524668
-0.524277
-0.523807
-0.523494
-0.523337
-0.522946
-0.522477
-0.522163
-0.522007
-0.521694
-0.520911
-0.520676
-0.520285
-0.519815
-0.519424
-0.519189
-0.518720
-0.518485
-0.518093
-0.517937
-0.517546
-0.517232
-0.517076
-0.516763
-0.516137
-0.515902
-0.515667
-0.515432
-0.515119
-0.514728
-0.514650
-0.514180
-0.514023
-0.513867
-0.513397
-0.512928
-0.512771
-0.512301
-0.511988
-0.511754
-0.511362
-0.510814
-0.510580
-0.510188
-0.509719
-0.509327
-0.509092
-0.508545
-0.508545
-0.508075
-0.508075
-0.507684
-0.507214
-0.507136
-0.506901
-0.506509
-0.505962
-0.505883
-0.505335
-0.504866
-0.504709
-0.504474
-0.504083
-0.504005
-0.503614
-0.503300
-0.502987
-0.502753
-0.502283
-0.501735
-0.501578
-0.501187
-0.500718
-0.500170
-0.499935
-0.499622
-0.499152
-0.499074
-0.498761
-0.498369
-0.497978
-0.498056
-0.497430
-0.497430
-0.496882
-0.496334
-0.496178
-0.495630
-0.495630
-0.495552
-0.495004
-0.494691
-0.494378
-0.494299
-0.493986
-0.493517
-0.493204
-0.492577
-0.492499
-0.492030
-0.491795
-0.491247
-0.490699
-0.490621
-0.490151
-0.490151
-0.489603
-0.489055
-0.489055
-0.488977
-0.488664
-0.488116
-0.488116
-0.487725
-0.487255
-0.487177
-0.486864
-0.486394
-0.486238
-0.485925
-0.485377
-0.484829
-0.484985
-0.484672
-0.484203
-0.484359
-0.483420
-0.483342
-0.483185
-0.482872
-0.482402
-0.482089
-0.481463
-0.481385
-0.481150
-0.480680
-0.480211
-0.480054
-0.479819
-0.479428
-0.478802
-0.478724
-0.478489
-0.478098
-0.477941
-0.477706
-0.477237
-0.477002
-0.477002
-0.476297
-0.476219
-0.475984
-0.475436
-0.475045
-0.474732
-0.474575
-0.474106
-0.473871
-0.473636
-0.473401
-0.472932
-0.472384
-0.472149
-0.471836
-0.471523
-0.471366
-0.470897
-0.470662
-0.470584
-0.470192
-0.469801
-0.469253
-0.469097
-0.468940
-0.468236
-0.468157
-0.468079
-0.467609
-0.467218
-0.466983
-0.466514
-0.466279
-0.466044
-0.465496
-0.465261
-0.465105
-0.464948
-0.464400
-0.464244
-0.463931
-0.463461
-0.463305
-0.462757
-0.462678
-0.462287
-0.461974
-0.461661
-0.461348
-0.460878
-0.460643
-0.460565
-0.460096
-0.459861
-0.459235
-0.459156
-0.458843
-0.458530
-0.458139
-0.457747
-0.457826
-0.457513
-0.457121
-0.457043
-0.456495
-0.455947
-0.455791
-0.455399
-0.454930
-0.454773
-0.454695
-0.454304
-0.454147
-0.453521
-0.453051
-0.452738
-0.452269
-0.452034
-0.451721
-0.451564
-0.451329
-0.450703
-0.450312
-0.450077
-0.449764
-0.449373
-0.449373
-0.449059
-0.448746
-0.448355
-0.448198
-0.447807
-0.447651
-0.447494
-0.447024
-0.446477
-0.446163
-0.445850
-0.445772
-0.445303
-0.445459
-0.444755
-0.444598
-0.444207
-0.443894
-0.443581
-0.443346
-0.443033
-0.442641
-0.442015
-0.442015
-0.441702
-0.441311
-0.440763
-0.440215
-0.439902
-0.439667
-0.439589
-0.439276
-0.438728
-0.438571
-0.438102
-0.437789
-0.437554
-0.437319
-0.436771
-0.436380
-0.436145
-0.436223
-0.435206
-0.434971
-0.434893
-0.434345
-0.434110
-0.433719
-0.433406
-0.433406
-0.433092
-0.432623
-0.432466
-0.431762
-0.431840
-0.431370
-0.431214
-0.430979
-0.430588
-0.429962
-0.429805
-0.429101
-0.429022
-0.428866
-0.428396
-0.428161
-0.427614
-0.427614
-0.427300
-0.427144
-0.426596
-0.426361
-0.425892
-0.425813
-0.425344
-0.424718
-0.424561
-0.424170
-0.424091
-0.423857
-0.423700
-0.423387
-0.423152
-0.422448
-0.422213
-0.422291
-0.421587
-0.421195
-0.421117
-0.420726
-0.420100
-0.419630
-0.419552
-0.419239
-0.418926
-0.418534
-0.418299
-0.418143
-0.417595
-0.417360
-0.416812
-0.416734
-0.416577
-0.416186
-0.415717
-0.415482
-0.415403
-0.415090
-0.414542
-0.414386
-0.414073
-0.413760
-0.413368
-0.413290
-0.412586
-0.412507
-0.412429
-0.411881
-0.411803
-0.411177
-0.411020
-0.410629
-0.410394
-0.410081
-0.409846
-0.409142
-0.409142
-0.408516
-0.408124
-0.408046
-0.407342
-0.407263
-0.407107
-0.406559
-0.406481
-0.405855
-0.405541
-0.405385
-0.405150
-0.405072
-0.404367
-0.404133
-0.403585
-0.403428
-0.403272
-0.402802
-0.402645
-0.401941
-0.402019
-0.402019
-0.401471
-0.400610
-0.400219
-0.400219
-0.399906
-0.399202
-0.398575
-0.398810
-0.398341
-0.398341
-0.398106
-0.397558
-0.397323
-0.397323
-0.396854
-0.396462
-0.396227
-0.395914
-0.395523
-0.395366
-0.395053
-0.394897
-0.394349
-0.393958
-0.393723
-0.393410
-0.393331
-0.392783
-0.392079
-0.392236
-0.391453
-0.391609
-0.391140
-0.390748
-0.390670
-0.389966
-0.389653
-0.389496
-0.389183
-0.389105
-0.388792
-0.388322
-0.387931
-0.388009
-0.387618
-0.387226
-0.386678
-0.386600
-0.386052
-0.385896
-0.385504
-0.385191
-0.385035
-0.384722
-0.384409
-0.384330
-0.383704
-0.383469
-0.383235
-0.383313
-0.382843
-0.382452
-0.382061
-0.381982
-0.381669
-0.381434
-0.381121
-0.380573
-0.380182
-0.380260
-0.379634
-0.379634
-0.379086
-0.378617
-0.378304
-0.378147
-0.377912
-0.377599
-0.377599
-0.377208
-0.376895
-0.376425
-0.376190
-0.376034
-0.375564
-0.375329
-0.375095
-0.374781
-0.374625
-0.374390
-0.373999
-0.373607
-0.373686
-0.373294
-0.372668
-0.372433
-0.372042
-0.371807
-0.371338
-0.371338
-0.371024
-0.370711
-0.370398
-0.370164
-0.369616
-0.369459
-0.369303
-0.368755
-0.368363
-0.368050
-0.367737
-0.367502
-0.367502
-0.367189
-0.367111
-0.366641
-0.366563
-0.366172
-0.365624
-0.365467
-0.365076
-0.364841
-0.364450
-0.364058
-0.363902
-0.363589
-0.363041
-0.363119
-0.362884
-0.362258
-0.362102
-0.361632
-0.361241
-0.360693
-0.360849
-0.360536
-0.359754
-0.359362
-0.359597
-0.359049
-0.358736
-0.358658
-0.358423
-0.358032
-0.357875
-0.357484
-0.356936
-0.356701
-0.356388
-0.355918
-0.355918
-0.355762
-0.355371
-0.355449
-0.355136
-0.354588
-0.354353
-0.354275
-0.353962
-0.353414
-0.353022
-0.352788
-0.352553
-0.352318
-0.351614
-0.351379
-0.351222
-0.351144
-0.350596
-0.350674
-0.350283
-0.349579
-0.349344
-0.349265
-0.348639
-0.348561
-0.348405
-0.348170
-0.347544
-0.347309
-0.347387
-0.346683
-0.346683
-0.346291
-0.346056
-0.345743
-0.345587
-0.345274
-0.344882
-0.344256
-0.344178
-0.344021
-0.343630
-0.343552
-0.343004
-0.342926
-0.342221
-0.342456
-0.341830
-0.341595
-0.341360
-0.341125
-0.340656
-0.340186
-0.339873
-0.339873
-0.339403
-0.339169
-0.338934
-0.338386
-0.338386
-0.337447
-0.337682
-0.337212
-0.336977
-0.336664
-0.336742
-0.336194
-0.335881
-0.335568
-0.335568
-0.335099
-0.334942
-0.334472
-0.334081
-0.334081
-0.333377
-0.333377
-0.333064
-0.332594
-0.332437
-0.332203
-0.331968
-0.331655
-0.331263
-0.330872
-0.330637
-0.330168
-0.330168
-0.329620
-0.329776
-0.329620
-0.328994
-0.329072
-0.328367
-0.327976
-0.327976
-0.327741
-0.327193
-0.326880
-0.326724
-0.326332
-0.326098
-0.325941
-0.325628
-0.324767
-0.324924
-0.324610
-0.324376
-0.324063
-0.323671
-0.323593
-0.323358
-0.323045
-0.322497
-0.322184
-0.322184
-0.321949
-0.321636
-0.321636
-0.321480
-0.320775
-0.320775
-0.320306
-0.320071
-0.319523
-0.319288
-0.318740
-0.318897
-0.318349
-0.318271
-0.317801
-0.317488
-0.317331
-0.317097
-0.316940
-0.316470
-0.315844
-0.315844
-0.315531
-0.315375
-0.314670
-0.314670
-0.314592
-0.314357
-0.314044
-0.313418
-0.313340
-0.313027
-0.312792
-0.312400
-0.312322
-0.311931
-0.311305
-0.311305
-0.310835
-0.310757
-0.310444
-0.309896
-0.309818
-0.309661
-0.308957
-0.308878
-0.308565
-0.308096
-0.307939
-0.307782
-0.307548
-0.307156
-0.307156
-0.306765
-0.306452
-0.306452
-0.306139
-0.305669
-0.305356
-0.305434
-0.304887
-0.304573
-0.304182
-0.303791
-0.303712
-0.303478
-0.303399
-0.303165
-0.302538
-0.302225
-0.302147
-0.301443
-0.301208
-0.301051
-0.300973
-0.300582
-0.300347
-0.300112
-0.299956
-0.299251
-0.299329
-0.299173
-0.298547
-0.298390
-0.297999
-0.297607
-0.297607
-0.297138
-0.296981
-0.296746
-0.296590
-0.296590
-0.295964
-0.295572
-0.295338
-0.295259
-0.294790
-0.294711
-0.294555
-0.294477
-0.293850
-0.293459
-0.293459
-0.293303
-0.293146
-0.292755
-0.292207
-0.291894
-0.291894
-0.291894
-0.291346
-0.290954
-0.290641
-0.290563
-0.290172
-0.289702
-0.289624
-0.289389
-0.288919
-0.288919
-0.288293
-0.287902
-0.287589
-0.287511
-0.287276
-0.286806
-0.286571
-0.286258
-0.286102
-0.285867
-0.285789
-0.285163
-0.284849
-0.284536
-0.284536
-0.284145
-0.283988
-0.283832
-0.283362
-0.283049
-0.282893
-0.282658
-0.282345
-0.282267
-0.281875
-0.281562
-0.281406
-0.281014
-0.280623
-0.280153
-0.280153
-0.279762
-0.279605
-0.279214
-0.279136
-0.278901
-0.278353
-0.278275
-0.278040
-0.277883
-0.277492
-0.277257
-0.276788
-0.276553
-0.276631
-0.276631
-0.276240
-0.276161
-0.275535
-0.275144
-0.275144
-0.274831
-0.274753
-0.274205
-0.274361
-0.273813
-0.273579
-0.273344
-0.272952
-0.272718
-0.272561
-0.272170
-0.271778
-0.271700
-0.271074
-0.271152
-0.270917
-0.270761
-0.270370
-0.270213
-0.269978
-0.269822
-0.269665
-0.268961
-0.268961
-0.268648
-0.268491
-0.268256
-0.267865
-0.267787
-0.267317
-0.267239
-0.267082
-0.266613
-0.266534
-0.265908
-0.265752
-0.265752
-0.265595
-0.265360
-0.265047
-0.264969
-0.264812
-0.264499
-0.264108
-0.264030
-0.263638
-0.263560
-0.263090
-0.262777
-0.262386
-0.262308
-0.262073
-0.261682
-0.261212
-0.261290
-0.260899
-0.260742
-0.260664
-0.260351
-0.260273
-0.259647
-0.259333
-0.259177
-0.258942
-0.258629
-0.258707
-0.258316
-0.258159
-0.257690
-0.257455
-0.257298
-0.256907
-0.256594
-0.256203
-0.256046
-0.256046
-0.255733
-0.255577
-0.255498
-0.255185
-0.255498
-0.254481
-0.254011
-0.254089
-0.253855
-0.253855
-0.253228
-0.253307
-0.253150
-0.253072
-0.252524
-0.252446
-0.252133
-0.251898
-0.251741
-0.251428
-0.250959
-0.250802
-0.250724
-0.250489
-0.250567
-0.250176
-0.249863
-0.249550
-0.249628
-0.249237
-0.248689
-0.248767
-0.248611
-0.248297
-0.248141
-0.247593
-0.247280
-0.247280
-0.247436
-0.247593
-0.247045
-0.246732
-0.246419
-0.246106
-0.246028
-0.245715
-0.245636
-0.245636
-0.245245
-0.245167
-0.245010
-0.244462
-0.244306
-0.244227
-0.243993
-0.243836
-0.243680
-0.243523
-0.242740
-0.242897
-0.242740
-0.242271
-0.242349
-0.242271
-0.241723
-0.241253
-0.240940
-0.240705
-0.240549
-0.240549
-0.240157
-0.239531
-0.239453
-0.239218
-0.239218
-0.238827
-0.238749
-0.238514
-0.238122
-0.237809
-0.238201
-0.237653
-0.237574
-0.237027
-0.237027
-0.236714
-0.237027
-0.236479
-0.236322
-0.236400
-0.235774
-0.235853
-0.235696
-0.235226
-0.234992
-0.234913
-0.234757
-0.234365
-0.234444
-0.233896
-0.234052
-0.233661
-0.233583
-0.233270
-0.232878
-0.232800
-0.232722
-0.232409
-0.232096
-0.232174
-0.232017
-0.231469
-0.231235
-0.231156
-0.230765
-0.230687
-0.230608
-0.230139
-0.230374
-0.229826
-0.229591
-0.229591
-0.229591
-0.229278
-0.228887
-0.228730
-0.228652
-0.228495
-0.228417
-0.228104
-0.227947
-0.227634
-0.227556
-0.227399
-0.227399
-0.227086
-0.226852
-0.226695
-0.226460
-0.226382
-0.226225
-0.226069
-0.225756
-0.225599
-0.225521
-0.224973
-0.224973
-0.224817
-0.224738
-0.224582
-0.224112
-0.224190
-0.223877
-0.223799
-0.223642
-0.222938
-0.223408
-0.223095
-0.222625
-0.222625
-0.222312
-0.222390
-0.222155
-0.221999
-0.221686
-0.221138
-0.221138
-0.220981
-0.220825
-0.220590
-0.220512
-0.220355
-0.220199
-0.220277
-0.219886
-0.219494
-0.219259
-0.219494
-0.219181
-0.219181
-0.218633
-0.218946
-0.218711
-0.218477
-0.218164
-0.217929
-0.217694
-0.217772
-0.217694
-0.217694
-0.217381
-0.217224
-0.217381
-0.216911
-0.216911
-0.216598
-0.216520
-0.216285
-0.216285
-0.216129
-0.215894
-0.215815
-0.215737
-0.215659
-0.215033
-0.214955
-0.215111
-0.214876
-0.214720
-0.214407
-0.214250
-0.214015
-0.213780
-0.213937
-0.213467
-0.213467
-0.213546
-0.213154
-0.213389
-0.213233
-0.213154
-0.212685
-0.212841
-0.212528
-0.212450
-0.211980
-0.211745
-0.211667
-0.211432
-0.211511
-0.211511
-0.211198
-0.211041
-0.210806
-0.210650
-0.210337
-0.210337
-0.210415
-0.210415
-0.210258
-0.210180
-0.210258
-0.209710
-0.209554
-0.209710
-0.209397
-0.209241
-0.208771
-0.208849
-0.208928
-0.208849
-0.208771
-0.208380
-0.208615
-0.208302
-0.208223
-0.207910
-0.207832
-0.207910
-0.207519
-0.207362
-0.207441
-0.207284
-0.207441
-0.207362
-0.207441
-0.207362
-0.207206
-0.206893
-0.206658
-0.206814
-0.206658
-0.206423
-0.206267
-0.206345
-0.206188
-0.206188
-0.206110
-0.206032
-0.205953
-0.205719
-0.205640
-0.205484
-0.205484
-0.205327
-0.205171
-0.205249
-0.205249
-0.205014
-0.204858
-0.204936
-0.204466
-0.204388
-0.204388
-0.204466
-0.204310
-0.204232
-0.204075
-0.204232
-0.204388
-0.204388
-0.204075
-0.203918
-0.203762
-0.203605
-0.203371
-0.203371
-0.203449
-0.203292
-0.203449
-0.203371
-0.203292
-0.203449
-0.202901
-0.203214
-0.202979
-0.202823
-0.202666
-0.202510
-0.202744
-0.202431
-0.202588
-0.202431
-0.202431
-0.202118
-0.202353
-0.202275
-0.202040
-0.202197
-0.201883
-0.201883
-0.202118
-0.201883
-0.201805
-0.201805
-0.201962
-0.201727
-0.201179
-0.201414
-0.201570
-0.201101
-0.201492
-0.201257
-0.201179
-0.201179
-0.201492
-0.201336
-0.201179
-0.201101
-0.200788
-0.200788
-0.200866
-0.200709
-0.200866
-0.200475
-0.200788
-0.200944
-0.200631
-0.200631
-0.200240
-0.200396
-0.200005
-0.200240
-0.200005
-0.199692
-0.200396
-0.200162
-0.200005
-0.200240
-0.200240
-0.200162
-0.199927
-0.199927
-0.200083
-0.200162
-0.200240
-0.199927
-0.200318
-0.200240
-0.200240
-0.200083
-0.200083
-0.200083
-0.200083
-0.200005
-0.200475
-0.200553
-0.200240
-0.200631
-0.200553
-0.200318
-0.200162
-0.200475
-0.200396
-0.200318
-0.199927
-0.200083
-0.200083
-0.200083
-0.200083
-0.200553
-0.200631
-0.200553
-0.200553
-0.200005
-0.200240
-0.200005
-0.200318
-0.200631
-0.200709
-0.200709
-0.200709
-0.200866
-0.201101
-0.200944
-0.201101
-0.200631
-0.200396
-0.200709
-0.200631
-0.200944
-0.200553
-0.201101
-0.200631
-0.200553
-0.200944
-0.201101
-0.201101
-0.200866
-0.200788
-0.200788
-0.201022
-0.201179
-0.201022
-0.201179
-0.201179
-0.201257
-0.201257
-0.201414
-0.201179
-0.201336
-0.201179
-0.201727
-0.201805
-0.201570
-0.201727
-0.201883
-0.201962
-0.201883
-0.201805
-0.201570
-0.201805
-0.201962
-0.201883
-0.202040
-0.202197
-0.202197
-0.201962
-0.201805
-0.202040
-0.201962
-0.202275
-0.202040
-0.202197
-0.202275
-0.202666
-0.202353
-0.202666
-0.202666
-0.202666
-0.202901
-0.202901
-0.202823
-0.202666
-0.202744
-0.203214
-0.203214
-0.203136
-0.203214
-0.203371
-0.203527
-0.203449
-0.203292
-0.203292
-0.203371
-0.203605
-0.203527
-0.203840
-0.203605
-0.203762
-0.203684
-0.203840
-0.203840
-0.203997
-0.203762
-0.203918
-0.204232
-0.204310
-0.204388
-0.204232
-0.204466
-0.204466
-0.204623
-0.204623
-0.204388
-0.204858
-0.204858
-0.204858
-0.205171
-0.204936
-0.205171
-0.204701
-0.204779
-0.205093
-0.205093
-0.205327
-0.205249
-0.205327
-0.205327
-0.205484
-0.205875
-0.206110
-0.205719
-0.205719
-0.205953
-0.205797
-0.205875
-0.205797
-0.205953
-0.206267
-0.206423
-0.206580
-0.206501
-0.206345
-0.206345
-0.206501
-0.206501
-0.206580
-0.206501
-0.206658
-0.206893
-0.207049
-0.206893
-0.207206
-0.206971
-0.207128
-0.207206
-0.207206
-0.207206
-0.207049
-0.207206
-0.207206
-0.207597
-0.207754
-0.207362
-0.207597
-0.207441
-0.207675
-0.207675
-0.207519
-0.207519
-0.207754
-0.207910
-0.208067
-0.208302
-0.208223
-0.207989
-0.208145
-0.208223
-0.208458
-0.208145
-0.208067
-0.208302
-0.208458
-0.208693
-0.208771
-0.208693
-0.208536
-0.208223
-0.208536
-0.208458
-0.208223
-0.208223
-0.208458
-0.208380
-0.208615
-0.208771
-0.208693
-0.208693
-0.208693
-0.208536
-0.208771
-0.208615
-0.208458
-0.208458
-0.208849
-0.208849
-0.208771
-0.208615
-0.208693
-0.208849
-0.208615
-0.208536
-0.208771
-0.208849
-0.208458
-0.208771
-0.208849
-0.208615
-0.208693
-0.208928
-0.208458
-0.208615
-0.208380
-0.208536
-0.208458
-0.208458
-0.208693
-0.208536
-0.208536
-0.208302
-0.208223
-0.207989
-0.207910
-0.207832
-0.208145
-0.208145
-0.207832
-0.207910
-0.207910
-0.207989
-0.207441
-0.207675
-0.207206
-0.207519
-0.207441
-0.207362
-0.206893
-0.206893
-0.206893
-0.206814
-0.206580
-0.206345
-0.206501
-0.206423
-0.206110
-0.205953
-0.205875
-0.205875
-0.205953
-0.206032
-0.205640
-0.205327
-0.205327
-0.205093
-0.205014
-0.204858
-0.204545
-0.204623
-0.204153
-0.204310
-0.204545
-0.204232
-0.203997
-0.203762
-0.203605
-0.203214
-0.203058
-0.202979
-0.202901
-0.202823
-0.202666
-0.202901
-0.202431
-0.202275
-0.201883
-0.201649
-0.201101
-0.201257
-0.200631
-0.200553
-0.200162
-0.199927
-0.199927
-0.199535
-0.199144
-0.199144
-0.198987
-0.197813
-0.198048
-0.197735
-0.197579
-0.197266
-0.197266
-0.197187
-0.196639
-0.196718
-0.196091
-0.195857
-0.195231
-0.195309
-0.194917
-0.194683
-0.194213
-0.194056
-0.193978
-0.193822
-0.193352
-0.192882
-0.192491
-0.192100
-0.191787
-0.191630
-0.191160
-0.190847
-0.190613
-0.190300
-0.189908
-0.189595
-0.189047
-0.188734
-0.188578
-0.187951
-0.187638
-0.187404
-0.186934
-0.186386
-0.186621
-0.186073
-0.185369
-0.185134
-0.184586
-0.184273
-0.183803
-0.183334
-0.182864
-0.182707
-0.182316
-0.181612
-0.181299
-0.180751
-0.179968
-0.179655
-0.179029
-0.178716
-0.178559
-0.177933
-0.177385
-0.177072
-0.176837
-0.176524
-0.175898
-0.175428
-0.174880
-0.174411
-0.173785
-0.173472
-0.173080
-0.172845
-0.172532
-0.171906
-0.171358
-0.170576
-0.170106
-0.169480
-0.169245
-0.168462
-0.168149
-0.167836
-0.167366
-0.166662
-0.166427
-0.165801
-0.164784
-0.164236
-0.163688
-0.163296
-0.162827
-0.162279
-0.161653
-0.161340
-0.160792
-0.160009
-0.159305
-0.158365
-0.158052
-0.157426
-0.156722
-0.156174
-0.155626
-0.155391
-0.154843
-0.154609
-0.153904
-0.152652
-0.152260
-0.151791
-0.151321
-0.150695
-0.149912
-0.149599
-0.148895
-0.148660
-0.148034
-0.146860
-0.146077
-0.145686
-0.145060
-0.144512
-0.143651
-0.143416
-0.142790
-0.142398
-0.141851
-0.140990
-0.139659
-0.139268
-0.138720
-0.138407
-0.137780
-0.136998
-0.136450
-0.136059
-0.135354
-0.134885
-0.133554
-0.132693
-0.132302
-0.131910
-0.131206
-0.130423
-0.129640
-0.129327
-0.128858
-0.128310
-0.127449
-0.126275
-0.126118
-0.125257
-0.124631
-0.123770
-0.123144
-0.122440
-0.122205
-0.121657
-0.120874
-0.119152
-0.118370
-0.117978
-0.117587
-0.117039
-0.116648
-0.115787
-0.115395
-0.115082
-0.114378
-0.113517
-0.112499
-0.111873
-0.111482
-0.110934
-0.109838
-0.109369
-0.108586
-0.108116
-0.107568
-0.106864
-0.105846
-0.104907
-0.104124
-0.103655
-0.102872
-0.102637
-0.101698
-0.101307
-0.100681
-0.099898
-0.099272
-0.098411
-0.097550
-0.096845
-0.096611
-0.095750
-0.094967
-0.094028
-0.093402
-0.092932
-0.092227
-0.090975
-0.089958
-0.089645
-0.088549
-0.088236
-0.087610
-0.086827
-0.086436
-0.085653
-0.085027
-0.083696
-0.082757
-0.081896
-0.081191
-0.080174
-0.079861
-0.078765
-0.078061
-0.077748
-0.076652
-0.075321
-0.074773
-0.074225
-0.073443
-0.072738
-0.072190
-0.071173
-0.070468
-0.070234
-0.069216
-0.068355
-0.067729
-0.067181
-0.066477
-0.066007
-0.065224
-0.064363
-0.063894
-0.063189
-0.062407
-0.061311
-0.060685
-0.060137
-0.059589
-0.058571
-0.057867
-0.056771
-0.056536
-0.056223
-0.055362
-0.054267
-0.053562
-0.052701
-0.052466
-0.051762
-0.050979
-0.050118
-0.049492
-0.048709
-0.048005
-0.047222
-0.046440
-0.045970
-0.045187
-0.044796
-0.044170
-0.043152
-0.042604
-0.041822
-0.041509
-0.040569
-0.039239
-0.038847
-0.037987
-0.037360
-0.036812
-0.036030
-0.035638
-0.034699
-0.034230
-0.033290
-0.032508
-0.031960
-0.031177
-0.030864
-0.030238
-0.029377
-0.028359
-0.027890
-0.027185
-0.026324
-0.025620
-0.025229
-0.024759
-0.024054
-0.023585
-0.022959
-0.022019
-0.021237
-0.020454
-0.019906
-0.019045
-0.018341
-0.017871
-0.017245
-0.016697
-0.015993
-0.014975
-0.014192
-0.014036
-0.013253
-0.012392
-0.011766
-0.011375
-0.010749
-0.010279
-0.009496
-0.008479
-0.007853
-0.007305
-0.006600
-0.005739
-0.005113
-0.004800
-0.004252
-0.003783
-0.003391
-0.002452
-0.001904
-0.001435
-0.000887
-0.000182
0.000600
0.000835
0.001227
0.001618
0.002244
0.002949
0.003888
0.004749
0.005218
0.006236
0.006706
0.007410
0.007645
0.008193
0.008662
0.009445
0.010071
0.010541
0.011323
0.011950
0.012654
0.013437
0.013672
0.014219
0.014689
0.015707
0.016254
0.017037
0.017429
0.018133
0.018681
0.019385
0.019933
0.020168
0.020716
0.021577
0.022438
0.023064
0.023768
0.024160
0.024708
0.025490
0.025882
0.026430
0.027056
0.027604
0.028465
0.029012
0.029717
0.030421
0.031204
0.031361
0.031908
0.032221
0.032769
0.033082
0.033943
0.034570
0.035352
0.035822
0.036292
0.036839
0.037466
0.038013
0.038327
0.039031
0.039970
0.041066
0.041770
0.042162
0.042944
0.043258
0.043884
0.044588
0.044901
0.045371
0.046075
0.046780
0.047484
0.047719
0.048502
0.048893
0.049597
0.050145
0.050537
0.050928
0.051789
0.052337
0.053276
0.053902
0.054294
0.055076
0.055546
0.056094
0.056485
0.057033
0.057581
0.058207
0.059068
0.059538
0.060086
0.060633
0.061338
0.061729
0.062199
0.062903
0.063216
0.063999
0.064938
0.065251
0.065564
0.066425
0.066660
0.066895
0.067756
0.068226
0.068617
0.069165
0.070182
0.070730
0.071278
0.071983
0.072296
0.072609
0.073235
0.073704
0.074174
0.075113
0.076053
0.076444
0.077070
0.077618
0.078009
0.078244
0.078714
0.079340
0.080044
0.081140
0.081610
0.082158
0.082549
0.083097
0.083566
0.083958
0.084193
0.084897
0.085601
0.086149
0.086932
0.087245
0.087871
0.087950
0.088967
0.089124
0.089593
0.089985
0.090611
0.091315
0.091863
0.092333
0.092881
0.093194
0.093820
0.094289
0.094446
0.094837
0.095698
0.096403
0.096951
0.097342
0.097812
0.098359
0.098594
0.099299
0.099455
0.100081
0.100786
0.101569
0.101725
0.102195
0.102586
0.103056
0.103447
0.104073
0.104230
0.104856
0.105169
0.105873
0.106656
0.107047
0.107360
0.107908
0.108378
0.109004
0.109317
0.110022
0.110648
0.110961
0.111431
0.111978
0.112605
0.112918
0.113387
0.113466
0.113935
0.114796
0.115266
0.116048
0.116675
0.117222
0.117457
0.117849
0.118240
0.118788
0.119023
0.119414
0.120197
0.120979
0.121293
0.121840
0.122232
0.122780
0.123093
0.123484
0.123797
0.124345
0.124893
0.125206
0.125832
0.125910
0.126615
0.126928
0.127476
0.127945
0.128102
0.128885
0.129276
0.130059
0.130372
0.130920
0.131233
0.131937
0.132250
0.132798
0.133111
0.133659
0.134129
0.134755
0.134990
0.135303
0.135616
0.136164
0.136790
0.137338
0.137651
0.137964
0.138590
0.139060
0.139373
0.139999
0.140234
0.141017
0.141251
0.141643
0.142191
0.142504
0.142895
0.143678
0.144069
0.143991
0.144460
0.145008
0.145634
0.145869
0.146261
0.146652
0.147278
0.147591
0.148139
0.148609
0.148765
0.149157
0.149548
0.150018
0.150487
0.150722
0.151583
0.151896
0.152209
0.152600
0.153148
0.153461
0.153853
0.154792
0.154949
0.155496
0.155731
0.156279
0.156827
0.157375
0.157610
0.158079
0.158862
0.159019
0.159645
0.160036
0.160584
0.160740
0.161132
0.161601
0.161993
0.162619
0.162932
0.163480
0.163793
0.164263
0.164732
0.165045
0.165593
0.165750
0.166141
0.166689
0.167002
0.167472
0.167941
0.168411
0.168646
0.168724
0.169350
0.169507
0.170055
0.170681
0.171150
0.171463
0.172090
0.172716
0.172872
0.173420
0.173655
0.173890
0.174203
0.174986
0.175220
0.175612
0.176160
0.176394
0.177099
0.177021
0.177803
0.178116
0.178429
0.178899
0.179604
0.179525
0.180151
0.180699
0.181404
0.181247
0.181952
0.182186
0.183047
0.183282
0.183674
0.184143
0.184848
0.184848
0.185395
0.185943
0.186178
0.186491
0.186883
0.187352
0.187978
0.188370
0.188761
0.189074
0.189700
0.189779
0.190092
0.190640
0.191031
0.191814
0.192127
0.192440
0.192831
0.193379
0.193144
0.193536
0.194083
0.194397
0.195101
0.195492
0.195962
0.196353
0.196745
0.197292
0.197136
0.197762
0.197840
0.198467
0.199249
0.199797
0.199875
0.200345
0.201284
0.201676
0.201754
0.202302
0.202537
0.203006
0.203398
0.204024
0.204259
0.204259
0.205119
0.205276
0.205511
0.205589
0.206215
0.206685
0.207311
0.207624
0.208015
0.208250
0.208798
0.209189
0.209424
0.209659
0.209972
0.210833
0.211146
0.211772
0.212477
0.212477
0.213025
0.213416
0.213494
0.214042
0.214512
0.214825
0.215451
0.215608
0.215842
0.216312
0.216547
0.216860
0.217330
0.217643
0.218034
0.218504
0.218895
0.219208
0.219834
0.220382
0.220852
0.221008
0.221478
0.221869
0.222339
0.222965
0.223200
0.223748
0.224061
0.224374
0.224843
0.225078
0.225157
0.225861
0.226644
0.226800
0.226957
0.227583
0.228131
0.228131
0.228600
0.228913
0.229461
0.229774
0.230088
0.230401
0.230792
0.231105
0.231340
0.231809
0.232123
0.232514
0.233297
0.233610
0.234236
0.234471
0.234705
0.235097
0.235410
0.235332
0.235723
0.236114
0.236662
0.237288
0.237210
0.237993
0.238228
0.238775
0.238932
0.239245
0.239636
0.240028
0.240576
0.241202
0.241671
0.241593
0.242063
0.242454
0.242767
0.242846
0.243237
0.243550
0.244098
0.244489
0.244724
0.245272
0.245507
0.245976
0.246133
0.246681
0.246916
0.247620
0.248090
0.248403
0.248559
0.249029
0.249342
0.249655
0.249733
0.250203
0.250672
0.251220
0.251377
0.251612
0.252238
0.252473
0.252786
0.253099
0.253568
0.253803
0.254273
0.254664
0.254899
0.255290
0.255760
0.255995
0.256308
0.256464
0.256778
0.257247
0.257717
0.258108
0.258186
0.258578
0.258969
0.259126
0.259517
0.259830
0.259908
0.260613
0.261082
0.261474
0.261865
0.262022
0.262569
0.262413
0.262883
0.263430
0.263587
0.263900
0.264526
0.264839
0.265231
0.265779
0.266013
0.266013
0.266248
0.266640
0.267109
0.267657
0.267970
0.268440
0.268753
0.268831
0.269144
0.269614
0.270005
0.270240
0.270944
0.271257
0.271727
0.272040
0.272588
0.272666
0.273058
0.273527
0.273684
0.274075
0.274310
0.275171
0.275249
0.275327
0.275875
0.276188
0.276971
0.276971
0.277284
0.277362
0.277832
0.278537
0.278615
0.279084
0.279163
0.279711
0.280180
0.280963
0.281354
0.281354
0.281824
0.282450
0.282450
0.282763
0.283154
0.283781
0.284015
0.284407
0.284798
0.284876
0.285346
0.285503
0.285972
0.286442
0.286911
0.287303
0.287616
0.287694
0.288320
0.288946
0.289103
0.289573
0.289573
0.289964
0.290277
0.290903
0.291608
0.291764
0.292155
0.292155
0.292782
0.293016
0.293330
0.293721
0.294112
0.294269
0.294973
0.295365
0.295521
0.295912
0.296147
0.296226
0.296617
0.297243
0.297634
0.297869
0.298182
0.298339
0.298730
0.299356
0.299591
0.299826
0.300217
0.301078
0.300922
0.301548
0.301861
0.302565
0.302565
0.302957
0.303348
0.303505
0.303818
0.304366
0.304757
0.305070
0.305461
0.305618
0.306088
0.306166
0.306635
0.306948
0.307340
0.307418
0.308201
0.308670
0.308514
0.309062
0.309453
0.309844
0.310392
0.310471
0.311253
0.311645
0.312036
0.312193
0.312662
0.312740
0.312819
0.313445
0.313758
0.314306
0.314462
0.314932
0.315245
0.315793
0.315871
0.315871
0.316497
0.317045
0.317280
0.317515
0.318141
0.318376
0.318924
0.318767
0.319237
0.319393
0.319550
0.319941
0.320724
0.321037
0.321194
0.321898
0.321976
0.322055
0.322368
0.322916
0.323463
0.323698
0.324168
0.324481
0.324403
0.324951
0.325185
0.325498
0.325577
0.325811
0.325968
0.326751
0.326986
0.327299
0.327377
0.327612
0.328081
0.328707
0.328707
0.329021
0.329412
0.329882
0.330273
0.330586
0.330977
0.330899
0.331447
0.331760
0.332073
0.332621
0.332856
0.333247
0.333404
0.333873
0.333952
0.334421
0.334656
0.334578
0.335204
0.335752
0.336143
0.336221
0.336769
0.336769
0.337239
0.337552
0.337943
0.337709
0.338256
0.338491
0.338961
0.339430
0.339822
0.340291
0.340526
0.340604
0.340761
0.341544
0.341857
0.342092
0.342170
0.342874
0.343031
0.343187
0.343814
0.343892
0.344205
0.344440
0.345066
0.345066
0.345222
0.345927
0.346240
0.346475
0.346710
0.347101
0.347257
0.347492
0.347727
0.348510
0.348588
0.348745
0.349214
0.349449
0.349684
0.350075
0.350780
0.350858
0.351484
0.351327
0.351797
0.352032
0.352267
0.352580
0.352893
0.353284
0.353441
0.353754
0.354537
0.354693
0.355397
0.355241
0.355554
0.356024
0.356180
0.356493
0.356963
0.357198
0.357589
0.358059
0.357902
0.358372
0.358293
0.358841
0.359311
0.359468
0.359702
0.360328
0.360407
0.361033
0.361424
0.361894
0.361894
0.362050
0.362598
0.362911
0.363616
0.363772
0.364007
0.364242
0.364477
0.365025
0.365025
0.365181
0.365964
0.366277
0.366434
0.366825
0.367294
0.367373
0.367842
0.368077
0.368547
0.368782
0.369329
0.369564
0.369956
0.370190
0.370895
0.371286
0.371443
0.371756
0.371991
0.372695
0.372617
0.373008
0.372930
0.373478
0.373947
0.374182
0.374495
0.374808
0.374730
0.375278
0.375591
0.375826
0.376217
0.376609
0.376922
0.377156
0.377626
0.377939
0.378252
0.378487
0.378957
0.379113
0.379505
0.379896
0.380052
0.380522
0.380835
0.381227
0.381461
0.381540
0.382009
0.382401
0.382792
0.383027
0.383183
0.383183
0.384122
0.384436
0.384670
0.384983
0.385453
0.386001
0.386236
0.386627
0.386784
0.387175
0.387332
0.387488
0.388036
0.388271
0.388584
0.388975
0.389053
0.389523
0.389836
0.389836
0.390149
0.390541
0.391167
0.391793
0.391715
0.392106
0.392341
0.392889
0.392889
0.393437
0.393515
0.393984
0.394219
0.394845
0.394767
0.395159
0.395628
0.395863
0.395863
0.396489
0.396489
0.396724
0.397350
0.397820
0.398133
0.398368
0.398681
0.399072
0.399463
0.399542
0.400090
0.400324
0.401185
0.401577
0.401811
0.401811
0.402438
0.402438
0.402672
0.403299
0.403455
0.404081
0.404316
0.404473
0.404629
0.404864
0.405021
0.405412
0.405647
0.406116
0.406586
0.406742
0.407134
0.407447
0.407447
0.407917
0.407917
0.408386
0.408543
0.409325
0.409638
0.409873
0.410030
0.410499
0.410421
0.410812
0.411126
0.411517
0.411908
0.412221
0.412378
0.412613
0.412769
0.413317
0.413630
0.413865
0.413865
0.414335
0.414804
0.415039
0.415352
0.415509
0.416057
0.416135
0.416683
0.416918
0.417152
0.417622
0.417778
0.418170
0.418483
0.418248
0.418796
0.418953
0.419344
0.419657
0.419892
0.420440
0.420831
0.421222
0.421379
0.421535
0.422083
0.421927
0.422396
0.423023
0.423101
0.423492
0.423727
0.424040
0.424275
0.424353
0.424666
0.425214
0.425136
0.425449
0.426232
0.426153
0.426388
0.426780
0.426858
0.427093
0.427406
0.427875
0.428188
0.428501
0.428815
0.429206
0.429049
0.429519
0.429832
0.430067
0.430458
0.430536
0.430928
0.431163
0.431397
0.431554
0.431867
0.432258
0.432571
0.432728
0.433119
0.433511
0.433980
0.434215
0.434372
0.434685
0.435076
0.434841
0.435389
0.435781
0.436172
0.436407
0.436563
0.436955
0.437189
0.437268
0.437659
0.437972
0.438129
0.438677
0.438755
0.439303
0.439303
0.439851
0.439929
0.440085
0.440398
0.440398
0.440868
0.441494
0.441807
0.441807
0.442433
0.442355
0.442981
0.443294
0.443608
0.443686
0.443686
0.444234
0.444390
0.444860
0.445251
0.445486
0.445956
0.445877
0.446112
0.446817
0.447051
0.447286
0.447130
0.447991
0.448225
0.448225
0.448617
0.448930
0.449321
0.449634
0.449947
0.450182
0.450417
0.450652
0.450965
0.450965
0.451669
0.452061
0.452295
0.452374
0.452687
0.453000
0.453391
0.453548
0.453861
0.454565
0.454565
0.455035
0.455270
0.455505
0.455974
0.456366
0.456522
0.456835
0.457305
0.457461
0.457461
0.457774
0.458087
0.458401
0.458870
0.459183
0.459418
0.459653
0.459966
0.460201
0.460514
0.461218
0.461531
0.461610
0.462157
0.462471
0.462627
0.462940
0.463253
0.463488
0.463723
0.463958
0.464192
0.464740
0.464975
0.465523
0.465445
0.465367
0.465993
0.466306
0.466697
0.466775
0.467480
0.467636
0.467871
0.468028
0.468576
0.468419
0.468889
0.469202
0.469593
0.469828
0.470141
0.470298
0.470454
0.470689
0.471158
0.471628
0.472019
0.471785
0.472411
0.472802
0.473037
0.473272
0.473428
0.473820
0.473976
0.474602
0.474837
0.475072
0.475542
0.476011
0.476246
0.476403
0.476559
0.477107
0.477029
0.477420
0.477577
0.478203
0.478125
0.478203
0.478829
0.478907
0.479142
0.479690
0.479925
0.480316
0.480473
0.480864
0.481490
0.482116
0.481803
0.481960
0.482351
0.482586
0.483212
0.483682
0.483603
0.483995
0.484073
0.484386
0.484464
0.484464
0.484699
0.485247
0.485638
0.486186
0.486265
0.486578
0.486578
0.486812
0.486969
0.487360
0.487987
0.488221
0.488456
0.489239
0.489474
0.489630
0.489474
0.489865
0.489865
0.490491
0.490569
0.491117
0.491352
0.491509
0.491743
0.492135
0.492526
0.492370
0.493074
0.493152
0.493387
0.493778
0.494013
0.494248
0.494483
0.494483
0.494639
0.494953
0.495109
0.495813
0.496127
0.496674
0.496440
0.496909
0.496909
0.497222
0.497535
0.497692
0.498083
0.498631
0.498866
0.499257
0.499570
0.499570
0.499884
0.499962
0.500197
0.500588
0.501136
0.501214
0.501605
0.502075
0.502075
0.502466
0.502545
0.502779
0.503014
0.503484
0.504032
0.504110
0.504188
0.504423
0.504815
0.505049
0.505206
0.505519
0.506302
0.506693
0.506693
0.507006
0.507006
0.507319
0.507710
0.508024
0.508102
0.508337
0.508806
0.509119
0.509354
0.509589
0.509902
0.510293
0.510372
0.510763
0.510998
0.511311
0.511781
0.511937
0.512172
0.512407
0.512563
0.513033
0.513268
0.513502
0.513894
0.513972
0.514363
0.514755
0.514833
0.515146
0.515616
0.515929
0.516164
0.516633
0.517338
0.517259
0.517259
0.517729
0.517729
0.518042
0.518277
0.518668
0.518981
0.519060
0.519294
0.519842
0.520312
0.520468
0.520860
0.520860
0.521251
0.521877
0.521956
0.522112
0.522269
0.522582
0.523051
0.523443
0.523364
0.523678
0.523991
0.524617
0.524695
0.525165
0.525634
0.525791
0.525791
0.526182
0.526574
0.526730
0.527121
0.527434
0.527748
0.527748
0.528295
0.528452
0.528687
0.529391
0.529469
0.529861
0.530096
0.530174
0.530722
0.530800
0.531035
0.531426
0.531583
0.531974
0.532444
0.532600
0.532913
0.533070
0.533305
0.533774
0.533931
0.534244
0.534714
0.535183
0.535340
0.535731
0.536044
0.536357
0.536905
0.537296
0.537218
0.537453
0.537688
0.538001
0.538157
0.538471
0.538705
0.539018
0.539488
0.539566
0.539879
0.540192
0.540192
0.540506
0.540506
0.540897
0.541445
0.541758
0.541993
0.542384
0.542619
0.543010
0.543010
0.543480
0.543871
0.544106
0.544497
0.544810
0.545280
0.545437
0.545593
0.545750
0.546063
0.546454
0.547158
0.547550
0.547706
0.547628
0.547941
0.548176
0.548411
0.548724
0.548959
0.549428
0.549741
0.550133
0.550446
0.550368
0.551072
0.551228
0.551307
0.551698
0.551933
0.552168
0.552481
0.553107
0.553029
0.553342
0.553655
0.553655
0.553890
0.554672
0.555064
0.555377
0.555612
0.555690
0.555533
0.556316
0.556394
0.556786
0.557177
0.557803
0.557803
0.558351
0.558429
0.558664
0.558899
0.559212
0.559290
0.559760
0.560151
0.560230
0.560386
0.560777
0.561012
0.561169
0.561873
0.562108
0.562343
0.563047
0.563204
0.563595
0.563830
0.564065
0.563908
0.564300
0.564613
0.565004
0.565239
0.565787
0.565943
0.566100
0.566100
0.566256
0.566726
0.567117
0.567430
0.567822
0.567978
0.568135
0.568526
0.568448
0.568839
0.569074
0.569465
0.569622
0.569935
0.570092
0.570561
0.570952
0.570874
0.571344
0.571422
0.571657
0.572283
0.572361
0.572596
0.572987
0.573301
0.573379
0.573379
0.573692
0.574083
0.574318
0.574788
0.575179
0.575023
0.575257
0.575492
0.575649
0.575649
0.576197
0.576666
0.577136
0.577371
0.577449
0.577762
0.578232
0.578232
0.578075
0.578466
0.579014
0.579406
0.579484
0.579719
0.579875
0.580110
0.580345
0.580501
0.580893
0.581597
0.581754
0.582145
0.582380
0.582928
0.582615
0.582693
0.583006
0.583241
0.583789
0.583945
0.584337
0.584728
0.584650
0.584728
0.585119
0.585119
0.585745
0.585745
0.586606
0.586841
0.586998
0.587154
0.587311
0.587702
0.587859
0.588094
0.588563
0.588955
0.589268
0.589424
0.589737
0.589737
0.589581
0.590207
0.590207
0.590833
0.591068
0.591303
0.591459
0.591851
0.592398
0.592320
0.592398
0.592868
0.593025
0.593338
0.593572
0.593729
0.594042
0.594433
0.594433
0.594668
0.594903
0.595294
0.595607
0.595921
0.596077
0.596547
0.596938
0.597251
0.597251
0.597486
0.597956
0.598269
0.598347
0.598817
0.598973
0.599051
0.599051
0.599286
0.599677
0.600147
0.600852
0.600773
0.601008
0.601791
0.601713
0.602026
0.602104
0.602417
0.603043
0.603043
0.603356
0.603748
0.604295
0.604061
0.604374
0.604765
0.604843
0.605313
0.605704
0.606017
0.606487
0.606487
0.606800
0.606878
0.607191
0.607583
0.607896
0.608209
0.608444
0.608600
0.608600
0.608992
0.609226
0.609696
0.609774
0.610244
0.610479
0.610870
0.611340
0.611261
0.611653
0.611888
0.612201
0.612201
0.612749
0.613218
0.612983
0.613218
0.613531
0.613923
0.614079
0.614236
0.614392
0.614784
0.615097
0.615645
0.615410
0.615801
0.616192
0.616506
0.616662
0.617132
0.617210
0.617836
0.617836
0.617836
0.618227
0.618619
0.618854
0.618932
0.619245
0.619715
0.620106
0.619949
0.620184
0.620810
0.620967
0.621280
0.621515
0.621906
0.622219
0.622376
0.622376
0.622689
0.623550
0.623472
0.623785
0.623706
0.624098
0.624411
0.624646
0.625193
0.624880
0.625428
0.625976
0.626211
0.626054
0.626602
0.626994
0.626837
0.627228
0.627620
0.627933
0.628324
0.628794
0.628403
0.628950
0.629185
0.629263
0.629498
0.629811
0.630124
0.630594
0.630516
0.630751
0.631220
0.631533
0.631690
0.631768
0.632003
0.632551
0.632942
0.633725
0.633725
0.633647
0.633881
0.634038
0.634429
0.634742
0.634821
0.635290
0.635525
0.635916
0.635916
0.636229
0.635995
0.636464
0.636699
0.636934
0.637325
0.637717
0.637795
0.638030
0.638499
0.638265
0.638891
0.639125
0.639204
0.639673
0.640143
0.640143
0.640691
0.640769
0.641004
0.641004
0.641552
0.641865
0.642178
0.642413
0.642648
0.642961
0.643352
0.643039
0.643509
0.643743
0.644056
0.644291
0.644839
0.644683
0.644917
0.644996
0.645309
0.645387
0.645857
0.646091
0.646561
0.646639
0.647109
0.647109
0.647579
0.647657
0.647970
0.648283
0.648518
0.648753
0.649144
0.649066
0.649379
0.649614
0.649301
0.649927
0.650162
0.650709
0.650944
0.651179
0.651492
0.651805
0.651805
0.652040
0.652353
0.652588
0.653057
0.653449
0.653527
0.653762
0.653840
0.654075
0.654075
0.654388
0.655014
0.655484
0.655562
0.656032
0.656267
0.656188
0.656267
0.656580
0.656736
0.657128
0.657519
0.657675
0.657754
0.658380
0.658302
0.658771
0.658771
0.659397
0.659554
0.660180
0.660258
0.660493
0.660571
0.660884
0.661198
0.661432
0.661745
0.662450
0.662685
0.662606
0.662998
0.663389
0.663311
0.663467
0.663859
0.664172
0.664250
0.664798
0.665033
0.665111
0.665581
0.665815
0.666129
0.666520
0.666755
0.666911
0.667616
0.667850
0.667929
0.668164
0.668398
0.668555
0.668555
0.668868
0.669259
0.669572
0.669964
0.670355
0.670120
0.670746
0.670668
0.670825
0.671373
0.671999
0.672155
0.672625
0.672781
0.673173
0.673329
0.673877
0.673799
0.674425
0.674973
0.675443
0.675834
0.675756
0.676225
0.676304
0.676304
0.676852
0.677086
0.677634
0.677869
0.678104
0.678339
0.678573
0.678652
0.679278
0.679200
0.679434
0.680452
0.680530
0.680843
0.681078
0.681548
0.681939
0.682174
0.682800
0.682878
0.683191
0.683661
0.683974
0.683896
0.684052
0.684835
0.684835
0.684913
0.685383
0.686087
0.686087
0.686400
0.686792
0.686948
0.687183
0.687418
0.687809
0.688514
0.688670
0.688670
0.689062
0.689062
0.689688
0.689844
0.690392
0.690784
0.691331
0.691097
0.691723
0.692036
0.692505
0.692740
0.692897
0.693366
0.693836
0.693758
0.694306
0.694619
0.694775
0.695323
0.695558
0.695715
0.696028
0.696654
0.696889
0.696889
0.697358
0.697828
0.697906
0.698141
0.698219
0.698611
0.699315
0.699550
0.699628
0.699863
0.700254
0.700489
0.701115
0.701272
0.701741
0.702054
0.702211
0.702446
0.702602
0.703228
0.703620
0.703698
0.704246
0.704637
0.704794
0.704716
0.705107
0.705420
0.706124
0.706281
0.706437
0.706907
0.707064
0.707064
0.707612
0.707846
0.708081
0.708238
0.708629
0.708707
0.708629
0.708629
0.708707
0.708707
0.708551
0.708473
0.708238
0.708003
0.707846
0.708003
0.708159
0.707377
0.707455
0.707298
0.707064
0.706516
0.706437
0.706437
0.706281
0.705655
0.705498
0.705185
0.704950
0.704872
0.704559
0.704246
0.704089
0.704011
0.703385
0.703150
0.702915
0.702759
0.702602
0.702211
0.701741
0.701507
0.701272
0.700880
0.700567
0.700176
0.699785
0.699471
0.699237
0.698845
0.698454
0.698376
0.697828
0.697593
0.697358
0.697045
0.696576
0.696184
0.695871
0.695245
0.695010
0.694619
0.694227
0.693680
0.693601
0.693366
0.692975
0.692897
0.692584
0.691801
0.691801
0.691175
0.691097
0.690627
0.690392
0.690157
0.689688
0.689375
0.689218
0.688749
0.688279
0.688279
0.687809
0.687340
0.686792
0.687027
0.686792
0.686244
0.686087
0.685618
0.685148
0.684678
0.684444
0.684052
0.683896
0.683583
0.683270
0.682957
0.682409
0.682252
0.681939
0.681626
0.681313
0.680922
0.680217
0.679513
0.679669
0.678965
0.678808
0.678730
0.678339
0.677712
0.677478
0.677008
0.676695
0.676382
0.675991
0.675991
0.675756
0.675130
0.675051
0.674738
0.674503
0.673799
0.673956
0.673251
0.672703
0.672625
0.672155
0.672155
0.671686
0.671451
0.671138
0.670903
0.670277
0.669572
0.669494
0.669181
0.668790
0.668868
0.668398
0.668164
0.667616
0.667224
0.667224
0.667068
0.666520
0.666207
0.665346
0.665111
0.664563
0.664720
0.664250
0.663702
0.663546
0.663311
0.663154
0.662606
0.662528
0.662372
0.662137
0.661432
0.661119
0.660806
0.660337
0.660102
0.659945
0.659397
0.658928
0.658771
0.658223
0.658145
0.657832
0.657362
0.657128
0.656658
0.656345
0.656188
0.655719
0.655719
0.655406
0.654858
0.654623
0.654466
0.653997
0.653527
0.653214
0.652588
0.652040
0.651727
0.651727
0.651336
0.650709
0.650240
0.650240
0.650005
0.649457
0.649144
0.648674
0.648127
0.648127
0.647813
0.647266
0.646952
0.646796
0.646639
0.646013
0.645544
0.645622
0.645465
0.644604
0.644291
0.644135
0.643430
0.643352
0.643039
0.642882
0.642178
0.641943
0.641787
0.641474
0.640926
0.640456
0.639908
0.639439
0.639439
0.639282
0.639047
0.638499
0.637951
0.638030
0.637717
0.637482
0.636856
0.636151
0.635682
0.635760
0.635603
0.635290
0.634821
0.634429
0.634273
0.634194
0.634116
0.633412
0.632864
0.632707
0.632551
0.632316
0.632003
0.631377
0.631220
0.630907
0.630203
0.630203
0.629577
0.629263
0.628950
0.628559
0.628246
0.628246
0.627776
0.627620
0.627072
0.626837
0.626524
0.626133
0.626054
0.625272
0.624802
0.624802
0.624646
0.624254
0.623941
0.623628
0.623393
0.623080
0.622845
0.622297
0.621828
0.621515
0.620810
0.621202
0.620654
0.620341
0.619871
0.619949
0.619636
0.618932
0.618541
0.618227
0.617758
0.617053
0.617445
0.617132
0.616897
0.616819
0.616427
0.616349
0.615879
0.615253
0.615097
0.614470
0.614392
0.614001
0.613923
0.613610
0.613453
0.612905
0.612905
0.612592
0.611575
0.611653
0.611496
0.610714
0.610635
0.610322
0.609853
0.609931
0.609618
0.609383
0.608600
0.608365
0.608209
0.607661
0.607583
0.607348
0.607348
0.607113
0.606957
0.606409
0.606017
0.605939
0.605391
0.605156
0.604843
0.604530
0.604295
0.604061
0.603748
0.603513
0.603043
0.602730
0.602182
0.601791
0.601321
0.601165
0.601165
0.601086
0.600304
0.600225
0.599912
0.599599
0.599443
0.598895
0.598660
0.598034
0.597799
0.597799
0.597486
0.597642
0.597095
0.597016
0.596547
0.596155
0.595999
0.595294
0.594903
0.594747
0.594668
0.594668
0.594120
0.594042
0.593807
0.593416
0.593025
0.592633
0.592164
0.592164
0.591772
0.591381
0.591459
0.591068
0.590755
0.590520
0.589972
0.589659
0.589424
0.589033
0.588798
0.588485
0.588328
0.588172
0.587702
0.587624
0.587233
0.586998
0.586528
0.585980
0.585902
0.585745
0.585589
0.585354
0.584806
0.584806
0.584415
0.584102
0.583632
0.583397
0.583084
0.583084
0.582380
0.581910
0.581832
0.581597
0.581284
0.580971
0.580423
0.580110
0.579797
0.579797
0.579484
0.579249
0.578779
0.578466
0.578232
0.578153
0.577605
0.576979
0.577214
0.576901
0.576744
0.575962
0.575962
0.575962
0.575336
0.574944
0.574709
0.574396
0.574083
0.573848
0.573692
0.573301
0.573066
0.572753
0.572361
0.572361
0.571657
0.571344
0.571187
0.571109
0.570796
0.570405
0.569857
0.569700
0.569465
0.569231
0.568761
0.568839
0.568213
0.567900
0.567743
0.567430
0.567196
0.566882
0.566413
0.566256
0.565943
0.565630
0.565317
0.565082
0.565004
0.564378
0.564221
0.564143
0.563517
0.563360
0.563204
0.562656
0.562578
0.562030
0.561717
0.561404
0.561169
0.560699
0.560699
0.559995
0.559369
0.559134
0.559055
0.558977
0.558508
0.557803
0.557725
0.557490
0.557334
0.556942
0.556473
0.556551
0.556238
0.555690
0.555612
0.555064
0.554438
0.554281
0.554438
0.553968
0.553655
0.553342
0.553342
0.552559
0.552324
0.552168
0.551698
0.551463
0.551072
0.551072
0.550602
0.550133
0.550289
0.549820
0.549507
0.549115
0.548646
0.548489
0.548567
0.547785
0.547706
0.547080
0.546924
0.546611
0.546689
0.546141
0.545671
0.545437
0.545202
0.544889
0.544497
0.544497
0.544341
0.544028
0.543480
0.543010
0.542775
0.542227
0.542306
0.541914
0.541680
0.541445
0.541210
0.540819
0.540427
0.539410
0.539645
0.539253
0.539175
0.539097
0.538705
0.538079
0.538001
0.537844
0.537688
0.536905
0.536749
0.536279
0.536122
0.536122
0.535575
0.535496
0.535105
0.534557
0.534322
0.533618
0.533540
0.533226
0.532913
0.532835
0.532444
0.532209
0.531739
0.531348
0.531191
0.530957
0.530487
0.530017
0.530096
0.529313
0.529235
0.529391
0.528922
0.528687
0.528295
0.527591
0.527591
0.527513
0.526887
0.526417
0.526339
0.526260
0.525634
0.525556
0.525008
0.524773
0.524382
0.524147
0.523912
0.523678
0.523130
0.523130
0.522582
0.522112
0.521877
0.521721
0.521408
0.521251
0.521173
0.520625
0.519999
0.519842
0.519999
0.519294
0.518747
0.518512
0.518512
0.518277
0.517964
0.517807
0.517259
0.517103
0.516946
0.516398
0.515929
0.515537
0.515303
0.515146
0.514833
0.514677
0.514363
0.514285
0.514050
0.513659
0.512876
0.512641
0.512485
0.512563
0.512172
0.511702
0.511702
0.511233
0.511076
0.510372
0.510137
0.509824
0.509824
0.509511
0.509511
0.509119
0.509119
0.508728
0.508102
0.507710
0.507241
0.506928
0.507084
0.506693
0.506145
0.505910
0.505675
0.505284
0.504815
0.504345
0.504188
0.503875
0.503562
0.503562
0.503327
0.503171
0.502701
0.502466
0.501605
0.501292
0.501136
0.500823
0.500510
0.500510
0.500197
0.499805
0.499649
0.499257
0.498788
0.498475
0.498318
0.498083
0.497770
0.497301
0.497614
0.497222
0.496440
0.496283
0.495892
0.495579
0.495266
0.495187
0.495109
0.494639
0.494326
0.493935
0.493622
0.492996
0.492839
0.492604
0.492448
0.492213
0.491822
0.491587
0.491352
0.491274
0.490491
0.490022
0.489865
0.489317
0.489082
0.488926
0.488769
0.488534
0.488300
0.488221
0.487360
0.487047
0.487047
0.486499
0.486421
0.485873
0.485795
0.485404
0.485560
0.485012
0.484621
0.484386
0.483760
0.483447
0.483525
0.482977
0.482899
0.482429
0.482195
0.481725
0.481177
0.480942
0.480473
0.480160
0.480160
0.479925
0.479142
0.478985
0.478907
0.478516
0.477890
0.477498
0.477029
0.476716
0.476324
0.476324
0.476324
0.476168
0.475463
0.475150
0.474681
0.474446
0.474054
0.473507
0.473585
0.473194
0.473037
0.472880
0.472411
0.471863
0.471550
0.471237
0.470924
0.470689
0.470219
0.469828
0.469984
0.469515
0.468967
0.468576
0.468576
0.468106
0.468184
0.467558
0.467323
0.466854
0.466775
0.466462
0.466149
0.465836
0.465288
0.464740
0.464349
0.464192
0.464192
0.463801
0.463488
0.463253
0.462705
0.462549
0.462236
0.461610
0.461610
0.461375
0.460905
0.460670
0.460201
0.459731
0.459575
0.459105
0.458948
0.458557
0.458244
0.458244
0.457774
0.457618
0.457226
0.456679
0.456757
0.456052
0.455739
0.455739
0.455191
0.454957
0.454565
0.454487
0.454565
0.453861
0.453783
0.453391
0.452765
0.452609
0.452530
0.451904
0.451435
0.451435
0.450887
0.450652
0.450260
0.450026
0.449869
0.449556
0.449243
0.448930
0.448304
0.448304
0.448147
0.447521
0.447208
0.446660
0.446425
0.446269
0.445956
0.445408
0.445016
0.444860
0.444625
0.444468
0.443842
0.443842
0.443373
0.443216
0.442903
0.442512
0.442277
0.442120
0.441964
0.441729
0.441025
0.440555
0.440242
0.439772
0.439224
0.438990
0.438677
0.438755
0.438363
0.438363
0.437424
0.437268
0.437111
0.436328
0.436094
0.435702
0.435546
0.435624
0.435233
0.435076
0.434920
0.434293
0.433667
0.433667
0.433276
0.433119
0.432728
0.432415
0.432180
0.432102
0.431789
0.431241
0.430928
0.430458
0.430223
0.429832
0.429676
0.429441
0.429206
0.428815
0.428423
0.428188
0.428032
0.427875
0.427327
0.427014
0.426780
0.426310
0.426153
0.425684
0.425371
0.425136
0.424666
0.424275
0.424275
0.423805
0.423492
0.423336
0.423101
0.422866
0.422553
0.422162
0.421692
0.421457
0.421379
0.421222
0.420753
0.420518
0.420127
0.420048
0.419500
0.419187
0.419031
0.418483
0.418405
0.418092
0.417778
0.417544
0.417231
0.417074
0.416448
0.416291
0.415978
0.415743
0.415352
0.415196
0.414883
0.414726
0.414413
0.414022
0.413630
0.413161
0.413004
0.412848
0.412378
0.412221
0.411987
0.411595
0.411282
0.410734
0.410343
0.410186
0.409717
0.409482
0.409325
0.409091
0.408777
0.408856
0.408073
0.407682
0.407760
0.407134
0.407056
0.406742
0.406351
0.405803
0.405881
0.405647
0.405255
0.404629
0.404316
0.403925
0.403846
0.403612
0.403377
0.403142
0.402672
0.402672
0.402046
0.401968
0.401420
0.401264
0.400637
0.400559
0.400324
0.399698
0.399620
0.399072
0.398994
0.398211
0.398211
0.397741
0.397741
0.397350
0.396959
0.396411
0.396254
0.396019
0.395315
0.395080
0.394845
0.394611
0.394376
0.394063
0.393984
0.393671
0.392967
0.392654
0.392419
0.392028
0.391949
0.391949
0.391323
0.390619
0.390697
0.390462
0.390071
0.389523
0.389210
0.388975
0.388897
0.388349
0.388427
0.388036
0.387566
0.387253
0.386705
0.386392
0.386001
0.385844
0.385453
0.385375
0.384983
0.384983
0.384201
0.384122
0.383888
0.383340
0.382870
0.382635
0.382401
0.382087
0.381853
0.381540
0.381227
0.380679
0.380209
0.380052
0.379739
0.379348
0.379113
0.378644
0.378487
0.378252
0.378331
0.377626
0.377078
0.377235
0.376687
0.376296
0.375826
0.375669
0.375200
0.375121
0.374887
0.374652
0.373947
0.373634
0.373321
0.373165
0.372852
0.372617
0.372147
0.371834
0.371678
0.371130
0.370973
0.370660
0.369956
0.369564
0.369173
0.369095
0.368625
0.368390
0.368390
0.367686
0.367451
0.366981
0.366903
0.366434
0.366042
0.366042
0.365729
0.365181
0.365025
0.364555
0.364555
0.364085
0.363538
0.363459
0.363068
0.362755
0.362598
0.362050
0.361581
0.361581
0.361189
0.360485
0.360094
0.359781
0.359389
0.359154
0.358685
0.358293
0.357980
0.357980
0.357589
0.357041
0.356650
0.356572
0.356258
0.355789
0.355476
0.355241
0.355006
0.354458
0.354223
0.353676
0.353441
0.353128
0.352815
0.352815
0.352501
0.351875
0.351484
0.351406
0.350858
0.351093
0.350466
0.350075
0.349762
0.349449
0.349058
0.348666
0.348353
0.348040
0.347727
0.347179
0.346944
0.346866
0.346710
0.346240
0.345849
0.345457
0.345457
0.345144
0.344753
0.344361
0.344283
0.343970
0.343735
0.343187
0.343031
0.342796
0.342170
0.341857
0.341622
0.341152
0.341074
0.340839
0.339978
0.339978
0.339822
0.339274
0.338804
0.338648
0.338335
0.338178
0.337630
0.337317
0.337395
0.337004
0.336691
0.336065
0.335908
0.335126
0.335204
0.334891
0.334343
0.334578
0.334030
0.333952
0.333169
0.333012
0.332386
0.332230
0.331995
0.331682
0.331525
0.331290
0.330821
0.330586
0.330586
0.330116
0.329255
0.328864
0.328629
0.328629
0.328160
0.328081
0.327847
0.327612
0.326986
0.326829
0.326203
0.326125
0.325968
0.325498
0.325264
0.324559
0.324481
0.324168
0.323698
0.323542
0.323463
0.322994
0.322681
0.322524
0.322055
0.322055
0.321428
0.321272
0.321037
0.320020
0.320020
0.319706
0.319472
0.319237
0.318689
0.318141
0.318063
0.317828
0.317671
0.316967
0.316967
0.316576
0.316263
0.316106
0.315167
0.315167
0.314932
0.314384
0.314306
0.313914
0.313523
0.313367
0.313132
0.312662
0.312584
0.312271
0.311645
0.311253
0.311019
0.310549
0.310158
0.309844
0.309766
0.309688
0.309140
0.308670
0.308592
0.307809
0.307575
0.307418
0.307027
0.306792
0.306479
0.306401
0.305853
0.305774
0.305305
0.304835
0.304444
0.303974
0.303739
0.303192
0.302878
0.302722
0.302174
0.302017
0.301470
0.301235
0.300922
0.300687
0.300452
0.299904
0.299435
0.299278
0.298887
0.298417
0.298339
0.297869
0.297791
0.297478
0.297165
0.296930
0.296617
0.296147
0.295678
0.294973
0.294738
0.294425
0.294190
0.293799
0.293251
0.293016
0.293095
0.292782
0.292312
0.291842
0.291373
0.291060
0.290903
0.290590
0.290512
0.290199
0.289886
0.289416
0.288946
0.288399
0.288164
0.287694
0.287146
0.286911
0.286677
0.286285
0.286050
0.285894
0.285033
0.284876
0.284563
0.284485
0.284094
0.283781
0.283233
0.283311
0.282528
0.282372
0.281824
0.281746
0.281041
0.280806
0.280415
0.279632
0.279476
0.279084
0.278850
0.278458
0.278067
0.277832
0.277362
0.277362
0.277206
0.276971
0.276423
0.276110
0.275641
0.275171
0.274780
0.274545
0.274232
0.273762
0.273684
0.273136
0.272901
0.272431
0.272197
0.271649
0.271492
0.271101
0.270631
0.270396
0.269849
0.269614
0.269379
0.269301
0.268596
0.268361
0.267970
0.267579
0.267187
0.267109
0.266561
0.266013
0.265935
0.265544
0.265387
0.264996
0.264605
0.263978
0.263978
0.263587
0.263352
0.262804
0.262569
0.262335
0.261943
0.261630
0.261239
0.260848
0.260300
0.260143
0.259752
0.259595
0.259047
0.258656
0.258343
0.257717
0.257560
0.257091
0.256934
0.256386
0.256386
0.256073
0.255603
0.255212
0.254899
0.254743
0.254429
0.253803
0.253568
0.253412
0.253021
0.252786
0.252551
0.252081
0.251847
0.251377
0.251064
0.250907
0.250438
0.250203
0.249733
0.249655
0.249498
0.249264
0.248794
0.248559
0.247933
0.247777
0.247150
0.246994
0.246524
0.246602
0.246289
0.245820
0.245507
0.244724
0.244724
0.244254
0.244176
0.244020
0.243706
0.243393
0.242846
0.242767
0.242376
0.242063
0.241515
0.241124
0.240810
0.240184
0.239793
0.239715
0.239323
0.239010
0.238697
0.238306
0.237680
0.237210
0.236975
0.236819
0.236584
0.236427
0.235958
0.235801
0.235801
0.235097
0.234627
0.234236
0.233766
0.233923
0.233766
0.233297
0.232670
0.232279
0.232123
0.231496
0.231183
0.230949
0.230479
0.230479
0.230088
0.229931
0.229305
0.228992
0.228600
0.228053
0.227739
0.227661
0.227270
0.227270
0.226722
0.226565
0.226096
0.225704
0.225470
0.225157
0.224765
0.224452
0.224296
0.224061
0.223435
0.223122
0.222965
0.222495
0.221869
0.221400
0.221400
0.221165
0.220773
0.220773
0.220460
0.219912
0.219286
0.219051
0.218582
0.218191
0.217956
0.217643
0.217408
0.217173
0.216547
0.216469
0.216156
0.215608
0.215138
0.214903
0.214512
0.214199
0.213729
0.213338
0.213103
0.212633
0.212399
0.211851
0.211459
0.210833
0.210911
0.210598
0.210285
0.209894
0.209659
0.209033
0.209033
0.208250
0.208172
0.207546
0.207546
0.206920
0.206607
0.206607
0.206059
0.205902
0.205511
0.205119
0.204728
0.204337
0.204102
0.203711
0.203319
0.202850
0.202615
0.201989
0.201676
0.200893
0.200736
0.200345
0.200110
0.199719
0.199484
0.198701
0.198780
0.198310
0.197919
0.197292
0.196823
0.196588
0.196432
0.195805
0.195492
0.195101
0.195023
0.194397
0.194318
0.193692
0.193379
0.193144
0.192518
0.192361
0.191501
0.191814
0.191031
0.190483
0.189857
0.189700
0.189309
0.188761
0.188526
0.188057
0.188135
0.187509
0.187352
0.186570
0.186491
0.185943
0.185709
0.185395
0.184926
0.184535
0.184221
0.183674
0.183674
0.183204
0.182734
0.182578
0.182030
0.181560
0.181482
0.181169
0.180543
0.180073
0.179682
0.179447
0.179056
0.178586
0.178429
0.178116
0.177569
0.177099
0.176786
0.176394
0.175925
0.175533
0.175220
0.175064
0.174281
0.174046
0.173655
0.173264
0.172951
0.172638
0.172324
0.171855
0.171933
0.171463
0.171385
0.170602
0.170211
0.169820
0.169507
0.168959
0.168881
0.168489
0.168176
0.167785
0.167472
0.167080
0.166532
0.166532
0.165985
0.165750
0.165358
0.164811
0.164732
0.164341
0.164028
0.163480
0.163010
0.162619
0.162462
0.161915
0.161367
0.161445
0.160819
0.160740
0.159880
0.159645
0.159332
0.158784
0.158158
0.158001
0.157610
0.157531
0.157218
0.156514
0.156436
0.155731
0.155418
0.155340
0.154949
0.154557
0.154557
0.153853
0.153696
0.153305
0.152835
0.152522
0.152131
0.151818
0.151426
0.151426
0.150800
0.150487
0.150096
0.149704
0.149157
0.148609
0.148452
0.148139
0.147826
0.147513
0.147043
0.146965
0.146574
0.146339
0.145791
0.145165
0.144852
0.144695
0.144460
0.144147
0.143991
0.143443
0.142895
0.142582
0.142191
0.141721
0.141095
0.140547
0.140469
0.140234
0.139999
0.139373
0.139138
0.138903
0.138121
0.137573
0.137573
0.137025
0.136712
0.136555
0.136086
0.135772
0.135538
0.135381
0.134833
0.134129
0.133816
0.133894
0.133346
0.132720
0.132720
0.132407
0.131937
0.131624
0.130920
0.130763
0.130215
0.129980
0.129667
0.128963
0.129041
0.128963
0.128337
0.128024
0.127398
0.126850
0.126537
0.126458
0.126458
0.125832
0.125676
0.125363
0.124893
0.124345
0.123641
0.123093
0.122936
0.122780
0.122467
0.121997
0.121684
0.121293
0.120823
0.120353
0.119962
0.119649
0.119101
0.118553
0.118631
0.118162
0.117536
0.117222
0.116753
0.116205
0.115814
0.115657
0.114874
0.114640
0.114327
0.114327
0.113700
0.113466
0.112761
0.112135
0.111744
0.111431
0.111039
0.110804
0.110726
0.110100
0.109865
0.109239
0.108456
0.108143
0.107517
0.107204
0.106891
0.106578
0.106186
0.105952
0.105325
0.105091
0.104465
0.103838
0.103604
0.103369
0.103134
0.102664
0.102195
0.101882
0.101490
0.101021
0.100551
0.099925
0.099690
0.099455
0.098829
0.098594
0.098281
0.097890
0.097342
0.097185
0.096324
0.095855
0.095620
0.095463
0.094994
0.094837
0.094446
0.093585
0.093272
0.093115
0.092411
0.091707
0.091237
0.091002
0.090689
0.090219
0.090141
0.089828
0.089437
0.088889
0.088028
0.087558
0.087480
0.086932
0.086462
0.086228
0.085993
0.085288
0.085210
0.084741
0.084193
0.083488
0.083019
0.082862
0.082627
0.082314
0.081845
0.081453
0.080984
0.080279
0.079731
0.079496
0.078949
0.078322
0.078166
0.077540
0.077148
0.076914
0.076444
0.075974
0.075348
0.074800
0.074722
0.074331
0.073939
0.073548
0.072922
0.072609
0.072217
0.071826
0.071356
0.070730
0.070495
0.069869
0.069556
0.069243
0.068695
0.068069
0.067599
0.067208
0.066582
0.066112
0.066034
0.065643
0.065330
0.064703
0.064390
0.063842
0.063529
0.063138
0.062668
0.062512
0.061964
0.061573
0.061025
0.060712
0.060086
0.059694
0.059225
0.058990
0.058207
0.057503
0.057581
0.057268
0.056955
0.056329
0.056016
0.055702
0.055233
0.054998
0.054059
0.053746
0.053198
0.052728
0.052415
0.052337
0.051476
0.051006
0.050771
0.050067
0.049910
0.049519
0.049128
0.048971
0.048423
0.047875
0.047562
0.047171
0.046623
0.046388
0.045919
0.045371
0.044979
0.044510
0.044275
0.043571
0.043258
0.042944
0.042866
0.042162
0.041692
0.041066
0.040909
0.040753
0.040127
0.039031
0.038874
0.038327
0.038013
0.037387
0.036996
0.036213
0.036135
0.035822
0.035274
0.034804
0.034491
0.034100
0.033474
0.033082
0.032613
0.032143
0.031908
0.031439
0.031047
0.030734
0.029952
0.029482
0.029091
0.028621
0.027995
0.027682
0.027447
0.026821
0.026430
0.025725
0.025255
0.024864
0.024316
0.024473
0.024003
0.023534
0.023142
0.022673
0.022281
0.021812
0.021420
0.020716
0.020403
0.020168
0.019777
0.018994
0.018837
0.017976
0.018055
0.017272
0.016802
0.016176
0.015785
0.015863
0.015315
0.014767
0.013985
0.013750
0.013437
0.012967
0.012106
0.011402
0.011245
0.010541
0.010697
0.010071
0.009680
0.009132
0.008741
0.008271
0.007567
0.006940
0.006471
0.006471
0.005610
0.005297
0.004592
0.004123
0.003731
0.003183
0.002792
0.002088
0.001853
0.001461
0.001227
0.000835
0.000366
-0.000104
-0.000574
-0.000887
-0.001904
-0.002217
-0.002374
-0.003000
-0.003235
-0.003861
-0.004017
-0.004565
-0.005191
-0.005661
-0.006444
-0.007070
-0.007383
-0.007618
-0.008166
-0.008792
-0.009183
-0.009653
-0.010122
-0.010670
-0.011375
-0.011923
-0.012392
-0.012314
-0.013097
-0.013645
-0.014271
-0.014584
-0.015210
-0.015914
-0.016619
-0.017402
-0.017480
-0.017949
-0.018341
-0.018810
-0.019593
-0.020063
-0.020454
-0.021002
-0.021706
-0.022333
-0.022802
-0.023507
-0.023741
-0.024211
-0.024681
-0.025150
-0.025542
-0.026324
-0.026950
-0.027655
-0.027890
-0.028438
-0.028829
-0.029455
-0.029925
-0.030003
-0.030551
-0.031490
-0.032195
-0.032664
-0.033369
-0.033682
-0.034151
-0.034699
-0.035247
-0.035795
-0.036265
-0.036891
-0.037752
-0.038534
-0.039004
-0.039630
-0.039787
-0.039943
-0.041117
-0.041743
-0.042057
-0.042448
-0.043309
-0.044013
-0.044718
-0.045187
-0.045579
-0.045892
-0.046283
-0.046831
-0.047457
-0.047849
-0.048788
-0.049649
-0.050510
-0.051058
-0.051371
-0.051919
-0.052466
-0.053171
-0.053562
-0.054188
-0.054893
-0.055597
-0.056302
-0.057084
-0.057241
-0.057867
-0.058571
-0.059119
-0.059746
-0.060528
-0.061311
-0.062250
-0.062641
-0.063268
-0.063737
-0.064363
-0.065068
-0.065616
-0.066085
-0.066868
-0.067572
-0.068042
-0.068668
-0.069294
-0.069686
-0.069921
-0.071095
-0.071486
-0.071877
-0.072895
-0.073521
-0.074069
-0.074539
-0.074773
-0.075243
-0.076260
-0.076652
-0.077278
-0.077826
-0.078843
-0.079391
-0.079939
-0.080800
-0.081348
-0.081818
-0.082365
-0.082913
-0.083383
-0.083931
-0.084870
-0.085575
-0.085809
-0.086357
-0.086827
-0.087296
-0.087923
-0.088705
-0.089097
-0.089958
-0.090349
-0.091132
-0.091836
-0.092306
-0.093088
-0.093323
-0.093871
-0.094419
-0.094889
-0.095828
-0.096219
-0.097080
-0.097628
-0.098567
-0.099115
-0.099350
-0.099741
-0.100681
-0.101542
-0.101933
-0.102559
-0.103107
-0.103968
-0.104829
-0.105064
-0.105142
-0.106238
-0.106786
-0.107334
-0.107960
-0.108586
-0.109369
-0.110151
-0.110699
-0.111560
-0.111873
-0.112343
-0.112891
-0.113360
-0.114534
-0.114926
-0.115630
-0.116569
-0.117274
-0.117665
-0.118370
-0.118448
-0.119544
-0.120796
-0.121422
-0.121579
-0.122440
-0.123222
-0.123927
-0.124631
-0.125414
-0.125492
-0.126040
-0.126510
-0.127292
-0.128232
-0.128701
-0.129171
-0.130110
-0.130814
-0.131206
-0.131597
-0.132380
-0.132849
-0.133867
-0.134337
-0.135198
-0.135589
-0.136293
-0.136998
-0.137546
-0.138094
-0.138641
-0.139189
-0.140598
-0.141224
-0.141694
-0.142320
-0.142946
-0.143886
-0.144590
-0.145138
-0.145607
-0.146390
-0.147251
-0.148034
-0.148582
-0.149521
-0.149834
-0.150617
-0.151713
-0.152182
-0.152652
-0.153121
-0.154217
-0.154922
-0.155548
-0.155939
-0.156878
-0.157583
-0.158287
-0.158522
-0.159226
-0.159774
-0.160948
-0.162201
-0.162514
-0.162983
-0.163688
-0.164314
-0.164940
-0.165723
-0.166114
-0.166584
-0.167445
-0.168306
-0.169167
-0.169715
-0.170106
-0.170889
-0.171593
-0.172532
-0.173002
-0.173472
-0.174019
-0.175428
-0.175976
-0.176602
-0.177150
-0.177776
-0.178559
-0.179263
-0.179733
-0.180359
-0.180907
-0.181768
-0.182786
-0.183490
-0.184194
-0.184742
-0.185290
-0.186073
-0.186777
-0.187247
-0.187717
-0.188499
-0.189517
-0.190300
-0.191239
-0.191865
-0.192335
-0.192882
-0.193509
-0.194291
-0.194839
-0.195387
-0.196561
-0.197187
-0.197735
-0.198283
-0.198909
-0.200005
-0.200631
-0.201257
-0.201805
-0.202510
-0.203527
-0.204466
-0.205171
-0.205484
-0.206188
-0.206971
-0.207441
-0.208302
-0.208458
-0.209084
-0.210102
-0.211198
-0.211745
-0.212215
-0.212450
-0.213233
-0.214094
-0.214641
-0.215033
-0.215894
-0.216911
-0.217850
-0.218320
-0.218790
-0.219572
-0.219572
-0.220668
-0.221138
-0.221999
-0.222703
-0.223095
-0.223721
-0.224660
-0.225599
-0.225991
-0.226617
-0.227008
-0.227556
-0.228495
-0.228808
-0.229669
-0.230295
-0.231235
-0.232174
-0.232643
-0.233270
-0.233896
-0.234678
-0.234992
-0.235539
-0.236244
-0.236714
-0.237731
-0.238279
-0.238827
-0.239375
-0.239688
-0.240940
-0.241410
-0.241879
-0.242662
-0.242740
-0.243836
-0.244775
-0.245480
-0.245949
-0.246497
-0.246889
-0.247593
-0.247750
-0.248767
-0.249315
-0.249941
-0.250646
-0.251507
-0.251898
-0.252681
-0.252915
-0.253463
-0.253933
-0.254481
-0.255029
-0.255185
-0.256359
-0.256985
-0.257690
-0.258238
-0.258473
-0.258864
-0.259647
-0.259803
-0.260586
-0.261134
-0.261447
-0.262464
-0.263012
-0.263482
-0.263873
-0.264186
-0.264969
-0.265360
-0.265830
-0.266143
-0.266613
-0.266926
-0.267787
-0.268648
-0.268961
-0.269274
-0.269430
-0.269822
-0.270448
-0.271074
-0.271387
-0.271857
-0.272170
-0.273109
-0.273970
-0.273970
-0.274283
-0.274987
-0.275066
-0.275301
-0.276005
-0.276240
-0.276631
-0.277257
-0.277962
-0.278744
-0.278588
-0.279371
-0.279214
-0.280075
-0.280310
-0.281014
-0.281406
-0.281953
-0.282423
-0.283049
-0.283362
-0.283597
-0.284067
-0.284458
-0.284928
-0.285084
-0.285476
-0.286102
-0.286571
-0.286806
-0.287276
-0.287432
-0.287824
-0.288450
-0.288215
-0.289076
-0.288841
-0.289467
-0.289702
-0.290328
-0.290798
-0.290876
-0.291189
-0.291894
-0.292363
-0.292442
-0.292598
-0.292676
-0.292911
-0.293537
-0.293616
-0.294320
-0.294711
-0.294790
-0.294946
-0.295338
-0.295494
-0.295807
-0.295964
-0.296120
-0.296512
-0.296825
-0.297138
-0.297451
-0.297686
-0.298234
-0.298312
-0.298547
-0.298547
-0.298625
-0.298938
-0.299251
-0.299721
-0.300034
-0.300347
-0.300425
-0.300425
-0.301051
-0.301130
-0.301286
-0.301286
-0.301834
-0.301677
-0.302069
-0.302382
-0.302695
-0.302617
-0.302538
-0.303008
-0.303008
-0.303321
-0.303321
-0.303556
-0.303556
-0.303869
-0.304260
-0.304652
-0.304573
-0.304573
-0.304730
-0.304730
-0.304808
-0.304887
-0.305043
-0.304887
-0.305434
-0.305356
-0.305826
-0.305826
-0.305904
-0.306139
-0.305982
-0.306217
-0.306295
-0.306217
-0.306608
-0.306530
-0.306765
-0.306843
-0.306843
-0.306922
-0.306765
-0.307000
-0.307313
-0.307235
-0.307548
-0.307548
-0.307704
-0.307782
-0.308174
-0.307704
-0.307861
-0.307782
-0.307861
-0.307704
-0.307861
-0.307861
-0.308096
-0.308174
-0.308409
-0.308330
-0.307704
-0.308330
-0.307939
-0.308409
-0.308409
-0.308174
-0.308330
-0.308409
-0.308330
-0.308565
-0.308722
-0.308565
-0.308330
-0.308409
-0.308330
-0.308252
-0.308409
-0.308330
-0.308409
-0.308330
-0.308096
-0.308096
-0.308017
-0.307861
-0.307861
-0.307704
-0.307861
-0.308017
-0.308017
-0.307939
-0.308174
-0.308174
-0.308096
-0.307704
-0.307704
-0.307469
-0.307469
-0.307548
-0.307626
-0.307626
-0.307469
-0.307469
-0.307626
-0.307861
-0.307704
-0.307469
-0.307548
-0.307391
-0.307391
-0.307156
-0.307235
-0.307313
-0.307313
-0.307078
-0.307156
-0.307313
-0.306765
-0.306765
-0.306765
-0.306687
-0.306608
-0.306608
-0.306765
-0.306608
-0.306452
-0.306765
-0.306530
-0.306295
-0.306139
-0.306061
-0.306061
-0.306139
-0.306217
-0.306139
-0.305982
-0.306139
-0.305982
-0.305982
-0.305904
-0.305982
-0.305826
-0.305826
-0.305826
-0.305904
-0.305513
-0.305513
-0.305747
-0.305434
-0.305121
-0.305356
-0.305278
-0.305121
-0.304887
-0.304887
-0.305200
-0.305121
-0.304495
-0.304730
-0.304808
-0.304573
-0.304339
-0.304339
-0.304260
-0.304026
-0.304182
-0.303791
-0.303947
-0.304182
-0.304104
-0.304260
-0.303947
-0.304026
-0.303634
-0.303556
-0.303712
-0.303634
-0.303791
-0.303712
-0.303321
-0.303712
-0.303478
-0.303165
-0.303165
-0.303008
-0.302851
-0.303086
-0.302851
-0.302617
-0.302460
-0.302538
-0.302538
-0.302460
-0.302538
-0.302225
-0.302304
-0.302225
-0.302147
-0.302460
-0.302304
-0.302147
-0.302225
-0.301912
-0.301834
-0.301834
-0.301912
-0.301756
-0.301599
-0.301599
-0.301677
-0.301756
-0.301599
-0.301443
-0.301521
-0.301364
-0.301208
-0.301130
-0.300895
-0.301051
-0.300973
-0.300816
-0.300816
-0.300973
-0.300973
-0.300582
-0.300503
-0.300582
-0.300269
-0.300503
-0.300034
-0.300347
-0.300347
-0.300190
-0.300034
-0.300112
-0.300112
-0.299956
-0.300034
-0.299799
-0.299642
-0.299799
-0.299877
-0.300112
-0.299877
-0.299564
-0.299564
-0.299486
-0.299486
-0.299486
-0.299408
-0.299173
-0.299251
-0.299173
-0.299251
-0.299408
-0.299329
-0.299329
-0.299173
-0.299251
-0.299329
-0.299016
-0.299251
-0.298860
-0.299251
-0.299016
-0.299095
-0.298703
-0.299173
-0.299251
-0.299016
-0.299095
-0.298860
-0.298703
-0.299095
-0.298860
-0.298938
-0.298938
-0.298860
-0.299016
-0.299173
-0.299016
-0.298703
-0.298468
-0.298547
-0.298625
-0.298547
-0.298860
-0.299173
-0.298860
-0.298703
-0.298390
-0.298703
-0.298390
-0.298468
-0.298312
-0.298625
-0.298860
-0.298860
-0.298703
-0.298781
-0.298625
-0.298547
-0.298703
-0.298625
-0.298860
-0.298781
-0.298860
-0.299016
-0.299016
-0.298860
-0.299095
-0.299408
-0.298938
-0.299016
-0.299095
-0.299173
-0.299095
-0.299095
-0.299564
-0.299408
-0.299721
-0.299721
-0.299642
-0.299251
-0.299564
-0.299173
-0.299251
-0.299329
-0.299408
-0.299564
-0.299721
-0.300034
-0.300034
-0.299956
-0.299877
-0.299642
-0.299642
-0.299564
-0.299642
-0.299486
-0.299877
-0.300112
-0.300347
-0.300269
-0.300034
-0.300190
-0.300190
-0.300034
-0.300269
-0.300190
-0.300503
-0.300738
-0.300582
-0.300582
-0.300425
-0.300582
-0.300582
-0.300503
-0.300503
-0.300660
-0.300660
-0.301051
-0.300895
-0.301051
-0.301443
-0.301364
-0.301286
-0.301364
-0.301286
-0.301443
-0.301599
-0.301521
-0.301521
-0.301912
-0.302147
-0.301991
-0.302069
-0.302460
-0.302147
-0.302069
-0.302304
-0.302147
-0.302147
-0.302147
-0.302304
-0.302773
-0.302695
-0.303008
-0.302930
-0.302930
-0.302695
-0.303008
-0.303165
-0.303321
-0.303243
-0.303243
-0.303869
-0.303869
-0.303869
-0.304182
-0.304182
-0.304026
-0.304495
-0.304339
-0.304417
-0.304573
-0.304887
-0.305043
-0.304808
-0.305043
-0.305356
-0.305356
-0.305200
-0.305356
-0.305356
-0.305278
-0.305591
-0.305513
-0.305982
-0.305747
-0.306452
-0.306374
-0.306295
-0.306139
-0.306374
-0.306452
-0.306608
-0.306765
-0.306608
-0.306765
-0.307235
-0.307391
-0.307313
-0.307548
-0.307626
-0.307548
-0.307704
-0.307704
-0.307782
-0.307704
-0.308096
-0.308409
-0.308409
-0.308487
-0.308800
-0.308800
-0.308800
-0.309035
-0.309035
-0.309113
-0.309113
-0.309113
-0.309583
-0.309270
-0.309739
-0.310052
-0.310287
-0.310209
-0.310444
-0.310365
-0.310287
-0.310835
-0.310835
-0.310835
-0.311148
-0.311383
-0.311461
-0.311461
-0.311931
-0.311774
-0.312087
-0.312244
-0.312557
-0.312635
-0.312870
-0.312870
-0.313105
-0.313340
-0.313574
-0.313418
-0.313731
-0.313653
-0.313888
-0.313809
-0.313966
-0.314122
-0.314201
-0.314435
-0.314592
-0.314905
-0.314748
-0.314905
-0.315062
-0.315453
-0.315453
-0.315218
-0.315688
-0.315766
-0.316001
-0.316470
-0.316549
-0.316549
-0.316470
-0.316549
-0.316862
-0.317018
-0.317410
-0.317097
-0.317566
-0.317958
-0.318349
-0.318036
-0.318427
-0.318427
-0.318584
-0.318662
-0.319053
-0.319132
-0.319523
-0.319445
-0.319445
-0.319679
-0.319914
-0.320462
-0.320462
-0.320697
-0.321088
-0.321245
-0.321010
-0.321480
-0.321715
-0.321558
-0.321949
-0.321871
-0.322497
-0.322419
-0.322810
-0.323045
-0.323280
-0.323202
-0.323515
-0.323358
-0.323750
-0.323750
-0.324063
-0.324376
-0.324532
-0.324767
-0.324924
-0.325158
-0.325315
-0.325628
-0.325471
-0.325785
-0.325941
-0.325941
-0.326411
-0.326332
-0.326646
-0.326959
-0.327037
-0.326880
-0.327193
-0.327428
-0.327585
-0.327741
-0.327976
-0.328211
-0.328054
-0.328446
-0.328837
-0.328681
-0.329072
-0.329463
-0.329463
-0.329698
-0.329855
-0.330089
-0.330089
-0.330168
-0.330716
-0.330481
-0.330950
-0.331577
-0.331577
-0.331890
-0.331890
-0.332203
-0.332203
-0.332437
-0.332751
-0.332829
-0.333142
-0.333142
-0.333377
-0.333690
-0.334003
-0.333846
-0.334316
-0.334238
-0.334551
-0.334629
-0.335177
-0.335490
-0.335099
-0.335568
-0.335647
-0.336038
-0.336194
-0.336351
-0.336899
-0.336664
-0.336742
-0.336899
-0.337290
-0.337525
-0.337838
-0.337760
-0.337838
-0.337995
-0.338386
-0.338699
-0.339012
-0.339090
-0.339247
-0.339482
-0.339717
-0.340030
-0.340343
-0.340656
-0.340891
-0.340891
-0.341204
-0.341360
-0.341438
-0.341830
-0.341830
-0.342143
-0.342378
-0.342378
-0.342769
-0.342926
-0.343552
-0.343474
-0.343787
-0.343787
-0.344491
-0.344256
-0.344413
-0.344569
-0.344882
-0.345039
-0.345274
-0.345509
-0.345822
-0.346213
-0.346369
-0.346291
-0.346683
-0.346526
-0.346761
-0.346996
-0.347309
-0.347544
-0.348170
-0.348013
-0.348326
-0.348405
-0.348796
-0.349031
-0.349031
-0.349344
-0.349500
-0.350048
-0.350126
-0.350126
-0.350283
-0.350674
-0.350987
-0.350909
-0.351222
-0.351614
-0.351457
-0.351848
-0.352161
-0.352083
-0.352631
-0.352709
-0.353414
-0.353649
-0.353727
-0.353570
-0.354196
-0.354118
-0.354510
-0.354823
-0.354979
-0.354979
-0.355214
-0.355684
-0.355997
-0.356310
-0.356701
-0.356858
-0.356858
-0.357014
-0.357171
-0.357406
-0.357406
-0.357797
-0.357875
-0.358267
-0.358501
-0.358814
-0.358971
-0.359597
-0.360145
-0.359832
-0.359988
-0.360536
-0.360771
-0.361006
-0.361397
-0.361867
-0.361867
-0.362258
-0.362728
-0.362728
-0.362963
-0.363119
-0.363432
-0.363354
-0.363667
-0.364058
-0.364293
-0.364450
-0.364998
-0.365154
-0.365624
-0.365859
-0.365859
-0.366015
-0.366172
-0.366641
-0.367033
-0.367346
-0.367346
-0.367502
-0.368050
-0.367894
-0.368207
-0.368442
-0.368520
-0.368833
-0.369146
-0.368833
-0.369068
-0.369537
-0.369850
-0.370398
-0.370477
-0.370711
-0.371181
-0.371259
-0.371416
-0.371572
-0.371651
-0.371964
-0.372199
-0.372277
-0.372746
-0.372903
-0.373373
-0.373451
-0.373607
-0.374077
-0.374312
-0.374390
-0.374860
-0.375251
-0.375329
-0.375408
-0.375877
-0.376112
-0.376503
-0.376425
-0.376503
-0.377051
-0.377286
-0.377286
-0.377364
-0.377834
-0.378069
-0.378304
-0.378617
-0.378930
-0.379165
-0.379399
-0.379869
-0.379947
-0.380339
-0.380339
-0.380730
-0.381043
-0.381200
-0.381591
-0.382061
-0.382295
-0.382687
-0.382608
-0.383000
-0.383078
-0.383626
-0.383782
-0.383861
-0.384330
-0.384409
-0.384643
-0.384878
-0.385191
-0.385348
-0.385896
-0.385739
-0.386209
-0.386209
-0.386600
-0.386678
-0.387070
-0.387618
-0.387696
-0.387931
-0.388166
-0.388400
-0.388792
-0.389183
-0.389653
-0.389183
-0.389496
-0.389966
-0.390044
-0.390279
-0.390670
-0.390748
-0.391218
-0.391453
-0.392079
-0.391923
-0.392001
-0.392705
-0.392705
-0.392783
-0.393253
-0.393410
-0.393488
-0.393958
-0.394271
-0.394192
-0.394818
-0.395053
-0.395445
-0.395758
-0.396227
-0.396071
-0.396306
-0.396384
-0.396932
-0.397088
-0.397167
-0.397480
-0.397714
-0.398184
-0.398262
-0.398341
-0.398967
-0.399045
-0.399515
-0.399436
-0.399749
-0.400141
-0.400610
-0.400924
-0.400924
-0.401706
-0.402019
-0.401941
-0.402254
-0.402802
-0.403193
-0.403115
-0.403193
-0.403428
-0.403898
-0.404446
-0.404211
-0.404524
-0.404837
-0.405385
-0.405307
-0.405541
-0.405776
-0.406089
-0.406324
-0.406559
-0.407029
-0.407576
-0.407811
-0.407811
-0.408281
-0.408203
-0.408672
-0.408907
-0.408829
-0.409064
-0.409690
-0.410081
-0.410238
-0.410316
-0.410707
-0.411099
-0.410942
-0.411647
-0.411803
-0.411960
-0.412429
-0.412429
-0.412742
-0.413134
-0.413212
-0.413368
-0.413760
-0.413995
-0.414073
-0.414542
-0.414856
-0.414934
-0.415325
-0.415717
-0.415795
-0.416264
-0.416421
-0.416577
-0.417125
-0.417282
-0.417360
-0.417673
-0.417830
-0.418221
-0.418299
-0.418534
-0.418847
-0.419317
-0.419630
-0.419865
-0.419943
-0.420413
-0.420413
-0.421117
-0.421508
-0.421822
-0.422135
-0.422135
-0.422683
-0.422917
-0.423152
-0.423309
-0.423544
-0.424091
-0.424170
-0.424404
-0.424561
-0.424874
-0.425109
-0.425500
-0.425657
-0.426205
-0.426048
-0.426361
-0.426987
-0.427066
-0.427379
-0.427457
-0.427770
-0.427770
-0.428318
-0.428709
-0.428866
-0.429022
-0.429335
-0.429649
-0.430118
-0.429883
-0.430431
-0.430979
-0.431292
-0.431605
-0.431840
-0.431918
-0.432310
-0.432545
-0.432858
-0.433014
-0.433171
-0.433484
-0.433875
-0.434266
-0.434423
-0.434580
-0.434971
-0.435206
-0.435284
-0.435988
-0.435675
-0.436301
-0.436380
-0.436615
-0.437006
-0.437397
-0.437632
-0.437789
-0.438415
-0.438337
-0.438493
-0.438728
-0.439041
-0.439041
-0.439276
-0.439980
-0.440372
-0.440763
-0.440998
-0.441624
-0.442015
-0.441859
-0.442485
-0.442798
-0.442954
-0.443033
-0.443502
-0.443424
-0.443894
-0.444128
-0.444442
-0.444833
-0.444833
-0.445303
-0.445772
-0.445929
-0.446163
-0.446320
-0.446633
-0.446868
-0.447181
-0.447181
-0.447494
-0.448042
-0.448120
-0.448433
-0.448668
-0.449138
-0.449059
-0.449607
-0.449607
-0.449686
-0.450234
-0.450547
-0.450781
-0.451173
-0.451877
-0.451877
-0.452190
-0.452269
-0.452660
-0.452582
-0.453051
-0.453599
-0.453677
-0.453599
-0.454304
-0.454617
-0.454695
-0.455165
-0.455634
-0.455478
-0.456104
-0.456104
-0.456417
-0.456652
-0.456886
-0.457356
-0.457591
-0.457747
-0.458217
-0.458374
-0.458452
-0.458843
-0.459078
-0.459391
-0.459782
-0.459939
-0.460096
-0.460800
-0.460722
-0.461348
-0.461348
-0.461896
-0.462287
-0.462365
-0.462444
-0.463070
-0.462991
-0.463461
-0.463618
-0.464400
-0.464244
-0.464557
-0.465027
-0.465418
-0.465731
-0.466201
-0.466122
-0.466357
-0.466670
-0.466983
-0.467218
-0.467531
-0.467688
-0.468079
-0.468627
-0.469097
-0.468940
-0.469410
-0.469801
-0.469801
-0.469879
-0.470271
-0.470584
-0.470975
-0.471132
-0.471679
-0.471836
-0.472071
-0.472540
-0.472932
-0.472932
-0.473323
-0.473636
-0.473871
-0.474106
-0.474262
-0.474654
-0.474888
-0.475202
-0.475828
-0.475906
-0.476219
-0.476376
-0.476376
-0.477002
-0.477158
-0.477315
-0.477471
-0.478176
-0.478176
-0.478645
-0.478959
-0.479585
-0.479663
-0.479898
-0.480289
-0.480680
-0.480759
-0.480837
-0.481463
-0.481776
-0.481933
-0.482168
-0.482794
-0.482872
-0.483107
-0.483811
-0.483968
-0.484203
-0.484281
-0.484672
-0.484985
-0.485220
-0.485298
-0.485533
-0.485925
-0.486394
-0.486707
-0.486864
-0.487490
-0.487725
-0.487803
-0.488038
-0.488194
-0.488586
-0.488899
-0.489290
-0.489760
-0.490151
-0.490386
-0.490621
-0.490934
-0.491403
-0.491482
-0.491403
-0.492030
-0.492343
-0.492499
-0.492734
-0.493282
-0.493517
-0.493830
-0.493752
-0.494221
-0.494299
-0.494847
-0.495082
-0.495630
-0.495787
-0.496178
-0.495865
-0.496413
-0.496882
-0.497195
-0.497274
-0.497822
-0.497900
-0.498369
-0.498526
-0.498839
-0.498996
-0.499387
-0.499700
-0.499935
-0.500248
-0.500639
-0.500718
-0.501109
-0.501344
-0.501578
-0.502048
-0.502361
-0.502674
-0.502987
-0.503144
-0.503222
-0.503770
-0.503692
-0.504553
-0.504866
-0.504944
-0.505492
-0.505492
-0.505962
-0.506431
-0.506509
-0.506823
-0.507214
-0.507214
-0.507292
-0.507918
-0.508153
-0.508466
-0.508779
-0.509171
-0.509327
-0.509484
-0.509953
-0.509953
-0.510580
-0.510501
-0.511127
-0.511362
-0.511910
-0.512067
-0.512536
-0.512536
-0.512615
-0.513084
-0.513319
-0.513710
-0.513867
-0.514180
-0.514493
-0.514884
-0.515041
-0.515511
-0.515745
-0.516450
-0.516371
-0.516606
-0.516998
-0.517076
-0.517389
-0.517702
-0.518093
-0.518093
-0.518328
-0.518954
-0.519111
-0.519346
-0.519659
-0.520128
-0.519894
-0.520442
-0.521146
-0.521694
-0.521616
-0.522163
-0.522790
-0.522790
-0.522946
-0.523416
-0.523651
-0.523651
-0.524120
-0.524668
-0.524903
-0.525529
-0.525529
-0.525373
-0.525686
-0.526155
-0.526547
-0.526781
-0.527094
-0.527564
-0.527408
-0.527799
-0.528112
-0.528190
-0.528347
-0.528895
-0.529129
-0.529599
-0.529677
-0.530382
-0.530382
-0.530695
-0.531164
-0.531321
-0.531869
-0.531634
-0.531947
-0.532182
-0.532808
-0.532808
-0.533121
-0.533199
-0.533513
-0.534217
-0.534374
-0.534687
-0.534843
-0.535156
-0.535626
-0.535469
-0.535782
-0.536017
-0.536252
-0.536487
-0.536956
-0.537348
-0.537504
-0.538130
-0.538365
-0.538522
-0.539070
-0.539148
-0.539383
-0.539931
-0.540087
-0.540322
-0.540635
-0.540713
-0.541261
-0.541574
-0.541653
-0.541966
-0.542514
-0.542983
-0.543140
-0.543061
-0.543531
-0.543766
-0.543766
-0.544314
-0.544470
-0.544627
-0.544705
-0.545175
-0.545801
-0.546271
-0.546192
-0.546349
-0.546818
-0.546818
-0.547210
-0.547445
-0.547992
-0.548540
-0.548540
-0.548775
-0.549245
-0.549401
-0.549871
-0.550106
-0.550262
-0.550106
-0.550419
-0.550654
-0.551202
-0.551202
-0.551906
-0.552141
-0.551906
-0.552689
-0.552845
-0.553158
-0.553002
-0.553863
-0.553863
-0.554254
-0.554489
-0.554567
-0.555115
-0.555428
-0.555585
-0.555976
-0.556524
-0.556524
-0.556994
-0.556837
-0.557150
-0.557854
-0.557933
-0.558324
-0.558715
-0.558950
-0.558950
-0.559263
-0.559655
-0.559811
-0.559968
-0.560829
-0.560907
-0.560907
-0.561455
-0.561611
-0.561846
-0.562551
-0.562629
-0.563177
-0.563255
-0.563568
-0.563803
-0.564273
-0.564429
-0.565290
-0.564977
-0.565290
-0.565447
-0.565916
-0.566151
-0.566621
-0.566621
-0.566777
-0.567403
-0.567716
-0.567873
-0.568264
-0.568264
-0.568656
-0.569282
-0.569438
-0.569908
-0.570221
-0.570299
-0.570534
-0.571239
-0.571395
-0.571473
-0.571787
-0.572334
-0.572491
-0.572647
-0.573039
-0.573352
-0.573352
-0.573508
-0.573822
-0.574213
-0.574526
-0.575152
-0.575152
-0.575465
-0.575857
-0.576326
-0.576091
-0.576639
-0.576874
-0.577500
-0.577265
-0.577970
-0.578205
-0.578596
-0.578831
-0.579379
-0.579222
-0.580083
-0.579927
-0.580318
-0.580788
-0.580788
-0.581414
-0.581727
-0.582040
-0.582666
-0.583057
-0.583370
-0.583057
-0.583527
-0.583762
-0.584075
-0.584466
-0.584623
-0.584623
-0.584936
-0.585171
-0.585640
-0.585953
-0.586501
-0.586501
-0.586736
-0.587127
-0.587362
-0.587754
-0.587910
-0.588458
-0.588928
-0.588928
-0.589162
-0.589789
-0.589867
-0.590102
-0.590415
-0.590728
-0.590963
-0.591041
-0.591667
-0.591589
-0.591902
-0.592450
-0.592998
-0.593232
-0.593389
-0.593780
-0.593859
-0.594250
-0.594563
-0.594798
-0.594954
-0.595502
-0.595659
-0.596050
-0.596441
-0.596207
-0.596989
-0.597224
-0.597537
-0.597929
-0.597929
-0.598398
-0.598555
-0.598633
-0.598946
-0.599181
-0.599807
-0.600120
-0.600277
-0.600668
-0.601138
-0.601294
-0.601686
-0.602390
-0.602390
-0.602860
-0.603016
-0.603407
-0.603877
-0.603955
-0.604347
-0.604738
-0.604738
-0.605129
-0.605521
-0.605521
-0.605756
-0.606303
-0.606773
-0.606538
-0.606930
-0.607321
-0.607556
-0.608104
-0.608260
-0.608573
-0.608965
-0.609199
-0.609591
-0.609826
-0.610295
-0.610452
-0.610687
-0.610765
-0.611234
-0.611704
-0.612095
-0.612252
-0.612565
-0.612878
-0.613113
-0.613426
-0.613661
-0.613974
-0.614287
-0.614678
-0.615070
-0.615461
-0.615461
-0.615539
-0.615852
-0.616087
-0.616635
-0.616870
-0.616948
-0.617183
-0.617574
-0.617887
-0.618357
-0.618279
-0.618514
-0.618748
-0.619296
-0.619609
-0.619688
-0.619922
-0.620314
-0.620314
-0.620705
-0.621096
-0.621488
-0.622114
-0.622584
-0.622427
-0.622505
-0.623210
-0.623601
-0.623601
-0.623914
-0.624462
-0.624540
-0.624853
-0.625480
-0.625558
-0.625480
-0.626106
-0.626184
-0.626654
-0.626810
-0.627202
-0.627358
-0.627749
-0.627906
-0.628297
-0.628610
-0.629002
-0.629471
-0.629784
-0.629941
-0.630097
-0.630332
-0.630880
-0.631115
-0.631428
-0.632054
-0.632054
-0.632211
-0.632367
-0.632759
-0.632993
-0.633463
-0.633463
-0.633776
-0.634168
-0.634402
-0.634872
-0.634794
-0.635342
-0.635498
-0.635968
-0.636046
-0.636672
-0.636907
-0.637142
-0.637377
-0.637690
-0.638081
-0.638394
-0.638629
-0.639020
-0.639177
-0.639646
-0.639959
-0.640273
-0.639959
-0.640586
-0.640507
-0.641055
-0.641838
-0.641995
-0.642229
-0.642699
-0.642934
-0.643012
-0.643403
-0.643325
-0.643795
-0.643795
-0.644421
-0.644812
-0.644969
-0.645204
-0.645517
-0.645673
-0.645908
-0.646691
-0.647082
-0.647239
-0.647317
