-0.536174
-0.536330
-0.536643
-0.536956
-0.537270
-0.537817
-0.537817
-0.538209
-0.538522
-0.538991
-0.538835
-0.539226
-0.539539
-0.539852
-0.539852
-0.540479
-0.540948
-0.541026
-0.541496
-0.541731
-0.542435
-0.542514
-0.542514
-0.542905
-0.543140
-0.543296
-0.543609
-0.544157
-0.544314
-0.544392
-0.544783
-0.545097
-0.545410
-0.545644
-0.545957
-0.546036
-0.546349
-0.547053
-0.547053
-0.547523
-0.547679
-0.548071
-0.548149
-0.548462
-0.549088
-0.549480
-0.549558
-0.549714
-0.549636
-0.550184
-0.550497
-0.550967
-0.551202
-0.551280
-0.551593
-0.552063
-0.552297
-0.552689
-0.552767
-0.553315
-0.553393
-0.554019
-0.554254
-0.554411
-0.554724
-0.554802
-0.555193
-0.555428
-0.556054
-0.556133
-0.556446
-0.556602
-0.557072
-0.557463
-0.557463
-0.557854
-0.558011
-0.558324
-0.558559
-0.558950
-0.559107
-0.559342
-0.559576
-0.560124
-0.560281
-0.560516
-0.561142
-0.561142
-0.561455
-0.561925
-0.562394
-0.562472
-0.563020
-0.563255
-0.563568
-0.563646
-0.564038
-0.564507
-0.564507
-0.565055
-0.565290
-0.565290
-0.565681
-0.566151
-0.566151
-0.566699
-0.566934
-0.567325
-0.567325
-0.567560
-0.568030
-0.568421
-0.568577
-0.568891
-0.569282
-0.569438
-0.569830
-0.570065
-0.570378
-0.570612
-0.570769
-0.571239
-0.571317
-0.571630
-0.571943
-0.572021
-0.572647
-0.573039
-0.573274
-0.573352
-0.573822
-0.574056
-0.574369
-0.574761
-0.574917
-0.575309
-0.575622
-0.576170
-0.576170
-0.576404
-0.576717
-0.577344
-0.577500
-0.577500
-0.577892
-0.578439
-0.578596
-0.578753
-0.579066
-0.579457
-0.579692
-0.579927
-0.580318
-0.580709
-0.581022
-0.581179
-0.581883
-0.581805
-0.582275
-0.583214
-0.582823
-0.582979
-0.583527
-0.583918
-0.583918
-0.584231
-0.584701
-0.585249
-0.585484
-0.585797
-0.586110
-0.586423
-0.586658
-0.587127
-0.587440
-0.587362
-0.588067
-0.588458
-0.588380
-0.588615
-0.589084
-0.589397
-0.589789
-0.590102
-0.590180
-0.590336
-0.590493
-0.591119
-0.590963
-0.591354
-0.591980
-0.591980
-0.592137
-0.592528
-0.592919
-0.593311
-0.593624
-0.594093
-0.594406
-0.594250
-0.595033
-0.595424
-0.595424
-0.595815
-0.596207
-0.596676
-0.596755
-0.597146
-0.597146
-0.597694
-0.598163
-0.598398
-0.598868
-0.599103
-0.599259
-0.599572
-0.600198
-0.600120
-0.600512
-0.600746
-0.601451
-0.601842
-0.602390
-0.602781
-0.602468
-0.603251
-0.603486
-0.603407
-0.604034
-0.604190
-0.604503
-0.604738
-0.605129
-0.605286
-0.605521
-0.605834
-0.605912
-0.606303
-0.606538
-0.607086
-0.607321
-0.607791
-0.608104
-0.608495
-0.608338
-0.608808
-0.609278
-0.609434
-0.609513
-0.609982
-0.610295
-0.610452
-0.610843
-0.611000
-0.611234
-0.611548
-0.612095
-0.612252
-0.612487
-0.613035
-0.613113
-0.613583
-0.613817
-0.614287
-0.614600
-0.614600
-0.614757
-0.615305
-0.615461
-0.615696
-0.616009
-0.616322
-0.616870
-0.617105
-0.617418
-0.617653
-0.618044
-0.618200
-0.618748
-0.618827
-0.618748
-0.619531
-0.619688
-0.619531
-0.620314
-0.620314
-0.620627
-0.621175
-0.621566
-0.622036
-0.622271
-0.622662
-0.623053
-0.623131
-0.623210
-0.623445
-0.623758
-0.624149
-0.624306
-0.624853
-0.624932
-0.625166
-0.625480
-0.625401
-0.626341
-0.626419
-0.627045
-0.626967
-0.627202
-0.627358
-0.627828
-0.628454
-0.628297
-0.628923
-0.629237
-0.629471
-0.629863
-0.630019
-0.630097
-0.630567
-0.630802
-0.631037
-0.631585
-0.631898
-0.632133
-0.632367
-0.632837
-0.632680
-0.633307
-0.633698
-0.634011
-0.634011
-0.634168
-0.634715
-0.634872
-0.634872
-0.635263
-0.635655
-0.635811
-0.636124
-0.636594
-0.636907
-0.636829
-0.637455
-0.637690
-0.638159
-0.638316
-0.638629
-0.638785
-0.639020
-0.639568
-0.639725
-0.640038
-0.640273
-0.640664
-0.641290
-0.641290
-0.641603
-0.641838
-0.642073
-0.642464
-0.642855
-0.643169
-0.643403
-0.643795
-0.644108
-0.644343
-0.644812
-0.644656
-0.645360
-0.645438
-0.645751
-0.646065
-0.646299
-0.646534
-0.647004
-0.647239
-0.647630
-0.647630
-0.648256
-0.648256
-0.648491
-0.649039
-0.649117
-0.649352
-0.649665
-0.650213
-0.650448
-0.650682
-0.650761
-0.651230
-0.651465
-0.651700
-0.652091
-0.652483
-0.652561
-0.652952
-0.653109
-0.653578
-0.653657
-0.653735
-0.654205
-0.654596
-0.654831
-0.655222
-0.655379
-0.655535
-0.656005
-0.656005
-0.656318
-0.656709
-0.657022
-0.657257
-0.657335
-0.657727
-0.658118
-0.658275
-0.658744
-0.658588
-0.658901
-0.658979
-0.659136
-0.659057
-0.658979
-0.659057
-0.658588
-0.658823
-0.658509
-0.658353
-0.658118
-0.658118
-0.657648
-0.657727
-0.657257
-0.657414
-0.656944
-0.657101
-0.656709
-0.656631
-0.656005
-0.655848
-0.655535
-0.655300
-0.655144
-0.654752
-0.654439
-0.654048
-0.653578
-0.653657
-0.653500
-0.652874
-0.652483
-0.652483
-0.652404
-0.651622
-0.651230
-0.651230
-0.650839
-0.650604
-0.650056
-0.649978
-0.649743
-0.649195
-0.648804
-0.648726
-0.648256
-0.648100
-0.647865
-0.647473
-0.647082
-0.646847
-0.646221
-0.645908
-0.645751
-0.645438
-0.645125
-0.644656
-0.644108
-0.643951
-0.643795
-0.643560
-0.643012
-0.643090
-0.642777
-0.642308
-0.641916
-0.641447
-0.641212
-0.640664
-0.640586
-0.640273
-0.639725
-0.639333
-0.639099
-0.638629
-0.638238
-0.638081
-0.637533
-0.637611
-0.636907
-0.636829
-0.636672
-0.636046
-0.635733
-0.635263
-0.635185
-0.634637
-0.634324
-0.634011
-0.634089
-0.633385
-0.633150
-0.632915
-0.632446
-0.632211
-0.631898
-0.631350
-0.630958
-0.630645
-0.630176
-0.630411
-0.629784
-0.629393
-0.628845
-0.628689
-0.628219
-0.627984
-0.627749
-0.627202
-0.626967
-0.626732
-0.626419
-0.626106
-0.625401
-0.625245
-0.625010
-0.624775
-0.624462
-0.623679
-0.623758
-0.623445
-0.622975
-0.622662
-0.622427
-0.621879
-0.622036
-0.621410
-0.621175
-0.620549
-0.620314
-0.619766
-0.619609
-0.619453
-0.619061
-0.618827
-0.618357
-0.618279
-0.617731
-0.617261
-0.616792
-0.616479
-0.616400
-0.616244
-0.615618
-0.615305
-0.614991
-0.614522
-0.614209
-0.613739
-0.613817
-0.613348
-0.613348
-0.612878
-0.612487
-0.612174
-0.611704
-0.611782
-0.611156
-0.610608
-0.610530
-0.610217
-0.609826
-0.609513
-0.609278
-0.608808
-0.608808
-0.608025
-0.607947
-0.607869
-0.607399
-0.607086
-0.606617
-0.606773
-0.606225
-0.605756
-0.605364
-0.605129
-0.604660
-0.604738
-0.603955
-0.604268
-0.603721
-0.603407
-0.603016
-0.602547
-0.602312
-0.601920
-0.601529
-0.601216
-0.600668
-0.600277
-0.599964
-0.599651
-0.599181
-0.598790
-0.598320
-0.598163
-0.597694
-0.597694
-0.597537
-0.596833
-0.596755
-0.596128
-0.596050
-0.595737
-0.595267
-0.594798
-0.594406
-0.594485
-0.594093
-0.593311
-0.592919
-0.592841
-0.592528
-0.592371
-0.591902
-0.591589
-0.591354
-0.590728
-0.590493
-0.590336
-0.590102
-0.589710
-0.589241
-0.588771
-0.588928
-0.588380
-0.588223
-0.587519
-0.586893
-0.587206
-0.586501
-0.585875
-0.585797
-0.585640
-0.585171
-0.584779
-0.584466
-0.584153
-0.584231
-0.583918
-0.583527
-0.583449
-0.583057
-0.582509
-0.582196
-0.581962
-0.581492
-0.581022
-0.580709
-0.580240
-0.579692
-0.579692
-0.579144
-0.578753
-0.578596
-0.577970
-0.577892
-0.577735
-0.577422
-0.577265
-0.576874
-0.576561
-0.576091
-0.575935
-0.575543
-0.575543
-0.574761
-0.574604
-0.574135
-0.573352
-0.573352
-0.573117
-0.572804
-0.572334
-0.571865
-0.572021
-0.571630
-0.571004
-0.570691
-0.570534
-0.570065
-0.569830
-0.569517
-0.568812
-0.568577
-0.568343
-0.568264
-0.568108
-0.567403
-0.567169
-0.567090
-0.566621
-0.566386
-0.566073
-0.565525
-0.565290
-0.564899
-0.564351
-0.564038
-0.563803
-0.563646
-0.562785
-0.562942
-0.562707
-0.562238
-0.561846
-0.561768
-0.560985
-0.560829
-0.560359
-0.559420
-0.559420
-0.559029
-0.558794
-0.558559
-0.557776
-0.557698
-0.557385
-0.557150
-0.556915
-0.556602
-0.556289
-0.555976
-0.555506
-0.555272
-0.555115
-0.554645
-0.554176
-0.554098
-0.553550
-0.553158
-0.553080
-0.552689
-0.552532
-0.552141
-0.551593
-0.551280
-0.550810
-0.550341
-0.550262
-0.550184
-0.549949
-0.549167
-0.548932
-0.548540
-0.548384
-0.547992
-0.547523
-0.547053
-0.546897
-0.546740
-0.546271
-0.545801
-0.545488
-0.545253
-0.544783
-0.544157
-0.544079
-0.543844
-0.543844
-0.543375
-0.543140
-0.542357
-0.542279
-0.541887
-0.541183
-0.541261
-0.540870
-0.540713
-0.540087
-0.539931
-0.539383
-0.539070
-0.538913
-0.538678
-0.538287
-0.538130
-0.537739
-0.537348
-0.537035
-0.536722
-0.536252
-0.535861
-0.535156
-0.535078
-0.534843
-0.534608
-0.534295
-0.533826
-0.533669
-0.533199
-0.533043
-0.532808
-0.532339
-0.531869
-0.531399
-0.531164
-0.530930
-0.530460
-0.530304
-0.529834
-0.529364
-0.529286
-0.528660
-0.528660
-0.528112
-0.527955
-0.527251
-0.527094
-0.526860
-0.526155
-0.526155
-0.525607
-0.525216
-0.525216
-0.524668
-0.524355
-0.524042
-0.523885
-0.523651
-0.523181
-0.523024
-0.522477
-0.522163
-0.521772
-0.521850
-0.520755
-0.520676
-0.520128
-0.519894
-0.519502
-0.519424
-0.518798
-0.518407
-0.518172
-0.518015
-0.517467
-0.517311
-0.516763
-0.516606
-0.516371
-0.515980
-0.515745
-0.515511
-0.514963
-0.514806
-0.514415
-0.514336
-0.513554
-0.513241
-0.512771
-0.512849
-0.512536
-0.511988
-0.511832
-0.511362
-0.511206
-0.510814
-0.510736
-0.510345
-0.509797
-0.509797
-0.509484
-0.508936
-0.508545
-0.508310
-0.508153
-0.507840
-0.507214
-0.507136
-0.506588
-0.506118
-0.505883
-0.505570
-0.505414
-0.504944
-0.504944
-0.504161
-0.504318
-0.503848
-0.503535
-0.503222
-0.502753
-0.502439
-0.502126
-0.501892
-0.501422
-0.501031
-0.500796
-0.500404
-0.499857
-0.499465
-0.499387
-0.498839
-0.498604
-0.498369
-0.497743
-0.497587
-0.497195
-0.497039
-0.496491
-0.496178
-0.496178
-0.495865
-0.495708
-0.495708
-0.495004
-0.494299
-0.494299
-0.493986
-0.493517
-0.493360
-0.493125
-0.492499
-0.492264
-0.491873
-0.491873
-0.491482
-0.491325
-0.490777
-0.490229
-0.489916
-0.489838
-0.489838
-0.489134
-0.488821
-0.488507
-0.488194
-0.488038
-0.487725
-0.487333
-0.487177
-0.486786
-0.486472
-0.486003
-0.485690
-0.485298
-0.485142
-0.484672
-0.484281
-0.484124
-0.483420
-0.483107
-0.483029
-0.482794
-0.482559
-0.482402
-0.482011
-0.481385
-0.481150
-0.480994
-0.480524
-0.480133
-0.479976
-0.479663
-0.479350
-0.478959
-0.478645
-0.478645
-0.478019
-0.477706
-0.477550
-0.477237
-0.477002
-0.476297
-0.475984
-0.475202
-0.475358
-0.474967
-0.474497
-0.474419
-0.473949
-0.473714
-0.473558
-0.473401
-0.473088
-0.472853
-0.472306
-0.471914
-0.471914
-0.471445
-0.471132
-0.470584
-0.470349
-0.470036
-0.469801
-0.469566
-0.469018
-0.469018
-0.468705
-0.468470
-0.468236
-0.467844
-0.467375
-0.467062
-0.466592
-0.466357
-0.465966
-0.465731
-0.465731
-0.464948
-0.464713
-0.464792
-0.464400
-0.463931
-0.463383
-0.463226
-0.462757
-0.462600
-0.461896
-0.461817
-0.461817
-0.461113
-0.461035
-0.460565
-0.460096
-0.459939
-0.459235
-0.459078
-0.459078
-0.458530
-0.458452
-0.458060
-0.457904
-0.457200
-0.457043
-0.456730
-0.456808
-0.456339
-0.456182
-0.455634
-0.455634
-0.454930
-0.454930
-0.454225
-0.454069
-0.453677
-0.453364
-0.453051
-0.452582
-0.452738
-0.452660
-0.452112
-0.451486
-0.451173
-0.451173
-0.450860
-0.450155
-0.450234
-0.449764
-0.449529
-0.449607
-0.449059
-0.448198
-0.448433
-0.448120
-0.447729
-0.447259
-0.446633
-0.446868
-0.446633
-0.446242
-0.445616
-0.445537
-0.445303
-0.444833
-0.444989
-0.444442
-0.443972
-0.443581
-0.443502
-0.443346
-0.442876
-0.442485
-0.441780
-0.441780
-0.441467
-0.441311
-0.440685
-0.440293
-0.439902
-0.439432
-0.439197
-0.438884
-0.438728
-0.438180
-0.438337
-0.437789
-0.437554
-0.437319
-0.437084
-0.436849
-0.436145
-0.435597
-0.435675
-0.434814
-0.434971
-0.434658
-0.434423
-0.433797
-0.433719
-0.433562
-0.432858
-0.432701
-0.432310
-0.432231
-0.431449
-0.431214
-0.431057
-0.430431
-0.430275
-0.430040
-0.429727
-0.429257
-0.429022
-0.428553
-0.428161
-0.427848
-0.427535
-0.427144
-0.426831
-0.426831
-0.426205
-0.426283
-0.425970
-0.425500
-0.425031
-0.425031
-0.424639
-0.424248
-0.424013
-0.423465
-0.423387
-0.422996
-0.422761
-0.422604
-0.422448
-0.421822
-0.421430
-0.420804
-0.420648
-0.420256
-0.419787
-0.419630
-0.419160
-0.418769
-0.418534
-0.418143
-0.417830
-0.417595
-0.417204
-0.416969
-0.416734
-0.416343
-0.415795
-0.415638
-0.415403
-0.414934
-0.414386
-0.414073
-0.413682
-0.413447
-0.413212
-0.412742
-0.412507
-0.412429
-0.411803
-0.411568
-0.411333
-0.411020
-0.410864
-0.410316
-0.410159
-0.409768
-0.409455
-0.408829
-0.408672
-0.408359
-0.408359
-0.408124
-0.407498
-0.407263
-0.406872
-0.406402
-0.406246
-0.406011
-0.405620
-0.405307
-0.405228
-0.404837
-0.404680
-0.404289
-0.403976
-0.403663
-0.403193
-0.402802
-0.402645
-0.402411
-0.402098
-0.401628
-0.401158
-0.400924
-0.400376
-0.399984
-0.399828
-0.399202
-0.399123
-0.398889
-0.398575
-0.398106
-0.397871
-0.397558
-0.397167
-0.396932
-0.396462
-0.396227
-0.395836
-0.395679
-0.395679
-0.395210
-0.394740
-0.394505
-0.394192
-0.394114
-0.393566
-0.393097
-0.393097
-0.392627
-0.392392
-0.391923
-0.391688
-0.391688
-0.391140
-0.390827
-0.390357
-0.390357
-0.390279
-0.389809
-0.389261
-0.388792
-0.388557
-0.388479
-0.388322
-0.387774
-0.387539
-0.387070
-0.386600
-0.386522
-0.386287
-0.385661
-0.386052
-0.385348
-0.385035
-0.384722
-0.384409
-0.384330
-0.383861
-0.383469
-0.383078
-0.382765
-0.382687
-0.382452
-0.382295
-0.381591
-0.381200
-0.381278
-0.380886
-0.380808
-0.380182
-0.380026
-0.379791
-0.379321
-0.378930
-0.378773
-0.378304
-0.378147
-0.377912
-0.377521
-0.377051
-0.376738
-0.376582
-0.376190
-0.375877
-0.375799
-0.375329
-0.375095
-0.374703
-0.374703
-0.374312
-0.373607
-0.373451
-0.372903
-0.372981
-0.372512
-0.371964
-0.372042
-0.371729
-0.371494
-0.371338
-0.370868
-0.370868
-0.370633
-0.370242
-0.370007
-0.369616
-0.369068
-0.369068
-0.368442
-0.368285
-0.368207
-0.367972
-0.367424
-0.367346
-0.367111
-0.366954
-0.366172
-0.366172
-0.365624
-0.365546
-0.365546
-0.364841
-0.364685
-0.364372
-0.364528
-0.363980
-0.363667
-0.363432
-0.363119
-0.363041
-0.362415
-0.362258
-0.361789
-0.361554
-0.361476
-0.360615
-0.360536
-0.360223
-0.359519
-0.359284
-0.359206
-0.358580
-0.358345
-0.357797
-0.357797
-0.357562
-0.357171
-0.356936
-0.356623
-0.356466
-0.356231
-0.355762
-0.355527
-0.355057
-0.354744
-0.354588
-0.354118
-0.353805
-0.353336
-0.353257
-0.352944
-0.352866
-0.352553
-0.352240
-0.351927
-0.351692
-0.351222
-0.350987
-0.350440
-0.350440
-0.350048
-0.350126
-0.349500
-0.349657
-0.349187
-0.348796
-0.348639
-0.348091
-0.347857
-0.347309
-0.347387
-0.346917
-0.346683
-0.346448
-0.346135
-0.346056
-0.345743
-0.345274
-0.345352
-0.345117
-0.344569
-0.344178
-0.343630
-0.343630
-0.343082
-0.343004
-0.342691
-0.342613
-0.342456
-0.341830
-0.341517
-0.341360
-0.341204
-0.340734
-0.340421
-0.340264
-0.339873
-0.339403
-0.339169
-0.338621
-0.338308
-0.337995
-0.337603
-0.337447
-0.337368
-0.336899
-0.336508
-0.336116
-0.335725
-0.335881
-0.335333
-0.335177
-0.334786
-0.334786
-0.334238
-0.333846
-0.333846
-0.333298
-0.333142
-0.332829
-0.332516
-0.332281
-0.332046
-0.331811
-0.331498
-0.331107
-0.330716
-0.330481
-0.330246
-0.330011
-0.329698
-0.329307
-0.328994
-0.328759
-0.328446
-0.328054
-0.327663
-0.327663
-0.327350
-0.326880
-0.327037
-0.326646
-0.326411
-0.326019
-0.325785
-0.324924
-0.324845
-0.324610
-0.324376
-0.323906
-0.323828
-0.323828
-0.323358
-0.323202
-0.322732
-0.322341
-0.321793
-0.321715
-0.321323
-0.321088
-0.320854
-0.320384
-0.320071
-0.319914
-0.319366
-0.319445
-0.319288
-0.318975
-0.318975
-0.318271
-0.317879
-0.317644
-0.317253
-0.317097
-0.316862
-0.316470
-0.316236
-0.316001
-0.315923
-0.315453
-0.315140
-0.314983
-0.314748
-0.314279
-0.314122
-0.313809
-0.313574
-0.313183
-0.312870
-0.312792
-0.312322
-0.312166
-0.311853
-0.311853
-0.311148
-0.310992
-0.310835
-0.310209
-0.310052
-0.309583
-0.309661
-0.309270
-0.308878
-0.308643
-0.308330
-0.308096
-0.307782
-0.307548
-0.307313
-0.306843
-0.306765
-0.306452
-0.305982
-0.305826
-0.305356
-0.305356
-0.305043
-0.304808
-0.304417
-0.304417
-0.303791
-0.303399
-0.303086
-0.302930
-0.302617
-0.302617
-0.302069
-0.301991
-0.301677
-0.301443
-0.300895
-0.300503
-0.300582
-0.300190
-0.299877
-0.299486
-0.299016
-0.299016
-0.298390
-0.298468
-0.298312
-0.297999
-0.297451
-0.297294
-0.297216
-0.296668
-0.296590
-0.296199
-0.296277
-0.295807
-0.295416
-0.295181
-0.294868
-0.294711
-0.294242
-0.293929
-0.293929
-0.293694
-0.293616
-0.293068
-0.292598
-0.292676
-0.292129
-0.291972
-0.291268
-0.291424
-0.291111
-0.290954
-0.290407
-0.290485
-0.290094
-0.289780
-0.289389
-0.289154
-0.288841
-0.288293
-0.288137
-0.287902
-0.287745
-0.287432
-0.287432
-0.286884
-0.286415
-0.286180
-0.286102
-0.285945
-0.285319
-0.285319
-0.285084
-0.284849
-0.284458
-0.283832
-0.283832
-0.283754
-0.283519
-0.283049
-0.282971
-0.282501
-0.282267
-0.282188
-0.281797
-0.281249
-0.281249
-0.280623
-0.280545
-0.280232
-0.279684
-0.279684
-0.279214
-0.278823
-0.278588
-0.278275
-0.278197
-0.277883
-0.277883
-0.277492
-0.277101
-0.276788
-0.276553
-0.276396
-0.275927
-0.275848
-0.275379
-0.275066
-0.274909
-0.274753
-0.274518
-0.274361
-0.274361
-0.273813
-0.273657
-0.273187
-0.272952
-0.272796
-0.272639
-0.272170
-0.272248
-0.271700
-0.271544
-0.271622
-0.271387
-0.270604
-0.270917
-0.270448
-0.270056
-0.269978
-0.269430
-0.269117
-0.268961
-0.268648
-0.268491
-0.268178
-0.267787
-0.267865
-0.267787
-0.267395
-0.267239
-0.266847
-0.266613
-0.266534
-0.266378
-0.265830
-0.265204
-0.265282
-0.264891
-0.264656
-0.264264
-0.264186
-0.263951
-0.263717
-0.263325
-0.263169
-0.262934
-0.262621
-0.262308
-0.261838
-0.261838
-0.261760
-0.261368
-0.261368
-0.261290
-0.260899
-0.260194
-0.260351
-0.259725
-0.259647
-0.259412
-0.259333
-0.258942
-0.258707
-0.258786
-0.258394
-0.258003
-0.258003
-0.257455
-0.257142
-0.256985
-0.256751
-0.256203
-0.256281
-0.255890
-0.256124
-0.255811
-0.255733
-0.255498
-0.254950
-0.254637
-0.254246
-0.254402
-0.254168
-0.253698
-0.253542
-0.253620
-0.253385
-0.253150
-0.252994
-0.252602
-0.252289
-0.252133
-0.251663
-0.251350
-0.250959
-0.250880
-0.250802
-0.250567
-0.250332
-0.250567
-0.250176
-0.249706
-0.249002
-0.249158
-0.249080
-0.248689
-0.248454
-0.247984
-0.247906
-0.247750
-0.247593
-0.247280
-0.247280
-0.247123
-0.246732
-0.246497
-0.245949
-0.245793
-0.245323
-0.245323
-0.245245
-0.245010
-0.244854
-0.244775
-0.244619
-0.243993
-0.243993
-0.243758
-0.243210
-0.243210
-0.243210
-0.242897
-0.242584
-0.242505
-0.242271
-0.242271
-0.241801
-0.241645
-0.241645
-0.240784
-0.240705
-0.240549
-0.240549
-0.239844
-0.239609
-0.239453
-0.239296
-0.239296
-0.238827
-0.238514
-0.238514
-0.238201
-0.238122
-0.237809
-0.237418
-0.237418
-0.237418
-0.237183
-0.236870
-0.236400
-0.236635
-0.236244
-0.235931
-0.235618
-0.235461
-0.235148
-0.234835
-0.234835
-0.234600
-0.234444
-0.234522
-0.234131
-0.233896
-0.233661
-0.233348
-0.233113
-0.232722
-0.232409
-0.232643
-0.232409
-0.232174
-0.231939
-0.231939
-0.231783
-0.231626
-0.231626
-0.231156
-0.231000
-0.230843
-0.230295
-0.230139
-0.229982
-0.229748
-0.229669
-0.229278
-0.229278
-0.229121
-0.228965
-0.228730
-0.228573
-0.228260
-0.227947
-0.227947
-0.227399
-0.227399
-0.227399
-0.227086
-0.227165
-0.226538
-0.226382
-0.226147
-0.225756
-0.225521
-0.225443
-0.225208
-0.225364
-0.225130
-0.224973
-0.224973
-0.224817
-0.224425
-0.223799
-0.223642
-0.223721
-0.223564
-0.223408
-0.223329
-0.223095
-0.223095
-0.223016
-0.222781
-0.222468
-0.222234
-0.222234
-0.221842
-0.221686
-0.221060
-0.221216
-0.221060
-0.220825
-0.220903
-0.220668
-0.220433
-0.220277
-0.220120
-0.219729
-0.219729
-0.219338
-0.219416
-0.219181
-0.218946
-0.218790
-0.218633
-0.218711
-0.218320
-0.218164
-0.218085
-0.217694
-0.217537
-0.217459
-0.217694
-0.216755
-0.217146
-0.216911
-0.216990
-0.216676
-0.216520
-0.216285
-0.216129
-0.215894
-0.215737
-0.215659
-0.215268
-0.215268
-0.214955
-0.214955
-0.215033
-0.214641
-0.214328
-0.214250
-0.214015
-0.213937
-0.213780
-0.213389
-0.213389
-0.213311
-0.212841
-0.213154
-0.212919
-0.212763
-0.212528
-0.212372
-0.212293
-0.212372
-0.212215
-0.212137
-0.211824
-0.211667
-0.211824
-0.211511
-0.211511
-0.211276
-0.211119
-0.211041
-0.210650
-0.210728
-0.210493
-0.210258
-0.210258
-0.210180
-0.210180
-0.209945
-0.209632
-0.209397
-0.209476
-0.209632
-0.209241
-0.209397
-0.208771
-0.208615
-0.208615
-0.208536
-0.208380
-0.208145
-0.207832
-0.207989
-0.207597
-0.207362
-0.207597
-0.207362
-0.207206
-0.207128
-0.207049
-0.207049
-0.206971
-0.206501
-0.206423
-0.206501
-0.206267
-0.206267
-0.206188
-0.205953
-0.205875
-0.205797
-0.205797
-0.205797
-0.205484
-0.205327
-0.205406
-0.205327
-0.205249
-0.205171
-0.204936
-0.205014
-0.204701
-0.204466
-0.204466
-0.204466
-0.204075
-0.203997
-0.204388
-0.203918
-0.204075
-0.203840
-0.203292
-0.203527
-0.203449
-0.203292
-0.203371
-0.202901
-0.203214
-0.202979
-0.202901
-0.202744
-0.202744
-0.202823
-0.202588
-0.202510
-0.202431
-0.202275
-0.202040
-0.202118
-0.202197
-0.201883
-0.202275
-0.201883
-0.201883
-0.201649
-0.201570
-0.201336
-0.201570
-0.201414
-0.201336
-0.201179
-0.201179
-0.201492
-0.201022
-0.200866
-0.200475
-0.200788
-0.200396
-0.200631
-0.200475
-0.199927
-0.200318
-0.200240
-0.200318
-0.200475
-0.200240
-0.199927
-0.199535
-0.199614
-0.199614
-0.199379
-0.199770
-0.199457
-0.199770
-0.199692
-0.199927
-0.199770
-0.199379
-0.199222
-0.199144
-0.198831
-0.199066
-0.198987
-0.199066
-0.198596
-0.199222
-0.199066
-0.198909
-0.198753
-0.198753
-0.198674
-0.198518
-0.198361
-0.198518
-0.198518
-0.198518
-0.198674
-0.198674
-0.198596
-0.198283
-0.198283
-0.198361
-0.198440
-0.198518
-0.198283
-0.198283
-0.198361
-0.198518
-0.198596
-0.198753
-0.198831
-0.198596
-0.198518
-0.198127
-0.198440
-0.198518
-0.198361
-0.198518
-0.198518
-0.198361
-0.198753
-0.198987
-0.198674
-0.198440
-0.198440
-0.198361
-0.198518
-0.198127
-0.198440
-0.198048
-0.198440
-0.198361
-0.198596
-0.198518
-0.198831
-0.198440
-0.198440
-0.198518
-0.198518
-0.198440
-0.198205
-0.198283
-0.198205
-0.198674
-0.198596
-0.198987
-0.198518
-0.198361
-0.198283
-0.198361
-0.198361
-0.198205
-0.198283
-0.198596
-0.198753
-0.198909
-0.198440
-0.198753
-0.198518
-0.198674
-0.198518
-0.198440
-0.198440
-0.198674
-0.198518
-0.198674
-0.199066
-0.199222
-0.198987
-0.198674
-0.198831
-0.198753
-0.198596
-0.198753
-0.198909
-0.198987
-0.199144
-0.199301
-0.199379
-0.199614
-0.199379
-0.199222
-0.198831
-0.198987
-0.199301
-0.199222
-0.199144
-0.199614
-0.199692
-0.199848
-0.199692
-0.199457
-0.199614
-0.199535
-0.199535
-0.199614
-0.199770
-0.199927
-0.199927
-0.199770
-0.200553
-0.200475
-0.200318
-0.200083
-0.200553
-0.200240
-0.200005
-0.200162
-0.200318
-0.200475
-0.200866
-0.200631
-0.200944
-0.201022
-0.200788
-0.200631
-0.200788
-0.201101
-0.201022
-0.200944
-0.201257
-0.201179
-0.201336
-0.201492
-0.201414
-0.201492
-0.201179
-0.201414
-0.201492
-0.201492
-0.201649
-0.201805
-0.201962
-0.201805
-0.201883
-0.201727
-0.202040
-0.202197
-0.202040
-0.202040
-0.202353
-0.202353
-0.202118
-0.202353
-0.202431
-0.202275
-0.202197
-0.202275
-0.202666
-0.202275
-0.202510
-0.202666
-0.202744
-0.202901
-0.202979
-0.203136
-0.203136
-0.203214
-0.202979
-0.202823
-0.203292
-0.203449
-0.203527
-0.203214
-0.203449
-0.203371
-0.203292
-0.203136
-0.203214
-0.203684
-0.203527
-0.203605
-0.203762
-0.203605
-0.204075
-0.203684
-0.203762
-0.203918
-0.203918
-0.203840
-0.203840
-0.203918
-0.203762
-0.204153
-0.203918
-0.204153
-0.204232
-0.203918
-0.204232
-0.204075
-0.204310
-0.204153
-0.204232
-0.204232
-0.204623
-0.204466
-0.204466
-0.204466
-0.204545
-0.204779
-0.204466
-0.204623
-0.204466
-0.204232
-0.204623
-0.204779
-0.204858
-0.204701
-0.204466
-0.204701
-0.204779
-0.204701
-0.204466
-0.204623
-0.204545
-0.204466
-0.204466
-0.205014
-0.204779
-0.204701
-0.204779
-0.204623
-0.204701
-0.204545
-0.204466
-0.204388
-0.204466
-0.204701
-0.204701
-0.204623
-0.204466
-0.204310
-0.204701
-0.204466
-0.204545
-0.204466
-0.203997
-0.204310
-0.204310
-0.204466
-0.204232
-0.204388
-0.203840
-0.204075
-0.204075
-0.204075
-0.203997
-0.203605
-0.203762
-0.203997
-0.203605
-0.203762
-0.203762
-0.203292
-0.203214
-0.203292
-0.203292
-0.202901
-0.202979
-0.202823
-0.202979
-0.202588
-0.202666
-0.202510
-0.202431
-0.202197
-0.202197
-0.201883
-0.201883
-0.201805
-0.201805
-0.201649
-0.201336
-0.201414
-0.201101
-0.200709
-0.200709
-0.201022
-0.200866
-0.200475
-0.200318
-0.200005
-0.200005
-0.199535
-0.199379
-0.199614
-0.199301
-0.198909
-0.198753
-0.198674
-0.198518
-0.198361
-0.198048
-0.198048
-0.197735
-0.197657
-0.197266
-0.197187
-0.196874
-0.196639
-0.196639
-0.196561
-0.196405
-0.196248
-0.195778
-0.195465
-0.195387
-0.195309
-0.194996
-0.194604
-0.194604
-0.194056
-0.193900
-0.193509
-0.193352
-0.193039
-0.192804
-0.192256
-0.192178
-0.192178
-0.191787
-0.191708
-0.191160
-0.191082
-0.190769
-0.190613
-0.190613
-0.189986
-0.189595
-0.189282
-0.189125
-0.188891
-0.188499
-0.188186
-0.188030
-0.187560
-0.187247
-0.186699
-0.186621
-0.186151
-0.185603
-0.185525
-0.185290
-0.184664
-0.184351
-0.184194
-0.183803
-0.183490
-0.183334
-0.182942
-0.182394
-0.181846
-0.181768
-0.181377
-0.180829
-0.179890
-0.180203
-0.179577
-0.179263
-0.178872
-0.178324
-0.177776
-0.177542
-0.177307
-0.176915
-0.176368
-0.175898
-0.175428
-0.174880
-0.174567
-0.174254
-0.173706
-0.173393
-0.173002
-0.172532
-0.171906
-0.171593
-0.171280
-0.170654
-0.170028
-0.169715
-0.169167
-0.168697
-0.168384
-0.167523
-0.167288
-0.166584
-0.166036
-0.165801
-0.165253
-0.165097
-0.164392
-0.163766
-0.163296
-0.163062
-0.162357
-0.161809
-0.161105
-0.160635
-0.159853
-0.159305
-0.158992
-0.158287
-0.157504
-0.156957
-0.156565
-0.156174
-0.155156
-0.154765
-0.154217
-0.153904
-0.153669
-0.152965
-0.152260
-0.151713
-0.151008
-0.150460
-0.149756
-0.149208
-0.148817
-0.148347
-0.147799
-0.147486
-0.147095
-0.146312
-0.145451
-0.144512
-0.143886
-0.143181
-0.142946
-0.142242
-0.141929
-0.141616
-0.140990
-0.140050
-0.138955
-0.138563
-0.138094
-0.137076
-0.136763
-0.136215
-0.135667
-0.135354
-0.135041
-0.134337
-0.133084
-0.132458
-0.131832
-0.131284
-0.130345
-0.130110
-0.129171
-0.128936
-0.128310
-0.127762
-0.127214
-0.125962
-0.125492
-0.124866
-0.124240
-0.123457
-0.122988
-0.122518
-0.122127
-0.121500
-0.120639
-0.119544
-0.118683
-0.118135
-0.117430
-0.116491
-0.116178
-0.115317
-0.115161
-0.114691
-0.114300
-0.113282
-0.112186
-0.111560
-0.111012
-0.110386
-0.109682
-0.108977
-0.108351
-0.107960
-0.107412
-0.106786
-0.105846
-0.105142
-0.104438
-0.103498
-0.102716
-0.102246
-0.101542
-0.100994
-0.100368
-0.100054
-0.098802
-0.097550
-0.097002
-0.096298
-0.095750
-0.094967
-0.094262
-0.093949
-0.093558
-0.093010
-0.092149
-0.090975
-0.090271
-0.089175
-0.088705
-0.087923
-0.087296
-0.086592
-0.086044
-0.085496
-0.085105
-0.083305
-0.082757
-0.081974
-0.081191
-0.080565
-0.079861
-0.079000
-0.078452
-0.077748
-0.077200
-0.075634
-0.075008
-0.074147
-0.073521
-0.072895
-0.072112
-0.071799
-0.071408
-0.070860
-0.070312
-0.068981
-0.068042
-0.067729
-0.066868
-0.066242
-0.065459
-0.065068
-0.064911
-0.063737
-0.063189
-0.061859
-0.061076
-0.060763
-0.059902
-0.059276
-0.058024
-0.057554
-0.057319
-0.056771
-0.056223
-0.055519
-0.054188
-0.053484
-0.053093
-0.052623
-0.051919
-0.051136
-0.050901
-0.050510
-0.049649
-0.048866
-0.047144
-0.046831
-0.046361
-0.045892
-0.045266
-0.044405
-0.043622
-0.042918
-0.042683
-0.041822
-0.040491
-0.040335
-0.039395
-0.038691
-0.037987
-0.037439
-0.036578
-0.036343
-0.035560
-0.035012
-0.033916
-0.033056
-0.032664
-0.031960
-0.031568
-0.030786
-0.029768
-0.029533
-0.029142
-0.028359
-0.027264
-0.026246
-0.025776
-0.025385
-0.024602
-0.023663
-0.023350
-0.022489
-0.022176
-0.021315
-0.020532
-0.019828
-0.018967
-0.018184
-0.017949
-0.017167
-0.016462
-0.015993
-0.015523
-0.015132
-0.014349
-0.013332
-0.012627
-0.011923
-0.011453
-0.011062
-0.010279
-0.009340
-0.009027
-0.008401
-0.007931
-0.007070
-0.006052
-0.005818
-0.004878
-0.004330
-0.003704
-0.003313
-0.002843
-0.002217
-0.001669
-0.000808
-0.000104
0.000600
0.001070
0.001461
0.001931
0.002714
0.003262
0.003653
0.004279
0.005218
0.005766
0.006471
0.006862
0.007410
0.008506
0.008897
0.009288
0.009836
0.010697
0.011245
0.012419
0.012654
0.013124
0.013828
0.014846
0.015080
0.015707
0.016333
0.016881
0.017585
0.018211
0.018524
0.019385
0.020090
0.020872
0.021420
0.021655
0.022438
0.022751
0.023690
0.024473
0.025021
0.025255
0.025960
0.026586
0.027290
0.027838
0.028308
0.029012
0.029326
0.030421
0.030891
0.031204
0.031595
0.032221
0.032613
0.033396
0.033787
0.034413
0.035431
0.036292
0.036448
0.037074
0.037466
0.037935
0.038640
0.039422
0.040283
0.040988
0.041692
0.042240
0.042866
0.043179
0.043727
0.043962
0.044901
0.045449
0.045684
0.046232
0.046858
0.047797
0.048032
0.048893
0.049050
0.049754
0.050224
0.050771
0.051476
0.052180
0.052650
0.053276
0.053824
0.054450
0.054998
0.055076
0.056094
0.056642
0.057268
0.057737
0.058207
0.058833
0.059459
0.060164
0.060399
0.061260
0.061651
0.062277
0.062825
0.063764
0.064077
0.064860
0.065251
0.065799
0.066269
0.066817
0.067365
0.067756
0.068382
0.069087
0.069556
0.070339
0.070887
0.071278
0.071669
0.072452
0.072609
0.073157
0.073861
0.074565
0.074800
0.075661
0.076053
0.076444
0.076679
0.077540
0.078009
0.078479
0.079418
0.080123
0.080592
0.081140
0.081766
0.082236
0.082784
0.082862
0.083410
0.084427
0.084741
0.085367
0.086071
0.086541
0.086932
0.087167
0.087715
0.088184
0.088732
0.089515
0.090063
0.090611
0.091002
0.091785
0.092176
0.092724
0.092881
0.093037
0.093742
0.094759
0.095463
0.095620
0.096246
0.096716
0.097185
0.097264
0.098046
0.098751
0.098673
0.099612
0.100551
0.101021
0.101177
0.101882
0.102273
0.102743
0.103212
0.103760
0.104151
0.104308
0.105012
0.105639
0.106108
0.106656
0.106969
0.107360
0.107908
0.108143
0.108535
0.109317
0.110178
0.110804
0.111274
0.111509
0.112057
0.112526
0.112526
0.113152
0.113544
0.114092
0.115031
0.115266
0.115657
0.116283
0.116831
0.117066
0.117692
0.117770
0.118553
0.119258
0.119727
0.120510
0.120666
0.121136
0.121527
0.122153
0.122467
0.122936
0.123406
0.124032
0.124815
0.125049
0.125676
0.126224
0.126693
0.126537
0.127241
0.127711
0.127945
0.128728
0.129120
0.129433
0.130372
0.130450
0.130763
0.131076
0.131624
0.131702
0.132329
0.133111
0.133737
0.133659
0.134364
0.134677
0.135068
0.135459
0.136007
0.136242
0.136555
0.137338
0.137807
0.137807
0.138434
0.139295
0.139529
0.139686
0.140312
0.140469
0.141017
0.141799
0.142191
0.142817
0.143130
0.143599
0.144069
0.144304
0.144539
0.144852
0.145634
0.146261
0.146652
0.147122
0.147122
0.147983
0.148217
0.148687
0.148922
0.149235
0.149861
0.150644
0.150957
0.151348
0.151661
0.151974
0.152444
0.152992
0.153148
0.153618
0.154322
0.154870
0.155262
0.155575
0.156201
0.156592
0.156905
0.157062
0.157375
0.157923
0.158392
0.159019
0.159488
0.159645
0.160114
0.160662
0.161054
0.161523
0.161758
0.162306
0.162541
0.163167
0.163402
0.163871
0.164184
0.164889
0.165280
0.165593
0.165750
0.166063
0.166767
0.167472
0.167628
0.168020
0.168254
0.168724
0.169350
0.169428
0.169820
0.170524
0.171072
0.171620
0.172168
0.172324
0.172794
0.173264
0.173655
0.173968
0.174281
0.174594
0.175377
0.175533
0.175768
0.176394
0.176551
0.177099
0.177412
0.177647
0.178195
0.179056
0.179290
0.179447
0.180073
0.180308
0.180778
0.181404
0.181639
0.182186
0.182499
0.182734
0.183439
0.183752
0.184143
0.184613
0.184926
0.185239
0.185787
0.185943
0.186648
0.187039
0.187352
0.187587
0.187978
0.188213
0.188839
0.189466
0.189622
0.190170
0.190718
0.190874
0.191501
0.191814
0.192361
0.192596
0.192988
0.193144
0.193927
0.194318
0.194866
0.195179
0.195414
0.195805
0.196040
0.196510
0.197136
0.197449
0.197684
0.197919
0.198858
0.199093
0.199719
0.199719
0.200267
0.200736
0.201441
0.201597
0.202067
0.202693
0.203163
0.203476
0.203554
0.203867
0.204259
0.204885
0.205198
0.205433
0.205667
0.206137
0.206841
0.207154
0.207233
0.207702
0.208250
0.208642
0.209189
0.209894
0.209972
0.210364
0.210677
0.211381
0.211694
0.211851
0.212164
0.212790
0.213338
0.213573
0.214042
0.214512
0.214668
0.214903
0.215451
0.215921
0.216234
0.216469
0.216860
0.217173
0.217721
0.218347
0.218660
0.218895
0.219208
0.219756
0.219912
0.221008
0.221321
0.221634
0.222026
0.222182
0.222730
0.222808
0.223200
0.223748
0.224217
0.224296
0.225000
0.225313
0.225783
0.225783
0.226487
0.226565
0.227035
0.227270
0.227974
0.228444
0.228679
0.229070
0.229227
0.229853
0.230166
0.230479
0.230714
0.231418
0.232044
0.232514
0.232592
0.233297
0.233375
0.233531
0.234001
0.234471
0.234862
0.235175
0.235645
0.236114
0.236584
0.236662
0.237054
0.237367
0.237680
0.238071
0.238697
0.239323
0.239402
0.239950
0.240184
0.240732
0.240810
0.241045
0.241671
0.242063
0.242689
0.242924
0.243315
0.243785
0.244254
0.244411
0.244567
0.244802
0.245037
0.245428
0.246055
0.246446
0.246446
0.247229
0.247072
0.247542
0.247777
0.248011
0.248481
0.248951
0.249577
0.249655
0.250046
0.250281
0.250751
0.250672
0.251377
0.251690
0.252081
0.252473
0.253099
0.253568
0.253882
0.254429
0.254429
0.254821
0.254977
0.255056
0.255525
0.255917
0.256386
0.256778
0.256856
0.257247
0.257482
0.258108
0.258265
0.258186
0.258891
0.259282
0.259908
0.260065
0.260613
0.260848
0.261161
0.261239
0.261630
0.262178
0.262491
0.263274
0.263509
0.263822
0.264057
0.264213
0.264526
0.264761
0.265387
0.265387
0.266013
0.266326
0.266561
0.266796
0.267344
0.267970
0.267970
0.268127
0.268675
0.269379
0.269849
0.270083
0.270240
0.270396
0.271179
0.271101
0.271571
0.271492
0.272275
0.272979
0.272979
0.273214
0.273919
0.274467
0.274467
0.274858
0.275249
0.275171
0.275875
0.276267
0.276580
0.276893
0.277362
0.277597
0.277832
0.277989
0.278537
0.278850
0.279398
0.279945
0.280572
0.280963
0.280885
0.281433
0.281902
0.281980
0.282137
0.282998
0.283154
0.283389
0.283937
0.284172
0.284329
0.284642
0.285424
0.285581
0.285659
0.286364
0.286442
0.286911
0.287303
0.288164
0.288164
0.288633
0.288712
0.289181
0.289807
0.290199
0.290434
0.290903
0.291216
0.291529
0.292077
0.292077
0.292547
0.292625
0.293173
0.293564
0.294112
0.294347
0.294347
0.295208
0.295521
0.295521
0.295678
0.296069
0.296695
0.297165
0.297478
0.297947
0.297869
0.298730
0.298887
0.298965
0.299435
0.299591
0.300217
0.300452
0.300765
0.301548
0.301939
0.302096
0.302409
0.302644
0.302957
0.303426
0.303818
0.303974
0.303974
0.304444
0.305070
0.305383
0.305618
0.306088
0.306244
0.306714
0.307027
0.307418
0.307731
0.308357
0.308670
0.308983
0.309531
0.309610
0.309610
0.310079
0.310940
0.311097
0.311410
0.311801
0.311958
0.312740
0.313054
0.313445
0.313680
0.313758
0.314071
0.314541
0.314775
0.315010
0.315636
0.315871
0.316184
0.316967
0.316810
0.317515
0.317671
0.317750
0.318141
0.318845
0.318845
0.319080
0.319393
0.320333
0.320333
0.320567
0.320802
0.321663
0.321663
0.322289
0.322289
0.323072
0.323385
0.323776
0.323698
0.324324
0.324481
0.325107
0.325498
0.325811
0.326046
0.326438
0.326907
0.327064
0.327064
0.327533
0.328003
0.328160
0.328238
0.328942
0.328942
0.329490
0.329647
0.330273
0.330273
0.330429
0.330977
0.331212
0.331603
0.331995
0.332308
0.332386
0.333012
0.333091
0.333482
0.334030
0.334265
0.334499
0.334734
0.335126
0.335595
0.335752
0.336143
0.336378
0.336613
0.336848
0.337161
0.337943
0.337709
0.338022
0.338335
0.338804
0.338804
0.339117
0.339744
0.340213
0.340683
0.340839
0.341152
0.341465
0.341465
0.341779
0.342170
0.342561
0.342874
0.343344
0.343344
0.344205
0.344440
0.344753
0.344831
0.345692
0.345849
0.346396
0.346475
0.346788
0.347101
0.347257
0.347727
0.347727
0.347962
0.348510
0.348979
0.349136
0.349449
0.349684
0.350153
0.350310
0.350232
0.350545
0.351093
0.351171
0.351641
0.352423
0.352188
0.352658
0.353049
0.353049
0.353441
0.353597
0.353910
0.354067
0.354615
0.355163
0.355476
0.355867
0.355945
0.355945
0.356337
0.356806
0.357198
0.357824
0.357980
0.358293
0.358607
0.358920
0.359311
0.359546
0.359624
0.359781
0.360328
0.361033
0.361346
0.362285
0.362050
0.362598
0.362755
0.363146
0.363224
0.363929
0.364085
0.364555
0.364790
0.364946
0.365338
0.365573
0.365651
0.365964
0.366355
0.366668
0.366981
0.367138
0.367529
0.367999
0.368234
0.368547
0.368625
0.368938
0.369329
0.369877
0.370190
0.370660
0.371051
0.370973
0.371521
0.371991
0.372539
0.372773
0.373086
0.373400
0.373791
0.373634
0.374182
0.374574
0.374965
0.374887
0.375513
0.375982
0.376374
0.376687
0.376843
0.377470
0.377704
0.378017
0.378096
0.378331
0.378722
0.378957
0.379191
0.379661
0.380131
0.380444
0.380835
0.380835
0.381148
0.381540
0.381696
0.382087
0.382322
0.382870
0.383183
0.383496
0.383653
0.383966
0.384201
0.384905
0.385140
0.385375
0.385766
0.386079
0.386627
0.386862
0.386862
0.387253
0.387253
0.387645
0.388349
0.388427
0.388975
0.389132
0.389523
0.389914
0.389758
0.390228
0.390775
0.391010
0.391323
0.392028
0.392263
0.392654
0.392810
0.393124
0.393280
0.393593
0.393906
0.394141
0.394845
0.395002
0.395472
0.395472
0.396098
0.396333
0.396724
0.396959
0.397272
0.397194
0.397741
0.398289
0.398524
0.398837
0.398837
0.399385
0.399698
0.400090
0.400090
0.400481
0.401029
0.401185
0.401890
0.401890
0.402359
0.402516
0.403064
0.403455
0.403533
0.404081
0.404394
0.404864
0.404786
0.405412
0.405334
0.405960
0.406273
0.406429
0.406586
0.407056
0.407212
0.407838
0.408151
0.408308
0.408543
0.408934
0.409247
0.409482
0.409795
0.410343
0.410734
0.410891
0.411126
0.411517
0.411517
0.411987
0.412221
0.412456
0.413004
0.413395
0.413630
0.413708
0.414022
0.414491
0.414569
0.415352
0.415587
0.415978
0.415900
0.416291
0.416370
0.416839
0.416996
0.417152
0.417544
0.417778
0.418092
0.418405
0.419031
0.419109
0.419187
0.419657
0.419500
0.420048
0.420283
0.420753
0.421066
0.421457
0.421770
0.422083
0.422396
0.422553
0.422944
0.423101
0.423805
0.423884
0.424197
0.424275
0.424275
0.424979
0.424979
0.425292
0.425605
0.425762
0.426388
0.426701
0.426780
0.427406
0.427562
0.427719
0.427797
0.427954
0.428501
0.428658
0.429128
0.429362
0.429754
0.430145
0.429910
0.430145
0.430693
0.431163
0.431476
0.431711
0.431789
0.432180
0.432337
0.432650
0.432806
0.433198
0.433511
0.433824
0.434059
0.434215
0.434841
0.434920
0.435233
0.435233
0.435624
0.435859
0.436094
0.436407
0.436955
0.437033
0.437111
0.437502
0.437972
0.437816
0.438207
0.438755
0.438990
0.439303
0.439929
0.440555
0.440868
0.440946
0.441338
0.441494
0.441729
0.442199
0.442512
0.442903
0.443216
0.443294
0.443764
0.443921
0.444077
0.444547
0.444860
0.445016
0.445016
0.445643
0.445721
0.446190
0.446269
0.446817
0.447051
0.447130
0.447443
0.447991
0.448304
0.448539
0.448695
0.448930
0.449165
0.449399
0.449556
0.449947
0.450182
0.450887
0.450965
0.451435
0.451669
0.451982
0.451982
0.452139
0.452295
0.453000
0.453313
0.453783
0.453704
0.454330
0.454330
0.454644
0.455035
0.455583
0.455739
0.455974
0.456366
0.456522
0.456757
0.456992
0.457540
0.457931
0.458166
0.458479
0.458714
0.459261
0.459496
0.459418
0.459966
0.459888
0.460436
0.460670
0.461140
0.461610
0.462001
0.462236
0.462314
0.462940
0.463253
0.463723
0.463958
0.464036
0.464271
0.464662
0.464662
0.465288
0.465210
0.465523
0.465523
0.465836
0.466306
0.467010
0.467323
0.467558
0.467871
0.468497
0.468654
0.468967
0.469280
0.469437
0.469906
0.469906
0.470141
0.470689
0.470924
0.471472
0.471706
0.471628
0.472333
0.472567
0.472567
0.472880
0.473194
0.473741
0.473663
0.474133
0.474446
0.474602
0.474994
0.475385
0.475542
0.475620
0.476168
0.476403
0.476716
0.476716
0.477029
0.477420
0.477655
0.478281
0.478516
0.478594
0.478985
0.479142
0.479455
0.479925
0.480003
0.480473
0.481099
0.481647
0.481568
0.481255
0.482273
0.482742
0.482508
0.482899
0.483056
0.483525
0.483760
0.483995
0.484386
0.484464
0.484934
0.485247
0.485482
0.485404
0.485873
0.486186
0.486578
0.486656
0.486969
0.487204
0.487908
0.487987
0.488221
0.488769
0.488847
0.489082
0.489161
0.489395
0.490178
0.490256
0.490569
0.490491
0.491274
0.491352
0.491587
0.491665
0.491900
0.492683
0.492604
0.492683
0.493387
0.493700
0.493700
0.493935
0.494092
0.494639
0.495031
0.495266
0.495187
0.496205
0.496048
0.496596
0.496596
0.496674
0.497066
0.497301
0.497692
0.498083
0.498083
0.498318
0.499101
0.499023
0.499414
0.499257
0.499649
0.499962
0.500979
0.501136
0.501292
0.501371
0.501684
0.502232
0.502075
0.502623
0.502779
0.503171
0.503406
0.503875
0.504032
0.503954
0.504267
0.504501
0.505206
0.505362
0.505441
0.506067
0.506067
0.506536
0.506615
0.506771
0.507163
0.507163
0.508571
0.508415
0.508415
0.508571
0.509198
0.509119
0.509276
0.509746
0.509980
0.510606
0.510763
0.510998
0.511233
0.511467
0.511702
0.511859
0.512094
0.512407
0.512876
0.513424
0.513816
0.513972
0.514050
0.514129
0.514677
0.514755
0.515146
0.515381
0.515851
0.516242
0.516398
0.516790
0.516790
0.516946
0.517416
0.517416
0.517494
0.518199
0.518433
0.518668
0.518981
0.519294
0.519294
0.519686
0.519921
0.520312
0.520625
0.521173
0.521643
0.521877
0.522034
0.522347
0.522817
0.522895
0.523521
0.523834
0.523834
0.524069
0.524460
0.524538
0.525165
0.525399
0.525791
0.525791
0.526260
0.526495
0.526965
0.527278
0.527434
0.527278
0.527904
0.528139
0.528765
0.528609
0.529078
0.529313
0.529704
0.529939
0.530174
0.530409
0.530722
0.530800
0.531426
0.532052
0.532052
0.532287
0.532679
0.532913
0.532913
0.533618
0.533618
0.534166
0.534479
0.535027
0.535105
0.535340
0.535575
0.535575
0.536436
0.536201
0.536827
0.537296
0.537375
0.537453
0.537844
0.538314
0.538549
0.538705
0.539097
0.539331
0.539645
0.539801
0.540192
0.540662
0.540897
0.540740
0.540975
0.541523
0.541680
0.542306
0.542932
0.542854
0.543323
0.543715
0.543793
0.544184
0.544028
0.544654
0.545123
0.545202
0.545515
0.545671
0.546141
0.546297
0.546297
0.547080
0.547315
0.547472
0.547785
0.548019
0.548254
0.548646
0.548959
0.549037
0.549428
0.549976
0.550133
0.549976
0.550759
0.551072
0.551307
0.551385
0.551855
0.552011
0.552246
0.552324
0.552950
0.553107
0.553264
0.553890
0.553968
0.553890
0.553890
0.554829
0.555064
0.554985
0.555612
0.556003
0.556081
0.556238
0.556394
0.556786
0.557334
0.557490
0.557803
0.558195
0.558351
0.558899
0.559055
0.559134
0.559525
0.559838
0.560386
0.560464
0.560543
0.560777
0.561482
0.561560
0.562030
0.561873
0.562265
0.562734
0.563204
0.563282
0.563830
0.563908
0.564456
0.564613
0.565082
0.565239
0.565552
0.565787
0.566256
0.566413
0.566569
0.566804
0.566961
0.567274
0.567430
0.567978
0.567978
0.568135
0.568370
0.568683
0.569152
0.569387
0.569544
0.569700
0.570092
0.570561
0.570718
0.570952
0.571344
0.571813
0.571813
0.572283
0.572361
0.572831
0.572987
0.573144
0.573222
0.573692
0.574240
0.574475
0.574709
0.574788
0.574944
0.575179
0.575257
0.575492
0.576118
0.576666
0.577058
0.576666
0.577292
0.577605
0.577605
0.577762
0.578388
0.578388
0.578936
0.579327
0.579327
0.579562
0.580032
0.579875
0.580188
0.580423
0.580893
0.581206
0.581754
0.582145
0.582302
0.582380
0.582067
0.582536
0.583084
0.583397
0.583867
0.584180
0.584102
0.584493
0.584963
0.584885
0.584885
0.585354
0.585432
0.585745
0.586293
0.586528
0.586685
0.586920
0.587233
0.586998
0.586998
0.587702
0.587937
0.588094
0.588641
0.588720
0.588876
0.589189
0.589581
0.589659
0.589894
0.590285
0.590911
0.591616
0.591616
0.591616
0.592007
0.592007
0.592242
0.592868
0.592946
0.593181
0.593729
0.593886
0.593964
0.594120
0.594042
0.594277
0.594747
0.594825
0.595529
0.595607
0.595764
0.596155
0.596468
0.596703
0.596703
0.597251
0.597721
0.597799
0.598269
0.598190
0.598660
0.598503
0.598582
0.598973
0.599443
0.600069
0.600617
0.600304
0.601008
0.600930
0.601243
0.601478
0.601634
0.602104
0.602339
0.602887
0.603200
0.603200
0.603434
0.603356
0.603982
0.604061
0.604765
0.605000
0.605391
0.605704
0.605939
0.606096
0.606330
0.606409
0.606487
0.606878
0.607348
0.607583
0.608131
0.608131
0.608287
0.608522
0.608679
0.609148
0.609539
0.609853
0.610087
0.610635
0.610870
0.611105
0.611418
0.611261
0.611496
0.612044
0.612201
0.612592
0.613218
0.613218
0.613453
0.613453
0.613844
0.614001
0.614079
0.614470
0.615175
0.614940
0.615566
0.615801
0.615723
0.615801
0.616192
0.616662
0.617053
0.617053
0.617445
0.617914
0.617993
0.618227
0.618149
0.618384
0.618619
0.619010
0.619636
0.619793
0.620184
0.620576
0.620654
0.621045
0.621358
0.621515
0.622063
0.622454
0.622611
0.622924
0.623080
0.623237
0.623550
0.623941
0.624254
0.624332
0.624567
0.624802
0.625272
0.625507
0.625585
0.625585
0.625976
0.626446
0.627072
0.627228
0.627698
0.627542
0.627933
0.628089
0.628559
0.628481
0.628950
0.629263
0.629498
0.629655
0.629968
0.630203
0.630124
0.630672
0.630907
0.631220
0.631690
0.632081
0.632238
0.632473
0.632786
0.633099
0.633099
0.633568
0.633725
0.634351
0.634429
0.634664
0.634977
0.635134
0.635369
0.635369
0.635916
0.636308
0.636934
0.637012
0.636934
0.637325
0.637325
0.637717
0.637795
0.638265
0.638499
0.638499
0.638812
0.639282
0.639282
0.639752
0.639986
0.640221
0.640378
0.640926
0.641160
0.641239
0.641552
0.641865
0.641865
0.642491
0.642648
0.642882
0.643352
0.643430
0.643587
0.643665
0.644056
0.644135
0.644683
0.644761
0.645231
0.645778
0.645622
0.645778
0.646405
0.646561
0.646639
0.646874
0.647579
0.647735
0.647813
0.648127
0.648205
0.648283
0.648753
0.648753
0.649144
0.649379
0.649692
0.650005
0.650083
0.650553
0.651101
0.651179
0.651492
0.651805
0.651727
0.652040
0.652197
0.652510
0.653214
0.653371
0.653527
0.653840
0.653762
0.654310
0.654623
0.654545
0.654623
0.655014
0.655640
0.656032
0.655875
0.656267
0.656423
0.656893
0.657128
0.656893
0.657206
0.657284
0.657910
0.658302
0.658145
0.658302
0.658771
0.658771
0.659084
0.659554
0.660102
0.659945
0.660728
0.661276
0.661198
0.661119
0.661276
0.661902
0.661745
0.662606
0.662841
0.663154
0.663624
0.663624
0.663624
0.663859
0.664015
0.664094
0.664485
0.664798
0.665111
0.665581
0.665815
0.666129
0.666285
0.666363
0.666598
0.667068
0.667381
0.667850
0.668242
0.668633
0.668477
0.668868
0.668946
0.668946
0.669807
0.670355
0.670042
0.670433
0.670746
0.670746
0.671060
0.671216
0.671921
0.672390
0.672625
0.672781
0.673408
0.673251
0.673486
0.673799
0.673721
0.674347
0.674582
0.675208
0.675521
0.675443
0.675756
0.675677
0.675834
0.676225
0.676617
0.677008
0.677478
0.677791
0.678260
0.678182
0.678495
0.678730
0.678730
0.679121
0.679669
0.680295
0.680374
0.681078
0.681078
0.681235
0.681861
0.681939
0.682565
0.683191
0.683739
0.683818
0.684131
0.684365
0.684444
0.684522
0.684913
0.685539
0.686166
0.686087
0.686400
0.686948
0.687261
0.687105
0.687340
0.687888
0.688279
0.688749
0.689140
0.689375
0.689923
0.689688
0.690001
0.690236
0.690705
0.691097
0.691566
0.691645
0.692036
0.692505
0.692505
0.692505
0.693210
0.693523
0.694149
0.694306
0.694697
0.695088
0.695088
0.695480
0.695636
0.695793
0.696576
0.696732
0.696967
0.697436
0.697593
0.697750
0.698219
0.698767
0.698845
0.699237
0.699785
0.700098
0.700332
0.700959
0.701115
0.701428
0.701507
0.702289
0.702681
0.703072
0.703463
0.703385
0.703698
0.703776
0.704089
0.704481
0.705029
0.705420
0.705655
0.705733
0.706124
0.706437
0.706516
0.706985
0.707298
0.707925
0.708081
0.708707
0.709020
0.708864
0.708942
0.709177
0.709412
0.710038
0.710273
0.710273
0.710351
0.710351
0.710429
0.710429
0.710429
0.710273
0.710116
0.710273
0.709803
0.709412
0.709099
0.709255
0.708942
0.709020
0.708786
0.708707
0.708864
0.708316
0.708159
0.707533
0.707377
0.707298
0.707298
0.706751
0.706281
0.706281
0.705811
0.705498
0.705263
0.704872
0.704716
0.704481
0.704168
0.703776
0.703698
0.703463
0.702994
0.702837
0.702524
0.702289
0.702054
0.701741
0.701272
0.700802
0.700489
0.700332
0.699941
0.699706
0.699550
0.699002
0.698924
0.698376
0.698063
0.697671
0.697280
0.697123
0.696654
0.695949
0.695793
0.695401
0.695245
0.694932
0.694697
0.694306
0.694149
0.693601
0.693445
0.692897
0.692819
0.692505
0.692114
0.691723
0.691488
0.691018
0.690549
0.690079
0.689453
0.689140
0.688905
0.688827
0.688670
0.688279
0.687888
0.687418
0.687261
0.686714
0.686244
0.686244
0.686009
0.685931
0.685539
0.684757
0.684209
0.683896
0.683896
0.683426
0.683270
0.683113
0.682722
0.682409
0.681783
0.681313
0.680922
0.680843
0.680295
0.679904
0.679356
0.678887
0.678260
0.678417
0.678026
0.677478
0.677399
0.677086
0.677008
0.676852
0.676304
0.675677
0.675521
0.675443
0.674660
0.674034
0.673642
0.673095
0.672703
0.672625
0.672077
0.672234
0.671921
0.671451
0.671060
0.670668
0.670512
0.670199
0.669729
0.669259
0.668868
0.668320
0.667850
0.668007
0.667459
0.667537
0.667068
0.666755
0.666363
0.666050
0.665659
0.665346
0.664798
0.664094
0.664094
0.663702
0.663546
0.663624
0.663311
0.662998
0.662763
0.662606
0.661980
0.661432
0.661511
0.660963
0.660337
0.659789
0.659319
0.659319
0.659084
0.658771
0.658145
0.658145
0.657675
0.657362
0.657284
0.656814
0.656423
0.655797
0.655406
0.655093
0.654779
0.654779
0.654310
0.654232
0.653840
0.653684
0.653214
0.653136
0.652588
0.651962
0.651022
0.650944
0.650788
0.650396
0.650240
0.649927
0.649535
0.649379
0.648987
0.648674
0.648361
0.647813
0.647187
0.647266
0.646483
0.646248
0.646170
0.645935
0.645857
0.645309
0.645231
0.644839
0.644526
0.643978
0.643352
0.642961
0.642961
0.642726
0.642413
0.642100
0.641943
0.641708
0.641474
0.641082
0.640847
0.640221
0.639595
0.639047
0.638734
0.638578
0.638421
0.638186
0.637717
0.637560
0.637247
0.637169
0.636229
0.635995
0.635212
0.635212
0.635055
0.634742
0.634586
0.634273
0.634038
0.633647
0.633490
0.632551
0.632316
0.631690
0.631377
0.631220
0.630751
0.630516
0.630516
0.630046
0.629811
0.629498
0.629185
0.628637
0.628168
0.628089
0.627855
0.627542
0.627542
0.626915
0.626759
0.626524
0.625976
0.625507
0.625193
0.624802
0.624332
0.624254
0.623941
0.623628
0.623080
0.623237
0.622767
0.622297
0.622063
0.621515
0.621045
0.621045
0.620732
0.620497
0.620028
0.619949
0.619793
0.619401
0.619167
0.619010
0.618071
0.618149
0.617680
0.617288
0.617132
0.616897
0.616506
0.616349
0.615801
0.615958
0.615410
0.614940
0.614470
0.614470
0.614157
0.614157
0.613766
0.613453
0.612670
0.612905
0.612357
0.612357
0.611575
0.611340
0.611027
0.610635
0.610166
0.610244
0.609696
0.609383
0.609305
0.609305
0.608757
0.608131
0.607974
0.607818
0.607583
0.607348
0.607035
0.606644
0.606487
0.606174
0.605704
0.605391
0.605000
0.604765
0.604765
0.604061
0.604452
0.603748
0.603591
0.603356
0.603043
0.602730
0.602182
0.601869
0.601399
0.601165
0.601086
0.600695
0.600304
0.599991
0.599443
0.599521
0.598895
0.598660
0.598503
0.597721
0.597721
0.597564
0.597016
0.596938
0.596547
0.596468
0.596234
0.595529
0.595216
0.594981
0.594747
0.594747
0.594199
0.594120
0.593729
0.593494
0.593338
0.592790
0.592398
0.592320
0.591772
0.591537
0.591146
0.590833
0.590598
0.590285
0.590129
0.589972
0.589189
0.588798
0.588407
0.588485
0.588250
0.587780
0.587389
0.587389
0.587076
0.586920
0.586606
0.586450
0.586059
0.585980
0.585511
0.585041
0.584650
0.584571
0.584415
0.584024
0.583476
0.583554
0.583241
0.582615
0.582458
0.582223
0.581675
0.581284
0.580814
0.580893
0.580580
0.579954
0.579954
0.579406
0.579562
0.579093
0.578388
0.578075
0.578075
0.577762
0.577684
0.577292
0.576744
0.576431
0.576353
0.575727
0.575414
0.575336
0.575257
0.574709
0.574709
0.574162
0.574005
0.573848
0.573535
0.572831
0.572518
0.572361
0.571970
0.571813
0.571500
0.571031
0.570874
0.570561
0.570483
0.569935
0.569465
0.569387
0.568683
0.568213
0.568448
0.568057
0.567665
0.567665
0.567509
0.566726
0.566648
0.566335
0.565943
0.566021
0.565552
0.565161
0.565004
0.564613
0.564378
0.563673
0.563517
0.563360
0.563047
0.562499
0.562343
0.562343
0.561795
0.561638
0.561404
0.560543
0.559916
0.559760
0.559212
0.559134
0.558977
0.558899
0.558664
0.558195
0.557803
0.557568
0.557099
0.556551
0.556394
0.556473
0.555925
0.555690
0.555612
0.555064
0.554907
0.554281
0.554046
0.553655
0.553342
0.553264
0.552872
0.552637
0.552559
0.552168
0.551933
0.551620
0.551072
0.550759
0.550602
0.550368
0.549898
0.549663
0.549507
0.549193
0.548880
0.548098
0.547706
0.547628
0.547080
0.547080
0.546689
0.546297
0.546141
0.546141
0.545750
0.545280
0.544889
0.544419
0.544419
0.543871
0.543793
0.543480
0.543323
0.543167
0.542932
0.542306
0.541680
0.541836
0.540975
0.541053
0.540740
0.540740
0.540271
0.539723
0.539488
0.539018
0.538549
0.538157
0.538314
0.538001
0.537844
0.537296
0.537218
0.536983
0.536436
0.536357
0.535888
0.535496
0.535418
0.535183
0.534870
0.534714
0.534322
0.534322
0.534009
0.533305
0.532992
0.532600
0.532365
0.531896
0.531974
0.531661
0.531270
0.531035
0.530487
0.529783
0.529861
0.529391
0.529156
0.529078
0.528922
0.528687
0.528295
0.528061
0.527434
0.527278
0.526887
0.526887
0.526339
0.526026
0.525634
0.525556
0.525399
0.524773
0.524460
0.524225
0.523912
0.523521
0.523130
0.523051
0.523130
0.522503
0.522269
0.521877
0.521564
0.521095
0.521016
0.520703
0.520312
0.520155
0.519921
0.519529
0.519216
0.518981
0.518590
0.518433
0.517807
0.517572
0.517651
0.517259
0.516946
0.516164
0.516242
0.515851
0.515616
0.515068
0.514755
0.514520
0.514442
0.514050
0.513581
0.513502
0.513581
0.512798
0.512328
0.512094
0.511781
0.511624
0.511311
0.511154
0.510841
0.510450
0.509902
0.509824
0.509589
0.509276
0.508963
0.508885
0.508650
0.508102
0.508258
0.507945
0.507632
0.507084
0.506380
0.506380
0.506302
0.505832
0.505675
0.505597
0.505128
0.504658
0.504501
0.504032
0.503640
0.503484
0.503327
0.503093
0.502623
0.502545
0.502388
0.501762
0.501527
0.501136
0.500744
0.500510
0.500431
0.500118
0.499727
0.499336
0.499023
0.498944
0.498631
0.498240
0.497927
0.497535
0.497379
0.497144
0.496831
0.496518
0.496127
0.495813
0.495422
0.495109
0.494874
0.494639
0.494170
0.493935
0.493778
0.493231
0.493152
0.492761
0.492291
0.491822
0.491743
0.491274
0.491196
0.490648
0.490413
0.490178
0.489474
0.489552
0.489161
0.488847
0.488300
0.488456
0.487752
0.487595
0.487360
0.486969
0.486812
0.486499
0.486108
0.485717
0.485404
0.485325
0.484699
0.484621
0.484073
0.483995
0.483682
0.483134
0.482899
0.482742
0.482508
0.481803
0.481334
0.481177
0.480942
0.480081
0.479690
0.479612
0.479142
0.479142
0.478438
0.478125
0.477968
0.477890
0.477420
0.476950
0.476794
0.476324
0.476011
0.476011
0.475307
0.474994
0.474915
0.474368
0.474446
0.473976
0.473976
0.473663
0.473115
0.472959
0.472724
0.472098
0.471863
0.471315
0.471158
0.471002
0.470767
0.470454
0.469750
0.469280
0.469123
0.468889
0.468732
0.468341
0.468341
0.467871
0.467871
0.467088
0.466775
0.466619
0.466149
0.465836
0.465445
0.465210
0.464819
0.464897
0.464192
0.463801
0.463488
0.463253
0.462862
0.462236
0.462001
0.461923
0.461766
0.461297
0.461453
0.460905
0.460044
0.460044
0.459731
0.458870
0.458948
0.458792
0.458087
0.458244
0.458009
0.457618
0.457148
0.456757
0.456287
0.455739
0.455583
0.455974
0.455113
0.454957
0.454722
0.454722
0.454252
0.454017
0.453548
0.453156
0.452922
0.452609
0.452374
0.452061
0.451826
0.451356
0.450887
0.450417
0.449947
0.450104
0.449713
0.449243
0.449165
0.448695
0.448539
0.448225
0.447443
0.447364
0.446895
0.446895
0.446504
0.445877
0.445877
0.445643
0.445016
0.444938
0.444312
0.444234
0.443921
0.443842
0.443373
0.443294
0.443060
0.442668
0.442590
0.442120
0.441494
0.441103
0.440790
0.440242
0.440477
0.439929
0.439538
0.439224
0.438833
0.438285
0.438207
0.437581
0.437268
0.437346
0.437189
0.436876
0.436485
0.436250
0.435781
0.435467
0.434998
0.434528
0.434528
0.434137
0.434059
0.433824
0.433667
0.433276
0.432963
0.432571
0.432258
0.431945
0.431554
0.431476
0.431006
0.430771
0.430458
0.429910
0.429676
0.429206
0.428971
0.428893
0.428815
0.428267
0.428345
0.428110
0.427562
0.426936
0.426623
0.426388
0.425997
0.425919
0.425527
0.425449
0.425136
0.424901
0.424197
0.423884
0.423727
0.423570
0.423179
0.422944
0.422788
0.422631
0.422005
0.421927
0.421066
0.420596
0.420518
0.420048
0.419970
0.419579
0.419500
0.419344
0.418796
0.418483
0.418092
0.417935
0.417622
0.417152
0.417309
0.416918
0.416526
0.416526
0.416213
0.415509
0.415352
0.414883
0.414726
0.414491
0.414256
0.414022
0.413787
0.413161
0.412613
0.412065
0.412065
0.411908
0.411517
0.411204
0.411126
0.410891
0.410343
0.410421
0.410186
0.409560
0.409012
0.408856
0.408386
0.408464
0.407917
0.407838
0.407917
0.407603
0.407134
0.406821
0.406508
0.405647
0.405568
0.405334
0.405021
0.404786
0.404707
0.404238
0.404003
0.403846
0.403377
0.403064
0.402594
0.402125
0.401890
0.401733
0.401498
0.401107
0.400559
0.400403
0.399855
0.399698
0.399307
0.399150
0.398837
0.398602
0.397976
0.397741
0.397428
0.396959
0.396959
0.396724
0.396176
0.395785
0.395863
0.395472
0.395080
0.394924
0.394376
0.394219
0.393593
0.393437
0.392889
0.392967
0.392576
0.392263
0.392028
0.391402
0.391167
0.390854
0.390697
0.389993
0.389836
0.389367
0.389288
0.388975
0.388819
0.388349
0.387958
0.387645
0.387253
0.386940
0.386471
0.386549
0.386314
0.385688
0.385610
0.385453
0.385140
0.384670
0.384122
0.383653
0.383418
0.383183
0.383027
0.382635
0.382401
0.381931
0.381774
0.381540
0.381227
0.380679
0.380444
0.380052
0.379661
0.379583
0.379270
0.378644
0.378096
0.378017
0.377704
0.377313
0.377078
0.376687
0.376374
0.376296
0.375982
0.375669
0.375356
0.374965
0.374808
0.374182
0.373869
0.373478
0.373165
0.372695
0.372539
0.372382
0.371912
0.371834
0.371208
0.370973
0.370504
0.370190
0.370269
0.369721
0.369643
0.369251
0.368782
0.368469
0.367999
0.367373
0.367529
0.366981
0.366981
0.366277
0.366042
0.365807
0.365338
0.365181
0.364633
0.364555
0.364007
0.363772
0.363616
0.363146
0.362755
0.362598
0.361894
0.361737
0.361268
0.361033
0.360798
0.360485
0.360094
0.359781
0.359154
0.358841
0.358293
0.358450
0.357902
0.357511
0.357276
0.356885
0.356963
0.356806
0.356180
0.355554
0.355319
0.354928
0.354458
0.353989
0.354145
0.353832
0.353362
0.353206
0.352658
0.352345
0.351875
0.351719
0.351562
0.351093
0.351171
0.350545
0.350388
0.349919
0.349527
0.348979
0.348666
0.348431
0.348275
0.347805
0.347649
0.347414
0.347023
0.346710
0.346240
0.346005
0.345457
0.345222
0.344909
0.344596
0.344361
0.344283
0.344127
0.343735
0.343109
0.342718
0.342170
0.342248
0.341779
0.341544
0.341465
0.341152
0.340761
0.340291
0.339900
0.339744
0.339430
0.339117
0.339039
0.338569
0.338335
0.338100
0.337709
0.337239
0.336848
0.336378
0.336221
0.335987
0.335752
0.335595
0.335204
0.334656
0.334499
0.334030
0.333717
0.333325
0.333169
0.332934
0.332386
0.332464
0.332151
0.331838
0.331369
0.330821
0.330742
0.330273
0.329647
0.329099
0.329177
0.328942
0.328942
0.328394
0.328003
0.327768
0.327377
0.327064
0.326986
0.326516
0.326046
0.325811
0.325733
0.325342
0.324872
0.324246
0.324246
0.323776
0.323542
0.323150
0.323072
0.322602
0.322524
0.322133
0.321741
0.320959
0.321037
0.320567
0.320254
0.319706
0.319550
0.319237
0.318767
0.318924
0.318376
0.318141
0.317750
0.317750
0.317280
0.316967
0.316967
0.316419
0.316106
0.315715
0.315245
0.314854
0.314697
0.314306
0.314071
0.313836
0.313758
0.312975
0.312897
0.312036
0.311801
0.311488
0.310940
0.310549
0.310549
0.310314
0.309766
0.309688
0.309218
0.308592
0.308201
0.308123
0.307731
0.307653
0.307262
0.306948
0.306635
0.306088
0.305931
0.305461
0.305383
0.304913
0.304600
0.304131
0.303896
0.303818
0.303505
0.302957
0.302644
0.302252
0.301548
0.301235
0.300922
0.300609
0.300530
0.300061
0.299748
0.299200
0.298965
0.298574
0.298182
0.297947
0.297556
0.297321
0.297165
0.296695
0.296617
0.295991
0.295599
0.295365
0.294973
0.294425
0.294504
0.294269
0.293643
0.293251
0.293016
0.292860
0.292703
0.292155
0.291686
0.291451
0.291295
0.290747
0.290355
0.290042
0.289494
0.289103
0.288790
0.288555
0.288164
0.288085
0.287616
0.287459
0.287068
0.287146
0.286285
0.286207
0.285503
0.285189
0.284798
0.284720
0.284485
0.284329
0.283624
0.283546
0.283311
0.282920
0.282372
0.281980
0.281433
0.281276
0.280885
0.280180
0.280024
0.279319
0.278928
0.278693
0.278302
0.278223
0.277441
0.277284
0.276971
0.276815
0.276423
0.276267
0.275641
0.275406
0.275249
0.274858
0.274153
0.273997
0.273840
0.273449
0.273214
0.272823
0.272588
0.271884
0.271649
0.271492
0.270944
0.270631
0.270475
0.269927
0.269614
0.269536
0.269301
0.268988
0.268518
0.268048
0.267735
0.267344
0.267109
0.266718
0.266405
0.265935
0.265779
0.265309
0.264761
0.264448
0.264213
0.263978
0.263822
0.263430
0.263196
0.262961
0.262491
0.261943
0.261865
0.261161
0.261004
0.260613
0.260534
0.259987
0.259360
0.259282
0.258734
0.258343
0.258108
0.257873
0.257482
0.256934
0.256699
0.256464
0.256230
0.255682
0.255212
0.254821
0.254508
0.254586
0.254351
0.253882
0.253490
0.253255
0.252708
0.252786
0.251847
0.251690
0.251142
0.251220
0.250829
0.250594
0.250203
0.249812
0.249342
0.249498
0.249029
0.248481
0.248324
0.248246
0.247855
0.247385
0.247229
0.246837
0.246211
0.245898
0.245663
0.245428
0.244802
0.244802
0.244411
0.244098
0.243941
0.243315
0.243315
0.242924
0.242454
0.242376
0.241906
0.241750
0.241358
0.240967
0.240889
0.240106
0.240028
0.239089
0.238854
0.238462
0.238071
0.238149
0.237758
0.237836
0.237132
0.236819
0.236349
0.236271
0.235723
0.235332
0.234940
0.234627
0.234549
0.234079
0.233923
0.233453
0.233375
0.232749
0.232436
0.231966
0.231809
0.231418
0.231027
0.230792
0.230401
0.230088
0.229540
0.228992
0.228757
0.228444
0.228209
0.228053
0.227974
0.227505
0.227426
0.227035
0.226409
0.226096
0.225548
0.225078
0.224843
0.224530
0.224609
0.223982
0.223904
0.223356
0.223122
0.222730
0.222652
0.222182
0.221791
0.221713
0.221478
0.221087
0.220539
0.219834
0.219286
0.219130
0.218738
0.218425
0.218269
0.217877
0.217330
0.216938
0.216703
0.216390
0.215921
0.215608
0.215451
0.214981
0.214590
0.214434
0.213807
0.213573
0.213103
0.212555
0.212555
0.212085
0.211929
0.211772
0.211146
0.210755
0.210520
0.209972
0.209424
0.209189
0.208955
0.208642
0.208407
0.208015
0.207624
0.207389
0.206841
0.206528
0.206294
0.205746
0.204963
0.204963
0.204337
0.204259
0.203789
0.203554
0.203241
0.203006
0.202458
0.202145
0.201676
0.201441
0.200736
0.200423
0.200110
0.199641
0.199328
0.199014
0.198388
0.197919
0.197684
0.197292
0.196979
0.196118
0.195884
0.195884
0.195414
0.195257
0.194866
0.194397
0.194240
0.193692
0.193144
0.192596
0.192518
0.191892
0.191187
0.190874
0.190640
0.190640
0.190405
0.189387
0.189074
0.188605
0.188291
0.188057
0.187822
0.187352
0.187039
0.186726
0.186491
0.185943
0.185474
0.185317
0.184769
0.184613
0.184378
0.183987
0.183517
0.182891
0.182734
0.182108
0.181952
0.181482
0.181169
0.180778
0.180621
0.180230
0.179760
0.179525
0.179212
0.178743
0.178116
0.177882
0.177647
0.177412
0.176942
0.176629
0.176238
0.175847
0.175612
0.174907
0.174594
0.174281
0.174125
0.173498
0.173420
0.172951
0.172716
0.172481
0.171933
0.171698
0.171150
0.170916
0.170681
0.169976
0.169820
0.169585
0.169428
0.169037
0.168489
0.168020
0.167785
0.167472
0.167237
0.166611
0.166689
0.165985
0.165750
0.165437
0.164732
0.164654
0.164341
0.163715
0.163558
0.163480
0.162854
0.162462
0.162071
0.161758
0.161132
0.160662
0.160427
0.159958
0.159801
0.159175
0.158862
0.158471
0.158236
0.157766
0.157140
0.156827
0.156827
0.156279
0.156044
0.155653
0.155418
0.154870
0.154401
0.154088
0.153618
0.153148
0.152835
0.152992
0.152366
0.152131
0.151974
0.151348
0.151270
0.150409
0.149939
0.149626
0.149391
0.149157
0.148687
0.148374
0.148217
0.147983
0.147278
0.146965
0.146339
0.146182
0.146261
0.145478
0.145321
0.145087
0.144617
0.144304
0.143678
0.143052
0.142738
0.142582
0.142504
0.142347
0.142034
0.141408
0.140938
0.140703
0.139999
0.139451
0.139295
0.139138
0.138825
0.138668
0.137886
0.137494
0.137181
0.136790
0.136477
0.136086
0.135616
0.135538
0.135225
0.134990
0.134598
0.134285
0.133972
0.133503
0.133111
0.132798
0.132172
0.132015
0.131546
0.131624
0.130920
0.130763
0.130215
0.129902
0.129198
0.128728
0.128493
0.128180
0.127554
0.127554
0.126850
0.126850
0.126537
0.126067
0.125519
0.125128
0.124736
0.124580
0.124267
0.123797
0.123328
0.122936
0.122780
0.122075
0.121606
0.121606
0.121214
0.120510
0.120275
0.119962
0.119179
0.118710
0.118397
0.118162
0.117692
0.117222
0.116831
0.116596
0.116362
0.116127
0.115579
0.115187
0.114561
0.114170
0.113857
0.113544
0.112839
0.112761
0.112370
0.111978
0.111587
0.111431
0.110804
0.110335
0.109865
0.109239
0.108769
0.108456
0.107908
0.107595
0.107047
0.106813
0.106343
0.105795
0.105169
0.105247
0.104699
0.104621
0.104073
0.103525
0.103604
0.103056
0.102664
0.101882
0.101882
0.101412
0.100864
0.100629
0.100160
0.099768
0.099142
0.098673
0.098594
0.098046
0.097499
0.097107
0.097107
0.096559
0.095855
0.095620
0.095307
0.094759
0.094289
0.093898
0.093350
0.093037
0.092881
0.092568
0.092254
0.091785
0.091315
0.090767
0.090376
0.090063
0.089202
0.089124
0.088732
0.088419
0.087871
0.087558
0.087010
0.086697
0.086306
0.086228
0.085680
0.085132
0.084975
0.084584
0.084271
0.083801
0.083175
0.082862
0.082236
0.081845
0.081297
0.080905
0.080592
0.080123
0.079340
0.078792
0.078244
0.078166
0.077540
0.077383
0.076600
0.076287
0.075974
0.075426
0.075035
0.074644
0.074487
0.074096
0.073313
0.073078
0.072374
0.071826
0.071513
0.071278
0.070965
0.070417
0.070026
0.069478
0.069243
0.069008
0.068226
0.067756
0.067443
0.066738
0.066112
0.066112
0.065408
0.065408
0.065017
0.065017
0.064156
0.064156
0.063686
0.063373
0.062277
0.062121
0.061729
0.061338
0.060555
0.060633
0.060164
0.059538
0.059381
0.058598
0.058129
0.057816
0.057268
0.057268
0.056720
0.056329
0.055937
0.055546
0.055233
0.054607
0.054137
0.053824
0.053746
0.053198
0.052885
0.052259
0.052102
0.051476
0.051085
0.050615
0.050067
0.049597
0.049284
0.049128
0.048580
0.048267
0.047797
0.047406
0.047014
0.046545
0.046154
0.045371
0.045058
0.044901
0.044510
0.043962
0.043805
0.043258
0.042788
0.042553
0.042083
0.041457
0.041066
0.040753
0.040283
0.040048
0.039109
0.038874
0.038327
0.037935
0.037231
0.036683
0.036448
0.036448
0.035665
0.035509
0.034961
0.034804
0.034022
0.033474
0.032848
0.032300
0.032221
0.031908
0.031439
0.031282
0.030656
0.030343
0.029717
0.029247
0.028621
0.028151
0.027995
0.027682
0.027134
0.026508
0.026430
0.025882
0.025177
0.024551
0.024238
0.023925
0.023299
0.023142
0.022516
0.022203
0.021499
0.021264
0.020872
0.020246
0.019229
0.019150
0.018837
0.018133
0.017976
0.017429
0.017194
0.016724
0.016411
0.015785
0.014924
0.014611
0.014298
0.013672
0.013358
0.013124
0.012811
0.012106
0.011637
0.011167
0.010384
0.009836
0.009288
0.009288
0.008662
0.008114
0.007801
0.007332
0.006862
0.006471
0.005923
0.005140
0.004671
0.004514
0.004123
0.003731
0.003262
0.002949
0.002166
0.001540
0.000914
0.000522
0.000366
-0.000182
-0.000495
-0.000808
-0.001435
-0.001669
-0.002295
-0.002765
-0.003313
-0.004174
-0.004252
-0.004565
-0.004957
-0.005270
-0.005739
-0.006444
-0.006679
-0.007305
-0.008166
-0.008635
-0.009183
-0.009575
-0.009731
-0.010122
-0.010905
-0.011453
-0.011766
-0.012079
-0.013018
-0.013723
-0.013723
-0.014506
-0.014897
-0.015601
-0.015758
-0.016384
-0.016619
-0.017480
-0.017949
-0.018810
-0.019202
-0.019906
-0.019984
-0.020141
-0.020689
-0.021159
-0.021863
-0.022411
-0.023272
-0.023820
-0.024368
-0.024837
-0.025385
-0.025229
-0.026011
-0.026794
-0.027029
-0.027420
-0.028516
-0.029064
-0.029690
-0.030160
-0.030394
-0.030864
-0.031568
-0.032038
-0.032664
-0.032977
-0.033760
-0.034386
-0.034934
-0.035091
-0.035795
-0.036108
-0.036499
-0.037517
-0.037987
-0.038847
-0.039161
-0.039787
-0.040804
-0.041039
-0.041587
-0.041665
-0.042448
-0.043309
-0.043700
-0.044405
-0.044796
-0.045344
-0.045892
-0.046283
-0.046753
-0.047144
-0.047535
-0.048396
-0.049179
-0.050040
-0.050744
-0.051058
-0.051997
-0.052310
-0.052701
-0.053406
-0.053954
-0.054815
-0.055206
-0.055675
-0.056693
-0.057397
-0.057789
-0.058180
-0.059119
-0.059276
-0.059902
-0.060606
-0.061311
-0.061546
-0.062485
-0.063111
-0.063816
-0.064050
-0.064598
-0.065303
-0.066007
-0.066790
-0.067025
-0.067729
-0.068277
-0.068903
-0.069216
-0.070077
-0.070782
-0.071095
-0.071721
-0.072425
-0.073130
-0.073521
-0.073912
-0.074930
-0.075478
-0.075478
-0.076026
-0.076808
-0.077513
-0.078217
-0.079000
-0.079156
-0.079939
-0.080722
-0.081583
-0.082052
-0.082365
-0.082757
-0.083383
-0.084244
-0.084635
-0.085731
-0.086201
-0.086436
-0.087218
-0.087296
-0.088236
-0.088862
-0.089488
-0.090349
-0.091210
-0.091758
-0.091993
-0.092149
-0.093088
-0.093636
-0.094262
-0.094967
-0.095515
-0.096063
-0.096924
-0.097550
-0.097550
-0.098411
-0.099350
-0.099898
-0.100289
-0.100837
-0.101463
-0.102324
-0.103029
-0.103577
-0.104046
-0.104672
-0.105533
-0.106159
-0.106629
-0.106942
-0.107412
-0.108508
-0.109290
-0.109682
-0.110230
-0.110934
-0.111404
-0.112421
-0.112734
-0.113282
-0.113830
-0.114613
-0.115474
-0.116178
-0.116413
-0.117039
-0.117822
-0.118526
-0.118996
-0.119387
-0.120170
-0.120718
-0.122127
-0.122831
-0.123066
-0.123614
-0.123927
-0.124475
-0.125336
-0.125962
-0.126431
-0.126901
-0.128232
-0.128936
-0.129484
-0.129954
-0.130423
-0.131128
-0.131519
-0.132380
-0.132928
-0.133241
-0.134493
-0.135276
-0.135745
-0.136372
-0.136998
-0.137546
-0.138172
-0.138876
-0.139346
-0.139894
-0.140833
-0.141929
-0.142633
-0.143338
-0.143494
-0.143964
-0.144512
-0.145529
-0.145842
-0.146468
-0.147251
-0.148269
-0.149051
-0.149599
-0.149991
-0.150460
-0.151086
-0.152026
-0.152495
-0.153043
-0.153669
-0.154452
-0.155391
-0.156017
-0.156252
-0.157113
-0.157504
-0.158209
-0.158679
-0.159539
-0.160166
-0.160714
-0.162279
-0.163218
-0.163610
-0.164157
-0.164549
-0.165253
-0.166114
-0.166584
-0.167366
-0.167914
-0.168932
-0.169871
-0.170262
-0.170967
-0.171515
-0.171984
-0.172689
-0.173315
-0.174098
-0.174567
-0.175350
-0.176446
-0.176994
-0.177150
-0.177698
-0.178011
-0.178872
-0.179420
-0.180203
-0.181299
-0.182003
-0.183020
-0.183881
-0.184194
-0.184742
-0.185055
-0.185760
-0.186543
-0.187247
-0.187873
-0.188421
-0.189595
-0.190534
-0.191160
-0.191630
-0.192021
-0.192569
-0.193352
-0.194291
-0.194683
-0.195309
-0.196013
-0.197031
-0.197970
-0.198205
-0.198596
-0.199066
-0.200005
-0.200709
-0.201570
-0.202040
-0.202744
-0.203840
-0.204623
-0.205249
-0.205640
-0.206110
-0.206893
-0.207362
-0.208223
-0.208693
-0.209163
-0.210180
-0.211432
-0.211980
-0.212606
-0.213076
-0.213311
-0.214015
-0.215189
-0.215815
-0.216363
-0.216990
-0.218085
-0.218633
-0.219259
-0.219494
-0.220042
-0.220590
-0.221373
-0.222234
-0.222860
-0.223486
-0.224269
-0.225051
-0.225912
-0.226069
-0.226617
-0.227243
-0.227712
-0.228417
-0.229043
-0.229669
-0.230530
-0.231313
-0.232017
-0.232487
-0.232643
-0.233270
-0.233504
-0.234365
-0.235148
-0.236087
-0.236557
-0.237105
-0.237966
-0.238749
-0.239062
-0.239375
-0.240157
-0.240862
-0.241879
-0.242192
-0.243132
-0.243758
-0.244306
-0.244932
-0.245480
-0.245480
-0.246106
-0.246497
-0.247280
-0.247671
-0.248454
-0.249158
-0.249628
-0.250411
-0.251037
-0.251663
-0.251741
-0.252289
-0.252681
-0.253463
-0.254246
-0.254559
-0.255420
-0.255890
-0.256594
-0.257220
-0.257612
-0.257846
-0.258473
-0.258864
-0.259490
-0.259725
-0.260586
-0.261368
-0.262151
-0.262464
-0.263012
-0.263482
-0.263795
-0.264499
-0.264891
-0.265517
-0.265830
-0.266221
-0.266926
-0.267474
-0.267630
-0.268178
-0.268413
-0.269117
-0.269743
-0.270056
-0.270526
-0.270448
-0.271465
-0.271778
-0.272561
-0.272326
-0.272952
-0.273422
-0.273813
-0.274126
-0.274361
-0.274831
-0.275222
-0.275614
-0.276396
-0.276709
-0.276788
-0.277336
-0.277805
-0.277962
-0.278353
-0.278823
-0.279527
-0.280232
-0.280623
-0.281092
-0.281719
-0.281797
-0.282110
-0.282501
-0.282971
-0.283284
-0.283441
-0.283832
-0.284380
-0.284771
-0.285084
-0.285397
-0.285632
-0.285945
-0.286023
-0.286650
-0.286884
-0.287041
-0.287276
-0.287667
-0.287824
-0.288293
-0.288685
-0.288998
-0.289389
-0.289389
-0.289702
-0.290094
-0.290563
-0.290485
-0.290876
-0.290876
-0.291424
-0.291894
-0.292520
-0.292598
-0.292989
-0.293303
-0.293459
-0.293694
-0.293694
-0.294320
-0.294477
-0.294711
-0.295025
-0.295025
-0.295181
-0.295181
-0.295572
-0.295964
-0.295964
-0.296199
-0.296433
-0.296903
-0.296981
-0.296981
-0.297373
-0.297451
-0.297686
-0.297920
-0.298077
-0.298625
-0.298468
-0.298547
-0.298703
-0.298938
-0.299251
-0.299329
-0.299642
-0.300034
-0.299721
-0.300034
-0.300112
-0.300034
-0.300112
-0.300269
-0.300738
-0.300816
-0.300973
-0.300816
-0.301130
-0.301443
-0.301677
-0.301521
-0.301756
-0.301912
-0.302225
-0.302147
-0.302069
-0.302069
-0.302069
-0.302617
-0.302773
-0.302773
-0.302930
-0.302851
-0.302773
-0.302930
-0.303165
-0.303321
-0.303243
-0.303165
-0.303321
-0.303399
-0.303634
-0.303556
-0.303556
-0.303869
-0.303947
-0.303869
-0.303791
-0.304104
-0.303869
-0.304182
-0.304026
-0.304026
-0.304026
-0.304026
-0.304026
-0.304104
-0.304417
-0.304339
-0.304182
-0.304339
-0.304652
-0.304417
-0.304182
-0.304417
-0.304573
-0.304417
-0.304417
-0.304260
-0.304260
-0.304182
-0.304339
-0.304182
-0.304260
-0.304417
-0.304339
-0.304339
-0.304260
-0.304339
-0.304495
-0.304339
-0.304260
-0.304104
-0.304182
-0.304104
-0.304339
-0.304495
-0.304339
-0.304260
-0.304182
-0.304417
-0.304182
-0.303947
-0.304026
-0.303869
-0.304026
-0.304417
-0.304182
-0.303947
-0.303947
-0.304260
-0.304260
-0.304260
-0.303947
-0.303634
-0.303869
-0.303947
-0.303791
-0.303791
-0.303791
-0.303791
-0.303556
-0.303399
-0.303869
-0.303165
-0.303321
-0.303086
-0.303165
-0.303399
-0.303634
-0.303165
-0.302930
-0.303243
-0.303086
-0.302851
-0.303008
-0.303008
-0.302851
-0.302617
-0.302695
-0.302851
-0.302851
-0.302617
-0.302851
-0.302695
-0.302617
-0.302382
-0.302304
-0.302460
-0.302382
-0.302460
-0.302225
-0.302382
-0.302460
-0.302147
-0.302147
-0.301991
-0.302147
-0.301912
-0.301991
-0.301991
-0.301991
-0.301912
-0.301991
-0.301599
-0.301364
-0.301521
-0.301443
-0.301286
-0.301364
-0.301364
-0.301443
-0.301364
-0.301286
-0.301364
-0.301208
-0.300738
-0.301051
-0.300660
-0.300425
-0.300582
-0.300660
-0.300895
-0.300660
-0.300738
-0.300582
-0.300425
-0.300425
-0.300112
-0.300190
-0.300190
-0.300034
-0.299564
-0.299877
-0.299721
-0.300112
-0.299877
-0.299642
-0.299721
-0.299408
-0.299642
-0.299564
-0.299408
-0.299173
-0.299095
-0.299173
-0.299408
-0.299486
-0.299329
-0.298938
-0.298938
-0.299095
-0.298860
-0.299016
-0.298938
-0.298781
-0.298938
-0.299095
-0.299173
-0.298703
-0.298860
-0.298703
-0.298625
-0.298703
-0.298703
-0.298625
-0.298468
-0.298703
-0.298781
-0.298703
-0.298781
-0.298390
-0.298234
-0.298390
-0.298077
-0.298077
-0.298155
-0.298312
-0.298155
-0.298312
-0.298155
-0.298155
-0.298155
-0.297920
-0.297920
-0.297999
-0.297842
-0.297686
-0.297451
-0.297842
-0.297686
-0.297607
-0.297686
-0.297529
-0.297294
-0.297607
-0.297529
-0.297529
-0.297529
-0.297764
-0.297451
-0.297764
-0.297686
-0.297999
-0.297529
-0.297138
-0.297373
-0.297451
-0.297294
-0.297216
-0.297373
-0.297451
-0.297764
-0.297607
-0.297607
-0.297373
-0.297216
-0.297138
-0.297216
-0.297060
-0.297373
-0.297529
-0.297294
-0.297529
-0.297686
-0.297686
-0.297138
-0.297216
-0.297529
-0.297060
-0.297294
-0.297216
-0.297373
-0.297529
-0.297529
-0.297686
-0.297294
-0.297138
-0.297294
-0.297216
-0.297216
-0.297451
-0.297529
-0.297764
-0.297686
-0.297999
-0.297842
-0.297529
-0.297607
-0.297451
-0.297999
-0.297607
-0.297686
-0.297686
-0.297607
-0.297764
-0.297999
-0.298312
-0.298155
-0.297999
-0.297920
-0.298155
-0.298155
-0.298077
-0.298312
-0.298155
-0.298547
-0.298703
-0.298703
-0.298625
-0.298547
-0.298547
-0.298625
-0.298547
-0.298625
-0.298781
-0.298703
-0.299095
-0.299016
-0.299408
-0.299095
-0.298781
-0.298860
-0.298781
-0.299173
-0.299251
-0.299095
-0.299564
-0.299564
-0.300034
-0.299877
-0.299799
-0.299642
-0.299642
-0.299799
-0.299799
-0.299799
-0.300034
-0.300034
-0.300034
-0.300425
-0.300738
-0.300895
-0.300660
-0.300738
-0.300816
-0.300738
-0.300816
-0.300895
-0.300973
-0.301051
-0.301286
-0.301443
-0.301364
-0.301364
-0.301364
-0.301521
-0.301834
-0.301756
-0.301834
-0.301834
-0.301991
-0.302147
-0.302382
-0.302617
-0.302851
-0.302695
-0.302617
-0.302851
-0.303086
-0.302851
-0.302851
-0.303008
-0.303243
-0.303243
-0.303556
-0.303712
-0.303478
-0.303399
-0.303712
-0.303947
-0.303712
-0.303947
-0.304339
-0.304182
-0.304260
-0.304417
-0.304573
-0.304573
-0.304730
-0.304887
-0.304887
-0.304887
-0.305121
-0.305278
-0.305121
-0.305513
-0.305434
-0.305826
-0.305669
-0.305904
-0.305982
-0.306217
-0.306374
-0.306687
-0.306765
-0.306765
-0.306765
-0.306922
-0.307000
-0.307391
-0.307469
-0.307704
-0.307548
-0.307626
-0.307626
-0.307704
-0.308017
-0.308174
-0.308174
-0.308330
-0.308252
-0.308565
-0.308722
-0.308800
-0.309191
-0.309035
-0.309426
-0.309426
-0.309426
-0.309583
-0.309896
-0.310052
-0.310287
-0.310287
-0.309974
-0.310444
-0.310600
-0.310992
-0.310992
-0.311383
-0.311539
-0.311305
-0.311774
-0.311853
-0.311774
-0.312009
-0.312166
-0.312557
-0.312557
-0.312557
-0.312479
-0.312635
-0.312479
-0.312870
-0.313183
-0.313027
-0.313418
-0.313888
-0.313731
-0.313888
-0.314044
-0.314201
-0.314279
-0.314514
-0.314905
-0.315062
-0.315062
-0.314905
-0.315453
-0.315844
-0.315766
-0.315844
-0.315766
-0.315844
-0.316470
-0.316157
-0.316392
-0.316705
-0.316784
-0.317097
-0.317018
-0.317723
-0.317331
-0.317488
-0.317723
-0.318192
-0.318114
-0.318271
-0.318662
-0.318819
-0.319053
-0.318819
-0.319210
-0.319288
-0.319445
-0.319523
-0.319601
-0.319758
-0.319993
-0.320462
-0.320619
-0.320619
-0.320775
-0.321323
-0.321323
-0.321871
-0.321793
-0.322028
-0.322028
-0.322184
-0.322575
-0.322497
-0.322654
-0.322732
-0.323202
-0.323280
-0.323515
-0.323750
-0.323828
-0.324141
-0.324219
-0.324454
-0.324532
-0.324845
-0.324689
-0.325237
-0.325471
-0.325471
-0.325393
-0.325941
-0.325785
-0.325941
-0.326332
-0.326724
-0.326880
-0.326880
-0.327350
-0.327193
-0.327506
-0.327663
-0.327976
-0.327976
-0.328133
-0.328211
-0.328446
-0.328524
-0.328602
-0.328837
-0.329072
-0.329307
-0.329463
-0.329933
-0.329855
-0.330011
-0.330246
-0.331029
-0.330950
-0.330794
-0.331185
-0.331342
-0.331655
-0.332124
-0.332437
-0.332907
-0.332751
-0.332985
-0.333064
-0.333220
-0.333377
-0.333612
-0.334238
-0.334003
-0.334551
-0.334629
-0.335099
-0.334942
-0.335255
-0.335255
-0.335412
-0.335725
-0.335960
-0.336429
-0.336273
-0.336821
-0.336977
-0.337525
-0.337447
-0.337525
-0.337447
-0.337760
-0.337838
-0.337995
-0.338386
-0.338777
-0.338856
-0.339403
-0.339482
-0.339560
-0.339717
-0.340186
-0.340264
-0.340421
-0.340734
-0.340969
-0.341204
-0.341517
-0.341908
-0.341986
-0.342221
-0.342456
-0.342534
-0.342456
-0.342534
-0.342926
-0.343004
-0.343082
-0.343630
-0.343865
-0.343943
-0.344100
-0.344334
-0.344804
-0.344804
-0.344961
-0.345195
-0.345195
-0.345430
-0.345665
-0.346135
-0.346135
-0.346526
-0.346761
-0.346917
-0.347074
-0.347152
-0.347465
-0.347857
-0.347857
-0.348248
-0.348013
-0.348561
-0.348796
-0.349109
-0.349422
-0.349500
-0.349970
-0.350048
-0.350361
-0.350596
-0.350753
-0.350596
-0.351066
-0.351692
-0.351692
-0.351848
-0.351770
-0.352240
-0.352553
-0.352788
-0.352866
-0.353022
-0.353179
-0.353257
-0.353805
-0.354040
-0.354353
-0.354431
-0.354666
-0.354823
-0.354901
-0.355371
-0.355449
-0.355840
-0.355918
-0.356075
-0.356779
-0.356701
-0.356858
-0.357249
-0.357484
-0.357797
-0.357640
-0.358267
-0.358423
-0.358501
-0.358736
-0.358971
-0.359519
-0.359206
-0.360145
-0.360223
-0.360771
-0.360928
-0.361006
-0.361476
-0.361476
-0.361867
-0.361945
-0.362337
-0.362493
-0.363198
-0.363119
-0.363276
-0.363511
-0.363745
-0.364293
-0.364450
-0.364450
-0.364528
-0.364998
-0.365154
-0.365311
-0.365546
-0.366093
-0.366172
-0.366720
-0.366798
-0.367268
-0.367346
-0.367268
-0.367737
-0.367737
-0.368285
-0.368676
-0.368911
-0.368989
-0.369381
-0.369459
-0.369850
-0.370164
-0.370320
-0.369929
-0.370477
-0.370868
-0.371103
-0.370868
-0.371338
-0.371885
-0.371885
-0.372433
-0.372590
-0.372746
-0.372903
-0.373216
-0.373529
-0.373607
-0.373999
-0.374312
-0.374468
-0.374703
-0.375016
-0.375408
-0.375564
-0.375564
-0.375955
-0.375955
-0.376425
-0.376582
-0.377051
-0.377286
-0.377599
-0.377990
-0.378147
-0.378304
-0.378538
-0.378773
-0.379008
-0.379321
-0.379634
-0.379634
-0.380104
-0.380339
-0.380808
-0.380808
-0.381278
-0.381434
-0.381747
-0.382061
-0.382452
-0.382608
-0.382530
-0.382687
-0.383313
-0.383469
-0.383626
-0.383939
-0.383861
-0.384252
-0.384643
-0.385035
-0.385113
-0.385191
-0.385348
-0.385817
-0.385896
-0.386052
-0.386444
-0.386757
-0.386913
-0.386992
-0.387383
-0.387539
-0.388009
-0.388479
-0.388635
-0.388713
-0.389105
-0.389340
-0.389418
-0.389653
-0.389888
-0.390201
-0.390592
-0.391140
-0.391062
-0.391531
-0.391531
-0.391844
-0.392157
-0.392549
-0.392940
-0.393097
-0.393488
-0.393723
-0.394114
-0.394114
-0.394584
-0.394740
-0.395288
-0.395445
-0.395445
-0.395679
-0.396227
-0.396619
-0.396619
-0.396854
-0.397167
-0.397401
-0.397793
-0.397714
-0.397871
-0.398497
-0.398341
-0.398810
-0.399123
-0.399358
-0.399671
-0.399984
-0.400376
-0.400297
-0.400767
-0.401315
-0.401315
-0.401471
-0.401863
-0.402176
-0.402802
-0.402802
-0.403350
-0.403428
-0.403506
-0.404054
-0.404211
-0.404602
-0.404367
-0.404915
-0.405228
-0.405463
-0.405698
-0.405933
-0.406168
-0.406246
-0.406872
-0.406950
-0.407263
-0.407655
-0.407811
-0.407733
-0.407968
-0.408359
-0.408829
-0.408907
-0.409377
-0.409768
-0.410003
-0.410238
-0.410707
-0.410942
-0.411412
-0.411568
-0.412116
-0.411960
-0.412507
-0.412664
-0.412821
-0.412977
-0.413212
-0.413525
-0.413760
-0.414386
-0.414542
-0.414621
-0.414934
-0.415325
-0.415403
-0.415873
-0.415951
-0.416421
-0.416812
-0.416969
-0.417204
-0.417673
-0.417830
-0.418065
-0.418299
-0.418691
-0.418691
-0.418847
-0.419004
-0.419395
-0.419787
-0.420021
-0.420569
-0.420882
-0.421274
-0.421508
-0.421665
-0.422213
-0.422135
-0.422448
-0.422839
-0.423074
-0.423387
-0.423544
-0.423700
-0.424483
-0.424326
-0.424639
-0.424874
-0.425031
-0.425657
-0.425735
-0.425892
-0.426126
-0.426831
-0.427066
-0.427457
-0.427614
-0.427848
-0.427927
-0.427927
-0.428475
-0.428709
-0.428709
-0.428944
-0.429570
-0.429727
-0.430040
-0.430275
-0.430510
-0.430666
-0.431292
-0.431449
-0.431449
-0.431840
-0.432153
-0.432545
-0.432858
-0.433092
-0.433249
-0.433406
-0.433719
-0.434032
-0.434266
-0.434345
-0.434814
-0.435362
-0.435441
-0.435597
-0.435988
-0.436301
-0.436458
-0.437006
-0.436928
-0.437319
-0.437476
-0.437867
-0.437945
-0.438180
-0.438415
-0.438806
-0.439197
-0.439432
-0.439745
-0.440058
-0.440293
-0.440841
-0.440841
-0.441467
-0.441624
-0.442093
-0.442485
-0.442641
-0.442876
-0.443033
-0.443346
-0.443737
-0.444128
-0.444285
-0.444363
-0.444598
-0.444833
-0.445146
-0.445381
-0.445772
-0.446007
-0.446242
-0.446477
-0.447024
-0.447103
-0.447259
-0.447651
-0.447964
-0.448042
-0.448198
-0.448825
-0.448668
-0.449138
-0.449607
-0.449686
-0.450155
-0.450390
-0.450625
-0.450781
-0.450860
-0.451251
-0.451799
-0.451955
-0.452034
-0.452503
-0.452895
-0.452738
-0.453208
-0.453756
-0.454147
-0.454225
-0.454538
-0.454773
-0.454773
-0.455478
-0.455478
-0.456025
-0.456260
-0.456573
-0.457043
-0.457121
-0.457513
-0.457747
-0.457826
-0.458060
-0.458452
-0.458608
-0.459078
-0.459235
-0.459704
-0.460096
-0.460096
-0.460565
-0.461113
-0.461191
-0.461426
-0.461739
-0.462131
-0.462052
-0.462444
-0.462209
-0.462913
-0.463070
-0.463383
-0.463774
-0.464244
-0.464400
-0.464635
-0.465027
-0.465183
-0.465418
-0.465653
-0.465966
-0.466357
-0.466514
-0.466670
-0.467453
-0.467688
-0.467844
-0.468157
-0.468236
-0.468549
-0.468783
-0.469018
-0.469410
-0.470114
-0.470036
-0.470427
-0.470584
-0.471210
-0.471210
-0.471601
-0.472149
-0.472071
-0.472384
-0.472853
-0.473088
-0.473167
-0.473636
-0.473871
-0.474184
-0.474575
-0.474732
-0.474810
-0.475436
-0.475515
-0.475671
-0.476141
-0.476219
-0.476454
-0.477080
-0.477550
-0.477550
-0.477863
-0.477941
-0.478176
-0.478802
-0.478724
-0.479272
-0.479663
-0.479741
-0.480289
-0.480446
-0.480759
-0.481150
-0.481541
-0.482168
-0.482089
-0.482402
-0.483107
-0.483420
-0.483811
-0.483811
-0.484046
-0.484516
-0.484594
-0.484829
-0.485142
-0.485455
-0.485690
-0.486003
-0.486238
-0.486707
-0.487177
-0.487490
-0.487490
-0.487881
-0.488116
-0.488429
-0.488664
-0.489055
-0.489447
-0.489681
-0.489995
-0.490308
-0.490464
-0.490699
-0.491169
-0.491482
-0.491951
-0.491873
-0.492186
-0.492812
-0.493125
-0.493282
-0.493517
-0.493908
-0.494456
-0.494612
-0.494691
-0.495004
-0.495239
-0.495552
-0.495708
-0.496413
-0.496491
-0.496726
-0.496882
-0.497430
-0.497665
-0.497978
-0.498448
-0.498291
-0.498683
-0.498839
-0.499309
-0.499543
-0.499778
-0.499935
-0.500561
-0.501031
-0.501422
-0.501422
-0.501892
-0.502361
-0.502439
-0.502674
-0.503300
-0.503222
-0.503614
-0.504005
-0.504396
-0.504709
-0.505022
-0.504944
-0.505570
-0.505805
-0.506118
-0.506196
-0.506823
-0.506666
-0.506823
-0.507370
-0.507918
-0.507840
-0.508545
-0.508466
-0.508936
-0.508779
-0.509171
-0.509484
-0.509719
-0.510032
-0.510423
-0.510658
-0.510814
-0.511284
-0.511597
-0.512145
-0.512771
-0.513084
-0.513162
-0.513162
-0.513554
-0.513867
-0.514102
-0.514258
-0.514728
-0.514806
-0.515276
-0.515354
-0.515745
-0.516058
-0.516137
-0.516685
-0.516763
-0.516919
-0.516919
-0.517311
-0.517859
-0.518015
-0.518172
-0.518798
-0.518798
-0.519424
-0.519659
-0.520050
-0.520363
-0.520363
-0.521068
-0.520989
-0.521224
-0.521850
-0.522085
-0.522242
-0.522633
-0.523259
-0.523337
-0.523807
-0.524120
-0.524120
-0.524746
-0.524903
-0.524825
-0.525294
-0.525451
-0.525842
-0.526312
-0.526625
-0.526860
-0.527173
-0.527408
-0.527486
-0.527877
-0.527955
-0.528268
-0.528660
-0.529051
-0.529208
-0.529756
-0.529912
-0.530304
-0.530695
-0.531008
-0.531086
-0.531556
-0.531634
-0.531869
-0.532025
-0.532417
-0.532652
-0.532886
-0.533199
-0.533513
-0.534060
-0.534060
-0.534452
-0.534843
-0.535078
-0.535078
-0.535235
-0.535391
-0.535861
-0.536252
-0.536565
-0.536800
-0.537348
-0.537583
-0.537739
-0.537974
-0.538130
-0.538600
-0.538757
-0.538913
-0.539226
-0.539618
-0.539931
-0.540166
-0.540635
-0.541026
-0.541183
-0.541418
-0.541809
-0.541966
-0.542514
-0.542357
-0.542827
-0.543218
-0.543531
-0.543688
-0.544157
-0.544392
-0.544783
-0.545018
-0.545410
-0.545566
-0.545879
-0.545957
-0.546192
-0.546662
-0.546975
-0.547210
-0.547445
-0.547445
-0.547836
-0.548384
-0.549010
-0.549088
-0.549245
-0.549245
-0.549636
-0.549793
-0.550262
-0.550262
-0.550419
-0.550419
-0.550967
-0.551593
-0.552141
-0.551984
-0.552610
-0.552689
-0.552923
-0.553158
-0.553550
-0.553784
-0.554098
-0.554254
-0.554645
-0.555115
-0.555585
-0.555663
-0.555741
-0.556211
-0.556680
-0.556759
-0.557072
-0.557463
-0.557698
-0.557776
-0.558168
-0.558481
-0.558637
-0.559107
-0.559342
-0.559733
-0.559889
-0.560124
-0.560672
-0.561064
-0.560829
-0.561455
-0.561768
-0.562316
-0.562629
-0.562864
-0.563255
-0.563333
-0.563646
-0.563803
-0.564038
-0.564429
-0.564899
-0.565055
-0.565290
-0.565447
-0.566073
-0.566464
-0.566934
-0.567325
-0.567482
-0.567638
-0.567951
-0.568186
-0.568577
-0.568421
-0.568891
-0.569047
-0.569360
-0.569908
-0.570299
-0.570378
-0.571082
-0.571317
-0.571708
-0.572021
-0.572178
-0.572256
-0.572569
-0.572726
-0.573195
-0.573587
-0.573743
-0.574213
-0.574291
-0.574761
-0.575230
-0.575309
-0.575543
-0.575622
-0.576091
-0.576483
-0.576639
-0.577109
-0.577265
-0.577813
-0.578205
-0.578753
-0.578674
-0.578831
-0.579222
-0.579457
-0.579692
-0.580396
-0.580161
-0.580709
-0.580944
-0.581022
-0.581570
-0.581805
-0.582196
-0.582509
-0.582901
-0.583370
-0.583684
-0.583840
-0.584153
-0.584623
-0.584623
-0.585092
-0.585327
-0.585484
-0.586345
-0.586501
-0.586423
-0.586814
-0.587206
-0.587519
-0.588145
-0.588301
-0.588380
-0.588615
-0.588849
-0.589319
-0.589475
-0.589789
-0.590023
-0.590258
-0.590180
-0.590806
-0.591119
-0.591432
-0.591980
-0.592371
-0.592137
-0.592606
-0.592841
-0.593467
-0.593702
-0.594093
-0.594328
-0.594798
-0.595189
-0.595424
-0.595502
-0.595815
-0.595972
-0.596520
-0.596520
-0.597224
-0.597459
-0.597459
-0.597772
-0.598163
-0.598711
-0.598711
-0.599024
-0.599416
-0.599651
-0.599807
-0.600433
-0.600668
-0.600981
-0.601607
-0.602233
-0.602155
-0.602625
-0.602938
-0.603094
-0.603407
-0.603642
-0.603955
-0.604190
-0.604425
-0.604816
-0.604973
-0.605286
-0.605599
-0.605834
-0.606382
-0.606695
-0.606851
-0.607321
-0.607478
-0.607634
-0.608338
-0.608260
-0.608495
-0.608965
-0.609591
-0.609278
-0.609982
-0.610217
-0.610374
-0.611000
-0.611313
-0.611469
-0.611391
-0.611861
-0.612174
-0.612643
-0.612722
-0.613113
-0.613191
-0.613583
-0.613896
-0.614287
-0.614522
-0.614678
-0.615383
-0.615618
-0.615852
-0.615852
-0.616557
-0.617026
-0.617105
-0.617340
-0.617496
-0.617731
-0.618122
-0.618435
-0.618827
-0.618748
-0.619296
-0.619453
-0.619844
-0.619844
-0.620470
-0.620314
-0.620940
-0.621410
-0.621723
-0.621723
-0.622192
-0.622427
-0.622897
-0.622975
-0.623366
-0.623445
-0.623914
-0.624149
-0.624462
-0.625010
-0.625010
-0.625401
-0.625871
-0.625871
-0.626027
-0.626497
-0.626732
-0.627202
-0.627358
-0.627671
-0.628219
-0.628297
-0.628689
-0.629002
-0.629471
-0.629471
-0.629863
-0.630176
-0.630489
-0.631193
-0.630958
-0.631037
-0.631663
-0.631741
-0.632054
-0.632446
-0.632915
-0.633150
-0.633463
-0.633620
-0.634168
-0.634481
-0.634246
-0.634637
-0.634950
-0.635420
-0.635576
-0.635968
-0.636203
-0.636985
-0.636907
-0.637220
-0.637455
-0.637768
-0.637924
-0.638238
-0.638629
-0.638942
-0.638942
-0.639412
-0.639568
-0.640116
-0.640194
-0.640664
-0.640742
-0.641212
-0.641681
-0.641995
-0.642151
-0.642542
-0.642542
-0.642621
-0.643090
-0.643482
-0.643873
-0.644186
-0.644577
-0.644890
-0.644890
-0.645204
-0.645751
-0.645830
-0.646221
-0.646691
-0.646691
-0.647004
-0.647082
-0.647630
-0.647786
-0.648021
-0.648100
-0.648804
-0.648726
-0.649274
-0.649352
-0.649665
-0.650135
-0.650135
-0.650917
