-0.552063
-0.552297
-0.552532
-0.553080
-0.553002
-0.553706
-0.553628
-0.554098
-0.554332
-0.554411
-0.554958
-0.555272
-0.555428
-0.555506
-0.555976
-0.556289
-0.556524
-0.556837
-0.557307
-0.557307
-0.557620
-0.558168
-0.558089
-0.558559
-0.558559
-0.558872
-0.559263
-0.559420
-0.560046
-0.560281
-0.560672
-0.561298
-0.561377
-0.561846
-0.562003
-0.562316
-0.562472
-0.562864
-0.563255
-0.563177
-0.563725
-0.563725
-0.563960
-0.564429
-0.564742
-0.565212
-0.565212
-0.565525
-0.566073
-0.566073
-0.566542
-0.566777
-0.566699
-0.567325
-0.567795
-0.567795
-0.568421
-0.568499
-0.568577
-0.568969
-0.569438
-0.569751
-0.569751
-0.569986
-0.570534
-0.570456
-0.570926
-0.570926
-0.571552
-0.572021
-0.572178
-0.572491
-0.573039
-0.573039
-0.573430
-0.573743
-0.573900
-0.574448
-0.574369
-0.574839
-0.575074
-0.575465
-0.575622
-0.575778
-0.576170
-0.576326
-0.577031
-0.577109
-0.577422
-0.577657
-0.577970
-0.577970
-0.578596
-0.578596
-0.578987
-0.579222
-0.579300
-0.579770
-0.580083
-0.580396
-0.580474
-0.580788
-0.581179
-0.581179
-0.581883
-0.582275
-0.582509
-0.582744
-0.582979
-0.583527
-0.583605
-0.583762
-0.584310
-0.584466
-0.584701
-0.585171
-0.585249
-0.585719
-0.586188
-0.586501
-0.586658
-0.586736
-0.587362
-0.587597
-0.587597
-0.587832
-0.587988
-0.588301
-0.588693
-0.588536
-0.589084
-0.589475
-0.589789
-0.589945
-0.590336
-0.590806
-0.591041
-0.591276
-0.591902
-0.591902
-0.592528
-0.592450
-0.592685
-0.593232
-0.593311
-0.593546
-0.594172
-0.594406
-0.594876
-0.594720
-0.595267
-0.595502
-0.595972
-0.595972
-0.596128
-0.596598
-0.597068
-0.597302
-0.597459
-0.597616
-0.597929
-0.598242
-0.598398
-0.598946
-0.599103
-0.599259
-0.599885
-0.599885
-0.600512
-0.600903
-0.600668
-0.601372
-0.601372
-0.602155
-0.602703
-0.602860
-0.603094
-0.603251
-0.603799
-0.604190
-0.604268
-0.604503
-0.604816
-0.604973
-0.605443
-0.605677
-0.606147
-0.606460
-0.606695
-0.606773
-0.607086
-0.607791
-0.608025
-0.608182
-0.608495
-0.608808
-0.609199
-0.609513
-0.609982
-0.610139
-0.610452
-0.610921
-0.611234
-0.611469
-0.611548
-0.611782
-0.612252
-0.612565
-0.612722
-0.613113
-0.613348
-0.613661
-0.613817
-0.614444
-0.614678
-0.614991
-0.615070
-0.615618
-0.615774
-0.616087
-0.616713
-0.616870
-0.617105
-0.617340
-0.617340
-0.617887
-0.618044
-0.618514
-0.618592
-0.618983
-0.619453
-0.619688
-0.620001
-0.620236
-0.620549
-0.620705
-0.621410
-0.621566
-0.621879
-0.621957
-0.622427
-0.622662
-0.623053
-0.622897
-0.623288
-0.623445
-0.623992
-0.624306
-0.624697
-0.624697
-0.625245
-0.625793
-0.626027
-0.626341
-0.626184
-0.626732
-0.627045
-0.627280
-0.627749
-0.627828
-0.628376
-0.628219
-0.629002
-0.629158
-0.629315
-0.629706
-0.630019
-0.630332
-0.630411
-0.631115
-0.631350
-0.631428
-0.631663
-0.632446
-0.632602
-0.632837
-0.632993
-0.633385
-0.633854
-0.634011
-0.634324
-0.634402
-0.634715
-0.634950
-0.635342
-0.635733
-0.636281
-0.636124
-0.636359
-0.636829
-0.637298
-0.637220
-0.637924
-0.637611
-0.638159
-0.638785
-0.638942
-0.639177
-0.639568
-0.639803
-0.640194
-0.640429
-0.640742
-0.641134
-0.641681
-0.641838
-0.642308
-0.642542
-0.643090
-0.643090
-0.643638
-0.643716
-0.644030
-0.644421
-0.644421
-0.644890
-0.644890
-0.645595
-0.645751
-0.645986
-0.646534
-0.646847
-0.646691
-0.647239
-0.647630
-0.648021
-0.648256
-0.648413
-0.648961
-0.649039
-0.649587
-0.649978
-0.650213
-0.650448
-0.650839
-0.650917
-0.651309
-0.651309
-0.651465
-0.652091
-0.652326
-0.652796
-0.653109
-0.653265
-0.653657
-0.653657
-0.654361
-0.654674
-0.654518
-0.654831
-0.655300
-0.655927
-0.656240
-0.656474
-0.656631
-0.656631
-0.657101
-0.657335
-0.657648
-0.658196
-0.658353
-0.658588
-0.658666
-0.659136
-0.659292
-0.659840
-0.660153
-0.660388
-0.660779
-0.661327
-0.661562
-0.661953
-0.662032
-0.662266
-0.662579
-0.662579
-0.663127
-0.663206
-0.663754
-0.663910
-0.664223
-0.664536
-0.664536
-0.664928
-0.665319
-0.665475
-0.665397
-0.665241
-0.665397
-0.665475
-0.665475
-0.665084
-0.665319
-0.664928
-0.664928
-0.664849
-0.664849
-0.664614
-0.664536
-0.664067
-0.663910
-0.663832
-0.663675
-0.663362
-0.663362
-0.662893
-0.662423
-0.662266
-0.661953
-0.661640
-0.661405
-0.661092
-0.660623
-0.660544
-0.660231
-0.659918
-0.659605
-0.659057
-0.658823
-0.658666
-0.658118
-0.657962
-0.657570
-0.657335
-0.656866
-0.656787
-0.656553
-0.656318
-0.655770
-0.655379
-0.655066
-0.654909
-0.654596
-0.654205
-0.653892
-0.653500
-0.653344
-0.652717
-0.652796
-0.652248
-0.651778
-0.651465
-0.651309
-0.651152
-0.650448
-0.649978
-0.649665
-0.649117
-0.648961
-0.648491
-0.648491
-0.647786
-0.647630
-0.647317
-0.646612
-0.646769
-0.646299
-0.645986
-0.645438
-0.644969
-0.644734
-0.644812
-0.644343
-0.643873
-0.643716
-0.643325
-0.643247
-0.642777
-0.642229
-0.642542
-0.641916
-0.641447
-0.640899
-0.640742
-0.640507
-0.639646
-0.639412
-0.639333
-0.638629
-0.638785
-0.638472
-0.637846
-0.637377
-0.637220
-0.636594
-0.636359
-0.636046
-0.635498
-0.635420
-0.635185
-0.634715
-0.634481
-0.634168
-0.633933
-0.633463
-0.633228
-0.632759
-0.632837
-0.632211
-0.631741
-0.631428
-0.631037
-0.630645
-0.630411
-0.630019
-0.629471
-0.629550
-0.628845
-0.628297
-0.628376
-0.628062
-0.627749
-0.627123
-0.627123
-0.626497
-0.626341
-0.626027
-0.625714
-0.625088
-0.625323
-0.624462
-0.624384
-0.624149
-0.623601
-0.623445
-0.622975
-0.622662
-0.622505
-0.622036
-0.621644
-0.621410
-0.620783
-0.620549
-0.620001
-0.619844
-0.619609
-0.618983
-0.618983
-0.618748
-0.618357
-0.618200
-0.617731
-0.617261
-0.617105
-0.616557
-0.616400
-0.616244
-0.616087
-0.615305
-0.615148
-0.614600
-0.614287
-0.613739
-0.613583
-0.613817
-0.613113
-0.612722
-0.612174
-0.612252
-0.611704
-0.611313
-0.611156
-0.611000
-0.610687
-0.610217
-0.609826
-0.609513
-0.609278
-0.608652
-0.608573
-0.608260
-0.608182
-0.607869
-0.607321
-0.607086
-0.606538
-0.606382
-0.605990
-0.605834
-0.605443
-0.605129
-0.604973
-0.604503
-0.604347
-0.603877
-0.603486
-0.603016
-0.603016
-0.602312
-0.601999
-0.601529
-0.601138
-0.600746
-0.600590
-0.599651
-0.599494
-0.599103
-0.598868
-0.598320
-0.598085
-0.597616
-0.597381
-0.597146
-0.596755
-0.596520
-0.595737
-0.595502
-0.595267
-0.594876
-0.594406
-0.594250
-0.593780
-0.593624
-0.592998
-0.592763
-0.592293
-0.592215
-0.592058
-0.591510
-0.591041
-0.590571
-0.590493
-0.589945
-0.589632
-0.589397
-0.588928
-0.588849
-0.588301
-0.588145
-0.587675
-0.587519
-0.587127
-0.586736
-0.586032
-0.586032
-0.586032
-0.585249
-0.585092
-0.585092
-0.584544
-0.584153
-0.583684
-0.583370
-0.582588
-0.582666
-0.582509
-0.581883
-0.581570
-0.581101
-0.581022
-0.580474
-0.579927
-0.579692
-0.579300
-0.579300
-0.578753
-0.578518
-0.578205
-0.577735
-0.577187
-0.577187
-0.576483
-0.576248
-0.576091
-0.575778
-0.575230
-0.574996
-0.574839
-0.574213
-0.573665
-0.573822
-0.573195
-0.572961
-0.572647
-0.571943
-0.571473
-0.571395
-0.571317
-0.570847
-0.570378
-0.569986
-0.570065
-0.569595
-0.569204
-0.568891
-0.568812
-0.568264
-0.568108
-0.567716
-0.567325
-0.566934
-0.566621
-0.566699
-0.566073
-0.565838
-0.565760
-0.565290
-0.564820
-0.564273
-0.564038
-0.563646
-0.563568
-0.562942
-0.562785
-0.562472
-0.562316
-0.561925
-0.561298
-0.561142
-0.560594
-0.560046
-0.559889
-0.559342
-0.559185
-0.558794
-0.558715
-0.558246
-0.557776
-0.557385
-0.557307
-0.556837
-0.556289
-0.555976
-0.555898
-0.555428
-0.555428
-0.554958
-0.554802
-0.554332
-0.554098
-0.553628
-0.553315
-0.553158
-0.552610
-0.552219
-0.552063
-0.551671
-0.551436
-0.550810
-0.550654
-0.550262
-0.549871
-0.549636
-0.549167
-0.549167
-0.548697
-0.548306
-0.548227
-0.547679
-0.547288
-0.546975
-0.546662
-0.546584
-0.546114
-0.545879
-0.545723
-0.545018
-0.544783
-0.544705
-0.544079
-0.543844
-0.543609
-0.543296
-0.542983
-0.542827
-0.542122
-0.541887
-0.541574
-0.541105
-0.540635
-0.540557
-0.540166
-0.539618
-0.539461
-0.538991
-0.538913
-0.538835
-0.538365
-0.537896
-0.537661
-0.537504
-0.537270
-0.536878
-0.536409
-0.535939
-0.535782
-0.535548
-0.535313
-0.534843
-0.534530
-0.534295
-0.533982
-0.533591
-0.533278
-0.533121
-0.532573
-0.532417
-0.531869
-0.531321
-0.531321
-0.530773
-0.530304
-0.530147
-0.529364
-0.529521
-0.529051
-0.528895
-0.528973
-0.528347
-0.528034
-0.527799
-0.527094
-0.526938
-0.527016
-0.526390
-0.526233
-0.525842
-0.525451
-0.525294
-0.524825
-0.524668
-0.524512
-0.523885
-0.523885
-0.523259
-0.522790
-0.522555
-0.522007
-0.521537
-0.521224
-0.521224
-0.521068
-0.520128
-0.519815
-0.519346
-0.519346
-0.519267
-0.518876
-0.518328
-0.517937
-0.517702
-0.517232
-0.516841
-0.516685
-0.516137
-0.515980
-0.515824
-0.515824
-0.515276
-0.515276
-0.514650
-0.514415
-0.514180
-0.513945
-0.513476
-0.513084
-0.512849
-0.512380
-0.512067
-0.511519
-0.511362
-0.511127
-0.510423
-0.510423
-0.510345
-0.509797
-0.509719
-0.508858
-0.508701
-0.508388
-0.507762
-0.507918
-0.507370
-0.507136
-0.506901
-0.506275
-0.506353
-0.505805
-0.505649
-0.505570
-0.504866
-0.504866
-0.504396
-0.504005
-0.503770
-0.503457
-0.502909
-0.502753
-0.502205
-0.502048
-0.501813
-0.501109
-0.501031
-0.500952
-0.500718
-0.500248
-0.499778
-0.499543
-0.499230
-0.498683
-0.498526
-0.498135
-0.497822
-0.497587
-0.497587
-0.497039
-0.496647
-0.496491
-0.496021
-0.495943
-0.495552
-0.495160
-0.494691
-0.494612
-0.494456
-0.493908
-0.493908
-0.493517
-0.493204
-0.492656
-0.492577
-0.492186
-0.491717
-0.491403
-0.491169
-0.490464
-0.490386
-0.489995
-0.489916
-0.489447
-0.489212
-0.488586
-0.488351
-0.488351
-0.488194
-0.487725
-0.487333
-0.487177
-0.486551
-0.486238
-0.486081
-0.485611
-0.485611
-0.485142
-0.484750
-0.484124
-0.484124
-0.483655
-0.483263
-0.482950
-0.482794
-0.482324
-0.482011
-0.481620
-0.481150
-0.481072
-0.480524
-0.480289
-0.479741
-0.479272
-0.479115
-0.478724
-0.478567
-0.478176
-0.477941
-0.477550
-0.477315
-0.476610
-0.476767
-0.476141
-0.476063
-0.475906
-0.475280
-0.474888
-0.474654
-0.473949
-0.474106
-0.473558
-0.473401
-0.473088
-0.472775
-0.472619
-0.472071
-0.471993
-0.471523
-0.471132
-0.470740
-0.470584
-0.470427
-0.469644
-0.469331
-0.469097
-0.468549
-0.468549
-0.468236
-0.467844
-0.467531
-0.467375
-0.467375
-0.466905
-0.466357
-0.466122
-0.466279
-0.465340
-0.465261
-0.464948
-0.464713
-0.464322
-0.464087
-0.463461
-0.463226
-0.462835
-0.462365
-0.462365
-0.461817
-0.461504
-0.461191
-0.460722
-0.460643
-0.460096
-0.459548
-0.459548
-0.459078
-0.458843
-0.458139
-0.457513
-0.457513
-0.457200
-0.456730
-0.456652
-0.456417
-0.456104
-0.455869
-0.455556
-0.455086
-0.454930
-0.454695
-0.454147
-0.453521
-0.453521
-0.452973
-0.452816
-0.452582
-0.452190
-0.452190
-0.451642
-0.451408
-0.451173
-0.450938
-0.450468
-0.450312
-0.449764
-0.449607
-0.449216
-0.448825
-0.448512
-0.448042
-0.447964
-0.447494
-0.447338
-0.447103
-0.446477
-0.446398
-0.446477
-0.446007
-0.446007
-0.445303
-0.444989
-0.444598
-0.444128
-0.443815
-0.443424
-0.443189
-0.443033
-0.443033
-0.442328
-0.441937
-0.441467
-0.440919
-0.440137
-0.439824
-0.439824
-0.439197
-0.438884
-0.438963
-0.438571
-0.438102
-0.437945
-0.437554
-0.437319
-0.436928
-0.436771
-0.436536
-0.436223
-0.435832
-0.435597
-0.435284
-0.434971
-0.434814
-0.434345
-0.434032
-0.433640
-0.433249
-0.433249
-0.432858
-0.432779
-0.432075
-0.432075
-0.431605
-0.431136
-0.430744
-0.430588
-0.430118
-0.430118
-0.429492
-0.429022
-0.428631
-0.428240
-0.428083
-0.427927
-0.427535
-0.426909
-0.426674
-0.426439
-0.426361
-0.425892
-0.425500
-0.425187
-0.424874
-0.424639
-0.424248
-0.423935
-0.423622
-0.423230
-0.422996
-0.422526
-0.422369
-0.422056
-0.421743
-0.421195
-0.420961
-0.420648
-0.420334
-0.420334
-0.419787
-0.419395
-0.419082
-0.419082
-0.418534
-0.418065
-0.417830
-0.417517
-0.416891
-0.416656
-0.416499
-0.416264
-0.415873
-0.415795
-0.415482
-0.415247
-0.414777
-0.414308
-0.414073
-0.413760
-0.413447
-0.413368
-0.413212
-0.412429
-0.412586
-0.411881
-0.411803
-0.411255
-0.410942
-0.410629
-0.410394
-0.409846
-0.409690
-0.409377
-0.409220
-0.408751
-0.408594
-0.407968
-0.407968
-0.407576
-0.407420
-0.407029
-0.406794
-0.406246
-0.405933
-0.405620
-0.405385
-0.404837
-0.404759
-0.404524
-0.404524
-0.403898
-0.403976
-0.403272
-0.403272
-0.402802
-0.402489
-0.401863
-0.401471
-0.401315
-0.400845
-0.400610
-0.400063
-0.399671
-0.399436
-0.399202
-0.399045
-0.398654
-0.398341
-0.397558
-0.397480
-0.397010
-0.396932
-0.396619
-0.396227
-0.395914
-0.395758
-0.395210
-0.395053
-0.394740
-0.394271
-0.393958
-0.393801
-0.393253
-0.392940
-0.392470
-0.392157
-0.392236
-0.391844
-0.391688
-0.391218
-0.390748
-0.390514
-0.390279
-0.390044
-0.389340
-0.389183
-0.388948
-0.388713
-0.388557
-0.388087
-0.387774
-0.387461
-0.387305
-0.387070
-0.386678
-0.386365
-0.386052
-0.385817
-0.385191
-0.385035
-0.384722
-0.384174
-0.384330
-0.383782
-0.383313
-0.383156
-0.382843
-0.383078
-0.382765
-0.382374
-0.381826
-0.381356
-0.381278
-0.380730
-0.380573
-0.380495
-0.380026
-0.379791
-0.379165
-0.378851
-0.378695
-0.378538
-0.377990
-0.377677
-0.377364
-0.377208
-0.376895
-0.376347
-0.376190
-0.376034
-0.375877
-0.375642
-0.375564
-0.374938
-0.374390
-0.374390
-0.373842
-0.373607
-0.373451
-0.372903
-0.372903
-0.372355
-0.372277
-0.372042
-0.371494
-0.371338
-0.371024
-0.370555
-0.370164
-0.369850
-0.369694
-0.369146
-0.369146
-0.368676
-0.368442
-0.367894
-0.367894
-0.367346
-0.367581
-0.367033
-0.366720
-0.366563
-0.366093
-0.365780
-0.365546
-0.364841
-0.364685
-0.364528
-0.364215
-0.363824
-0.363589
-0.363511
-0.363041
-0.362728
-0.362258
-0.361789
-0.361476
-0.361397
-0.360928
-0.360223
-0.359910
-0.359675
-0.359362
-0.359362
-0.358814
-0.358345
-0.358267
-0.357719
-0.357249
-0.357092
-0.356858
-0.356466
-0.356231
-0.356153
-0.355762
-0.355292
-0.354979
-0.354823
-0.354510
-0.354118
-0.353727
-0.353649
-0.353414
-0.353492
-0.352709
-0.352396
-0.352161
-0.351770
-0.351770
-0.351614
-0.350987
-0.350831
-0.350283
-0.349970
-0.349735
-0.349579
-0.348796
-0.348483
-0.348091
-0.347935
-0.348326
-0.347700
-0.347544
-0.347152
-0.346683
-0.346135
-0.345978
-0.345430
-0.345274
-0.345117
-0.344569
-0.344178
-0.344021
-0.343865
-0.343787
-0.343317
-0.342769
-0.342769
-0.342378
-0.341673
-0.341830
-0.341282
-0.340891
-0.340656
-0.340499
-0.340108
-0.339873
-0.339717
-0.339090
-0.338856
-0.338464
-0.338229
-0.337603
-0.337603
-0.337525
-0.336977
-0.336586
-0.336508
-0.336429
-0.336038
-0.335490
-0.335099
-0.334786
-0.334472
-0.334238
-0.334003
-0.333455
-0.333298
-0.333220
-0.332829
-0.332281
-0.332124
-0.332124
-0.331655
-0.331498
-0.330716
-0.330481
-0.330246
-0.329933
-0.329307
-0.328994
-0.328837
-0.328524
-0.328133
-0.327820
-0.327663
-0.327428
-0.327193
-0.327037
-0.326724
-0.326489
-0.325785
-0.325706
-0.325628
-0.325237
-0.325158
-0.324376
-0.324141
-0.323906
-0.324063
-0.323515
-0.323280
-0.323280
-0.322732
-0.322341
-0.322419
-0.321793
-0.321715
-0.321167
-0.321167
-0.320540
-0.320384
-0.320306
-0.320071
-0.319445
-0.318975
-0.318584
-0.318505
-0.318036
-0.317644
-0.317644
-0.317175
-0.316862
-0.316784
-0.316314
-0.316001
-0.315375
-0.315140
-0.314905
-0.314748
-0.314670
-0.314201
-0.313888
-0.313653
-0.313418
-0.313183
-0.312948
-0.312870
-0.312322
-0.312087
-0.311618
-0.311539
-0.310992
-0.310600
-0.310444
-0.310287
-0.309739
-0.309426
-0.309426
-0.309191
-0.309035
-0.308565
-0.308330
-0.307704
-0.307626
-0.307391
-0.307078
-0.306922
-0.306687
-0.306452
-0.306374
-0.305904
-0.305747
-0.305747
-0.305121
-0.304887
-0.304495
-0.304339
-0.303791
-0.303634
-0.303478
-0.303086
-0.302851
-0.302460
-0.302304
-0.301991
-0.302069
-0.301521
-0.301286
-0.300895
-0.300816
-0.300190
-0.300269
-0.299642
-0.299251
-0.299173
-0.299016
-0.298860
-0.298312
-0.298390
-0.298077
-0.297529
-0.297216
-0.297294
-0.296746
-0.296355
-0.296120
-0.295807
-0.295572
-0.295259
-0.295103
-0.294790
-0.294555
-0.294007
-0.294320
-0.293929
-0.293303
-0.293068
-0.292911
-0.292598
-0.292442
-0.292285
-0.292129
-0.291737
-0.291268
-0.290954
-0.290641
-0.290485
-0.290094
-0.289702
-0.289546
-0.289311
-0.288763
-0.288763
-0.288450
-0.288372
-0.288137
-0.287824
-0.287589
-0.286884
-0.286806
-0.286571
-0.286571
-0.286102
-0.285710
-0.285397
-0.285319
-0.285319
-0.285006
-0.284302
-0.284067
-0.283910
-0.283754
-0.283519
-0.282971
-0.282814
-0.282658
-0.282658
-0.282267
-0.281562
-0.281327
-0.280936
-0.280936
-0.280388
-0.280075
-0.279684
-0.279057
-0.278901
-0.278510
-0.278431
-0.278588
-0.278118
-0.277414
-0.277101
-0.277022
-0.276631
-0.276396
-0.276083
-0.275848
-0.275535
-0.275535
-0.275614
-0.274674
-0.274753
-0.274440
-0.274048
-0.273500
-0.273579
-0.273500
-0.272796
-0.272483
-0.272561
-0.272013
-0.271935
-0.271935
-0.271622
-0.271152
-0.270996
-0.270761
-0.270526
-0.270135
-0.269430
-0.269509
-0.269274
-0.269039
-0.268648
-0.268491
-0.268178
-0.268100
-0.267787
-0.267474
-0.267474
-0.267082
-0.266769
-0.266378
-0.266065
-0.265673
-0.265673
-0.265360
-0.265439
-0.264656
-0.264264
-0.263951
-0.264030
-0.263482
-0.263012
-0.263012
-0.262699
-0.262464
-0.262464
-0.262229
-0.261760
-0.261134
-0.261134
-0.260586
-0.260508
-0.260273
-0.260038
-0.259647
-0.259333
-0.259177
-0.259020
-0.258864
-0.258629
-0.258159
-0.257925
-0.257612
-0.257220
-0.256751
-0.256751
-0.256672
-0.256438
-0.256124
-0.255890
-0.255342
-0.255185
-0.255029
-0.254637
-0.254246
-0.254324
-0.254011
-0.253620
-0.253542
-0.253385
-0.253072
-0.252994
-0.252289
-0.252211
-0.251976
-0.252054
-0.251428
-0.251428
-0.250959
-0.250724
-0.250411
-0.250098
-0.249785
-0.249471
-0.249706
-0.249080
-0.248611
-0.248767
-0.248219
-0.248063
-0.247906
-0.247515
-0.247593
-0.247202
-0.246889
-0.246810
-0.246419
-0.246262
-0.245793
-0.245636
-0.245558
-0.245167
-0.244697
-0.244697
-0.244697
-0.244149
-0.243993
-0.243836
-0.243758
-0.243053
-0.242897
-0.242584
-0.242505
-0.242349
-0.242036
-0.241801
-0.241410
-0.240862
-0.241097
-0.240627
-0.240236
-0.239766
-0.239609
-0.239296
-0.239140
-0.238749
-0.238279
-0.238044
-0.237809
-0.237496
-0.237574
-0.237574
-0.237261
-0.236870
-0.236870
-0.236635
-0.236479
-0.236244
-0.235931
-0.235539
-0.235461
-0.235226
-0.234835
-0.234835
-0.234678
-0.234131
-0.233896
-0.233739
-0.233426
-0.233270
-0.233113
-0.232878
-0.232252
-0.232174
-0.232017
-0.231704
-0.231626
-0.231391
-0.231156
-0.230765
-0.230687
-0.230530
-0.230139
-0.229748
-0.229669
-0.229434
-0.229434
-0.229200
-0.229043
-0.228808
-0.228417
-0.228260
-0.228026
-0.227712
-0.227869
-0.227399
-0.226930
-0.226695
-0.226773
-0.226225
-0.225991
-0.225912
-0.225991
-0.225443
-0.225208
-0.224817
-0.224503
-0.224582
-0.224347
-0.224347
-0.224034
-0.223721
-0.223408
-0.223251
-0.222938
-0.222860
-0.222860
-0.222390
-0.222312
-0.221999
-0.221764
-0.221373
-0.221373
-0.221294
-0.220981
-0.220825
-0.220199
-0.220120
-0.220120
-0.219651
-0.219651
-0.219338
-0.219416
-0.219259
-0.218946
-0.218790
-0.218555
-0.218398
-0.218398
-0.217929
-0.217850
-0.217616
-0.217537
-0.217146
-0.217224
-0.216990
-0.216520
-0.216755
-0.216598
-0.216207
-0.216050
-0.215815
-0.215424
-0.215268
-0.214876
-0.214563
-0.214485
-0.214407
-0.213780
-0.213859
-0.213546
-0.213467
-0.213389
-0.212998
-0.212998
-0.212763
-0.212841
-0.212606
-0.212372
-0.212059
-0.211667
-0.211667
-0.211354
-0.211041
-0.210884
-0.210337
-0.210337
-0.210337
-0.210180
-0.210258
-0.209789
-0.209397
-0.209632
-0.209084
-0.209397
-0.209163
-0.208928
-0.208693
-0.208380
-0.208302
-0.208067
-0.207989
-0.207832
-0.207362
-0.207362
-0.207362
-0.207362
-0.207206
-0.206580
-0.206345
-0.206345
-0.206188
-0.206267
-0.205797
-0.205484
-0.205406
-0.205406
-0.205327
-0.205249
-0.204936
-0.204545
-0.204545
-0.204232
-0.203918
-0.203918
-0.203918
-0.203527
-0.203527
-0.203136
-0.203214
-0.203292
-0.202901
-0.202431
-0.202353
-0.202353
-0.201727
-0.201883
-0.201649
-0.201414
-0.201179
-0.201257
-0.200944
-0.200553
-0.200631
-0.200318
-0.200396
-0.199848
-0.199927
-0.199614
-0.199457
-0.199379
-0.199222
-0.198909
-0.199066
-0.198596
-0.198361
-0.198048
-0.197970
-0.198127
-0.197970
-0.197657
-0.197579
-0.197500
-0.197422
-0.197031
-0.196874
-0.196796
-0.196405
-0.196483
-0.196483
-0.196013
-0.195935
-0.195935
-0.195778
-0.195857
-0.195622
-0.195778
-0.195152
-0.195074
-0.194761
-0.194917
-0.194448
-0.194761
-0.194917
-0.194448
-0.194370
-0.193978
-0.193900
-0.193743
-0.193587
-0.193665
-0.193430
-0.193352
-0.193274
-0.193352
-0.193117
-0.193196
-0.192961
-0.192961
-0.192882
-0.192491
-0.192335
-0.192491
-0.192413
-0.191787
-0.191865
-0.191708
-0.191865
-0.191708
-0.191395
-0.191239
-0.191004
-0.190926
-0.190691
-0.190691
-0.190378
-0.190378
-0.190221
-0.190300
-0.190534
-0.190300
-0.190534
-0.189908
-0.189752
-0.189439
-0.189595
-0.189282
-0.189125
-0.189282
-0.189125
-0.189125
-0.189282
-0.188734
-0.188734
-0.188969
-0.188499
-0.188265
-0.188343
-0.188030
-0.187795
-0.188186
-0.187873
-0.188030
-0.187795
-0.187795
-0.187404
-0.187482
-0.187012
-0.187247
-0.187012
-0.186934
-0.186777
-0.187090
-0.186777
-0.186856
-0.186934
-0.186386
-0.186543
-0.186308
-0.186464
-0.186229
-0.186308
-0.186308
-0.186621
-0.186229
-0.186229
-0.186308
-0.186464
-0.186464
-0.186151
-0.185760
-0.185916
-0.185916
-0.185916
-0.185603
-0.185838
-0.185525
-0.185916
-0.185525
-0.185525
-0.185525
-0.185134
-0.185212
-0.185212
-0.185290
-0.185134
-0.185055
-0.185055
-0.185134
-0.184899
-0.185055
-0.184977
-0.184742
-0.184586
-0.184429
-0.184508
-0.184429
-0.184429
-0.184664
-0.184273
-0.183960
-0.184273
-0.184273
-0.183881
-0.183960
-0.183803
-0.184038
-0.184038
-0.184116
-0.183803
-0.183881
-0.183881
-0.183725
-0.183725
-0.183412
-0.183490
-0.183255
-0.183412
-0.183177
-0.183412
-0.183099
-0.183334
-0.183334
-0.183412
-0.183177
-0.183099
-0.182864
-0.182707
-0.183020
-0.182864
-0.182786
-0.182707
-0.182629
-0.182786
-0.182707
-0.182473
-0.182551
-0.182473
-0.182473
-0.182316
-0.182473
-0.182316
-0.181925
-0.182159
-0.182003
-0.182159
-0.181846
-0.181925
-0.181846
-0.182316
-0.182316
-0.182003
-0.181925
-0.181768
-0.181690
-0.182159
-0.181612
-0.182003
-0.181925
-0.181768
-0.181768
-0.181925
-0.181768
-0.181533
-0.181768
-0.181299
-0.181455
-0.181768
-0.181612
-0.181455
-0.181220
-0.181612
-0.181690
-0.181690
-0.181377
-0.181533
-0.181533
-0.181612
-0.181220
-0.181690
-0.181533
-0.181612
-0.181690
-0.181846
-0.182081
-0.181455
-0.181533
-0.181455
-0.181533
-0.181612
-0.181299
-0.181377
-0.181455
-0.181612
-0.181612
-0.181768
-0.181612
-0.181455
-0.181533
-0.181220
-0.181142
-0.180985
-0.181220
-0.181299
-0.181220
-0.181377
-0.181299
-0.181612
-0.181612
-0.181299
-0.181377
-0.181220
-0.181064
-0.180907
-0.181142
-0.181377
-0.181377
-0.181142
-0.181299
-0.181455
-0.181220
-0.181455
-0.181455
-0.181220
-0.180985
-0.180907
-0.181299
-0.181455
-0.181455
-0.181142
-0.180829
-0.181142
-0.181142
-0.180985
-0.180829
-0.180751
-0.181142
-0.180751
-0.181064
-0.180829
-0.180985
-0.180829
-0.180985
-0.180829
-0.180751
-0.180829
-0.180751
-0.180672
-0.180516
-0.181142
-0.180985
-0.180438
-0.180594
-0.180516
-0.180751
-0.180751
-0.180438
-0.180438
-0.180438
-0.180359
-0.180751
-0.180594
-0.180516
-0.180516
-0.180281
-0.180203
-0.180203
-0.180046
-0.179811
-0.179968
-0.179890
-0.179733
-0.180046
-0.179655
-0.179811
-0.179498
-0.179420
-0.179733
-0.179263
-0.179342
-0.178950
-0.179263
-0.179107
-0.179185
-0.179029
-0.179107
-0.178559
-0.178794
-0.178559
-0.178637
-0.178481
-0.178324
-0.178716
-0.178403
-0.178403
-0.178168
-0.178089
-0.177855
-0.177542
-0.177620
-0.177307
-0.177228
-0.177307
-0.177228
-0.177150
-0.176994
-0.177150
-0.177072
-0.176759
-0.176524
-0.176602
-0.176524
-0.176524
-0.176602
-0.176446
-0.176289
-0.176133
-0.175663
-0.175428
-0.174959
-0.175115
-0.175037
-0.174959
-0.174880
-0.175037
-0.174411
-0.174489
-0.174332
-0.173941
-0.173941
-0.173472
-0.173158
-0.173080
-0.173158
-0.173002
-0.173002
-0.172454
-0.172532
-0.171984
-0.172063
-0.171906
-0.171750
-0.171828
-0.170967
-0.171202
-0.170889
-0.170810
-0.170497
-0.170497
-0.170028
-0.169949
-0.169636
-0.169715
-0.169088
-0.168854
-0.168541
-0.168541
-0.168384
-0.168306
-0.168071
-0.167836
-0.167523
-0.167132
-0.166897
-0.166662
-0.166114
-0.166192
-0.165723
-0.165488
-0.165097
-0.165097
-0.164627
-0.164549
-0.164157
-0.163844
-0.163531
-0.163375
-0.162983
-0.162827
-0.162435
-0.162514
-0.162201
-0.161888
-0.161575
-0.161261
-0.161261
-0.160009
-0.160087
-0.159539
-0.158992
-0.158835
-0.158522
-0.157896
-0.157818
-0.157661
-0.156957
-0.156722
-0.156252
-0.156096
-0.155469
-0.155313
-0.155000
-0.154687
-0.154295
-0.154217
-0.153513
-0.153043
-0.152808
-0.152339
-0.151791
-0.151634
-0.151399
-0.150695
-0.150460
-0.149991
-0.149912
-0.149051
-0.148895
-0.147877
-0.147721
-0.147486
-0.147095
-0.146468
-0.146390
-0.145921
-0.145216
-0.144981
-0.144120
-0.143886
-0.143572
-0.142946
-0.142711
-0.142242
-0.141772
-0.141146
-0.141068
-0.140363
-0.139581
-0.139111
-0.138328
-0.138094
-0.137546
-0.137233
-0.136450
-0.136293
-0.135745
-0.135511
-0.134885
-0.133945
-0.133397
-0.133084
-0.132615
-0.131989
-0.131754
-0.131049
-0.130814
-0.130345
-0.130032
-0.129484
-0.128623
-0.127605
-0.127605
-0.127214
-0.126275
-0.126118
-0.125492
-0.125336
-0.124396
-0.124240
-0.123301
-0.122596
-0.122440
-0.121892
-0.121344
-0.120561
-0.120170
-0.119778
-0.118996
-0.118839
-0.117822
-0.116882
-0.116413
-0.115630
-0.115474
-0.115004
-0.114613
-0.113752
-0.113360
-0.113126
-0.112734
-0.111795
-0.111090
-0.110543
-0.110151
-0.109447
-0.108821
-0.108273
-0.107725
-0.107334
-0.106942
-0.106394
-0.105690
-0.104907
-0.104359
-0.103811
-0.103264
-0.102872
-0.101933
-0.101933
-0.101072
-0.100759
-0.100368
-0.099193
-0.098567
-0.098098
-0.097706
-0.097237
-0.096454
-0.095984
-0.095515
-0.095123
-0.094341
-0.093949
-0.092697
-0.092149
-0.091523
-0.091053
-0.090271
-0.089879
-0.089410
-0.088784
-0.088784
-0.087766
-0.086827
-0.086044
-0.085809
-0.085261
-0.084714
-0.083853
-0.083383
-0.082835
-0.082365
-0.081896
-0.081348
-0.079939
-0.079000
-0.078687
-0.078061
-0.077591
-0.076965
-0.076104
-0.075791
-0.075399
-0.074852
-0.073834
-0.072973
-0.072425
-0.071956
-0.071721
-0.071173
-0.070077
-0.069608
-0.069060
-0.068433
-0.067729
-0.066790
-0.066164
-0.065851
-0.065537
-0.064677
-0.064050
-0.063346
-0.062876
-0.062015
-0.061467
-0.060137
-0.059511
-0.058728
-0.058337
-0.057867
-0.057084
-0.056223
-0.055989
-0.055362
-0.054345
-0.053406
-0.052779
-0.052623
-0.051997
-0.050979
-0.050510
-0.050040
-0.049023
-0.048709
-0.047849
-0.047144
-0.046596
-0.046048
-0.045500
-0.044874
-0.044326
-0.043544
-0.042996
-0.042683
-0.041743
-0.040413
-0.040256
-0.039865
-0.039239
-0.038534
-0.037752
-0.037047
-0.036421
-0.035951
-0.035091
-0.033995
-0.033682
-0.033212
-0.032664
-0.032195
-0.031490
-0.030786
-0.030160
-0.029533
-0.028985
-0.028125
-0.027498
-0.026794
-0.026481
-0.026011
-0.025385
-0.024446
-0.024054
-0.023272
-0.022880
-0.021941
-0.021159
-0.020689
-0.019828
-0.019437
-0.018654
-0.017949
-0.017245
-0.017088
-0.016384
-0.015758
-0.014819
-0.014192
-0.013723
-0.013097
-0.012392
-0.011766
-0.011297
-0.010592
-0.010044
-0.009183
-0.008792
-0.007931
-0.007774
-0.007226
-0.006600
-0.005739
-0.005113
-0.004644
-0.004174
-0.003470
-0.002922
-0.002217
-0.001748
-0.001513
-0.000730
-0.000182
0.000522
0.001227
0.001383
0.002166
0.002714
0.003262
0.003575
0.003888
0.004827
0.005453
0.006158
0.006471
0.007332
0.007958
0.008193
0.009132
0.009288
0.010071
0.010462
0.011245
0.012106
0.012732
0.013124
0.013750
0.014376
0.015002
0.015550
0.016020
0.016568
0.017115
0.017898
0.018289
0.018837
0.019855
0.020246
0.020794
0.021107
0.021890
0.022281
0.023377
0.023612
0.024551
0.024786
0.025569
0.026430
0.026508
0.026977
0.027682
0.028151
0.028778
0.029482
0.030343
0.030578
0.031439
0.032221
0.032378
0.033082
0.033239
0.033865
0.034491
0.035117
0.035744
0.036526
0.036761
0.037387
0.037779
0.038327
0.039188
0.039422
0.040127
0.041223
0.041379
0.042397
0.042397
0.043023
0.043805
0.043962
0.044666
0.044901
0.045527
0.046310
0.047093
0.047641
0.048032
0.048658
0.049050
0.049363
0.049832
0.050302
0.050771
0.051711
0.052337
0.052650
0.053354
0.053824
0.054059
0.054607
0.054920
0.055702
0.055937
0.056798
0.057503
0.057816
0.058285
0.058833
0.059381
0.059929
0.060555
0.060477
0.061181
0.061964
0.062747
0.063216
0.063764
0.064234
0.064782
0.065095
0.065564
0.065721
0.066504
0.067286
0.067756
0.067913
0.068617
0.069321
0.069713
0.069948
0.070182
0.070965
0.071278
0.072061
0.072844
0.072922
0.073391
0.074096
0.074879
0.075035
0.075426
0.075583
0.076444
0.076914
0.077696
0.078322
0.078557
0.079418
0.079653
0.080044
0.080436
0.080905
0.081845
0.082079
0.082940
0.083253
0.083566
0.084036
0.084584
0.085132
0.085288
0.085836
0.086619
0.087323
0.087871
0.087950
0.088654
0.088967
0.089515
0.089985
0.090219
0.090532
0.091002
0.091941
0.092333
0.092568
0.093037
0.093428
0.094133
0.094603
0.094759
0.095229
0.095620
0.096559
0.096794
0.097420
0.097733
0.098125
0.098673
0.098907
0.099299
0.099534
0.100081
0.100864
0.101334
0.101725
0.101882
0.102586
0.102977
0.103447
0.103917
0.104073
0.104386
0.105482
0.105404
0.106030
0.106500
0.106969
0.107439
0.107752
0.107987
0.108691
0.108848
0.109474
0.109865
0.110335
0.110413
0.111352
0.111509
0.111978
0.112370
0.112605
0.113152
0.113700
0.114327
0.114561
0.115031
0.115501
0.116048
0.116518
0.116831
0.117222
0.117692
0.118162
0.118631
0.118788
0.119414
0.120040
0.120432
0.121136
0.121293
0.121449
0.122388
0.122780
0.123249
0.123249
0.123954
0.124423
0.124815
0.124893
0.125676
0.125754
0.126145
0.127084
0.127398
0.127789
0.128337
0.128493
0.128885
0.129589
0.129824
0.130215
0.130763
0.130998
0.131702
0.131937
0.132563
0.132798
0.132955
0.133581
0.133659
0.134285
0.134520
0.135225
0.135538
0.135616
0.136164
0.136555
0.137181
0.137494
0.137807
0.138355
0.138825
0.139373
0.139921
0.140077
0.140312
0.140860
0.141408
0.141799
0.142112
0.142347
0.142895
0.143599
0.144382
0.144460
0.144539
0.145478
0.145634
0.146261
0.146417
0.147200
0.147278
0.147748
0.148296
0.148687
0.149157
0.149626
0.150096
0.150800
0.150957
0.151192
0.151739
0.152053
0.152287
0.152835
0.152914
0.153383
0.153931
0.154166
0.154714
0.155262
0.155731
0.156357
0.156357
0.156984
0.157297
0.157766
0.158158
0.158627
0.159019
0.159410
0.159801
0.160271
0.160662
0.160740
0.161445
0.161993
0.162071
0.162619
0.163010
0.163323
0.163871
0.164184
0.164654
0.164811
0.164889
0.165671
0.166219
0.166611
0.167159
0.167315
0.168176
0.168098
0.168567
0.168881
0.169115
0.169428
0.169976
0.170446
0.170602
0.171072
0.171542
0.172324
0.172481
0.172481
0.173107
0.173420
0.173890
0.174438
0.174751
0.175220
0.175690
0.176003
0.176629
0.176473
0.177177
0.177803
0.178195
0.178429
0.178821
0.178977
0.179682
0.179760
0.180308
0.180543
0.181091
0.181482
0.181795
0.182265
0.182656
0.183439
0.183674
0.183830
0.184221
0.184456
0.184769
0.185474
0.185787
0.186022
0.186726
0.186961
0.187587
0.187744
0.188291
0.188683
0.188918
0.189387
0.189935
0.190170
0.190640
0.190953
0.191657
0.191814
0.191970
0.192283
0.192753
0.193379
0.193770
0.194083
0.194553
0.195101
0.195492
0.195571
0.195805
0.196510
0.196510
0.197136
0.197371
0.197606
0.198232
0.198545
0.198858
0.199093
0.199875
0.200110
0.200345
0.201128
0.201441
0.201754
0.201989
0.202693
0.202771
0.202928
0.203398
0.203711
0.204259
0.204337
0.204963
0.205198
0.205824
0.205902
0.206215
0.206607
0.207233
0.207311
0.207781
0.208250
0.208798
0.208955
0.209346
0.209503
0.209581
0.210050
0.210364
0.210911
0.211538
0.211851
0.212320
0.212633
0.213025
0.213338
0.213494
0.213573
0.214120
0.214512
0.214747
0.215138
0.215373
0.216077
0.216312
0.216234
0.216625
0.216938
0.217173
0.217877
0.218347
0.218504
0.218895
0.219286
0.219991
0.219991
0.220617
0.220852
0.221400
0.221556
0.222026
0.222104
0.222339
0.222965
0.223278
0.223826
0.224139
0.223982
0.224765
0.225157
0.225704
0.226018
0.226331
0.226565
0.226644
0.227035
0.227426
0.228053
0.228366
0.228835
0.229070
0.229305
0.229774
0.230009
0.230401
0.230557
0.230792
0.231027
0.231809
0.232044
0.232279
0.232905
0.233297
0.233453
0.233844
0.234236
0.234471
0.235097
0.235488
0.235958
0.236114
0.236427
0.236897
0.237054
0.237445
0.237993
0.238149
0.238697
0.238697
0.239245
0.239871
0.240263
0.240419
0.240967
0.241202
0.241906
0.242454
0.242846
0.243159
0.243315
0.243706
0.244020
0.244333
0.244959
0.245272
0.245507
0.246055
0.246446
0.246916
0.247229
0.247229
0.247855
0.248090
0.248168
0.248872
0.248951
0.249342
0.249812
0.250203
0.250516
0.250594
0.251064
0.251533
0.252003
0.252551
0.252786
0.253099
0.253490
0.253803
0.254038
0.254508
0.254899
0.255134
0.255525
0.255917
0.256543
0.256543
0.256856
0.257247
0.257325
0.257795
0.257952
0.258343
0.258734
0.259439
0.259830
0.259908
0.260143
0.260691
0.261161
0.261474
0.261943
0.261865
0.262335
0.262961
0.263117
0.263587
0.263822
0.263978
0.264526
0.264918
0.265309
0.265700
0.266326
0.266248
0.266640
0.267109
0.267735
0.267657
0.267892
0.268518
0.268753
0.269066
0.269614
0.270083
0.270240
0.270631
0.270710
0.271101
0.271571
0.272118
0.272353
0.272588
0.273058
0.273214
0.273606
0.273997
0.274467
0.274701
0.275406
0.275719
0.275875
0.276423
0.276580
0.276893
0.277128
0.277284
0.277754
0.278145
0.278771
0.278850
0.279319
0.279632
0.280337
0.280572
0.280650
0.281198
0.281746
0.281980
0.282372
0.282763
0.283311
0.283311
0.283546
0.284015
0.284250
0.284955
0.285268
0.285581
0.285972
0.286207
0.286442
0.286755
0.286990
0.287224
0.287929
0.288399
0.288790
0.289103
0.289494
0.289651
0.289964
0.290355
0.290747
0.291138
0.291842
0.291842
0.292155
0.292312
0.292782
0.293016
0.293095
0.293721
0.293877
0.294190
0.294660
0.294895
0.295208
0.295286
0.295756
0.295834
0.296304
0.296695
0.297086
0.297634
0.297791
0.298182
0.298574
0.298574
0.298965
0.299513
0.299669
0.300061
0.300061
0.300765
0.300922
0.301391
0.301783
0.302252
0.302331
0.302487
0.302800
0.303113
0.303739
0.304209
0.304287
0.304600
0.304679
0.305070
0.305383
0.305618
0.305853
0.306557
0.306635
0.307262
0.307418
0.307340
0.308123
0.307731
0.308201
0.308201
0.308749
0.309218
0.309531
0.309766
0.310236
0.310314
0.310627
0.310940
0.311175
0.311410
0.311958
0.312740
0.312662
0.313054
0.313367
0.313601
0.313836
0.314149
0.314149
0.314462
0.314775
0.315323
0.315402
0.315949
0.316263
0.316576
0.316576
0.316889
0.317437
0.317593
0.317828
0.318376
0.318767
0.319002
0.319237
0.319393
0.319941
0.320020
0.320567
0.320489
0.321585
0.321585
0.321976
0.322524
0.322681
0.323150
0.323307
0.323542
0.323620
0.324246
0.324716
0.324716
0.325264
0.325420
0.325420
0.325890
0.326438
0.326594
0.326907
0.327533
0.327768
0.328081
0.328238
0.328786
0.329021
0.329255
0.329647
0.329882
0.330351
0.330899
0.331290
0.331369
0.331525
0.331838
0.332151
0.332464
0.332934
0.333247
0.333482
0.333717
0.334108
0.334343
0.334578
0.334891
0.335047
0.335595
0.335987
0.336221
0.336613
0.337082
0.337395
0.337630
0.338100
0.338256
0.338413
0.338804
0.339039
0.339744
0.340213
0.340683
0.340839
0.341231
0.341152
0.341622
0.341779
0.342405
0.342561
0.342874
0.343187
0.343814
0.343735
0.343892
0.344440
0.344518
0.344909
0.345144
0.345457
0.345927
0.346083
0.346866
0.347101
0.346866
0.347492
0.347727
0.347962
0.348431
0.348901
0.349606
0.349762
0.349919
0.350310
0.350310
0.350701
0.351171
0.351719
0.351954
0.352345
0.352658
0.352736
0.353519
0.353597
0.353441
0.353910
0.354223
0.354693
0.354928
0.355084
0.355711
0.355867
0.356337
0.356572
0.357041
0.357276
0.357746
0.358059
0.358137
0.358685
0.358763
0.359311
0.359624
0.359859
0.360250
0.360720
0.360876
0.361346
0.361503
0.362207
0.362598
0.362677
0.362990
0.363381
0.363616
0.363929
0.364007
0.364477
0.364555
0.365181
0.365729
0.365807
0.365964
0.366355
0.366825
0.366903
0.367060
0.367608
0.367999
0.368312
0.368782
0.368469
0.369095
0.369329
0.369956
0.369643
0.370269
0.370582
0.371051
0.371756
0.371834
0.372069
0.372382
0.372460
0.373086
0.373165
0.373400
0.373791
0.374260
0.374574
0.375121
0.375043
0.375200
0.375591
0.375748
0.376061
0.376452
0.377078
0.377313
0.377156
0.377861
0.377783
0.378096
0.378565
0.378800
0.378957
0.379191
0.379896
0.379818
0.380287
0.380366
0.380992
0.380913
0.381461
0.381696
0.382009
0.382557
0.382714
0.382870
0.383340
0.383731
0.384044
0.383966
0.384044
0.384749
0.385218
0.385218
0.385531
0.386001
0.386079
0.386471
0.386784
0.387018
0.387175
0.387488
0.388036
0.388506
0.388662
0.388975
0.389210
0.389053
0.389210
0.389836
0.390149
0.390697
0.391010
0.391245
0.391402
0.391949
0.392263
0.392341
0.392497
0.392810
0.392967
0.393358
0.393828
0.393750
0.394219
0.394298
0.394689
0.394845
0.395080
0.395550
0.395941
0.395941
0.396489
0.396646
0.396959
0.397115
0.397585
0.397663
0.398133
0.398446
0.398915
0.399463
0.399542
0.399698
0.400246
0.400403
0.400716
0.401029
0.401342
0.401577
0.402203
0.402672
0.402907
0.403299
0.403533
0.403690
0.403846
0.404316
0.404473
0.404707
0.405412
0.405803
0.405881
0.406038
0.406429
0.406742
0.407056
0.407369
0.407838
0.408073
0.408308
0.408934
0.408777
0.409325
0.409560
0.410030
0.410108
0.410343
0.410578
0.410891
0.411360
0.411752
0.412143
0.412378
0.412769
0.412848
0.413239
0.413395
0.414100
0.413865
0.414413
0.414648
0.414804
0.415274
0.415196
0.415743
0.415900
0.416370
0.416526
0.416761
0.417465
0.417778
0.418013
0.418092
0.418483
0.418796
0.419266
0.419422
0.419735
0.419735
0.420440
0.420988
0.421144
0.421222
0.421692
0.421927
0.422240
0.422631
0.423179
0.423336
0.423492
0.423805
0.423805
0.424040
0.424353
0.425058
0.424979
0.425527
0.425762
0.426232
0.426388
0.426623
0.426936
0.427406
0.427797
0.427797
0.427954
0.428345
0.428736
0.428736
0.429049
0.429362
0.429754
0.429832
0.429832
0.430615
0.431084
0.431084
0.431397
0.431789
0.432258
0.432337
0.432963
0.433119
0.433354
0.433746
0.433589
0.434137
0.434450
0.434607
0.434841
0.435076
0.435624
0.435624
0.435937
0.436485
0.436642
0.436955
0.437189
0.437346
0.437894
0.438285
0.438285
0.438911
0.439224
0.439146
0.439851
0.440007
0.440633
0.440712
0.441103
0.441181
0.441494
0.441651
0.442277
0.442277
0.442825
0.443216
0.443216
0.443529
0.443842
0.444077
0.444312
0.444468
0.445016
0.445095
0.445329
0.445877
0.446190
0.446347
0.446738
0.446895
0.447364
0.447756
0.448225
0.448225
0.448695
0.448852
0.449165
0.449399
0.449869
0.449791
0.450104
0.450652
0.450887
0.451121
0.451200
0.451904
0.451982
0.452295
0.452530
0.452843
0.453391
0.453626
0.453704
0.454017
0.454487
0.454644
0.455035
0.455270
0.455505
0.455739
0.455974
0.456287
0.456366
0.456444
0.456835
0.456992
0.457540
0.457853
0.458244
0.458479
0.458401
0.459105
0.459027
0.459418
0.459575
0.459888
0.460514
0.460905
0.461297
0.461610
0.461610
0.462157
0.462157
0.462627
0.463097
0.463175
0.463410
0.463566
0.464036
0.464114
0.464584
0.464897
0.465132
0.465367
0.465993
0.466306
0.466541
0.466697
0.466932
0.467245
0.467245
0.467715
0.467949
0.468184
0.468654
0.468967
0.469358
0.469437
0.469750
0.469984
0.470219
0.470845
0.471002
0.471550
0.471472
0.471785
0.471941
0.472254
0.472489
0.472880
0.473272
0.473428
0.474133
0.474524
0.474211
0.474759
0.474915
0.475307
0.475542
0.475620
0.476011
0.476481
0.476637
0.476637
0.477029
0.477185
0.477420
0.477890
0.477968
0.478359
0.478907
0.479064
0.479377
0.479768
0.480003
0.480316
0.480786
0.480786
0.481099
0.481725
0.482038
0.482273
0.482664
0.482742
0.483134
0.483369
0.483369
0.483916
0.484230
0.484621
0.484777
0.485325
0.485325
0.485560
0.485951
0.486186
0.486499
0.487282
0.487282
0.487360
0.487673
0.487752
0.488065
0.488065
0.488534
0.488691
0.489004
0.489395
0.489787
0.490022
0.490335
0.490491
0.490882
0.491117
0.491196
0.491743
0.492057
0.492291
0.492683
0.492918
0.493074
0.493074
0.493622
0.493778
0.494170
0.494483
0.494405
0.494953
0.495187
0.495344
0.495657
0.495892
0.496127
0.496440
0.496831
0.497144
0.497144
0.497457
0.497614
0.497927
0.498318
0.498553
0.498709
0.499101
0.499101
0.499492
0.499962
0.500353
0.500666
0.501058
0.501292
0.501527
0.501684
0.501997
0.502466
0.502936
0.502858
0.503093
0.503406
0.503954
0.503954
0.504188
0.504501
0.504815
0.505441
0.505206
0.505284
0.505832
0.506302
0.506223
0.506458
0.507241
0.507632
0.507554
0.508102
0.508415
0.508415
0.508728
0.509119
0.509276
0.509667
0.509980
0.510372
0.510606
0.510998
0.511389
0.511859
0.511937
0.512407
0.512798
0.513111
0.513189
0.513737
0.513659
0.513972
0.514520
0.514598
0.514911
0.515381
0.515224
0.515851
0.516085
0.516320
0.516633
0.516946
0.517103
0.517572
0.517494
0.518042
0.518199
0.518668
0.518512
0.518668
0.519294
0.519294
0.519608
0.520077
0.520547
0.521016
0.521173
0.521721
0.521877
0.522660
0.522817
0.522582
0.522817
0.523364
0.523443
0.523834
0.524147
0.524304
0.524538
0.524773
0.524773
0.525165
0.525399
0.525399
0.526026
0.526339
0.526887
0.527043
0.527434
0.527669
0.528061
0.528295
0.528295
0.528139
0.528843
0.528922
0.529469
0.529704
0.530487
0.530174
0.530565
0.530878
0.530878
0.531035
0.531426
0.531896
0.531974
0.532444
0.532679
0.532913
0.533383
0.533305
0.533696
0.533931
0.534244
0.534557
0.535027
0.535418
0.535496
0.535888
0.536279
0.536670
0.536827
0.536983
0.537453
0.537688
0.538079
0.538314
0.538471
0.538784
0.538784
0.539018
0.539097
0.539723
0.539879
0.540271
0.540584
0.540897
0.541132
0.541132
0.541523
0.542149
0.542619
0.542775
0.543010
0.543245
0.543402
0.543793
0.543793
0.544419
0.544497
0.544889
0.545358
0.545593
0.546141
0.546141
0.546611
0.546454
0.546611
0.547158
0.547628
0.548098
0.548489
0.548567
0.548880
0.548880
0.549428
0.549272
0.549820
0.550211
0.550368
0.551150
0.551150
0.551307
0.551542
0.551933
0.552168
0.552481
0.552872
0.553029
0.553107
0.553498
0.553890
0.554046
0.554046
0.554594
0.555064
0.555455
0.555690
0.556316
0.556394
0.557099
0.556707
0.557020
0.557490
0.557803
0.558351
0.558273
0.558429
0.558664
0.558899
0.558586
0.559134
0.559525
0.559838
0.560621
0.560777
0.560777
0.561247
0.561560
0.561795
0.561951
0.562265
0.562891
0.563517
0.563673
0.564065
0.564065
0.564143
0.564378
0.564926
0.565004
0.565552
0.566021
0.565865
0.566335
0.566569
0.566804
0.566961
0.567196
0.567900
0.567978
0.568213
0.568448
0.569074
0.568996
0.568917
0.569231
0.569622
0.569622
0.570170
0.570718
0.570874
0.571266
0.571579
0.571266
0.572127
0.572283
0.572518
0.572909
0.573301
0.573614
0.573927
0.573614
0.574083
0.574083
0.574475
0.574631
0.575101
0.575492
0.575805
0.575883
0.576118
0.576118
0.576431
0.576744
0.576979
0.577605
0.577997
0.578153
0.578466
0.578545
0.579014
0.579014
0.579171
0.579406
0.579719
0.580188
0.580423
0.580580
0.581128
0.581284
0.581362
0.581989
0.582067
0.582458
0.582849
0.583006
0.583319
0.583476
0.583945
0.583789
0.584415
0.584337
0.584885
0.584963
0.585589
0.585589
0.585824
0.586059
0.586215
0.586293
0.586450
0.586841
0.587154
0.587546
0.588015
0.588172
0.588485
0.588720
0.589033
0.589268
0.589424
0.589894
0.590442
0.590598
0.590520
0.590755
0.591068
0.591459
0.591851
0.591851
0.592320
0.592633
0.592868
0.593181
0.593494
0.593886
0.593964
0.594277
0.594433
0.594668
0.595216
0.595373
0.595607
0.595842
0.596077
0.596077
0.596625
0.596938
0.597095
0.597564
0.597721
0.598112
0.598425
0.598582
0.598817
0.599130
0.598973
0.599756
0.599912
0.599912
0.600852
0.601243
0.601634
0.601947
0.601869
0.602417
0.602652
0.603043
0.602730
0.603356
0.603826
0.603748
0.604061
0.604608
0.604687
0.605156
0.605313
0.605469
0.605626
0.606174
0.606096
0.606722
0.606800
0.607191
0.607348
0.607896
0.607974
0.607974
0.608679
0.608600
0.609226
0.609305
0.609853
0.609853
0.609931
0.610322
0.610870
0.611261
0.611105
0.611418
0.611496
0.611809
0.612201
0.612592
0.612670
0.612827
0.613140
0.613375
0.613610
0.613923
0.614079
0.614157
0.614470
0.614940
0.615097
0.615488
0.615879
0.615879
0.616192
0.616506
0.616740
0.616740
0.616897
0.617523
0.617601
0.617758
0.618227
0.618384
0.618775
0.618619
0.619167
0.619558
0.619871
0.620028
0.620262
0.620497
0.620497
0.621202
0.620810
0.621045
0.621828
0.621906
0.622297
0.622376
0.622767
0.623080
0.623315
0.623315
0.623393
0.623863
0.624332
0.624646
0.624489
0.624880
0.625037
0.625193
0.625272
0.625898
0.625976
0.626524
0.626994
0.626915
0.627307
0.627620
0.627698
0.627698
0.627542
0.628168
0.628481
0.628794
0.629107
0.629577
0.629811
0.629733
0.629733
0.630281
0.630672
0.631220
0.630907
0.631846
0.631768
0.632081
0.632316
0.632238
0.632551
0.632942
0.633490
0.633881
0.633803
0.634116
0.634429
0.634273
0.634429
0.634742
0.634742
0.635525
0.636073
0.636151
0.636151
0.636464
0.636777
0.636699
0.636699
0.637247
0.637325
0.637795
0.638421
0.638734
0.638812
0.638969
0.639204
0.639439
0.639595
0.640221
0.640769
0.640926
0.641160
0.641317
0.641395
0.641787
0.641865
0.641943
0.642804
0.642882
0.643430
0.644056
0.643743
0.643900
0.644526
0.644370
0.644917
0.645231
0.646091
0.646405
0.646326
0.646248
0.646326
0.646561
0.646874
0.647187
0.647735
0.647970
0.648205
0.648596
0.648674
0.648831
0.649144
0.649457
0.649301
0.650083
0.650631
0.650866
0.651336
0.651257
0.651727
0.651570
0.651962
0.652275
0.652979
0.653136
0.653449
0.653684
0.653840
0.654075
0.654075
0.654466
0.654779
0.655014
0.655640
0.655719
0.655875
0.656188
0.656267
0.656423
0.656736
0.657049
0.657597
0.657832
0.657832
0.658458
0.658380
0.658693
0.659006
0.659163
0.659945
0.660024
0.660180
0.660728
0.661041
0.661198
0.661354
0.661745
0.661745
0.662685
0.662841
0.663233
0.663233
0.663937
0.664015
0.664094
0.664172
0.664641
0.665033
0.665424
0.665581
0.666050
0.665972
0.666285
0.666442
0.666990
0.667224
0.667459
0.668007
0.668085
0.668320
0.668711
0.668946
0.669338
0.669259
0.669729
0.670120
0.670512
0.670512
0.670903
0.671216
0.671842
0.671842
0.671999
0.672625
0.672703
0.673016
0.673016
0.673642
0.673799
0.673877
0.674347
0.674503
0.675208
0.675130
0.675599
0.675443
0.675912
0.676225
0.676304
0.676538
0.677086
0.677399
0.677791
0.677791
0.678339
0.678887
0.678887
0.678808
0.679043
0.680061
0.680374
0.680452
0.680765
0.681078
0.681313
0.681783
0.682017
0.682409
0.682878
0.683504
0.683661
0.683504
0.683818
0.684365
0.684600
0.684678
0.685226
0.685461
0.686009
0.686087
0.686087
0.686479
0.686948
0.687496
0.687496
0.687731
0.688201
0.688435
0.688670
0.688670
0.689062
0.689688
0.689531
0.690236
0.690549
0.690705
0.690862
0.691410
0.691723
0.692192
0.692271
0.692662
0.692662
0.692975
0.693366
0.693523
0.693680
0.693914
0.694697
0.694854
0.695010
0.695636
0.696028
0.695793
0.696106
0.696419
0.696967
0.697358
0.697515
0.698219
0.698219
0.698454
0.698532
0.698611
0.699002
0.699393
0.699785
0.699941
0.700489
0.700646
0.700959
0.701272
0.701115
0.701428
0.701663
0.701741
0.701820
0.701741
0.701898
0.701663
0.701350
0.701663
0.701507
0.701350
0.700646
0.700567
0.700254
0.700176
0.699863
0.699863
0.699471
0.699080
0.698924
0.699002
0.698532
0.697984
0.697671
0.697358
0.697358
0.696967
0.696810
0.696419
0.696028
0.695871
0.695245
0.695245
0.694775
0.694540
0.694462
0.694149
0.693836
0.693758
0.693132
0.692740
0.692819
0.692192
0.691645
0.691410
0.691331
0.690940
0.690236
0.690079
0.689844
0.689453
0.689218
0.689140
0.688827
0.688592
0.687966
0.687574
0.687574
0.687496
0.686792
0.686635
0.686166
0.685853
0.685383
0.685226
0.684913
0.684287
0.684365
0.683739
0.683661
0.683113
0.682957
0.682565
0.681861
0.682174
0.681469
0.681391
0.680608
0.680295
0.680061
0.679591
0.679278
0.678887
0.678730
0.678182
0.677947
0.677556
0.677086
0.676930
0.676304
0.676069
0.675912
0.675834
0.675364
0.674738
0.674269
0.674112
0.673799
0.673564
0.673329
0.672938
0.672390
0.671921
0.671764
0.671529
0.671060
0.670903
0.670512
0.670277
0.670120
0.669651
0.669494
0.669181
0.668790
0.668164
0.668085
0.667694
0.667772
0.667224
0.666911
0.666598
0.666676
0.666129
0.666129
0.665894
0.665268
0.664798
0.664328
0.664172
0.663859
0.663546
0.663467
0.662998
0.662919
0.662293
0.662059
0.661902
0.661589
0.661198
0.660728
0.660337
0.659554
0.659632
0.659319
0.659006
0.658849
0.658302
0.658223
0.657597
0.657206
0.656814
0.656893
0.656345
0.656267
0.655875
0.655640
0.655327
0.655171
0.654936
0.654545
0.654232
0.653918
0.653684
0.653605
0.652979
0.652666
0.652431
0.651805
0.651414
0.651022
0.650866
0.650318
0.650083
0.650005
0.649379
0.649144
0.648909
0.648440
0.648205
0.647970
0.647422
0.647031
0.646952
0.646874
0.646405
0.645778
0.645309
0.644917
0.644683
0.644448
0.644135
0.643743
0.643196
0.642804
0.642726
0.642413
0.641943
0.641630
0.641239
0.641317
0.640847
0.640847
0.640300
0.639908
0.639595
0.639282
0.639047
0.638499
0.638421
0.638265
0.637717
0.637325
0.637247
0.636777
0.636543
0.635995
0.635838
0.635447
0.635212
0.634899
0.634586
0.633960
0.633881
0.633334
0.633568
0.633099
0.632864
0.632238
0.631925
0.631612
0.631455
0.631064
0.630829
0.630203
0.629890
0.629655
0.629498
0.629107
0.628872
0.628403
0.628324
0.627933
0.627698
0.627385
0.626915
0.626837
0.626367
0.625976
0.625898
0.625507
0.624880
0.624567
0.624332
0.623941
0.623628
0.623472
0.623237
0.623080
0.622689
0.622532
0.622063
0.621515
0.620889
0.620732
0.620576
0.620028
0.619793
0.619715
0.619401
0.619167
0.619010
0.618462
0.617914
0.617601
0.617366
0.616975
0.616506
0.616427
0.616036
0.616036
0.615410
0.615488
0.615097
0.614549
0.614157
0.613923
0.613375
0.612983
0.613062
0.613140
0.612592
0.612357
0.611731
0.611496
0.610792
0.610635
0.609774
0.609539
0.609539
0.609305
0.608913
0.608835
0.608365
0.608052
0.608052
0.607426
0.607035
0.606644
0.606330
0.606330
0.605861
0.605548
0.605313
0.604765
0.604530
0.604217
0.603904
0.603434
0.602965
0.602652
0.602495
0.602495
0.601947
0.601165
0.601086
0.600773
0.600460
0.599912
0.599677
0.599208
0.599051
0.598660
0.598582
0.598425
0.597877
0.597486
0.597095
0.596468
0.596312
0.595921
0.595686
0.595607
0.595294
0.595060
0.594668
0.594277
0.594042
0.593494
0.593181
0.593025
0.592477
0.592477
0.591929
0.591929
0.591772
0.590990
0.590755
0.589972
0.589737
0.589424
0.589581
0.589346
0.588955
0.588563
0.588720
0.588328
0.587780
0.587467
0.587154
0.586763
0.586450
0.586450
0.586137
0.585824
0.585589
0.585276
0.584571
0.584258
0.583945
0.583397
0.583632
0.583163
0.582771
0.582693
0.582145
0.581754
0.581049
0.580736
0.580267
0.579954
0.579797
0.579954
0.579093
0.579171
0.578858
0.578779
0.578310
0.577762
0.577371
0.577292
0.577058
0.576588
0.576510
0.576118
0.575883
0.575649
0.575414
0.574631
0.574396
0.574005
0.574005
0.573848
0.573770
0.573379
0.573144
0.572753
0.572753
0.571813
0.571500
0.571344
0.571187
0.570952
0.570796
0.570483
0.570248
0.569778
0.569544
0.568996
0.568526
0.568448
0.568370
0.568135
0.567822
0.567822
0.567352
0.567274
0.566882
0.566178
0.566100
0.565630
0.565474
0.565395
0.565239
0.564769
0.564456
0.564065
0.563830
0.563282
0.563360
0.562812
0.562421
0.562421
0.561638
0.561638
0.561404
0.560856
0.560543
0.560151
0.559838
0.559369
0.558977
0.558977
0.558742
0.558351
0.558195
0.557960
0.557803
0.557490
0.557099
0.556786
0.556394
0.556238
0.556159
0.556003
0.555377
0.555142
0.555142
0.554281
0.554046
0.553811
0.553655
0.553264
0.552950
0.552794
0.552481
0.552168
0.552089
0.551542
0.551150
0.550524
0.550368
0.550133
0.549585
0.549272
0.549037
0.548959
0.548802
0.548254
0.547941
0.547706
0.547472
0.546845
0.546611
0.546454
0.546141
0.545671
0.545358
0.545123
0.544732
0.544497
0.544419
0.544028
0.543558
0.543636
0.543245
0.543010
0.542384
0.542149
0.541758
0.541523
0.541445
0.540975
0.540897
0.540271
0.539958
0.539801
0.539410
0.538862
0.538705
0.538940
0.538236
0.538001
0.537766
0.537218
0.537218
0.537062
0.536670
0.536279
0.535966
0.535575
0.534948
0.535027
0.534322
0.534400
0.534009
0.533696
0.533383
0.532913
0.532679
0.532600
0.532365
0.531896
0.531505
0.531035
0.530800
0.530330
0.530017
0.530017
0.529783
0.529626
0.529000
0.528922
0.528609
0.528295
0.527904
0.527591
0.527356
0.527043
0.526965
0.526574
0.525947
0.525713
0.525399
0.525321
0.525086
0.524538
0.523991
0.523834
0.523678
0.523364
0.522973
0.522503
0.522269
0.522034
0.521486
0.521251
0.520782
0.520390
0.519921
0.519529
0.519216
0.519138
0.518825
0.518590
0.518433
0.518277
0.517807
0.517729
0.517416
0.516555
0.516320
0.515851
0.515694
0.515694
0.515303
0.514990
0.514520
0.514442
0.513894
0.513581
0.513033
0.512955
0.512798
0.512641
0.512328
0.512172
0.511546
0.511154
0.510763
0.510606
0.510293
0.510059
0.509667
0.509276
0.509198
0.508963
0.508650
0.508180
0.507632
0.507319
0.507319
0.506693
0.506615
0.506458
0.506223
0.505597
0.505284
0.505128
0.504971
0.504501
0.504110
0.503954
0.503797
0.503562
0.503249
0.503171
0.502701
0.502232
0.501840
0.501371
0.501136
0.500744
0.500666
0.500588
0.500431
0.499649
0.499649
0.499023
0.498553
0.497848
0.497927
0.497770
0.497457
0.497379
0.497144
0.496753
0.496283
0.496127
0.495813
0.495187
0.494953
0.494874
0.494796
0.494405
0.494405
0.493935
0.493622
0.493074
0.492683
0.492448
0.492057
0.492057
0.491509
0.491665
0.491196
0.490882
0.490335
0.489943
0.489708
0.489239
0.489317
0.488926
0.488691
0.488769
0.488143
0.487830
0.487908
0.487126
0.486891
0.486734
0.486265
0.486030
0.486030
0.485325
0.485169
0.484934
0.484856
0.484073
0.483916
0.483525
0.483056
0.482821
0.482899
0.482742
0.482351
0.482038
0.481177
0.480551
0.480551
0.480238
0.480238
0.479612
0.479377
0.479220
0.478672
0.478594
0.478438
0.477968
0.477420
0.477107
0.476872
0.476794
0.476716
0.476481
0.476089
0.475698
0.475229
0.474994
0.474602
0.474368
0.474133
0.473820
0.473350
0.473115
0.473115
0.472959
0.472567
0.472019
0.471472
0.471393
0.470845
0.470767
0.470376
0.469984
0.469906
0.469437
0.469123
0.468810
0.468497
0.468106
0.468028
0.467871
0.467558
0.467245
0.466932
0.466541
0.465993
0.465993
0.465601
0.465210
0.465132
0.464584
0.464427
0.464192
0.464036
0.463566
0.463018
0.462784
0.462471
0.461844
0.461844
0.461844
0.461297
0.461140
0.460514
0.459966
0.459731
0.459418
0.459105
0.458714
0.458557
0.458166
0.458009
0.457540
0.457540
0.456835
0.456757
0.456131
0.455974
0.455505
0.455583
0.455191
0.455270
0.454409
0.454174
0.453861
0.453391
0.453391
0.453000
0.452765
0.452530
0.452061
0.451748
0.451591
0.451278
0.450574
0.450104
0.450260
0.449478
0.449399
0.449321
0.449165
0.448617
0.448069
0.447912
0.447521
0.447364
0.447208
0.446895
0.446269
0.446190
0.445799
0.445251
0.445016
0.444703
0.444547
0.444155
0.443999
0.443373
0.443060
0.442747
0.442590
0.442433
0.441964
0.441416
0.441416
0.440946
0.440320
0.440242
0.439929
0.439381
0.439303
0.438677
0.438520
0.438207
0.437659
0.437581
0.437346
0.436955
0.436642
0.436172
0.436015
0.435859
0.435389
0.435076
0.434763
0.434607
0.434293
0.433980
0.433746
0.433667
0.433198
0.432963
0.432885
0.432337
0.432180
0.431711
0.431476
0.430928
0.430850
0.430536
0.430380
0.429832
0.429597
0.429206
0.428736
0.428423
0.428267
0.427954
0.427719
0.427484
0.427093
0.426466
0.425997
0.426232
0.425605
0.425136
0.424823
0.424666
0.424666
0.424118
0.423962
0.423492
0.423101
0.422866
0.422553
0.421927
0.421770
0.421222
0.421301
0.420518
0.420361
0.419970
0.419657
0.419266
0.418874
0.418405
0.418248
0.418092
0.417700
0.417465
0.417074
0.416683
0.416213
0.415900
0.415900
0.415117
0.415039
0.414961
0.414726
0.414178
0.413943
0.413552
0.413161
0.412926
0.412613
0.412456
0.412065
0.411908
0.411595
0.411282
0.410812
0.410343
0.409952
0.409482
0.409091
0.409012
0.408777
0.408543
0.408308
0.407917
0.407290
0.407134
0.406899
0.406351
0.406351
0.406116
0.405725
0.405803
0.405177
0.404942
0.404473
0.404316
0.403846
0.403455
0.403377
0.403064
0.402907
0.402594
0.402281
0.401733
0.401342
0.400794
0.400716
0.400090
0.399698
0.399229
0.399307
0.399229
0.398602
0.398211
0.397898
0.397663
0.397272
0.397115
0.397115
0.396802
0.396254
0.395941
0.395785
0.395080
0.394767
0.394611
0.394141
0.393906
0.393984
0.393593
0.393515
0.393045
0.392810
0.392419
0.391715
0.391715
0.391558
0.391402
0.391010
0.390619
0.390462
0.390228
0.389523
0.389288
0.388897
0.388584
0.388427
0.388271
0.387958
0.387410
0.387410
0.386940
0.386471
0.386392
0.385844
0.385453
0.385218
0.384905
0.384827
0.384749
0.384514
0.383809
0.383496
0.383340
0.382635
0.382557
0.382401
0.382401
0.382166
0.381774
0.381227
0.380600
0.380366
0.380209
0.379896
0.379661
0.379426
0.379583
0.378957
0.378565
0.378331
0.377861
0.377783
0.377548
0.377156
0.376687
0.376530
0.376374
0.376139
0.375748
0.374965
0.374887
0.374339
0.374104
0.374104
0.373947
0.373321
0.373243
0.373321
0.372695
0.372225
0.372225
0.371678
0.371443
0.371365
0.370973
0.370660
0.370269
0.370190
0.369721
0.369251
0.369016
0.368782
0.368312
0.368077
0.367764
0.367529
0.367060
0.366825
0.366512
0.366120
0.365886
0.365651
0.365025
0.364790
0.364477
0.364477
0.364320
0.364007
0.363616
0.363146
0.362755
0.362520
0.362442
0.362129
0.361424
0.361424
0.361111
0.360798
0.360407
0.360094
0.359468
0.359076
0.358998
0.358920
0.358528
0.358372
0.357902
0.357589
0.357198
0.356963
0.356415
0.356180
0.356180
0.355476
0.355319
0.355006
0.354771
0.354302
0.354145
0.353597
0.353206
0.353049
0.352736
0.352501
0.352110
0.351641
0.351875
0.351562
0.350701
0.350153
0.350310
0.349919
0.349371
0.349214
0.348901
0.348901
0.348745
0.348118
0.347962
0.347492
0.347179
0.346788
0.346553
0.346475
0.345849
0.345457
0.345144
0.345301
0.344909
0.344205
0.343892
0.343735
0.343422
0.342953
0.342718
0.342326
0.342092
0.341622
0.341465
0.341465
0.340839
0.340448
0.339978
0.339744
0.339430
0.339039
0.338804
0.338178
0.337865
0.337709
0.337317
0.337082
0.336926
0.336926
0.336143
0.335595
0.335360
0.335439
0.335204
0.334578
0.334265
0.334108
0.333717
0.333247
0.333012
0.332543
0.332543
0.331760
0.331760
0.331369
0.330821
0.330508
0.330273
0.329960
0.329725
0.329412
0.328864
0.328551
0.328160
0.328003
0.327377
0.327142
0.326986
0.326907
0.326438
0.325890
0.326046
0.325577
0.325107
0.324716
0.324481
0.324168
0.323776
0.323385
0.323229
0.322994
0.322446
0.321976
0.321820
0.321585
0.321428
0.320724
0.320176
0.320020
0.319628
0.319550
0.318924
0.318454
0.318063
0.317671
0.317593
0.317202
0.316889
0.316967
0.316576
0.316419
0.315715
0.315402
0.315245
0.315010
0.314228
0.313993
0.313914
0.313680
0.313054
0.312897
0.312662
0.312271
0.312193
0.311488
0.311332
0.311019
0.310627
0.310314
0.310001
0.309453
0.309610
0.308983
0.308670
0.308592
0.308279
0.307653
0.307262
0.307262
0.306792
0.306557
0.306401
0.305853
0.305383
0.304992
0.304600
0.304366
0.304444
0.304131
0.303818
0.303113
0.302800
0.302487
0.302096
0.301783
0.301470
0.301313
0.301000
0.300452
0.300139
0.300061
0.299200
0.299200
0.298652
0.298417
0.298261
0.298104
0.297634
0.297556
0.297008
0.297086
0.296460
0.295912
0.295678
0.295208
0.294817
0.294817
0.294582
0.294112
0.293956
0.293643
0.293251
0.292782
0.292547
0.291999
0.291999
0.291608
0.291295
0.290903
0.290903
0.290277
0.289729
0.289573
0.289259
0.289103
0.288946
0.288399
0.288399
0.288007
0.287459
0.287224
0.286677
0.286598
0.286442
0.286285
0.285894
0.285424
0.285189
0.284876
0.284642
0.284172
0.283781
0.283233
0.282998
0.283076
0.282763
0.282450
0.282059
0.281433
0.281119
0.280493
0.280728
0.279867
0.279867
0.279398
0.279084
0.278615
0.278537
0.278223
0.277676
0.277206
0.276971
0.276502
0.276188
0.276110
0.275719
0.275484
0.274701
0.274780
0.274545
0.273919
0.273840
0.273292
0.273214
0.272823
0.272588
0.272353
0.271649
0.271492
0.271414
0.271179
0.270318
0.269849
0.269457
0.269222
0.268988
0.268831
0.268831
0.268283
0.267814
0.267422
0.267031
0.266718
0.266405
0.265857
0.265779
0.265622
0.264839
0.264448
0.264213
0.263587
0.263587
0.263274
0.263117
0.262569
0.262335
0.262022
0.261787
0.261552
0.261161
0.260534
0.260691
0.260143
0.259517
0.259517
0.259282
0.258734
0.258499
0.258108
0.257560
0.257247
0.257012
0.256699
0.256230
0.256073
0.255447
0.255212
0.254821
0.254429
0.254508
0.254116
0.253177
0.253021
0.252708
0.252394
0.252081
0.251690
0.251142
0.250986
0.250281
0.250281
0.249890
0.249890
0.249264
0.248794
0.248794
0.248246
0.247777
0.247542
0.247307
0.246759
0.246368
0.246055
0.245820
0.245350
0.244959
0.244802
0.244254
0.243706
0.243237
0.243080
0.242767
0.242611
0.242219
0.241906
0.241593
0.241202
0.240967
0.240028
0.239793
0.239089
0.239010
0.238306
0.238228
0.237836
0.237367
0.236975
0.236819
0.236193
0.236114
0.235801
0.235566
0.235097
0.235097
0.234784
0.234392
0.233923
0.233610
0.233297
0.232670
0.232436
0.232201
0.231888
0.231496
0.231183
0.230949
0.230401
0.229853
0.229540
0.229070
0.229070
0.228600
0.228287
0.227974
0.227739
0.227583
0.226878
0.226800
0.226331
0.225939
0.225861
0.225391
0.225157
0.224687
0.224374
0.224217
0.223513
0.222965
0.223043
0.222495
0.222339
0.221947
0.221947
0.221321
0.221087
0.220539
0.220147
0.219756
0.219912
0.219286
0.219051
0.218895
0.218112
0.218112
0.217877
0.217408
0.216782
0.216390
0.216390
0.216234
0.215764
0.215608
0.215060
0.214981
0.214434
0.213651
0.213729
0.213338
0.213181
0.212633
0.212399
0.212320
0.212242
0.211694
0.211459
0.210833
0.210442
0.210364
0.209659
0.209659
0.209268
0.208955
0.208485
0.208642
0.208172
0.207859
0.207389
0.207389
0.206841
0.206528
0.206372
0.206137
0.206059
0.205354
0.205041
0.204728
0.204259
0.204102
0.203867
0.203319
0.203006
0.202928
0.202615
0.202537
0.202067
0.201363
0.201049
0.200580
0.200345
0.199954
0.199562
0.199249
0.199093
0.199014
0.198153
0.197840
0.197371
0.196979
0.196979
0.196588
0.196432
0.196118
0.195805
0.195257
0.194866
0.194553
0.194240
0.193927
0.193457
0.193379
0.193222
0.192988
0.192596
0.192205
0.191579
0.191344
0.191422
0.190718
0.190640
0.190248
0.189935
0.189309
0.189074
0.188761
0.188370
0.187978
0.187744
0.187352
0.187274
0.186726
0.186413
0.186178
0.185630
0.185552
0.184926
0.184613
0.184378
0.184221
0.183908
0.183595
0.183360
0.182656
0.182499
0.182030
0.181639
0.181091
0.180856
0.180621
0.180386
0.179760
0.179525
0.179134
0.178586
0.178273
0.177725
0.177490
0.177177
0.176786
0.176629
0.176160
0.176160
0.175768
0.175377
0.175142
0.174516
0.174281
0.173890
0.173655
0.173577
0.172872
0.172559
0.172168
0.171933
0.171620
0.171229
0.171072
0.170524
0.170055
0.169898
0.169507
0.169272
0.168489
0.168333
0.168020
0.167863
0.167393
0.167002
0.167080
0.166532
0.165985
0.165906
0.165280
0.165045
0.164889
0.164341
0.163871
0.163636
0.163480
0.163010
0.162776
0.162384
0.162149
0.161523
0.161132
0.160975
0.160427
0.160193
0.159645
0.159175
0.158940
0.158471
0.158158
0.157845
0.157453
0.157062
0.156592
0.156044
0.155575
0.155418
0.155105
0.154557
0.154244
0.153853
0.153461
0.153148
0.152679
0.152522
0.152131
0.151739
0.151426
0.151192
0.150722
0.150409
0.149939
0.149704
0.149470
0.148922
0.148530
0.148139
0.147748
0.147200
0.146965
0.146574
0.146417
0.146026
0.145634
0.145321
0.145087
0.144539
0.144382
0.143991
0.143599
0.143130
0.142738
0.142269
0.142112
0.141643
0.141799
0.141095
0.140703
0.139921
0.139608
0.139216
0.139138
0.138747
0.138277
0.137886
0.137964
0.137260
0.137103
0.136712
0.136399
0.136242
0.135772
0.135459
0.135146
0.134755
0.134207
0.133972
0.133424
0.133190
0.132798
0.132407
0.131937
0.131702
0.131155
0.130685
0.130215
0.129667
0.129511
0.129120
0.128650
0.128572
0.128180
0.127945
0.127241
0.126928
0.126537
0.126224
0.126145
0.125676
0.125206
0.124815
0.124736
0.124267
0.123954
0.123406
0.122936
0.122701
0.122232
0.121684
0.121684
0.121293
0.120745
0.120588
0.120040
0.119571
0.118944
0.118710
0.118397
0.117849
0.117770
0.117379
0.117066
0.116909
0.116362
0.115970
0.115266
0.115422
0.114874
0.114248
0.114170
0.113935
0.113466
0.112918
0.112683
0.112291
0.111744
0.111431
0.111431
0.111117
0.110726
0.110256
0.109865
0.109630
0.109239
0.108691
0.107987
0.107752
0.107517
0.107282
0.106891
0.106578
0.106265
0.106030
0.105325
0.104621
0.104465
0.104151
0.103917
0.103760
0.103447
0.102821
0.102821
0.102273
0.101803
0.101334
0.100864
0.100629
0.100081
0.099612
0.099534
0.099299
0.098829
0.098438
0.098125
0.097342
0.097185
0.096872
0.096403
0.096481
0.095777
0.095542
0.095150
0.094837
0.094055
0.093820
0.093350
0.092959
0.092959
0.092646
0.092176
0.091863
0.091472
0.090846
0.090298
0.090141
0.089985
0.089515
0.088889
0.088654
0.088341
0.088341
0.087715
0.086932
0.086619
0.086149
0.085993
0.085367
0.085445
0.084897
0.084427
0.084114
0.083723
0.083253
0.082471
0.082392
0.082001
0.081610
0.081453
0.081062
0.080749
0.080044
0.079418
0.078401
0.078244
0.077853
0.077775
0.077227
0.077148
0.076600
0.075896
0.075896
0.075270
0.074879
0.074409
0.074096
0.073704
0.073313
0.072922
0.072687
0.072217
0.071826
0.071278
0.070887
0.070261
0.069948
0.069713
0.069400
0.068852
0.068382
0.068069
0.067756
0.066895
0.066425
0.066112
0.065564
0.065330
0.064860
0.064625
0.064390
0.064077
0.063686
0.062982
0.062825
0.062121
0.062121
0.061807
0.061416
0.060633
0.060242
0.060086
0.059929
0.058990
0.058520
0.058207
0.057972
0.057503
0.057268
0.056955
0.056485
0.056094
0.055546
0.055076
0.054763
0.054450
0.053746
0.053433
0.053354
0.052885
0.052180
0.051789
0.051398
0.050771
0.050458
0.050067
0.049910
0.049754
0.049206
0.048423
0.048110
0.047797
0.047562
0.047171
0.046545
0.046075
0.045840
0.045762
0.045136
0.044745
0.044275
0.043805
0.043649
0.043101
0.042631
0.042083
0.041770
0.040909
0.040988
0.040440
0.040362
0.039814
0.039031
0.038796
0.038013
0.037700
0.037466
0.036761
0.036839
0.036292
0.035822
0.035665
0.034883
0.034491
0.034413
0.033552
0.033317
0.032926
0.032535
0.032143
0.031361
0.031282
0.030891
0.030421
0.030030
0.029717
0.029012
0.028699
0.028386
0.028151
0.027838
0.026977
0.026664
0.026195
0.025882
0.025490
0.025177
0.024473
0.024473
0.023847
0.023142
0.022751
0.022516
0.022046
0.021577
0.021185
0.021029
0.020246
0.019620
0.019229
0.018289
0.017976
0.017898
0.017585
0.016802
0.016802
0.016411
0.016020
0.015472
0.014846
0.014376
0.014141
0.013437
0.013358
0.012889
0.012498
0.012341
0.011715
0.011323
0.010854
0.010228
0.010071
0.009445
0.009054
0.008819
0.008349
0.007801
0.007567
0.007332
0.006706
0.005923
0.005453
0.004984
0.004905
0.004436
0.004044
0.003340
0.003027
0.002949
0.002166
0.001931
0.001227
0.000992
0.000600
0.000209
-0.000260
-0.000574
-0.000887
-0.001043
-0.001748
-0.002452
-0.002687
-0.003235
-0.003548
-0.003861
-0.004330
-0.004800
-0.004957
-0.005505
-0.005974
-0.006835
-0.007305
-0.007540
-0.007931
-0.008322
-0.008948
-0.009496
-0.009731
-0.010044
-0.010670
-0.011610
-0.011923
-0.012236
-0.012705
-0.013175
-0.013332
-0.013645
-0.014192
-0.014740
-0.015523
-0.016149
-0.016541
-0.016854
-0.017088
-0.017480
-0.017949
-0.018654
-0.018654
-0.019437
-0.020219
-0.020611
-0.021472
-0.021785
-0.022254
-0.022802
-0.023350
-0.023428
-0.023898
-0.024759
-0.025150
-0.025698
-0.026246
-0.026403
-0.026794
-0.027342
-0.028046
-0.028359
-0.028516
-0.029220
-0.030160
-0.030707
-0.031099
-0.031803
-0.031960
-0.032508
-0.032899
-0.033290
-0.033603
-0.034308
-0.035012
-0.035560
-0.035951
-0.036343
-0.037047
-0.037360
-0.038065
-0.038300
-0.038691
-0.039630
-0.040100
-0.040882
-0.041587
-0.041978
-0.042291
-0.042996
-0.043544
-0.043857
-0.044561
-0.044953
-0.045735
-0.046518
-0.046753
-0.047222
-0.047535
-0.048318
-0.048709
-0.049257
-0.049649
-0.050431
-0.051214
-0.051684
-0.051919
-0.052466
-0.052701
-0.053014
-0.053562
-0.054032
-0.054658
-0.055441
-0.056145
-0.056615
-0.057006
-0.057632
-0.057945
-0.058493
-0.059276
-0.059746
-0.060059
-0.060998
-0.061624
-0.062328
-0.062720
-0.062876
-0.063268
-0.063737
-0.064363
-0.064755
-0.065146
-0.066007
-0.066555
-0.067181
-0.067807
-0.068042
-0.068512
-0.068825
-0.069373
-0.070234
-0.070468
-0.071016
-0.072112
-0.072895
-0.073208
-0.073599
-0.073834
-0.074460
-0.074930
-0.075556
-0.075947
-0.076495
-0.077356
-0.077982
-0.078530
-0.078530
-0.079626
-0.080096
-0.080252
-0.080722
-0.081661
-0.081974
-0.082287
-0.083148
-0.084009
-0.084479
-0.085027
-0.085105
-0.085731
-0.086044
-0.086827
-0.087218
-0.087844
-0.088471
-0.089331
-0.090114
-0.090427
-0.091053
-0.091680
-0.092071
-0.092854
-0.093558
-0.093949
-0.094419
-0.095202
-0.096063
-0.096141
-0.096611
-0.096924
-0.097472
-0.097941
-0.098959
-0.099193
-0.099898
-0.100681
-0.101463
-0.102324
-0.102637
-0.102872
-0.103342
-0.104124
-0.104594
-0.105377
-0.106159
-0.106629
-0.107177
-0.107725
-0.107960
-0.108586
-0.109134
-0.110073
-0.110777
-0.111325
-0.112108
-0.112186
-0.113204
-0.113830
-0.114221
-0.114456
-0.115082
-0.115474
-0.116021
-0.116569
-0.117117
-0.118213
-0.118761
-0.119465
-0.120405
-0.120483
-0.121187
-0.121422
-0.122283
-0.122909
-0.123457
-0.123927
-0.124475
-0.125336
-0.125649
-0.126431
-0.127058
-0.127605
-0.127762
-0.128310
-0.129484
-0.129954
-0.130345
-0.131049
-0.131519
-0.132380
-0.132693
-0.133397
-0.133710
-0.134180
-0.135354
-0.136293
-0.136372
-0.136920
-0.137780
-0.138563
-0.138876
-0.139502
-0.139894
-0.140676
-0.141537
-0.142085
-0.142633
-0.142790
-0.143651
-0.144355
-0.145060
-0.145764
-0.146234
-0.146782
-0.147408
-0.148425
-0.148738
-0.149130
-0.149912
-0.150538
-0.151634
-0.151634
-0.152260
-0.153043
-0.153434
-0.154217
-0.155000
-0.155469
-0.155861
-0.156644
-0.157191
-0.157818
-0.158052
-0.158835
-0.159696
-0.160714
-0.161027
-0.162044
-0.162435
-0.162983
-0.163844
-0.164549
-0.165018
-0.165018
-0.165410
-0.166740
-0.167758
-0.168071
-0.168619
-0.169323
-0.169871
-0.170419
-0.170967
-0.171437
-0.171906
-0.173002
-0.173706
-0.174098
-0.174802
-0.175350
-0.175507
-0.176759
-0.177072
-0.177620
-0.178089
-0.178559
-0.179498
-0.180281
-0.180672
-0.181299
-0.181925
-0.182473
-0.182786
-0.183412
-0.183960
-0.184351
-0.185603
-0.185995
-0.186699
-0.187325
-0.187560
-0.188578
-0.189125
-0.189673
-0.190221
-0.190769
-0.191630
-0.192335
-0.192804
-0.193352
-0.193743
-0.194370
-0.195309
-0.195544
-0.195935
-0.196639
-0.197187
-0.198283
-0.198753
-0.199222
-0.199927
-0.200083
-0.201101
-0.201649
-0.202040
-0.202353
-0.203058
-0.204075
-0.204701
-0.205327
-0.205640
-0.206110
-0.206736
-0.207362
-0.207754
-0.208302
-0.208615
-0.209319
-0.209789
-0.210650
-0.211041
-0.211432
-0.211824
-0.212685
-0.213154
-0.213702
-0.214094
-0.214876
-0.215502
-0.215972
-0.216676
-0.217381
-0.217459
-0.218164
-0.218633
-0.219103
-0.219416
-0.219964
-0.220668
-0.221764
-0.222390
-0.222781
-0.223173
-0.223486
-0.224112
-0.224817
-0.225051
-0.225834
-0.225991
-0.226617
-0.227321
-0.227947
-0.228260
-0.228808
-0.229434
-0.229826
-0.230295
-0.230374
-0.231000
-0.231548
-0.232252
-0.232409
-0.233191
-0.233426
-0.233818
-0.234365
-0.234835
-0.235461
-0.235931
-0.236400
-0.237027
-0.237809
-0.238435
-0.238592
-0.239218
-0.239531
-0.239844
-0.240549
-0.240862
-0.241645
-0.241958
-0.242584
-0.243210
-0.243836
-0.244227
-0.244306
-0.244775
-0.245245
-0.245558
-0.245871
-0.246419
-0.246889
-0.247515
-0.248219
-0.248611
-0.248689
-0.248924
-0.249002
-0.249550
-0.249941
-0.250489
-0.251115
-0.251428
-0.251898
-0.252681
-0.252994
-0.253072
-0.253620
-0.253620
-0.254011
-0.254637
-0.254950
-0.255498
-0.255811
-0.256516
-0.256672
-0.257220
-0.257298
-0.257455
-0.257612
-0.258081
-0.258629
-0.258707
-0.258942
-0.259881
-0.260116
-0.260586
-0.260899
-0.261212
-0.261212
-0.261916
-0.262151
-0.262621
-0.262777
-0.263169
-0.263717
-0.263951
-0.264264
-0.264499
-0.264656
-0.265047
-0.265439
-0.265360
-0.265752
-0.266143
-0.266534
-0.266847
-0.267082
-0.267317
-0.267474
-0.267708
-0.268021
-0.268413
-0.268569
-0.268648
-0.269195
-0.269274
-0.269587
-0.269822
-0.270526
-0.270213
-0.270448
-0.270526
-0.270761
-0.270761
-0.271152
-0.271778
-0.272091
-0.272013
-0.272248
-0.272405
-0.272483
-0.272639
-0.272796
-0.273344
-0.273344
-0.273344
-0.273735
-0.273892
-0.273892
-0.274361
-0.274440
-0.274361
-0.274674
-0.274987
-0.274909
-0.275222
-0.275770
-0.275614
-0.275770
-0.275692
-0.275770
-0.276083
-0.276240
-0.276240
-0.276553
-0.276788
-0.276631
-0.276788
-0.277336
-0.277492
-0.277414
-0.277805
-0.277492
-0.277727
-0.277727
-0.278040
-0.278197
-0.278275
-0.278510
-0.278666
-0.278353
-0.278353
-0.278823
-0.278823
-0.278744
-0.279057
-0.278823
-0.279527
-0.279214
-0.279057
-0.279214
-0.279684
-0.279292
-0.279684
-0.279527
-0.279527
-0.280075
-0.279997
-0.280232
-0.280153
-0.280701
-0.280310
-0.280388
-0.280623
-0.280858
-0.280623
-0.280232
-0.280153
-0.280388
-0.280388
-0.280310
-0.280232
-0.280388
-0.280701
-0.280388
-0.280936
-0.280936
-0.280466
-0.280545
-0.280779
-0.280936
-0.280779
-0.280623
-0.280858
-0.280936
-0.281171
-0.281327
-0.281092
-0.281406
-0.281092
-0.280779
-0.280779
-0.281092
-0.281092
-0.281249
-0.281092
-0.281562
-0.281171
-0.281562
-0.281406
-0.281406
-0.281484
-0.281249
-0.281327
-0.281327
-0.281327
-0.281562
-0.281640
-0.281562
-0.281797
-0.281640
-0.281562
-0.281797
-0.281719
-0.281797
-0.281406
-0.281719
-0.281797
-0.281719
-0.281953
-0.281875
-0.281719
-0.281562
-0.281640
-0.281953
-0.281797
-0.281484
-0.281875
-0.281719
-0.281797
-0.281953
-0.282267
-0.282032
-0.281640
-0.281719
-0.281797
-0.281640
-0.281640
-0.281797
-0.281953
-0.281953
-0.281875
-0.282188
-0.282032
-0.281953
-0.281562
-0.282032
-0.282188
-0.281875
-0.282110
-0.282032
-0.281953
-0.282110
-0.282188
-0.281875
-0.281875
-0.281875
-0.281953
-0.282110
-0.282032
-0.282267
-0.282110
-0.282110
-0.282345
-0.282423
-0.282032
-0.281875
-0.282188
-0.282423
-0.282345
-0.282267
-0.282267
-0.282188
-0.282188
-0.282267
-0.282267
-0.282501
-0.282032
-0.282188
-0.282501
-0.282345
-0.282345
-0.282423
-0.282423
-0.282658
-0.282423
-0.282267
-0.282267
-0.282580
-0.282423
-0.282423
-0.282580
-0.282345
-0.282501
-0.282423
-0.282501
-0.282267
-0.282423
-0.282501
-0.282423
-0.282501
-0.282658
-0.282658
-0.282501
-0.282971
-0.282893
-0.282658
-0.282814
-0.282580
-0.282658
-0.282893
-0.282736
-0.282736
-0.282814
-0.282893
-0.282814
-0.282971
-0.282580
-0.282971
-0.282814
-0.282736
-0.283128
-0.283049
-0.283362
-0.283362
-0.283206
-0.283362
-0.283362
-0.283362
-0.283206
-0.283362
-0.283128
-0.283049
-0.283362
-0.283362
-0.283519
-0.283754
-0.283284
-0.283362
-0.283597
-0.283597
-0.283675
-0.283832
-0.283675
-0.283754
-0.284145
-0.284302
-0.283910
-0.284067
-0.283910
-0.284067
-0.283910
-0.284067
-0.284223
-0.284145
-0.284223
-0.284380
-0.284458
-0.284458
-0.284380
-0.284615
-0.284615
-0.284771
-0.284693
-0.284771
-0.284693
-0.284693
-0.285084
-0.285163
-0.285084
-0.285006
-0.285476
-0.285241
-0.285163
-0.285397
-0.285789
-0.285241
-0.285554
-0.285789
-0.285554
-0.285789
-0.286102
-0.286180
-0.285945
-0.285945
-0.286102
-0.286180
-0.286258
-0.286571
-0.286571
-0.286415
-0.286571
-0.286728
-0.286806
-0.286884
-0.286806
-0.286963
-0.287041
-0.287041
-0.287041
-0.287198
-0.287511
-0.287511
-0.287824
-0.287432
-0.287824
-0.287667
-0.287511
-0.288058
-0.287902
-0.288058
-0.288372
-0.288372
-0.288685
-0.288841
-0.288841
-0.288841
-0.288763
-0.288685
-0.288919
-0.289076
-0.289076
-0.289467
-0.289702
-0.289859
-0.290094
-0.289859
-0.289702
-0.289702
-0.289937
-0.290094
-0.290015
-0.290172
-0.290250
-0.290328
-0.290798
-0.290720
-0.290954
-0.290954
-0.291189
-0.291189
-0.291659
-0.291189
-0.291424
-0.291737
-0.292207
-0.292207
-0.292207
-0.292363
-0.292520
-0.292285
-0.292598
-0.292755
-0.292833
-0.292833
-0.292989
-0.293146
-0.293537
-0.293459
-0.293616
-0.293694
-0.293772
-0.293850
-0.293772
-0.293850
-0.294007
-0.294555
-0.294555
-0.295025
-0.294868
-0.295103
-0.295181
-0.295103
-0.295416
-0.295103
-0.295338
-0.295416
-0.295572
-0.296042
-0.296433
-0.296277
-0.296512
-0.296590
-0.296668
-0.296433
-0.296903
-0.297216
-0.297294
-0.297138
-0.297607
-0.297999
-0.297764
-0.297920
-0.298312
-0.298234
-0.298390
-0.298703
-0.298781
-0.298860
-0.298860
-0.299329
-0.299564
-0.299642
-0.299877
-0.299877
-0.299877
-0.299877
-0.300347
-0.300347
-0.300582
-0.300895
-0.300738
-0.300973
-0.301677
-0.301599
-0.301756
-0.301756
-0.301834
-0.301991
-0.301677
-0.302225
-0.302460
-0.302617
-0.302851
-0.303086
-0.302930
-0.303165
-0.303399
-0.303165
-0.303399
-0.303791
-0.303791
-0.303947
-0.304260
-0.304339
-0.304730
-0.304887
-0.305434
-0.305278
-0.305200
-0.305434
-0.305747
-0.305747
-0.305904
-0.305982
-0.306452
-0.306530
-0.306608
-0.307000
-0.307391
-0.307391
-0.307626
-0.307626
-0.307939
-0.307861
-0.308017
-0.308252
-0.308409
-0.308565
-0.308957
-0.308957
-0.309035
-0.309426
-0.309583
-0.309426
-0.309661
-0.309896
-0.310444
-0.310287
-0.310678
-0.310992
-0.311148
-0.311461
-0.311774
-0.311383
-0.311774
-0.311618
-0.312009
-0.312479
-0.312635
-0.312635
-0.312870
-0.313027
-0.313105
-0.313496
-0.313653
-0.313888
-0.314201
-0.314279
-0.314514
-0.314279
-0.314670
-0.315062
-0.315296
-0.315609
-0.315844
-0.315923
-0.316314
-0.316392
-0.316157
-0.316627
-0.316940
-0.317097
-0.317097
-0.317331
-0.317644
-0.317644
-0.317958
-0.318584
-0.318271
-0.318192
-0.318584
-0.318975
-0.319210
-0.319366
-0.319523
-0.320071
-0.320149
-0.320462
-0.320619
-0.320619
-0.320932
-0.320932
-0.321401
-0.321715
-0.321636
-0.322028
-0.322028
-0.322262
-0.322654
-0.323202
-0.323202
-0.323358
-0.323906
-0.323828
-0.323906
-0.324219
-0.324376
-0.324454
-0.324767
-0.324924
-0.325080
-0.325393
-0.325628
-0.325550
-0.326176
-0.326254
-0.326724
-0.326802
-0.327272
-0.327506
-0.327506
-0.327820
-0.328054
-0.328446
-0.328446
-0.328446
-0.328681
-0.328837
-0.329072
-0.329463
-0.329620
-0.329855
-0.330011
-0.330168
-0.330324
-0.330559
-0.331107
-0.331263
-0.331498
-0.331420
-0.331890
-0.331890
-0.332516
-0.332594
-0.332907
-0.333142
-0.333377
-0.333455
-0.333690
-0.333768
-0.334081
-0.334316
-0.334629
-0.334551
-0.334942
-0.335255
-0.335568
-0.335647
-0.336116
-0.336038
-0.336273
-0.336508
-0.336742
-0.336977
-0.337368
-0.337525
-0.337603
-0.337916
-0.338464
-0.338464
-0.338699
-0.338856
-0.339403
-0.339482
-0.339638
-0.340030
-0.340030
-0.340343
-0.340499
-0.340656
-0.341125
-0.341517
-0.341752
-0.341986
-0.342065
-0.342456
-0.342613
-0.342691
-0.343239
-0.343630
-0.343630
-0.344021
-0.344178
-0.344256
-0.344648
-0.344882
-0.345117
-0.344882
-0.345352
-0.345587
-0.345978
-0.345978
-0.346369
-0.346761
-0.346839
-0.346996
-0.347387
-0.347700
-0.347935
-0.348013
-0.348405
-0.348405
-0.348561
-0.348874
-0.348874
-0.349265
-0.349735
-0.350048
-0.349813
-0.350283
-0.350596
-0.350440
-0.350987
-0.351144
-0.351379
-0.351770
-0.352005
-0.352475
-0.352709
-0.352788
-0.353101
-0.353257
-0.353570
-0.353649
-0.353883
-0.354275
-0.354431
-0.354979
-0.355136
-0.355449
-0.355918
-0.355918
-0.356075
-0.356310
-0.356388
-0.356545
-0.357014
-0.357249
-0.357249
-0.357797
-0.358267
-0.358580
-0.358736
-0.358814
-0.359127
-0.359362
-0.359675
-0.359832
-0.359988
-0.360145
-0.360693
-0.361084
-0.361867
-0.361632
-0.361632
-0.361945
-0.362180
-0.362415
-0.363041
-0.362963
-0.363511
-0.363824
-0.363902
-0.364137
-0.364450
-0.364763
-0.365233
-0.364919
-0.365467
-0.365624
-0.365937
-0.366093
-0.366407
-0.366641
-0.366876
-0.367033
-0.367502
-0.367737
-0.367894
-0.368050
-0.368285
-0.368520
-0.368833
-0.368989
-0.369224
-0.369537
-0.369929
-0.370242
-0.370242
-0.371024
-0.371024
-0.371338
-0.371651
-0.371729
-0.371964
-0.372277
-0.372433
-0.372746
-0.372981
-0.373529
-0.373529
-0.373764
-0.373999
-0.374155
-0.374547
-0.374703
-0.374703
-0.375251
-0.375095
-0.375564
-0.375877
-0.376347
-0.376582
-0.376895
-0.376895
-0.377130
-0.377364
-0.377443
-0.377599
-0.377834
-0.377912
-0.378304
-0.378538
-0.378930
-0.378773
-0.379165
-0.379712
-0.379869
-0.380026
-0.380417
-0.380730
-0.380573
-0.381043
-0.381200
-0.381434
-0.381982
-0.382452
-0.382843
-0.383078
-0.383391
-0.383469
-0.383391
-0.383782
-0.384174
-0.384017
-0.384643
-0.385270
-0.385035
-0.385426
-0.385661
-0.385817
-0.386052
-0.386600
-0.386522
-0.386913
-0.387070
-0.387461
-0.387461
-0.387539
-0.388166
-0.388635
-0.388713
-0.388948
-0.389183
-0.389653
-0.389809
-0.389888
-0.390122
-0.390514
-0.390670
-0.390983
-0.391375
-0.391296
-0.391688
-0.391844
-0.392314
-0.392470
-0.392940
-0.393097
-0.393331
-0.393488
-0.393801
-0.394192
-0.394271
-0.394818
-0.395366
-0.395523
-0.395836
-0.396227
-0.396071
-0.396227
-0.396462
-0.396540
-0.397323
-0.397323
-0.397558
-0.397949
-0.397793
-0.398262
-0.398497
-0.398889
-0.398967
-0.399280
-0.399749
-0.400376
-0.400376
-0.400532
-0.401315
-0.401550
-0.401941
-0.402254
-0.402254
-0.402802
-0.403037
-0.403506
-0.403506
-0.403741
-0.403663
-0.404446
-0.404524
-0.404915
-0.404837
-0.405385
-0.405776
-0.405933
-0.406246
-0.406481
-0.406950
-0.406716
-0.407185
-0.407498
-0.407733
-0.407890
-0.408281
-0.408672
-0.408829
-0.409220
-0.409455
-0.409611
-0.410003
-0.410159
-0.410316
-0.410551
-0.410786
-0.411020
-0.411412
-0.411960
-0.412116
-0.412351
-0.412821
-0.413055
-0.413368
-0.413447
-0.413838
-0.413916
-0.414229
-0.414464
-0.414856
-0.414856
-0.415169
-0.415560
-0.415717
-0.416264
-0.416343
-0.416421
-0.416969
-0.416969
-0.417360
-0.417830
-0.418143
-0.418299
-0.418613
-0.418847
-0.419082
-0.419395
-0.419395
-0.420100
-0.420100
-0.420413
-0.420804
-0.421274
-0.421430
-0.421665
-0.422056
-0.422369
-0.422996
-0.423309
-0.423387
-0.423622
-0.423857
-0.424013
-0.424404
-0.424561
-0.425031
-0.425187
-0.425344
-0.425813
-0.425892
-0.426048
-0.426283
-0.426831
-0.427144
-0.427457
-0.427848
-0.428161
-0.428318
-0.428553
-0.428866
-0.429022
-0.429257
-0.429962
-0.430118
-0.430588
-0.430666
-0.430979
-0.431136
-0.431449
-0.431684
-0.431997
-0.432388
-0.432858
-0.433014
-0.433092
-0.433406
-0.433719
-0.433953
-0.434345
-0.434501
-0.434971
-0.434893
-0.435206
-0.435597
-0.435910
-0.436145
-0.436458
-0.436928
-0.437006
-0.437476
-0.437632
-0.438102
-0.438337
-0.438493
-0.438728
-0.439197
-0.439589
-0.439980
-0.440293
-0.440528
-0.440998
-0.440919
-0.441467
-0.442250
-0.442407
-0.442485
-0.442798
-0.443111
-0.443346
-0.443737
-0.443894
-0.444363
-0.444442
-0.444520
-0.444911
-0.445303
-0.445381
-0.446085
-0.445929
-0.446242
-0.446555
-0.447181
-0.447494
-0.447964
-0.447729
-0.448355
-0.448433
-0.448668
-0.448825
-0.449373
-0.449451
-0.449764
-0.449920
-0.450468
-0.450938
-0.451408
-0.451486
-0.451642
-0.452034
-0.452190
-0.452582
-0.452895
-0.453286
-0.453364
-0.453912
-0.454304
-0.454538
-0.454773
-0.455243
-0.455478
-0.455478
-0.455869
-0.456025
-0.456339
-0.456652
-0.456965
-0.457513
-0.457826
-0.458060
-0.458608
-0.458687
-0.458765
-0.459078
-0.459548
-0.459626
-0.460017
-0.460252
-0.460956
-0.461348
-0.461661
-0.461896
-0.462052
-0.462522
-0.462444
-0.462991
-0.463148
-0.463226
-0.463383
-0.463696
-0.464166
-0.464713
-0.464948
-0.465027
-0.465496
-0.465809
-0.466044
-0.466435
-0.466592
-0.466983
-0.466748
-0.467296
-0.467922
-0.468079
-0.468314
-0.468549
-0.469018
-0.469175
-0.469331
-0.469410
-0.469801
-0.470192
-0.470271
-0.470818
-0.471210
-0.471445
-0.471445
-0.471836
-0.472462
-0.472227
-0.472619
-0.472697
-0.473167
-0.473401
-0.473636
-0.473949
-0.474262
-0.474341
-0.474888
-0.474888
-0.475358
-0.475749
-0.475984
-0.476376
-0.476454
-0.476610
-0.477315
-0.477393
-0.477315
-0.477550
-0.478411
-0.478254
-0.478489
-0.479193
-0.479506
-0.479506
-0.480054
-0.480289
-0.480680
-0.480680
-0.481150
-0.481228
-0.481855
-0.482168
-0.482559
-0.482715
-0.482950
-0.483263
-0.483576
-0.483890
-0.483890
-0.484359
-0.484594
-0.484829
-0.485142
-0.485533
-0.485690
-0.486003
-0.486159
-0.486551
-0.486864
-0.487020
-0.487646
-0.487568
-0.487803
-0.487960
-0.488429
-0.488429
-0.489212
-0.489447
-0.489916
-0.490073
-0.490229
-0.490699
-0.490856
-0.490856
-0.491247
-0.491560
-0.491795
-0.492108
-0.492577
-0.492656
-0.492891
-0.493438
-0.493517
-0.493986
-0.494143
-0.494378
-0.494691
-0.494847
-0.495239
-0.495317
-0.495708
-0.496178
-0.496334
-0.496569
-0.497039
-0.497430
-0.497587
-0.497900
-0.498135
-0.498213
-0.498839
-0.498996
-0.499074
-0.499230
-0.499700
-0.499935
-0.500248
-0.500561
-0.501031
-0.501422
-0.501657
-0.501735
-0.502518
-0.502518
-0.503144
-0.503614
-0.503535
-0.503848
-0.504083
-0.504788
-0.504788
-0.505101
-0.505257
-0.505570
-0.506040
-0.506040
-0.506666
-0.506744
-0.506901
-0.507370
-0.507762
-0.507918
-0.508388
-0.508388
-0.508858
-0.508779
-0.509327
-0.509640
-0.510032
-0.510110
-0.510423
-0.510893
-0.511127
-0.511597
-0.511988
-0.512223
-0.512615
-0.512771
-0.513162
-0.513397
-0.513632
-0.513867
-0.514415
-0.514415
-0.515041
-0.515119
-0.515511
-0.515902
-0.516058
-0.516371
-0.516371
-0.516841
-0.516998
-0.517389
-0.517702
-0.518015
-0.518485
-0.518720
-0.518954
-0.519267
-0.519581
-0.520050
-0.520363
-0.520676
-0.520833
-0.521302
-0.521381
-0.521772
-0.522477
-0.522320
-0.522398
-0.522868
-0.523181
-0.523494
-0.523885
-0.524120
-0.524355
-0.524746
-0.524981
-0.525373
-0.525842
-0.526077
-0.526390
-0.526547
-0.526781
-0.527094
-0.527486
-0.527486
-0.527955
-0.528503
-0.528503
-0.528660
-0.529286
-0.529521
-0.529599
-0.529990
-0.530147
-0.530773
-0.530617
-0.531634
-0.531556
-0.531869
-0.532104
-0.532730
-0.532652
-0.533121
-0.533356
-0.533669
-0.534060
-0.534452
-0.534687
-0.535078
-0.535469
-0.535469
-0.535861
-0.536095
-0.535939
-0.536487
-0.536956
-0.537583
-0.537348
-0.537661
-0.538052
-0.538365
-0.538600
-0.539148
-0.539305
-0.539852
-0.539852
-0.540244
-0.540479
-0.540948
-0.540948
-0.540870
-0.541574
-0.541887
-0.541966
-0.542357
-0.542514
-0.543061
-0.543218
-0.543688
-0.543922
-0.544157
-0.544470
-0.544392
-0.545018
-0.545488
-0.545644
-0.546271
-0.546427
-0.546897
-0.547053
-0.547210
-0.547914
-0.547914
-0.547914
-0.548306
-0.548853
-0.549167
-0.549167
-0.549323
-0.549793
-0.550027
-0.550419
-0.551123
-0.551123
-0.551593
-0.551671
-0.552219
-0.552297
-0.552767
-0.552845
-0.553237
-0.553706
-0.554019
-0.554254
-0.554254
-0.554802
-0.554958
-0.555272
-0.555506
-0.556133
-0.556367
-0.556446
-0.557150
-0.557463
-0.557698
-0.557698
-0.558168
-0.558637
-0.558950
-0.559185
-0.559263
-0.559733
-0.560046
-0.560516
-0.560516
-0.560907
-0.561455
-0.561455
-0.561846
-0.562472
-0.562394
-0.562942
-0.563099
-0.563177
-0.563568
-0.564038
-0.564351
-0.564429
-0.564820
-0.565134
-0.565681
-0.565916
-0.566386
-0.566542
-0.566699
-0.567012
-0.567169
-0.567482
-0.567873
-0.568186
-0.568264
-0.568812
-0.568969
-0.569204
-0.569438
-0.569986
-0.570299
-0.570299
-0.570299
-0.570847
-0.571082
-0.571395
-0.571473
-0.571943
-0.571943
-0.572256
-0.572961
-0.573039
-0.573508
-0.573743
-0.573900
-0.574291
-0.574369
-0.574526
-0.574996
-0.575230
-0.575309
-0.575857
-0.576013
-0.576717
-0.576717
-0.576874
-0.577344
-0.577735
-0.577892
-0.578048
-0.578205
-0.578596
-0.578987
-0.579379
-0.579457
-0.579692
-0.580083
-0.580161
-0.580631
-0.581101
-0.581492
-0.581805
-0.582275
-0.582040
-0.582744
-0.583214
-0.583214
-0.583605
-0.584153
-0.584231
-0.584623
-0.584858
-0.585171
-0.585327
-0.585484
-0.585953
-0.586345
-0.586188
-0.586893
-0.587440
-0.587206
-0.587832
-0.588223
-0.588380
-0.588771
-0.588693
-0.589006
-0.589084
-0.589397
-0.589710
-0.589945
-0.590180
-0.590806
-0.590963
-0.591354
-0.591276
-0.591824
-0.591980
-0.592215
-0.592998
-0.592841
-0.593232
-0.593780
-0.594093
-0.594093
-0.594328
-0.594641
-0.594798
-0.595189
-0.595581
-0.595815
-0.596128
-0.596441
-0.596911
-0.596676
-0.597381
-0.597616
-0.597850
-0.598163
-0.598555
-0.598946
-0.599259
-0.599337
-0.599885
-0.599885
-0.600590
-0.600590
-0.601216
-0.601451
-0.601999
-0.602233
-0.602390
-0.602938
-0.603251
-0.603407
-0.603955
-0.603955
-0.604503
-0.604660
-0.604895
-0.605129
-0.605364
-0.605912
-0.605990
-0.606382
-0.606382
-0.606930
-0.607321
-0.607634
-0.607869
-0.608104
-0.608417
-0.609121
-0.609278
-0.609199
-0.609591
-0.609904
-0.610139
-0.610687
-0.610687
-0.610843
-0.611313
-0.611704
-0.612174
-0.612017
-0.612330
-0.612565
-0.613191
-0.613426
-0.613426
-0.613896
-0.614130
-0.614522
-0.614522
-0.615226
-0.615305
-0.615461
-0.616087
-0.615931
-0.616557
-0.616948
-0.617261
-0.617261
-0.617731
-0.618279
-0.618435
-0.618279
-0.618514
-0.618748
-0.618905
-0.619453
-0.619688
-0.619766
-0.619922
-0.620470
-0.620470
-0.621410
-0.621566
-0.621723
-0.622427
-0.622740
-0.623053
-0.622975
-0.623366
-0.623758
-0.623992
-0.624071
-0.624540
-0.624697
-0.624697
-0.625401
-0.625793
-0.626184
-0.626184
-0.626810
-0.627045
-0.627202
-0.627436
-0.627593
-0.627828
-0.628454
-0.628689
-0.628923
-0.629393
-0.629393
-0.629706
-0.630176
-0.630411
-0.630802
-0.630958
-0.631193
-0.631506
-0.632133
-0.632524
-0.632680
-0.632915
-0.632993
-0.633463
-0.633698
-0.634089
-0.634324
-0.634715
-0.634715
-0.635107
-0.635576
-0.635420
-0.636124
-0.635889
-0.636516
-0.636907
-0.636985
-0.637220
-0.638003
-0.638394
-0.638707
-0.638942
-0.639099
-0.639333
-0.639568
-0.639725
-0.639803
-0.640038
-0.640507
-0.641055
-0.641603
-0.641525
-0.642073
-0.642464
-0.642542
-0.642934
-0.643403
-0.643403
-0.643560
-0.643951
-0.644186
-0.644499
-0.644890
-0.645282
-0.645438
-0.645595
-0.645908
-0.646534
-0.646534
-0.647160
-0.647395
-0.647708
-0.648021
-0.648178
-0.648882
-0.649039
-0.649274
-0.649430
-0.649900
-0.650291
-0.650448
-0.650604
-0.651074
-0.651074
-0.651465
-0.651856
-0.652248
-0.652717
-0.652796
-0.653187
-0.653578
-0.653892
-0.653892
-0.654518
-0.654596
-0.654909
-0.655222
-0.655535
-0.655927
-0.656083
-0.656553
-0.656631
-0.657101
-0.657414
-0.657727
-0.658196
-0.658353
-0.658823
-0.658744
-0.659057
-0.659370
-0.659918
-0.660075
-0.660310
-0.660544
-0.660936
-0.661405
-0.661640
-0.662266
-0.662658
-0.662658
-0.662658
-0.663206
-0.663519
-0.663675
-0.663832
-0.664536
-0.664536
-0.664849
-0.665319
-0.665397
-0.665554
-0.665554
-0.665475
-0.665632
-0.665710
-0.665554
