-0.538600
-0.539383
-0.539461
-0.539852
-0.540244
-0.540557
-0.540870
-0.541026
-0.541026
-0.541418
-0.541966
-0.542122
-0.542357
-0.542983
-0.543061
-0.543453
-0.544001
-0.544236
-0.544392
-0.544470
-0.544862
-0.545253
-0.545488
-0.545801
-0.545957
-0.546349
-0.546740
-0.546975
-0.547288
-0.547523
-0.547914
-0.547992
-0.548306
-0.548462
-0.548932
-0.549010
-0.549245
-0.549714
-0.550027
-0.550419
-0.550575
-0.550888
-0.551436
-0.551593
-0.551828
-0.551828
-0.552219
-0.552923
-0.553002
-0.553080
-0.553471
-0.553706
-0.554098
-0.554489
-0.554724
-0.554958
-0.555272
-0.555741
-0.555898
-0.556211
-0.556289
-0.556289
-0.556837
-0.557150
-0.557072
-0.557698
-0.557854
-0.558246
-0.558481
-0.558715
-0.559029
-0.559342
-0.559498
-0.560124
-0.560594
-0.560516
-0.560907
-0.561298
-0.561533
-0.562159
-0.562159
-0.562629
-0.562864
-0.563020
-0.563412
-0.563646
-0.563803
-0.564194
-0.564586
-0.564820
-0.565290
-0.565603
-0.565916
-0.565760
-0.566151
-0.566542
-0.567012
-0.567090
-0.567247
-0.567638
-0.567951
-0.568499
-0.568812
-0.569204
-0.569438
-0.569673
-0.569908
-0.570065
-0.570299
-0.570456
-0.570926
-0.571160
-0.571787
-0.571708
-0.571943
-0.572413
-0.572726
-0.573195
-0.573117
-0.573665
-0.574056
-0.574056
-0.574526
-0.574604
-0.574917
-0.575152
-0.575230
-0.575778
-0.576248
-0.576483
-0.576639
-0.577187
-0.577344
-0.577813
-0.577970
-0.578439
-0.578753
-0.579066
-0.579066
-0.579613
-0.579927
-0.579927
-0.580474
-0.580944
-0.580866
-0.581179
-0.581962
-0.581883
-0.582040
-0.582666
-0.582901
-0.583292
-0.583605
-0.584153
-0.584231
-0.584623
-0.584936
-0.585405
-0.585484
-0.585797
-0.586188
-0.586345
-0.586736
-0.587206
-0.587597
-0.587362
-0.587910
-0.588145
-0.588536
-0.588693
-0.589084
-0.589397
-0.589554
-0.589632
-0.590258
-0.590415
-0.590650
-0.591041
-0.591197
-0.591432
-0.591824
-0.592293
-0.592371
-0.592841
-0.593076
-0.593546
-0.593624
-0.593859
-0.594328
-0.594406
-0.594876
-0.595346
-0.595581
-0.595737
-0.595737
-0.596363
-0.596676
-0.596676
-0.597068
-0.597224
-0.597694
-0.598085
-0.598085
-0.598633
-0.598633
-0.599024
-0.599181
-0.599494
-0.600042
-0.599964
-0.600903
-0.601216
-0.601294
-0.601529
-0.602233
-0.602312
-0.602781
-0.603016
-0.603329
-0.603329
-0.603877
-0.604268
-0.604347
-0.604816
-0.604816
-0.605364
-0.605912
-0.605990
-0.606225
-0.606225
-0.606851
-0.607008
-0.607478
-0.607869
-0.608260
-0.608573
-0.608573
-0.608730
-0.608965
-0.609356
-0.609747
-0.610139
-0.610374
-0.610843
-0.610921
-0.611156
-0.611704
-0.611782
-0.611939
-0.612487
-0.612722
-0.613191
-0.613113
-0.613661
-0.613896
-0.613896
-0.614444
-0.614835
-0.615148
-0.615148
-0.615696
-0.615774
-0.616087
-0.616479
-0.616557
-0.617261
-0.617261
-0.617496
-0.617887
-0.617809
-0.618435
-0.618670
-0.618983
-0.619140
-0.619453
-0.619766
-0.620157
-0.620627
-0.621253
-0.621175
-0.621801
-0.622036
-0.621957
-0.622036
-0.622505
-0.622662
-0.622975
-0.623601
-0.623679
-0.624071
-0.624306
-0.624697
-0.624853
-0.625010
-0.625558
-0.625793
-0.626184
-0.626575
-0.627045
-0.627202
-0.627123
-0.627202
-0.627593
-0.628062
-0.628141
-0.628610
-0.628689
-0.629080
-0.629550
-0.629550
-0.629784
-0.630332
-0.630567
-0.630958
-0.631272
-0.631898
-0.632054
-0.632054
-0.632211
-0.632602
-0.633150
-0.633072
-0.633228
-0.633463
-0.633933
-0.634011
-0.634715
-0.634794
-0.635263
-0.635498
-0.635889
-0.636594
-0.636437
-0.636672
-0.637142
-0.637220
-0.637142
-0.637611
-0.638081
-0.638159
-0.638629
-0.639099
-0.639255
-0.639490
-0.639881
-0.640116
-0.640194
-0.640899
-0.641290
-0.641368
-0.641447
-0.642151
-0.642699
-0.642621
-0.642777
-0.643403
-0.643403
-0.644030
-0.644343
-0.644656
-0.644656
-0.645047
-0.645360
-0.645673
-0.645908
-0.646143
-0.646299
-0.646534
-0.646847
-0.646926
-0.647317
-0.647943
-0.648021
-0.648334
-0.648491
-0.648961
-0.649039
-0.649430
-0.649900
-0.650213
-0.650604
-0.650761
-0.651387
-0.651387
-0.651622
-0.651778
-0.652248
-0.652561
-0.652561
-0.652952
-0.653265
-0.653500
-0.653500
-0.654048
-0.654831
-0.654987
-0.655222
-0.655379
-0.655692
-0.655927
-0.656005
-0.656083
-0.656396
-0.656396
-0.656396
-0.656474
-0.656553
-0.656474
-0.656787
-0.656709
-0.656318
-0.656161
-0.656240
-0.656083
-0.656240
-0.655848
-0.655613
-0.655379
-0.655144
-0.654987
-0.654831
-0.654361
-0.654361
-0.654205
-0.653892
-0.653500
-0.653187
-0.652952
-0.652717
-0.652326
-0.652013
-0.651700
-0.651387
-0.651152
-0.650839
-0.650291
-0.650369
-0.649665
-0.649195
-0.648882
-0.648961
-0.648647
-0.648178
-0.648100
-0.647630
-0.647473
-0.646926
-0.646847
-0.646299
-0.646065
-0.645438
-0.645204
-0.644969
-0.644890
-0.644734
-0.644108
-0.643638
-0.643325
-0.643090
-0.642855
-0.642699
-0.642151
-0.642151
-0.641603
-0.641368
-0.641290
-0.640586
-0.640194
-0.640038
-0.639646
-0.639177
-0.638942
-0.638472
-0.638159
-0.638081
-0.637455
-0.637220
-0.636985
-0.636437
-0.636046
-0.635733
-0.635498
-0.635107
-0.634950
-0.634559
-0.634324
-0.633776
-0.633463
-0.633228
-0.632759
-0.632680
-0.632367
-0.631585
-0.631350
-0.631193
-0.631115
-0.630880
-0.630567
-0.630019
-0.629550
-0.629158
-0.628845
-0.628454
-0.628141
-0.627906
-0.627671
-0.627123
-0.627045
-0.626810
-0.626575
-0.625871
-0.625558
-0.625401
-0.624932
-0.624462
-0.624227
-0.623914
-0.623758
-0.623445
-0.622740
-0.622349
-0.622349
-0.621957
-0.621566
-0.621331
-0.621018
-0.620705
-0.620314
-0.620001
-0.619688
-0.618983
-0.618514
-0.618514
-0.618122
-0.617574
-0.617340
-0.616870
-0.616557
-0.616400
-0.616165
-0.615618
-0.615383
-0.614991
-0.614600
-0.614444
-0.614209
-0.613974
-0.613504
-0.613348
-0.612878
-0.612565
-0.612330
-0.611861
-0.611704
-0.611156
-0.610765
-0.610452
-0.610452
-0.609904
-0.609434
-0.609199
-0.608808
-0.608808
-0.608495
-0.608260
-0.607791
-0.607321
-0.607086
-0.606773
-0.606538
-0.606225
-0.605756
-0.605677
-0.604895
-0.604582
-0.604738
-0.604190
-0.603877
-0.603721
-0.603173
-0.603016
-0.602547
-0.602077
-0.601451
-0.600981
-0.600825
-0.600433
-0.600042
-0.599729
-0.599572
-0.599024
-0.598476
-0.598633
-0.598242
-0.597772
-0.597537
-0.596989
-0.596911
-0.596676
-0.596285
-0.596128
-0.595424
-0.595346
-0.594798
-0.594485
-0.594015
-0.593702
-0.593546
-0.593076
-0.592763
-0.592606
-0.592293
-0.591510
-0.591510
-0.591510
-0.590884
-0.590650
-0.590258
-0.589789
-0.589632
-0.589475
-0.589241
-0.588928
-0.588536
-0.588145
-0.587832
-0.587675
-0.586893
-0.586814
-0.586110
-0.585953
-0.585562
-0.585171
-0.584779
-0.584544
-0.584153
-0.584310
-0.583762
-0.583527
-0.583370
-0.582744
-0.582196
-0.581883
-0.581883
-0.581492
-0.581022
-0.580474
-0.580396
-0.579927
-0.579457
-0.579222
-0.578831
-0.578518
-0.578205
-0.577892
-0.577500
-0.577344
-0.576874
-0.576717
-0.576170
-0.575935
-0.575778
-0.575152
-0.574917
-0.574682
-0.574213
-0.573978
-0.573587
-0.573195
-0.573117
-0.573039
-0.572413
-0.572021
-0.571630
-0.571239
-0.571160
-0.570926
-0.570065
-0.570143
-0.569673
-0.569595
-0.569204
-0.568891
-0.568499
-0.568421
-0.567873
-0.567716
-0.567403
-0.567090
-0.566464
-0.565838
-0.565838
-0.565447
-0.565134
-0.564664
-0.564429
-0.563960
-0.563881
-0.563177
-0.562942
-0.562785
-0.562472
-0.562159
-0.562003
-0.561298
-0.560907
-0.560750
-0.560516
-0.560046
-0.559733
-0.559029
-0.559029
-0.558715
-0.558324
-0.557933
-0.557541
-0.557150
-0.556915
-0.556759
-0.556133
-0.556054
-0.555741
-0.555506
-0.555506
-0.555115
-0.554645
-0.554332
-0.553863
-0.553863
-0.553158
-0.552923
-0.552923
-0.552219
-0.551749
-0.551358
-0.550967
-0.550732
-0.550419
-0.550106
-0.549793
-0.549480
-0.548932
-0.548619
-0.548227
-0.548149
-0.547758
-0.547288
-0.546975
-0.546975
-0.546427
-0.546192
-0.545879
-0.545566
-0.545410
-0.545018
-0.544705
-0.544392
-0.543922
-0.543609
-0.543453
-0.543296
-0.542905
-0.542514
-0.541887
-0.541574
-0.541418
-0.540792
-0.540400
-0.540400
-0.540087
-0.539774
-0.539226
-0.538835
-0.538522
-0.538365
-0.538130
-0.537974
-0.537348
-0.537191
-0.536643
-0.536409
-0.536330
-0.535704
-0.535391
-0.535235
-0.534687
-0.534295
-0.534217
-0.533669
-0.533591
-0.533278
-0.532652
-0.532417
-0.531947
-0.531712
-0.531086
-0.531243
-0.530538
-0.530538
-0.530147
-0.530069
-0.529521
-0.529443
-0.529051
-0.528660
-0.528503
-0.527877
-0.527564
-0.527564
-0.527016
-0.526390
-0.526155
-0.525842
-0.525451
-0.524981
-0.524668
-0.524433
-0.523964
-0.523729
-0.523337
-0.523024
-0.522946
-0.522477
-0.522633
-0.521929
-0.521302
-0.520911
-0.520911
-0.520598
-0.520207
-0.519815
-0.519424
-0.519581
-0.518876
-0.518485
-0.518328
-0.517937
-0.517311
-0.517311
-0.516919
-0.516371
-0.516215
-0.515745
-0.515589
-0.515197
-0.514806
-0.514493
-0.514023
-0.513867
-0.513710
-0.513241
-0.513162
-0.512693
-0.512223
-0.511754
-0.511675
-0.511284
-0.511127
-0.510266
-0.510188
-0.509953
-0.509327
-0.509014
-0.508936
-0.508466
-0.508310
-0.508075
-0.507684
-0.507449
-0.507136
-0.506588
-0.506588
-0.505962
-0.505727
-0.505492
-0.505022
-0.504631
-0.504396
-0.503927
-0.503848
-0.503222
-0.502831
-0.502361
-0.502205
-0.501970
-0.501813
-0.501187
-0.500874
-0.500718
-0.500091
-0.499700
-0.499700
-0.499309
-0.498683
-0.498448
-0.498291
-0.497743
-0.497900
-0.497430
-0.497039
-0.496569
-0.496726
-0.496491
-0.496100
-0.495552
-0.495395
-0.495004
-0.494926
-0.494299
-0.493986
-0.493752
-0.493204
-0.492891
-0.492891
-0.492656
-0.492108
-0.491403
-0.491325
-0.491247
-0.491247
-0.490308
-0.489525
-0.489603
-0.489290
-0.489134
-0.488899
-0.488351
-0.487960
-0.487803
-0.487646
-0.487177
-0.487177
-0.486786
-0.486394
-0.486159
-0.486003
-0.485377
-0.485298
-0.484750
-0.484594
-0.484203
-0.483968
-0.483655
-0.483263
-0.482950
-0.482402
-0.482246
-0.481776
-0.481776
-0.481228
-0.481072
-0.480915
-0.480289
-0.479819
-0.479350
-0.478959
-0.478724
-0.478332
-0.478098
-0.477863
-0.477471
-0.477393
-0.477002
-0.477002
-0.476297
-0.476141
-0.475749
-0.475358
-0.474967
-0.474654
-0.474575
-0.474028
-0.473871
-0.473323
-0.473088
-0.472775
-0.472384
-0.472384
-0.471601
-0.471523
-0.471288
-0.470975
-0.470584
-0.469957
-0.469879
-0.469801
-0.469253
-0.468862
-0.468549
-0.468392
-0.468001
-0.467609
-0.467296
-0.467062
-0.466905
-0.466514
-0.466044
-0.465574
-0.465340
-0.465183
-0.464792
-0.464479
-0.464244
-0.463774
-0.463226
-0.462913
-0.462365
-0.462365
-0.462209
-0.461739
-0.461504
-0.461113
-0.460800
-0.460565
-0.460330
-0.460017
-0.459548
-0.459469
-0.458921
-0.458608
-0.458217
-0.457904
-0.457669
-0.457200
-0.456965
-0.456495
-0.456339
-0.456417
-0.455634
-0.455243
-0.455086
-0.454930
-0.454382
-0.454147
-0.453912
-0.453599
-0.453364
-0.452738
-0.452816
-0.452347
-0.452190
-0.451877
-0.451329
-0.451094
-0.450860
-0.450547
-0.449920
-0.449920
-0.449373
-0.449373
-0.448746
-0.448512
-0.448120
-0.447964
-0.447494
-0.447338
-0.446946
-0.446790
-0.446555
-0.446163
-0.445929
-0.445459
-0.445146
-0.445068
-0.444598
-0.444363
-0.443972
-0.443581
-0.443659
-0.443189
-0.442485
-0.442563
-0.442485
-0.442250
-0.441624
-0.440919
-0.440685
-0.440293
-0.439745
-0.439745
-0.439432
-0.439197
-0.438963
-0.438180
-0.438180
-0.438180
-0.437789
-0.437476
-0.436771
-0.436615
-0.436067
-0.435832
-0.435675
-0.435206
-0.434971
-0.434501
-0.434266
-0.434188
-0.434110
-0.433640
-0.433171
-0.432858
-0.432388
-0.432310
-0.431840
-0.431292
-0.431292
-0.430666
-0.430275
-0.430118
-0.430275
-0.429727
-0.429179
-0.429257
-0.428396
-0.428396
-0.427927
-0.427379
-0.427144
-0.426596
-0.426518
-0.426596
-0.426126
-0.425892
-0.425187
-0.424796
-0.424718
-0.424248
-0.424170
-0.424170
-0.423622
-0.422996
-0.422996
-0.422683
-0.422448
-0.422135
-0.421587
-0.421274
-0.421195
-0.420726
-0.420256
-0.419708
-0.419630
-0.419239
-0.418691
-0.418534
-0.418378
-0.417673
-0.417752
-0.417517
-0.417282
-0.416734
-0.416499
-0.416499
-0.416264
-0.415403
-0.415560
-0.415012
-0.414542
-0.414308
-0.413995
-0.413603
-0.413290
-0.413055
-0.412664
-0.412273
-0.411960
-0.411881
-0.411412
-0.411333
-0.410942
-0.410629
-0.410238
-0.410003
-0.409377
-0.409142
-0.408907
-0.408672
-0.408203
-0.407811
-0.407576
-0.407498
-0.406950
-0.406559
-0.406481
-0.406011
-0.405698
-0.405385
-0.405385
-0.404680
-0.404602
-0.404524
-0.403898
-0.404054
-0.403663
-0.403115
-0.402959
-0.402567
-0.402411
-0.401785
-0.401706
-0.401315
-0.400689
-0.400376
-0.400141
-0.399906
-0.399515
-0.399045
-0.398967
-0.398575
-0.398184
-0.397871
-0.397323
-0.397323
-0.396775
-0.396540
-0.395993
-0.395758
-0.395758
-0.395288
-0.395210
-0.394662
-0.394584
-0.394192
-0.394036
-0.393644
-0.393331
-0.392940
-0.392783
-0.392392
-0.392236
-0.391688
-0.391609
-0.391453
-0.390983
-0.390435
-0.390279
-0.389888
-0.389340
-0.389183
-0.389027
-0.388635
-0.388400
-0.387931
-0.388087
-0.387618
-0.387383
-0.387226
-0.386522
-0.386287
-0.386052
-0.385661
-0.385348
-0.385191
-0.384722
-0.384252
-0.384174
-0.383939
-0.383469
-0.383235
-0.383078
-0.382687
-0.382452
-0.382061
-0.382061
-0.381747
-0.381121
-0.380965
-0.380573
-0.380104
-0.379869
-0.379478
-0.379399
-0.379008
-0.378930
-0.378538
-0.378069
-0.377756
-0.377521
-0.377051
-0.376660
-0.376425
-0.376347
-0.376112
-0.375486
-0.375329
-0.375173
-0.375095
-0.374625
-0.374077
-0.373842
-0.373373
-0.372903
-0.372746
-0.372355
-0.372277
-0.371885
-0.371572
-0.371338
-0.371103
-0.370711
-0.370164
-0.370007
-0.369616
-0.369381
-0.369303
-0.368989
-0.368363
-0.368442
-0.368285
-0.367894
-0.367502
-0.366954
-0.366876
-0.366485
-0.366328
-0.365937
-0.365702
-0.365624
-0.364841
-0.364685
-0.364293
-0.363902
-0.363745
-0.363432
-0.363119
-0.363041
-0.362493
-0.362493
-0.362180
-0.361476
-0.361476
-0.361084
-0.361319
-0.360380
-0.359754
-0.359675
-0.359206
-0.358423
-0.358501
-0.357953
-0.357719
-0.357719
-0.357406
-0.357014
-0.356545
-0.356231
-0.355997
-0.355840
-0.355371
-0.355136
-0.354823
-0.354431
-0.354275
-0.353962
-0.353570
-0.353101
-0.352944
-0.352709
-0.352475
-0.352005
-0.351770
-0.351614
-0.350987
-0.351144
-0.350518
-0.350126
-0.349892
-0.349735
-0.349187
-0.349187
-0.348796
-0.348483
-0.348405
-0.348013
-0.347857
-0.347544
-0.347230
-0.347074
-0.346996
-0.346213
-0.345978
-0.345743
-0.345587
-0.345195
-0.344804
-0.344648
-0.344413
-0.344334
-0.343865
-0.343787
-0.343474
-0.343082
-0.342926
-0.342613
-0.341830
-0.341986
-0.341752
-0.341282
-0.340891
-0.340812
-0.340108
-0.339951
-0.339560
-0.339403
-0.339090
-0.338699
-0.338464
-0.337838
-0.337525
-0.337525
-0.337134
-0.336586
-0.336821
-0.336508
-0.336038
-0.335881
-0.335647
-0.335490
-0.334786
-0.334707
-0.334238
-0.334081
-0.333768
-0.333533
-0.333220
-0.333298
-0.332907
-0.332672
-0.332203
-0.331655
-0.331577
-0.331342
-0.330794
-0.330794
-0.330324
-0.330246
-0.330011
-0.329463
-0.329228
-0.328915
-0.328681
-0.328133
-0.328133
-0.327898
-0.327820
-0.327272
-0.327037
-0.326646
-0.326254
-0.325941
-0.325628
-0.325471
-0.325237
-0.325237
-0.324532
-0.324376
-0.324063
-0.323750
-0.323515
-0.323202
-0.323202
-0.322654
-0.322575
-0.322184
-0.322106
-0.321558
-0.321245
-0.321245
-0.320619
-0.320071
-0.319993
-0.319445
-0.319601
-0.319053
-0.318897
-0.318192
-0.318114
-0.318114
-0.317879
-0.317331
-0.317175
-0.316940
-0.316549
-0.316236
-0.315844
-0.315453
-0.315296
-0.315140
-0.314905
-0.314827
-0.314514
-0.314201
-0.313809
-0.313888
-0.313340
-0.312948
-0.312792
-0.312400
-0.312087
-0.312009
-0.311618
-0.311305
-0.311070
-0.311070
-0.310913
-0.310052
-0.309739
-0.309504
-0.309113
-0.308878
-0.308643
-0.308487
-0.308096
-0.307939
-0.307704
-0.307548
-0.307156
-0.306843
-0.306217
-0.306139
-0.305904
-0.305747
-0.305356
-0.305121
-0.304887
-0.304339
-0.303869
-0.303791
-0.303712
-0.303478
-0.303086
-0.302930
-0.302851
-0.302225
-0.301912
-0.301599
-0.301443
-0.301130
-0.300973
-0.300660
-0.300112
-0.300034
-0.299486
-0.299329
-0.298703
-0.298625
-0.297999
-0.297999
-0.297764
-0.297294
-0.297529
-0.296903
-0.296825
-0.296668
-0.296120
-0.295885
-0.295729
-0.295572
-0.295025
-0.294633
-0.294555
-0.294164
-0.294320
-0.293850
-0.293694
-0.293146
-0.292989
-0.292598
-0.292363
-0.292285
-0.291894
-0.291659
-0.291268
-0.290876
-0.290641
-0.290407
-0.290250
-0.289624
-0.289311
-0.289389
-0.288998
-0.288606
-0.288372
-0.288450
-0.288137
-0.287824
-0.287745
-0.287511
-0.287432
-0.287041
-0.286728
-0.286337
-0.285867
-0.285710
-0.285554
-0.285241
-0.284693
-0.284771
-0.284223
-0.284067
-0.283832
-0.283675
-0.283441
-0.283128
-0.283128
-0.282423
-0.282188
-0.281562
-0.281484
-0.281014
-0.281171
-0.281014
-0.280388
-0.280153
-0.279840
-0.279997
-0.279292
-0.278588
-0.278666
-0.278431
-0.278040
-0.277649
-0.277570
-0.277257
-0.276944
-0.277101
-0.276396
-0.276240
-0.276083
-0.275927
-0.275144
-0.274909
-0.274596
-0.274361
-0.274440
-0.274283
-0.273735
-0.273813
-0.273657
-0.273187
-0.272952
-0.272718
-0.272326
-0.272013
-0.271778
-0.271465
-0.270917
-0.271152
-0.271074
-0.270761
-0.270291
-0.270056
-0.269822
-0.269665
-0.269352
-0.268726
-0.268726
-0.268726
-0.268100
-0.267943
-0.267943
-0.267317
-0.267317
-0.266926
-0.266691
-0.266534
-0.266534
-0.265908
-0.265752
-0.265673
-0.265204
-0.265125
-0.264969
-0.264656
-0.264343
-0.263951
-0.263951
-0.263717
-0.263169
-0.263012
-0.262777
-0.262543
-0.262543
-0.262229
-0.261916
-0.261838
-0.261447
-0.261134
-0.260742
-0.260586
-0.260351
-0.259647
-0.259647
-0.259568
-0.259020
-0.258864
-0.258707
-0.258473
-0.258316
-0.258081
-0.257846
-0.257690
-0.257220
-0.256829
-0.256751
-0.256359
-0.256281
-0.255811
-0.255811
-0.255577
-0.255342
-0.254872
-0.254481
-0.254246
-0.254324
-0.253776
-0.253698
-0.253307
-0.253307
-0.253150
-0.252915
-0.252524
-0.252367
-0.252289
-0.251507
-0.251507
-0.251115
-0.251037
-0.250880
-0.250567
-0.250254
-0.250019
-0.250176
-0.249941
-0.249393
-0.249002
-0.249002
-0.248611
-0.248532
-0.248219
-0.248141
-0.247906
-0.247515
-0.247045
-0.247280
-0.247045
-0.246732
-0.246732
-0.246497
-0.246028
-0.245636
-0.245636
-0.245245
-0.245088
-0.244619
-0.244540
-0.244306
-0.243914
-0.243914
-0.243758
-0.243680
-0.243445
-0.243053
-0.242975
-0.242427
-0.242584
-0.242114
-0.241645
-0.241801
-0.241801
-0.240784
-0.241018
-0.240314
-0.240079
-0.240001
-0.240079
-0.239453
-0.239140
-0.238983
-0.238905
-0.238670
-0.238435
-0.238201
-0.237731
-0.237809
-0.237574
-0.237418
-0.237340
-0.236870
-0.236714
-0.236714
-0.236714
-0.235931
-0.235853
-0.235853
-0.235461
-0.235539
-0.235070
-0.234913
-0.234835
-0.234522
-0.233896
-0.233974
-0.233661
-0.233348
-0.233270
-0.232957
-0.233035
-0.232878
-0.232722
-0.232409
-0.232252
-0.231939
-0.231861
-0.231783
-0.231626
-0.231078
-0.231156
-0.230765
-0.230452
-0.230608
-0.230452
-0.230061
-0.229748
-0.229278
-0.229278
-0.229121
-0.228808
-0.228965
-0.228652
-0.228573
-0.228104
-0.228104
-0.227634
-0.227634
-0.227399
-0.227086
-0.226930
-0.226773
-0.226382
-0.226147
-0.226304
-0.225991
-0.225834
-0.225677
-0.225443
-0.225286
-0.224817
-0.224738
-0.224503
-0.224190
-0.224112
-0.223956
-0.223877
-0.223642
-0.223486
-0.223173
-0.223486
-0.223329
-0.222860
-0.222860
-0.222390
-0.222312
-0.222234
-0.221999
-0.221686
-0.221529
-0.221373
-0.220903
-0.220981
-0.220746
-0.220512
-0.220277
-0.219964
-0.219886
-0.219807
-0.219572
-0.219338
-0.219103
-0.219416
-0.219181
-0.218790
-0.218868
-0.218398
-0.218085
-0.218242
-0.218085
-0.217772
-0.217459
-0.217381
-0.217381
-0.217224
-0.216990
-0.216990
-0.216833
-0.216520
-0.216363
-0.216050
-0.215972
-0.215737
-0.215268
-0.215581
-0.215502
-0.215502
-0.215346
-0.215111
-0.214641
-0.214485
-0.214641
-0.213859
-0.213780
-0.213702
-0.213389
-0.213389
-0.213311
-0.213233
-0.213389
-0.213154
-0.212841
-0.212528
-0.212372
-0.212528
-0.212528
-0.212059
-0.211980
-0.212137
-0.211902
-0.211902
-0.211667
-0.211354
-0.210806
-0.210884
-0.210728
-0.210650
-0.210258
-0.210102
-0.210102
-0.210102
-0.210024
-0.209632
-0.209554
-0.209397
-0.209084
-0.209084
-0.208771
-0.208615
-0.208536
-0.208693
-0.208458
-0.208302
-0.207989
-0.208145
-0.207754
-0.207754
-0.207206
-0.207206
-0.207441
-0.207206
-0.207284
-0.206893
-0.206971
-0.206501
-0.206580
-0.206658
-0.206267
-0.206188
-0.205640
-0.205875
-0.205640
-0.205562
-0.205719
-0.205562
-0.205249
-0.205327
-0.205171
-0.204858
-0.204936
-0.204623
-0.204466
-0.204545
-0.204466
-0.204388
-0.204388
-0.204075
-0.203997
-0.203840
-0.204075
-0.203605
-0.203214
-0.203371
-0.203136
-0.203292
-0.202744
-0.203058
-0.202901
-0.202666
-0.202666
-0.202588
-0.201962
-0.202118
-0.201962
-0.202040
-0.201883
-0.201649
-0.201492
-0.201570
-0.201649
-0.201570
-0.201492
-0.201179
-0.200944
-0.200788
-0.200788
-0.200318
-0.200240
-0.200162
-0.200318
-0.200788
-0.200396
-0.200005
-0.199535
-0.199222
-0.199614
-0.199692
-0.199379
-0.199222
-0.199066
-0.198987
-0.199066
-0.199066
-0.199379
-0.199066
-0.198674
-0.198596
-0.198753
-0.198596
-0.198596
-0.198361
-0.198361
-0.198283
-0.198283
-0.197892
-0.197813
-0.197970
-0.197970
-0.197735
-0.197422
-0.197579
-0.197422
-0.197344
-0.197344
-0.197422
-0.197344
-0.197266
-0.197109
-0.197031
-0.196874
-0.196874
-0.197031
-0.196874
-0.196639
-0.196639
-0.196796
-0.196796
-0.196796
-0.196639
-0.196639
-0.196248
-0.196170
-0.196483
-0.196483
-0.196483
-0.196483
-0.196483
-0.196405
-0.196326
-0.196248
-0.196170
-0.196170
-0.196091
-0.196013
-0.196248
-0.196170
-0.196170
-0.196091
-0.196248
-0.196248
-0.195857
-0.195778
-0.195857
-0.195778
-0.196091
-0.196170
-0.196405
-0.196091
-0.195935
-0.195935
-0.196013
-0.196326
-0.196013
-0.195778
-0.195935
-0.196170
-0.196248
-0.196248
-0.195935
-0.195857
-0.196170
-0.196170
-0.196248
-0.196013
-0.196170
-0.196326
-0.195935
-0.196013
-0.196170
-0.196170
-0.196326
-0.196091
-0.196013
-0.195700
-0.196091
-0.196091
-0.196091
-0.195778
-0.196013
-0.195778
-0.196013
-0.196170
-0.196091
-0.195857
-0.195935
-0.195935
-0.196013
-0.195700
-0.195700
-0.195622
-0.195935
-0.196091
-0.196405
-0.196326
-0.196091
-0.196013
-0.196170
-0.196326
-0.196091
-0.196170
-0.196013
-0.196091
-0.196326
-0.196326
-0.196483
-0.196326
-0.196326
-0.196248
-0.196483
-0.196405
-0.196561
-0.196483
-0.196639
-0.196796
-0.196561
-0.196483
-0.196405
-0.196639
-0.196639
-0.196796
-0.196639
-0.196639
-0.196718
-0.197031
-0.196874
-0.197109
-0.197109
-0.197109
-0.197187
-0.197109
-0.197109
-0.197031
-0.196796
-0.196874
-0.197422
-0.197031
-0.197187
-0.197187
-0.197266
-0.197422
-0.197344
-0.197422
-0.197344
-0.197422
-0.197500
-0.197657
-0.197892
-0.197892
-0.197813
-0.197892
-0.197892
-0.198048
-0.197970
-0.197970
-0.198127
-0.197892
-0.198205
-0.198283
-0.198753
-0.198753
-0.198596
-0.198753
-0.198596
-0.198831
-0.198674
-0.198674
-0.198596
-0.198674
-0.198909
-0.199222
-0.198909
-0.199066
-0.199066
-0.198987
-0.199144
-0.199066
-0.198909
-0.199301
-0.199301
-0.199770
-0.199770
-0.199692
-0.200005
-0.199848
-0.199848
-0.200005
-0.199927
-0.199770
-0.200083
-0.200162
-0.200475
-0.200083
-0.200866
-0.200553
-0.200240
-0.200240
-0.200553
-0.200553
-0.200553
-0.200553
-0.200709
-0.201179
-0.201022
-0.201101
-0.201179
-0.201179
-0.201492
-0.201101
-0.201101
-0.201179
-0.201257
-0.201257
-0.201414
-0.201570
-0.201805
-0.201727
-0.201414
-0.201492
-0.201336
-0.201414
-0.201414
-0.201649
-0.201883
-0.201962
-0.201883
-0.201805
-0.201727
-0.201492
-0.201492
-0.201727
-0.201805
-0.201649
-0.201883
-0.201962
-0.201883
-0.202197
-0.202353
-0.202040
-0.201805
-0.201727
-0.201727
-0.202275
-0.202197
-0.201883
-0.202118
-0.201962
-0.202275
-0.202197
-0.202197
-0.201570
-0.201727
-0.201649
-0.201727
-0.201883
-0.201727
-0.201805
-0.201805
-0.201962
-0.201883
-0.201883
-0.201727
-0.201570
-0.201570
-0.201336
-0.201727
-0.201883
-0.201805
-0.201570
-0.201805
-0.201649
-0.201414
-0.201649
-0.201101
-0.201336
-0.201179
-0.201414
-0.201336
-0.201022
-0.201257
-0.201179
-0.201101
-0.200944
-0.200709
-0.200788
-0.200866
-0.200631
-0.200631
-0.200318
-0.200318
-0.200240
-0.200318
-0.200083
-0.199927
-0.199927
-0.199614
-0.199301
-0.199770
-0.199535
-0.198909
-0.199379
-0.199222
-0.198909
-0.198909
-0.198831
-0.198596
-0.198361
-0.198127
-0.198048
-0.197970
-0.197892
-0.197735
-0.197970
-0.197813
-0.197735
-0.197500
-0.197344
-0.197031
-0.196796
-0.196796
-0.196796
-0.196718
-0.196639
-0.196326
-0.195935
-0.196013
-0.196170
-0.195622
-0.195700
-0.195465
-0.194683
-0.194761
-0.194683
-0.194761
-0.194526
-0.194213
-0.194056
-0.193900
-0.193509
-0.193117
-0.193039
-0.192569
-0.192882
-0.192335
-0.192491
-0.192178
-0.192335
-0.191708
-0.191474
-0.191160
-0.190534
-0.190613
-0.190300
-0.190065
-0.189830
-0.189595
-0.189595
-0.188969
-0.188734
-0.188578
-0.188108
-0.187873
-0.187717
-0.187247
-0.186934
-0.186699
-0.186464
-0.185995
-0.185760
-0.185838
-0.185525
-0.185055
-0.184508
-0.184194
-0.183960
-0.183490
-0.183177
-0.183334
-0.183020
-0.182786
-0.182316
-0.182081
-0.181299
-0.180985
-0.180907
-0.180203
-0.180124
-0.179655
-0.179263
-0.178794
-0.178559
-0.178324
-0.177855
-0.177150
-0.176837
-0.176681
-0.176368
-0.175820
-0.175428
-0.175115
-0.174567
-0.174254
-0.173628
-0.172767
-0.172219
-0.172219
-0.171750
-0.171280
-0.171045
-0.170654
-0.170262
-0.169480
-0.169401
-0.168541
-0.168306
-0.167914
-0.167445
-0.166662
-0.166427
-0.165958
-0.165566
-0.165253
-0.164940
-0.164079
-0.163453
-0.162905
-0.162592
-0.162279
-0.161809
-0.161340
-0.160714
-0.160322
-0.160166
-0.159148
-0.158444
-0.157583
-0.156957
-0.156800
-0.156409
-0.155548
-0.155235
-0.154843
-0.154452
-0.154061
-0.153043
-0.152182
-0.151791
-0.151399
-0.150617
-0.150225
-0.149599
-0.149443
-0.148660
-0.148347
-0.147877
-0.146938
-0.146234
-0.145686
-0.145216
-0.144747
-0.144199
-0.143651
-0.142946
-0.142320
-0.142007
-0.141381
-0.140207
-0.139816
-0.139346
-0.138641
-0.138094
-0.137624
-0.137154
-0.136293
-0.136059
-0.135276
-0.134493
-0.133710
-0.133241
-0.132771
-0.132223
-0.131519
-0.131049
-0.130345
-0.129797
-0.129327
-0.128779
-0.127762
-0.127214
-0.126666
-0.126197
-0.125727
-0.125023
-0.124396
-0.123535
-0.123301
-0.122205
-0.121657
-0.120326
-0.119857
-0.119465
-0.118291
-0.118291
-0.117039
-0.116882
-0.116413
-0.115630
-0.114847
-0.113673
-0.113360
-0.112891
-0.112421
-0.111247
-0.110777
-0.110073
-0.109369
-0.108977
-0.108273
-0.107568
-0.106551
-0.106159
-0.105377
-0.104907
-0.104359
-0.103577
-0.102716
-0.102324
-0.101855
-0.100915
-0.099820
-0.099115
-0.098880
-0.098333
-0.097472
-0.096689
-0.096219
-0.095593
-0.094810
-0.093949
-0.093167
-0.092384
-0.092071
-0.091523
-0.091132
-0.090114
-0.089097
-0.088784
-0.088001
-0.087375
-0.086670
-0.085809
-0.085261
-0.084635
-0.084009
-0.083226
-0.082365
-0.081348
-0.080800
-0.080174
-0.079078
-0.077826
-0.077513
-0.076808
-0.076182
-0.075243
-0.074617
-0.073912
-0.073364
-0.072503
-0.071956
-0.070938
-0.070077
-0.069529
-0.069138
-0.068668
-0.067494
-0.066868
-0.066555
-0.065772
-0.064677
-0.063737
-0.063111
-0.062485
-0.062094
-0.061467
-0.060763
-0.059667
-0.059041
-0.058493
-0.057789
-0.056693
-0.056302
-0.055754
-0.055128
-0.054423
-0.053484
-0.052701
-0.052232
-0.051605
-0.050510
-0.049884
-0.049257
-0.048709
-0.048005
-0.047457
-0.046831
-0.045892
-0.044874
-0.044405
-0.043778
-0.042683
-0.042291
-0.041743
-0.041039
-0.040726
-0.040100
-0.038691
-0.037987
-0.037282
-0.036578
-0.035951
-0.035091
-0.034386
-0.034073
-0.033447
-0.033134
-0.032195
-0.031334
-0.030473
-0.029925
-0.028985
-0.028125
-0.027890
-0.027264
-0.026794
-0.025855
-0.025307
-0.024289
-0.023507
-0.022959
-0.022254
-0.021628
-0.021159
-0.020689
-0.020063
-0.019515
-0.018810
-0.017793
-0.016932
-0.016619
-0.015836
-0.015210
-0.014506
-0.014036
-0.013566
-0.013018
-0.012471
-0.011531
-0.010827
-0.010670
-0.010044
-0.009027
-0.008401
-0.007931
-0.007461
-0.006992
-0.006444
-0.005583
-0.005191
-0.003939
-0.003548
-0.002765
-0.002374
-0.001748
-0.001591
-0.001200
-0.000495
0.000053
0.000992
0.001618
0.002244
0.002949
0.003653
0.004044
0.004592
0.005062
0.005375
0.006392
0.007175
0.008193
0.008662
0.008975
0.009680
0.010228
0.010932
0.011245
0.011715
0.012811
0.013750
0.014376
0.014689
0.015550
0.016176
0.016489
0.017115
0.017429
0.017898
0.018603
0.019307
0.019933
0.020638
0.021733
0.022046
0.022594
0.023142
0.023064
0.023847
0.024864
0.025725
0.026195
0.026664
0.027525
0.027760
0.028543
0.028934
0.029482
0.029795
0.030500
0.031361
0.032143
0.032535
0.033082
0.033709
0.034257
0.034726
0.034961
0.035352
0.036135
0.036918
0.037779
0.038013
0.038796
0.039266
0.040205
0.040675
0.041144
0.041770
0.042162
0.042866
0.043492
0.044040
0.044666
0.044979
0.045762
0.046075
0.046623
0.046936
0.047093
0.048110
0.048971
0.049441
0.050067
0.050615
0.051163
0.051711
0.052259
0.052572
0.052963
0.053433
0.054528
0.055233
0.055702
0.056329
0.056642
0.057346
0.057503
0.057894
0.058520
0.058833
0.059772
0.060712
0.061338
0.061573
0.062121
0.062434
0.063138
0.063451
0.064077
0.064625
0.065408
0.066191
0.066738
0.067130
0.067678
0.068226
0.068930
0.069478
0.069634
0.070261
0.071043
0.071669
0.072374
0.072687
0.073157
0.073470
0.074096
0.074331
0.074722
0.075270
0.076131
0.076992
0.077305
0.077853
0.078088
0.078870
0.079418
0.080123
0.080592
0.081218
0.081845
0.082471
0.082862
0.083645
0.083880
0.084584
0.085054
0.085367
0.085758
0.086228
0.087089
0.087480
0.088184
0.088497
0.089045
0.089672
0.089906
0.090532
0.091080
0.091472
0.092176
0.092724
0.093037
0.093507
0.094133
0.094681
0.094916
0.095698
0.096324
0.096872
0.097342
0.097812
0.098281
0.098438
0.099064
0.099768
0.100081
0.100551
0.101021
0.101569
0.102351
0.102821
0.103369
0.103604
0.104151
0.104465
0.104934
0.105482
0.106030
0.106421
0.107047
0.107830
0.108065
0.108691
0.109004
0.109630
0.110335
0.110413
0.111352
0.111744
0.112135
0.112605
0.112839
0.113152
0.113857
0.114483
0.115187
0.115657
0.116127
0.116518
0.117066
0.117614
0.118005
0.118397
0.118944
0.119179
0.119884
0.120432
0.120666
0.121449
0.122310
0.122545
0.122858
0.123093
0.123562
0.123875
0.124580
0.125284
0.125676
0.126145
0.126615
0.127006
0.127163
0.127789
0.128493
0.128806
0.129120
0.129667
0.130059
0.130528
0.130841
0.131624
0.132094
0.132015
0.132720
0.133268
0.133581
0.133972
0.134285
0.134911
0.135459
0.135694
0.136086
0.136868
0.137025
0.137651
0.137807
0.138355
0.139138
0.139373
0.139921
0.140547
0.140469
0.141095
0.141564
0.142269
0.142738
0.143365
0.143834
0.143912
0.144539
0.145087
0.145243
0.145869
0.146104
0.146887
0.147043
0.147513
0.147748
0.148452
0.148843
0.149078
0.149235
0.149704
0.150174
0.150722
0.151270
0.151739
0.152053
0.152444
0.152835
0.153227
0.153540
0.153931
0.154166
0.155105
0.155340
0.156123
0.156749
0.157140
0.157218
0.157688
0.157766
0.158471
0.159175
0.159332
0.160036
0.160427
0.160427
0.161367
0.161523
0.161445
0.162071
0.162541
0.163089
0.163636
0.163950
0.164341
0.164889
0.165202
0.165515
0.165671
0.165906
0.166454
0.167159
0.167785
0.167941
0.168333
0.168802
0.168802
0.169350
0.169350
0.169820
0.170289
0.171072
0.171777
0.172011
0.172246
0.172638
0.172794
0.173185
0.173733
0.173812
0.174438
0.175064
0.175455
0.175768
0.176238
0.176551
0.176864
0.177099
0.177647
0.178038
0.178429
0.178821
0.179682
0.180073
0.180464
0.180699
0.181091
0.181325
0.181795
0.182186
0.182578
0.182969
0.183752
0.184143
0.184535
0.184691
0.185239
0.185395
0.185865
0.185865
0.186804
0.187117
0.187822
0.188057
0.188370
0.188448
0.188996
0.189387
0.189387
0.190092
0.190483
0.191109
0.191422
0.191892
0.192283
0.192675
0.192675
0.193457
0.193770
0.194005
0.194710
0.194944
0.195571
0.195805
0.195727
0.196666
0.196666
0.196979
0.197684
0.197919
0.198388
0.199014
0.199328
0.199641
0.200110
0.200580
0.200736
0.201441
0.201832
0.202380
0.202615
0.203084
0.203632
0.203867
0.204180
0.204728
0.204806
0.205119
0.205824
0.206450
0.206685
0.207233
0.207311
0.207781
0.208172
0.208720
0.208642
0.209033
0.209346
0.209972
0.210442
0.210833
0.211459
0.211851
0.212007
0.212555
0.212868
0.213260
0.213651
0.214512
0.214434
0.214747
0.215295
0.215842
0.215921
0.216312
0.216625
0.217016
0.217408
0.217877
0.218504
0.218817
0.219130
0.219599
0.219991
0.220147
0.220852
0.221321
0.221869
0.222182
0.222495
0.222652
0.223122
0.223356
0.223826
0.223904
0.224296
0.225000
0.225704
0.226174
0.226096
0.226252
0.227035
0.227426
0.227739
0.227818
0.228287
0.228522
0.229227
0.229618
0.229696
0.230166
0.230635
0.230870
0.231496
0.232044
0.232357
0.232592
0.233062
0.233218
0.233688
0.233923
0.234314
0.234940
0.235019
0.235645
0.235723
0.236271
0.236897
0.236897
0.237367
0.237758
0.238228
0.238384
0.238619
0.239167
0.239715
0.240028
0.240341
0.240967
0.241280
0.241906
0.242219
0.242689
0.242454
0.243002
0.243550
0.243863
0.244020
0.244646
0.245037
0.245194
0.245507
0.246211
0.246289
0.246994
0.247150
0.247463
0.247855
0.248011
0.248794
0.248872
0.249107
0.249264
0.249812
0.250203
0.250516
0.250829
0.251220
0.251690
0.252238
0.252316
0.252629
0.252864
0.253255
0.254038
0.254508
0.254429
0.254664
0.255212
0.255682
0.256073
0.256386
0.256778
0.257247
0.257247
0.257560
0.257952
0.258265
0.258656
0.258734
0.259360
0.259830
0.260378
0.260691
0.261004
0.261317
0.261630
0.261943
0.262256
0.262961
0.263117
0.263352
0.263665
0.263978
0.264135
0.264448
0.264683
0.265074
0.265387
0.266013
0.266248
0.266718
0.267109
0.267422
0.267579
0.267892
0.268127
0.268831
0.269301
0.269379
0.269770
0.269849
0.270240
0.270788
0.270944
0.271571
0.271571
0.272197
0.272431
0.272666
0.272979
0.273214
0.273527
0.273919
0.274388
0.274623
0.275093
0.275562
0.275954
0.276188
0.276423
0.276658
0.276893
0.277284
0.277441
0.277989
0.278615
0.279084
0.279476
0.279632
0.280180
0.280180
0.280415
0.281198
0.281667
0.281824
0.282293
0.282763
0.283076
0.283076
0.283546
0.284015
0.284094
0.284485
0.284876
0.285189
0.285894
0.286129
0.286364
0.286598
0.287068
0.287459
0.287459
0.287929
0.288320
0.288790
0.289181
0.289651
0.289886
0.290277
0.290825
0.291216
0.291060
0.291608
0.291921
0.292469
0.292703
0.293173
0.293486
0.293643
0.294347
0.294504
0.294738
0.295130
0.295599
0.295991
0.296304
0.296539
0.297086
0.297321
0.297556
0.297947
0.298182
0.298652
0.298887
0.299278
0.299904
0.300139
0.300530
0.300843
0.301157
0.301470
0.302096
0.302409
0.302565
0.303035
0.303661
0.303739
0.304052
0.304287
0.304679
0.304679
0.305148
0.305696
0.306088
0.306479
0.306792
0.307262
0.307340
0.307966
0.308279
0.308749
0.309218
0.309766
0.310236
0.310314
0.310549
0.311019
0.310862
0.311566
0.311958
0.312271
0.312740
0.312740
0.313367
0.313523
0.313680
0.314071
0.314149
0.314697
0.314697
0.315323
0.315636
0.316263
0.316419
0.316732
0.316889
0.317515
0.317437
0.317985
0.318219
0.318767
0.318845
0.319237
0.319706
0.320254
0.320411
0.320959
0.321194
0.321428
0.322055
0.322524
0.322759
0.322994
0.323463
0.323855
0.324090
0.324090
0.324559
0.325420
0.325342
0.325890
0.326125
0.326281
0.326516
0.326986
0.327220
0.327455
0.327612
0.328238
0.328473
0.328864
0.329099
0.329647
0.329803
0.330429
0.330508
0.330977
0.331369
0.331682
0.332073
0.332464
0.332699
0.332856
0.333325
0.333638
0.333873
0.334343
0.334499
0.334969
0.334969
0.335595
0.335830
0.336221
0.336456
0.336691
0.337161
0.337082
0.337709
0.337709
0.338413
0.338335
0.338883
0.338804
0.339430
0.339744
0.339744
0.340370
0.340996
0.341152
0.341857
0.342013
0.342170
0.342561
0.342796
0.343187
0.343031
0.343735
0.344048
0.344205
0.344596
0.344988
0.345222
0.345379
0.345614
0.346005
0.346396
0.346631
0.346866
0.347101
0.347570
0.347805
0.348118
0.348588
0.348745
0.349214
0.349371
0.349762
0.349997
0.350623
0.350858
0.351093
0.351406
0.351562
0.351954
0.352345
0.352736
0.352893
0.353441
0.353284
0.353754
0.354067
0.354223
0.354771
0.354693
0.355084
0.355711
0.356415
0.356337
0.356885
0.356806
0.357432
0.357511
0.357746
0.358059
0.358293
0.358450
0.359076
0.359389
0.359937
0.359624
0.360250
0.360328
0.360798
0.361268
0.361189
0.361816
0.362207
0.362677
0.362990
0.363068
0.363224
0.363851
0.364242
0.364242
0.364790
0.365103
0.365181
0.365729
0.365886
0.366042
0.366277
0.366512
0.367216
0.367138
0.367373
0.367921
0.368469
0.368547
0.368703
0.369016
0.369329
0.369799
0.369799
0.370347
0.370738
0.371051
0.371521
0.371834
0.372147
0.372304
0.372539
0.372930
0.373400
0.373791
0.374026
0.373947
0.374730
0.375200
0.375278
0.375278
0.375748
0.376139
0.376530
0.376843
0.377235
0.377626
0.378017
0.377939
0.378565
0.378800
0.378878
0.379113
0.379739
0.379896
0.380209
0.380600
0.381070
0.381305
0.381696
0.381931
0.382087
0.382557
0.382870
0.383183
0.383653
0.383966
0.383966
0.384357
0.384592
0.384905
0.385453
0.385688
0.385844
0.386392
0.386471
0.386627
0.387175
0.387175
0.387723
0.387879
0.388114
0.388506
0.388975
0.389523
0.389601
0.389758
0.390306
0.390384
0.390775
0.391323
0.391245
0.391871
0.392341
0.392576
0.393045
0.393045
0.393202
0.393593
0.393984
0.394532
0.394767
0.395315
0.395159
0.395706
0.395941
0.396489
0.396802
0.396802
0.396880
0.397585
0.397898
0.398368
0.398602
0.398681
0.399072
0.399698
0.399620
0.399855
0.400324
0.400559
0.401342
0.401733
0.401968
0.402438
0.402907
0.402829
0.403377
0.403377
0.404003
0.404238
0.404473
0.405021
0.405255
0.405255
0.405725
0.405960
0.406195
0.406586
0.406899
0.407212
0.407603
0.407760
0.408151
0.408151
0.408308
0.408934
0.409091
0.409404
0.409717
0.410186
0.410186
0.410421
0.410812
0.411126
0.411595
0.411987
0.412300
0.412769
0.412848
0.413317
0.413474
0.413787
0.414022
0.414256
0.414569
0.415039
0.415039
0.415743
0.416057
0.416370
0.416683
0.416604
0.417152
0.417387
0.417778
0.417935
0.418248
0.418639
0.419109
0.418953
0.419500
0.419500
0.420205
0.420518
0.420674
0.420988
0.421144
0.421535
0.422318
0.422475
0.422318
0.422866
0.423179
0.423179
0.423727
0.424275
0.424666
0.424745
0.425214
0.425292
0.425605
0.426075
0.426545
0.426780
0.427093
0.427171
0.427562
0.427719
0.428032
0.428110
0.428423
0.428736
0.429049
0.429206
0.429676
0.429754
0.429989
0.430145
0.430536
0.430771
0.431163
0.431476
0.431711
0.432180
0.432493
0.432650
0.433041
0.433276
0.433432
0.433511
0.433667
0.433980
0.434215
0.434685
0.435076
0.435311
0.435624
0.435859
0.435781
0.436407
0.436642
0.436955
0.437111
0.437502
0.437816
0.438129
0.438207
0.438677
0.438911
0.439068
0.439538
0.439694
0.439851
0.440398
0.441025
0.441494
0.441573
0.441729
0.441964
0.441807
0.442355
0.442903
0.443060
0.443294
0.443921
0.443842
0.444155
0.444390
0.444782
0.444782
0.445095
0.445408
0.446034
0.446112
0.446425
0.446817
0.447051
0.447364
0.447364
0.447678
0.448069
0.448460
0.448773
0.448852
0.449008
0.449478
0.449869
0.449713
0.450260
0.450574
0.450652
0.451200
0.451121
0.451982
0.452139
0.452295
0.452530
0.452922
0.453235
0.453548
0.454017
0.454017
0.454409
0.454565
0.454957
0.455113
0.455505
0.455739
0.455896
0.456287
0.456679
0.456679
0.456992
0.457461
0.457853
0.458009
0.458244
0.458557
0.458792
0.459027
0.459496
0.459731
0.459966
0.460514
0.460749
0.461140
0.461375
0.461923
0.462001
0.462392
0.462627
0.462784
0.462940
0.463175
0.463253
0.463723
0.464427
0.464427
0.464897
0.465210
0.465132
0.465445
0.465601
0.465993
0.466541
0.467010
0.467323
0.467088
0.467793
0.468028
0.468263
0.468576
0.468889
0.469123
0.469750
0.470063
0.470219
0.470454
0.470845
0.471002
0.471002
0.471393
0.471785
0.472254
0.472411
0.472880
0.472959
0.473194
0.473350
0.473898
0.473976
0.474368
0.474602
0.474837
0.475229
0.475385
0.475855
0.475933
0.476089
0.476637
0.477185
0.477185
0.477342
0.477577
0.478359
0.478672
0.478907
0.479220
0.479220
0.479455
0.479768
0.479925
0.480394
0.480942
0.481255
0.481490
0.481725
0.481881
0.482273
0.482508
0.482977
0.483447
0.483760
0.483760
0.484073
0.484151
0.484464
0.484777
0.485169
0.485482
0.485247
0.486030
0.486265
0.486578
0.487126
0.487047
0.487204
0.487360
0.488065
0.488221
0.488691
0.488847
0.488926
0.489317
0.489474
0.490022
0.490178
0.490413
0.490726
0.491117
0.491430
0.491665
0.492057
0.492057
0.492135
0.492370
0.492604
0.492996
0.493387
0.493622
0.494170
0.494405
0.494796
0.495031
0.495109
0.495579
0.495813
0.496127
0.496440
0.497066
0.497066
0.497222
0.497692
0.497848
0.497770
0.498318
0.498866
0.499023
0.499649
0.499727
0.499962
0.500275
0.500823
0.500901
0.501136
0.501605
0.501997
0.502075
0.502701
0.502858
0.503249
0.503093
0.503562
0.503954
0.504423
0.504345
0.504658
0.505128
0.505128
0.505597
0.505675
0.506145
0.506145
0.506458
0.506928
0.507084
0.507476
0.507476
0.508180
0.508258
0.508258
0.508258
0.508963
0.509354
0.509667
0.510137
0.510372
0.510606
0.510685
0.510998
0.511467
0.511702
0.511937
0.511937
0.512563
0.512876
0.512955
0.513189
0.513581
0.513737
0.513894
0.513972
0.514363
0.514598
0.515224
0.515224
0.515537
0.516007
0.516164
0.516242
0.516868
0.516946
0.517572
0.517729
0.517886
0.518199
0.518512
0.518825
0.519060
0.519060
0.519294
0.519608
0.519764
0.519842
0.520390
0.520860
0.521329
0.521564
0.521877
0.522112
0.522582
0.522660
0.522895
0.523521
0.523991
0.524304
0.524460
0.524852
0.524773
0.525165
0.525243
0.525478
0.525791
0.526182
0.526495
0.526652
0.527121
0.527121
0.527591
0.527669
0.528061
0.528452
0.528843
0.529235
0.529313
0.529548
0.529861
0.529939
0.530409
0.530878
0.531191
0.531583
0.531661
0.531739
0.531739
0.532287
0.532209
0.532679
0.533148
0.533540
0.533853
0.533696
0.534244
0.534244
0.534557
0.534870
0.535418
0.535575
0.536122
0.536592
0.536749
0.536905
0.536905
0.537218
0.537531
0.537688
0.537844
0.538236
0.538705
0.538862
0.539097
0.539488
0.539566
0.539801
0.539879
0.540114
0.540740
0.541367
0.541601
0.541993
0.542306
0.542149
0.542697
0.542697
0.543010
0.543167
0.543871
0.544106
0.544497
0.544497
0.544576
0.544967
0.545123
0.545515
0.545593
0.546532
0.546454
0.546845
0.546767
0.547080
0.547237
0.547158
0.547628
0.548333
0.548567
0.548646
0.549115
0.549741
0.549585
0.550054
0.550211
0.550759
0.550994
0.551228
0.551698
0.552011
0.552168
0.552559
0.552637
0.552872
0.553185
0.553107
0.553498
0.554046
0.554438
0.554672
0.554907
0.555220
0.555064
0.556003
0.556238
0.556473
0.556942
0.557255
0.557490
0.557803
0.557803
0.558273
0.558664
0.558508
0.559212
0.559760
0.559760
0.559760
0.560073
0.560308
0.560543
0.561012
0.561560
0.562186
0.562421
0.562734
0.563126
0.563517
0.563673
0.563752
0.563908
0.564378
0.565004
0.565161
0.565239
0.565161
0.565630
0.566021
0.566100
0.566413
0.566804
0.567274
0.567509
0.567665
0.568213
0.568291
0.568213
0.568526
0.568761
0.569074
0.569387
0.569778
0.569778
0.570248
0.570483
0.570874
0.570952
0.571031
0.571266
0.571735
0.572048
0.572596
0.572987
0.573222
0.573222
0.573535
0.573692
0.574083
0.574396
0.575101
0.575023
0.575414
0.575414
0.575414
0.575649
0.576040
0.576275
0.576510
0.576901
0.577527
0.577527
0.577684
0.578075
0.578545
0.578466
0.578779
0.579014
0.579327
0.579640
0.579875
0.580032
0.580267
0.580580
0.581128
0.581128
0.581597
0.581910
0.582536
0.582615
0.582928
0.582693
0.583241
0.583163
0.583789
0.583867
0.584180
0.584258
0.584650
0.585041
0.585276
0.585354
0.585354
0.585276
0.585980
0.586685
0.586841
0.586998
0.587154
0.587546
0.587702
0.587859
0.587937
0.588250
0.588485
0.588876
0.589111
0.589111
0.589737
0.589894
0.589894
0.589972
0.590598
0.590755
0.590755
0.591459
0.591694
0.591851
0.592164
0.592398
0.592711
0.592946
0.593338
0.593729
0.593964
0.594120
0.594355
0.594512
0.594825
0.595060
0.595294
0.595764
0.595764
0.595999
0.596468
0.596782
0.597016
0.597173
0.597564
0.597956
0.598269
0.598269
0.598425
0.598817
0.599130
0.598973
0.599364
0.599834
0.599912
0.599991
0.600460
0.600382
0.600852
0.601321
0.601869
0.602182
0.601947
0.602417
0.602573
0.602887
0.602965
0.603043
0.603513
0.603748
0.603982
0.604061
0.604608
0.604922
0.605000
0.605469
0.605704
0.605939
0.606409
0.606800
0.607035
0.607191
0.607426
0.607426
0.607583
0.607974
0.607974
0.608287
0.608522
0.608992
0.608992
0.609383
0.609539
0.609853
0.609853
0.610635
0.610557
0.611027
0.611418
0.611966
0.612201
0.612122
0.612514
0.612749
0.613296
0.613453
0.613688
0.613766
0.614079
0.613923
0.614470
0.614470
0.614784
0.615097
0.615488
0.615958
0.616192
0.616506
0.616427
0.616740
0.616897
0.617210
0.617601
0.617836
0.618071
0.618462
0.618932
0.618932
0.619010
0.619010
0.619636
0.620028
0.620262
0.620576
0.620810
0.620889
0.620889
0.621358
0.621593
0.622063
0.622454
0.623393
0.623315
0.623550
0.623706
0.623628
0.623785
0.624254
0.624489
0.624959
0.625193
0.625507
0.626054
0.625976
0.626054
0.626367
0.626681
0.626994
0.627542
0.627698
0.627776
0.628403
0.628559
0.628481
0.628872
0.629107
0.629655
0.629890
0.630516
0.630672
0.630829
0.631064
0.631064
0.631377
0.631533
0.631846
0.632786
0.632942
0.633412
0.633725
0.633568
0.633803
0.634038
0.634273
0.634742
0.635290
0.635369
0.635682
0.635760
0.635995
0.636151
0.636308
0.636777
0.637247
0.637717
0.637951
0.638108
0.638186
0.638343
0.638499
0.638734
0.638969
0.639752
0.639752
0.639830
0.640143
0.640769
0.640847
0.640847
0.641239
0.641395
0.641552
0.642335
0.642178
0.642804
0.642804
0.643196
0.643196
0.643430
0.643665
0.644213
0.644917
0.644683
0.644996
0.645465
0.645387
0.645622
0.645544
0.645935
0.646326
0.646952
0.647109
0.647657
0.647813
0.647970
0.647970
0.648127
0.648361
0.648674
0.649222
0.649535
0.649692
0.649614
0.650005
0.650162
0.650396
0.650631
0.650944
0.651883
0.651883
0.652040
0.652353
0.652510
0.652901
0.652901
0.653292
0.653762
0.653997
0.654310
0.654232
0.654779
0.654545
0.654701
0.655171
0.655406
0.656032
0.656345
0.656501
0.656423
0.656893
0.656736
0.656971
0.657362
0.657754
0.658067
0.658380
0.658693
0.658928
0.659084
0.658849
0.659163
0.659397
0.659476
0.660493
0.660963
0.660884
0.661432
0.661354
0.661511
0.661667
0.661667
0.662606
0.662606
0.662919
0.662998
0.663467
0.663546
0.663859
0.664015
0.664328
0.664485
0.665111
0.665033
0.665189
0.666050
0.665894
0.665894
0.666520
0.666598
0.667068
0.667146
0.667459
0.667537
0.668007
0.668164
0.668555
0.668633
0.668946
0.669651
0.669572
0.669964
0.670042
0.670590
0.670668
0.671138
0.671373
0.671607
0.671529
0.672155
0.672234
0.672390
0.673016
0.673329
0.673486
0.673877
0.674347
0.674738
0.674738
0.674738
0.675364
0.675912
0.675756
0.676069
0.676225
0.676773
0.676930
0.677165
0.677556
0.677869
0.678182
0.678730
0.678887
0.678887
0.679826
0.679982
0.680217
0.680374
0.681078
0.681235
0.681469
0.682096
0.682409
0.682722
0.682800
0.683191
0.683348
0.683974
0.684287
0.684287
0.684600
0.684992
0.685226
0.685305
0.685618
0.686087
0.686322
0.686479
0.687105
0.687653
0.687966
0.687966
0.688592
0.688983
0.689375
0.689766
0.689688
0.690079
0.690627
0.690627
0.690862
0.690940
0.691253
0.692114
0.692114
0.692819
0.693210
0.693288
0.693680
0.693680
0.693836
0.694384
0.694775
0.694932
0.695401
0.695793
0.695949
0.696106
0.696341
0.696654
0.697123
0.697515
0.697593
0.698141
0.698532
0.699080
0.699237
0.699550
0.699706
0.700098
0.700411
0.700880
0.700959
0.701428
0.701820
0.702054
0.701976
0.702681
0.702759
0.703620
0.703933
0.704246
0.704559
0.704402
0.704794
0.705107
0.705420
0.705890
0.706359
0.705968
0.705968
0.706359
0.706437
0.706359
0.706124
0.706281
0.706203
0.705811
0.705577
0.705342
0.705420
0.705185
0.705420
0.705107
0.704950
0.704402
0.704324
0.704324
0.703855
0.703776
0.703463
0.703228
0.703228
0.702524
0.702681
0.702054
0.701663
0.701507
0.701272
0.700646
0.700489
0.699785
0.699628
0.699158
0.699002
0.699158
0.698845
0.698532
0.698141
0.697750
0.697436
0.697515
0.696967
0.696732
0.696341
0.695715
0.695715
0.695167
0.694932
0.694384
0.694306
0.693914
0.693132
0.692662
0.692427
0.691958
0.691723
0.691410
0.691175
0.690470
0.690392
0.690157
0.689923
0.689531
0.689375
0.689062
0.688514
0.688279
0.687966
0.687340
0.686948
0.686792
0.686400
0.685696
0.685696
0.685226
0.684522
0.684209
0.684365
0.684365
0.683583
0.683818
0.682957
0.682878
0.682487
0.681939
0.681626
0.680922
0.680608
0.679982
0.679513
0.679200
0.679278
0.678573
0.678417
0.678260
0.678026
0.677712
0.677478
0.677008
0.676617
0.676304
0.676069
0.675443
0.675130
0.674895
0.674425
0.674034
0.673799
0.673251
0.673329
0.672860
0.673016
0.672547
0.671764
0.671529
0.671216
0.670825
0.670668
0.670042
0.669729
0.669259
0.668868
0.668633
0.668320
0.668164
0.667694
0.667381
0.666990
0.666520
0.666129
0.665894
0.665659
0.665581
0.665033
0.664563
0.664328
0.663702
0.663624
0.663154
0.662998
0.662763
0.661980
0.662137
0.661589
0.661432
0.661041
0.660493
0.660024
0.659789
0.659554
0.659163
0.658849
0.658615
0.658458
0.657910
0.657597
0.657049
0.656893
0.656736
0.656110
0.655797
0.655406
0.655093
0.654701
0.654545
0.654310
0.654310
0.653918
0.653136
0.653057
0.652510
0.652666
0.652197
0.651414
0.651414
0.651022
0.650709
0.650005
0.650005
0.649848
0.649379
0.648987
0.648987
0.648596
0.648283
0.647813
0.647031
0.647031
0.646718
0.646326
0.645778
0.645700
0.645152
0.644839
0.644604
0.644056
0.643978
0.643743
0.643352
0.642804
0.642804
0.642178
0.642256
0.641552
0.641004
0.640926
0.640534
0.640221
0.640143
0.639986
0.639439
0.639047
0.638734
0.638421
0.638578
0.638108
0.637560
0.637482
0.636699
0.636777
0.636621
0.636229
0.635682
0.635134
0.634742
0.634899
0.634821
0.634351
0.634038
0.633255
0.633334
0.632707
0.632316
0.632316
0.631768
0.631220
0.630985
0.631298
0.630516
0.630359
0.629968
0.629420
0.629342
0.629185
0.628716
0.628324
0.628168
0.627776
0.627542
0.627072
0.626759
0.626211
0.626211
0.625741
0.625507
0.625507
0.624724
0.624567
0.624254
0.624176
0.623785
0.623237
0.622689
0.622454
0.622376
0.622063
0.621828
0.621515
0.621515
0.621202
0.620654
0.620028
0.619401
0.619558
0.619323
0.619088
0.618775
0.618227
0.618227
0.617758
0.617366
0.617053
0.616506
0.616192
0.615879
0.615958
0.615723
0.615175
0.614862
0.614862
0.614470
0.614001
0.614236
0.613688
0.613218
0.613062
0.612670
0.612279
0.612201
0.611575
0.611261
0.611027
0.610870
0.610557
0.609931
0.609774
0.609539
0.609383
0.608992
0.608679
0.608600
0.608444
0.607974
0.607739
0.607426
0.607191
0.606722
0.606487
0.606252
0.606487
0.605783
0.605548
0.605000
0.604922
0.604608
0.604217
0.603591
0.603513
0.603200
0.602652
0.602808
0.602573
0.602260
0.601634
0.601478
0.601713
0.600773
0.600304
0.599912
0.599364
0.599443
0.599443
0.599051
0.598895
0.598269
0.598347
0.597564
0.597251
0.596860
0.596625
0.596625
0.596390
0.596234
0.595529
0.595373
0.595138
0.594747
0.593964
0.593807
0.593886
0.593103
0.593338
0.593338
0.592790
0.592164
0.592398
0.591929
0.591303
0.590442
0.590363
0.590285
0.590050
0.589972
0.589737
0.589346
0.589111
0.588876
0.588798
0.588328
0.587859
0.587154
0.587233
0.586841
0.586528
0.586293
0.585980
0.585980
0.585511
0.584885
0.584258
0.584102
0.584024
0.583710
0.583554
0.583319
0.583163
0.582302
0.581910
0.581989
0.581284
0.580814
0.580580
0.580423
0.580267
0.579875
0.580110
0.579640
0.579406
0.578858
0.578388
0.578153
0.577762
0.577527
0.577371
0.576744
0.576510
0.576118
0.576040
0.575570
0.575101
0.574866
0.574553
0.574396
0.574005
0.573848
0.573692
0.573457
0.573222
0.572753
0.572518
0.571500
0.571344
0.571109
0.570952
0.570796
0.570561
0.570326
0.570092
0.569622
0.569231
0.568604
0.568370
0.568057
0.567900
0.567665
0.567665
0.567274
0.566804
0.566491
0.566256
0.565943
0.565395
0.565161
0.564926
0.564847
0.564378
0.564534
0.563986
0.563517
0.563360
0.562812
0.562343
0.562108
0.561795
0.561638
0.560934
0.560934
0.560464
0.560230
0.559525
0.559212
0.558821
0.558664
0.558664
0.558351
0.557803
0.557725
0.557177
0.557020
0.556629
0.556081
0.555925
0.555612
0.555064
0.555142
0.554985
0.554594
0.554203
0.554046
0.553733
0.553342
0.553029
0.552794
0.552637
0.552246
0.551933
0.551620
0.551542
0.551072
0.550994
0.550368
0.549741
0.549585
0.549350
0.549037
0.548880
0.548333
0.548098
0.548176
0.547472
0.547315
0.546924
0.546611
0.546689
0.546141
0.545906
0.545906
0.545515
0.545358
0.545202
0.545045
0.544262
0.543871
0.543949
0.543402
0.543167
0.543245
0.542775
0.542306
0.542071
0.541758
0.541445
0.541053
0.540897
0.540740
0.540427
0.539879
0.539645
0.539488
0.539331
0.539018
0.538862
0.538471
0.538392
0.538157
0.537923
0.537296
0.537296
0.536827
0.536749
0.536436
0.536044
0.535731
0.535340
0.535027
0.534792
0.534714
0.534166
0.533931
0.533618
0.533148
0.532913
0.532522
0.532679
0.532522
0.532052
0.531505
0.531348
0.531348
0.530409
0.530330
0.529939
0.530017
0.529469
0.529156
0.528922
0.528530
0.528452
0.528061
0.527513
0.527278
0.526887
0.526887
0.526260
0.526104
0.525634
0.525478
0.525243
0.524852
0.524538
0.524304
0.524304
0.524147
0.523756
0.523286
0.522973
0.522660
0.522660
0.522190
0.521721
0.521251
0.521173
0.520703
0.520468
0.520077
0.519764
0.519764
0.519373
0.518981
0.518747
0.518355
0.518120
0.517886
0.517729
0.517103
0.516868
0.516712
0.516320
0.516085
0.515851
0.515772
0.514990
0.514755
0.514520
0.514129
0.513737
0.513659
0.513346
0.513346
0.512720
0.512563
0.512407
0.512015
0.511389
0.510998
0.510920
0.510450
0.510372
0.509746
0.509667
0.509667
0.509276
0.508728
0.508258
0.508180
0.507945
0.507632
0.507554
0.507397
0.507006
0.506536
0.506223
0.505675
0.505362
0.505362
0.504815
0.504501
0.504032
0.503797
0.503797
0.503562
0.502936
0.502779
0.502545
0.502153
0.501684
0.501292
0.500823
0.501058
0.500823
0.500118
0.499492
0.499492
0.498788
0.498709
0.498396
0.498162
0.497927
0.497614
0.497379
0.497066
0.496361
0.496048
0.495813
0.495500
0.495422
0.495109
0.494874
0.494639
0.494326
0.493857
0.493465
0.493074
0.492839
0.492526
0.492291
0.491978
0.491978
0.491509
0.491587
0.490961
0.490569
0.490491
0.490178
0.489630
0.489395
0.489239
0.489004
0.488613
0.488456
0.487752
0.487673
0.487047
0.486812
0.486499
0.486499
0.486030
0.486030
0.485560
0.485012
0.484386
0.484151
0.483838
0.483603
0.483369
0.483056
0.482977
0.482586
0.482351
0.481725
0.481255
0.480864
0.480786
0.480081
0.480394
0.480238
0.479690
0.479377
0.478907
0.478359
0.477733
0.477577
0.477185
0.476950
0.476716
0.476716
0.476559
0.476246
0.475933
0.475385
0.474915
0.474602
0.474524
0.474446
0.473741
0.473741
0.473428
0.472880
0.472646
0.472176
0.471706
0.471393
0.471393
0.470767
0.470845
0.470454
0.470141
0.469750
0.469437
0.469202
0.468732
0.468184
0.467949
0.468028
0.467480
0.467167
0.467010
0.466854
0.466462
0.465758
0.465758
0.465210
0.465053
0.464819
0.464897
0.464114
0.464192
0.463801
0.463410
0.463175
0.462784
0.462471
0.462392
0.462236
0.461766
0.461688
0.461140
0.460905
0.460279
0.459888
0.459653
0.459261
0.459027
0.458479
0.458635
0.458166
0.457931
0.457618
0.457148
0.456757
0.456522
0.456209
0.456131
0.455739
0.455661
0.455270
0.455113
0.454957
0.454330
0.453939
0.453548
0.453156
0.453235
0.452843
0.452609
0.452530
0.452139
0.451669
0.451356
0.451043
0.450574
0.450260
0.449947
0.449478
0.449478
0.448930
0.448617
0.448539
0.448069
0.447991
0.447834
0.447364
0.447130
0.446895
0.446347
0.446034
0.445877
0.445564
0.445251
0.444938
0.444703
0.444155
0.443842
0.443529
0.443373
0.442903
0.442825
0.442355
0.442120
0.441807
0.441494
0.441259
0.440633
0.440633
0.440398
0.439772
0.439616
0.438990
0.438911
0.438129
0.438129
0.437894
0.437659
0.437424
0.437268
0.436798
0.436485
0.436094
0.435937
0.435702
0.435389
0.435154
0.434998
0.434763
0.434372
0.434215
0.433824
0.433276
0.433119
0.432806
0.432728
0.432337
0.431945
0.431476
0.431319
0.431163
0.430615
0.430145
0.429989
0.429597
0.429362
0.428815
0.428815
0.428580
0.428345
0.428188
0.427797
0.427249
0.427171
0.426858
0.426545
0.426388
0.426075
0.425684
0.425527
0.425449
0.424901
0.424588
0.424197
0.423727
0.423336
0.422944
0.422788
0.422631
0.422240
0.421770
0.421614
0.421379
0.420909
0.420440
0.420205
0.420048
0.419970
0.419422
0.419031
0.418796
0.418170
0.418092
0.417622
0.417309
0.417152
0.416996
0.416604
0.416291
0.415900
0.415509
0.415196
0.414961
0.414726
0.414413
0.414256
0.413787
0.413552
0.413239
0.413161
0.412691
0.412613
0.412300
0.411908
0.411204
0.410891
0.410421
0.410265
0.410108
0.409717
0.409325
0.409012
0.408777
0.408151
0.408230
0.407760
0.407369
0.407369
0.407056
0.406742
0.406664
0.406273
0.405490
0.405490
0.405255
0.404786
0.404473
0.403846
0.403690
0.403455
0.403064
0.402907
0.402672
0.402203
0.402281
0.401968
0.401577
0.401029
0.401107
0.400246
0.400168
0.399855
0.399072
0.398837
0.398681
0.398524
0.398211
0.397820
0.397976
0.397194
0.396802
0.396333
0.396254
0.395706
0.395550
0.395002
0.394924
0.394454
0.394454
0.394063
0.393906
0.393437
0.393124
0.392576
0.392497
0.392184
0.392106
0.391871
0.391636
0.391088
0.390619
0.390306
0.389914
0.389601
0.389523
0.388897
0.388819
0.388584
0.388114
0.387958
0.387566
0.387018
0.386862
0.386392
0.386392
0.385923
0.386001
0.385218
0.385062
0.384592
0.384201
0.384044
0.383575
0.383496
0.383105
0.382792
0.382401
0.382322
0.381696
0.381540
0.381070
0.380757
0.380522
0.380052
0.379818
0.379270
0.379191
0.378957
0.378800
0.378252
0.377783
0.377783
0.377391
0.376922
0.376765
0.376061
0.376217
0.375513
0.375278
0.375043
0.374574
0.374339
0.374182
0.374026
0.373243
0.373243
0.373086
0.372617
0.372225
0.371834
0.371365
0.370973
0.370738
0.370190
0.370034
0.370112
0.369564
0.369173
0.368782
0.368155
0.368312
0.367999
0.367529
0.367294
0.367060
0.367060
0.366434
0.366120
0.366042
0.365807
0.365181
0.364712
0.364477
0.364320
0.364007
0.363772
0.362990
0.362598
0.362363
0.361894
0.361737
0.361737
0.361268
0.360955
0.360407
0.360172
0.359781
0.359546
0.359154
0.358607
0.358528
0.358059
0.357980
0.357667
0.357354
0.357198
0.356415
0.356180
0.356258
0.355476
0.355554
0.355163
0.354537
0.354380
0.354223
0.353754
0.353362
0.353206
0.353049
0.352658
0.352110
0.352032
0.351641
0.351171
0.350936
0.350780
0.350232
0.350153
0.349762
0.349371
0.348901
0.348666
0.348431
0.348040
0.347884
0.347570
0.347023
0.347023
0.347023
0.346710
0.346318
0.345849
0.345535
0.345144
0.345066
0.344518
0.344205
0.344048
0.343422
0.343031
0.342796
0.342874
0.342092
0.341700
0.341622
0.341152
0.340839
0.340683
0.340370
0.339978
0.339587
0.339274
0.339039
0.338804
0.338413
0.337865
0.337474
0.337474
0.337082
0.336691
0.336456
0.336300
0.336300
0.335673
0.335360
0.335047
0.334343
0.334499
0.333795
0.333638
0.333404
0.333169
0.332778
0.332543
0.332230
0.331917
0.331838
0.331369
0.330977
0.330429
0.330273
0.330195
0.329490
0.329334
0.328942
0.328316
0.328316
0.327690
0.327690
0.327455
0.326907
0.326751
0.326516
0.326359
0.325811
0.325655
0.325107
0.324794
0.324637
0.324403
0.324168
0.323542
0.323542
0.322994
0.322837
0.322055
0.321898
0.321350
0.321350
0.320880
0.320646
0.320333
0.320020
0.319785
0.319315
0.319002
0.318532
0.317985
0.318063
0.317750
0.317437
0.317280
0.316967
0.316341
0.316028
0.315558
0.315480
0.314932
0.314697
0.314462
0.314306
0.313914
0.313523
0.313210
0.312819
0.312506
0.311879
0.311958
0.311332
0.311253
0.310784
0.310392
0.310001
0.310236
0.309297
0.309062
0.308983
0.308357
0.308123
0.307731
0.307340
0.306948
0.306870
0.306635
0.306088
0.305540
0.305070
0.304757
0.304679
0.304366
0.304052
0.303583
0.303739
0.303270
0.302644
0.302565
0.302252
0.301783
0.301470
0.300922
0.300609
0.300687
0.300217
0.299591
0.299200
0.298887
0.298574
0.298182
0.297947
0.297556
0.297321
0.296852
0.296695
0.296226
0.295991
0.295756
0.295365
0.295130
0.294817
0.294269
0.294582
0.294034
0.293251
0.293095
0.292782
0.292469
0.291921
0.291842
0.291608
0.291295
0.290590
0.290277
0.290042
0.289416
0.288946
0.288712
0.288555
0.288007
0.288085
0.287694
0.287694
0.287303
0.286911
0.286520
0.286050
0.285737
0.285424
0.285268
0.284720
0.284407
0.284094
0.284094
0.283311
0.283233
0.282607
0.282607
0.282059
0.281589
0.281198
0.281354
0.280572
0.280102
0.279711
0.279554
0.279006
0.278771
0.278223
0.278302
0.277754
0.277519
0.277284
0.276893
0.276502
0.276345
0.275875
0.275954
0.275484
0.274623
0.274467
0.274232
0.274075
0.273606
0.273292
0.272979
0.272666
0.272197
0.271962
0.271492
0.271336
0.270944
0.270553
0.270318
0.270005
0.269301
0.268753
0.268675
0.268518
0.267970
0.267814
0.267422
0.267031
0.266874
0.266405
0.266013
0.265857
0.265622
0.265700
0.265152
0.264683
0.264448
0.264057
0.263509
0.263352
0.263117
0.262726
0.262256
0.262100
0.261787
0.261317
0.261004
0.260613
0.260221
0.259908
0.259674
0.258891
0.258891
0.258421
0.258265
0.257717
0.257639
0.257169
0.256856
0.256464
0.256073
0.255995
0.255525
0.255525
0.255212
0.254899
0.254586
0.254429
0.253725
0.253490
0.253099
0.252942
0.252473
0.252238
0.251847
0.251612
0.251142
0.250751
0.250359
0.250203
0.249812
0.249733
0.249264
0.248794
0.248794
0.248324
0.248011
0.247542
0.247229
0.246837
0.246524
0.246602
0.246055
0.245741
0.245507
0.245037
0.244802
0.244646
0.244020
0.243785
0.243237
0.243080
0.242924
0.242532
0.242454
0.241985
0.241671
0.241202
0.240810
0.240341
0.240106
0.239871
0.239558
0.239323
0.238854
0.238071
0.238149
0.237836
0.237210
0.237054
0.236819
0.236271
0.236114
0.235801
0.235332
0.235019
0.234784
0.234392
0.234079
0.233297
0.232827
0.232984
0.232357
0.232436
0.232044
0.231731
0.231496
0.231027
0.230714
0.230479
0.229853
0.229696
0.229383
0.228600
0.228600
0.228444
0.227896
0.227505
0.227348
0.226722
0.226565
0.226174
0.225861
0.225157
0.225078
0.224843
0.224687
0.223904
0.223435
0.223200
0.223200
0.222808
0.222182
0.221869
0.221791
0.221008
0.220852
0.220539
0.219991
0.219912
0.219599
0.219286
0.218973
0.218191
0.217956
0.217799
0.217173
0.216860
0.216312
0.215842
0.215764
0.215529
0.214981
0.214434
0.214277
0.214120
0.213729
0.213416
0.212712
0.212633
0.212477
0.212007
0.211694
0.211303
0.210833
0.210598
0.209972
0.209503
0.209503
0.209111
0.208642
0.208329
0.208015
0.207624
0.207311
0.206998
0.206450
0.205980
0.206215
0.205667
0.205276
0.204963
0.204337
0.203711
0.203319
0.203006
0.202380
0.202145
0.201989
0.201676
0.201363
0.201284
0.200971
0.200580
0.200423
0.199797
0.198858
0.198545
0.198310
0.197919
0.197371
0.197371
0.196901
0.196510
0.196118
0.195884
0.195414
0.195023
0.195023
0.194553
0.194083
0.193692
0.193770
0.193144
0.192518
0.192127
0.192048
0.191501
0.191187
0.190874
0.190405
0.190248
0.189857
0.189231
0.188761
0.188370
0.188135
0.187665
0.187196
0.187196
0.186648
0.186256
0.186022
0.185552
0.184926
0.184535
0.184456
0.184065
0.183830
0.183360
0.182969
0.182813
0.182343
0.181952
0.181482
0.181169
0.180856
0.180464
0.180073
0.179917
0.179447
0.179212
0.178899
0.178351
0.177725
0.177255
0.177177
0.177177
0.176473
0.176238
0.176003
0.175768
0.175220
0.174751
0.174438
0.174203
0.173733
0.173498
0.172872
0.172951
0.172638
0.172011
0.171855
0.171229
0.171072
0.170602
0.170289
0.169898
0.169507
0.169272
0.169037
0.168724
0.168333
0.167707
0.167159
0.167080
0.166846
0.166532
0.166376
0.166141
0.165593
0.165358
0.165045
0.164654
0.164263
0.163950
0.163323
0.163245
0.162776
0.162462
0.162384
0.161445
0.161210
0.160975
0.160193
0.159958
0.159488
0.159253
0.159019
0.158784
0.158236
0.157923
0.157610
0.157140
0.156749
0.156357
0.156044
0.155575
0.155575
0.155183
0.154714
0.154479
0.153931
0.153461
0.153305
0.152914
0.152600
0.152287
0.151896
0.151583
0.151113
0.151035
0.150409
0.150174
0.149704
0.149391
0.148922
0.148765
0.148452
0.147983
0.147513
0.147278
0.146965
0.146652
0.146104
0.145869
0.145478
0.145165
0.144539
0.144460
0.144226
0.144147
0.143599
0.143208
0.142738
0.142269
0.142191
0.141330
0.141408
0.141017
0.140547
0.140077
0.139842
0.139451
0.138903
0.138668
0.138512
0.137807
0.137573
0.137573
0.137025
0.136399
0.136242
0.135694
0.135146
0.134911
0.134677
0.134285
0.133424
0.133268
0.132955
0.132798
0.132407
0.132329
0.131859
0.131389
0.131076
0.130372
0.129824
0.129902
0.129433
0.129120
0.128650
0.128493
0.127711
0.127398
0.127241
0.126693
0.126224
0.125832
0.125832
0.125284
0.124815
0.124423
0.124423
0.123641
0.123171
0.122780
0.122701
0.122232
0.121919
0.121449
0.120666
0.120353
0.120197
0.119571
0.118944
0.118631
0.118240
0.117927
0.117692
0.117222
0.116909
0.116831
0.116362
0.115657
0.114953
0.114561
0.114327
0.113935
0.113387
0.113466
0.112996
0.112761
0.112370
0.111978
0.111196
0.110726
0.110413
0.110100
0.109865
0.109552
0.109161
0.108848
0.108221
0.107752
0.107204
0.106891
0.106578
0.106186
0.106186
0.105482
0.104856
0.104543
0.104386
0.103760
0.103290
0.102899
0.102351
0.102508
0.102195
0.101490
0.101099
0.100864
0.100394
0.099612
0.098986
0.098751
0.098438
0.098125
0.097733
0.097264
0.096951
0.096638
0.096168
0.095620
0.094916
0.094994
0.094681
0.093898
0.093663
0.093585
0.092959
0.092646
0.092411
0.091707
0.091002
0.090846
0.090611
0.090298
0.090063
0.089515
0.089045
0.088497
0.088184
0.087480
0.087167
0.086854
0.086619
0.085836
0.085523
0.085367
0.084741
0.084584
0.083880
0.083332
0.082627
0.082549
0.082314
0.082001
0.081531
0.081218
0.080749
0.080123
0.079262
0.078870
0.078479
0.078244
0.077853
0.077696
0.077070
0.076757
0.076366
0.075896
0.075348
0.074800
0.074565
0.074252
0.073939
0.073626
0.073313
0.072844
0.072609
0.072217
0.071043
0.070730
0.070574
0.070417
0.069791
0.069556
0.069087
0.068617
0.068382
0.067678
0.067286
0.066895
0.066425
0.066269
0.065956
0.065564
0.065173
0.064703
0.064390
0.063608
0.063060
0.062903
0.062355
0.062277
0.061964
0.061494
0.061103
0.060712
0.060164
0.059459
0.059303
0.058990
0.058364
0.057972
0.057816
0.057503
0.056642
0.056798
0.056172
0.055781
0.054685
0.054685
0.054059
0.053980
0.053824
0.053354
0.052885
0.052337
0.052024
0.051319
0.051006
0.050458
0.050067
0.049754
0.049597
0.049284
0.048502
0.048189
0.047875
0.047406
0.046780
0.046467
0.046310
0.045919
0.045527
0.045058
0.044510
0.044353
0.043805
0.043258
0.043023
0.042475
0.042162
0.041927
0.041692
0.041301
0.040753
0.040283
0.039657
0.038953
0.038170
0.037700
0.037544
0.037231
0.036761
0.036370
0.036057
0.035352
0.035196
0.034804
0.034022
0.033474
0.033239
0.033082
0.032691
0.031908
0.031595
0.031361
0.030578
0.030186
0.029795
0.029012
0.028621
0.028386
0.027995
0.027447
0.027056
0.026586
0.026351
0.025803
0.025099
0.024864
0.024316
0.024081
0.023768
0.023377
0.022907
0.022594
0.022046
0.021342
0.020716
0.020403
0.020090
0.019464
0.019150
0.018837
0.018368
0.017663
0.017507
0.016881
0.016333
0.015863
0.015550
0.015159
0.014533
0.014219
0.013672
0.013045
0.012811
0.012263
0.011715
0.011167
0.010697
0.010384
0.009758
0.009367
0.008897
0.008193
0.007880
0.007253
0.006706
0.006079
0.005688
0.005297
0.005140
0.004514
0.004201
0.003183
0.003105
0.002714
0.002244
0.001618
0.001305
0.000992
0.000444
0.000287
-0.000339
-0.000887
-0.001356
-0.001904
-0.002061
-0.002843
-0.003313
-0.003626
-0.003939
-0.004330
-0.004800
-0.005739
-0.006209
-0.006600
-0.007070
-0.007931
-0.008166
-0.008635
-0.009027
-0.009653
-0.010357
-0.010983
-0.011375
-0.011688
-0.012314
-0.012627
-0.013253
-0.013332
-0.013879
-0.014584
-0.015367
-0.015914
-0.016228
-0.016775
-0.017245
-0.017793
-0.018497
-0.018654
-0.019202
-0.019828
-0.020611
-0.021159
-0.021550
-0.022254
-0.022959
-0.023194
-0.023976
-0.024211
-0.024524
-0.025229
-0.026011
-0.026246
-0.026872
-0.027264
-0.027890
-0.028281
-0.028985
-0.029299
-0.029846
-0.030160
-0.031255
-0.031647
-0.031803
-0.032351
-0.033134
-0.033525
-0.033916
-0.034543
-0.035012
-0.035404
-0.036186
-0.037282
-0.037752
-0.037752
-0.038456
-0.039395
-0.039708
-0.040022
-0.040569
-0.041274
-0.042135
-0.042604
-0.043231
-0.043622
-0.044013
-0.044561
-0.044953
-0.045500
-0.046283
-0.046753
-0.047457
-0.048083
-0.048866
-0.049179
-0.049805
-0.050197
-0.051136
-0.051605
-0.051840
-0.052545
-0.053249
-0.053875
-0.054423
-0.054893
-0.055441
-0.055989
-0.056302
-0.056693
-0.057319
-0.058180
-0.059432
-0.059667
-0.060215
-0.060606
-0.061311
-0.061546
-0.062015
-0.062563
-0.063189
-0.063894
-0.064677
-0.065616
-0.065772
-0.066320
-0.066633
-0.067103
-0.067964
-0.068512
-0.068903
-0.069608
-0.070547
-0.071173
-0.071643
-0.072034
-0.072582
-0.072973
-0.073443
-0.074225
-0.074539
-0.075165
-0.075947
-0.076730
-0.077200
-0.077513
-0.077982
-0.078530
-0.079391
-0.079939
-0.080487
-0.081113
-0.081818
-0.082835
-0.083226
-0.083696
-0.084087
-0.084635
-0.085340
-0.085966
-0.086201
-0.086827
-0.087531
-0.088471
-0.089097
-0.089566
-0.089958
-0.090349
-0.091367
-0.091680
-0.092541
-0.092775
-0.093323
-0.094341
-0.094967
-0.095280
-0.095984
-0.096454
-0.097002
-0.097550
-0.097941
-0.098567
-0.099272
-0.100524
-0.101150
-0.101698
-0.102089
-0.102403
-0.102637
-0.103264
-0.104124
-0.104359
-0.105533
-0.106159
-0.107099
-0.107647
-0.108116
-0.108351
-0.108821
-0.109290
-0.110151
-0.110621
-0.111873
-0.112578
-0.113204
-0.113986
-0.113908
-0.114691
-0.115161
-0.115787
-0.116178
-0.116882
-0.117822
-0.118291
-0.119152
-0.120405
-0.120796
-0.121031
-0.121657
-0.121970
-0.122596
-0.123301
-0.124005
-0.124788
-0.125805
-0.126431
-0.127214
-0.127527
-0.127997
-0.128232
-0.129014
-0.129562
-0.130345
-0.131284
-0.132067
-0.133084
-0.133476
-0.133789
-0.134337
-0.134885
-0.135276
-0.136372
-0.136920
-0.137624
-0.138641
-0.139659
-0.140285
-0.140598
-0.141224
-0.141616
-0.142320
-0.143181
-0.143651
-0.144355
-0.145607
-0.146077
-0.146938
-0.147642
-0.148112
-0.148425
-0.148973
-0.149912
-0.150852
-0.151243
-0.152026
-0.152965
-0.153513
-0.154217
-0.154452
-0.155078
-0.155626
-0.156330
-0.157270
-0.157504
-0.157974
-0.158913
-0.160087
-0.160557
-0.161340
-0.161888
-0.162435
-0.163062
-0.163844
-0.164470
-0.165175
-0.166036
-0.166740
-0.167445
-0.167914
-0.168541
-0.168932
-0.169636
-0.170262
-0.171280
-0.171906
-0.172376
-0.173158
-0.174098
-0.174802
-0.175350
-0.176054
-0.176289
-0.176837
-0.178011
-0.178559
-0.179185
-0.179890
-0.180516
-0.181220
-0.182238
-0.182473
-0.183099
-0.183647
-0.184586
-0.185447
-0.185916
-0.186699
-0.187560
-0.188186
-0.188812
-0.189517
-0.190065
-0.190691
-0.191474
-0.192569
-0.192961
-0.193430
-0.194056
-0.194917
-0.195544
-0.196326
-0.196561
-0.197031
-0.197735
-0.198753
-0.199614
-0.200240
-0.201101
-0.201962
-0.202823
-0.203371
-0.203997
-0.204466
-0.205484
-0.205953
-0.206814
-0.207128
-0.207832
-0.208302
-0.209241
-0.209789
-0.210493
-0.210884
-0.211902
-0.212606
-0.213467
-0.214015
-0.214407
-0.214798
-0.215737
-0.216363
-0.216911
-0.217303
-0.218007
-0.218633
-0.219729
-0.220355
-0.220668
-0.221373
-0.222155
-0.222860
-0.223173
-0.223642
-0.224269
-0.225051
-0.225912
-0.226382
-0.227086
-0.227243
-0.228104
-0.228887
-0.229591
-0.230061
-0.230843
-0.231156
-0.231861
-0.232643
-0.233191
-0.233818
-0.234131
-0.234913
-0.235539
-0.235931
-0.236244
-0.236870
-0.237731
-0.238435
-0.238983
-0.239844
-0.240157
-0.241175
-0.241958
-0.242505
-0.242819
-0.243366
-0.243680
-0.244071
-0.245401
-0.245715
-0.246341
-0.246967
-0.247280
-0.247671
-0.248532
-0.248845
-0.249080
-0.249941
-0.250724
-0.251272
-0.251820
-0.252289
-0.252681
-0.253385
-0.253463
-0.254011
-0.254559
-0.254872
-0.255263
-0.256281
-0.256907
-0.257142
-0.257377
-0.258081
-0.258473
-0.258786
-0.259255
-0.259803
-0.260116
-0.260821
-0.261916
-0.262229
-0.262543
-0.262856
-0.263247
-0.263717
-0.264264
-0.264343
-0.264891
-0.265439
-0.266456
-0.267082
-0.267239
-0.267552
-0.267630
-0.268178
-0.268726
-0.269039
-0.269509
-0.270056
-0.270917
-0.271309
-0.272013
-0.272326
-0.272326
-0.272718
-0.273266
-0.273735
-0.273813
-0.274205
-0.274440
-0.275301
-0.275457
-0.276240
-0.276553
-0.276944
-0.276866
-0.277570
-0.277805
-0.278040
-0.278353
-0.278666
-0.278979
-0.279918
-0.280153
-0.280701
-0.280858
-0.281092
-0.281797
-0.281953
-0.282267
-0.282658
-0.283519
-0.283519
-0.284067
-0.284458
-0.284380
-0.284693
-0.285084
-0.285319
-0.285241
-0.285710
-0.286258
-0.286571
-0.286650
-0.286884
-0.287511
-0.287511
-0.287589
-0.288137
-0.288372
-0.288919
-0.288919
-0.289311
-0.289467
-0.290094
-0.290328
-0.290250
-0.290407
-0.290641
-0.291111
-0.291268
-0.291268
-0.291815
-0.292520
-0.292676
-0.292911
-0.292989
-0.293068
-0.293146
-0.293303
-0.293381
-0.293694
-0.293850
-0.294242
-0.294398
-0.294868
-0.295025
-0.295181
-0.295338
-0.295494
-0.295964
-0.295964
-0.295885
-0.296277
-0.296120
-0.296590
-0.296668
-0.296746
-0.297138
-0.296981
-0.296981
-0.297294
-0.297451
-0.297451
-0.297138
-0.297451
-0.297999
-0.298234
-0.298390
-0.298234
-0.298390
-0.298703
-0.298781
-0.298703
-0.298860
-0.299173
-0.298860
-0.299251
-0.299408
-0.299486
-0.299486
-0.299877
-0.299877
-0.299799
-0.299721
-0.300112
-0.299721
-0.300347
-0.300425
-0.300347
-0.300660
-0.300816
-0.300973
-0.300738
-0.300895
-0.300895
-0.300895
-0.300973
-0.300973
-0.301521
-0.301364
-0.301364
-0.301286
-0.301286
-0.301208
-0.301130
-0.301364
-0.301130
-0.301443
-0.301364
-0.301599
-0.301521
-0.301521
-0.301912
-0.301599
-0.301912
-0.301364
-0.301443
-0.301443
-0.301364
-0.301286
-0.301521
-0.301443
-0.301599
-0.301364
-0.301756
-0.301364
-0.301286
-0.301443
-0.301443
-0.301756
-0.301443
-0.301521
-0.301599
-0.301677
-0.301443
-0.301443
-0.301364
-0.301521
-0.301286
-0.301599
-0.301443
-0.301286
-0.301364
-0.301286
-0.301599
-0.301599
-0.301677
-0.301443
-0.301286
-0.301443
-0.301286
-0.301208
-0.301130
-0.301130
-0.301130
-0.301521
-0.301364
-0.301521
-0.301286
-0.301051
-0.300895
-0.300895
-0.301130
-0.300503
-0.300816
-0.300660
-0.300973
-0.300816
-0.300816
-0.300660
-0.300347
-0.300347
-0.300425
-0.300034
-0.300269
-0.300582
-0.300425
-0.300425
-0.300112
-0.300425
-0.299956
-0.300190
-0.299956
-0.299877
-0.299877
-0.299877
-0.299877
-0.299721
-0.299956
-0.299956
-0.299721
-0.299486
-0.299486
-0.299564
-0.299564
-0.299173
-0.299251
-0.299016
-0.299173
-0.299095
-0.299173
-0.299173
-0.299095
-0.298703
-0.298468
-0.298390
-0.298703
-0.298781
-0.298625
-0.298390
-0.298234
-0.298390
-0.298390
-0.297999
-0.298077
-0.297842
-0.298077
-0.297920
-0.297842
-0.297920
-0.297686
-0.297920
-0.298155
-0.297842
-0.297764
-0.297529
-0.297686
-0.297451
-0.297451
-0.297529
-0.297294
-0.297373
-0.297294
-0.297529
-0.297764
-0.297216
-0.297060
-0.296668
-0.296825
-0.296981
-0.296981
-0.296746
-0.296668
-0.296590
-0.296981
-0.296825
-0.296825
-0.296746
-0.296355
-0.296277
-0.296433
-0.296512
-0.296668
-0.296746
-0.296277
-0.296355
-0.296668
-0.296512
-0.296433
-0.296042
-0.295964
-0.295964
-0.296199
-0.295964
-0.296199
-0.295807
-0.295885
-0.296042
-0.295964
-0.295807
-0.295494
-0.295729
-0.295807
-0.295807
-0.295807
-0.295651
-0.295416
-0.295729
-0.295572
-0.295572
-0.295103
-0.295338
-0.295651
-0.295651
-0.295651
-0.295572
-0.295259
-0.295494
-0.295416
-0.295103
-0.295181
-0.295181
-0.295181
-0.295103
-0.295259
-0.295103
-0.294946
-0.294868
-0.295103
-0.295259
-0.295103
-0.295025
-0.294711
-0.294868
-0.295025
-0.294946
-0.295025
-0.294711
-0.294711
-0.294790
-0.295025
-0.295025
-0.295025
-0.294946
-0.295025
-0.294868
-0.294868
-0.294946
-0.295181
-0.294868
-0.295338
-0.295259
-0.295338
-0.295181
-0.295025
-0.294946
-0.294868
-0.295259
-0.295338
-0.295259
-0.295103
-0.295025
-0.295103
-0.295025
-0.294946
-0.295103
-0.295103
-0.295181
-0.295259
-0.295494
-0.295338
-0.295181
-0.295494
-0.295338
-0.295259
-0.295259
-0.295572
-0.295572
-0.295494
-0.295572
-0.295572
-0.295651
-0.295885
-0.295807
-0.295729
-0.295729
-0.295885
-0.295651
-0.295494
-0.295729
-0.296042
-0.295729
-0.296042
-0.295964
-0.296120
-0.295885
-0.296120
-0.295807
-0.296120
-0.296199
-0.296355
-0.296120
-0.296355
-0.296590
-0.296433
-0.296512
-0.296590
-0.296825
-0.296433
-0.296590
-0.296590
-0.296746
-0.296903
-0.297060
-0.297138
-0.297138
-0.297060
-0.296825
-0.297138
-0.297294
-0.297451
-0.297529
-0.297451
-0.297686
-0.297920
-0.297920
-0.297842
-0.298077
-0.298234
-0.298390
-0.298468
-0.298234
-0.298468
-0.298312
-0.298547
-0.298703
-0.298781
-0.298703
-0.299173
-0.298781
-0.299016
-0.298938
-0.299251
-0.299173
-0.299408
-0.299408
-0.299799
-0.299799
-0.299721
-0.300269
-0.300190
-0.300112
-0.300347
-0.300112
-0.300425
-0.300503
-0.300660
-0.300738
-0.300973
-0.301130
-0.301208
-0.301208
-0.301130
-0.301286
-0.301521
-0.301286
-0.301677
-0.301991
-0.302147
-0.302382
-0.302382
-0.302695
-0.302382
-0.302930
-0.302695
-0.302617
-0.303086
-0.302851
-0.303165
-0.303243
-0.303165
-0.303321
-0.303712
-0.303634
-0.303791
-0.303947
-0.304104
-0.304339
-0.304417
-0.304495
-0.304808
-0.304965
-0.304887
-0.305278
-0.305043
-0.305121
-0.304965
-0.305278
-0.305513
-0.305278
-0.305434
-0.305747
-0.305904
-0.306061
-0.306374
-0.306139
-0.306530
-0.306452
-0.306843
-0.306608
-0.306687
-0.306922
-0.307078
-0.307313
-0.307313
-0.308017
-0.307704
-0.307704
-0.308017
-0.308174
-0.308017
-0.308096
-0.308409
-0.308565
-0.308800
-0.309035
-0.309191
-0.309270
-0.309348
-0.309426
-0.309504
-0.309504
-0.309818
-0.309739
-0.309896
-0.310131
-0.310444
-0.310913
-0.310913
-0.311305
-0.311070
-0.310992
-0.311148
-0.311539
-0.311696
-0.312009
-0.311696
-0.312166
-0.312322
-0.312244
-0.312479
-0.312635
-0.312792
-0.312713
-0.312792
-0.313105
-0.313183
-0.313418
-0.313574
-0.313574
-0.314044
-0.314201
-0.314279
-0.314357
-0.314670
-0.314748
-0.314748
-0.314748
-0.315296
-0.315140
-0.315766
-0.315923
-0.316157
-0.316392
-0.316157
-0.316549
-0.316392
-0.316705
-0.317018
-0.317018
-0.317253
-0.317488
-0.317566
-0.317723
-0.318114
-0.318349
-0.318114
-0.318192
-0.318505
-0.318584
-0.318897
-0.319288
-0.319523
-0.319366
-0.319836
-0.320306
-0.320306
-0.320071
-0.320697
-0.320462
-0.320619
-0.320462
-0.321167
-0.321167
-0.321793
-0.322184
-0.322262
-0.322106
-0.322419
-0.322497
-0.322497
-0.322810
-0.322810
-0.323280
-0.323280
-0.323593
-0.324141
-0.323984
-0.323906
-0.324376
-0.324297
-0.324610
-0.324454
-0.324767
-0.325315
-0.325002
-0.325471
-0.325628
-0.326176
-0.326098
-0.326254
-0.326411
-0.326489
-0.326254
-0.326724
-0.327115
-0.327115
-0.327585
-0.327741
-0.327898
-0.328211
-0.328524
-0.328133
-0.328524
-0.329072
-0.328994
-0.329150
-0.329228
-0.329385
-0.329698
-0.329855
-0.330089
-0.330794
-0.330950
-0.330950
-0.331185
-0.331342
-0.331498
-0.331342
-0.331968
-0.332281
-0.332359
-0.332437
-0.332672
-0.332985
-0.332985
-0.333298
-0.333455
-0.333925
-0.334003
-0.334081
-0.334003
-0.334472
-0.334629
-0.335020
-0.335255
-0.335490
-0.335568
-0.335568
-0.335881
-0.336273
-0.336194
-0.336664
-0.336586
-0.336821
-0.337134
-0.337447
-0.337603
-0.337760
-0.337916
-0.338229
-0.338543
-0.338699
-0.339012
-0.339012
-0.339247
-0.339638
-0.339560
-0.340108
-0.340499
-0.340812
-0.340578
-0.341047
-0.341204
-0.341438
-0.341438
-0.341908
-0.342221
-0.342299
-0.342456
-0.342769
-0.342847
-0.343082
-0.343317
-0.343787
-0.343708
-0.344178
-0.344100
-0.344334
-0.344648
-0.344569
-0.344882
-0.345195
-0.345587
-0.345743
-0.345978
-0.346056
-0.346369
-0.346369
-0.346839
-0.347074
-0.347152
-0.347465
-0.347465
-0.347935
-0.347935
-0.348326
-0.348483
-0.348874
-0.348718
-0.348952
-0.349109
-0.349500
-0.349813
-0.350048
-0.350440
-0.350283
-0.350674
-0.350909
-0.351144
-0.351379
-0.351535
-0.351770
-0.352083
-0.352240
-0.352788
-0.353101
-0.353101
-0.353414
-0.353414
-0.353962
-0.354040
-0.354275
-0.354588
-0.354510
-0.354510
-0.354901
-0.355527
-0.355527
-0.355527
-0.355840
-0.356153
-0.356701
-0.356936
-0.356858
-0.357406
-0.357249
-0.357875
-0.357875
-0.357875
-0.358110
-0.358580
-0.358814
-0.359049
-0.359441
-0.359675
-0.360145
-0.360223
-0.360458
-0.360458
-0.360849
-0.361162
-0.361397
-0.361945
-0.362180
-0.362571
-0.363041
-0.363276
-0.363276
-0.363432
-0.363511
-0.363980
-0.364215
-0.364293
-0.364450
-0.365076
-0.365311
-0.365546
-0.365467
-0.365780
-0.366015
-0.366328
-0.366641
-0.366876
-0.367189
-0.367502
-0.367659
-0.367581
-0.368363
-0.368520
-0.368598
-0.369068
-0.368989
-0.369303
-0.369303
-0.369772
-0.369929
-0.370085
-0.370320
-0.370477
-0.371103
-0.371259
-0.371259
-0.371416
-0.371885
-0.372199
-0.372433
-0.372746
-0.372668
-0.372981
-0.373138
-0.373451
-0.373999
-0.373999
-0.374234
-0.374547
-0.374625
-0.375095
-0.375486
-0.375564
-0.375642
-0.376034
-0.376582
-0.376582
-0.376816
-0.377051
-0.377756
-0.377599
-0.377834
-0.378147
-0.378460
-0.379008
-0.379008
-0.379008
-0.379321
-0.379791
-0.380260
-0.380652
-0.380652
-0.380808
-0.381200
-0.381278
-0.381669
-0.382061
-0.382061
-0.382608
-0.382765
-0.382921
-0.383313
-0.383313
-0.383704
-0.383939
-0.384252
-0.384330
-0.384722
-0.384957
-0.385113
-0.385583
-0.385661
-0.386052
-0.386131
-0.386600
-0.386913
-0.387070
-0.387305
-0.387774
-0.387774
-0.388087
-0.388479
-0.388635
-0.388635
-0.389183
-0.389340
-0.389809
-0.390122
-0.390044
-0.390435
-0.390748
-0.391062
-0.391140
-0.391296
-0.391609
-0.391766
-0.392236
-0.392392
-0.392705
-0.393175
-0.393253
-0.393488
-0.393879
-0.394036
-0.394427
-0.394740
-0.394662
-0.394975
-0.395679
-0.395993
-0.395914
-0.395914
-0.396619
-0.396619
-0.396932
-0.397088
-0.397401
-0.397636
-0.397949
-0.398341
-0.398419
-0.398810
-0.399202
-0.399436
-0.399828
-0.400063
-0.400141
-0.400297
-0.400610
-0.401002
-0.401706
-0.402098
-0.402489
-0.402411
-0.402724
-0.403037
-0.403272
-0.403663
-0.403741
-0.403820
-0.404133
-0.404680
-0.404759
-0.404994
-0.405463
-0.405463
-0.405855
-0.406011
-0.406324
-0.406324
-0.406637
-0.407029
-0.407342
-0.407342
-0.407576
-0.407733
-0.408437
-0.408516
-0.409064
-0.409142
-0.409298
-0.409768
-0.409768
-0.410003
-0.410394
-0.410629
-0.410942
-0.411177
-0.411412
-0.411803
-0.411960
-0.412273
-0.412429
-0.412899
-0.413134
-0.413525
-0.413682
-0.413838
-0.414229
-0.414621
-0.414699
-0.415169
-0.415090
-0.415403
-0.415951
-0.416343
-0.416499
-0.416343
-0.416812
-0.417125
-0.417282
-0.417517
-0.417752
-0.418299
-0.418299
-0.418613
-0.419082
-0.419160
-0.419395
-0.419787
-0.419787
-0.420021
-0.420413
-0.420648
-0.420961
-0.421430
-0.421822
-0.421978
-0.422448
-0.422526
-0.423074
-0.422917
-0.422917
-0.423622
-0.423935
-0.424013
-0.424170
-0.424639
-0.425109
-0.424718
-0.425579
-0.425813
-0.426205
-0.426439
-0.426439
-0.426753
-0.426987
-0.427222
-0.427535
-0.427692
-0.428161
-0.428396
-0.428475
-0.428553
-0.428709
-0.429101
-0.429414
-0.429649
-0.429883
-0.430040
-0.430588
-0.430823
-0.431214
-0.431762
-0.431997
-0.432153
-0.432466
-0.432545
-0.432779
-0.433014
-0.432858
-0.433171
-0.433797
-0.434423
-0.434580
-0.434736
-0.435127
-0.435441
-0.435127
-0.435988
-0.436145
-0.436301
-0.436615
-0.436928
-0.437162
-0.437554
-0.437789
-0.438258
-0.438337
-0.438806
-0.438728
-0.439197
-0.439432
-0.439824
-0.439902
-0.440293
-0.440606
-0.440919
-0.441076
-0.441859
-0.442172
-0.442328
-0.442876
-0.443033
-0.443502
-0.443581
-0.443581
-0.443815
-0.444442
-0.444442
-0.445068
-0.444989
-0.445224
-0.445694
-0.445929
-0.446085
-0.446555
-0.446946
-0.447024
-0.447181
-0.447494
-0.447807
-0.447885
-0.448277
-0.448903
-0.448746
-0.449059
-0.449529
-0.449764
-0.449842
-0.450155
-0.450312
-0.450625
-0.451094
-0.451094
-0.451408
-0.451799
-0.452112
-0.452425
-0.452660
-0.453051
-0.453208
-0.453521
-0.453756
-0.454069
-0.454617
-0.454382
-0.454695
-0.455321
-0.455243
-0.455478
-0.456104
-0.456339
-0.456652
-0.456808
-0.457121
-0.457669
-0.457513
-0.457982
-0.458374
-0.458687
-0.458530
-0.459078
-0.459235
-0.459391
-0.459861
-0.460252
-0.461035
-0.460878
-0.461113
-0.461739
-0.461896
-0.461974
-0.462209
-0.462600
-0.462757
-0.462991
-0.463383
-0.463852
-0.463774
-0.464322
-0.464400
-0.464557
-0.465105
-0.465261
-0.465496
-0.465966
-0.466279
-0.466748
-0.466592
-0.467296
-0.467453
-0.467688
-0.468079
-0.468157
-0.468549
-0.469097
-0.469253
-0.469410
-0.469175
-0.469957
-0.470662
-0.470505
-0.470975
-0.471445
-0.471836
-0.471758
-0.472306
-0.472619
-0.472619
-0.473323
-0.473323
-0.473558
-0.473793
-0.474184
-0.474810
-0.475123
-0.475358
-0.475358
-0.475123
-0.475828
-0.476141
-0.476454
-0.476767
-0.477237
-0.477550
-0.477863
-0.477941
-0.478411
-0.478489
-0.478724
-0.479115
-0.479350
-0.479585
-0.479663
-0.480054
-0.480367
-0.480524
-0.481150
-0.481463
-0.481855
-0.481855
-0.482402
-0.482794
-0.483420
-0.483342
-0.483811
-0.483968
-0.484281
-0.484829
-0.485220
-0.485298
-0.485455
-0.486081
-0.486159
-0.486629
-0.486629
-0.486942
-0.487255
-0.487646
-0.488194
-0.488429
-0.488351
-0.488429
-0.488977
-0.488977
-0.489525
-0.489916
-0.490073
-0.490386
-0.490464
-0.491090
-0.491247
-0.491638
-0.492264
-0.492264
-0.492734
-0.492812
-0.493125
-0.493125
-0.493673
-0.493986
-0.494299
-0.494378
-0.494691
-0.495082
-0.495473
-0.495708
-0.495865
-0.496021
-0.496647
-0.496647
-0.497274
-0.497587
-0.497665
-0.497743
-0.498213
-0.498526
-0.498683
-0.499152
-0.499387
-0.499700
-0.499857
-0.500404
-0.500483
-0.500561
-0.501109
-0.501422
-0.501657
-0.501735
-0.502126
-0.502518
-0.502753
-0.503222
-0.503770
-0.503692
-0.504318
-0.504318
-0.504709
-0.505022
-0.505022
-0.505649
-0.505962
-0.506431
-0.506353
-0.506901
-0.507214
-0.507449
-0.507527
-0.508075
-0.508310
-0.508388
-0.508388
-0.508936
-0.509171
-0.509405
-0.509719
-0.510188
-0.510266
-0.510580
-0.510893
-0.511206
-0.511597
-0.512067
-0.512301
-0.512771
-0.512771
-0.512928
-0.513319
-0.513397
-0.513789
-0.514102
-0.514884
-0.514806
-0.515354
-0.515197
-0.515511
-0.515745
-0.515745
-0.516215
-0.516685
-0.517076
-0.517389
-0.517311
-0.517937
-0.518093
-0.518407
-0.518876
-0.518798
-0.519111
-0.519659
-0.519894
-0.520520
-0.520285
-0.520755
-0.520989
-0.521616
-0.521929
-0.521929
-0.522085
-0.522163
-0.522868
-0.523103
-0.523729
-0.523651
-0.524042
-0.524277
-0.524512
-0.524981
-0.525059
-0.525920
-0.525842
-0.526390
-0.526625
-0.526625
-0.526781
-0.527251
-0.527251
-0.527799
-0.528425
-0.528582
-0.528816
-0.529051
-0.529521
-0.529599
-0.529756
-0.530069
-0.530225
-0.530538
-0.530617
-0.531164
-0.531399
-0.531556
-0.532025
-0.532417
-0.532965
-0.532965
-0.533199
-0.533434
-0.533904
-0.534139
-0.534374
-0.534374
-0.534843
-0.535000
-0.535000
-0.535626
-0.535704
-0.536174
-0.536565
-0.536800
-0.536956
-0.537426
-0.537504
-0.537974
-0.538130
-0.538365
-0.538757
-0.539226
-0.539539
-0.539539
-0.540009
-0.540400
-0.540792
-0.541105
-0.541261
-0.541653
-0.541809
-0.542279
-0.542357
-0.542435
-0.542983
-0.543296
-0.543453
-0.543922
-0.544157
-0.544392
-0.544862
-0.545097
-0.545410
-0.545410
-0.545957
-0.546114
-0.546505
-0.546584
-0.547132
-0.547523
-0.547836
-0.547914
-0.548306
-0.548619
-0.548775
-0.548853
-0.549401
-0.549871
-0.549714
-0.550341
-0.550497
-0.550732
-0.550967
-0.551123
-0.551358
-0.551515
-0.552063
-0.552297
-0.552376
-0.552767
-0.552923
-0.553315
-0.553550
-0.553863
-0.554645
-0.554411
-0.554880
-0.555272
-0.555585
-0.555819
-0.555898
-0.556367
-0.556289
-0.556994
-0.557541
-0.557854
-0.557854
-0.558324
-0.558481
-0.559107
-0.559576
-0.559733
-0.559655
-0.560046
-0.560203
-0.560516
-0.560829
-0.560985
-0.561611
-0.561846
-0.562394
-0.562942
-0.562785
-0.563177
-0.563568
-0.563803
-0.564194
-0.564194
-0.564429
-0.564820
-0.565134
-0.565447
-0.565760
-0.565995
-0.566073
-0.566621
-0.566856
-0.566777
-0.567169
-0.567716
-0.567951
-0.568186
-0.568343
-0.568734
-0.568969
-0.569595
-0.569751
-0.569673
-0.570221
-0.570378
-0.570691
-0.570926
-0.571395
-0.571160
-0.571865
-0.572334
-0.572334
-0.572726
-0.573039
-0.573587
-0.573822
-0.574056
-0.574448
-0.574604
-0.574917
-0.575152
-0.575622
-0.575778
-0.576091
-0.576639
-0.576639
-0.577187
-0.577344
-0.577500
-0.577892
-0.578361
-0.578518
-0.578831
-0.579222
-0.579300
-0.579692
-0.579848
-0.580318
-0.580474
-0.580944
-0.581179
-0.581805
-0.582118
-0.582353
-0.582353
-0.582666
-0.583057
-0.583449
-0.583527
-0.583605
-0.584231
-0.584623
-0.584936
-0.585327
-0.585953
-0.586032
-0.586188
-0.586736
-0.586971
-0.587206
-0.587754
-0.587675
-0.588301
-0.588223
-0.588771
-0.588771
-0.589319
-0.589554
-0.589632
-0.589945
-0.590102
-0.590650
-0.590963
-0.591276
-0.591354
-0.591745
-0.592137
-0.592763
-0.592998
-0.593154
-0.593311
-0.593624
-0.593780
-0.594250
-0.594250
-0.594485
-0.594798
-0.595267
-0.595424
-0.595581
-0.595815
-0.596285
-0.596911
-0.597146
-0.597302
-0.597616
-0.597929
-0.598320
-0.598398
-0.598555
-0.598711
-0.599024
-0.599729
-0.599807
-0.600042
-0.600433
-0.601529
-0.601372
-0.601529
-0.602155
-0.602703
-0.602703
-0.603016
-0.603251
-0.603564
-0.603799
-0.604112
-0.604582
-0.604895
-0.604895
-0.605521
-0.605677
-0.606147
-0.606382
-0.606538
-0.606695
-0.606851
-0.607243
-0.607478
-0.607869
-0.608260
-0.608182
-0.608886
-0.608965
-0.609434
-0.609826
-0.610139
-0.610530
-0.610687
-0.611000
-0.611234
-0.611548
-0.612095
-0.612095
-0.612252
-0.612565
-0.612800
-0.613113
-0.613504
-0.613896
-0.614365
-0.614522
-0.614678
-0.614757
-0.615461
-0.615852
-0.615931
-0.616244
-0.616479
-0.616557
-0.617261
-0.617574
-0.617966
-0.618122
-0.618592
-0.618670
-0.618983
-0.619061
-0.619375
-0.619609
-0.620157
-0.620470
-0.620549
-0.620783
-0.621253
-0.621644
-0.621723
-0.622036
-0.622349
-0.622740
-0.622897
-0.623445
-0.623288
-0.623836
-0.624306
-0.624384
-0.624619
-0.625088
-0.625401
-0.625714
-0.625871
-0.626184
-0.626497
-0.626654
-0.627045
-0.627202
-0.627593
-0.627828
-0.628454
-0.628297
-0.628767
-0.628923
-0.629158
-0.629471
-0.629706
-0.630176
-0.630489
-0.630567
-0.631193
-0.631272
-0.631663
-0.632054
-0.632524
-0.632680
-0.632680
-0.632837
-0.633307
-0.633776
-0.634089
-0.634246
-0.634324
-0.634715
-0.634950
-0.635342
-0.635655
-0.635733
-0.636437
-0.636437
-0.636829
-0.637298
-0.637142
-0.637690
-0.638003
-0.638159
-0.638238
-0.638629
-0.638707
-0.639177
-0.639725
-0.639881
-0.640273
-0.640742
-0.641055
-0.641055
-0.641447
-0.641916
-0.641916
-0.642464
-0.642621
-0.643169
-0.643638
-0.643638
-0.643951
-0.644499
-0.644577
-0.644656
-0.645125
-0.645595
-0.645751
-0.646065
-0.646299
-0.646769
-0.647004
-0.647317
-0.647473
-0.648100
-0.648100
-0.648569
-0.648413
-0.648882
-0.648882
-0.649430
-0.649821
-0.649978
-0.650448
-0.650682
-0.651152
-0.651465
-0.651543
-0.651856
-0.652170
-0.652483
-0.652874
-0.653265
