-0.550027
-0.550497
-0.550810
-0.551123
-0.551123
-0.551358
-0.551828
-0.551984
-0.552610
-0.552532
-0.552845
-0.553158
-0.553550
-0.553941
-0.554176
-0.554489
-0.554645
-0.554880
-0.555272
-0.555898
-0.555819
-0.556133
-0.556524
-0.556289
-0.556759
-0.557307
-0.557385
-0.557698
-0.557854
-0.558089
-0.558637
-0.559029
-0.559107
-0.559342
-0.559655
-0.559733
-0.560359
-0.560672
-0.560516
-0.561298
-0.561455
-0.561690
-0.562081
-0.562472
-0.562707
-0.563099
-0.563412
-0.563646
-0.563568
-0.563881
-0.564116
-0.564273
-0.564586
-0.565055
-0.565212
-0.565760
-0.566073
-0.566386
-0.566464
-0.566856
-0.567325
-0.567482
-0.567716
-0.567951
-0.568186
-0.568656
-0.568891
-0.569282
-0.569595
-0.569595
-0.569908
-0.570534
-0.570691
-0.570769
-0.571082
-0.571317
-0.571473
-0.571865
-0.572413
-0.572491
-0.572491
-0.573195
-0.573430
-0.573508
-0.574291
-0.574056
-0.574448
-0.574604
-0.574996
-0.575465
-0.575465
-0.575935
-0.576483
-0.576717
-0.577031
-0.577422
-0.577735
-0.577735
-0.578048
-0.578439
-0.578674
-0.579144
-0.579222
-0.579770
-0.579770
-0.580161
-0.580474
-0.580944
-0.581022
-0.581335
-0.581883
-0.582118
-0.582588
-0.582744
-0.582588
-0.583214
-0.583370
-0.583684
-0.584075
-0.584231
-0.584623
-0.584544
-0.585092
-0.585640
-0.585562
-0.585797
-0.586188
-0.586658
-0.586893
-0.586893
-0.587049
-0.587597
-0.587754
-0.588223
-0.588615
-0.588849
-0.589084
-0.589397
-0.589789
-0.590023
-0.590415
-0.590650
-0.591041
-0.591041
-0.591354
-0.591745
-0.591824
-0.592371
-0.592763
-0.592919
-0.593311
-0.593780
-0.593702
-0.593859
-0.594015
-0.594563
-0.594876
-0.595424
-0.595659
-0.595815
-0.596050
-0.596598
-0.596755
-0.597224
-0.597381
-0.597381
-0.597772
-0.598085
-0.598398
-0.598790
-0.598711
-0.599416
-0.599494
-0.599964
-0.600355
-0.600590
-0.600903
-0.601372
-0.601686
-0.601999
-0.602077
-0.602625
-0.602781
-0.603094
-0.603486
-0.603799
-0.604268
-0.604268
-0.604503
-0.604660
-0.605286
-0.605443
-0.605599
-0.606069
-0.606382
-0.606930
-0.607243
-0.607243
-0.607712
-0.607947
-0.608104
-0.608182
-0.609043
-0.608965
-0.609121
-0.609669
-0.609826
-0.610060
-0.610452
-0.610765
-0.611234
-0.611469
-0.611939
-0.611861
-0.612330
-0.612878
-0.612878
-0.613426
-0.613426
-0.613974
-0.614287
-0.614522
-0.614757
-0.615070
-0.615696
-0.616009
-0.616087
-0.616322
-0.616870
-0.616948
-0.617261
-0.617496
-0.617809
-0.617966
-0.618514
-0.618435
-0.618748
-0.619296
-0.619609
-0.620001
-0.620236
-0.620705
-0.620627
-0.620627
-0.621175
-0.621410
-0.622192
-0.622505
-0.622584
-0.623210
-0.623288
-0.623366
-0.623836
-0.624227
-0.624306
-0.624619
-0.624619
-0.624853
-0.625245
-0.625714
-0.626106
-0.626341
-0.626888
-0.627045
-0.627593
-0.627515
-0.627906
-0.627984
-0.628454
-0.628454
-0.629080
-0.629393
-0.629550
-0.629784
-0.630176
-0.630332
-0.630724
-0.630958
-0.631350
-0.631428
-0.631898
-0.632289
-0.632680
-0.632915
-0.633463
-0.633620
-0.633776
-0.634011
-0.634246
-0.634715
-0.634872
-0.635342
-0.635576
-0.635655
-0.636281
-0.636594
-0.636829
-0.636907
-0.637377
-0.637924
-0.638003
-0.638316
-0.638942
-0.639020
-0.639490
-0.639490
-0.639568
-0.640116
-0.640586
-0.640820
-0.640664
-0.641525
-0.641525
-0.642229
-0.642229
-0.642308
-0.642855
-0.643325
-0.643325
-0.643716
-0.643873
-0.644186
-0.644421
-0.644812
-0.645047
-0.645517
-0.645751
-0.646065
-0.646065
-0.646612
-0.646612
-0.647004
-0.647395
-0.647630
-0.648413
-0.648647
-0.648882
-0.648647
-0.649117
-0.649743
-0.649665
-0.649821
-0.650604
-0.650839
-0.651230
-0.651465
-0.651543
-0.651856
-0.652091
-0.652717
-0.653031
-0.653031
-0.653344
-0.653657
-0.654126
-0.654518
-0.654987
-0.655144
-0.655379
-0.655927
-0.656083
-0.656631
-0.656866
-0.656709
-0.657179
-0.657648
-0.658040
-0.658353
-0.658666
-0.658823
-0.659057
-0.659683
-0.659683
-0.660075
-0.660701
-0.660701
-0.660858
-0.661249
-0.661797
-0.661797
-0.662266
-0.662658
-0.662814
-0.663284
-0.663284
-0.663597
-0.663362
-0.663440
-0.663362
-0.663519
-0.663284
-0.663362
-0.663284
-0.662971
-0.662893
-0.662814
-0.663049
-0.662736
-0.662579
-0.662501
-0.662032
-0.661875
-0.661640
-0.661718
-0.661014
-0.661171
-0.660544
-0.660310
-0.660153
-0.659918
-0.659527
-0.659370
-0.659057
-0.658979
-0.658275
-0.658040
-0.658118
-0.657257
-0.657335
-0.657022
-0.656787
-0.656083
-0.655927
-0.655692
-0.655222
-0.654909
-0.654596
-0.654283
-0.653657
-0.653422
-0.653265
-0.652952
-0.652483
-0.652326
-0.651935
-0.651622
-0.651387
-0.651074
-0.650761
-0.650369
-0.650135
-0.649821
-0.649430
-0.648882
-0.648804
-0.648491
-0.647943
-0.647708
-0.647317
-0.647082
-0.646612
-0.646143
-0.645986
-0.645673
-0.645517
-0.644969
-0.644421
-0.644108
-0.643795
-0.643169
-0.643012
-0.642542
-0.642308
-0.642151
-0.641838
-0.641290
-0.641055
-0.640977
-0.640273
-0.639803
-0.639646
-0.639646
-0.639099
-0.638864
-0.638629
-0.638238
-0.637924
-0.637220
-0.637377
-0.636672
-0.636437
-0.635811
-0.635733
-0.635498
-0.635028
-0.634872
-0.634559
-0.633854
-0.633463
-0.633620
-0.633228
-0.632680
-0.632289
-0.631898
-0.631976
-0.631350
-0.631272
-0.630724
-0.630489
-0.630097
-0.629941
-0.629393
-0.629080
-0.628767
-0.628297
-0.627984
-0.627828
-0.627671
-0.626967
-0.626732
-0.626184
-0.625949
-0.625714
-0.625245
-0.624853
-0.624697
-0.624149
-0.623836
-0.623836
-0.623445
-0.623210
-0.622349
-0.622114
-0.621723
-0.621410
-0.621253
-0.621018
-0.620783
-0.620157
-0.619609
-0.619453
-0.619140
-0.618748
-0.618670
-0.618200
-0.617653
-0.617418
-0.617261
-0.617026
-0.616792
-0.616165
-0.616087
-0.615696
-0.615539
-0.614991
-0.614600
-0.614052
-0.613817
-0.613504
-0.612878
-0.612800
-0.612095
-0.612252
-0.611861
-0.611626
-0.611156
-0.610921
-0.610530
-0.610217
-0.609982
-0.609826
-0.609669
-0.608965
-0.608886
-0.608417
-0.608260
-0.607791
-0.607556
-0.607086
-0.606695
-0.606460
-0.606069
-0.605990
-0.605364
-0.605129
-0.604660
-0.604268
-0.604347
-0.604190
-0.603642
-0.603173
-0.602625
-0.602547
-0.602155
-0.602077
-0.601451
-0.601138
-0.600512
-0.600042
-0.599807
-0.599181
-0.599024
-0.598398
-0.598007
-0.597616
-0.597537
-0.597224
-0.596911
-0.596598
-0.596363
-0.595894
-0.595581
-0.595033
-0.595111
-0.594720
-0.594015
-0.593780
-0.593389
-0.593154
-0.592763
-0.592371
-0.592058
-0.591902
-0.591432
-0.591119
-0.590806
-0.590415
-0.590571
-0.590023
-0.589632
-0.589241
-0.588771
-0.588928
-0.588223
-0.588067
-0.587754
-0.586971
-0.586971
-0.586423
-0.586501
-0.585640
-0.585797
-0.585327
-0.584623
-0.584388
-0.584231
-0.583997
-0.583449
-0.583136
-0.582744
-0.582431
-0.581962
-0.581883
-0.581335
-0.580944
-0.580474
-0.580005
-0.579613
-0.579613
-0.579222
-0.578831
-0.578439
-0.578205
-0.578048
-0.577578
-0.577344
-0.577109
-0.576717
-0.576170
-0.576170
-0.575622
-0.575230
-0.574839
-0.574448
-0.574213
-0.573978
-0.573587
-0.573430
-0.573117
-0.572726
-0.572491
-0.572100
-0.571787
-0.571708
-0.571082
-0.570926
-0.570456
-0.569908
-0.569595
-0.569047
-0.568969
-0.568734
-0.568343
-0.568030
-0.567951
-0.567482
-0.567169
-0.567012
-0.566699
-0.566073
-0.565760
-0.565760
-0.565447
-0.564742
-0.564977
-0.564194
-0.564116
-0.563568
-0.563333
-0.563020
-0.562707
-0.562238
-0.562316
-0.561846
-0.561298
-0.561220
-0.560437
-0.560046
-0.559576
-0.559342
-0.558872
-0.558402
-0.558246
-0.557854
-0.557698
-0.557228
-0.556994
-0.556524
-0.556289
-0.556211
-0.555976
-0.555428
-0.555272
-0.554645
-0.554254
-0.554176
-0.553784
-0.553393
-0.552923
-0.552767
-0.552454
-0.552141
-0.551671
-0.551436
-0.550732
-0.550575
-0.550106
-0.549949
-0.549636
-0.549323
-0.548932
-0.548697
-0.548227
-0.547836
-0.547758
-0.547445
-0.547210
-0.547132
-0.546584
-0.546192
-0.545566
-0.545253
-0.545097
-0.545018
-0.544862
-0.544470
-0.544079
-0.543296
-0.543140
-0.543061
-0.542435
-0.542357
-0.541887
-0.541418
-0.541496
-0.541026
-0.540792
-0.540635
-0.540244
-0.539618
-0.539305
-0.539070
-0.538913
-0.538444
-0.538522
-0.538130
-0.537739
-0.537426
-0.537113
-0.536800
-0.536487
-0.536252
-0.535704
-0.535626
-0.535313
-0.535078
-0.534295
-0.534217
-0.533669
-0.533513
-0.533278
-0.533043
-0.532495
-0.532025
-0.531634
-0.531243
-0.531321
-0.530617
-0.530382
-0.530225
-0.529677
-0.529599
-0.528895
-0.528816
-0.528738
-0.528190
-0.527877
-0.527642
-0.527486
-0.526860
-0.526625
-0.526233
-0.525842
-0.525686
-0.525373
-0.524825
-0.524590
-0.524355
-0.523964
-0.523651
-0.523337
-0.522868
-0.522633
-0.522398
-0.522085
-0.521302
-0.521068
-0.520755
-0.520442
-0.520050
-0.519502
-0.519033
-0.518876
-0.518563
-0.518250
-0.518172
-0.517937
-0.517076
-0.517311
-0.516841
-0.516293
-0.516058
-0.515824
-0.515354
-0.515197
-0.514963
-0.514650
-0.514650
-0.514493
-0.513789
-0.513554
-0.513241
-0.513084
-0.512693
-0.512223
-0.511988
-0.511754
-0.511362
-0.511049
-0.510501
-0.510032
-0.509875
-0.509562
-0.509327
-0.509092
-0.508701
-0.508545
-0.507997
-0.508075
-0.507605
-0.507292
-0.506823
-0.506588
-0.506353
-0.505883
-0.505414
-0.505335
-0.504631
-0.504631
-0.504318
-0.504005
-0.503535
-0.503300
-0.503144
-0.502674
-0.502048
-0.502048
-0.501578
-0.500874
-0.500796
-0.500483
-0.500091
-0.500091
-0.499700
-0.499387
-0.498839
-0.498526
-0.498448
-0.498056
-0.498056
-0.497508
-0.497039
-0.496804
-0.496491
-0.495943
-0.495865
-0.495552
-0.495160
-0.495004
-0.494612
-0.494221
-0.494221
-0.493595
-0.493438
-0.493125
-0.493047
-0.492812
-0.492108
-0.491951
-0.491482
-0.491403
-0.490934
-0.490542
-0.490151
-0.490151
-0.489681
-0.489290
-0.488899
-0.488507
-0.488194
-0.487646
-0.487333
-0.487333
-0.486707
-0.486551
-0.486316
-0.486472
-0.485846
-0.485377
-0.485142
-0.485064
-0.484516
-0.484203
-0.484046
-0.483498
-0.483420
-0.483263
-0.482637
-0.482481
-0.482011
-0.481463
-0.480837
-0.480602
-0.480367
-0.480133
-0.479193
-0.479193
-0.479193
-0.478411
-0.478098
-0.477706
-0.477471
-0.477080
-0.476610
-0.476532
-0.476063
-0.475828
-0.475593
-0.475123
-0.475123
-0.474888
-0.474106
-0.473871
-0.473714
-0.473010
-0.473088
-0.472619
-0.472384
-0.471914
-0.471366
-0.471523
-0.471132
-0.470192
-0.470114
-0.469879
-0.469253
-0.469175
-0.468783
-0.468392
-0.468157
-0.467766
-0.467531
-0.467218
-0.467218
-0.466827
-0.466279
-0.465966
-0.465809
-0.465340
-0.465105
-0.464870
-0.464479
-0.464244
-0.463539
-0.463226
-0.463070
-0.462444
-0.462287
-0.461817
-0.461504
-0.461661
-0.461270
-0.460800
-0.460252
-0.460017
-0.459861
-0.459704
-0.459078
-0.458843
-0.458530
-0.458295
-0.457826
-0.457747
-0.457513
-0.456808
-0.456573
-0.456573
-0.456025
-0.455791
-0.455478
-0.454930
-0.454773
-0.454382
-0.454069
-0.453599
-0.453364
-0.453286
-0.452895
-0.452347
-0.452112
-0.451955
-0.451799
-0.451486
-0.450860
-0.450625
-0.450703
-0.450077
-0.449842
-0.449529
-0.448981
-0.448746
-0.448512
-0.448198
-0.447651
-0.447494
-0.447024
-0.446633
-0.446711
-0.446320
-0.445850
-0.445929
-0.445616
-0.445146
-0.444598
-0.444285
-0.443972
-0.443737
-0.443189
-0.443189
-0.442328
-0.442093
-0.441624
-0.440998
-0.440998
-0.440450
-0.440293
-0.439824
-0.439511
-0.439119
-0.438806
-0.438728
-0.438180
-0.438023
-0.437867
-0.437554
-0.437162
-0.436771
-0.436223
-0.436145
-0.435832
-0.435441
-0.435127
-0.434893
-0.434266
-0.434032
-0.433875
-0.433327
-0.433171
-0.432858
-0.432545
-0.432388
-0.431840
-0.431762
-0.431684
-0.431292
-0.430588
-0.430431
-0.430118
-0.429649
-0.429257
-0.429257
-0.428709
-0.428318
-0.428083
-0.427927
-0.427535
-0.426909
-0.426674
-0.426283
-0.425970
-0.425422
-0.425422
-0.425031
-0.424639
-0.424561
-0.423935
-0.423778
-0.423778
-0.423387
-0.422839
-0.422683
-0.422448
-0.422213
-0.421665
-0.421352
-0.421117
-0.420648
-0.420413
-0.420178
-0.419552
-0.419552
-0.419239
-0.418847
-0.418456
-0.418065
-0.417673
-0.417517
-0.417438
-0.416891
-0.416421
-0.415951
-0.415873
-0.415717
-0.415247
-0.415012
-0.414934
-0.414386
-0.414151
-0.414229
-0.413682
-0.413368
-0.413212
-0.412742
-0.412273
-0.412116
-0.411803
-0.411647
-0.410942
-0.410707
-0.410707
-0.410394
-0.410238
-0.409925
-0.409533
-0.409064
-0.409064
-0.408594
-0.408203
-0.407811
-0.407811
-0.407498
-0.406872
-0.406637
-0.406246
-0.406089
-0.405933
-0.405385
-0.405228
-0.404915
-0.404602
-0.404602
-0.404133
-0.403663
-0.403506
-0.403037
-0.402802
-0.402176
-0.402098
-0.401785
-0.401237
-0.401080
-0.400767
-0.400376
-0.400063
-0.399515
-0.398967
-0.398654
-0.398654
-0.398419
-0.398341
-0.397949
-0.397714
-0.397401
-0.396775
-0.396384
-0.396306
-0.395914
-0.395679
-0.395523
-0.394975
-0.395132
-0.394505
-0.394192
-0.393958
-0.393879
-0.393331
-0.392705
-0.392862
-0.392627
-0.391923
-0.391923
-0.391609
-0.391062
-0.390670
-0.390357
-0.390044
-0.389888
-0.389418
-0.389340
-0.389027
-0.388479
-0.388322
-0.387852
-0.387618
-0.387461
-0.386992
-0.386835
-0.386600
-0.386365
-0.385739
-0.385661
-0.385113
-0.385035
-0.384643
-0.384565
-0.384017
-0.383704
-0.383469
-0.382765
-0.382843
-0.382295
-0.382061
-0.381513
-0.381356
-0.380808
-0.380886
-0.380886
-0.380339
-0.379869
-0.379791
-0.379478
-0.379008
-0.378538
-0.378460
-0.377834
-0.377756
-0.377599
-0.377051
-0.376425
-0.376425
-0.376034
-0.375799
-0.375486
-0.374860
-0.374547
-0.374468
-0.374468
-0.373920
-0.373764
-0.373764
-0.373294
-0.372590
-0.372355
-0.372120
-0.371964
-0.371651
-0.371024
-0.371024
-0.370711
-0.370320
-0.369929
-0.369850
-0.369850
-0.369616
-0.368833
-0.368520
-0.367972
-0.367894
-0.367189
-0.366954
-0.366876
-0.366328
-0.366407
-0.366015
-0.365624
-0.365311
-0.365154
-0.364763
-0.364450
-0.364058
-0.363432
-0.363119
-0.363041
-0.362806
-0.362650
-0.362023
-0.362023
-0.361476
-0.361241
-0.360849
-0.360536
-0.359988
-0.359519
-0.359206
-0.358580
-0.358345
-0.358345
-0.357640
-0.357562
-0.357406
-0.357092
-0.356545
-0.356388
-0.356231
-0.355527
-0.355292
-0.355214
-0.354901
-0.354666
-0.354196
-0.354431
-0.353727
-0.353257
-0.353492
-0.352788
-0.352709
-0.352318
-0.352005
-0.351770
-0.351535
-0.350909
-0.350596
-0.350674
-0.350283
-0.349813
-0.349422
-0.349187
-0.348952
-0.348796
-0.348405
-0.348091
-0.347778
-0.347230
-0.346683
-0.346448
-0.346369
-0.345900
-0.345665
-0.345274
-0.344961
-0.344882
-0.344882
-0.344178
-0.343708
-0.343552
-0.343552
-0.343239
-0.342691
-0.342769
-0.342456
-0.342299
-0.342065
-0.341752
-0.341282
-0.340891
-0.340891
-0.340499
-0.340186
-0.339482
-0.339403
-0.338934
-0.338621
-0.338151
-0.338229
-0.337838
-0.337682
-0.337447
-0.336899
-0.336742
-0.336194
-0.336194
-0.335803
-0.335647
-0.335177
-0.334942
-0.334551
-0.334394
-0.334159
-0.333925
-0.333533
-0.333064
-0.332672
-0.332594
-0.332203
-0.331733
-0.331811
-0.331577
-0.330872
-0.330481
-0.330011
-0.330402
-0.329855
-0.329463
-0.328915
-0.328915
-0.328524
-0.328446
-0.327976
-0.327663
-0.327428
-0.327350
-0.327193
-0.326802
-0.326332
-0.326489
-0.325785
-0.325628
-0.325237
-0.324767
-0.324610
-0.324297
-0.324063
-0.323828
-0.323593
-0.323123
-0.323045
-0.322810
-0.322497
-0.322028
-0.321793
-0.321245
-0.321167
-0.320697
-0.320462
-0.320149
-0.319993
-0.319758
-0.319210
-0.318897
-0.318819
-0.318584
-0.318114
-0.317879
-0.317644
-0.317097
-0.316784
-0.316392
-0.316314
-0.316079
-0.315923
-0.315531
-0.315218
-0.315062
-0.314514
-0.314201
-0.314122
-0.313731
-0.313418
-0.313183
-0.313105
-0.312870
-0.312557
-0.312166
-0.312166
-0.311853
-0.311461
-0.310757
-0.310444
-0.309974
-0.309739
-0.309270
-0.309191
-0.309035
-0.308957
-0.308643
-0.308409
-0.307939
-0.307939
-0.307313
-0.306922
-0.306843
-0.306687
-0.306687
-0.306687
-0.305904
-0.305513
-0.305356
-0.305356
-0.304965
-0.304652
-0.304182
-0.304104
-0.303712
-0.303243
-0.303165
-0.302773
-0.302617
-0.302147
-0.302147
-0.301599
-0.301364
-0.301130
-0.300895
-0.300425
-0.300112
-0.299564
-0.299564
-0.299251
-0.299095
-0.298703
-0.298234
-0.298234
-0.297686
-0.297529
-0.297060
-0.296981
-0.296355
-0.296355
-0.296042
-0.295729
-0.295181
-0.295259
-0.294946
-0.294633
-0.294320
-0.294164
-0.294164
-0.293537
-0.293303
-0.293303
-0.292676
-0.292285
-0.292050
-0.291815
-0.291815
-0.291502
-0.290954
-0.290563
-0.290563
-0.290328
-0.289780
-0.289546
-0.289233
-0.288998
-0.288919
-0.288450
-0.288293
-0.288137
-0.287667
-0.287432
-0.287354
-0.286884
-0.286650
-0.286650
-0.286180
-0.285945
-0.285476
-0.285241
-0.285163
-0.284849
-0.284615
-0.284380
-0.283832
-0.283910
-0.283597
-0.283284
-0.283206
-0.282736
-0.282188
-0.281797
-0.281406
-0.281484
-0.281327
-0.280388
-0.280623
-0.280232
-0.279997
-0.279527
-0.279214
-0.278979
-0.278744
-0.278510
-0.277962
-0.277805
-0.277336
-0.277101
-0.276709
-0.276631
-0.276553
-0.276396
-0.276005
-0.275848
-0.275066
-0.275222
-0.274518
-0.274440
-0.274126
-0.274126
-0.273657
-0.273735
-0.273031
-0.273109
-0.272639
-0.272248
-0.272170
-0.271778
-0.271700
-0.271309
-0.271230
-0.270917
-0.270683
-0.270291
-0.269900
-0.269900
-0.269430
-0.269509
-0.269195
-0.269039
-0.268335
-0.268413
-0.267943
-0.267708
-0.267317
-0.267317
-0.266769
-0.266769
-0.266378
-0.266221
-0.265986
-0.265673
-0.265360
-0.265204
-0.264969
-0.264656
-0.264264
-0.264264
-0.264030
-0.263717
-0.263325
-0.263012
-0.262777
-0.262543
-0.262073
-0.261838
-0.261682
-0.261368
-0.261290
-0.261055
-0.260821
-0.260351
-0.260194
-0.259647
-0.259647
-0.259099
-0.259099
-0.258786
-0.258629
-0.258316
-0.257846
-0.257298
-0.257612
-0.257220
-0.257064
-0.256829
-0.256124
-0.256124
-0.255733
-0.255655
-0.255342
-0.254950
-0.255029
-0.254794
-0.254637
-0.254089
-0.253776
-0.253698
-0.253463
-0.253150
-0.252759
-0.252759
-0.252446
-0.252211
-0.251898
-0.251898
-0.251663
-0.251350
-0.251193
-0.250724
-0.250332
-0.250332
-0.249863
-0.249237
-0.249158
-0.249237
-0.249002
-0.248767
-0.248219
-0.248297
-0.247906
-0.247750
-0.247515
-0.247045
-0.247202
-0.246654
-0.246341
-0.246262
-0.246262
-0.245558
-0.245715
-0.245558
-0.245323
-0.244932
-0.244540
-0.244384
-0.244149
-0.243836
-0.243523
-0.243288
-0.242975
-0.242897
-0.242740
-0.242584
-0.242505
-0.242192
-0.241879
-0.241801
-0.241175
-0.240784
-0.240314
-0.240157
-0.239453
-0.239688
-0.239531
-0.239140
-0.238905
-0.238435
-0.238357
-0.238122
-0.238044
-0.237653
-0.237340
-0.237418
-0.236870
-0.236557
-0.236557
-0.236557
-0.236322
-0.236244
-0.235853
-0.235305
-0.235461
-0.235148
-0.234913
-0.234522
-0.234287
-0.234209
-0.233974
-0.233818
-0.233583
-0.233348
-0.232800
-0.232487
-0.232096
-0.232174
-0.232252
-0.231626
-0.231391
-0.231156
-0.231078
-0.231000
-0.230765
-0.230687
-0.230139
-0.229826
-0.229434
-0.229278
-0.229200
-0.228887
-0.228730
-0.228808
-0.228417
-0.228104
-0.227791
-0.227556
-0.227086
-0.227008
-0.226852
-0.226382
-0.226304
-0.226147
-0.225912
-0.225677
-0.225364
-0.225364
-0.224973
-0.224973
-0.224660
-0.224503
-0.224269
-0.223956
-0.223877
-0.223877
-0.223721
-0.223329
-0.223251
-0.222860
-0.222625
-0.222468
-0.222468
-0.222234
-0.221764
-0.221607
-0.221451
-0.220981
-0.220825
-0.221060
-0.220668
-0.220277
-0.220277
-0.220120
-0.219338
-0.219338
-0.219025
-0.219103
-0.218555
-0.218711
-0.218320
-0.218007
-0.217929
-0.217850
-0.217537
-0.217224
-0.216755
-0.216833
-0.216520
-0.216520
-0.216363
-0.216129
-0.215894
-0.215189
-0.215268
-0.215346
-0.214720
-0.214720
-0.214641
-0.214172
-0.214250
-0.214015
-0.213702
-0.213467
-0.213546
-0.213546
-0.212685
-0.212685
-0.212372
-0.212450
-0.212450
-0.211980
-0.211511
-0.211589
-0.211432
-0.211276
-0.211198
-0.210806
-0.210806
-0.210337
-0.210180
-0.210102
-0.209867
-0.209476
-0.209476
-0.209476
-0.209241
-0.209084
-0.208928
-0.208693
-0.208223
-0.208302
-0.208302
-0.207754
-0.207675
-0.207519
-0.207519
-0.207206
-0.207128
-0.207128
-0.206658
-0.206658
-0.206423
-0.206423
-0.206110
-0.205797
-0.205640
-0.205562
-0.205093
-0.205014
-0.205093
-0.204858
-0.204779
-0.204623
-0.204545
-0.204466
-0.204388
-0.203762
-0.203840
-0.203605
-0.203449
-0.203605
-0.203214
-0.203136
-0.203058
-0.202744
-0.202979
-0.202744
-0.202275
-0.202353
-0.201883
-0.201649
-0.201727
-0.201414
-0.201570
-0.200866
-0.200553
-0.200631
-0.200240
-0.200083
-0.200162
-0.199614
-0.199614
-0.199457
-0.199379
-0.199144
-0.198987
-0.199066
-0.198753
-0.198674
-0.198753
-0.198518
-0.198518
-0.197970
-0.197892
-0.197970
-0.197892
-0.197579
-0.197579
-0.197344
-0.197266
-0.197031
-0.196796
-0.196874
-0.196639
-0.196405
-0.196326
-0.195857
-0.196013
-0.195778
-0.195622
-0.195700
-0.195152
-0.195465
-0.195152
-0.195152
-0.194683
-0.194370
-0.194604
-0.194683
-0.194370
-0.194213
-0.194056
-0.194448
-0.194056
-0.193743
-0.193665
-0.193430
-0.193430
-0.193274
-0.193196
-0.192882
-0.192648
-0.192648
-0.192335
-0.192256
-0.192648
-0.192178
-0.191787
-0.191708
-0.191630
-0.191630
-0.191160
-0.191160
-0.191395
-0.191160
-0.190926
-0.190926
-0.190769
-0.190769
-0.190769
-0.190456
-0.190534
-0.190221
-0.190143
-0.189986
-0.189830
-0.190065
-0.189986
-0.190065
-0.189204
-0.189517
-0.189439
-0.189439
-0.189360
-0.189047
-0.189125
-0.188656
-0.189047
-0.188812
-0.188812
-0.188578
-0.188656
-0.188343
-0.187951
-0.188108
-0.187873
-0.188108
-0.188030
-0.188108
-0.187873
-0.188265
-0.188186
-0.187560
-0.187482
-0.187325
-0.187169
-0.187012
-0.186856
-0.187169
-0.186856
-0.187090
-0.187012
-0.186856
-0.186856
-0.186699
-0.186621
-0.186543
-0.186621
-0.186308
-0.186699
-0.186543
-0.186543
-0.186464
-0.186543
-0.186543
-0.186621
-0.186386
-0.185995
-0.185995
-0.185760
-0.185916
-0.185760
-0.185838
-0.185838
-0.185603
-0.185995
-0.185603
-0.185760
-0.185212
-0.185525
-0.185369
-0.185055
-0.185290
-0.185134
-0.185212
-0.184821
-0.185055
-0.184821
-0.184899
-0.184742
-0.184821
-0.184429
-0.184508
-0.184508
-0.184742
-0.184429
-0.184038
-0.184429
-0.184429
-0.184429
-0.184273
-0.184116
-0.184116
-0.183803
-0.183803
-0.183568
-0.183803
-0.184038
-0.183960
-0.183960
-0.184038
-0.183803
-0.183803
-0.183881
-0.183334
-0.183412
-0.183568
-0.183490
-0.183881
-0.183803
-0.183725
-0.183725
-0.183725
-0.183255
-0.183412
-0.183334
-0.183334
-0.183334
-0.183177
-0.183020
-0.183099
-0.183334
-0.183020
-0.183020
-0.183177
-0.183020
-0.183020
-0.183020
-0.182864
-0.182864
-0.182864
-0.183099
-0.183490
-0.183177
-0.182864
-0.182707
-0.183177
-0.182786
-0.182786
-0.182707
-0.182864
-0.182551
-0.183020
-0.182942
-0.183177
-0.182864
-0.182707
-0.182707
-0.182629
-0.182629
-0.182786
-0.182707
-0.182864
-0.182629
-0.182551
-0.182786
-0.182629
-0.182707
-0.182394
-0.182786
-0.182629
-0.182629
-0.182394
-0.182707
-0.182629
-0.182707
-0.182629
-0.182394
-0.182551
-0.182473
-0.182316
-0.182551
-0.182081
-0.182238
-0.182394
-0.182394
-0.182551
-0.182394
-0.182473
-0.182159
-0.182316
-0.182159
-0.182081
-0.182473
-0.182473
-0.182316
-0.182238
-0.182394
-0.182394
-0.182551
-0.182238
-0.182316
-0.182551
-0.182551
-0.182394
-0.182238
-0.182238
-0.182473
-0.182473
-0.182473
-0.182473
-0.182394
-0.182473
-0.182394
-0.182081
-0.182316
-0.182238
-0.182238
-0.182551
-0.182786
-0.182707
-0.182316
-0.182629
-0.182238
-0.182394
-0.182473
-0.182238
-0.182394
-0.182316
-0.182316
-0.182707
-0.182473
-0.182238
-0.182159
-0.182003
-0.182081
-0.182159
-0.182238
-0.182003
-0.181768
-0.182081
-0.181846
-0.181846
-0.181768
-0.182003
-0.181925
-0.182003
-0.181925
-0.181768
-0.181768
-0.181690
-0.181925
-0.181846
-0.181690
-0.181925
-0.181533
-0.181299
-0.181768
-0.181768
-0.181612
-0.181455
-0.181690
-0.181768
-0.181377
-0.181299
-0.181377
-0.181064
-0.181220
-0.181299
-0.180985
-0.181220
-0.180985
-0.180829
-0.180751
-0.180751
-0.180829
-0.180672
-0.180829
-0.180751
-0.180516
-0.180203
-0.180359
-0.179968
-0.180124
-0.180124
-0.179968
-0.179811
-0.179733
-0.179420
-0.179498
-0.179420
-0.179498
-0.179263
-0.178950
-0.178637
-0.178950
-0.178637
-0.178559
-0.178637
-0.178168
-0.178324
-0.178403
-0.178324
-0.178324
-0.178011
-0.177933
-0.177776
-0.177776
-0.177542
-0.177776
-0.177620
-0.177463
-0.177228
-0.177150
-0.176994
-0.176681
-0.176524
-0.176446
-0.176368
-0.176133
-0.175898
-0.175976
-0.175663
-0.175820
-0.175663
-0.175037
-0.175115
-0.174880
-0.174567
-0.174411
-0.174567
-0.174098
-0.174176
-0.174176
-0.173785
-0.173628
-0.173472
-0.173237
-0.173002
-0.172767
-0.172611
-0.172454
-0.172141
-0.172063
-0.171828
-0.171515
-0.171437
-0.171202
-0.170732
-0.170576
-0.170419
-0.170341
-0.170028
-0.169715
-0.169167
-0.169480
-0.169088
-0.168619
-0.168384
-0.168149
-0.167366
-0.167445
-0.167288
-0.167132
-0.166897
-0.166427
-0.166349
-0.165723
-0.165410
-0.165175
-0.164784
-0.164862
-0.164470
-0.164157
-0.164079
-0.163531
-0.163531
-0.162983
-0.162514
-0.162357
-0.162122
-0.161418
-0.161418
-0.161261
-0.160792
-0.160322
-0.159853
-0.159383
-0.159148
-0.158365
-0.158522
-0.157896
-0.157739
-0.157426
-0.156800
-0.156409
-0.156096
-0.155626
-0.155469
-0.155156
-0.154687
-0.154452
-0.154061
-0.153356
-0.153278
-0.152730
-0.152260
-0.152026
-0.151791
-0.151086
-0.150930
-0.150538
-0.150147
-0.149756
-0.149364
-0.148738
-0.148269
-0.147721
-0.147329
-0.147329
-0.146938
-0.146234
-0.145921
-0.145607
-0.144668
-0.144433
-0.144199
-0.143886
-0.143416
-0.142711
-0.142007
-0.141929
-0.141381
-0.141303
-0.140676
-0.139816
-0.139111
-0.138641
-0.138563
-0.137780
-0.137154
-0.137076
-0.136606
-0.135980
-0.135824
-0.135589
-0.134963
-0.134337
-0.133867
-0.133397
-0.132849
-0.132145
-0.131754
-0.131049
-0.130893
-0.130501
-0.129562
-0.129093
-0.128545
-0.128075
-0.127605
-0.127292
-0.126510
-0.125962
-0.125414
-0.125023
-0.124788
-0.124083
-0.123222
-0.122518
-0.122283
-0.121422
-0.120874
-0.120405
-0.119857
-0.119152
-0.118917
-0.117900
-0.117274
-0.116648
-0.116100
-0.115474
-0.115161
-0.114534
-0.113986
-0.113517
-0.113126
-0.112734
-0.111638
-0.111169
-0.110464
-0.109916
-0.109447
-0.108742
-0.108116
-0.107725
-0.107255
-0.106629
-0.106238
-0.105377
-0.104751
-0.104124
-0.103577
-0.102716
-0.102559
-0.101698
-0.101307
-0.100837
-0.100211
-0.099350
-0.098724
-0.098098
-0.097315
-0.096845
-0.095906
-0.095828
-0.095358
-0.094576
-0.094184
-0.093480
-0.092227
-0.091601
-0.091523
-0.090584
-0.089879
-0.089253
-0.088940
-0.088392
-0.087844
-0.087140
-0.086044
-0.085261
-0.085105
-0.084166
-0.083540
-0.082757
-0.082287
-0.081739
-0.081113
-0.080800
-0.079548
-0.078374
-0.078061
-0.077278
-0.076574
-0.076104
-0.075399
-0.075086
-0.074617
-0.074147
-0.073130
-0.072503
-0.071486
-0.071095
-0.070625
-0.069686
-0.069138
-0.068747
-0.068277
-0.067729
-0.067025
-0.066164
-0.065224
-0.064833
-0.064207
-0.063659
-0.063033
-0.062563
-0.062015
-0.061389
-0.060450
-0.059119
-0.058571
-0.057632
-0.057163
-0.056223
-0.055910
-0.055206
-0.054815
-0.054501
-0.053640
-0.052701
-0.051997
-0.051449
-0.050510
-0.050040
-0.049336
-0.048788
-0.048240
-0.047614
-0.046674
-0.045892
-0.045579
-0.044718
-0.043935
-0.043309
-0.042604
-0.042291
-0.041822
-0.041274
-0.040022
-0.039004
-0.038378
-0.038065
-0.037126
-0.036578
-0.035951
-0.035560
-0.035012
-0.034699
-0.033525
-0.032664
-0.032273
-0.031725
-0.031099
-0.030394
-0.029846
-0.029299
-0.028751
-0.028359
-0.027264
-0.026481
-0.025620
-0.025307
-0.024837
-0.024289
-0.023820
-0.022959
-0.022724
-0.021785
-0.021159
-0.020141
-0.019358
-0.018889
-0.018419
-0.017715
-0.017402
-0.016541
-0.016228
-0.015758
-0.014819
-0.014114
-0.013410
-0.013097
-0.012627
-0.012001
-0.011375
-0.010983
-0.010436
-0.009809
-0.009261
-0.008322
-0.007305
-0.007070
-0.006444
-0.005974
-0.005661
-0.004957
-0.004487
-0.004017
-0.003626
-0.002452
-0.002061
-0.001435
-0.000887
-0.000495
0.000053
0.000679
0.000835
0.001618
0.002166
0.003418
0.003810
0.004514
0.005218
0.005453
0.006079
0.006549
0.007332
0.007332
0.008114
0.008897
0.009602
0.010541
0.010462
0.011010
0.012106
0.012419
0.012654
0.013437
0.014063
0.014689
0.015393
0.015863
0.016333
0.016881
0.017350
0.017742
0.018524
0.019072
0.019464
0.020324
0.021342
0.021499
0.022125
0.022907
0.022986
0.023534
0.024238
0.024629
0.025490
0.026273
0.026743
0.027290
0.028073
0.028151
0.028621
0.029639
0.029639
0.030500
0.030969
0.031439
0.032065
0.032848
0.033396
0.033787
0.034178
0.034413
0.035039
0.035822
0.036292
0.036605
0.037231
0.037935
0.038170
0.038874
0.039344
0.039970
0.040596
0.041457
0.041770
0.042318
0.042710
0.043492
0.044119
0.044588
0.044979
0.045371
0.045606
0.046701
0.047249
0.047484
0.048189
0.048893
0.049363
0.049754
0.050380
0.050693
0.051163
0.052180
0.052572
0.053354
0.053667
0.053824
0.054763
0.055233
0.055468
0.055937
0.056485
0.056876
0.057424
0.057972
0.058364
0.058990
0.059772
0.060242
0.060399
0.061103
0.061260
0.062121
0.062668
0.063138
0.063764
0.064469
0.064547
0.065173
0.065564
0.065878
0.066582
0.067052
0.067365
0.067834
0.068695
0.069087
0.069713
0.070339
0.070887
0.071122
0.071591
0.072061
0.072530
0.073157
0.073704
0.074331
0.074879
0.075113
0.075583
0.076053
0.076835
0.077148
0.077618
0.078166
0.078635
0.079340
0.079731
0.080201
0.080749
0.081218
0.081531
0.082236
0.082862
0.083410
0.083880
0.084271
0.084897
0.085367
0.085836
0.086306
0.086306
0.087089
0.087871
0.088419
0.088497
0.089280
0.089672
0.089985
0.090376
0.090689
0.091080
0.091315
0.092098
0.092646
0.093194
0.093742
0.094133
0.094524
0.094759
0.095385
0.095777
0.096011
0.096481
0.097185
0.097577
0.098046
0.098751
0.099299
0.099612
0.099768
0.100473
0.100786
0.101177
0.101960
0.102351
0.102821
0.103134
0.103682
0.103917
0.104465
0.104934
0.105247
0.105717
0.106186
0.106734
0.107204
0.107752
0.108143
0.108456
0.108691
0.109161
0.109630
0.110100
0.110883
0.111352
0.111587
0.111822
0.112526
0.112996
0.113231
0.113700
0.113857
0.114874
0.115187
0.115892
0.116205
0.116675
0.117222
0.117692
0.117770
0.117927
0.118553
0.119492
0.119962
0.120432
0.120901
0.121449
0.121840
0.121919
0.122310
0.122780
0.123249
0.123954
0.124502
0.124815
0.125128
0.125832
0.126145
0.126380
0.126693
0.127398
0.127789
0.128415
0.128650
0.129120
0.129511
0.130059
0.130294
0.130685
0.131155
0.131389
0.131937
0.132563
0.132798
0.133503
0.133737
0.134285
0.134442
0.134755
0.135303
0.135459
0.135694
0.136633
0.137025
0.137416
0.137729
0.137964
0.138355
0.138825
0.139216
0.139608
0.139921
0.140312
0.140703
0.141564
0.141877
0.142347
0.142738
0.142973
0.143208
0.143991
0.144617
0.145165
0.145478
0.145948
0.146261
0.146652
0.147043
0.147278
0.147278
0.147983
0.148687
0.149157
0.149470
0.149861
0.150487
0.150879
0.151113
0.151583
0.151974
0.152600
0.153148
0.153383
0.153853
0.154244
0.154479
0.155027
0.155496
0.155575
0.155888
0.156357
0.157375
0.157610
0.157923
0.158471
0.158549
0.159253
0.159801
0.159801
0.160349
0.160897
0.161601
0.161758
0.162149
0.162462
0.163010
0.163402
0.163793
0.164263
0.164497
0.165124
0.165593
0.165906
0.166376
0.166611
0.166924
0.167237
0.167550
0.168020
0.168333
0.168646
0.169194
0.169663
0.170055
0.170602
0.170994
0.171150
0.171698
0.172246
0.172324
0.173029
0.173264
0.173733
0.173968
0.174125
0.174907
0.175142
0.175377
0.175768
0.176394
0.176942
0.177177
0.177412
0.177960
0.177882
0.178195
0.178821
0.179290
0.179917
0.179995
0.180621
0.180934
0.181639
0.181952
0.181952
0.182578
0.182969
0.183204
0.183517
0.183908
0.184378
0.184848
0.185161
0.185395
0.185787
0.186413
0.186648
0.186804
0.187352
0.187744
0.187978
0.188448
0.188839
0.188839
0.189309
0.189779
0.190326
0.190483
0.191109
0.191266
0.191657
0.192127
0.192205
0.192831
0.193222
0.193614
0.194083
0.194083
0.194866
0.195023
0.195571
0.195649
0.196197
0.196745
0.197058
0.197371
0.197919
0.198310
0.198701
0.199171
0.199719
0.199719
0.199875
0.200423
0.200580
0.201363
0.201519
0.202223
0.202537
0.202928
0.202928
0.203711
0.203867
0.203789
0.204572
0.204806
0.205354
0.205511
0.206137
0.206685
0.206841
0.207389
0.207624
0.208015
0.208407
0.208642
0.209268
0.209581
0.209972
0.209816
0.210285
0.210755
0.211146
0.211225
0.211772
0.212007
0.212555
0.212790
0.213338
0.213494
0.213964
0.214120
0.214434
0.214825
0.215216
0.215608
0.216156
0.216782
0.216860
0.217251
0.217564
0.217721
0.218347
0.218738
0.218895
0.219599
0.219991
0.219991
0.220852
0.221243
0.221321
0.221478
0.221869
0.222339
0.222574
0.223043
0.223513
0.224296
0.224217
0.224609
0.224765
0.225157
0.225313
0.225939
0.226487
0.226878
0.227035
0.227739
0.227426
0.228209
0.228444
0.228913
0.229383
0.229618
0.230009
0.230009
0.230714
0.231262
0.231262
0.231653
0.232044
0.232357
0.232592
0.233375
0.233610
0.234236
0.234471
0.234784
0.234862
0.235175
0.235645
0.236036
0.236349
0.236584
0.237132
0.237523
0.237915
0.238306
0.238384
0.238775
0.239323
0.239480
0.240028
0.240576
0.241202
0.241671
0.241750
0.242298
0.242298
0.242611
0.243080
0.243393
0.243941
0.244176
0.244567
0.244881
0.245037
0.245350
0.245428
0.245898
0.246837
0.246994
0.247542
0.247698
0.248090
0.248481
0.248716
0.249029
0.249342
0.249655
0.250203
0.250907
0.251220
0.251690
0.252081
0.251925
0.252473
0.252629
0.252708
0.253255
0.253803
0.254116
0.254977
0.255056
0.255134
0.255447
0.255525
0.256073
0.256464
0.256934
0.257169
0.257639
0.257795
0.258265
0.258969
0.258891
0.259360
0.259752
0.260143
0.260613
0.261004
0.261317
0.261630
0.262178
0.262569
0.262648
0.263117
0.263352
0.263744
0.264370
0.264448
0.265152
0.265231
0.265700
0.265622
0.266170
0.266405
0.266796
0.267266
0.267814
0.267970
0.268361
0.268831
0.268909
0.269144
0.269614
0.269849
0.270553
0.271179
0.271414
0.271571
0.272275
0.272588
0.272745
0.272979
0.273214
0.273606
0.274153
0.274545
0.274780
0.275171
0.275797
0.276267
0.276032
0.276345
0.276736
0.277128
0.277597
0.277597
0.277989
0.278302
0.278693
0.279006
0.279554
0.279632
0.280024
0.280337
0.281589
0.281354
0.281589
0.282293
0.282607
0.282685
0.283154
0.283546
0.283937
0.284329
0.284563
0.284955
0.285424
0.285424
0.286050
0.286520
0.286442
0.286911
0.287381
0.287459
0.288007
0.288085
0.288790
0.289025
0.289494
0.289338
0.289964
0.289886
0.290512
0.291060
0.291060
0.291608
0.291608
0.292155
0.292234
0.292860
0.293016
0.293173
0.294034
0.294190
0.294347
0.294738
0.295365
0.295599
0.295834
0.296147
0.296617
0.296617
0.296930
0.297243
0.297634
0.297869
0.298417
0.298574
0.298965
0.299435
0.299591
0.299982
0.299904
0.300452
0.301000
0.301078
0.301704
0.302017
0.302017
0.302487
0.302800
0.303113
0.303661
0.303818
0.304444
0.304131
0.304835
0.304835
0.305227
0.305383
0.305618
0.306088
0.306635
0.306870
0.307340
0.307653
0.307809
0.308044
0.308436
0.308670
0.308827
0.309375
0.309610
0.310001
0.310549
0.310705
0.311097
0.311253
0.311566
0.312036
0.312427
0.312662
0.312819
0.313132
0.313367
0.313836
0.313836
0.314228
0.314228
0.314775
0.315167
0.315558
0.315871
0.315871
0.316654
0.316810
0.316967
0.317280
0.317202
0.317671
0.318219
0.318376
0.318689
0.318924
0.319237
0.319550
0.319785
0.320567
0.320802
0.321115
0.321272
0.322133
0.322289
0.322602
0.323072
0.323150
0.323698
0.323776
0.323776
0.323933
0.324481
0.324872
0.325107
0.325655
0.326046
0.326359
0.326281
0.326672
0.327064
0.327455
0.327690
0.328160
0.328160
0.328942
0.329177
0.329568
0.329882
0.329960
0.330508
0.330664
0.331134
0.331447
0.331995
0.332386
0.332856
0.332934
0.333091
0.333247
0.333482
0.333873
0.334421
0.334734
0.334891
0.335360
0.335439
0.335987
0.336300
0.336456
0.336691
0.337161
0.337474
0.338022
0.338178
0.338883
0.338804
0.339196
0.339665
0.339744
0.340057
0.340370
0.340996
0.340996
0.341779
0.342092
0.342170
0.342405
0.342953
0.343031
0.343344
0.343735
0.344361
0.344518
0.344909
0.345457
0.345457
0.345770
0.346005
0.346396
0.346631
0.347023
0.347414
0.347649
0.347884
0.348353
0.348353
0.348823
0.349136
0.349527
0.349997
0.349919
0.350545
0.350858
0.351484
0.351641
0.351954
0.351875
0.352345
0.352658
0.353049
0.353676
0.353989
0.354223
0.354615
0.354693
0.354928
0.355319
0.355867
0.356258
0.356415
0.356572
0.357198
0.357354
0.357589
0.357824
0.358372
0.358528
0.359154
0.359389
0.359937
0.360172
0.360642
0.360955
0.361189
0.361581
0.361737
0.362050
0.362755
0.362833
0.363694
0.363616
0.363772
0.364242
0.364242
0.364398
0.365103
0.365338
0.365651
0.366042
0.366668
0.366747
0.367216
0.367373
0.367294
0.367686
0.368077
0.368469
0.369095
0.368938
0.369408
0.369877
0.370190
0.370425
0.371051
0.371286
0.371834
0.372069
0.372460
0.372930
0.373243
0.373400
0.373791
0.374026
0.374182
0.374574
0.375121
0.375356
0.375669
0.375435
0.376296
0.376452
0.377000
0.377156
0.377548
0.378017
0.378174
0.378409
0.378800
0.378878
0.379270
0.379113
0.379661
0.380209
0.380679
0.380992
0.381227
0.381853
0.381931
0.382087
0.382635
0.382714
0.383027
0.383340
0.383653
0.383966
0.384670
0.384670
0.384670
0.385062
0.385688
0.385844
0.386158
0.386705
0.386862
0.387253
0.387488
0.387488
0.387801
0.388114
0.388349
0.388740
0.389210
0.389445
0.389680
0.389836
0.390228
0.390854
0.391010
0.391010
0.391402
0.391245
0.392028
0.392263
0.392576
0.392889
0.393202
0.393202
0.393671
0.393828
0.394141
0.394454
0.394532
0.395002
0.395159
0.395628
0.395393
0.395785
0.396098
0.396567
0.396646
0.397115
0.397115
0.397507
0.397741
0.398211
0.398368
0.398368
0.398994
0.399229
0.399542
0.400090
0.400324
0.400637
0.400950
0.401185
0.401655
0.401811
0.402281
0.402359
0.402907
0.403064
0.403299
0.403846
0.404003
0.403925
0.404551
0.405177
0.405099
0.405568
0.405960
0.406273
0.406821
0.406742
0.407134
0.407525
0.407838
0.408230
0.408464
0.408856
0.408934
0.409169
0.409638
0.410186
0.410108
0.410656
0.410656
0.411047
0.411439
0.411752
0.412221
0.412613
0.412848
0.413239
0.413395
0.413552
0.413787
0.414100
0.414726
0.414569
0.414883
0.415196
0.415822
0.415900
0.415900
0.416135
0.416839
0.417544
0.417622
0.417857
0.417778
0.418483
0.418483
0.418796
0.419187
0.419344
0.419892
0.420205
0.420518
0.420753
0.421066
0.421301
0.421770
0.421849
0.422318
0.422788
0.423023
0.422944
0.423570
0.423805
0.424040
0.424040
0.424666
0.424823
0.425292
0.425919
0.426075
0.425997
0.426780
0.427093
0.427171
0.427484
0.428032
0.427797
0.428345
0.428580
0.429128
0.429284
0.429519
0.429519
0.430067
0.430536
0.431006
0.431006
0.431397
0.431319
0.431945
0.432415
0.432493
0.433119
0.433198
0.433511
0.433980
0.434215
0.434450
0.434763
0.434920
0.435389
0.435624
0.435546
0.436094
0.436642
0.436876
0.437268
0.437581
0.437346
0.437972
0.438285
0.438207
0.438363
0.438285
0.438833
0.439459
0.439694
0.439851
0.440398
0.440633
0.440712
0.441181
0.441259
0.441729
0.442199
0.442512
0.442981
0.442903
0.443216
0.443451
0.443921
0.443842
0.444234
0.444703
0.445173
0.445329
0.445721
0.445799
0.446190
0.446425
0.446504
0.446973
0.447286
0.447521
0.447912
0.448382
0.448695
0.448617
0.449165
0.449008
0.449399
0.449791
0.450260
0.450417
0.450652
0.451121
0.451356
0.451591
0.451982
0.452139
0.452452
0.452687
0.453156
0.453235
0.453861
0.453783
0.454096
0.454252
0.454644
0.455113
0.455426
0.455348
0.455818
0.456287
0.456131
0.456522
0.456992
0.456913
0.457148
0.457305
0.457618
0.457931
0.458714
0.458714
0.458870
0.459105
0.459496
0.459888
0.460201
0.460279
0.460592
0.461218
0.461297
0.461610
0.462157
0.462236
0.462314
0.462471
0.463097
0.463332
0.463332
0.463410
0.463958
0.464427
0.464740
0.464819
0.464975
0.465523
0.465758
0.466149
0.466384
0.466697
0.467167
0.466854
0.467167
0.467636
0.468028
0.468106
0.468341
0.468810
0.469123
0.469280
0.469593
0.469671
0.470063
0.470219
0.470611
0.470611
0.470689
0.471393
0.471785
0.472098
0.472176
0.472333
0.472724
0.473037
0.473428
0.473350
0.473585
0.473898
0.474289
0.474681
0.474994
0.474994
0.475542
0.475620
0.475855
0.476246
0.476168
0.476794
0.476950
0.477342
0.477577
0.477890
0.478438
0.478203
0.478594
0.478907
0.479455
0.479612
0.480081
0.480316
0.480629
0.480786
0.480864
0.481490
0.481881
0.482508
0.482742
0.482742
0.483212
0.483447
0.483603
0.483760
0.483995
0.484073
0.484386
0.484934
0.485325
0.485560
0.485482
0.485560
0.486030
0.486343
0.486812
0.487047
0.487439
0.487517
0.487752
0.487908
0.488300
0.488300
0.488769
0.488847
0.488926
0.489630
0.489787
0.490569
0.490569
0.490726
0.491039
0.491196
0.491509
0.491743
0.492057
0.492526
0.492683
0.492996
0.493152
0.493544
0.493544
0.494092
0.494326
0.494796
0.495266
0.495344
0.495579
0.495813
0.496127
0.496205
0.496518
0.496831
0.497144
0.497927
0.497614
0.498083
0.498709
0.499101
0.499414
0.499492
0.499962
0.499805
0.500510
0.500744
0.501136
0.501527
0.501684
0.502153
0.502232
0.502388
0.502466
0.503327
0.503484
0.503562
0.503954
0.504267
0.504580
0.504815
0.504893
0.505284
0.505675
0.506302
0.506458
0.506380
0.507006
0.507006
0.507241
0.507554
0.507867
0.508571
0.508806
0.509198
0.509511
0.509511
0.509980
0.510528
0.510528
0.510920
0.511311
0.511702
0.511937
0.512094
0.512563
0.512485
0.512798
0.512798
0.513424
0.513816
0.514129
0.514442
0.514598
0.514833
0.515146
0.515224
0.515459
0.515537
0.516007
0.516398
0.516868
0.516790
0.517259
0.517338
0.517494
0.517886
0.517807
0.518199
0.518668
0.519216
0.519216
0.519608
0.519999
0.520234
0.520234
0.520703
0.521095
0.521564
0.521721
0.522347
0.522660
0.522817
0.523130
0.523599
0.523286
0.523756
0.524225
0.524460
0.524538
0.525165
0.525321
0.525321
0.525869
0.525869
0.526104
0.526730
0.527278
0.527434
0.527748
0.527826
0.528530
0.528609
0.529156
0.529391
0.529704
0.529939
0.530174
0.530487
0.531035
0.530800
0.531270
0.531348
0.531583
0.531896
0.532209
0.532444
0.532835
0.533070
0.533305
0.533618
0.533931
0.534400
0.534557
0.534792
0.535105
0.535340
0.535888
0.535966
0.536201
0.536279
0.536749
0.537296
0.537453
0.537766
0.538001
0.538314
0.538236
0.538549
0.538862
0.538862
0.539410
0.539723
0.540036
0.540192
0.540740
0.540819
0.541053
0.541288
0.541758
0.542306
0.542306
0.542462
0.543010
0.543323
0.543558
0.543793
0.543715
0.543949
0.544419
0.544654
0.544889
0.545202
0.545593
0.546297
0.546297
0.546376
0.546767
0.546924
0.547237
0.547550
0.548019
0.547941
0.548176
0.548802
0.548646
0.548724
0.549507
0.549741
0.549820
0.549898
0.550759
0.550915
0.551307
0.551542
0.551855
0.551855
0.552011
0.552481
0.552637
0.553107
0.553655
0.553733
0.553811
0.554281
0.554594
0.554751
0.555064
0.555220
0.555846
0.556238
0.556003
0.556473
0.556864
0.557177
0.557412
0.557647
0.557881
0.558195
0.558508
0.558821
0.558821
0.559290
0.559447
0.559838
0.560151
0.560464
0.560699
0.560777
0.561560
0.561717
0.561951
0.562343
0.562186
0.562969
0.563204
0.563360
0.563986
0.564221
0.564300
0.564691
0.564769
0.565395
0.565395
0.565474
0.565865
0.566100
0.566726
0.566726
0.567117
0.567352
0.567509
0.567665
0.567978
0.568448
0.568761
0.568761
0.569387
0.569387
0.569465
0.569935
0.570170
0.570405
0.570952
0.571500
0.571266
0.571500
0.572361
0.572283
0.572440
0.572987
0.573301
0.573301
0.573848
0.574005
0.574162
0.574788
0.574944
0.574318
0.574944
0.575179
0.575257
0.575805
0.576118
0.576666
0.576510
0.576666
0.576901
0.577292
0.577684
0.577997
0.578310
0.578858
0.578936
0.579093
0.579171
0.579484
0.579640
0.579797
0.580423
0.580658
0.581206
0.581519
0.581597
0.581910
0.581989
0.582380
0.582536
0.582849
0.583319
0.583789
0.583867
0.584180
0.584258
0.584415
0.584806
0.584885
0.585511
0.585667
0.585824
0.586293
0.586763
0.586685
0.586998
0.586841
0.586920
0.587233
0.587937
0.588172
0.588720
0.588955
0.588876
0.589189
0.589346
0.589659
0.590050
0.590755
0.591224
0.591537
0.591381
0.591851
0.591929
0.592398
0.592477
0.592711
0.593338
0.593416
0.593886
0.594120
0.594120
0.594433
0.594825
0.594981
0.595216
0.595373
0.595999
0.596312
0.596155
0.596077
0.596860
0.597016
0.597173
0.597408
0.597799
0.598503
0.598660
0.598895
0.599051
0.599286
0.599599
0.600069
0.600304
0.600695
0.601008
0.601243
0.601869
0.602182
0.602182
0.602104
0.602339
0.602730
0.603200
0.603434
0.603669
0.603591
0.604452
0.604217
0.604374
0.604295
0.604843
0.605548
0.605626
0.605861
0.606252
0.606252
0.606409
0.606487
0.606800
0.607113
0.607504
0.607739
0.608209
0.608522
0.608522
0.608600
0.608679
0.608992
0.609539
0.610166
0.610244
0.610479
0.610714
0.610870
0.610792
0.611105
0.611653
0.612044
0.612357
0.612592
0.613062
0.613296
0.613375
0.613610
0.613766
0.613766
0.614236
0.614314
0.614940
0.615018
0.615410
0.615879
0.615879
0.616036
0.616506
0.616662
0.617053
0.617210
0.617210
0.617758
0.617993
0.618227
0.618462
0.618697
0.618854
0.619167
0.619480
0.619480
0.619793
0.620262
0.620576
0.620497
0.620810
0.621123
0.621671
0.621358
0.622063
0.622532
0.622376
0.622767
0.622924
0.623002
0.623393
0.623941
0.623863
0.624176
0.624098
0.624411
0.624646
0.624802
0.625115
0.625507
0.626133
0.626054
0.626602
0.626446
0.626837
0.627150
0.627463
0.627228
0.627463
0.628246
0.628324
0.628324
0.628637
0.629107
0.629029
0.629263
0.629498
0.630124
0.630124
0.630203
0.630672
0.631142
0.631533
0.632003
0.631846
0.632159
0.632394
0.632707
0.632864
0.633255
0.633647
0.633960
0.633881
0.634508
0.634508
0.634977
0.635212
0.635369
0.635760
0.636073
0.636386
0.636386
0.636856
0.636777
0.637247
0.637560
0.637404
0.637795
0.638030
0.638265
0.638656
0.638969
0.639125
0.639595
0.639673
0.639752
0.640065
0.640221
0.640847
0.641082
0.641160
0.641552
0.641865
0.641865
0.642335
0.642413
0.642961
0.643039
0.643509
0.643822
0.643978
0.644213
0.644135
0.644683
0.644526
0.645387
0.645309
0.645857
0.645935
0.646248
0.646639
0.646639
0.646874
0.647109
0.647422
0.647735
0.648205
0.648596
0.648518
0.648753
0.649066
0.648987
0.649457
0.649535
0.650005
0.650631
0.650709
0.651257
0.651414
0.651727
0.651727
0.652118
0.652431
0.652901
0.653449
0.653371
0.653605
0.654153
0.654153
0.654153
0.654545
0.655484
0.655562
0.655797
0.656188
0.656267
0.656423
0.657049
0.657049
0.657441
0.657441
0.658067
0.658145
0.658771
0.658928
0.658928
0.659084
0.659476
0.659867
0.660024
0.660571
0.660884
0.661041
0.661119
0.661354
0.661667
0.661824
0.662293
0.662763
0.663154
0.663389
0.663467
0.663859
0.663859
0.664015
0.664328
0.664563
0.664955
0.665581
0.665424
0.665894
0.666207
0.666207
0.666676
0.666833
0.667146
0.667459
0.668007
0.668242
0.668633
0.668711
0.668790
0.669025
0.669181
0.669572
0.670277
0.670512
0.670746
0.671294
0.671294
0.671529
0.671686
0.671842
0.672390
0.672781
0.673329
0.673642
0.673799
0.673956
0.674425
0.674503
0.674660
0.675364
0.675834
0.676304
0.675991
0.676460
0.676773
0.676773
0.677008
0.677478
0.678182
0.678182
0.678495
0.678730
0.679121
0.679121
0.679200
0.679591
0.679982
0.680295
0.681000
0.681000
0.681235
0.681548
0.681939
0.681626
0.682017
0.682565
0.683191
0.683739
0.683739
0.684287
0.684365
0.684444
0.684365
0.684757
0.685383
0.686087
0.686009
0.686557
0.686635
0.686948
0.687105
0.687340
0.687809
0.688201
0.688592
0.688749
0.689062
0.689375
0.689531
0.689375
0.689844
0.690001
0.690549
0.691018
0.691097
0.691488
0.691879
0.692114
0.692192
0.692427
0.692897
0.693288
0.693836
0.694071
0.694697
0.694932
0.694932
0.695088
0.695401
0.695949
0.696184
0.696576
0.696654
0.696889
0.697202
0.697358
0.697202
0.697906
0.698376
0.699158
0.699237
0.699550
0.699706
0.699863
0.700332
0.700019
0.700724
0.701037
0.700959
0.700646
0.700646
0.700880
0.700802
0.700567
0.700802
0.700567
0.700332
0.700332
0.699706
0.699706
0.699628
0.699315
0.699237
0.698767
0.698767
0.698767
0.697984
0.698063
0.697984
0.697358
0.697045
0.697123
0.696967
0.696654
0.696028
0.695636
0.695636
0.695245
0.695088
0.695088
0.694306
0.694306
0.694071
0.694071
0.693445
0.693523
0.692819
0.692192
0.692271
0.691801
0.691801
0.691097
0.691410
0.690705
0.690705
0.689923
0.689531
0.689140
0.688905
0.688670
0.688044
0.687888
0.687574
0.687261
0.687027
0.686714
0.686479
0.686400
0.685774
0.685226
0.684992
0.684757
0.684600
0.684209
0.683974
0.683661
0.683504
0.683113
0.682330
0.682017
0.681861
0.681313
0.681078
0.680530
0.680608
0.680217
0.680061
0.679513
0.679200
0.678260
0.678417
0.678026
0.677556
0.677556
0.677321
0.676773
0.676225
0.675756
0.675599
0.675130
0.674973
0.674738
0.674347
0.673877
0.673642
0.673251
0.672781
0.672703
0.672468
0.672077
0.671842
0.670746
0.670825
0.670355
0.669964
0.669964
0.669729
0.669259
0.669025
0.668555
0.668320
0.667850
0.667616
0.667303
0.666990
0.666285
0.665972
0.665659
0.665502
0.665268
0.664955
0.664720
0.664485
0.664172
0.663624
0.663311
0.663154
0.662919
0.662372
0.661902
0.661432
0.661354
0.660493
0.660493
0.660337
0.660180
0.659710
0.659319
0.659163
0.658849
0.658849
0.658223
0.657988
0.657284
0.656736
0.656423
0.656345
0.656345
0.655953
0.655406
0.655249
0.655093
0.654545
0.654701
0.654310
0.653997
0.653292
0.652744
0.652588
0.652118
0.651805
0.651570
0.651257
0.651022
0.650866
0.650475
0.650083
0.650162
0.649848
0.648987
0.648440
0.647970
0.647813
0.647735
0.647657
0.647500
0.646952
0.646796
0.646091
0.645857
0.645465
0.645152
0.644683
0.644213
0.643743
0.643509
0.643117
0.643196
0.643117
0.642569
0.641943
0.641865
0.641708
0.641317
0.640613
0.640221
0.639908
0.639439
0.639047
0.639125
0.638969
0.638891
0.638265
0.638030
0.638030
0.637482
0.636777
0.636386
0.636464
0.635838
0.635525
0.635682
0.635134
0.634821
0.634508
0.634351
0.633725
0.633099
0.632786
0.632394
0.632238
0.632159
0.631846
0.631612
0.631220
0.630985
0.630594
0.630829
0.629890
0.629498
0.628950
0.628716
0.628481
0.628481
0.628168
0.627776
0.627698
0.627307
0.627072
0.626681
0.626054
0.625741
0.625272
0.624880
0.624724
0.624802
0.624332
0.624019
0.623706
0.623550
0.622924
0.622532
0.622063
0.621593
0.621593
0.621202
0.621202
0.620654
0.620419
0.620106
0.619558
0.619558
0.618932
0.618775
0.618071
0.617914
0.617836
0.617680
0.617288
0.616897
0.616349
0.616114
0.616114
0.615801
0.615253
0.614784
0.614236
0.614236
0.613923
0.613766
0.613688
0.613218
0.612827
0.612435
0.612122
0.611888
0.611575
0.611340
0.610635
0.610400
0.610166
0.610166
0.609618
0.609618
0.609226
0.608679
0.608209
0.608052
0.607739
0.607270
0.607270
0.606878
0.606800
0.606878
0.606174
0.605626
0.605391
0.605313
0.604765
0.604217
0.604295
0.604061
0.603982
0.603434
0.603278
0.602730
0.602182
0.602104
0.601869
0.601086
0.600538
0.600304
0.600382
0.600147
0.599756
0.599130
0.598895
0.598503
0.598425
0.597956
0.597564
0.597173
0.596703
0.596782
0.596468
0.596155
0.595842
0.595686
0.595294
0.594981
0.594355
0.594042
0.593807
0.593807
0.593572
0.593259
0.593025
0.592711
0.592555
0.592320
0.591772
0.591303
0.590911
0.590990
0.590598
0.590129
0.589502
0.589424
0.589268
0.588876
0.588641
0.588328
0.587859
0.587389
0.587311
0.587233
0.586998
0.586606
0.586293
0.585745
0.585745
0.585276
0.584963
0.584415
0.584415
0.584258
0.583789
0.583397
0.583319
0.583084
0.582771
0.582380
0.581910
0.581989
0.581284
0.581441
0.580971
0.580501
0.579954
0.580110
0.579719
0.579640
0.579014
0.578701
0.578153
0.578388
0.577997
0.577527
0.577449
0.576901
0.576510
0.576275
0.576040
0.575649
0.575257
0.575101
0.574709
0.574553
0.573848
0.573614
0.573535
0.573222
0.573066
0.572753
0.572205
0.572205
0.571735
0.571422
0.571031
0.571031
0.570718
0.570483
0.569778
0.569465
0.569387
0.569387
0.568604
0.568213
0.568370
0.567978
0.568057
0.567665
0.567430
0.567352
0.566726
0.566491
0.566100
0.565787
0.565630
0.565082
0.564926
0.564769
0.564378
0.563830
0.563752
0.563830
0.563360
0.563282
0.562578
0.562186
0.562108
0.561482
0.561090
0.561169
0.560621
0.560386
0.560073
0.559682
0.559055
0.558899
0.558977
0.558664
0.558195
0.558273
0.557803
0.557647
0.557020
0.556786
0.556238
0.555846
0.555612
0.555533
0.555533
0.555142
0.554516
0.554516
0.554124
0.553811
0.553264
0.553107
0.552794
0.552716
0.552794
0.552089
0.551776
0.551776
0.550915
0.550759
0.550211
0.550133
0.549976
0.549663
0.549507
0.548959
0.548567
0.548567
0.548254
0.547472
0.547315
0.547158
0.546924
0.546297
0.546297
0.546297
0.546063
0.545593
0.545358
0.544889
0.544576
0.544028
0.543793
0.543871
0.543715
0.543088
0.542932
0.542775
0.542462
0.541836
0.541367
0.541288
0.540819
0.540427
0.540349
0.540192
0.539801
0.539488
0.539097
0.538862
0.538471
0.538157
0.538079
0.537844
0.537453
0.537296
0.537296
0.536983
0.536436
0.536122
0.535731
0.535183
0.535105
0.535183
0.534948
0.534635
0.534557
0.534166
0.533774
0.533148
0.532913
0.532679
0.532365
0.532052
0.531974
0.531583
0.531426
0.531191
0.530565
0.530252
0.529939
0.529548
0.529156
0.529078
0.528843
0.528452
0.528295
0.528374
0.527591
0.526887
0.526417
0.526339
0.526182
0.525791
0.525634
0.525634
0.525321
0.524852
0.524147
0.523912
0.523443
0.523208
0.523130
0.522738
0.522582
0.522425
0.521956
0.521799
0.521173
0.520860
0.520234
0.519921
0.519608
0.519451
0.518903
0.518668
0.518668
0.518120
0.517807
0.517416
0.517338
0.516790
0.516477
0.516242
0.516164
0.515694
0.515459
0.514990
0.514363
0.514050
0.513894
0.513424
0.513424
0.513189
0.512955
0.512720
0.512172
0.511859
0.511233
0.510763
0.510450
0.510450
0.510215
0.509980
0.509589
0.509198
0.508885
0.508571
0.508258
0.507867
0.507632
0.507241
0.506850
0.507006
0.506693
0.506380
0.506302
0.505754
0.505362
0.505128
0.504580
0.504658
0.504188
0.504345
0.503562
0.503484
0.502858
0.502466
0.501919
0.502075
0.501527
0.501527
0.500979
0.500744
0.500431
0.500353
0.499805
0.499414
0.499023
0.498944
0.498475
0.498475
0.498005
0.497692
0.497457
0.497222
0.496909
0.496361
0.495892
0.496048
0.495657
0.495187
0.494718
0.494483
0.494248
0.493857
0.493778
0.493309
0.493074
0.492918
0.492526
0.491978
0.491430
0.491274
0.491039
0.491196
0.490804
0.490335
0.490100
0.489865
0.489630
0.489317
0.489161
0.488613
0.488456
0.487908
0.487595
0.487517
0.486734
0.486578
0.486656
0.486108
0.485873
0.485482
0.485482
0.484856
0.484308
0.484230
0.483916
0.483682
0.482899
0.482899
0.482664
0.482429
0.482195
0.481803
0.481255
0.481099
0.480864
0.480473
0.479690
0.479612
0.479299
0.479142
0.478751
0.478672
0.478359
0.477890
0.477498
0.477342
0.476872
0.476716
0.476716
0.476403
0.476011
0.475620
0.475385
0.475150
0.474759
0.474368
0.474211
0.473820
0.473428
0.473194
0.472724
0.472567
0.472254
0.472254
0.471628
0.471550
0.471158
0.470767
0.470845
0.470532
0.470063
0.469515
0.469358
0.469123
0.468732
0.468341
0.467949
0.467715
0.467558
0.467245
0.466775
0.466697
0.466384
0.466149
0.465758
0.465288
0.464975
0.464819
0.464506
0.464349
0.464114
0.463958
0.463566
0.463097
0.462471
0.462157
0.462001
0.461923
0.461688
0.461531
0.460905
0.460514
0.460436
0.460122
0.459731
0.459496
0.459105
0.458714
0.458401
0.458009
0.458166
0.457774
0.457696
0.457070
0.456757
0.456131
0.455896
0.455739
0.455426
0.455426
0.454957
0.454878
0.454487
0.454096
0.453704
0.453548
0.453078
0.452843
0.452687
0.452295
0.451904
0.451513
0.451435
0.451200
0.450887
0.450339
0.450026
0.449556
0.449165
0.449165
0.448852
0.448773
0.448147
0.447678
0.447521
0.447364
0.446817
0.446582
0.446190
0.445877
0.445721
0.445564
0.445173
0.444312
0.443999
0.443999
0.443451
0.443138
0.442825
0.442433
0.442120
0.441729
0.441416
0.441181
0.440633
0.440477
0.440007
0.439538
0.439068
0.438833
0.438833
0.438207
0.437816
0.437659
0.437268
0.436798
0.436642
0.436407
0.436328
0.435781
0.435467
0.435467
0.434920
0.434841
0.433902
0.433980
0.433667
0.433589
0.433354
0.432885
0.432650
0.432258
0.431945
0.431554
0.431319
0.431084
0.431006
0.430693
0.430380
0.429910
0.429441
0.429049
0.428971
0.428345
0.428345
0.428188
0.427875
0.427719
0.427484
0.426858
0.426466
0.425840
0.425605
0.425371
0.425058
0.424510
0.424353
0.424040
0.424040
0.423727
0.423414
0.422631
0.422318
0.422083
0.422083
0.422318
0.421379
0.421222
0.420596
0.420205
0.419892
0.419500
0.419500
0.419031
0.418718
0.418639
0.418405
0.417935
0.417544
0.417152
0.416761
0.416604
0.416291
0.415900
0.415587
0.415587
0.415039
0.414726
0.414178
0.414022
0.413708
0.413317
0.413161
0.412926
0.412613
0.412300
0.412143
0.411673
0.411204
0.410891
0.410734
0.410421
0.410030
0.409638
0.409325
0.409247
0.408621
0.408230
0.407917
0.407603
0.407447
0.407447
0.406899
0.406429
0.406508
0.406429
0.406038
0.405412
0.405099
0.404864
0.404629
0.404394
0.404316
0.404003
0.403533
0.403299
0.402751
0.402359
0.402281
0.401733
0.401420
0.401342
0.401107
0.400637
0.400168
0.400246
0.399542
0.399307
0.399072
0.398524
0.398211
0.398055
0.397741
0.397585
0.397428
0.396724
0.396567
0.396098
0.396176
0.395706
0.395550
0.395315
0.395002
0.394845
0.394376
0.393750
0.393593
0.393515
0.393437
0.393045
0.392732
0.392341
0.391793
0.391871
0.391245
0.391088
0.390775
0.390306
0.389993
0.389367
0.389288
0.389132
0.388975
0.388740
0.388427
0.387879
0.387566
0.387566
0.387097
0.386862
0.386549
0.386236
0.385844
0.385531
0.385375
0.384983
0.384514
0.384514
0.384122
0.383809
0.383496
0.383105
0.382714
0.382792
0.382479
0.382244
0.381774
0.381540
0.381070
0.380522
0.380444
0.380131
0.379818
0.379661
0.379270
0.378878
0.378565
0.378017
0.377783
0.377783
0.377000
0.377000
0.377000
0.376452
0.376217
0.375669
0.375748
0.375121
0.375043
0.374495
0.374495
0.374260
0.373791
0.373634
0.373321
0.372852
0.372695
0.372460
0.372069
0.371678
0.370895
0.370895
0.370817
0.370034
0.369956
0.369486
0.369173
0.368782
0.368469
0.368312
0.368234
0.367529
0.367529
0.366903
0.366825
0.366434
0.366199
0.365886
0.365494
0.365338
0.364946
0.364633
0.364242
0.364242
0.363772
0.363459
0.363068
0.362833
0.362363
0.361816
0.361894
0.361581
0.361189
0.360720
0.360642
0.360172
0.359468
0.359311
0.358685
0.358607
0.358450
0.357902
0.357511
0.357511
0.357119
0.356806
0.356650
0.356258
0.355867
0.355241
0.355084
0.354928
0.354380
0.354145
0.353754
0.353362
0.353128
0.352736
0.352658
0.352580
0.352032
0.351875
0.351641
0.351093
0.350858
0.350310
0.349840
0.349371
0.349449
0.349292
0.348666
0.348118
0.348118
0.347492
0.347492
0.346944
0.346710
0.346162
0.346005
0.345770
0.345301
0.345066
0.344831
0.344518
0.343970
0.343814
0.343422
0.343031
0.342718
0.342639
0.342092
0.341779
0.341465
0.341152
0.340604
0.340604
0.339665
0.339509
0.339274
0.338883
0.338726
0.338413
0.338256
0.337787
0.337552
0.337161
0.336769
0.336300
0.336300
0.335830
0.335830
0.335439
0.335126
0.334813
0.334421
0.334186
0.334030
0.333404
0.333012
0.332464
0.332543
0.332308
0.331682
0.331525
0.331212
0.330742
0.330429
0.330038
0.329960
0.329647
0.329412
0.328707
0.328473
0.328238
0.327847
0.327455
0.327142
0.327142
0.326751
0.326594
0.326046
0.325811
0.325342
0.324716
0.324716
0.324246
0.324011
0.323620
0.323385
0.323307
0.322994
0.322524
0.322211
0.321741
0.321507
0.320959
0.320880
0.320567
0.320176
0.319706
0.319785
0.319159
0.318767
0.318376
0.317985
0.317750
0.317437
0.317202
0.316810
0.316810
0.316341
0.315949
0.315636
0.315480
0.314775
0.314149
0.314541
0.314228
0.313680
0.313445
0.313054
0.312584
0.312506
0.312114
0.311566
0.311410
0.310940
0.310705
0.310549
0.310314
0.309766
0.309218
0.309140
0.308670
0.308514
0.308123
0.307575
0.307888
0.307262
0.306792
0.306479
0.306166
0.305774
0.305540
0.304992
0.305148
0.304600
0.304600
0.303974
0.303739
0.303505
0.302957
0.302722
0.302722
0.302331
0.301939
0.301626
0.301157
0.300765
0.300296
0.299748
0.299669
0.299278
0.299200
0.298574
0.298417
0.298339
0.297791
0.297243
0.297321
0.297008
0.296460
0.296304
0.295912
0.295756
0.295365
0.295286
0.294817
0.294504
0.294190
0.293721
0.293251
0.292938
0.292703
0.292234
0.291842
0.291686
0.291138
0.290825
0.290590
0.290355
0.290042
0.289651
0.289416
0.288946
0.288790
0.288712
0.288320
0.287616
0.287381
0.287303
0.286755
0.286442
0.286285
0.285894
0.285503
0.285268
0.284798
0.284563
0.284094
0.284094
0.283624
0.282920
0.283076
0.282998
0.282763
0.282293
0.281746
0.281589
0.281041
0.280728
0.279867
0.279789
0.279319
0.279163
0.278850
0.278615
0.277910
0.277910
0.277284
0.277049
0.276658
0.276502
0.276267
0.275954
0.275719
0.275327
0.275171
0.274701
0.274701
0.273997
0.273684
0.273449
0.272901
0.272823
0.272431
0.272431
0.271805
0.271571
0.270866
0.270788
0.270553
0.270162
0.269536
0.269536
0.269066
0.268675
0.268361
0.268205
0.267500
0.267344
0.267266
0.266953
0.266796
0.266326
0.265544
0.265309
0.265309
0.264605
0.264448
0.264135
0.263900
0.263117
0.262961
0.262726
0.262491
0.261943
0.261630
0.261317
0.260926
0.260848
0.260300
0.259987
0.259517
0.259439
0.258656
0.258499
0.258265
0.257873
0.257717
0.257482
0.257012
0.256621
0.256230
0.256230
0.255682
0.255369
0.254821
0.254586
0.254116
0.253803
0.253412
0.253255
0.253099
0.252864
0.252394
0.252003
0.251299
0.251064
0.250516
0.250438
0.250046
0.249890
0.249264
0.249185
0.248794
0.248168
0.247933
0.247620
0.247463
0.246994
0.246759
0.246524
0.246368
0.245663
0.245507
0.244881
0.244646
0.244254
0.243941
0.243706
0.243393
0.243080
0.242924
0.242454
0.241828
0.241593
0.241045
0.240732
0.240263
0.240184
0.239323
0.239245
0.238932
0.238462
0.238228
0.237836
0.237132
0.236897
0.236584
0.236271
0.236036
0.235879
0.235488
0.235097
0.234784
0.234549
0.234314
0.233844
0.233531
0.233375
0.233218
0.232905
0.232592
0.232201
0.231183
0.231183
0.230949
0.230792
0.230322
0.229774
0.229383
0.229305
0.228992
0.228835
0.228287
0.227661
0.227818
0.227348
0.227035
0.226722
0.226331
0.226331
0.225783
0.225626
0.225000
0.224687
0.224452
0.224139
0.224061
0.223435
0.223513
0.222965
0.222730
0.222261
0.222182
0.221791
0.221243
0.221165
0.220930
0.220226
0.219912
0.219756
0.219286
0.218660
0.218504
0.218191
0.217877
0.217486
0.217173
0.216860
0.216390
0.216156
0.215764
0.215451
0.215451
0.214981
0.214590
0.214199
0.213964
0.213651
0.213338
0.213025
0.212790
0.212320
0.212007
0.211538
0.211459
0.210755
0.210520
0.210442
0.210129
0.209737
0.209033
0.209033
0.208642
0.208407
0.208329
0.208015
0.207389
0.206998
0.206920
0.206607
0.206372
0.205824
0.205824
0.205354
0.205198
0.204728
0.204337
0.204024
0.203789
0.203241
0.202928
0.202850
0.202380
0.202145
0.201832
0.201284
0.201206
0.200736
0.200267
0.199719
0.199562
0.199171
0.198858
0.198545
0.198153
0.198075
0.197684
0.197136
0.196666
0.196275
0.196040
0.195805
0.195649
0.194944
0.194710
0.194553
0.194005
0.193927
0.193614
0.192988
0.192831
0.192205
0.191970
0.191735
0.191344
0.190483
0.190405
0.190013
0.189779
0.189544
0.188996
0.188761
0.188213
0.188135
0.187900
0.187430
0.186961
0.186726
0.186413
0.186022
0.186100
0.185865
0.185395
0.184926
0.184378
0.184221
0.183595
0.183439
0.183126
0.182734
0.182499
0.182265
0.181795
0.181247
0.180856
0.180778
0.180230
0.179995
0.179917
0.179212
0.178899
0.178899
0.178038
0.177803
0.177412
0.177021
0.176394
0.176081
0.175768
0.175533
0.175220
0.174751
0.174516
0.174046
0.173812
0.173342
0.173342
0.172638
0.172403
0.171933
0.171698
0.171229
0.170837
0.170524
0.170055
0.169898
0.169742
0.169115
0.168646
0.168411
0.168176
0.167941
0.167550
0.167002
0.166846
0.166298
0.166454
0.166063
0.165437
0.165280
0.165045
0.164419
0.163871
0.163793
0.163323
0.162932
0.162228
0.162228
0.161915
0.161758
0.161210
0.161132
0.160506
0.159801
0.159253
0.159175
0.158940
0.158471
0.158079
0.157766
0.157610
0.157218
0.156436
0.156357
0.155966
0.155575
0.155340
0.154870
0.154479
0.154322
0.154166
0.153853
0.152914
0.152835
0.152287
0.152053
0.151818
0.151426
0.151035
0.150722
0.150409
0.150174
0.149548
0.149313
0.148609
0.148296
0.148530
0.147826
0.147122
0.147043
0.146730
0.146261
0.146026
0.145556
0.145087
0.144852
0.144539
0.143991
0.143678
0.143365
0.143365
0.142895
0.142347
0.142191
0.141564
0.141173
0.140938
0.140312
0.140156
0.139842
0.139686
0.139060
0.138590
0.138355
0.137651
0.137416
0.137103
0.137025
0.136242
0.136007
0.135929
0.135068
0.134677
0.134364
0.134129
0.133816
0.133424
0.132955
0.132642
0.132407
0.132015
0.131546
0.131233
0.130685
0.130607
0.130294
0.129824
0.129433
0.129276
0.128806
0.128180
0.127476
0.127476
0.127163
0.127084
0.126850
0.126458
0.125989
0.125676
0.125128
0.124893
0.124423
0.123797
0.123562
0.123406
0.123249
0.122780
0.122545
0.122153
0.121527
0.120901
0.120588
0.120275
0.119571
0.119258
0.119258
0.118944
0.118553
0.118083
0.117614
0.117066
0.116909
0.116362
0.116048
0.115892
0.115344
0.114953
0.114796
0.114405
0.114170
0.113779
0.113152
0.113074
0.112526
0.112370
0.111822
0.111665
0.111352
0.111117
0.110648
0.110178
0.109787
0.109239
0.109161
0.108769
0.108300
0.107674
0.107360
0.107204
0.106734
0.106343
0.106186
0.105560
0.105482
0.105012
0.104778
0.104465
0.104151
0.103760
0.103447
0.102430
0.102508
0.102351
0.101960
0.101803
0.101021
0.101099
0.100316
0.100003
0.099455
0.099064
0.098594
0.098281
0.097812
0.097577
0.097029
0.096872
0.096638
0.096246
0.095463
0.095307
0.094994
0.094681
0.094211
0.093742
0.093272
0.092881
0.092489
0.092254
0.091863
0.091315
0.091080
0.090924
0.090454
0.089985
0.089593
0.089045
0.088732
0.088419
0.088184
0.087558
0.087245
0.086776
0.086697
0.086071
0.085680
0.085523
0.084897
0.084427
0.084427
0.083880
0.083723
0.082862
0.082706
0.082471
0.081845
0.081688
0.081375
0.080749
0.080123
0.079653
0.079340
0.078714
0.078322
0.078088
0.077775
0.077383
0.076992
0.076600
0.076287
0.075740
0.075583
0.075192
0.074722
0.074409
0.073783
0.073391
0.073157
0.072844
0.072217
0.071904
0.071435
0.071122
0.070730
0.069948
0.069713
0.069087
0.068773
0.068460
0.068069
0.067365
0.067365
0.067052
0.066504
0.065878
0.065330
0.065017
0.064703
0.064625
0.064156
0.063842
0.063295
0.062982
0.062668
0.062042
0.061729
0.061260
0.060868
0.060164
0.059929
0.059303
0.058990
0.058833
0.058442
0.057659
0.057268
0.057033
0.056720
0.056250
0.055859
0.055546
0.054998
0.054763
0.054215
0.053511
0.053276
0.052963
0.052728
0.052337
0.051867
0.051476
0.051006
0.050458
0.050145
0.049754
0.049206
0.049128
0.048502
0.048267
0.047954
0.047406
0.047093
0.046701
0.046075
0.045293
0.044979
0.044823
0.044588
0.044275
0.043649
0.043336
0.042866
0.042788
0.042240
0.041457
0.041301
0.040753
0.040362
0.039892
0.039344
0.038953
0.038405
0.038092
0.037622
0.036996
0.036370
0.035978
0.035665
0.035509
0.035039
0.034413
0.034257
0.034022
0.033317
0.033004
0.032456
0.031830
0.031908
0.031439
0.030891
0.030265
0.030108
0.029639
0.028934
0.028151
0.027760
0.027447
0.027290
0.027056
0.026586
0.025882
0.025725
0.025412
0.024786
0.024003
0.023612
0.023455
0.023064
0.022673
0.022360
0.021733
0.021577
0.020872
0.020481
0.019855
0.019229
0.019072
0.018603
0.018133
0.017742
0.017429
0.017115
0.016646
0.016176
0.015393
0.015002
0.014767
0.014767
0.014298
0.013985
0.013437
0.013045
0.012732
0.012028
0.011480
0.011089
0.010384
0.010462
0.009836
0.009445
0.009210
0.008741
0.008114
0.007488
0.007097
0.006784
0.006392
0.005766
0.005453
0.004749
0.004436
0.004279
0.003496
0.002870
0.002401
0.002088
0.001540
0.001148
0.001383
0.000679
0.000131
-0.000026
-0.000417
-0.001513
-0.001982
-0.002061
-0.002295
-0.002530
-0.002922
-0.003470
-0.004017
-0.004174
-0.004644
-0.005426
-0.006131
-0.006366
-0.006600
-0.006913
-0.007540
-0.007774
-0.008635
-0.008870
-0.009496
-0.010122
-0.010827
-0.011375
-0.011375
-0.011923
-0.012236
-0.012784
-0.013175
-0.013645
-0.014349
-0.014975
-0.015523
-0.015836
-0.016149
-0.016462
-0.016619
-0.017636
-0.017949
-0.018184
-0.018967
-0.019280
-0.020063
-0.020454
-0.020767
-0.021393
-0.021941
-0.022098
-0.022802
-0.023350
-0.024133
-0.024602
-0.024681
-0.025150
-0.025776
-0.026246
-0.026481
-0.027029
-0.027577
-0.028125
-0.028907
-0.029533
-0.029925
-0.030316
-0.030786
-0.030864
-0.031412
-0.031881
-0.032586
-0.032899
-0.033525
-0.033995
-0.034621
-0.034856
-0.035482
-0.035873
-0.036578
-0.036969
-0.037204
-0.037987
-0.038534
-0.039239
-0.039865
-0.040022
-0.040882
-0.041587
-0.041978
-0.042604
-0.043231
-0.043857
-0.044248
-0.044953
-0.045579
-0.045892
-0.045892
-0.046361
-0.047222
-0.047614
-0.048083
-0.048553
-0.049023
-0.050040
-0.050588
-0.050901
-0.051136
-0.051840
-0.052388
-0.052936
-0.053327
-0.053719
-0.054736
-0.055128
-0.055754
-0.056302
-0.056771
-0.057084
-0.057554
-0.058024
-0.058571
-0.059119
-0.059589
-0.060059
-0.060763
-0.061233
-0.062015
-0.062328
-0.062720
-0.063659
-0.064050
-0.064520
-0.065303
-0.065929
-0.066477
-0.067181
-0.067103
-0.067886
-0.067964
-0.068981
-0.069686
-0.069999
-0.070782
-0.071251
-0.071721
-0.072269
-0.072738
-0.073130
-0.073521
-0.074225
-0.074773
-0.075321
-0.075713
-0.076574
-0.077043
-0.077356
-0.077826
-0.078295
-0.079000
-0.079783
-0.080644
-0.081348
-0.081505
-0.082287
-0.083226
-0.083305
-0.083931
-0.084244
-0.084870
-0.085496
-0.086122
-0.087140
-0.087610
-0.087766
-0.088549
-0.089253
-0.089253
-0.089879
-0.090349
-0.090819
-0.091601
-0.092541
-0.093088
-0.093636
-0.094106
-0.094497
-0.095123
-0.095593
-0.095750
-0.096376
-0.096845
-0.097706
-0.098411
-0.099115
-0.099350
-0.100289
-0.100759
-0.101150
-0.101776
-0.102168
-0.102324
-0.103498
-0.104359
-0.104751
-0.105455
-0.105690
-0.106551
-0.106864
-0.107568
-0.107803
-0.108351
-0.109212
-0.109838
-0.110777
-0.111012
-0.111404
-0.111951
-0.112499
-0.113126
-0.113673
-0.114300
-0.114769
-0.115552
-0.115943
-0.116491
-0.117117
-0.117743
-0.118291
-0.118683
-0.119465
-0.120092
-0.120952
-0.121892
-0.122674
-0.122988
-0.123692
-0.123692
-0.124475
-0.125023
-0.125414
-0.125962
-0.126431
-0.126979
-0.127997
-0.128779
-0.129014
-0.129719
-0.130267
-0.130893
-0.131284
-0.131910
-0.132223
-0.132693
-0.134024
-0.134963
-0.135432
-0.135745
-0.136372
-0.136920
-0.137467
-0.137624
-0.138563
-0.139111
-0.139816
-0.140911
-0.141694
-0.142085
-0.142555
-0.143181
-0.143729
-0.143886
-0.144668
-0.145216
-0.146468
-0.147095
-0.148034
-0.148503
-0.148347
-0.149208
-0.150069
-0.150617
-0.151165
-0.151634
-0.152417
-0.153513
-0.154295
-0.154530
-0.155235
-0.155548
-0.156174
-0.156800
-0.157426
-0.157818
-0.158757
-0.159696
-0.160557
-0.161105
-0.161418
-0.161809
-0.162749
-0.163218
-0.163688
-0.164157
-0.164940
-0.165801
-0.166819
-0.167366
-0.167601
-0.168071
-0.168697
-0.169480
-0.170184
-0.170576
-0.171123
-0.171906
-0.172532
-0.173237
-0.173628
-0.174489
-0.175115
-0.175741
-0.176211
-0.176681
-0.177150
-0.177855
-0.178716
-0.179185
-0.180124
-0.180438
-0.180985
-0.181533
-0.182238
-0.182864
-0.183099
-0.183881
-0.184977
-0.185838
-0.186308
-0.186777
-0.187012
-0.187482
-0.188186
-0.188734
-0.189360
-0.190221
-0.190926
-0.191787
-0.192491
-0.193039
-0.193509
-0.193587
-0.194213
-0.194839
-0.195700
-0.196170
-0.197109
-0.197892
-0.198518
-0.198987
-0.199457
-0.199848
-0.200709
-0.201570
-0.202275
-0.202666
-0.203214
-0.204075
-0.204858
-0.205327
-0.205719
-0.206188
-0.206658
-0.207519
-0.208067
-0.208536
-0.209241
-0.209710
-0.210493
-0.210963
-0.211745
-0.212215
-0.212528
-0.213233
-0.213546
-0.214094
-0.214485
-0.215424
-0.216129
-0.216442
-0.217068
-0.217537
-0.218085
-0.218085
-0.218946
-0.219572
-0.219651
-0.220433
-0.221216
-0.221764
-0.222312
-0.222860
-0.223251
-0.223799
-0.224269
-0.224817
-0.225364
-0.225834
-0.226538
-0.227478
-0.227947
-0.228417
-0.228652
-0.229278
-0.230061
-0.230530
-0.230843
-0.231313
-0.231704
-0.232722
-0.233191
-0.233661
-0.234209
-0.234444
-0.234678
-0.235148
-0.235853
-0.236322
-0.236714
-0.237105
-0.237888
-0.238435
-0.238827
-0.239062
-0.239688
-0.240157
-0.240862
-0.241566
-0.241958
-0.242662
-0.243053
-0.243601
-0.243993
-0.244227
-0.244854
-0.245480
-0.245480
-0.246028
-0.246732
-0.246889
-0.247280
-0.248063
-0.248454
-0.248845
-0.249471
-0.249863
-0.249706
-0.250724
-0.250959
-0.251037
-0.251820
-0.252211
-0.252837
-0.253150
-0.253228
-0.253620
-0.254089
-0.254168
-0.254716
-0.255107
-0.255420
-0.255733
-0.256124
-0.256829
-0.256907
-0.257455
-0.257768
-0.258081
-0.258629
-0.258942
-0.259412
-0.259725
-0.260429
-0.260742
-0.261134
-0.261525
-0.261838
-0.261838
-0.262464
-0.262621
-0.262856
-0.263090
-0.263247
-0.263951
-0.264264
-0.264812
-0.264812
-0.265125
-0.265204
-0.265830
-0.266143
-0.266221
-0.266613
-0.266926
-0.267160
-0.267474
-0.267708
-0.267865
-0.268178
-0.268335
-0.268882
-0.269117
-0.269039
-0.269352
-0.269665
-0.269665
-0.270135
-0.270370
-0.270448
-0.270526
-0.270996
-0.271230
-0.271309
-0.271622
-0.271622
-0.272013
-0.272248
-0.272561
-0.272796
-0.272796
-0.273187
-0.273344
-0.273344
-0.273735
-0.274048
-0.274361
-0.274440
-0.274361
-0.274361
-0.274674
-0.274909
-0.274909
-0.275222
-0.275301
-0.275535
-0.275848
-0.275848
-0.276005
-0.276083
-0.276396
-0.276396
-0.276553
-0.276709
-0.276396
-0.277101
-0.277257
-0.277179
-0.277257
-0.277336
-0.277570
-0.277727
-0.277805
-0.277805
-0.278040
-0.278197
-0.278353
-0.278431
-0.278197
-0.278353
-0.278588
-0.278823
-0.278823
-0.279057
-0.279057
-0.279371
-0.279214
-0.279214
-0.279684
-0.279684
-0.279840
-0.279527
-0.279918
-0.279762
-0.280310
-0.280545
-0.280545
-0.280310
-0.280701
-0.280701
-0.280545
-0.281092
-0.280858
-0.280779
-0.281014
-0.281092
-0.281014
-0.281092
-0.281249
-0.281171
-0.280936
-0.281406
-0.281249
-0.281014
-0.281406
-0.281092
-0.281484
-0.281562
-0.281562
-0.281719
-0.281719
-0.281640
-0.281953
-0.281953
-0.281953
-0.281953
-0.282032
-0.281719
-0.282032
-0.282267
-0.282110
-0.282188
-0.282188
-0.282267
-0.282188
-0.282345
-0.281953
-0.281953
-0.282110
-0.282267
-0.282188
-0.282188
-0.282345
-0.282345
-0.282423
-0.282423
-0.282501
-0.282658
-0.282658
-0.282345
-0.282423
-0.282580
-0.282580
-0.282814
-0.282736
-0.282423
-0.282814
-0.282658
-0.282658
-0.282814
-0.282658
-0.282501
-0.282814
-0.282580
-0.282658
-0.282736
-0.282814
-0.282814
-0.282658
-0.282658
-0.282423
-0.282814
-0.282814
-0.282736
-0.282736
-0.282893
-0.282814
-0.282893
-0.282971
-0.282736
-0.282814
-0.282736
-0.282893
-0.282658
-0.282971
-0.282736
-0.282893
-0.282893
-0.282580
-0.282658
-0.282736
-0.282658
-0.282658
-0.282580
-0.282658
-0.282971
-0.282658
-0.282658
-0.282736
-0.282971
-0.282814
-0.283128
-0.282893
-0.282814
-0.282814
-0.282658
-0.282580
-0.282736
-0.282893
-0.282971
-0.282814
-0.282580
-0.282736
-0.282971
-0.282580
-0.282893
-0.282580
-0.282893
-0.282501
-0.282814
-0.282893
-0.282893
-0.283206
-0.283128
-0.283206
-0.283049
-0.282971
-0.282971
-0.282893
-0.282814
-0.282814
-0.282814
-0.283128
-0.283128
-0.283049
-0.282893
-0.282814
-0.282893
-0.282580
-0.282893
-0.282658
-0.283128
-0.283049
-0.283128
-0.283049
-0.283206
-0.283206
-0.282971
-0.282893
-0.283049
-0.283128
-0.282814
-0.282893
-0.282971
-0.283206
-0.283362
-0.283441
-0.283362
-0.283519
-0.283284
-0.283284
-0.283441
-0.283128
-0.283362
-0.283519
-0.283754
-0.283597
-0.283832
-0.283519
-0.283597
-0.283441
-0.283362
-0.283441
-0.283362
-0.283519
-0.283754
-0.283519
-0.283675
-0.283988
-0.283675
-0.283675
-0.283988
-0.283519
-0.283754
-0.283910
-0.284145
-0.283910
-0.284067
-0.284067
-0.284380
-0.284536
-0.284380
-0.284458
-0.284536
-0.284536
-0.284693
-0.284536
-0.284771
-0.284771
-0.284771
-0.284771
-0.284849
-0.284928
-0.284771
-0.284693
-0.284458
-0.285006
-0.284693
-0.285084
-0.285006
-0.285632
-0.285397
-0.285319
-0.285476
-0.285319
-0.285319
-0.285397
-0.285632
-0.285710
-0.285710
-0.285789
-0.285945
-0.285945
-0.286023
-0.285945
-0.285710
-0.286102
-0.286023
-0.286337
-0.285945
-0.286258
-0.286180
-0.286258
-0.286415
-0.286650
-0.286806
-0.286650
-0.286571
-0.286650
-0.287276
-0.286884
-0.286963
-0.287354
-0.287198
-0.287511
-0.287667
-0.287667
-0.287511
-0.287354
-0.287589
-0.287980
-0.287902
-0.287824
-0.287824
-0.288137
-0.288372
-0.288528
-0.288606
-0.288528
-0.288528
-0.288450
-0.288685
-0.288919
-0.288998
-0.288998
-0.288763
-0.289076
-0.289233
-0.289154
-0.289467
-0.289859
-0.289467
-0.289467
-0.289467
-0.289624
-0.289937
-0.290172
-0.290641
-0.290798
-0.290563
-0.290720
-0.290485
-0.290720
-0.290798
-0.290798
-0.291189
-0.291424
-0.291268
-0.291502
-0.291424
-0.291737
-0.291894
-0.291659
-0.292129
-0.292129
-0.292363
-0.292363
-0.292129
-0.292520
-0.292911
-0.292911
-0.293224
-0.293146
-0.293146
-0.293537
-0.293772
-0.293694
-0.293616
-0.294007
-0.294164
-0.294164
-0.294007
-0.294398
-0.294398
-0.294320
-0.294320
-0.294477
-0.294555
-0.294711
-0.295181
-0.295181
-0.295338
-0.295494
-0.295885
-0.295964
-0.296042
-0.296120
-0.296433
-0.296512
-0.296668
-0.296825
-0.296746
-0.296981
-0.297138
-0.297373
-0.297529
-0.297686
-0.297764
-0.297529
-0.297764
-0.297999
-0.298077
-0.298155
-0.298468
-0.298860
-0.298938
-0.298781
-0.299251
-0.298938
-0.299408
-0.299564
-0.299721
-0.299642
-0.299877
-0.299877
-0.300112
-0.300425
-0.300738
-0.300738
-0.300973
-0.300973
-0.301130
-0.301443
-0.301208
-0.301521
-0.301599
-0.302069
-0.302304
-0.302304
-0.302538
-0.302538
-0.302773
-0.302851
-0.303165
-0.303556
-0.303791
-0.303791
-0.303869
-0.303947
-0.304104
-0.304260
-0.304339
-0.304339
-0.304887
-0.305043
-0.304730
-0.305043
-0.305356
-0.305591
-0.305826
-0.305826
-0.305904
-0.306374
-0.306530
-0.306608
-0.306530
-0.306530
-0.306843
-0.307391
-0.307078
-0.307469
-0.307313
-0.307782
-0.307861
-0.308096
-0.308252
-0.308487
-0.308643
-0.308878
-0.309191
-0.309191
-0.309426
-0.309270
-0.309739
-0.309818
-0.309818
-0.310444
-0.310600
-0.310757
-0.310678
-0.310992
-0.311226
-0.311226
-0.311461
-0.311774
-0.311931
-0.312244
-0.312009
-0.312322
-0.312557
-0.312948
-0.313027
-0.313418
-0.313574
-0.313418
-0.313888
-0.314044
-0.314201
-0.314279
-0.314435
-0.314748
-0.314905
-0.315140
-0.315062
-0.315453
-0.315766
-0.315766
-0.316079
-0.316236
-0.316392
-0.316549
-0.316784
-0.317097
-0.317331
-0.317488
-0.317958
-0.317801
-0.318114
-0.318114
-0.318349
-0.318584
-0.319053
-0.319445
-0.319601
-0.319601
-0.319601
-0.320071
-0.320540
-0.320619
-0.320619
-0.321323
-0.321167
-0.321323
-0.321636
-0.321949
-0.322106
-0.322497
-0.322732
-0.322575
-0.322575
-0.323045
-0.323045
-0.323045
-0.323358
-0.323515
-0.323593
-0.324219
-0.324219
-0.324767
-0.324454
-0.324767
-0.325080
-0.325158
-0.325628
-0.325785
-0.326176
-0.326254
-0.326646
-0.326959
-0.327115
-0.327115
-0.327193
-0.327585
-0.327898
-0.327820
-0.327976
-0.328446
-0.328759
-0.328681
-0.328994
-0.329228
-0.329776
-0.329620
-0.329855
-0.329855
-0.330246
-0.330481
-0.330716
-0.330716
-0.331107
-0.331420
-0.332046
-0.331655
-0.332046
-0.332281
-0.332359
-0.332751
-0.332751
-0.332985
-0.333455
-0.333533
-0.333533
-0.333925
-0.334238
-0.334629
-0.335020
-0.334786
-0.334942
-0.335333
-0.335490
-0.335647
-0.335960
-0.335960
-0.336116
-0.336899
-0.336664
-0.337212
-0.337368
-0.337682
-0.337682
-0.338073
-0.338073
-0.338464
-0.338777
-0.338934
-0.339090
-0.339325
-0.339638
-0.340030
-0.340264
-0.340499
-0.340812
-0.340891
-0.341047
-0.341360
-0.341830
-0.341908
-0.341986
-0.342221
-0.342769
-0.343004
-0.343004
-0.343630
-0.343474
-0.343787
-0.344100
-0.344491
-0.344648
-0.344804
-0.345117
-0.345509
-0.345587
-0.346056
-0.345978
-0.346056
-0.346448
-0.346604
-0.346839
-0.346996
-0.347387
-0.347465
-0.347935
-0.348170
-0.348013
-0.348639
-0.348718
-0.348874
-0.349187
-0.349265
-0.349579
-0.349735
-0.350283
-0.350361
-0.350987
-0.351144
-0.351066
-0.351535
-0.351614
-0.351614
-0.352083
-0.352240
-0.352631
-0.352709
-0.353336
-0.353414
-0.353570
-0.353962
-0.354118
-0.354353
-0.354823
-0.354979
-0.355214
-0.355371
-0.355527
-0.355840
-0.356153
-0.356623
-0.356779
-0.356936
-0.357171
-0.357171
-0.357327
-0.358110
-0.358267
-0.358423
-0.358736
-0.358814
-0.359362
-0.359988
-0.360067
-0.359988
-0.360223
-0.360771
-0.361084
-0.361162
-0.361789
-0.361554
-0.361945
-0.362571
-0.362806
-0.363276
-0.363041
-0.363511
-0.363589
-0.364293
-0.364215
-0.364450
-0.364763
-0.364763
-0.365076
-0.365389
-0.365859
-0.366015
-0.366407
-0.366641
-0.366720
-0.366954
-0.367189
-0.367424
-0.367659
-0.368128
-0.368442
-0.368598
-0.368676
-0.369224
-0.369537
-0.369459
-0.369772
-0.370085
-0.370398
-0.370555
-0.370790
-0.370868
-0.371259
-0.371807
-0.372199
-0.372199
-0.372433
-0.372512
-0.372903
-0.373294
-0.373373
-0.373373
-0.373842
-0.373920
-0.374155
-0.374625
-0.374703
-0.375251
-0.375016
-0.375486
-0.375721
-0.375955
-0.376112
-0.376425
-0.376582
-0.376582
-0.376816
-0.377130
-0.377364
-0.377677
-0.377756
-0.378147
-0.378460
-0.378773
-0.378851
-0.379243
-0.379243
-0.379478
-0.379712
-0.380339
-0.380026
-0.380808
-0.380886
-0.381278
-0.381513
-0.381669
-0.381747
-0.382295
-0.382374
-0.382921
-0.383000
-0.383156
-0.383469
-0.383704
-0.384017
-0.384330
-0.384565
-0.384643
-0.384878
-0.385191
-0.385661
-0.385896
-0.386052
-0.386365
-0.386757
-0.387070
-0.387383
-0.387461
-0.387852
-0.387931
-0.388166
-0.388479
-0.388713
-0.388948
-0.389261
-0.389418
-0.389888
-0.390357
-0.390357
-0.390748
-0.391062
-0.391062
-0.391609
-0.391688
-0.392079
-0.392392
-0.392549
-0.393018
-0.393018
-0.393331
-0.393488
-0.393879
-0.394036
-0.394505
-0.394740
-0.394818
-0.395210
-0.395288
-0.395679
-0.395914
-0.395993
-0.396227
-0.396462
-0.396697
-0.397480
-0.397480
-0.397714
-0.397949
-0.398419
-0.398419
-0.398654
-0.399045
-0.399358
-0.399671
-0.399984
-0.400297
-0.400689
-0.400845
-0.401393
-0.401785
-0.401785
-0.402254
-0.402567
-0.402645
-0.402880
-0.403272
-0.403350
-0.403506
-0.403898
-0.404211
-0.404524
-0.404680
-0.404915
-0.405228
-0.405541
-0.405776
-0.406089
-0.406246
-0.406637
-0.406794
-0.407263
-0.407420
-0.407498
-0.408281
-0.408359
-0.408437
-0.408907
-0.408985
-0.409533
-0.409690
-0.410159
-0.410394
-0.410551
-0.410786
-0.411255
-0.411568
-0.411881
-0.412116
-0.412586
-0.412664
-0.412821
-0.413055
-0.413368
-0.413682
-0.414386
-0.414464
-0.414542
-0.414934
-0.415325
-0.415169
-0.415560
-0.415717
-0.416264
-0.416577
-0.417125
-0.417204
-0.417438
-0.417595
-0.417986
-0.418065
-0.418378
-0.418534
-0.419004
-0.419395
-0.419239
-0.419552
-0.420256
-0.420256
-0.420491
-0.420804
-0.421117
-0.421665
-0.421900
-0.422135
-0.422448
-0.422526
-0.422604
-0.423152
-0.423230
-0.423622
-0.423778
-0.424248
-0.424248
-0.424718
-0.425109
-0.425187
-0.425500
-0.425813
-0.425892
-0.426596
-0.426674
-0.426987
-0.427457
-0.427614
-0.428005
-0.428396
-0.428788
-0.428553
-0.429022
-0.429492
-0.429727
-0.429727
-0.430275
-0.430901
-0.431370
-0.431762
-0.431997
-0.432310
-0.432231
-0.432623
-0.432936
-0.432936
-0.433640
-0.433640
-0.433875
-0.434345
-0.434814
-0.434736
-0.435284
-0.435597
-0.435754
-0.435988
-0.436145
-0.436771
-0.437162
-0.437084
-0.437397
-0.437789
-0.438415
-0.438571
-0.438728
-0.439041
-0.439197
-0.439824
-0.439745
-0.439745
-0.440137
-0.440998
-0.441154
-0.441546
-0.441780
-0.442250
-0.442172
-0.442720
-0.442876
-0.443502
-0.443581
-0.443972
-0.444363
-0.444363
-0.444755
-0.445068
-0.445303
-0.445616
-0.445929
-0.446320
-0.446398
-0.446242
-0.446868
-0.447024
-0.447181
-0.447338
-0.447964
-0.448198
-0.448433
-0.448590
-0.448746
-0.448903
-0.449451
-0.449842
-0.449686
-0.450155
-0.450312
-0.450625
-0.451016
-0.451329
-0.451877
-0.451877
-0.452190
-0.452269
-0.452660
-0.453051
-0.452973
-0.453443
-0.453364
-0.453834
-0.454538
-0.454460
-0.454930
-0.455165
-0.455712
-0.455791
-0.456182
-0.456339
-0.456339
-0.456808
-0.457278
-0.457356
-0.457826
-0.458060
-0.458530
-0.458452
-0.459078
-0.459078
-0.459469
-0.459939
-0.460096
-0.460330
-0.460800
-0.460956
-0.461270
-0.461504
-0.461739
-0.462287
-0.462365
-0.462991
-0.463070
-0.463539
-0.463461
-0.464087
-0.464244
-0.464792
-0.464870
-0.465105
-0.465418
-0.465731
-0.465887
-0.466357
-0.466279
-0.466827
-0.467218
-0.467375
-0.467375
-0.467766
-0.468236
-0.468236
-0.468549
-0.468940
-0.469488
-0.469175
-0.469566
-0.470114
-0.470584
-0.470584
-0.470740
-0.470975
-0.471523
-0.471679
-0.471993
-0.472384
-0.472697
-0.472932
-0.473245
-0.473636
-0.473558
-0.474106
-0.474419
-0.474654
-0.474732
-0.474967
-0.475436
-0.475828
-0.476063
-0.476297
-0.476845
-0.477002
-0.477158
-0.477471
-0.477863
-0.477941
-0.478489
-0.478802
-0.478724
-0.478802
-0.479193
-0.479819
-0.480211
-0.479976
-0.480446
-0.480524
-0.480759
-0.481150
-0.481855
-0.482011
-0.482559
-0.482872
-0.483029
-0.483420
-0.483811
-0.484124
-0.484437
-0.484829
-0.485064
-0.485142
-0.485298
-0.485690
-0.485846
-0.486316
-0.486707
-0.486942
-0.487255
-0.487255
-0.487646
-0.487881
-0.488038
-0.488351
-0.488507
-0.488742
-0.489368
-0.489447
-0.489760
-0.489760
-0.490542
-0.490777
-0.491169
-0.491560
-0.491482
-0.491951
-0.492421
-0.492734
-0.493204
-0.493204
-0.493595
-0.493752
-0.493752
-0.494299
-0.494378
-0.494769
-0.495160
-0.495317
-0.495317
-0.495630
-0.496334
-0.496178
-0.496882
-0.497117
-0.497195
-0.497508
-0.497743
-0.498369
-0.498761
-0.498917
-0.499152
-0.499622
-0.499935
-0.499857
-0.500248
-0.500561
-0.500718
-0.501344
-0.501578
-0.502205
-0.502205
-0.502518
-0.502831
-0.503379
-0.503614
-0.503848
-0.504396
-0.504005
-0.504866
-0.505179
-0.505492
-0.505414
-0.505883
-0.506509
-0.506353
-0.506901
-0.506979
-0.507214
-0.507214
-0.507918
-0.507918
-0.508075
-0.508310
-0.508779
-0.509092
-0.509405
-0.509797
-0.510110
-0.510266
-0.510814
-0.511049
-0.511049
-0.511597
-0.511754
-0.512223
-0.512458
-0.512771
-0.513084
-0.513710
-0.513867
-0.514102
-0.514336
-0.514884
-0.514963
-0.515354
-0.515589
-0.515824
-0.516137
-0.516528
-0.516919
-0.517232
-0.517702
-0.517859
-0.518093
-0.518328
-0.518485
-0.519033
-0.519424
-0.519346
-0.519581
-0.519894
-0.520363
-0.520989
-0.520911
-0.521381
-0.521694
-0.522085
-0.522711
-0.522946
-0.523103
-0.523416
-0.523651
-0.523964
-0.524120
-0.524590
-0.524668
-0.525059
-0.525294
-0.525607
-0.526077
-0.526390
-0.526155
-0.526860
-0.527408
-0.527642
-0.527721
-0.528347
-0.528503
-0.528738
-0.529129
-0.528973
-0.529521
-0.529521
-0.530225
-0.530460
-0.530773
-0.531399
-0.531399
-0.531791
-0.532025
-0.532417
-0.532808
-0.533513
-0.533434
-0.533826
-0.533669
-0.534217
-0.534374
-0.534687
-0.535235
-0.535078
-0.535391
-0.536095
-0.536252
-0.536409
-0.536643
-0.537426
-0.537583
-0.538130
-0.538287
-0.538287
-0.538757
-0.539070
-0.538991
-0.539539
-0.540009
-0.540087
-0.540557
-0.540870
-0.541183
-0.541261
-0.541731
-0.541809
-0.542122
-0.542435
-0.542827
-0.543218
-0.543453
-0.543766
-0.544001
-0.544470
-0.544862
-0.545175
-0.545410
-0.545410
-0.546114
-0.546192
-0.546427
-0.546662
-0.547132
-0.547445
-0.547758
-0.547914
-0.548071
-0.548462
-0.548540
-0.548697
-0.548853
-0.549480
-0.549558
-0.549480
-0.550027
-0.550184
-0.550497
-0.551123
-0.551593
-0.551593
-0.551984
-0.552767
-0.552845
-0.553002
-0.553471
-0.553471
-0.553863
-0.553706
-0.554254
-0.554567
-0.554645
-0.554958
-0.555506
-0.555428
-0.555819
-0.556211
-0.556680
-0.556759
-0.557228
-0.557307
-0.557854
-0.557854
-0.558324
-0.558324
-0.558794
-0.559185
-0.559498
-0.559733
-0.559655
-0.560124
-0.560437
-0.560829
-0.561220
-0.561298
-0.561611
-0.562159
-0.562159
-0.562472
-0.562707
-0.563099
-0.563490
-0.563881
-0.563803
-0.564507
-0.564820
-0.565055
-0.564977
-0.565447
-0.565760
-0.565838
-0.566386
-0.566777
-0.566934
-0.567090
-0.567560
-0.567795
-0.568030
-0.568186
-0.568499
-0.569047
-0.569047
-0.569360
-0.569908
-0.569908
-0.570926
-0.570769
-0.571004
-0.571004
-0.571630
-0.571630
-0.572178
-0.572413
-0.572726
-0.573195
-0.573352
-0.573587
-0.573665
-0.574135
-0.574448
-0.574682
-0.575074
-0.575152
-0.575465
-0.575622
-0.575935
-0.576013
-0.576639
-0.576874
-0.577109
-0.577344
-0.577578
-0.577735
-0.577892
-0.578596
-0.578831
-0.579066
-0.579144
-0.579692
-0.579692
-0.580161
-0.580709
-0.580944
-0.581179
-0.581727
-0.582118
-0.582509
-0.582588
-0.582901
-0.583214
-0.583762
-0.583997
-0.584310
-0.584388
-0.584701
-0.584858
-0.585171
-0.585327
-0.585797
-0.586032
-0.586345
-0.586814
-0.587206
-0.587049
-0.587362
-0.587832
-0.588223
-0.588380
-0.588771
-0.588928
-0.589162
-0.589162
-0.589632
-0.590102
-0.590258
-0.590650
-0.591276
-0.591589
-0.591510
-0.592293
-0.592293
-0.592528
-0.592763
-0.593232
-0.593311
-0.593702
-0.594015
-0.594093
-0.594485
-0.594720
-0.594954
-0.595346
-0.595581
-0.596207
-0.596207
-0.596676
-0.596833
-0.596911
-0.597224
-0.597616
-0.597929
-0.598476
-0.598398
-0.598790
-0.598868
-0.599337
-0.599729
-0.600277
-0.600277
-0.600903
-0.600981
-0.601216
-0.601920
-0.602468
-0.602938
-0.603016
-0.602938
-0.603564
-0.603877
-0.604034
-0.604268
-0.604895
-0.605129
-0.605364
-0.605599
-0.605834
-0.606147
-0.606382
-0.606695
-0.607008
-0.607399
-0.607399
-0.607869
-0.608025
-0.608417
-0.608730
-0.608965
-0.609199
-0.609513
-0.609669
-0.610139
-0.610295
-0.610765
-0.611078
-0.611469
-0.611469
-0.612017
-0.612095
-0.612565
-0.612800
-0.613191
-0.613191
-0.613426
-0.613896
-0.614287
-0.614287
-0.614522
-0.614991
-0.615383
-0.615305
-0.615931
-0.616244
-0.616479
-0.616870
-0.617183
-0.617418
-0.617653
-0.617887
-0.618357
-0.618514
-0.618905
-0.619218
-0.619296
-0.619688
-0.620079
-0.620314
-0.620627
-0.620783
-0.621018
-0.621566
-0.622114
-0.622271
-0.622584
-0.622740
-0.622975
-0.623288
-0.623679
-0.624149
-0.624071
-0.624462
-0.624619
-0.624775
-0.625323
-0.625480
-0.626106
-0.626497
-0.626575
-0.626888
-0.627123
-0.627671
-0.627906
-0.628454
-0.628532
-0.628610
-0.629002
-0.628845
-0.629237
-0.629628
-0.630097
-0.630411
-0.630567
-0.631272
-0.631585
-0.631741
-0.632289
-0.632446
-0.632446
-0.633150
-0.633307
-0.633463
-0.633854
-0.634011
-0.634481
-0.634637
-0.634950
-0.635342
-0.635889
-0.636203
-0.636281
-0.636359
-0.636672
-0.636907
-0.637611
-0.637846
-0.638003
-0.638316
-0.638707
-0.639020
-0.639177
-0.639568
-0.640038
-0.640194
-0.640742
-0.641055
-0.641212
-0.641290
-0.641916
-0.641916
-0.642464
-0.642777
-0.643325
-0.643403
-0.643795
-0.644421
-0.644499
-0.644656
-0.644577
-0.644969
-0.645360
-0.645517
-0.645830
-0.646143
-0.646378
-0.646926
-0.647317
-0.647630
-0.647708
-0.648178
-0.648647
-0.648804
-0.649039
-0.649274
-0.649508
-0.650056
-0.650135
-0.650369
-0.650761
-0.650996
-0.651387
-0.651856
-0.652013
-0.652639
-0.652639
-0.652796
-0.653109
-0.653813
-0.653892
-0.653970
-0.654439
-0.654909
-0.655457
-0.655535
-0.655848
-0.655770
-0.656318
-0.656631
-0.656631
-0.657179
-0.657257
-0.657962
-0.658118
-0.658509
-0.658666
-0.658823
-0.659370
-0.659762
-0.660153
-0.660388
-0.660936
-0.660936
-0.661484
-0.661797
-0.662188
-0.662658
-0.662579
-0.662971
-0.663206
-0.663519
-0.664067
-0.663832
-0.664223
-0.664223
-0.664458
-0.664067
