-0.534843
-0.534921
-0.535391
-0.535469
-0.535861
-0.536017
-0.536330
-0.536800
-0.537035
-0.537426
-0.537661
-0.537896
-0.538130
-0.538522
-0.538444
-0.539148
-0.539305
-0.539305
-0.540009
-0.540244
-0.540792
-0.541183
-0.541261
-0.541496
-0.541887
-0.541887
-0.542279
-0.542670
-0.543140
-0.543140
-0.543531
-0.543688
-0.544079
-0.544392
-0.544470
-0.544783
-0.545097
-0.545175
-0.545566
-0.545879
-0.546349
-0.546505
-0.546740
-0.547053
-0.547288
-0.547679
-0.547992
-0.548384
-0.548540
-0.548853
-0.549010
-0.549245
-0.549793
-0.550027
-0.549949
-0.550419
-0.550654
-0.550888
-0.551202
-0.551358
-0.551828
-0.551984
-0.552063
-0.552689
-0.552923
-0.553002
-0.553393
-0.553550
-0.554254
-0.554254
-0.554724
-0.554880
-0.555115
-0.555428
-0.555976
-0.556289
-0.556133
-0.556680
-0.557072
-0.557541
-0.557933
-0.558324
-0.558246
-0.558715
-0.558794
-0.559420
-0.559420
-0.559968
-0.560281
-0.560594
-0.560594
-0.561142
-0.561690
-0.561846
-0.562238
-0.562551
-0.562942
-0.563412
-0.563646
-0.563725
-0.564038
-0.564194
-0.564351
-0.564742
-0.564820
-0.565212
-0.565290
-0.565525
-0.565916
-0.566699
-0.566464
-0.566777
-0.567247
-0.567716
-0.567482
-0.568343
-0.568343
-0.568656
-0.568812
-0.569517
-0.569595
-0.569438
-0.569908
-0.570612
-0.570534
-0.570769
-0.571395
-0.571630
-0.571630
-0.571943
-0.572100
-0.572334
-0.572882
-0.573352
-0.573508
-0.573822
-0.573900
-0.574448
-0.574761
-0.575074
-0.574996
-0.575152
-0.575465
-0.575935
-0.576170
-0.576404
-0.576717
-0.576796
-0.577265
-0.577500
-0.577970
-0.578439
-0.578596
-0.579066
-0.579535
-0.579379
-0.579770
-0.580318
-0.580318
-0.580866
-0.581179
-0.581648
-0.581648
-0.582118
-0.582353
-0.582901
-0.583057
-0.583605
-0.583918
-0.583840
-0.584310
-0.584779
-0.584936
-0.585014
-0.585405
-0.585719
-0.586188
-0.586345
-0.587049
-0.586893
-0.587206
-0.587754
-0.588145
-0.587988
-0.588771
-0.588771
-0.588928
-0.589632
-0.589710
-0.590336
-0.590180
-0.590415
-0.590728
-0.591197
-0.591432
-0.591589
-0.591902
-0.592215
-0.592371
-0.592606
-0.593389
-0.593702
-0.593624
-0.593937
-0.594250
-0.594563
-0.594798
-0.594954
-0.595424
-0.595659
-0.596285
-0.596520
-0.596676
-0.597068
-0.597146
-0.597381
-0.597850
-0.597929
-0.598476
-0.598633
-0.599024
-0.599259
-0.599572
-0.600120
-0.600746
-0.600746
-0.600981
-0.601451
-0.601764
-0.602077
-0.602468
-0.602781
-0.602860
-0.603329
-0.603407
-0.604112
-0.604190
-0.604582
-0.604660
-0.605364
-0.605599
-0.605834
-0.606069
-0.606617
-0.606695
-0.607164
-0.607712
-0.607712
-0.608338
-0.608417
-0.608573
-0.608808
-0.608886
-0.609199
-0.609669
-0.610217
-0.610217
-0.610217
-0.610687
-0.610765
-0.611156
-0.611861
-0.612095
-0.612330
-0.612643
-0.613191
-0.613191
-0.613348
-0.613974
-0.614130
-0.614287
-0.614913
-0.614913
-0.615226
-0.615539
-0.615931
-0.616009
-0.616322
-0.616479
-0.617105
-0.617418
-0.617574
-0.618044
-0.618122
-0.618514
-0.618905
-0.619140
-0.619453
-0.619609
-0.620079
-0.620236
-0.620705
-0.620862
-0.621175
-0.621566
-0.621957
-0.621957
-0.622427
-0.622427
-0.622897
-0.623210
-0.623288
-0.623679
-0.624306
-0.624227
-0.624227
-0.624775
-0.624853
-0.625010
-0.625480
-0.625793
-0.626027
-0.626341
-0.626419
-0.626732
-0.627280
-0.627202
-0.627749
-0.628532
-0.628610
-0.628610
-0.629158
-0.629158
-0.629628
-0.630097
-0.630567
-0.630802
-0.630724
-0.631350
-0.631428
-0.631819
-0.631898
-0.632446
-0.632680
-0.633228
-0.633307
-0.633776
-0.633698
-0.634402
-0.634246
-0.634794
-0.635028
-0.635185
-0.635342
-0.635733
-0.636124
-0.636594
-0.636750
-0.636985
-0.637220
-0.637611
-0.637768
-0.638238
-0.638394
-0.638629
-0.638707
-0.639099
-0.639255
-0.639646
-0.640038
-0.640273
-0.640507
-0.640899
-0.641525
-0.641681
-0.641838
-0.642386
-0.642151
-0.642542
-0.642855
-0.642934
-0.643560
-0.643873
-0.643951
-0.644421
-0.644264
-0.644812
-0.645125
-0.645595
-0.645751
-0.646065
-0.646221
-0.646926
-0.646926
-0.647082
-0.647552
-0.647943
-0.648334
-0.648256
-0.648569
-0.649039
-0.649117
-0.649508
-0.649430
-0.650213
-0.650135
-0.650448
-0.650839
-0.651074
-0.651778
-0.651856
-0.652404
-0.652483
-0.652717
-0.653109
-0.653344
-0.653187
-0.653422
-0.654048
-0.654439
-0.654596
-0.655222
-0.655222
-0.655613
-0.655848
-0.656161
-0.656474
-0.656396
-0.656787
-0.656787
-0.656866
-0.657101
-0.657335
-0.657570
-0.657257
-0.657335
-0.657414
-0.657022
-0.656787
-0.656553
-0.656631
-0.656553
-0.656318
-0.656161
-0.656005
-0.655692
-0.655770
-0.655222
-0.655300
-0.655066
-0.654674
-0.654439
-0.654283
-0.654048
-0.653657
-0.653422
-0.652952
-0.652639
-0.652404
-0.652091
-0.652013
-0.651622
-0.651152
-0.650996
-0.651074
-0.650448
-0.649821
-0.649743
-0.649352
-0.649195
-0.648961
-0.648491
-0.647943
-0.647865
-0.647473
-0.647317
-0.646769
-0.646691
-0.646534
-0.645830
-0.645830
-0.645360
-0.644890
-0.644577
-0.644030
-0.644108
-0.643638
-0.643090
-0.643090
-0.642699
-0.642073
-0.641838
-0.641447
-0.641212
-0.640507
-0.640429
-0.640194
-0.639725
-0.639412
-0.639177
-0.638707
-0.638629
-0.638159
-0.637924
-0.637690
-0.637298
-0.636907
-0.636672
-0.636516
-0.635811
-0.635576
-0.635028
-0.634872
-0.634324
-0.634168
-0.633698
-0.633776
-0.633072
-0.632837
-0.632446
-0.631898
-0.631506
-0.631428
-0.631037
-0.630567
-0.630332
-0.630176
-0.629863
-0.629471
-0.629393
-0.628767
-0.628376
-0.628219
-0.627984
-0.627906
-0.627280
-0.627202
-0.626497
-0.626027
-0.625714
-0.625793
-0.625323
-0.624853
-0.624462
-0.624306
-0.623992
-0.623992
-0.623288
-0.622975
-0.622427
-0.622271
-0.622271
-0.622114
-0.621175
-0.621175
-0.620940
-0.620392
-0.620079
-0.619688
-0.619296
-0.618905
-0.618592
-0.618435
-0.618044
-0.617653
-0.617261
-0.616870
-0.616479
-0.616322
-0.615774
-0.615461
-0.615461
-0.614991
-0.614678
-0.614522
-0.614209
-0.613896
-0.613269
-0.613113
-0.612643
-0.612330
-0.612017
-0.611861
-0.611548
-0.610843
-0.611156
-0.610452
-0.610374
-0.609591
-0.609434
-0.609043
-0.608965
-0.608495
-0.608182
-0.607478
-0.607164
-0.607556
-0.607086
-0.606382
-0.606303
-0.606225
-0.605364
-0.605129
-0.605364
-0.604973
-0.604425
-0.603877
-0.603329
-0.603016
-0.603173
-0.602625
-0.602703
-0.601607
-0.601451
-0.601216
-0.600981
-0.600433
-0.599964
-0.599807
-0.599416
-0.598946
-0.598633
-0.598476
-0.597929
-0.597537
-0.597616
-0.596989
-0.596833
-0.596598
-0.596363
-0.595815
-0.595346
-0.595346
-0.594954
-0.594563
-0.594485
-0.593937
-0.593702
-0.593389
-0.592685
-0.592763
-0.592528
-0.591902
-0.591980
-0.591276
-0.591197
-0.591041
-0.590415
-0.589867
-0.589710
-0.589319
-0.589006
-0.588771
-0.588145
-0.587832
-0.587754
-0.587362
-0.586971
-0.586501
-0.586423
-0.586110
-0.585327
-0.584858
-0.584936
-0.584544
-0.584231
-0.584075
-0.583684
-0.583370
-0.583136
-0.582901
-0.582275
-0.581727
-0.581492
-0.581179
-0.580944
-0.580788
-0.580318
-0.579770
-0.579770
-0.579222
-0.578831
-0.578596
-0.578361
-0.577970
-0.577344
-0.577344
-0.576796
-0.576483
-0.576326
-0.575622
-0.575387
-0.575309
-0.574996
-0.574369
-0.573978
-0.573900
-0.573508
-0.573195
-0.572647
-0.572491
-0.572413
-0.572100
-0.571708
-0.571552
-0.571082
-0.570534
-0.569986
-0.570143
-0.569751
-0.569047
-0.569047
-0.568577
-0.568264
-0.568030
-0.567795
-0.567560
-0.567012
-0.566777
-0.566308
-0.566229
-0.565760
-0.565212
-0.565134
-0.564742
-0.564429
-0.564038
-0.563803
-0.563412
-0.563020
-0.562551
-0.562472
-0.562081
-0.561690
-0.561377
-0.561455
-0.560359
-0.560281
-0.560046
-0.559576
-0.559263
-0.558872
-0.558324
-0.558246
-0.557854
-0.557307
-0.557463
-0.556680
-0.556524
-0.556133
-0.556211
-0.555428
-0.555272
-0.554880
-0.554645
-0.554098
-0.554019
-0.553550
-0.553471
-0.553080
-0.552689
-0.552219
-0.551749
-0.551593
-0.551515
-0.550575
-0.550419
-0.550341
-0.549714
-0.549558
-0.549167
-0.548619
-0.548462
-0.548149
-0.547758
-0.547445
-0.547053
-0.546662
-0.546114
-0.545879
-0.545566
-0.545566
-0.544862
-0.544862
-0.544627
-0.543922
-0.543688
-0.543375
-0.543453
-0.542827
-0.542592
-0.542279
-0.541809
-0.541418
-0.540948
-0.540557
-0.540322
-0.540087
-0.539931
-0.539618
-0.539226
-0.538913
-0.538444
-0.538209
-0.537661
-0.537661
-0.537113
-0.537113
-0.536643
-0.536174
-0.536095
-0.535704
-0.535235
-0.535000
-0.534608
-0.534608
-0.534217
-0.533904
-0.533199
-0.533278
-0.532886
-0.532652
-0.532104
-0.531712
-0.531399
-0.530930
-0.530851
-0.530538
-0.529834
-0.529599
-0.529286
-0.529129
-0.528582
-0.528582
-0.527955
-0.527799
-0.527329
-0.527251
-0.526938
-0.526860
-0.525999
-0.525686
-0.525529
-0.525216
-0.524746
-0.524355
-0.524042
-0.523729
-0.523416
-0.523181
-0.522633
-0.522555
-0.522320
-0.521537
-0.521224
-0.521224
-0.520676
-0.520285
-0.519894
-0.519737
-0.519346
-0.519111
-0.518641
-0.518485
-0.517937
-0.517859
-0.517232
-0.517076
-0.516998
-0.516450
-0.516215
-0.516058
-0.515589
-0.514963
-0.514884
-0.514806
-0.514336
-0.513789
-0.513476
-0.513162
-0.512928
-0.512615
-0.512067
-0.511519
-0.511440
-0.511049
-0.510893
-0.510423
-0.510032
-0.509484
-0.509327
-0.508936
-0.508936
-0.508310
-0.508075
-0.507762
-0.507449
-0.507057
-0.507057
-0.506823
-0.506196
-0.506040
-0.505570
-0.505335
-0.505101
-0.504709
-0.504474
-0.504083
-0.503927
-0.503300
-0.502987
-0.502518
-0.502361
-0.501892
-0.501578
-0.501109
-0.500561
-0.500639
-0.500483
-0.500013
-0.499622
-0.499465
-0.498996
-0.498604
-0.498369
-0.497978
-0.497743
-0.497274
-0.497117
-0.496647
-0.496334
-0.495943
-0.495787
-0.495317
-0.495160
-0.494612
-0.494456
-0.494143
-0.493986
-0.493438
-0.493047
-0.492499
-0.492343
-0.492108
-0.492030
-0.491560
-0.491325
-0.491169
-0.490621
-0.490151
-0.489760
-0.489760
-0.489447
-0.488899
-0.488742
-0.488429
-0.488038
-0.487803
-0.487568
-0.487568
-0.486786
-0.486394
-0.486316
-0.485690
-0.485690
-0.485377
-0.484985
-0.484594
-0.484124
-0.484124
-0.483890
-0.483107
-0.483029
-0.482559
-0.482324
-0.482011
-0.481620
-0.481307
-0.480994
-0.480837
-0.480524
-0.480054
-0.479428
-0.479115
-0.479115
-0.478880
-0.478567
-0.478411
-0.478019
-0.477784
-0.477550
-0.476924
-0.476689
-0.476219
-0.475984
-0.475749
-0.475202
-0.474967
-0.474810
-0.474262
-0.473871
-0.473871
-0.473480
-0.473636
-0.472775
-0.472384
-0.472071
-0.471914
-0.471288
-0.471210
-0.470818
-0.470427
-0.470349
-0.469801
-0.469879
-0.469018
-0.468862
-0.468549
-0.468549
-0.468157
-0.467609
-0.467531
-0.467140
-0.466983
-0.466514
-0.466201
-0.465966
-0.465496
-0.465418
-0.465027
-0.464713
-0.464713
-0.464009
-0.463852
-0.463539
-0.463070
-0.462757
-0.462365
-0.462287
-0.462052
-0.461974
-0.461270
-0.461035
-0.460409
-0.459939
-0.460096
-0.459782
-0.459391
-0.458843
-0.458374
-0.458295
-0.457982
-0.457669
-0.457591
-0.457043
-0.457200
-0.456808
-0.456260
-0.455791
-0.455791
-0.455321
-0.454851
-0.454538
-0.454304
-0.453990
-0.453677
-0.453286
-0.453129
-0.452816
-0.452816
-0.452190
-0.451877
-0.451642
-0.451173
-0.451094
-0.450703
-0.450312
-0.449920
-0.449686
-0.449451
-0.448903
-0.449059
-0.448277
-0.448198
-0.447729
-0.447807
-0.447416
-0.446946
-0.446633
-0.446320
-0.446163
-0.445616
-0.445459
-0.444911
-0.444755
-0.444363
-0.444207
-0.444050
-0.443737
-0.443267
-0.442798
-0.442407
-0.442407
-0.441859
-0.441546
-0.441154
-0.441389
-0.440293
-0.439902
-0.439354
-0.439197
-0.438884
-0.438728
-0.438180
-0.437945
-0.437789
-0.437632
-0.437006
-0.436849
-0.436693
-0.436301
-0.435754
-0.435754
-0.435519
-0.435049
-0.434814
-0.434423
-0.434032
-0.433875
-0.433562
-0.433092
-0.432701
-0.432545
-0.432153
-0.431918
-0.431527
-0.431057
-0.430744
-0.430431
-0.430040
-0.429727
-0.429492
-0.429492
-0.428866
-0.428631
-0.428396
-0.427848
-0.427770
-0.427379
-0.427144
-0.426361
-0.426596
-0.426048
-0.425892
-0.425657
-0.425344
-0.424874
-0.424639
-0.424170
-0.423622
-0.423622
-0.423074
-0.422683
-0.422291
-0.422135
-0.421665
-0.421508
-0.421039
-0.420961
-0.420413
-0.420178
-0.419552
-0.419630
-0.419082
-0.419004
-0.418534
-0.418221
-0.417830
-0.417752
-0.417595
-0.416969
-0.416734
-0.416577
-0.416421
-0.416030
-0.415873
-0.415169
-0.414542
-0.414464
-0.414151
-0.413838
-0.413368
-0.413055
-0.412742
-0.412351
-0.412273
-0.411881
-0.411647
-0.411255
-0.410864
-0.410316
-0.410159
-0.409611
-0.409611
-0.409220
-0.408829
-0.408594
-0.408359
-0.407968
-0.407655
-0.407263
-0.407107
-0.406950
-0.406324
-0.406246
-0.405620
-0.405228
-0.405072
-0.404837
-0.404602
-0.404211
-0.403976
-0.403506
-0.403193
-0.403193
-0.402645
-0.402254
-0.401706
-0.401550
-0.400767
-0.400610
-0.400219
-0.399906
-0.399280
-0.399280
-0.398732
-0.398497
-0.398184
-0.397871
-0.397714
-0.397401
-0.397088
-0.396854
-0.396854
-0.396227
-0.395993
-0.395914
-0.395445
-0.395288
-0.394662
-0.394505
-0.394349
-0.393958
-0.393723
-0.393410
-0.393018
-0.393097
-0.392627
-0.392236
-0.391766
-0.391688
-0.391531
-0.391140
-0.390748
-0.390357
-0.390044
-0.389888
-0.389261
-0.389105
-0.389027
-0.388557
-0.388244
-0.387852
-0.387618
-0.387383
-0.387226
-0.386757
-0.386444
-0.386052
-0.385504
-0.385504
-0.385270
-0.384722
-0.384330
-0.384174
-0.384096
-0.383782
-0.383469
-0.383156
-0.382921
-0.382687
-0.382295
-0.382061
-0.381591
-0.381356
-0.380965
-0.380417
-0.380417
-0.379869
-0.379634
-0.379321
-0.378851
-0.378460
-0.378460
-0.378147
-0.377834
-0.377599
-0.377208
-0.376660
-0.376582
-0.376347
-0.375799
-0.375642
-0.375486
-0.375329
-0.375016
-0.374625
-0.374625
-0.374312
-0.373842
-0.373373
-0.373686
-0.372746
-0.372903
-0.372277
-0.372355
-0.371807
-0.371651
-0.371338
-0.371103
-0.370711
-0.370242
-0.369929
-0.369537
-0.369224
-0.369224
-0.368755
-0.368442
-0.368285
-0.368207
-0.367581
-0.367346
-0.367189
-0.366954
-0.366641
-0.366172
-0.365859
-0.365467
-0.365311
-0.364919
-0.364528
-0.364293
-0.364293
-0.363902
-0.363511
-0.363354
-0.363119
-0.362650
-0.361789
-0.361554
-0.361241
-0.361006
-0.360849
-0.360536
-0.360223
-0.360067
-0.359675
-0.359519
-0.358971
-0.358658
-0.358423
-0.358345
-0.357875
-0.357327
-0.357406
-0.356936
-0.357092
-0.357014
-0.356466
-0.355997
-0.355684
-0.355292
-0.354979
-0.354666
-0.354353
-0.354353
-0.353805
-0.353492
-0.353492
-0.353101
-0.352709
-0.352396
-0.352240
-0.352083
-0.351614
-0.351144
-0.350674
-0.350753
-0.350596
-0.349657
-0.349579
-0.349735
-0.349265
-0.349265
-0.348796
-0.348248
-0.348248
-0.347700
-0.347387
-0.347230
-0.346761
-0.346291
-0.346056
-0.345900
-0.345430
-0.345665
-0.345117
-0.345195
-0.344491
-0.344334
-0.343943
-0.343630
-0.343317
-0.342847
-0.342691
-0.342691
-0.342143
-0.342221
-0.341908
-0.341673
-0.341125
-0.340969
-0.340108
-0.340343
-0.339951
-0.339638
-0.339482
-0.339012
-0.338621
-0.338229
-0.338073
-0.338073
-0.337682
-0.337368
-0.336977
-0.336429
-0.336194
-0.336038
-0.335725
-0.335255
-0.334942
-0.334786
-0.334394
-0.334472
-0.334003
-0.333612
-0.333455
-0.333377
-0.332907
-0.332281
-0.332124
-0.331890
-0.331733
-0.331420
-0.330950
-0.330637
-0.330324
-0.330089
-0.330011
-0.329698
-0.329463
-0.329307
-0.328681
-0.328602
-0.328133
-0.327898
-0.327585
-0.327350
-0.327350
-0.326646
-0.326411
-0.326019
-0.326019
-0.325315
-0.324924
-0.325158
-0.324845
-0.324297
-0.324219
-0.323828
-0.323593
-0.323436
-0.322810
-0.322810
-0.322419
-0.322341
-0.321715
-0.321323
-0.321167
-0.320854
-0.320540
-0.320306
-0.319836
-0.319758
-0.319288
-0.319132
-0.318662
-0.318349
-0.318192
-0.317958
-0.317488
-0.317018
-0.316784
-0.316392
-0.316314
-0.316157
-0.315766
-0.315688
-0.315453
-0.314827
-0.314592
-0.314201
-0.314044
-0.313809
-0.313418
-0.312870
-0.313027
-0.312792
-0.312870
-0.312166
-0.312087
-0.312009
-0.311539
-0.310835
-0.310600
-0.310522
-0.310131
-0.309974
-0.309818
-0.309818
-0.309426
-0.309191
-0.308878
-0.308409
-0.308017
-0.307782
-0.307313
-0.307313
-0.307078
-0.306765
-0.306217
-0.306139
-0.305826
-0.305434
-0.305747
-0.305121
-0.304730
-0.304652
-0.304182
-0.303947
-0.304026
-0.303399
-0.303243
-0.302851
-0.302460
-0.302460
-0.301991
-0.301912
-0.301443
-0.300973
-0.300895
-0.300582
-0.300269
-0.300190
-0.299642
-0.299251
-0.299095
-0.298781
-0.298703
-0.298312
-0.297999
-0.297764
-0.297529
-0.297607
-0.297138
-0.296903
-0.296199
-0.296120
-0.296042
-0.295729
-0.295416
-0.294946
-0.294711
-0.294633
-0.294398
-0.293772
-0.293850
-0.293616
-0.293303
-0.292598
-0.292833
-0.292442
-0.292285
-0.292050
-0.291737
-0.291502
-0.291189
-0.291033
-0.290563
-0.289937
-0.289937
-0.289702
-0.289311
-0.289154
-0.288841
-0.288685
-0.288293
-0.288293
-0.287980
-0.287276
-0.287354
-0.286963
-0.286571
-0.286337
-0.286102
-0.286102
-0.285945
-0.285319
-0.285241
-0.284849
-0.284693
-0.284223
-0.284302
-0.283832
-0.283675
-0.283441
-0.282971
-0.282971
-0.282658
-0.282345
-0.282110
-0.281797
-0.281640
-0.281014
-0.280779
-0.280388
-0.280545
-0.279840
-0.279762
-0.279292
-0.278979
-0.278744
-0.278510
-0.278353
-0.277962
-0.277727
-0.277492
-0.277257
-0.277101
-0.276944
-0.276475
-0.276240
-0.276240
-0.276083
-0.275301
-0.275301
-0.274909
-0.274596
-0.274283
-0.274283
-0.274048
-0.273813
-0.273813
-0.273579
-0.272952
-0.272561
-0.272405
-0.272013
-0.272091
-0.271778
-0.271778
-0.271309
-0.270996
-0.270761
-0.270526
-0.270526
-0.269978
-0.269822
-0.269587
-0.269195
-0.268882
-0.268882
-0.268413
-0.268178
-0.268021
-0.267787
-0.267474
-0.267239
-0.267395
-0.266769
-0.266456
-0.265908
-0.266143
-0.265986
-0.265439
-0.265204
-0.264499
-0.264656
-0.264264
-0.263951
-0.263638
-0.263560
-0.263482
-0.263247
-0.262777
-0.262699
-0.262464
-0.262073
-0.261838
-0.261760
-0.261368
-0.261055
-0.260977
-0.260821
-0.260429
-0.260429
-0.260273
-0.259960
-0.259647
-0.259412
-0.259020
-0.258707
-0.258473
-0.258473
-0.258238
-0.258159
-0.257768
-0.257455
-0.257455
-0.257064
-0.256907
-0.256907
-0.256829
-0.256203
-0.256046
-0.255498
-0.255263
-0.255185
-0.254872
-0.254637
-0.254402
-0.254481
-0.254481
-0.254324
-0.254011
-0.253933
-0.253542
-0.253228
-0.253072
-0.252759
-0.252367
-0.252289
-0.251820
-0.251898
-0.251663
-0.251741
-0.251037
-0.250880
-0.250567
-0.250332
-0.250098
-0.249706
-0.249471
-0.249315
-0.249080
-0.249550
-0.249002
-0.248845
-0.248454
-0.248063
-0.247593
-0.247515
-0.247280
-0.247202
-0.246810
-0.246732
-0.246341
-0.246654
-0.246184
-0.246184
-0.245949
-0.245715
-0.245558
-0.245167
-0.244697
-0.244619
-0.244619
-0.244306
-0.244384
-0.244149
-0.243758
-0.243758
-0.243366
-0.243132
-0.242740
-0.242427
-0.242192
-0.242036
-0.241723
-0.241410
-0.241566
-0.240940
-0.240862
-0.240940
-0.240784
-0.240470
-0.240079
-0.239531
-0.239296
-0.239296
-0.238905
-0.238749
-0.238435
-0.238357
-0.238201
-0.237966
-0.237653
-0.237731
-0.237183
-0.236870
-0.236714
-0.236714
-0.236557
-0.236009
-0.235853
-0.235618
-0.235774
-0.235461
-0.235305
-0.235070
-0.234678
-0.234365
-0.233818
-0.234052
-0.233739
-0.233739
-0.233348
-0.233270
-0.233113
-0.232957
-0.232722
-0.232800
-0.232409
-0.232252
-0.231861
-0.231391
-0.231783
-0.231391
-0.231469
-0.231156
-0.230765
-0.231000
-0.230687
-0.230139
-0.230139
-0.229748
-0.229356
-0.229200
-0.229121
-0.228808
-0.229043
-0.228652
-0.228495
-0.228026
-0.227712
-0.227947
-0.227791
-0.227321
-0.227165
-0.227086
-0.227008
-0.226852
-0.226695
-0.226538
-0.226147
-0.226069
-0.225834
-0.225443
-0.225208
-0.225286
-0.225051
-0.224738
-0.224503
-0.224425
-0.224269
-0.224034
-0.223721
-0.223564
-0.223251
-0.223095
-0.223173
-0.223095
-0.222860
-0.222703
-0.222234
-0.222312
-0.222390
-0.222234
-0.221842
-0.221842
-0.221294
-0.221451
-0.220981
-0.220825
-0.220825
-0.220433
-0.220355
-0.220277
-0.220199
-0.219651
-0.219338
-0.219103
-0.218790
-0.219103
-0.218868
-0.218868
-0.218868
-0.218477
-0.218242
-0.218085
-0.218007
-0.217929
-0.217616
-0.217537
-0.217772
-0.217146
-0.217146
-0.217068
-0.216911
-0.216833
-0.216598
-0.216363
-0.216520
-0.216050
-0.216129
-0.215972
-0.215737
-0.215581
-0.215189
-0.215346
-0.214720
-0.215111
-0.214798
-0.214563
-0.214563
-0.214328
-0.214015
-0.213937
-0.213624
-0.213702
-0.213467
-0.213154
-0.213154
-0.213154
-0.212763
-0.212919
-0.212528
-0.212137
-0.212528
-0.212293
-0.212137
-0.211824
-0.211902
-0.211902
-0.211432
-0.211432
-0.211589
-0.211276
-0.211354
-0.211041
-0.211041
-0.211041
-0.211119
-0.210650
-0.210493
-0.210102
-0.210024
-0.210258
-0.210102
-0.209710
-0.209397
-0.209397
-0.209163
-0.209241
-0.208928
-0.209163
-0.208849
-0.209006
-0.208771
-0.208771
-0.208771
-0.208536
-0.208380
-0.208536
-0.208615
-0.207910
-0.207910
-0.207989
-0.208067
-0.207754
-0.207675
-0.207597
-0.207206
-0.207049
-0.207206
-0.207128
-0.207284
-0.206971
-0.206736
-0.206580
-0.206501
-0.206658
-0.206345
-0.206345
-0.206345
-0.206267
-0.206345
-0.206267
-0.206032
-0.205953
-0.205797
-0.205640
-0.205327
-0.205327
-0.205406
-0.205406
-0.205249
-0.205093
-0.205249
-0.205327
-0.204858
-0.204623
-0.204858
-0.204623
-0.204545
-0.204466
-0.204388
-0.204388
-0.204466
-0.204545
-0.204388
-0.204310
-0.204075
-0.204232
-0.203997
-0.203840
-0.203840
-0.203997
-0.203762
-0.203762
-0.203918
-0.204153
-0.203605
-0.203527
-0.203527
-0.203449
-0.203371
-0.203058
-0.203058
-0.203214
-0.203292
-0.203371
-0.203371
-0.202979
-0.202823
-0.202588
-0.202744
-0.202666
-0.202510
-0.202275
-0.202431
-0.202744
-0.202510
-0.202588
-0.202431
-0.202275
-0.201962
-0.201883
-0.202040
-0.202197
-0.201883
-0.202118
-0.202040
-0.201883
-0.202197
-0.202118
-0.201962
-0.201962
-0.201649
-0.201727
-0.201570
-0.201492
-0.201570
-0.201805
-0.201805
-0.201570
-0.201649
-0.201727
-0.201492
-0.201492
-0.201649
-0.201336
-0.201492
-0.201492
-0.201179
-0.201805
-0.201570
-0.201805
-0.201649
-0.201727
-0.201414
-0.201492
-0.201257
-0.201257
-0.201336
-0.201257
-0.201414
-0.201649
-0.202040
-0.202040
-0.201883
-0.201805
-0.201414
-0.201727
-0.201336
-0.201492
-0.201257
-0.201492
-0.201492
-0.201727
-0.201805
-0.201727
-0.201883
-0.201805
-0.201649
-0.201649
-0.201570
-0.201570
-0.201649
-0.201492
-0.201727
-0.201962
-0.201962
-0.202118
-0.201962
-0.201727
-0.201727
-0.201649
-0.201570
-0.202118
-0.201962
-0.201805
-0.201883
-0.202275
-0.202197
-0.202197
-0.202040
-0.202040
-0.201883
-0.202197
-0.201883
-0.201962
-0.202040
-0.202666
-0.202510
-0.202510
-0.202510
-0.202353
-0.202353
-0.202118
-0.202275
-0.202431
-0.202197
-0.202510
-0.202666
-0.202588
-0.202901
-0.202744
-0.202744
-0.202823
-0.202823
-0.202666
-0.202510
-0.202744
-0.202979
-0.202744
-0.203449
-0.203527
-0.203214
-0.202979
-0.203058
-0.203292
-0.203292
-0.203527
-0.203292
-0.203527
-0.203762
-0.203997
-0.203605
-0.203605
-0.203762
-0.203605
-0.203527
-0.203762
-0.203840
-0.203684
-0.203997
-0.204153
-0.204310
-0.204388
-0.204232
-0.204232
-0.204232
-0.204232
-0.204545
-0.204388
-0.204232
-0.204466
-0.204623
-0.204858
-0.204779
-0.204701
-0.205093
-0.204858
-0.204936
-0.204936
-0.205093
-0.205093
-0.205093
-0.205327
-0.205093
-0.205640
-0.205327
-0.205797
-0.205797
-0.205484
-0.205484
-0.205719
-0.205875
-0.205953
-0.205953
-0.206110
-0.206345
-0.206423
-0.206345
-0.206188
-0.206345
-0.206423
-0.206345
-0.206501
-0.206736
-0.206423
-0.206893
-0.206658
-0.206658
-0.206658
-0.206971
-0.207128
-0.206893
-0.207128
-0.207284
-0.206893
-0.206971
-0.207675
-0.207519
-0.207362
-0.207675
-0.207519
-0.207910
-0.207675
-0.208067
-0.207910
-0.207910
-0.208067
-0.208067
-0.208223
-0.208536
-0.208223
-0.208223
-0.207989
-0.207989
-0.208302
-0.208458
-0.208302
-0.208380
-0.208536
-0.208615
-0.208849
-0.208771
-0.208380
-0.208771
-0.208693
-0.208849
-0.208849
-0.208693
-0.208615
-0.208615
-0.208928
-0.208928
-0.209084
-0.209084
-0.209163
-0.209397
-0.209476
-0.209084
-0.209163
-0.209163
-0.209476
-0.209397
-0.209319
-0.209397
-0.209319
-0.209319
-0.209319
-0.209476
-0.209710
-0.209476
-0.209397
-0.209789
-0.210024
-0.209710
-0.209554
-0.209554
-0.209476
-0.209476
-0.209789
-0.209632
-0.209476
-0.209397
-0.209554
-0.209554
-0.209554
-0.209476
-0.209554
-0.209241
-0.209397
-0.209397
-0.209241
-0.209397
-0.209241
-0.209397
-0.209241
-0.209084
-0.209241
-0.209319
-0.208928
-0.208771
-0.208771
-0.208928
-0.208928
-0.209084
-0.208849
-0.208615
-0.208536
-0.208458
-0.208458
-0.208380
-0.208380
-0.208380
-0.208223
-0.208380
-0.207989
-0.207910
-0.207832
-0.207754
-0.207754
-0.207441
-0.207519
-0.207519
-0.207049
-0.207049
-0.207049
-0.206971
-0.206658
-0.206658
-0.206893
-0.206267
-0.206188
-0.206188
-0.206032
-0.205953
-0.205797
-0.205797
-0.205171
-0.205484
-0.205562
-0.205093
-0.205093
-0.205093
-0.204858
-0.204779
-0.204545
-0.204232
-0.204232
-0.204153
-0.203684
-0.203527
-0.203371
-0.203136
-0.203214
-0.202666
-0.202588
-0.202118
-0.201649
-0.201570
-0.201805
-0.201179
-0.201257
-0.200866
-0.200553
-0.200396
-0.199927
-0.199457
-0.199457
-0.199144
-0.198987
-0.198596
-0.198127
-0.197970
-0.197892
-0.197344
-0.197266
-0.196952
-0.196874
-0.196561
-0.196405
-0.196091
-0.195700
-0.195622
-0.195309
-0.194839
-0.194761
-0.194291
-0.193900
-0.193665
-0.193352
-0.193039
-0.192413
-0.192335
-0.191865
-0.191395
-0.191317
-0.191004
-0.190691
-0.190691
-0.189752
-0.189673
-0.189125
-0.188734
-0.188578
-0.188030
-0.187795
-0.187482
-0.186934
-0.186621
-0.186464
-0.185760
-0.185525
-0.185212
-0.184742
-0.184429
-0.183960
-0.183568
-0.183177
-0.182707
-0.182238
-0.181846
-0.181377
-0.181064
-0.180516
-0.179890
-0.179185
-0.178872
-0.178637
-0.177855
-0.177463
-0.176837
-0.176759
-0.176133
-0.176054
-0.175115
-0.174880
-0.174411
-0.173785
-0.173550
-0.172689
-0.172376
-0.171906
-0.171437
-0.171358
-0.170341
-0.169871
-0.169245
-0.168775
-0.168306
-0.167680
-0.166897
-0.166349
-0.166114
-0.165566
-0.165175
-0.164392
-0.163844
-0.163296
-0.162827
-0.162357
-0.161653
-0.160870
-0.160479
-0.159931
-0.159696
-0.158444
-0.158131
-0.157504
-0.156644
-0.156096
-0.155704
-0.155156
-0.154452
-0.154061
-0.153748
-0.153121
-0.152652
-0.151869
-0.151399
-0.150852
-0.150225
-0.149208
-0.148347
-0.147877
-0.147408
-0.147173
-0.146703
-0.145373
-0.145060
-0.144355
-0.143807
-0.142946
-0.142085
-0.141851
-0.141224
-0.140911
-0.140520
-0.139268
-0.138720
-0.137937
-0.137467
-0.136763
-0.135824
-0.135119
-0.134728
-0.134415
-0.134180
-0.133476
-0.132771
-0.131832
-0.131049
-0.130188
-0.129327
-0.129171
-0.128388
-0.128153
-0.127527
-0.127058
-0.126275
-0.125179
-0.124475
-0.123770
-0.123066
-0.122283
-0.121970
-0.121344
-0.120561
-0.119857
-0.119309
-0.118135
-0.117430
-0.116491
-0.115865
-0.115004
-0.114221
-0.114065
-0.113360
-0.112969
-0.112578
-0.111560
-0.110308
-0.109447
-0.108977
-0.108116
-0.107412
-0.106942
-0.106394
-0.106159
-0.105455
-0.104516
-0.103420
-0.102481
-0.101933
-0.101463
-0.100446
-0.099976
-0.099193
-0.098646
-0.098254
-0.097628
-0.096689
-0.095984
-0.095045
-0.094732
-0.093949
-0.093088
-0.092619
-0.092071
-0.091680
-0.091053
-0.090349
-0.088940
-0.088236
-0.087531
-0.086670
-0.085966
-0.085183
-0.084479
-0.084244
-0.083461
-0.082757
-0.081739
-0.080957
-0.079861
-0.079000
-0.078217
-0.077356
-0.076652
-0.076495
-0.075791
-0.075086
-0.074225
-0.073051
-0.072817
-0.072112
-0.071643
-0.070703
-0.070077
-0.069451
-0.069060
-0.068355
-0.067181
-0.066085
-0.065851
-0.065224
-0.064285
-0.063894
-0.063424
-0.062641
-0.062015
-0.061546
-0.060215
-0.059041
-0.058650
-0.057632
-0.057397
-0.056302
-0.055754
-0.055284
-0.054893
-0.054188
-0.053171
-0.052153
-0.051527
-0.050901
-0.050275
-0.049492
-0.048866
-0.048240
-0.047535
-0.047066
-0.046048
-0.045031
-0.044561
-0.043778
-0.043387
-0.042448
-0.041587
-0.041274
-0.040726
-0.039865
-0.038613
-0.037752
-0.037282
-0.036734
-0.036186
-0.035169
-0.034543
-0.034230
-0.033525
-0.032977
-0.031803
-0.031099
-0.030238
-0.029846
-0.028907
-0.028125
-0.027577
-0.027185
-0.026950
-0.026246
-0.025855
-0.024759
-0.023663
-0.023194
-0.022489
-0.022176
-0.021550
-0.020532
-0.020454
-0.019750
-0.019045
-0.017871
-0.017088
-0.016541
-0.015914
-0.015445
-0.014819
-0.013879
-0.013253
-0.012627
-0.012236
-0.011610
-0.010670
-0.009888
-0.009340
-0.008792
-0.008009
-0.007383
-0.006992
-0.006522
-0.005896
-0.005035
-0.004174
-0.003626
-0.003470
-0.002530
-0.002374
-0.001669
-0.001121
-0.000495
0.000053
0.000679
0.001461
0.002088
0.002792
0.003262
0.003810
0.004436
0.004827
0.005610
0.006001
0.006706
0.007332
0.008349
0.008819
0.009210
0.009993
0.010462
0.011089
0.011637
0.012498
0.012889
0.013593
0.014298
0.015159
0.015550
0.015707
0.016568
0.017115
0.017429
0.018289
0.018524
0.019464
0.020481
0.021185
0.021655
0.022360
0.022907
0.023768
0.024081
0.024942
0.025334
0.026273
0.026821
0.027682
0.028073
0.028699
0.029091
0.030030
0.030030
0.030891
0.031517
0.032065
0.032848
0.033552
0.033943
0.034257
0.034726
0.035744
0.036213
0.036839
0.037466
0.038092
0.038796
0.039501
0.040127
0.040753
0.041223
0.041927
0.042318
0.043023
0.043258
0.044197
0.044666
0.045371
0.045527
0.046388
0.046936
0.047406
0.048267
0.048815
0.049519
0.049910
0.050537
0.051476
0.051789
0.052102
0.052337
0.053120
0.053980
0.054607
0.054841
0.055468
0.056250
0.056485
0.057346
0.057737
0.057659
0.058442
0.058990
0.059851
0.060555
0.060790
0.061416
0.062355
0.062590
0.063373
0.063529
0.064156
0.064703
0.065486
0.066269
0.066504
0.067052
0.067756
0.068304
0.068773
0.069165
0.069400
0.069948
0.070809
0.071356
0.072061
0.072452
0.073078
0.073626
0.073861
0.074565
0.075192
0.075270
0.076053
0.076679
0.077305
0.077853
0.078479
0.079183
0.079496
0.079888
0.080514
0.080984
0.081688
0.082471
0.082862
0.083410
0.083958
0.084741
0.084897
0.085288
0.085758
0.086228
0.086697
0.087558
0.088106
0.088732
0.089280
0.090063
0.090298
0.090454
0.090924
0.091707
0.092333
0.092959
0.093272
0.094055
0.094603
0.095072
0.095385
0.095933
0.096168
0.096638
0.097185
0.098046
0.098438
0.099064
0.099455
0.099925
0.100551
0.101099
0.101490
0.102038
0.102586
0.103525
0.103760
0.104230
0.104621
0.105091
0.105795
0.106030
0.106186
0.106500
0.107517
0.108300
0.108456
0.108769
0.109630
0.109943
0.110178
0.110961
0.111274
0.111587
0.112135
0.112839
0.113231
0.113779
0.114327
0.114640
0.115187
0.115501
0.115892
0.116205
0.117222
0.117849
0.118005
0.118553
0.118788
0.119492
0.119962
0.120432
0.120979
0.121371
0.122075
0.123171
0.123328
0.123641
0.123797
0.124502
0.125128
0.125206
0.125519
0.126224
0.126537
0.127398
0.127554
0.128024
0.128337
0.128806
0.129433
0.129667
0.129589
0.130607
0.131155
0.131546
0.132250
0.132720
0.132876
0.133581
0.133581
0.133972
0.134442
0.135146
0.135851
0.136086
0.136399
0.136868
0.137338
0.137807
0.137964
0.138590
0.138825
0.139138
0.140156
0.140312
0.141251
0.141486
0.142269
0.142347
0.142817
0.143286
0.143365
0.143912
0.144773
0.145243
0.145400
0.145713
0.146339
0.146730
0.147122
0.147513
0.147826
0.148296
0.148843
0.149470
0.150018
0.150096
0.150487
0.151192
0.151426
0.151818
0.152444
0.152992
0.153540
0.154009
0.154166
0.154714
0.155340
0.155575
0.156201
0.156357
0.156592
0.157297
0.157688
0.158079
0.158784
0.159019
0.159488
0.159880
0.160193
0.160975
0.161288
0.162071
0.162228
0.162932
0.163167
0.163402
0.163871
0.164184
0.164732
0.165202
0.165437
0.166063
0.166532
0.167002
0.167315
0.167628
0.168020
0.168567
0.168802
0.169428
0.169585
0.169976
0.170524
0.170759
0.171698
0.171933
0.172246
0.172559
0.173029
0.173655
0.173812
0.174594
0.174829
0.175142
0.175768
0.175925
0.176551
0.176629
0.176942
0.177647
0.178429
0.178351
0.178899
0.179525
0.179682
0.180230
0.180934
0.180934
0.181639
0.181952
0.182343
0.183204
0.183439
0.183908
0.184143
0.184691
0.185317
0.185552
0.185865
0.186570
0.186804
0.187509
0.187822
0.188057
0.188526
0.188761
0.189231
0.189309
0.189935
0.190953
0.191266
0.191266
0.191501
0.191892
0.192283
0.192909
0.193301
0.193536
0.193849
0.194397
0.194710
0.195414
0.195649
0.195884
0.196510
0.196823
0.197214
0.197762
0.197997
0.198467
0.198780
0.199249
0.199249
0.199954
0.200580
0.201128
0.201363
0.201989
0.202615
0.202928
0.203398
0.203554
0.203632
0.203945
0.204572
0.205198
0.205589
0.205824
0.206137
0.206450
0.206998
0.207468
0.207781
0.208015
0.208720
0.208876
0.209659
0.210050
0.210285
0.210833
0.211146
0.211459
0.211694
0.212320
0.212868
0.213103
0.213807
0.213807
0.214512
0.214903
0.215295
0.215764
0.215921
0.216312
0.216860
0.217095
0.217408
0.217799
0.218269
0.218660
0.218817
0.219130
0.219599
0.220304
0.220773
0.221087
0.221713
0.221947
0.222339
0.222730
0.222808
0.223200
0.223513
0.224374
0.224609
0.224843
0.225313
0.225626
0.225861
0.225783
0.226644
0.226878
0.227583
0.227739
0.228287
0.228366
0.229070
0.229305
0.229540
0.229540
0.230009
0.230088
0.230792
0.231496
0.231809
0.232044
0.232749
0.232984
0.233140
0.233688
0.233844
0.234236
0.235097
0.235175
0.235723
0.235879
0.236427
0.236819
0.237445
0.237601
0.237836
0.238462
0.238775
0.239245
0.239245
0.239715
0.240263
0.240497
0.240889
0.241280
0.241985
0.242298
0.242689
0.242924
0.243315
0.243706
0.243941
0.244176
0.244567
0.244881
0.245272
0.245976
0.246133
0.246681
0.246916
0.247150
0.247542
0.247777
0.248168
0.248481
0.248951
0.249264
0.249890
0.249890
0.250829
0.250986
0.251455
0.251690
0.251612
0.252003
0.252708
0.253490
0.253412
0.253568
0.254116
0.254351
0.254508
0.254821
0.255369
0.255603
0.256151
0.256464
0.256699
0.257247
0.257482
0.257873
0.257952
0.258421
0.258734
0.259282
0.259752
0.260221
0.260221
0.260769
0.261239
0.261474
0.261630
0.261943
0.262726
0.263039
0.263587
0.263587
0.263978
0.264213
0.264683
0.264996
0.265309
0.265544
0.266248
0.266874
0.266640
0.267266
0.267735
0.267814
0.268205
0.268440
0.268675
0.269066
0.270005
0.269927
0.270631
0.270710
0.270788
0.271414
0.271805
0.272040
0.272275
0.272979
0.272901
0.273449
0.273527
0.274232
0.274623
0.275093
0.275171
0.275327
0.275562
0.276267
0.276580
0.276971
0.277362
0.277910
0.278223
0.278693
0.278771
0.278928
0.279319
0.279711
0.280415
0.280885
0.281276
0.281589
0.281824
0.282293
0.282920
0.283154
0.283624
0.284094
0.284407
0.284563
0.284720
0.285268
0.285737
0.285737
0.285894
0.286285
0.286990
0.287381
0.287772
0.288007
0.288164
0.288868
0.288868
0.289259
0.289651
0.290120
0.290434
0.291138
0.291373
0.291686
0.292155
0.292390
0.292782
0.293173
0.293251
0.293799
0.294034
0.294660
0.294817
0.295208
0.295521
0.296069
0.296460
0.296773
0.296852
0.297321
0.297791
0.298417
0.298652
0.299200
0.299356
0.299748
0.300061
0.300452
0.300843
0.301313
0.301704
0.302096
0.302174
0.302722
0.302800
0.303505
0.303426
0.303896
0.304052
0.304600
0.305148
0.305305
0.305931
0.306322
0.306714
0.306948
0.307183
0.307809
0.307809
0.308279
0.308357
0.308670
0.309218
0.309766
0.309923
0.310236
0.310784
0.310940
0.311488
0.311566
0.311879
0.312427
0.312740
0.312975
0.313210
0.313288
0.313993
0.314071
0.314541
0.314932
0.315089
0.315636
0.316106
0.316654
0.316497
0.316732
0.317437
0.317671
0.317985
0.318532
0.318611
0.318924
0.319315
0.319863
0.319863
0.320333
0.320802
0.320959
0.321194
0.321350
0.322368
0.322524
0.323229
0.323072
0.323542
0.323698
0.323933
0.324324
0.324716
0.325185
0.325420
0.325733
0.326046
0.326516
0.326829
0.326829
0.327533
0.327847
0.328003
0.328707
0.328394
0.329099
0.329177
0.329882
0.330038
0.330742
0.330742
0.330742
0.331369
0.331682
0.331682
0.332308
0.332543
0.332778
0.333169
0.333325
0.333717
0.334030
0.334421
0.334813
0.335282
0.335439
0.335987
0.336143
0.336534
0.336769
0.337239
0.337630
0.337865
0.338256
0.338569
0.338648
0.339039
0.339352
0.339430
0.339822
0.339900
0.340526
0.340839
0.341152
0.341387
0.341544
0.342092
0.342483
0.342639
0.342953
0.343422
0.343735
0.343814
0.344283
0.344753
0.344909
0.345457
0.345692
0.346083
0.346083
0.346475
0.346944
0.346944
0.347336
0.347805
0.348040
0.348118
0.348666
0.348901
0.349136
0.349449
0.350075
0.350466
0.350780
0.351014
0.351641
0.351719
0.351797
0.352423
0.352658
0.353049
0.353362
0.353676
0.353754
0.354302
0.354223
0.354458
0.354771
0.355319
0.355397
0.356024
0.356337
0.356885
0.357119
0.357276
0.357354
0.357980
0.358450
0.358607
0.359311
0.359154
0.359389
0.360015
0.360094
0.360172
0.360642
0.360955
0.361581
0.361816
0.362285
0.362598
0.363068
0.363224
0.363616
0.363772
0.364085
0.364477
0.364946
0.365416
0.365886
0.366042
0.366355
0.366277
0.366590
0.367138
0.367216
0.367686
0.368234
0.368390
0.368625
0.369095
0.369408
0.369877
0.370112
0.370190
0.370738
0.371286
0.371286
0.371756
0.372147
0.372382
0.372852
0.373086
0.373400
0.373478
0.373947
0.374260
0.374574
0.374965
0.374808
0.375435
0.376139
0.376530
0.376843
0.376843
0.377313
0.377470
0.377939
0.378096
0.378800
0.379035
0.379191
0.379426
0.379974
0.380209
0.380835
0.380992
0.381148
0.381618
0.381774
0.382087
0.382244
0.382792
0.383340
0.383575
0.384044
0.384279
0.384670
0.384905
0.385218
0.385688
0.385688
0.386314
0.386549
0.386862
0.387253
0.387645
0.387879
0.388114
0.388349
0.388740
0.388975
0.389210
0.389758
0.389836
0.390384
0.390775
0.391088
0.391715
0.391480
0.391949
0.392341
0.392810
0.393124
0.393515
0.393593
0.393593
0.394141
0.394298
0.394689
0.395002
0.395159
0.395785
0.396098
0.396567
0.396646
0.397194
0.397350
0.397820
0.397976
0.398524
0.398915
0.399072
0.399542
0.399855
0.400168
0.400716
0.401185
0.401107
0.401342
0.401968
0.402438
0.402516
0.403142
0.403142
0.403377
0.403846
0.403925
0.404160
0.404473
0.404707
0.405099
0.405412
0.405881
0.406273
0.406664
0.406977
0.406977
0.407369
0.407603
0.407838
0.408151
0.408543
0.408934
0.409012
0.409169
0.409717
0.410108
0.410030
0.410578
0.410891
0.411282
0.412143
0.412065
0.412065
0.412926
0.412926
0.413239
0.413474
0.413865
0.413787
0.414413
0.414569
0.414804
0.414961
0.415117
0.415430
0.415743
0.416213
0.416761
0.417231
0.417231
0.417387
0.417544
0.417778
0.418170
0.418483
0.418483
0.418953
0.419579
0.419892
0.420048
0.420440
0.420674
0.420518
0.421301
0.421222
0.422083
0.422162
0.422631
0.422788
0.422866
0.423257
0.423414
0.423962
0.424353
0.424431
0.424666
0.425136
0.425762
0.425527
0.425840
0.426153
0.426388
0.426780
0.427014
0.427093
0.427640
0.427875
0.428110
0.428267
0.428658
0.428971
0.429128
0.429206
0.429676
0.430223
0.430145
0.430615
0.431006
0.431006
0.431241
0.431632
0.431867
0.432102
0.432415
0.433198
0.433276
0.433354
0.433824
0.433980
0.434293
0.434372
0.434920
0.435076
0.435467
0.435781
0.436094
0.436094
0.436485
0.436563
0.436720
0.437268
0.437346
0.437737
0.438050
0.438363
0.438598
0.439381
0.439146
0.439694
0.439929
0.440242
0.440633
0.441416
0.441025
0.441807
0.442120
0.441886
0.442120
0.442512
0.442825
0.443294
0.443686
0.444155
0.444155
0.444234
0.444625
0.444938
0.445173
0.445408
0.445877
0.446347
0.446269
0.446817
0.446973
0.447364
0.447678
0.448069
0.448225
0.448147
0.448695
0.449008
0.449008
0.449556
0.449869
0.450104
0.450182
0.450887
0.451121
0.451356
0.451826
0.452374
0.452530
0.452765
0.453078
0.453470
0.453470
0.453548
0.454017
0.454174
0.454722
0.455270
0.455348
0.455739
0.455974
0.456366
0.456522
0.456679
0.457540
0.457540
0.457774
0.458244
0.458714
0.458948
0.459027
0.459340
0.459653
0.460044
0.460357
0.460749
0.460827
0.461297
0.461688
0.461923
0.462079
0.462471
0.462705
0.463175
0.463253
0.463645
0.464036
0.463958
0.464349
0.464819
0.464740
0.465132
0.465445
0.466071
0.466541
0.466541
0.467010
0.467088
0.467480
0.467558
0.468184
0.468497
0.468576
0.469280
0.469358
0.469750
0.469906
0.469906
0.470454
0.470454
0.471472
0.471628
0.471706
0.472098
0.472254
0.472567
0.472959
0.473194
0.473585
0.473976
0.474211
0.474446
0.474759
0.475150
0.475463
0.475620
0.475620
0.476089
0.476403
0.476794
0.477264
0.477107
0.477655
0.477890
0.478359
0.478516
0.478594
0.479142
0.479299
0.479690
0.480316
0.480316
0.480864
0.480864
0.481099
0.481647
0.481803
0.481881
0.482195
0.482742
0.483134
0.483290
0.483682
0.484073
0.484230
0.484230
0.484699
0.484621
0.485247
0.485638
0.485873
0.486108
0.486499
0.486578
0.487126
0.487204
0.487830
0.487752
0.488065
0.488456
0.488691
0.489082
0.489317
0.489552
0.489552
0.489865
0.490491
0.490491
0.490961
0.491039
0.491430
0.491274
0.491900
0.492135
0.492526
0.492526
0.492918
0.493622
0.493935
0.494092
0.494170
0.494326
0.494639
0.494874
0.495031
0.495266
0.495657
0.496127
0.496440
0.496518
0.496596
0.497144
0.497457
0.497535
0.498083
0.498240
0.498240
0.498866
0.499101
0.499257
0.499649
0.499805
0.500118
0.500197
0.500666
0.501214
0.501527
0.501840
0.501997
0.502075
0.502075
0.502545
0.503093
0.503171
0.503954
0.503875
0.504032
0.504110
0.504501
0.504736
0.505049
0.504815
0.505675
0.505519
0.506067
0.506302
0.506771
0.506850
0.507163
0.507397
0.507476
0.507945
0.508337
0.508180
0.508728
0.509119
0.509119
0.509511
0.509432
0.509902
0.509667
0.510293
0.510372
0.510841
0.511076
0.511311
0.511702
0.512015
0.512250
0.512720
0.512876
0.513268
0.513581
0.514129
0.514129
0.514598
0.514677
0.515068
0.515068
0.515537
0.515772
0.516085
0.516633
0.517181
0.517103
0.517416
0.517572
0.518042
0.518042
0.518433
0.518981
0.519294
0.519842
0.519842
0.520155
0.520468
0.521016
0.521173
0.521408
0.522269
0.522503
0.522660
0.522817
0.523286
0.523286
0.523443
0.523521
0.523991
0.524695
0.524695
0.525243
0.525478
0.525556
0.525713
0.526104
0.526339
0.526965
0.526965
0.527434
0.528061
0.528217
0.528530
0.528765
0.529000
0.529156
0.529469
0.529861
0.530174
0.530174
0.530487
0.531113
0.531113
0.531505
0.531583
0.531583
0.532365
0.532992
0.533070
0.533226
0.533774
0.534087
0.533853
0.534166
0.534400
0.534714
0.535183
0.535731
0.536044
0.536279
0.536749
0.536905
0.537140
0.537140
0.537844
0.538236
0.538157
0.538784
0.538940
0.539175
0.539410
0.539488
0.539723
0.540114
0.540427
0.540897
0.541053
0.541288
0.541601
0.542149
0.542619
0.542854
0.543010
0.543558
0.543715
0.544184
0.544028
0.544576
0.544732
0.544967
0.545437
0.545593
0.545750
0.546141
0.546767
0.547002
0.547158
0.547472
0.547785
0.547785
0.548098
0.548489
0.548880
0.549428
0.549585
0.549741
0.549898
0.550211
0.550524
0.550681
0.551385
0.551698
0.552089
0.552168
0.552559
0.552872
0.552950
0.553264
0.553264
0.553890
0.554281
0.554438
0.554751
0.554751
0.555612
0.555533
0.556081
0.556394
0.556473
0.556864
0.557099
0.557725
0.557881
0.557960
0.558351
0.558429
0.558351
0.558977
0.559134
0.559447
0.559682
0.559916
0.560934
0.560464
0.561012
0.561638
0.561795
0.562186
0.562578
0.562812
0.563126
0.563204
0.563673
0.563595
0.563830
0.564221
0.564613
0.564534
0.565004
0.565395
0.565239
0.565787
0.566021
0.566413
0.566491
0.566648
0.566961
0.566961
0.567743
0.568057
0.568135
0.568370
0.568526
0.568761
0.569152
0.569231
0.569465
0.569935
0.570483
0.570874
0.570639
0.571109
0.571344
0.571970
0.571657
0.572127
0.572440
0.572518
0.572674
0.572909
0.573379
0.573535
0.573770
0.573692
0.574318
0.574631
0.574709
0.574944
0.575336
0.575179
0.575805
0.575962
0.576040
0.576275
0.576979
0.577136
0.577684
0.577684
0.577684
0.578153
0.578232
0.578545
0.578701
0.578466
0.579406
0.579406
0.579719
0.580110
0.580110
0.580423
0.580580
0.580971
0.581128
0.581362
0.582067
0.582145
0.582458
0.582302
0.582849
0.583006
0.583163
0.583397
0.583710
0.584337
0.584337
0.584493
0.584728
0.584885
0.584963
0.585198
0.585745
0.586137
0.586763
0.586685
0.586998
0.587389
0.587467
0.587311
0.587780
0.587937
0.588250
0.588563
0.589033
0.589346
0.589581
0.589737
0.589659
0.589894
0.590520
0.590598
0.591381
0.591694
0.591851
0.592320
0.592555
0.592868
0.592868
0.593181
0.593338
0.593416
0.593964
0.594277
0.594590
0.595060
0.594981
0.594903
0.595216
0.595607
0.595921
0.596547
0.596782
0.597251
0.597329
0.597408
0.597721
0.597799
0.598269
0.598817
0.599130
0.599286
0.599756
0.600147
0.599991
0.599834
0.600538
0.601086
0.601556
0.602104
0.602339
0.602339
0.602495
0.602887
0.602808
0.603356
0.603748
0.604217
0.604530
0.604765
0.605078
0.605000
0.605313
0.605626
0.606174
0.606252
0.606644
0.606800
0.607035
0.607661
0.607818
0.607896
0.607896
0.608209
0.608835
0.609226
0.609383
0.609774
0.609696
0.610087
0.610166
0.610792
0.610714
0.611496
0.611809
0.612201
0.612514
0.612905
0.612983
0.613140
0.613062
0.613375
0.614001
0.614470
0.614470
0.614627
0.614784
0.615410
0.615331
0.615410
0.615801
0.615958
0.616427
0.616662
0.616740
0.617210
0.617366
0.617445
0.617993
0.618149
0.618697
0.619010
0.619245
0.619715
0.619715
0.619871
0.620028
0.620419
0.620654
0.621045
0.621358
0.621593
0.621984
0.622376
0.622454
0.622689
0.622845
0.623237
0.623472
0.623785
0.624254
0.624332
0.624411
0.624646
0.624802
0.625193
0.625507
0.625898
0.625898
0.626211
0.626837
0.627228
0.626994
0.627072
0.627307
0.627776
0.628011
0.628246
0.628403
0.628794
0.629107
0.629342
0.629498
0.629655
0.629968
0.630672
0.630594
0.630907
0.631298
0.631612
0.631768
0.631846
0.632473
0.632473
0.632786
0.633177
0.633334
0.633725
0.634273
0.634194
0.634351
0.634508
0.635055
0.635134
0.634977
0.635525
0.635525
0.635682
0.635760
0.636308
0.636386
0.636699
0.636856
0.637169
0.637482
0.637247
0.637795
0.637717
0.638108
0.638265
0.638734
0.638812
0.639047
0.639517
0.639673
0.639830
0.640221
0.640378
0.640534
0.640847
0.641004
0.641395
0.641474
0.641943
0.642178
0.642648
0.642726
0.643117
0.643352
0.643743
0.643665
0.643743
0.644291
0.644370
0.644683
0.644996
0.645387
0.645544
0.645857
0.645935
0.646326
0.646248
0.646952
0.646952
0.646952
0.647422
0.647735
0.647970
0.648127
0.648127
0.648831
0.649066
0.649301
0.649614
0.649614
0.650162
0.649848
0.650083
0.650396
0.650866
0.651179
0.651414
0.651649
0.651805
0.652588
0.652353
0.653057
0.653214
0.653371
0.653762
0.653997
0.654388
0.654466
0.654858
0.655014
0.655406
0.655875
0.655719
0.656267
0.656267
0.656580
0.656893
0.657206
0.657128
0.657832
0.657754
0.658145
0.658458
0.658849
0.659084
0.659710
0.659476
0.659710
0.660337
0.660180
0.660493
0.661041
0.661589
0.661902
0.662372
0.662528
0.662450
0.662450
0.662841
0.663389
0.663780
0.663937
0.664250
0.664876
0.664720
0.664798
0.664955
0.665346
0.665737
0.666363
0.666755
0.666833
0.667224
0.667068
0.667303
0.667224
0.668007
0.668477
0.668868
0.669103
0.669494
0.669416
0.669416
0.669729
0.669807
0.670277
0.670746
0.670903
0.671451
0.671607
0.672312
0.672468
0.672077
0.672547
0.672938
0.673486
0.673877
0.674269
0.674190
0.674660
0.674738
0.674895
0.675286
0.675599
0.676069
0.676773
0.676852
0.677399
0.677712
0.677634
0.677947
0.677947
0.678260
0.678730
0.679669
0.679669
0.679747
0.680139
0.680608
0.680608
0.681078
0.681391
0.681783
0.682330
0.682800
0.682643
0.682957
0.683270
0.683270
0.683661
0.683818
0.684444
0.685305
0.685226
0.685461
0.685618
0.685774
0.686087
0.686244
0.686635
0.687653
0.687731
0.687888
0.688201
0.688514
0.688670
0.689062
0.689062
0.689766
0.690157
0.690549
0.690549
0.690627
0.691566
0.691331
0.691645
0.691801
0.692349
0.692897
0.693210
0.693836
0.693993
0.693914
0.694306
0.694384
0.694932
0.695558
0.696106
0.696106
0.696341
0.696654
0.696654
0.696889
0.697123
0.697515
0.697828
0.698063
0.698532
0.698689
0.698845
0.699002
0.699550
0.699706
0.700411
0.701115
0.700959
0.701350
0.701663
0.701898
0.702133
0.702524
0.702681
0.703620
0.703776
0.704089
0.704089
0.704324
0.704637
0.704481
0.704950
0.705107
0.705811
0.706124
0.706437
0.706751
0.706907
0.707220
0.707220
0.707142
0.707846
0.708316
0.708864
0.708864
0.709412
0.709333
0.709803
0.710038
0.710194
0.710742
0.711368
0.711055
0.711055
0.711290
0.711368
0.711134
0.711055
0.710977
0.710977
0.711212
0.710977
0.710586
0.710429
0.710273
0.710351
0.710038
0.709881
0.709490
0.709412
0.709099
0.709099
0.709099
0.708707
0.708394
0.707846
0.707533
0.707455
0.707064
0.706985
0.706672
0.706437
0.706516
0.705811
0.705498
0.705185
0.704794
0.704481
0.704089
0.703620
0.703463
0.703463
0.703228
0.702602
0.702524
0.702289
0.702054
0.702054
0.701507
0.700959
0.700489
0.699941
0.699785
0.699315
0.699080
0.699002
0.698532
0.698454
0.698063
0.697515
0.697280
0.696732
0.696497
0.695949
0.695715
0.695715
0.695167
0.695088
0.694775
0.694384
0.694071
0.693758
0.693366
0.692975
0.692897
0.692662
0.692349
0.692114
0.691253
0.690784
0.690236
0.690392
0.689923
0.689766
0.689375
0.689140
0.688905
0.688357
0.688201
0.687809
0.687653
0.687105
0.686870
0.686479
0.686009
0.685618
0.684757
0.684365
0.684287
0.684052
0.683974
0.683661
0.683426
0.683113
0.682643
0.682643
0.682330
0.681783
0.681313
0.681313
0.681078
0.680295
0.679513
0.679200
0.678887
0.678260
0.678339
0.678026
0.677791
0.677478
0.677086
0.676852
0.676538
0.676617
0.676147
0.675834
0.674973
0.674738
0.674269
0.674190
0.673799
0.673721
0.673251
0.673095
0.672625
0.672390
0.672077
0.671764
0.671451
0.670746
0.670277
0.669807
0.669494
0.669338
0.668946
0.668868
0.668633
0.668398
0.667929
0.667459
0.667146
0.666833
0.666520
0.665894
0.665502
0.665189
0.665111
0.665033
0.664563
0.664328
0.663937
0.664015
0.663467
0.662998
0.663154
0.662606
0.661980
0.661198
0.660963
0.660571
0.660415
0.660102
0.659867
0.659554
0.659163
0.658849
0.658615
0.658458
0.658380
0.657597
0.657128
0.656736
0.656423
0.656345
0.656032
0.655719
0.655562
0.654936
0.654779
0.654779
0.654310
0.653840
0.653292
0.652901
0.652040
0.652118
0.651727
0.651805
0.651414
0.651101
0.650553
0.650396
0.650005
0.649692
0.648987
0.648674
0.648205
0.648127
0.647970
0.647500
0.647500
0.647344
0.646718
0.646561
0.646326
0.645700
0.645309
0.644761
0.644448
0.644370
0.643822
0.643665
0.643274
0.643117
0.642804
0.642569
0.642178
0.641708
0.641317
0.640847
0.640378
0.640221
0.639908
0.639517
0.639204
0.638891
0.638343
0.638421
0.638108
0.637560
0.636934
0.636934
0.636621
0.636073
0.635838
0.635682
0.635447
0.634977
0.634664
0.634429
0.633960
0.633412
0.633412
0.632707
0.632629
0.632238
0.632238
0.631455
0.631377
0.630907
0.630594
0.629968
0.629342
0.629029
0.628716
0.628403
0.628559
0.628168
0.627776
0.627228
0.627385
0.626915
0.626367
0.626054
0.625663
0.625037
0.625115
0.625037
0.624567
0.624254
0.623863
0.623628
0.623393
0.623002
0.622454
0.621906
0.621515
0.621280
0.621358
0.620732
0.620576
0.620419
0.619949
0.619636
0.618854
0.618541
0.618541
0.618071
0.617601
0.617523
0.617210
0.617053
0.616506
0.616114
0.615879
0.615253
0.615018
0.614627
0.614079
0.614157
0.613923
0.613766
0.613610
0.613218
0.612905
0.612592
0.612122
0.611653
0.611496
0.611183
0.610948
0.610635
0.610166
0.609931
0.609774
0.609618
0.608913
0.608444
0.608287
0.607896
0.607739
0.607504
0.607191
0.606878
0.606487
0.606252
0.606252
0.606252
0.605548
0.605469
0.604765
0.604452
0.604295
0.603904
0.603513
0.603591
0.603356
0.603043
0.602417
0.602182
0.601869
0.601634
0.601165
0.601556
0.600930
0.600382
0.600304
0.599834
0.599443
0.599286
0.599130
0.598738
0.598190
0.598034
0.597486
0.597173
0.597016
0.596782
0.596547
0.596312
0.595842
0.595294
0.595138
0.594825
0.594825
0.594277
0.593964
0.593886
0.593572
0.593338
0.593416
0.593025
0.592555
0.592477
0.591851
0.591146
0.591224
0.590676
0.590442
0.589894
0.590363
0.589737
0.589346
0.589268
0.588798
0.588407
0.588094
0.587859
0.587311
0.587076
0.586920
0.586763
0.586685
0.586059
0.586059
0.585745
0.585432
0.585119
0.584885
0.584728
0.584493
0.584102
0.583710
0.583632
0.583710
0.583084
0.582849
0.582302
0.582145
0.581910
0.581519
0.581284
0.581049
0.580736
0.580345
0.579954
0.579640
0.579249
0.578858
0.579014
0.578623
0.578623
0.578232
0.577840
0.577449
0.577136
0.576666
0.576431
0.576353
0.576118
0.575727
0.575257
0.575101
0.574709
0.574709
0.574240
0.574005
0.573457
0.573222
0.573144
0.572753
0.572753
0.572361
0.572048
0.571892
0.571579
0.570952
0.570796
0.570170
0.570013
0.569857
0.569700
0.569465
0.569074
0.568917
0.568839
0.568135
0.567978
0.567822
0.567352
0.567274
0.567117
0.566804
0.566335
0.566100
0.565943
0.565161
0.564769
0.564769
0.564613
0.564456
0.564143
0.563830
0.563439
0.563204
0.562734
0.562499
0.561717
0.561247
0.561090
0.561247
0.560934
0.560699
0.559995
0.559760
0.559603
0.559055
0.558664
0.558195
0.557725
0.557803
0.557490
0.557334
0.556786
0.556551
0.556081
0.555768
0.555377
0.555142
0.554829
0.554594
0.554829
0.554438
0.554046
0.553342
0.553185
0.552872
0.552481
0.551933
0.552011
0.551620
0.551463
0.551228
0.550994
0.550524
0.550211
0.549898
0.549350
0.549037
0.548880
0.548489
0.548333
0.548176
0.547941
0.547315
0.547080
0.546611
0.546219
0.546141
0.545515
0.545358
0.545202
0.544810
0.544341
0.544341
0.543949
0.543480
0.543167
0.542697
0.542619
0.542149
0.542149
0.542149
0.541601
0.541288
0.540740
0.540036
0.539723
0.539566
0.539488
0.539097
0.538862
0.538705
0.538236
0.538157
0.537766
0.537140
0.536983
0.536514
0.536749
0.536201
0.535809
0.535809
0.535496
0.534870
0.534322
0.534166
0.534009
0.533696
0.533461
0.533070
0.532835
0.532522
0.532209
0.532131
0.531661
0.531035
0.530878
0.530330
0.530487
0.529939
0.530017
0.529783
0.529391
0.528922
0.528295
0.527748
0.527748
0.527513
0.527200
0.527200
0.526808
0.526495
0.526026
0.525869
0.525165
0.524773
0.524773
0.524460
0.523991
0.523756
0.523364
0.523443
0.523208
0.522738
0.522269
0.522034
0.521877
0.521329
0.521095
0.520938
0.520234
0.520312
0.519529
0.519294
0.518903
0.518590
0.518433
0.517964
0.517729
0.517416
0.517103
0.517103
0.516712
0.516085
0.516007
0.515616
0.515303
0.515068
0.514833
0.514442
0.514129
0.513737
0.513502
0.513424
0.513033
0.512798
0.512563
0.512094
0.511702
0.511467
0.511624
0.510841
0.510685
0.510215
0.510137
0.509746
0.509432
0.509198
0.508806
0.508571
0.508415
0.508180
0.507632
0.507163
0.506850
0.506850
0.506536
0.506145
0.505832
0.505597
0.505519
0.505128
0.505128
0.504501
0.504267
0.504110
0.503954
0.503640
0.503014
0.502858
0.502936
0.502388
0.502466
0.501684
0.501605
0.501136
0.500901
0.500431
0.500197
0.499962
0.499884
0.499492
0.499101
0.498866
0.498396
0.497927
0.497927
0.497457
0.497457
0.497066
0.496909
0.496361
0.496048
0.495735
0.495187
0.495109
0.495031
0.494483
0.494405
0.494170
0.493778
0.493465
0.492996
0.492839
0.492526
0.492291
0.492057
0.491743
0.491509
0.491352
0.491117
0.490491
0.490335
0.490100
0.489552
0.489239
0.488769
0.488613
0.488221
0.488300
0.487987
0.487595
0.487673
0.486969
0.486656
0.486421
0.485873
0.485560
0.485247
0.485717
0.484934
0.484386
0.483995
0.483838
0.483760
0.483369
0.482977
0.482586
0.482508
0.482508
0.482351
0.481412
0.481177
0.480707
0.480551
0.480160
0.479533
0.479142
0.478829
0.478516
0.478281
0.477733
0.477733
0.477577
0.476950
0.476637
0.476324
0.476324
0.476011
0.475307
0.475307
0.474994
0.474759
0.474289
0.474054
0.473507
0.473115
0.473428
0.472880
0.472489
0.472254
0.471628
0.471080
0.470845
0.470376
0.470298
0.469828
0.469750
0.469671
0.469045
0.468654
0.468341
0.467949
0.467949
0.467323
0.466932
0.466619
0.466619
0.466306
0.465601
0.465758
0.464975
0.464740
0.464506
0.464114
0.463801
0.463488
0.463410
0.462940
0.462705
0.462627
0.462157
0.462001
0.461140
0.460514
0.460514
0.460592
0.460122
0.459653
0.459418
0.459261
0.458635
0.458557
0.457931
0.457696
0.457305
0.457148
0.456913
0.456835
0.456287
0.456131
0.455583
0.455113
0.454800
0.454409
0.454174
0.453861
0.454017
0.453235
0.453078
0.453078
0.452609
0.451982
0.451748
0.451278
0.451043
0.450417
0.450260
0.449869
0.449791
0.449399
0.448852
0.448382
0.448225
0.447991
0.447756
0.447521
0.447208
0.447130
0.446582
0.446112
0.445799
0.444938
0.444938
0.444938
0.444625
0.444155
0.443999
0.443529
0.443373
0.443060
0.442512
0.442042
0.441886
0.441651
0.441494
0.441025
0.440555
0.440085
0.439851
0.439381
0.439068
0.438207
0.438207
0.438207
0.437972
0.437659
0.437659
0.436955
0.436876
0.436407
0.435937
0.435702
0.435311
0.435076
0.434763
0.434685
0.434372
0.434293
0.433902
0.433432
0.432885
0.432806
0.432415
0.432180
0.432024
0.431632
0.431319
0.431084
0.430771
0.430536
0.429989
0.429676
0.429362
0.428893
0.428893
0.428580
0.428267
0.427954
0.427640
0.427327
0.426780
0.426623
0.426232
0.426075
0.425527
0.425527
0.425449
0.424901
0.424040
0.424197
0.423884
0.423649
0.423414
0.423414
0.422944
0.422788
0.422553
0.422083
0.421770
0.421144
0.420988
0.420909
0.420440
0.420361
0.419970
0.419735
0.419500
0.419187
0.418874
0.418405
0.418248
0.417935
0.417544
0.417465
0.417465
0.416996
0.416683
0.416291
0.416057
0.415509
0.415274
0.414961
0.414961
0.414569
0.414178
0.414178
0.413708
0.413474
0.413161
0.412691
0.412613
0.412143
0.411908
0.412065
0.411673
0.411517
0.410499
0.410108
0.410186
0.410108
0.409638
0.409404
0.409169
0.408621
0.408308
0.408073
0.407603
0.407369
0.406742
0.406273
0.406429
0.406116
0.405881
0.405334
0.405099
0.404942
0.404551
0.404238
0.404081
0.403768
0.403455
0.402986
0.402751
0.402751
0.402203
0.402046
0.401498
0.401185
0.400872
0.400324
0.400168
0.400246
0.399776
0.399229
0.398994
0.398759
0.398211
0.397820
0.397585
0.397663
0.397272
0.396724
0.396254
0.396254
0.395863
0.395393
0.395159
0.394845
0.394689
0.394219
0.393671
0.393593
0.393202
0.392967
0.392889
0.392576
0.392263
0.391949
0.391558
0.391167
0.390697
0.390384
0.389993
0.389758
0.389445
0.389288
0.388819
0.388662
0.388193
0.387801
0.387410
0.387253
0.386549
0.386627
0.386314
0.386079
0.385610
0.385531
0.385140
0.384514
0.384279
0.383888
0.384044
0.383731
0.383183
0.382557
0.382322
0.382244
0.381931
0.381540
0.380992
0.380679
0.380600
0.380209
0.380052
0.379505
0.379270
0.378957
0.378331
0.378331
0.377861
0.377548
0.377156
0.377078
0.376530
0.376217
0.376217
0.375435
0.375200
0.374887
0.374808
0.374495
0.373869
0.373634
0.373400
0.372773
0.372773
0.372225
0.371991
0.371521
0.371051
0.371208
0.370582
0.370112
0.369956
0.369486
0.369251
0.368625
0.368547
0.368155
0.367686
0.367451
0.367216
0.366668
0.366668
0.366199
0.365729
0.365416
0.365103
0.364712
0.364398
0.364320
0.363694
0.363538
0.363224
0.363068
0.362598
0.362129
0.362207
0.361581
0.361424
0.361111
0.360642
0.360328
0.359937
0.359468
0.358998
0.358763
0.358293
0.358215
0.357746
0.357589
0.357354
0.357119
0.356337
0.356337
0.355945
0.355711
0.355084
0.354850
0.354771
0.354302
0.354067
0.353597
0.353284
0.352501
0.352501
0.352423
0.351719
0.351484
0.351249
0.350780
0.350075
0.349840
0.349606
0.349371
0.349058
0.348823
0.348431
0.348118
0.347884
0.347570
0.347336
0.346553
0.346475
0.346083
0.345535
0.345535
0.345222
0.344675
0.344753
0.344127
0.343970
0.343579
0.343344
0.342953
0.342953
0.342326
0.342092
0.341700
0.341465
0.341152
0.340918
0.340213
0.340135
0.339744
0.339430
0.338961
0.339117
0.338804
0.338726
0.338413
0.337630
0.337474
0.337161
0.336769
0.336769
0.336378
0.335987
0.335517
0.335360
0.334969
0.334578
0.334186
0.333717
0.333560
0.333482
0.333404
0.333012
0.332543
0.332151
0.331760
0.331525
0.330977
0.330821
0.330429
0.330508
0.330116
0.329882
0.329647
0.328864
0.328629
0.328394
0.327847
0.327847
0.327220
0.327299
0.326986
0.326751
0.326046
0.325733
0.325107
0.325107
0.325029
0.324872
0.324246
0.324246
0.323776
0.323620
0.323307
0.323150
0.322602
0.322289
0.321898
0.321663
0.321272
0.320646
0.320411
0.320411
0.320020
0.319472
0.319159
0.318611
0.318689
0.318141
0.317906
0.317593
0.317358
0.317280
0.316654
0.316184
0.316263
0.315636
0.315558
0.314932
0.314619
0.314541
0.314462
0.314071
0.313523
0.313367
0.312897
0.312975
0.312271
0.311958
0.311645
0.311410
0.311253
0.310862
0.310392
0.309923
0.309453
0.309375
0.309062
0.308592
0.308592
0.308201
0.307966
0.307731
0.307262
0.307183
0.306479
0.306322
0.305696
0.305461
0.304992
0.304913
0.304522
0.304366
0.303739
0.303583
0.303270
0.302722
0.302644
0.302409
0.302017
0.301861
0.301157
0.300687
0.300530
0.300061
0.299669
0.299513
0.299043
0.298730
0.298261
0.298104
0.297791
0.297478
0.297243
0.296852
0.296617
0.295912
0.295443
0.295286
0.294973
0.294582
0.294269
0.294190
0.293330
0.293095
0.292782
0.292312
0.292077
0.291764
0.291216
0.290903
0.290747
0.290747
0.290042
0.289651
0.289103
0.289025
0.288399
0.288399
0.288085
0.287459
0.287146
0.286990
0.286677
0.286207
0.285894
0.285503
0.285268
0.284798
0.284563
0.284407
0.283937
0.283468
0.283311
0.283076
0.282450
0.282059
0.281980
0.281980
0.281119
0.280493
0.280102
0.279789
0.279711
0.279241
0.278693
0.278537
0.278223
0.277910
0.277441
0.277128
0.276815
0.276658
0.275954
0.275641
0.275327
0.275093
0.274858
0.274388
0.273997
0.273684
0.273371
0.273136
0.272353
0.272275
0.271805
0.271727
0.271414
0.271023
0.270475
0.269927
0.269692
0.269457
0.268753
0.268831
0.268361
0.268283
0.267814
0.267657
0.267266
0.266718
0.266326
0.265779
0.265544
0.265231
0.265074
0.264448
0.264526
0.263900
0.263744
0.263430
0.263117
0.262883
0.262491
0.261943
0.261552
0.261395
0.261082
0.260534
0.260221
0.260378
0.259517
0.258969
0.258813
0.258108
0.257717
0.257639
0.257091
0.257012
0.256699
0.256073
0.255682
0.255447
0.255290
0.254977
0.254664
0.254195
0.253725
0.253568
0.253334
0.253021
0.252786
0.252238
0.252081
0.251533
0.251142
0.251220
0.250672
0.250203
0.249890
0.249498
0.249107
0.248716
0.248481
0.248168
0.247855
0.247698
0.246994
0.246837
0.246524
0.246211
0.245976
0.245428
0.245428
0.245037
0.244567
0.244098
0.243863
0.243550
0.243393
0.242924
0.242611
0.242454
0.242219
0.241280
0.241437
0.241045
0.240341
0.240106
0.239480
0.239402
0.239010
0.238775
0.238462
0.237993
0.237758
0.237132
0.237210
0.237054
0.236662
0.236193
0.235723
0.235488
0.235019
0.234784
0.234627
0.234471
0.234001
0.233531
0.233531
0.232984
0.232749
0.232201
0.232357
0.231496
0.231105
0.230714
0.230635
0.230166
0.229618
0.229461
0.229148
0.228992
0.228757
0.228209
0.227739
0.227505
0.227270
0.226722
0.226487
0.226565
0.225783
0.225470
0.225157
0.225078
0.224687
0.224374
0.224061
0.223904
0.223356
0.222652
0.222730
0.222182
0.222104
0.221556
0.221321
0.220852
0.220617
0.220304
0.219912
0.219912
0.219286
0.218660
0.218269
0.218112
0.217643
0.217486
0.217173
0.216860
0.216312
0.215529
0.215138
0.215138
0.214668
0.214512
0.214042
0.213964
0.213416
0.213338
0.212868
0.212633
0.212320
0.212164
0.211616
0.211303
0.210833
0.210442
0.209816
0.209503
0.208876
0.208955
0.208329
0.208172
0.207781
0.207233
0.206920
0.206450
0.206607
0.206137
0.205746
0.205119
0.204885
0.204728
0.204180
0.203945
0.203554
0.203398
0.202850
0.202302
0.202067
0.201597
0.201206
0.200815
0.200736
0.200110
0.199719
0.199328
0.199014
0.198623
0.197997
0.197840
0.197292
0.196979
0.196510
0.196588
0.196118
0.195962
0.195179
0.194944
0.194553
0.194162
0.193770
0.192988
0.192909
0.192909
0.192518
0.191970
0.191422
0.191344
0.190561
0.190796
0.189935
0.189544
0.189074
0.189152
0.188605
0.188370
0.187665
0.187587
0.187196
0.186961
0.186648
0.186335
0.185630
0.185552
0.185082
0.184691
0.184143
0.183908
0.183517
0.182969
0.182578
0.181873
0.181482
0.181795
0.181091
0.180621
0.180230
0.179917
0.179525
0.179134
0.178586
0.178351
0.177960
0.177412
0.177255
0.177255
0.176473
0.176238
0.176003
0.175220
0.174986
0.174673
0.174516
0.174203
0.173733
0.173498
0.173029
0.172481
0.172324
0.171698
0.171229
0.171150
0.170837
0.170289
0.170055
0.170133
0.169507
0.168724
0.168411
0.168098
0.167628
0.167393
0.167472
0.166924
0.166376
0.166063
0.165906
0.165515
0.165045
0.164419
0.164184
0.163793
0.163558
0.163480
0.163167
0.162776
0.162228
0.161993
0.161445
0.161132
0.160740
0.160427
0.160193
0.159332
0.159097
0.158705
0.158314
0.158001
0.157375
0.156905
0.156827
0.156436
0.155809
0.155183
0.155340
0.155262
0.154557
0.154244
0.153461
0.153227
0.153227
0.152914
0.152522
0.152131
0.151896
0.151505
0.150879
0.150487
0.149783
0.149470
0.149000
0.149157
0.148843
0.147904
0.147904
0.147591
0.147278
0.146730
0.146417
0.145948
0.145869
0.145165
0.145321
0.144773
0.144617
0.144147
0.144069
0.143208
0.142660
0.142660
0.142269
0.141643
0.141721
0.141251
0.140469
0.140312
0.140156
0.139842
0.138981
0.138981
0.138355
0.138355
0.137886
0.137573
0.137338
0.136712
0.136242
0.135616
0.135459
0.135068
0.134755
0.134520
0.134285
0.133659
0.133346
0.133033
0.132485
0.132250
0.131702
0.131311
0.131389
0.130763
0.130294
0.130137
0.129902
0.129198
0.128572
0.128259
0.127945
0.127867
0.127319
0.127163
0.126771
0.126380
0.126067
0.125676
0.125128
0.124736
0.124345
0.124110
0.123641
0.123249
0.122701
0.122388
0.122075
0.121919
0.120979
0.120666
0.120510
0.119962
0.119571
0.118788
0.118631
0.118553
0.117849
0.117692
0.116988
0.116283
0.116127
0.115657
0.115266
0.115109
0.114483
0.114327
0.113935
0.113309
0.112996
0.112839
0.112370
0.111900
0.111665
0.110961
0.110883
0.110178
0.109943
0.109317
0.108848
0.109082
0.108221
0.107830
0.107752
0.106969
0.106891
0.106656
0.105873
0.105091
0.105012
0.104699
0.104465
0.103917
0.103604
0.102977
0.102586
0.102351
0.102038
0.101490
0.100942
0.100629
0.100081
0.099612
0.099299
0.099064
0.098673
0.098359
0.097890
0.097264
0.097107
0.096559
0.096403
0.095933
0.095620
0.095150
0.094759
0.094368
0.094133
0.093428
0.093037
0.092489
0.092333
0.092176
0.091472
0.091159
0.090767
0.090689
0.090063
0.089593
0.089280
0.088967
0.088263
0.088184
0.087715
0.086854
0.086697
0.086149
0.085993
0.085601
0.084975
0.084741
0.084193
0.083723
0.083410
0.082940
0.082471
0.082314
0.081531
0.080984
0.080514
0.080357
0.079888
0.079496
0.078870
0.078557
0.077775
0.077305
0.076992
0.076522
0.076287
0.075740
0.075348
0.074957
0.074644
0.074018
0.073548
0.073235
0.072765
0.072530
0.071826
0.071591
0.071513
0.070809
0.070261
0.069634
0.069321
0.069087
0.068539
0.067678
0.067678
0.067286
0.067052
0.066425
0.065643
0.065486
0.064938
0.064782
0.064156
0.063842
0.063373
0.063060
0.062590
0.061964
0.061651
0.061181
0.061103
0.060555
0.060086
0.059851
0.059225
0.058755
0.058364
0.057659
0.057346
0.056642
0.056798
0.056094
0.055781
0.055389
0.055076
0.054607
0.054215
0.053746
0.053198
0.052728
0.052493
0.052102
0.051632
0.051554
0.050771
0.050458
0.049754
0.049206
0.048893
0.048580
0.048032
0.047641
0.047406
0.047093
0.046623
0.046232
0.045527
0.045371
0.044666
0.044353
0.044040
0.043805
0.043258
0.042944
0.042318
0.041770
0.041301
0.040753
0.040518
0.039892
0.039344
0.038483
0.038718
0.037857
0.037544
0.037309
0.036996
0.036213
0.035587
0.035117
0.034883
0.034335
0.033865
0.033630
0.033161
0.032769
0.032300
0.031674
0.031047
0.030500
0.030343
0.029560
0.029560
0.028621
0.028465
0.028151
0.027682
0.027056
0.026430
0.025882
0.025569
0.025490
0.025177
0.024786
0.024003
0.023847
0.023220
0.022516
0.022360
0.021655
0.021264
0.021029
0.020951
0.020559
0.019777
0.019620
0.018916
0.018289
0.017507
0.017037
0.016724
0.016411
0.015941
0.015550
0.015315
0.014689
0.013985
0.013672
0.012967
0.012732
0.012263
0.012106
0.011715
0.011245
0.010854
0.010384
0.009680
0.009288
0.008584
0.008114
0.007410
0.007410
0.006627
0.006158
0.005845
0.005610
0.005062
0.004436
0.003731
0.003183
0.002792
0.002479
0.001931
0.001775
0.001227
0.000835
0.000522
-0.000104
-0.000495
-0.001043
-0.001669
-0.001982
-0.002217
-0.002609
-0.003078
-0.003783
-0.004252
-0.004565
-0.005426
-0.006131
-0.006444
-0.006366
-0.006835
-0.007305
-0.007853
-0.008322
-0.008948
-0.009575
-0.010279
-0.011062
-0.011297
-0.011531
-0.012079
-0.012392
-0.012940
-0.013253
-0.013801
-0.014740
-0.015367
-0.016071
-0.016306
-0.016697
-0.017167
-0.017480
-0.018028
-0.018889
-0.019280
-0.019906
-0.020532
-0.021159
-0.021706
-0.021941
-0.022567
-0.023037
-0.023428
-0.024054
-0.024524
-0.025072
-0.025542
-0.026168
-0.026716
-0.027029
-0.027577
-0.028046
-0.028829
-0.029612
-0.030003
-0.030238
-0.031099
-0.031881
-0.032351
-0.032351
-0.032508
-0.033369
-0.033603
-0.034621
-0.035012
-0.035638
-0.036499
-0.036891
-0.037830
-0.038065
-0.038691
-0.038847
-0.039239
-0.040100
-0.041039
-0.041430
-0.041665
-0.042683
-0.043152
-0.043465
-0.043857
-0.044405
-0.045187
-0.045657
-0.046127
-0.046831
-0.047301
-0.047927
-0.048396
-0.049101
-0.049649
-0.050353
-0.051136
-0.051684
-0.052153
-0.052623
-0.053719
-0.054580
-0.054893
-0.055128
-0.055832
-0.056302
-0.056693
-0.057476
-0.058180
-0.058493
-0.059511
-0.060293
-0.060920
-0.061311
-0.061624
-0.062250
-0.062563
-0.063581
-0.063972
-0.064598
-0.065068
-0.066085
-0.066164
-0.066946
-0.067572
-0.067964
-0.068668
-0.069608
-0.069921
-0.070938
-0.071329
-0.072034
-0.072425
-0.072895
-0.073443
-0.073599
-0.074225
-0.075243
-0.075791
-0.076260
-0.076965
-0.077669
-0.078374
-0.078922
-0.079313
-0.079939
-0.080957
-0.081974
-0.082757
-0.083070
-0.083461
-0.084087
-0.084792
-0.085105
-0.085809
-0.086357
-0.086827
-0.087844
-0.088314
-0.088471
-0.089410
-0.090036
-0.090819
-0.091132
-0.091367
-0.092462
-0.092932
-0.093871
-0.094262
-0.094732
-0.095515
-0.095828
-0.096767
-0.097002
-0.097628
-0.097941
-0.098959
-0.099820
-0.100211
-0.101072
-0.101776
-0.102246
-0.102950
-0.103264
-0.103811
-0.104281
-0.104907
-0.106003
-0.106942
-0.107412
-0.107725
-0.108664
-0.109134
-0.109995
-0.110386
-0.110621
-0.111090
-0.112186
-0.113047
-0.113439
-0.114065
-0.114534
-0.115474
-0.115943
-0.116256
-0.116648
-0.117430
-0.118213
-0.119074
-0.120092
-0.120561
-0.120952
-0.121892
-0.122283
-0.123144
-0.123535
-0.124083
-0.124788
-0.125883
-0.126666
-0.127214
-0.127997
-0.128466
-0.129171
-0.129640
-0.130658
-0.130736
-0.131832
-0.132693
-0.133163
-0.133789
-0.134650
-0.135041
-0.135745
-0.136137
-0.136606
-0.137467
-0.137937
-0.139033
-0.140207
-0.140833
-0.141381
-0.141929
-0.142946
-0.143103
-0.143807
-0.143964
-0.144825
-0.145686
-0.146625
-0.147486
-0.148034
-0.148425
-0.149208
-0.149678
-0.150460
-0.150930
-0.151478
-0.152339
-0.153591
-0.154139
-0.154530
-0.155391
-0.155704
-0.156644
-0.157113
-0.157818
-0.158209
-0.159383
-0.160635
-0.161418
-0.161575
-0.162279
-0.162983
-0.163610
-0.164392
-0.164940
-0.165331
-0.166114
-0.167445
-0.168071
-0.168697
-0.168932
-0.169401
-0.170262
-0.171123
-0.171593
-0.172063
-0.172845
-0.173941
-0.175115
-0.175663
-0.175820
-0.176446
-0.176994
-0.177620
-0.178089
-0.178794
-0.179420
-0.180516
-0.181612
-0.182159
-0.183020
-0.183177
-0.184038
-0.184664
-0.185212
-0.185760
-0.186386
-0.187090
-0.188186
-0.189282
-0.189673
-0.190065
-0.190926
-0.191160
-0.192178
-0.192413
-0.193039
-0.193743
-0.195074
-0.196170
-0.196639
-0.196874
-0.197109
-0.197970
-0.198596
-0.199457
-0.200240
-0.200709
-0.202118
-0.203371
-0.203762
-0.204075
-0.204545
-0.205249
-0.206345
-0.206736
-0.207519
-0.208067
-0.208693
-0.209789
-0.210571
-0.210884
-0.211589
-0.211980
-0.212137
-0.212919
-0.213780
-0.214250
-0.214720
-0.216050
-0.216990
-0.217459
-0.218242
-0.218555
-0.218946
-0.219964
-0.220433
-0.221138
-0.221607
-0.222234
-0.223642
-0.224034
-0.224738
-0.225208
-0.225364
-0.225912
-0.226695
-0.227321
-0.227947
-0.228730
-0.229591
-0.230374
-0.231078
-0.231704
-0.231939
-0.232565
-0.233113
-0.233739
-0.234287
-0.234835
-0.235696
-0.236557
-0.237418
-0.237888
-0.238357
-0.238749
-0.239218
-0.239844
-0.241175
-0.241801
-0.242271
-0.243210
-0.243993
-0.244619
-0.245323
-0.245401
-0.245871
-0.246184
-0.247045
-0.247593
-0.247906
-0.248767
-0.249706
-0.250332
-0.250880
-0.251350
-0.252054
-0.252367
-0.252994
-0.253463
-0.253620
-0.254402
-0.254950
-0.255655
-0.256124
-0.256907
-0.257377
-0.257768
-0.258159
-0.258942
-0.259490
-0.259803
-0.260977
-0.261682
-0.261916
-0.262699
-0.263325
-0.263873
-0.264108
-0.264656
-0.265047
-0.265673
-0.266221
-0.266847
-0.267630
-0.268021
-0.268569
-0.268882
-0.269039
-0.269743
-0.269978
-0.270683
-0.271152
-0.271778
-0.272405
-0.273109
-0.273344
-0.273970
-0.274205
-0.274596
-0.274987
-0.275692
-0.276161
-0.276553
-0.276944
-0.277257
-0.277727
-0.278275
-0.278588
-0.278431
-0.279136
-0.279449
-0.280232
-0.280858
-0.281249
-0.281797
-0.282580
-0.282814
-0.283519
-0.283675
-0.283910
-0.284223
-0.284928
-0.285397
-0.285632
-0.285789
-0.286180
-0.286728
-0.287119
-0.287432
-0.287745
-0.288058
-0.288450
-0.288685
-0.289389
-0.289702
-0.290172
-0.290641
-0.291268
-0.291424
-0.291737
-0.292129
-0.292442
-0.292676
-0.292989
-0.292833
-0.293381
-0.293772
-0.294007
-0.294320
-0.294790
-0.295025
-0.295259
-0.295807
-0.295807
-0.296277
-0.296590
-0.296746
-0.296903
-0.297138
-0.297686
-0.297920
-0.297999
-0.298547
-0.298547
-0.299016
-0.299016
-0.299486
-0.299329
-0.299721
-0.300112
-0.300269
-0.300582
-0.300816
-0.301208
-0.301051
-0.301521
-0.301443
-0.301756
-0.302147
-0.302225
-0.302538
-0.302460
-0.302851
-0.303321
-0.303321
-0.303321
-0.303634
-0.304026
-0.304260
-0.304104
-0.304026
-0.304417
-0.304887
-0.304808
-0.305434
-0.305200
-0.305434
-0.305591
-0.305747
-0.305669
-0.305904
-0.305982
-0.306139
-0.306452
-0.306452
-0.306530
-0.306608
-0.306922
-0.306922
-0.306922
-0.307156
-0.307469
-0.307313
-0.307548
-0.307391
-0.307391
-0.307469
-0.307939
-0.307782
-0.308017
-0.307939
-0.308096
-0.308174
-0.308252
-0.308722
-0.308643
-0.308409
-0.308565
-0.308800
-0.308878
-0.308409
-0.308565
-0.308643
-0.308878
-0.308957
-0.308878
-0.308957
-0.308957
-0.308800
-0.308957
-0.308878
-0.309270
-0.309191
-0.309113
-0.309191
-0.309348
-0.309270
-0.309426
-0.309113
-0.309191
-0.309348
-0.309270
-0.308957
-0.309348
-0.309191
-0.309348
-0.309270
-0.309348
-0.308957
-0.308800
-0.308878
-0.308878
-0.308878
-0.309113
-0.309270
-0.309348
-0.309270
-0.309113
-0.309035
-0.309035
-0.309113
-0.308878
-0.308565
-0.308957
-0.308957
-0.309191
-0.308487
-0.308800
-0.308722
-0.308722
-0.308643
-0.308643
-0.308643
-0.308409
-0.308487
-0.308330
-0.308409
-0.308565
-0.308565
-0.308643
-0.308252
-0.308174
-0.308252
-0.308096
-0.307939
-0.308017
-0.307939
-0.308174
-0.308330
-0.308252
-0.308096
-0.307548
-0.307704
-0.307626
-0.307469
-0.307626
-0.307391
-0.307313
-0.307626
-0.307469
-0.307469
-0.307313
-0.307156
-0.307156
-0.307156
-0.307235
-0.306843
-0.306765
-0.306765
-0.307000
-0.307078
-0.306922
-0.306687
-0.306687
-0.306452
-0.306374
-0.306295
-0.305982
-0.306139
-0.306530
-0.306217
-0.305982
-0.305982
-0.305982
-0.305904
-0.305826
-0.305434
-0.305747
-0.305669
-0.305278
-0.305669
-0.305669
-0.305591
-0.305513
-0.305434
-0.305200
-0.305121
-0.305043
-0.304887
-0.304730
-0.304652
-0.304808
-0.304652
-0.304887
-0.304730
-0.304417
-0.304339
-0.304260
-0.304260
-0.303869
-0.303947
-0.304104
-0.303869
-0.304339
-0.304182
-0.303869
-0.303869
-0.303712
-0.303556
-0.303712
-0.303712
-0.303321
-0.303399
-0.303321
-0.303321
-0.303712
-0.303556
-0.303556
-0.302851
-0.303165
-0.302851
-0.303008
-0.303165
-0.302773
-0.302930
-0.303008
-0.302773
-0.302460
-0.302773
-0.302617
-0.302304
-0.302304
-0.302460
-0.302460
-0.302225
-0.302460
-0.302538
-0.302460
-0.302382
-0.302147
-0.302069
-0.302147
-0.301756
-0.301834
-0.301286
-0.301756
-0.301912
-0.301834
-0.301756
-0.301834
-0.301599
-0.301677
-0.301443
-0.301521
-0.301443
-0.301051
-0.301364
-0.301521
-0.301677
-0.301756
-0.301756
-0.301443
-0.301286
-0.301443
-0.301364
-0.301051
-0.300895
-0.301130
-0.301130
-0.301364
-0.301051
-0.300973
-0.300895
-0.300738
-0.300425
-0.300738
-0.300582
-0.300347
-0.300425
-0.300503
-0.300816
-0.300816
-0.300660
-0.300503
-0.300425
-0.300582
-0.300660
-0.300269
-0.300269
-0.300425
-0.300582
-0.300660
-0.300582
-0.300269
-0.300190
-0.300425
-0.300425
-0.300503
-0.300425
-0.300503
-0.300582
-0.300425
-0.300582
-0.300738
-0.300816
-0.300425
-0.300582
-0.300425
-0.300269
-0.300034
-0.300347
-0.300425
-0.300425
-0.300425
-0.300347
-0.300582
-0.300425
-0.300269
-0.300269
-0.300347
-0.300347
-0.300425
-0.300582
-0.300582
-0.300738
-0.300503
-0.300738
-0.300895
-0.300425
-0.300347
-0.300895
-0.300582
-0.300425
-0.300425
-0.300816
-0.300660
-0.300816
-0.300895
-0.300660
-0.300738
-0.300738
-0.300816
-0.301130
-0.300816
-0.300973
-0.300738
-0.300973
-0.301286
-0.301208
-0.301130
-0.301208
-0.301364
-0.301286
-0.301051
-0.301443
-0.301443
-0.301521
-0.301677
-0.301677
-0.302069
-0.301599
-0.301834
-0.301756
-0.301834
-0.301991
-0.302147
-0.301991
-0.302304
-0.302304
-0.302147
-0.302225
-0.302382
-0.302460
-0.302225
-0.302225
-0.302382
-0.302460
-0.302617
-0.302617
-0.302930
-0.302930
-0.303008
-0.303086
-0.303008
-0.303399
-0.303243
-0.303243
-0.303165
-0.303243
-0.303556
-0.303321
-0.303478
-0.303712
-0.303712
-0.303556
-0.303478
-0.303869
-0.303947
-0.303869
-0.304026
-0.304182
-0.304104
-0.304260
-0.304260
-0.304339
-0.304573
-0.304730
-0.304652
-0.304652
-0.304808
-0.304887
-0.304965
-0.304887
-0.305121
-0.305121
-0.305356
-0.305434
-0.305669
-0.305826
-0.305513
-0.305904
-0.305826
-0.306139
-0.306061
-0.306139
-0.306217
-0.306452
-0.306374
-0.306139
-0.306608
-0.306843
-0.306843
-0.306765
-0.307000
-0.307000
-0.307156
-0.307313
-0.307156
-0.307469
-0.307704
-0.307704
-0.307704
-0.307782
-0.308252
-0.308017
-0.308017
-0.308096
-0.308096
-0.308409
-0.308800
-0.308878
-0.308800
-0.308800
-0.309035
-0.309035
-0.309191
-0.309191
-0.308957
-0.309426
-0.309974
-0.309739
-0.310052
-0.310287
-0.310522
-0.310600
-0.310757
-0.310678
-0.310913
-0.310992
-0.310992
-0.311305
-0.311226
-0.311618
-0.311853
-0.311774
-0.311774
-0.312166
-0.312244
-0.312244
-0.312479
-0.312635
-0.312635
-0.313027
-0.313261
-0.313261
-0.313574
-0.313496
-0.313653
-0.313809
-0.313966
-0.314044
-0.313966
-0.314122
-0.314592
-0.314748
-0.314670
-0.314905
-0.314827
-0.315218
-0.315375
-0.315453
-0.315531
-0.315531
-0.315609
-0.315609
-0.316001
-0.316157
-0.316079
-0.316392
-0.316549
-0.316862
-0.316862
-0.317018
-0.317253
-0.317331
-0.317331
-0.317410
-0.317566
-0.317879
-0.318192
-0.318349
-0.318349
-0.318740
-0.318584
-0.318975
-0.319366
-0.319601
-0.319523
-0.319836
-0.319523
-0.319758
-0.320462
-0.320619
-0.320854
-0.321010
-0.321323
-0.321245
-0.321401
-0.321401
-0.321949
-0.321949
-0.322184
-0.322497
-0.322575
-0.322889
-0.323202
-0.323123
-0.323358
-0.323515
-0.323358
-0.323515
-0.323828
-0.324063
-0.324141
-0.324532
-0.324689
-0.325315
-0.325080
-0.325315
-0.325237
-0.325393
-0.325550
-0.325941
-0.325863
-0.325941
-0.326019
-0.326724
-0.326724
-0.326802
-0.327272
-0.327585
-0.327506
-0.327585
-0.327898
-0.327976
-0.327976
-0.328211
-0.328446
-0.328681
-0.329072
-0.329307
-0.329072
-0.328915
-0.329463
-0.329855
-0.329855
-0.330011
-0.330481
-0.330559
-0.330559
-0.331029
-0.331029
-0.331185
-0.331577
-0.331733
-0.332359
-0.331968
-0.332359
-0.332516
-0.332907
-0.333064
-0.333298
-0.333377
-0.333612
-0.333925
-0.333846
-0.334159
-0.334238
-0.334394
-0.334786
-0.334707
-0.335177
-0.335412
-0.335412
-0.335803
-0.335881
-0.336116
-0.336194
-0.336273
-0.336742
-0.337212
-0.337055
-0.337290
-0.337290
-0.337682
-0.337916
-0.338229
-0.338464
-0.338308
-0.338777
-0.338464
-0.338699
-0.338856
-0.339325
-0.339560
-0.339795
-0.340030
-0.340499
-0.340343
-0.340656
-0.341204
-0.341360
-0.341204
-0.341595
-0.341986
-0.342065
-0.342456
-0.342534
-0.342769
-0.342691
-0.343552
-0.343552
-0.343395
-0.343708
-0.344100
-0.344178
-0.344413
-0.344413
-0.344569
-0.345039
-0.344882
-0.345117
-0.345352
-0.345509
-0.345665
-0.345978
-0.346369
-0.346369
-0.346917
-0.347074
-0.347230
-0.347622
-0.347309
-0.347857
-0.348013
-0.348561
-0.348483
-0.348952
-0.349109
-0.348952
-0.349422
-0.349657
-0.350361
-0.350205
-0.350440
-0.350831
-0.351222
-0.350987
-0.351144
-0.351535
-0.351692
-0.351848
-0.352240
-0.352553
-0.352553
-0.353101
-0.353101
-0.353414
-0.353727
-0.353649
-0.353727
-0.353962
-0.353962
-0.354666
-0.354588
-0.354744
-0.355292
-0.355292
-0.355762
-0.355840
-0.356231
-0.356388
-0.356545
-0.356466
-0.357014
-0.357327
-0.357406
-0.357797
-0.357797
-0.357953
-0.358423
-0.358423
-0.358814
-0.359127
-0.359284
-0.359441
-0.359675
-0.360458
-0.360458
-0.360849
-0.361319
-0.361554
-0.361710
-0.361710
-0.362102
-0.362337
-0.362571
-0.362728
-0.362963
-0.363041
-0.363667
-0.363745
-0.363902
-0.364293
-0.364528
-0.364685
-0.364998
-0.365467
-0.365233
-0.365702
-0.365780
-0.366250
-0.366485
-0.366720
-0.366876
-0.366954
-0.367189
-0.367189
-0.367502
-0.367894
-0.368128
-0.368285
-0.368363
-0.368833
-0.369146
-0.369694
-0.369303
-0.369694
-0.370085
-0.370007
-0.370164
-0.370790
-0.370946
-0.371259
-0.371494
-0.371494
-0.371885
-0.372199
-0.372277
-0.372590
-0.372746
-0.373138
-0.373451
-0.373686
-0.373920
-0.374155
-0.374234
-0.374625
-0.375173
-0.375329
-0.375564
-0.375721
-0.375877
-0.376269
-0.376425
-0.376738
-0.377130
-0.377208
-0.377286
-0.377834
-0.377990
-0.378225
-0.378460
-0.378851
-0.378851
-0.379008
-0.379321
-0.379712
-0.379947
-0.380104
-0.380573
-0.381200
-0.381121
-0.381356
-0.381591
-0.381982
-0.382217
-0.382452
-0.382530
-0.382843
-0.383235
-0.383235
-0.383704
-0.383704
-0.384174
-0.384252
-0.384565
-0.384722
-0.385035
-0.385035
-0.385270
-0.385661
-0.385974
-0.386131
-0.386444
-0.386757
-0.386835
-0.387148
-0.387618
-0.387774
-0.387931
-0.388087
-0.388400
-0.388322
-0.389027
-0.389183
-0.389261
-0.389418
-0.389653
-0.390357
-0.389966
-0.390514
-0.390670
-0.391140
-0.391609
-0.391453
-0.391688
-0.392236
-0.392470
-0.392392
-0.392940
-0.393175
-0.393566
-0.393958
-0.394271
-0.394505
-0.394505
-0.395053
-0.395445
-0.395366
-0.395914
-0.395914
-0.396149
-0.396227
-0.396619
-0.396854
-0.397323
-0.397636
-0.397793
-0.397949
-0.398106
-0.398575
-0.398575
-0.398654
-0.398654
-0.399280
-0.399593
-0.399671
-0.400141
-0.400610
-0.400924
-0.401393
-0.401628
-0.401785
-0.402332
-0.402411
-0.402880
-0.402959
-0.403350
-0.403193
-0.403820
-0.404211
-0.404133
-0.404367
-0.404915
-0.404759
-0.404915
-0.405072
-0.405698
-0.406089
-0.406089
-0.406716
-0.406559
-0.406794
-0.407263
-0.407890
-0.407811
-0.407968
-0.408516
-0.408751
-0.408829
-0.409377
-0.409611
-0.409846
-0.410159
-0.410942
-0.410942
-0.411099
-0.411333
-0.411647
-0.411960
-0.412194
-0.412507
-0.412507
-0.412664
-0.413212
-0.413447
-0.413838
-0.414073
-0.414464
-0.414542
-0.415247
-0.415090
-0.415247
-0.415403
-0.415717
-0.416264
-0.416421
-0.416656
-0.416891
-0.417438
-0.417986
-0.417986
-0.418299
-0.418065
-0.418378
-0.418769
-0.418847
-0.419552
-0.419708
-0.419708
-0.420334
-0.420569
-0.420882
-0.421352
-0.421587
-0.421665
-0.421665
-0.422369
-0.422291
-0.422839
-0.423074
-0.423309
-0.423465
-0.423935
-0.424091
-0.424326
-0.424561
-0.424874
-0.424952
-0.425344
-0.425735
-0.426126
-0.426126
-0.426283
-0.426674
-0.426987
-0.427535
-0.427379
-0.428005
-0.427848
-0.428083
-0.428553
-0.428866
-0.429022
-0.429414
-0.429883
-0.430353
-0.430510
-0.430431
-0.430901
-0.431136
-0.430979
-0.431762
-0.431840
-0.432231
-0.431918
-0.432231
-0.432623
-0.433014
-0.433406
-0.433562
-0.433875
-0.434032
-0.434423
-0.434580
-0.434893
-0.435441
-0.435362
-0.435910
-0.436067
-0.436536
-0.436928
-0.437241
-0.437397
-0.437476
-0.437632
-0.437789
-0.438180
-0.438337
-0.438415
-0.438806
-0.439197
-0.439511
-0.439980
-0.440450
-0.441076
-0.440998
-0.440998
-0.441546
-0.441780
-0.442485
-0.442485
-0.442720
-0.443111
-0.443267
-0.443581
-0.443972
-0.443972
-0.444442
-0.444755
-0.444833
-0.444989
-0.445459
-0.445616
-0.446163
-0.446477
-0.446477
-0.446946
-0.446946
-0.447729
-0.447259
-0.447729
-0.448042
-0.448277
-0.448512
-0.448668
-0.449059
-0.449216
-0.449686
-0.449842
-0.450155
-0.450468
-0.450860
-0.451173
-0.451251
-0.451799
-0.451799
-0.452112
-0.452347
-0.452738
-0.452895
-0.452895
-0.453443
-0.453990
-0.454147
-0.454382
-0.454617
-0.454773
-0.455086
-0.455243
-0.455321
-0.456025
-0.456182
-0.456104
-0.456886
-0.457043
-0.457278
-0.457356
-0.457669
-0.458217
-0.458530
-0.458765
-0.459156
-0.459313
-0.459469
-0.460096
-0.460487
-0.460565
-0.461035
-0.461035
-0.461817
-0.461739
-0.461817
-0.462365
-0.462522
-0.462835
-0.463226
-0.463226
-0.463696
-0.463931
-0.464166
-0.464635
-0.464792
-0.465027
-0.465261
-0.465340
-0.465966
-0.466201
-0.466279
-0.466514
-0.466827
-0.467453
-0.467609
-0.467844
-0.468314
-0.468627
-0.468549
-0.468783
-0.469175
-0.469410
-0.469801
-0.470271
-0.470271
-0.470584
-0.470818
-0.471445
-0.471679
-0.471914
-0.472462
-0.472462
-0.472853
-0.472932
-0.473714
-0.473558
-0.473793
-0.474028
-0.474497
-0.474810
-0.474967
-0.475671
-0.475593
-0.475749
-0.476063
-0.476376
-0.476689
-0.477002
-0.477237
-0.477471
-0.478019
-0.478098
-0.478411
-0.478332
-0.478959
-0.479819
-0.479506
-0.479976
-0.479819
-0.480446
-0.480759
-0.481228
-0.481385
-0.481463
-0.482089
-0.482559
-0.482715
-0.483107
-0.483342
-0.483420
-0.483655
-0.483733
-0.484203
-0.484750
-0.484594
-0.485377
-0.485377
-0.485533
-0.486159
-0.486394
-0.486551
-0.486707
-0.487412
-0.487020
-0.487803
-0.488429
-0.488821
-0.488586
-0.488977
-0.488977
-0.489447
-0.489838
-0.490151
-0.490308
-0.490386
-0.491090
-0.491403
-0.491795
-0.491795
-0.492264
-0.492264
-0.492577
-0.493047
-0.493438
-0.493595
-0.493830
-0.494299
-0.494456
-0.494691
-0.495082
-0.495239
-0.495708
-0.496021
-0.496100
-0.496491
-0.496491
-0.496882
-0.497274
-0.497508
-0.498056
-0.498448
-0.498291
-0.498839
-0.499152
-0.499622
-0.499387
-0.499857
-0.500091
-0.500483
-0.500483
-0.500952
-0.501500
-0.501813
-0.502283
-0.502518
-0.502753
-0.502909
-0.502987
-0.503535
-0.503770
-0.504161
-0.504474
-0.504866
-0.504866
-0.505492
-0.505805
-0.506275
-0.506666
-0.506744
-0.506979
-0.507449
-0.507605
-0.507684
-0.508231
-0.508466
-0.508545
-0.508623
-0.508858
-0.509405
-0.509797
-0.509640
-0.510188
-0.510501
-0.510814
-0.511049
-0.511362
-0.511754
-0.511988
-0.512380
-0.512693
-0.512928
-0.513084
-0.513710
-0.513789
-0.514258
-0.514415
-0.515041
-0.514884
-0.515197
-0.515511
-0.515902
-0.516215
-0.516606
-0.516606
-0.516919
-0.517624
-0.517780
-0.518015
-0.518172
-0.518485
-0.519033
-0.519111
-0.519502
-0.520050
-0.519894
-0.520050
-0.520520
-0.520676
-0.521146
-0.521616
-0.521929
-0.522242
-0.522242
-0.522633
-0.523337
-0.523729
-0.523885
-0.524042
-0.524277
-0.524355
-0.524512
-0.525059
-0.525294
-0.525607
-0.525686
-0.525842
-0.526547
-0.526781
-0.527016
-0.527329
-0.527799
-0.527955
-0.527877
-0.528112
-0.528425
-0.528816
-0.529443
-0.529364
-0.529677
-0.530069
-0.530304
-0.530460
-0.530460
-0.530930
-0.531321
-0.531556
-0.531947
-0.532339
-0.532652
-0.532965
-0.533356
-0.533513
-0.533669
-0.534060
-0.534452
-0.534608
-0.535078
-0.535078
-0.535704
-0.535939
-0.536252
-0.536409
-0.536565
-0.537035
-0.537348
-0.537504
-0.537817
-0.538287
-0.538365
-0.538757
-0.538835
-0.539226
-0.539618
-0.539696
-0.540009
-0.540322
-0.540635
-0.540948
-0.541183
-0.542044
-0.542201
-0.542044
-0.542279
-0.542748
-0.542827
-0.543375
-0.543375
-0.543922
-0.544236
-0.544236
-0.544470
-0.544783
-0.545175
-0.545410
-0.545723
-0.546192
-0.546349
-0.546505
-0.546975
-0.546897
-0.547366
-0.547445
-0.547758
-0.548071
-0.548384
-0.548540
-0.548932
-0.549245
-0.549401
-0.549949
-0.550106
-0.550106
-0.550341
-0.550810
-0.551045
-0.551436
-0.551671
-0.551749
-0.552141
-0.552532
-0.552610
-0.553158
-0.553393
-0.553628
-0.553706
-0.554254
-0.554411
-0.554724
-0.555193
-0.555506
-0.555585
-0.555898
-0.556211
-0.556680
-0.556994
-0.557150
-0.557541
-0.557541
-0.557698
-0.558011
-0.558481
-0.558715
-0.558950
-0.559342
-0.559342
-0.559811
-0.560437
-0.560750
-0.560594
-0.561377
-0.561220
-0.561690
-0.561846
-0.562238
-0.562707
-0.563177
-0.563177
-0.563490
-0.563881
-0.563960
-0.564429
-0.564977
-0.565290
-0.565290
-0.565681
-0.565995
-0.566464
-0.566699
-0.566777
-0.567169
-0.567716
-0.567873
-0.568108
-0.568264
-0.568577
-0.568734
-0.569047
-0.569204
-0.569438
-0.569986
-0.570221
-0.570534
-0.570691
-0.571082
-0.571630
-0.571473
-0.571630
-0.572413
-0.572647
-0.572804
-0.572882
-0.573352
-0.573743
-0.573665
-0.574448
-0.574448
-0.574917
-0.574839
-0.575387
-0.575465
-0.575778
-0.576326
-0.576796
-0.576952
-0.577187
-0.577500
-0.577892
-0.578126
-0.578126
-0.578596
-0.578987
-0.579300
-0.579379
-0.579848
-0.580161
-0.580318
-0.580553
-0.581179
-0.581335
-0.581492
-0.582118
-0.582353
-0.582509
-0.583057
-0.583057
-0.583449
-0.583684
-0.584075
-0.584544
-0.584544
-0.585171
-0.585405
-0.585562
-0.586266
-0.586579
-0.586345
-0.586736
-0.587049
-0.587049
-0.587440
-0.588145
-0.587910
-0.588458
-0.589006
-0.589084
-0.589397
-0.589867
-0.590023
-0.590180
-0.590571
-0.590963
-0.591354
-0.591432
-0.591667
-0.591745
-0.592058
-0.592685
-0.592998
-0.593311
-0.593467
-0.593937
-0.594328
-0.594563
-0.594720
-0.594720
-0.595267
-0.595659
-0.595737
-0.596128
-0.596676
-0.596833
-0.596989
-0.597537
-0.597616
-0.598085
-0.598242
-0.598476
-0.598946
-0.599259
-0.599103
-0.599807
-0.599964
-0.600433
-0.600512
-0.600590
-0.601372
-0.601999
-0.601999
-0.602390
-0.602860
-0.603407
-0.603564
-0.603799
-0.603955
-0.604190
-0.604347
-0.604973
-0.605129
-0.605443
-0.605834
-0.605990
-0.606382
-0.606617
-0.607321
-0.607321
-0.607712
-0.607712
-0.608182
-0.608652
-0.608730
-0.609043
-0.609669
-0.609747
-0.610295
-0.610687
-0.610530
-0.610921
-0.611156
-0.611548
-0.611782
-0.612174
-0.612487
-0.612956
-0.613426
-0.613739
-0.613896
-0.613974
-0.614287
-0.614835
-0.614835
-0.615305
-0.615618
-0.615696
-0.615852
-0.616165
-0.616635
-0.616792
-0.617340
-0.617574
-0.617887
-0.618122
-0.618200
-0.618435
-0.618514
-0.619061
-0.619140
-0.619375
-0.619688
-0.620236
-0.620627
-0.620862
-0.621175
-0.621644
-0.621879
-0.622349
-0.622740
-0.622740
-0.623210
-0.623210
-0.623836
-0.624149
-0.624306
-0.624775
-0.624932
-0.625166
-0.625323
-0.625949
-0.626106
-0.626732
-0.626732
-0.627202
-0.627358
-0.627436
-0.627906
-0.627906
-0.628297
-0.628610
-0.629158
-0.629471
-0.629863
-0.630019
-0.630332
-0.630645
-0.630645
-0.630958
-0.631272
-0.631506
-0.631898
-0.632289
-0.632211
-0.632680
-0.633072
-0.633385
-0.633620
-0.633776
-0.634089
-0.634715
-0.634637
-0.635107
-0.635107
-0.635889
-0.636046
-0.636046
-0.636672
-0.636594
-0.636907
-0.637298
-0.637377
-0.637924
-0.637924
-0.638316
-0.638707
-0.638942
-0.639020
-0.639412
-0.639646
-0.639881
-0.640351
-0.640742
-0.640742
-0.641212
-0.641603
-0.641760
-0.641995
-0.642386
-0.642934
-0.643247
-0.643325
-0.643951
-0.644108
-0.644499
-0.644969
-0.645204
-0.645282
-0.645595
-0.645751
-0.646221
-0.646456
-0.646456
-0.647082
-0.647317
-0.647630
-0.647865
-0.648491
-0.648491
-0.648804
-0.649117
