-0.535548
-0.535939
-0.536017
-0.536643
-0.536956
-0.536800
-0.537035
-0.537739
-0.537739
-0.538209
-0.538678
-0.538991
-0.538600
-0.539383
-0.539383
-0.540087
-0.540166
-0.540322
-0.540713
-0.540870
-0.541418
-0.541731
-0.542044
-0.542201
-0.542592
-0.542827
-0.543140
-0.543453
-0.543766
-0.543844
-0.544157
-0.544549
-0.544940
-0.545097
-0.545331
-0.545957
-0.545957
-0.546114
-0.546584
-0.546897
-0.547210
-0.547366
-0.547836
-0.548227
-0.548306
-0.548384
-0.548853
-0.548775
-0.549245
-0.549245
-0.549793
-0.549714
-0.550497
-0.550419
-0.550654
-0.551202
-0.551436
-0.551984
-0.552063
-0.552532
-0.552610
-0.552923
-0.553237
-0.553315
-0.553628
-0.553863
-0.554332
-0.554880
-0.554880
-0.555037
-0.555585
-0.555819
-0.556211
-0.556524
-0.556367
-0.556837
-0.557385
-0.557385
-0.557698
-0.557698
-0.558168
-0.558402
-0.558794
-0.559029
-0.559263
-0.559889
-0.560203
-0.560203
-0.560594
-0.560985
-0.561142
-0.561533
-0.561925
-0.562238
-0.562629
-0.562864
-0.563099
-0.563255
-0.563803
-0.563803
-0.564194
-0.564429
-0.564899
-0.565212
-0.565525
-0.565681
-0.566073
-0.565995
-0.566621
-0.566699
-0.567169
-0.567716
-0.567951
-0.567951
-0.568656
-0.568656
-0.569204
-0.569360
-0.569438
-0.569751
-0.570065
-0.570456
-0.570847
-0.571317
-0.571395
-0.571708
-0.572021
-0.572491
-0.572334
-0.573117
-0.573352
-0.573274
-0.573743
-0.574056
-0.574135
-0.574448
-0.574917
-0.575152
-0.575230
-0.575778
-0.576013
-0.576013
-0.576248
-0.576639
-0.577109
-0.577187
-0.577657
-0.578205
-0.578518
-0.578753
-0.579144
-0.579379
-0.579379
-0.579848
-0.580083
-0.580083
-0.580631
-0.580944
-0.581414
-0.581492
-0.581805
-0.582431
-0.582509
-0.582901
-0.583292
-0.583605
-0.583605
-0.583997
-0.584231
-0.584466
-0.584701
-0.585249
-0.585719
-0.585875
-0.586188
-0.586345
-0.586814
-0.587206
-0.587519
-0.587675
-0.587910
-0.588301
-0.588380
-0.588849
-0.588928
-0.589710
-0.589632
-0.589867
-0.590102
-0.590884
-0.591041
-0.591276
-0.591824
-0.591902
-0.592137
-0.592685
-0.592763
-0.592919
-0.593311
-0.593859
-0.593937
-0.594093
-0.594641
-0.594954
-0.595189
-0.595346
-0.595894
-0.596207
-0.596285
-0.596676
-0.596833
-0.597302
-0.597772
-0.597772
-0.598242
-0.598633
-0.598790
-0.599259
-0.599024
-0.599572
-0.600433
-0.600433
-0.600355
-0.601216
-0.601529
-0.601529
-0.601999
-0.602077
-0.602860
-0.603016
-0.603564
-0.603329
-0.603877
-0.604034
-0.604268
-0.604738
-0.605208
-0.605286
-0.605443
-0.605912
-0.606147
-0.606460
-0.606617
-0.606695
-0.607321
-0.607556
-0.607947
-0.608260
-0.608260
-0.608573
-0.609278
-0.609669
-0.609591
-0.609904
-0.610217
-0.610530
-0.611156
-0.611156
-0.611234
-0.611548
-0.611704
-0.612252
-0.612409
-0.612800
-0.613113
-0.613191
-0.613426
-0.613661
-0.614209
-0.614444
-0.614600
-0.614678
-0.615148
-0.615461
-0.615774
-0.616165
-0.616322
-0.616635
-0.616948
-0.617653
-0.617731
-0.617887
-0.618279
-0.618592
-0.618748
-0.618905
-0.619296
-0.619375
-0.619766
-0.620157
-0.620314
-0.620627
-0.620705
-0.621410
-0.621488
-0.621879
-0.622584
-0.622818
-0.622975
-0.623366
-0.623758
-0.623758
-0.623992
-0.624384
-0.625010
-0.624932
-0.625636
-0.625714
-0.625714
-0.625871
-0.626497
-0.626654
-0.627202
-0.627436
-0.627828
-0.627906
-0.628141
-0.628376
-0.628767
-0.628923
-0.629237
-0.629393
-0.629628
-0.629863
-0.630254
-0.630645
-0.630880
-0.631350
-0.631428
-0.631741
-0.631898
-0.632289
-0.632446
-0.632915
-0.633307
-0.633385
-0.633854
-0.634089
-0.634324
-0.634481
-0.634872
-0.635107
-0.635655
-0.636124
-0.636281
-0.636516
-0.636985
-0.637220
-0.637533
-0.637846
-0.638159
-0.638472
-0.638707
-0.639020
-0.639333
-0.639646
-0.639881
-0.639959
-0.640586
-0.640586
-0.640586
-0.641212
-0.641760
-0.641760
-0.641760
-0.642308
-0.642934
-0.642855
-0.643325
-0.643795
-0.644186
-0.644186
-0.644186
-0.644734
-0.644969
-0.645360
-0.645517
-0.645986
-0.645986
-0.646456
-0.646612
-0.647160
-0.647630
-0.647630
-0.648256
-0.648256
-0.648334
-0.648491
-0.648804
-0.649117
-0.649508
-0.649821
-0.650448
-0.650213
-0.650682
-0.651230
-0.651309
-0.651935
-0.651935
-0.652248
-0.652639
-0.653109
-0.652796
-0.653187
-0.653813
-0.653735
-0.654126
-0.653970
-0.654205
-0.654361
-0.654439
-0.654518
-0.654752
-0.654361
-0.654518
-0.654205
-0.654518
-0.654048
-0.654048
-0.653892
-0.653657
-0.653422
-0.653344
-0.653187
-0.652796
-0.652483
-0.652561
-0.651856
-0.651935
-0.651778
-0.651622
-0.651074
-0.650761
-0.650369
-0.650369
-0.649821
-0.649195
-0.649117
-0.648882
-0.648882
-0.648413
-0.648178
-0.647865
-0.647473
-0.647552
-0.646926
-0.646691
-0.646143
-0.645986
-0.645595
-0.645360
-0.644969
-0.644969
-0.644734
-0.644499
-0.643951
-0.643325
-0.643169
-0.642934
-0.642464
-0.642073
-0.641995
-0.641603
-0.640977
-0.641055
-0.640586
-0.640351
-0.639803
-0.639568
-0.639177
-0.638785
-0.638551
-0.638081
-0.637846
-0.637533
-0.637142
-0.636985
-0.636750
-0.636359
-0.635811
-0.635342
-0.635420
-0.635028
-0.634481
-0.634246
-0.633933
-0.633620
-0.633385
-0.633385
-0.632602
-0.632602
-0.631976
-0.631663
-0.631428
-0.630880
-0.630567
-0.630332
-0.630254
-0.629706
-0.629393
-0.629315
-0.628689
-0.628219
-0.628141
-0.627906
-0.627593
-0.626888
-0.626732
-0.626419
-0.626184
-0.625714
-0.625480
-0.625166
-0.624619
-0.624306
-0.624149
-0.623758
-0.623523
-0.623053
-0.622740
-0.622505
-0.622114
-0.621566
-0.621253
-0.620862
-0.620705
-0.620236
-0.619688
-0.619218
-0.619140
-0.618748
-0.618279
-0.617966
-0.617809
-0.617418
-0.617340
-0.616870
-0.617105
-0.616322
-0.616087
-0.615852
-0.615539
-0.615226
-0.614991
-0.614444
-0.614130
-0.613896
-0.613426
-0.612878
-0.612722
-0.612174
-0.612252
-0.611704
-0.611391
-0.611156
-0.611313
-0.610452
-0.610139
-0.609826
-0.609591
-0.609199
-0.608965
-0.608573
-0.608417
-0.607791
-0.607478
-0.607164
-0.606773
-0.606460
-0.606303
-0.605834
-0.605521
-0.605286
-0.605129
-0.604660
-0.604425
-0.604034
-0.603799
-0.603329
-0.603251
-0.602547
-0.602390
-0.601920
-0.601686
-0.601216
-0.600512
-0.600590
-0.600120
-0.599729
-0.599416
-0.598946
-0.598633
-0.598242
-0.597929
-0.597929
-0.597616
-0.597302
-0.596911
-0.596755
-0.596520
-0.596207
-0.595346
-0.595346
-0.594798
-0.594798
-0.594406
-0.593780
-0.593546
-0.593389
-0.592763
-0.592528
-0.592137
-0.591510
-0.591589
-0.591354
-0.590728
-0.590650
-0.590415
-0.590102
-0.589789
-0.589319
-0.589319
-0.588615
-0.588301
-0.587988
-0.587519
-0.587127
-0.586893
-0.586423
-0.586032
-0.586110
-0.585797
-0.585327
-0.584858
-0.584701
-0.584388
-0.583840
-0.583449
-0.583057
-0.582901
-0.582431
-0.582353
-0.582196
-0.581805
-0.581179
-0.580944
-0.580474
-0.579848
-0.579692
-0.579457
-0.578909
-0.579144
-0.578596
-0.578048
-0.577657
-0.577500
-0.577109
-0.576874
-0.576561
-0.576013
-0.576013
-0.575622
-0.575309
-0.575230
-0.574682
-0.574604
-0.574135
-0.573822
-0.573587
-0.573039
-0.572334
-0.572256
-0.571787
-0.571395
-0.571317
-0.571004
-0.570534
-0.570221
-0.569908
-0.569517
-0.569204
-0.568734
-0.568499
-0.568264
-0.567482
-0.567560
-0.567090
-0.566856
-0.566386
-0.565838
-0.565603
-0.565290
-0.564899
-0.564742
-0.564586
-0.564194
-0.564116
-0.563568
-0.563568
-0.563177
-0.562316
-0.562394
-0.562003
-0.561455
-0.561064
-0.560594
-0.560203
-0.560203
-0.559342
-0.559029
-0.558872
-0.558168
-0.558168
-0.557933
-0.557385
-0.557072
-0.556759
-0.556602
-0.556446
-0.555976
-0.555819
-0.555585
-0.555037
-0.554645
-0.554332
-0.553941
-0.553784
-0.553315
-0.553002
-0.552845
-0.552141
-0.552297
-0.552141
-0.551828
-0.550967
-0.550732
-0.550341
-0.549949
-0.549714
-0.549245
-0.548932
-0.548775
-0.548384
-0.548384
-0.547914
-0.547679
-0.547288
-0.546818
-0.546584
-0.546271
-0.545957
-0.545566
-0.545253
-0.545018
-0.544705
-0.544079
-0.543844
-0.543453
-0.543140
-0.543061
-0.542827
-0.542357
-0.542122
-0.541809
-0.541496
-0.541105
-0.540870
-0.540635
-0.540244
-0.539852
-0.539305
-0.539148
-0.538444
-0.538444
-0.537974
-0.537661
-0.537348
-0.536878
-0.536956
-0.536487
-0.535939
-0.535704
-0.535391
-0.535469
-0.534843
-0.534843
-0.534060
-0.533826
-0.533591
-0.532886
-0.532886
-0.532652
-0.532417
-0.531947
-0.531634
-0.531399
-0.530851
-0.530773
-0.530538
-0.529834
-0.529521
-0.529286
-0.529208
-0.528816
-0.528268
-0.528190
-0.527642
-0.527408
-0.527173
-0.527016
-0.526625
-0.526233
-0.525999
-0.525920
-0.525294
-0.525138
-0.524668
-0.524198
-0.523885
-0.523572
-0.523416
-0.522946
-0.522633
-0.522007
-0.521929
-0.521459
-0.521224
-0.520833
-0.520285
-0.519972
-0.519502
-0.519189
-0.518798
-0.518407
-0.518328
-0.518093
-0.517702
-0.517546
-0.516998
-0.516528
-0.516371
-0.515902
-0.515667
-0.515432
-0.515119
-0.515041
-0.514336
-0.513867
-0.513867
-0.513476
-0.512928
-0.512615
-0.512458
-0.511910
-0.511597
-0.511519
-0.510971
-0.510580
-0.510188
-0.509953
-0.509797
-0.509171
-0.509171
-0.508545
-0.508310
-0.508153
-0.507762
-0.507370
-0.507214
-0.507136
-0.506588
-0.506666
-0.505962
-0.505883
-0.505179
-0.505179
-0.504631
-0.504553
-0.504083
-0.503927
-0.503222
-0.502987
-0.502753
-0.502596
-0.501813
-0.502048
-0.501109
-0.501031
-0.500561
-0.500326
-0.499700
-0.499387
-0.499152
-0.498917
-0.498369
-0.498291
-0.498056
-0.497665
-0.497352
-0.496882
-0.496569
-0.496256
-0.496021
-0.495787
-0.495004
-0.495004
-0.494769
-0.494612
-0.494065
-0.493673
-0.493438
-0.493204
-0.493125
-0.492577
-0.492264
-0.492264
-0.492108
-0.491873
-0.491638
-0.490856
-0.490464
-0.490308
-0.489681
-0.489447
-0.489055
-0.489055
-0.488742
-0.488664
-0.487803
-0.487333
-0.487646
-0.487099
-0.486942
-0.486629
-0.486003
-0.486081
-0.485377
-0.485298
-0.484985
-0.484750
-0.484203
-0.483890
-0.483733
-0.483263
-0.482794
-0.482481
-0.482089
-0.481698
-0.481463
-0.481385
-0.480680
-0.480446
-0.480133
-0.479585
-0.479350
-0.479428
-0.478959
-0.478645
-0.478254
-0.477941
-0.477863
-0.477158
-0.476845
-0.476689
-0.476376
-0.475749
-0.475593
-0.475280
-0.475123
-0.474732
-0.474419
-0.473714
-0.473793
-0.473480
-0.473010
-0.472932
-0.472227
-0.471993
-0.471601
-0.471445
-0.471053
-0.470897
-0.470662
-0.470349
-0.469879
-0.469566
-0.469331
-0.468862
-0.468940
-0.468236
-0.468236
-0.467766
-0.467531
-0.467218
-0.467218
-0.466827
-0.466435
-0.466201
-0.465887
-0.465574
-0.465261
-0.464792
-0.464479
-0.464166
-0.463774
-0.463696
-0.462757
-0.462835
-0.462600
-0.462131
-0.461974
-0.461661
-0.461348
-0.461191
-0.460800
-0.460643
-0.460096
-0.459782
-0.459626
-0.459235
-0.458687
-0.458530
-0.458060
-0.458217
-0.457982
-0.457434
-0.457121
-0.456652
-0.456730
-0.456104
-0.455634
-0.455321
-0.455399
-0.454930
-0.454382
-0.454225
-0.454225
-0.453756
-0.453286
-0.453364
-0.452895
-0.452816
-0.452269
-0.451955
-0.451721
-0.451408
-0.451173
-0.450547
-0.450312
-0.449920
-0.449451
-0.449216
-0.448981
-0.448981
-0.448433
-0.448042
-0.447807
-0.447651
-0.447024
-0.447103
-0.446790
-0.446398
-0.445929
-0.445616
-0.445537
-0.444755
-0.444598
-0.444442
-0.444128
-0.443737
-0.443346
-0.443267
-0.442720
-0.442641
-0.442407
-0.442093
-0.441154
-0.441076
-0.440763
-0.440528
-0.440372
-0.439824
-0.439511
-0.439197
-0.438650
-0.438493
-0.438180
-0.437710
-0.437789
-0.437241
-0.436849
-0.436615
-0.436223
-0.435910
-0.435754
-0.435441
-0.434971
-0.434736
-0.434266
-0.434188
-0.433875
-0.433014
-0.433092
-0.432858
-0.432545
-0.432310
-0.431449
-0.431527
-0.431136
-0.430979
-0.430353
-0.429883
-0.429570
-0.429257
-0.428788
-0.428709
-0.428318
-0.427927
-0.427692
-0.427535
-0.427300
-0.426987
-0.426753
-0.426439
-0.425892
-0.425579
-0.425422
-0.424952
-0.424483
-0.424404
-0.424326
-0.423544
-0.423309
-0.423074
-0.422683
-0.422291
-0.422135
-0.421665
-0.421430
-0.421195
-0.420804
-0.420413
-0.419787
-0.419239
-0.419082
-0.418847
-0.418769
-0.418534
-0.418065
-0.417595
-0.417360
-0.417125
-0.416734
-0.416734
-0.416264
-0.415951
-0.415638
-0.415403
-0.414856
-0.414386
-0.414308
-0.413916
-0.413603
-0.413134
-0.412977
-0.412664
-0.412038
-0.411960
-0.411647
-0.411568
-0.411099
-0.410942
-0.410629
-0.409846
-0.409690
-0.409533
-0.409064
-0.408907
-0.408516
-0.408203
-0.407733
-0.407420
-0.407185
-0.406950
-0.406950
-0.406246
-0.406168
-0.405698
-0.405463
-0.405150
-0.404837
-0.404680
-0.404367
-0.403976
-0.403663
-0.403428
-0.402880
-0.402567
-0.402411
-0.402019
-0.402176
-0.401237
-0.401080
-0.400767
-0.400376
-0.399671
-0.399358
-0.399202
-0.398575
-0.398341
-0.398028
-0.397871
-0.397401
-0.397636
-0.397245
-0.396697
-0.396619
-0.396384
-0.396071
-0.395523
-0.395366
-0.395288
-0.394662
-0.394427
-0.394036
-0.393723
-0.393410
-0.393175
-0.392862
-0.392549
-0.392392
-0.392392
-0.391688
-0.391375
-0.391062
-0.390592
-0.390279
-0.389888
-0.389809
-0.389496
-0.389261
-0.388713
-0.388635
-0.388166
-0.387774
-0.387696
-0.387226
-0.387070
-0.386678
-0.386365
-0.385896
-0.385739
-0.385504
-0.385113
-0.384957
-0.384800
-0.384409
-0.384330
-0.383939
-0.383313
-0.383156
-0.382765
-0.382452
-0.382217
-0.381747
-0.381591
-0.381513
-0.381121
-0.380730
-0.380808
-0.380182
-0.380026
-0.379634
-0.379165
-0.378773
-0.378538
-0.378460
-0.377912
-0.377599
-0.377364
-0.377130
-0.376895
-0.376503
-0.376269
-0.376034
-0.375955
-0.375486
-0.374860
-0.374625
-0.374703
-0.374155
-0.373842
-0.373686
-0.373216
-0.373138
-0.372825
-0.372590
-0.372042
-0.371885
-0.371572
-0.371416
-0.370790
-0.370477
-0.370242
-0.369929
-0.369850
-0.369146
-0.368833
-0.368833
-0.368285
-0.368128
-0.367972
-0.367268
-0.367424
-0.366798
-0.366641
-0.366093
-0.366172
-0.365937
-0.365624
-0.365311
-0.364998
-0.364841
-0.364528
-0.364058
-0.363824
-0.363354
-0.362963
-0.362884
-0.362493
-0.362337
-0.361867
-0.361554
-0.361162
-0.360849
-0.360223
-0.360145
-0.359597
-0.359284
-0.359127
-0.358814
-0.358423
-0.358345
-0.358032
-0.357406
-0.357327
-0.357249
-0.356779
-0.356388
-0.356075
-0.355527
-0.355214
-0.355214
-0.354823
-0.354431
-0.354118
-0.353883
-0.353805
-0.353336
-0.353101
-0.353022
-0.352631
-0.352318
-0.351692
-0.351379
-0.351379
-0.350987
-0.350831
-0.350674
-0.349970
-0.349813
-0.349500
-0.348952
-0.349031
-0.348796
-0.348718
-0.348326
-0.348013
-0.347622
-0.347074
-0.347074
-0.346761
-0.346526
-0.346369
-0.346213
-0.345665
-0.345430
-0.345274
-0.344804
-0.344413
-0.344100
-0.343943
-0.343865
-0.343630
-0.343239
-0.342847
-0.342769
-0.342456
-0.342378
-0.341908
-0.341517
-0.341204
-0.341047
-0.340343
-0.339795
-0.339560
-0.339717
-0.339247
-0.339090
-0.338934
-0.338229
-0.338073
-0.337916
-0.337525
-0.337212
-0.336977
-0.336664
-0.336351
-0.336116
-0.336116
-0.335881
-0.335412
-0.335255
-0.334786
-0.334629
-0.334081
-0.333690
-0.333220
-0.333377
-0.333298
-0.333142
-0.332359
-0.332046
-0.331890
-0.331420
-0.331185
-0.330794
-0.330716
-0.330246
-0.329620
-0.329541
-0.329150
-0.329072
-0.328759
-0.328759
-0.328289
-0.328211
-0.327663
-0.327741
-0.327193
-0.326959
-0.326802
-0.326411
-0.326019
-0.325628
-0.325471
-0.325080
-0.324767
-0.324532
-0.324219
-0.323984
-0.323671
-0.323280
-0.322967
-0.322575
-0.322732
-0.322028
-0.321949
-0.321480
-0.321010
-0.321010
-0.320619
-0.320384
-0.320227
-0.319914
-0.319679
-0.319132
-0.318897
-0.318505
-0.318349
-0.318036
-0.317566
-0.317175
-0.316940
-0.316862
-0.316627
-0.316314
-0.316236
-0.315844
-0.315531
-0.315296
-0.315062
-0.314983
-0.314592
-0.314279
-0.313966
-0.313809
-0.313340
-0.313183
-0.313183
-0.312792
-0.312479
-0.312009
-0.311618
-0.311383
-0.311383
-0.310992
-0.310757
-0.309974
-0.309661
-0.309661
-0.309191
-0.309035
-0.308878
-0.308409
-0.308174
-0.307861
-0.307704
-0.307548
-0.307235
-0.307078
-0.306922
-0.306374
-0.306217
-0.305747
-0.305669
-0.305591
-0.305043
-0.304808
-0.304573
-0.304182
-0.304026
-0.303712
-0.303399
-0.302930
-0.302851
-0.302538
-0.302069
-0.301912
-0.301521
-0.301443
-0.300973
-0.300973
-0.300582
-0.300660
-0.300347
-0.299956
-0.299486
-0.299564
-0.299251
-0.298703
-0.298625
-0.298312
-0.298155
-0.297764
-0.297138
-0.296903
-0.296668
-0.296590
-0.296042
-0.295729
-0.295807
-0.295259
-0.295259
-0.294868
-0.294790
-0.294477
-0.294242
-0.293772
-0.293381
-0.293146
-0.292911
-0.292755
-0.292598
-0.292285
-0.291972
-0.291894
-0.291659
-0.291111
-0.290720
-0.290563
-0.290328
-0.290250
-0.289859
-0.289311
-0.289076
-0.288998
-0.288528
-0.288058
-0.288293
-0.287824
-0.287667
-0.287119
-0.287119
-0.286963
-0.286180
-0.286415
-0.285945
-0.285710
-0.285476
-0.285241
-0.284849
-0.284536
-0.284615
-0.283832
-0.283754
-0.283362
-0.283284
-0.283049
-0.282736
-0.282110
-0.282032
-0.281875
-0.281562
-0.281484
-0.281092
-0.280858
-0.280623
-0.279918
-0.279214
-0.279449
-0.279371
-0.279292
-0.278744
-0.278353
-0.278197
-0.277962
-0.277649
-0.277179
-0.276944
-0.277022
-0.276631
-0.276396
-0.276240
-0.276083
-0.275927
-0.275535
-0.275301
-0.275144
-0.275144
-0.274518
-0.274361
-0.274126
-0.273735
-0.273579
-0.273500
-0.272952
-0.272874
-0.272718
-0.272718
-0.272405
-0.271857
-0.271700
-0.271544
-0.271309
-0.270996
-0.270917
-0.270683
-0.270291
-0.269978
-0.269822
-0.269665
-0.269274
-0.268961
-0.268648
-0.268178
-0.268178
-0.267865
-0.267630
-0.267239
-0.267004
-0.266534
-0.266378
-0.266299
-0.266299
-0.265673
-0.265673
-0.265282
-0.265047
-0.264891
-0.264656
-0.264421
-0.264343
-0.264030
-0.263717
-0.263404
-0.262777
-0.263012
-0.262699
-0.262464
-0.261916
-0.261760
-0.261760
-0.261290
-0.261212
-0.260977
-0.260508
-0.260273
-0.260429
-0.259803
-0.259881
-0.259333
-0.258942
-0.258864
-0.258629
-0.258238
-0.258003
-0.258003
-0.257925
-0.257377
-0.257220
-0.256907
-0.257064
-0.256438
-0.256124
-0.255890
-0.255655
-0.255577
-0.255263
-0.255342
-0.254716
-0.254716
-0.254559
-0.254168
-0.253933
-0.253933
-0.253542
-0.252759
-0.252915
-0.252524
-0.252367
-0.252054
-0.252211
-0.251741
-0.251507
-0.251350
-0.250880
-0.251037
-0.250176
-0.250254
-0.250098
-0.249941
-0.249550
-0.249550
-0.249237
-0.248767
-0.249002
-0.248532
-0.248297
-0.248141
-0.247828
-0.247593
-0.247436
-0.247358
-0.247123
-0.247045
-0.246732
-0.246732
-0.246106
-0.245949
-0.245715
-0.245480
-0.245167
-0.245167
-0.244854
-0.244540
-0.244384
-0.244227
-0.244149
-0.243993
-0.243601
-0.243288
-0.243132
-0.242897
-0.242819
-0.242349
-0.242036
-0.242036
-0.241723
-0.241645
-0.241018
-0.241018
-0.240705
-0.240157
-0.240001
-0.239688
-0.239140
-0.239062
-0.239062
-0.238749
-0.238435
-0.238279
-0.238279
-0.237888
-0.237809
-0.237418
-0.237183
-0.236870
-0.237183
-0.236714
-0.236557
-0.236557
-0.236087
-0.235853
-0.235931
-0.235696
-0.235618
-0.235148
-0.234913
-0.234678
-0.234600
-0.234131
-0.233974
-0.233818
-0.233896
-0.233818
-0.233661
-0.233348
-0.233270
-0.233113
-0.232643
-0.232330
-0.232096
-0.231939
-0.232096
-0.231861
-0.231704
-0.231548
-0.231391
-0.231000
-0.231000
-0.230608
-0.230295
-0.230217
-0.229826
-0.229904
-0.229591
-0.229121
-0.228965
-0.228652
-0.228730
-0.228573
-0.228417
-0.228339
-0.228026
-0.227634
-0.227399
-0.227321
-0.227086
-0.227008
-0.226773
-0.226617
-0.226460
-0.226304
-0.226225
-0.225991
-0.225912
-0.225599
-0.225208
-0.225130
-0.225051
-0.224738
-0.224738
-0.224190
-0.224190
-0.224269
-0.224034
-0.224112
-0.223877
-0.223251
-0.223095
-0.222860
-0.222860
-0.222938
-0.222547
-0.222547
-0.222234
-0.222234
-0.221921
-0.221451
-0.221451
-0.221216
-0.220825
-0.220903
-0.220981
-0.220668
-0.220355
-0.220355
-0.220120
-0.219964
-0.219416
-0.219416
-0.219416
-0.219103
-0.219025
-0.218946
-0.218946
-0.218555
-0.218398
-0.218242
-0.218085
-0.217929
-0.217772
-0.217459
-0.217381
-0.217146
-0.217224
-0.216598
-0.216676
-0.216833
-0.216520
-0.216833
-0.216520
-0.216363
-0.216207
-0.215972
-0.216050
-0.215424
-0.215189
-0.215111
-0.215111
-0.215189
-0.214876
-0.214955
-0.214563
-0.214720
-0.214485
-0.214250
-0.214094
-0.213780
-0.213624
-0.213467
-0.213624
-0.213546
-0.213154
-0.212998
-0.212998
-0.212919
-0.212606
-0.212372
-0.212293
-0.212215
-0.211902
-0.211824
-0.211667
-0.212059
-0.211354
-0.211354
-0.211354
-0.210963
-0.210884
-0.210806
-0.210493
-0.210258
-0.210337
-0.210258
-0.209867
-0.210024
-0.209632
-0.209476
-0.209945
-0.209710
-0.209397
-0.209319
-0.208849
-0.208928
-0.208849
-0.208458
-0.208536
-0.208536
-0.208223
-0.208302
-0.208380
-0.207910
-0.207910
-0.207832
-0.207519
-0.207284
-0.207362
-0.207049
-0.207049
-0.207206
-0.207206
-0.206971
-0.206814
-0.206814
-0.206814
-0.206658
-0.206345
-0.206345
-0.206188
-0.205953
-0.206110
-0.206110
-0.206267
-0.205875
-0.205640
-0.205797
-0.205171
-0.205249
-0.205406
-0.205249
-0.205093
-0.204779
-0.205093
-0.204936
-0.205093
-0.204779
-0.204545
-0.204466
-0.204310
-0.204232
-0.204153
-0.203918
-0.203918
-0.204075
-0.204153
-0.203762
-0.203918
-0.203918
-0.203997
-0.203527
-0.203605
-0.203449
-0.203214
-0.203371
-0.203214
-0.203605
-0.203292
-0.203292
-0.202901
-0.202901
-0.202979
-0.202588
-0.202823
-0.202744
-0.202431
-0.202666
-0.202431
-0.202353
-0.202353
-0.202510
-0.202510
-0.202353
-0.202118
-0.202118
-0.201883
-0.201883
-0.201649
-0.201883
-0.202040
-0.202118
-0.201962
-0.202197
-0.201805
-0.201649
-0.201649
-0.201022
-0.201414
-0.201101
-0.201179
-0.201101
-0.201101
-0.201649
-0.201570
-0.201336
-0.200944
-0.200788
-0.200944
-0.200788
-0.200553
-0.200788
-0.200631
-0.200866
-0.201179
-0.200788
-0.200866
-0.200788
-0.200553
-0.200396
-0.200553
-0.200240
-0.200396
-0.200475
-0.200240
-0.200944
-0.200475
-0.200709
-0.200318
-0.200005
-0.199927
-0.200083
-0.200162
-0.200005
-0.199927
-0.200475
-0.200318
-0.200631
-0.200553
-0.200475
-0.200553
-0.200709
-0.200396
-0.200553
-0.200631
-0.200788
-0.200631
-0.200709
-0.200709
-0.201022
-0.200944
-0.201257
-0.200788
-0.200631
-0.200631
-0.200396
-0.200709
-0.200788
-0.200396
-0.200631
-0.201101
-0.200788
-0.201101
-0.200788
-0.201022
-0.200944
-0.200631
-0.200709
-0.201022
-0.200788
-0.200709
-0.200788
-0.201101
-0.200944
-0.201257
-0.200788
-0.200944
-0.200866
-0.200475
-0.200709
-0.201492
-0.201101
-0.201179
-0.201492
-0.201805
-0.201727
-0.201492
-0.201336
-0.201179
-0.201179
-0.201336
-0.201022
-0.201570
-0.201727
-0.201727
-0.201492
-0.201570
-0.201727
-0.201492
-0.201336
-0.201649
-0.201570
-0.201727
-0.201805
-0.201883
-0.202040
-0.202197
-0.202040
-0.202353
-0.202040
-0.201805
-0.201883
-0.201883
-0.202353
-0.202197
-0.202118
-0.202353
-0.202353
-0.202666
-0.202744
-0.202823
-0.202666
-0.202666
-0.202901
-0.202744
-0.203058
-0.202979
-0.202979
-0.203292
-0.203292
-0.203371
-0.203371
-0.203058
-0.203449
-0.203214
-0.203449
-0.203527
-0.203449
-0.203605
-0.203684
-0.203762
-0.203605
-0.203918
-0.203762
-0.203527
-0.203918
-0.203918
-0.203997
-0.204232
-0.204232
-0.204466
-0.204310
-0.204388
-0.204779
-0.204545
-0.204545
-0.204545
-0.204623
-0.204779
-0.204545
-0.204858
-0.204701
-0.204936
-0.205014
-0.204936
-0.205171
-0.205014
-0.205249
-0.205640
-0.205719
-0.205484
-0.205640
-0.205640
-0.205562
-0.205719
-0.205797
-0.205875
-0.205640
-0.205953
-0.205953
-0.206110
-0.206110
-0.206267
-0.206267
-0.206188
-0.206345
-0.206267
-0.206267
-0.206501
-0.206267
-0.206501
-0.206814
-0.206971
-0.206658
-0.206736
-0.206971
-0.207049
-0.207049
-0.207049
-0.206736
-0.207128
-0.207362
-0.207441
-0.207519
-0.207754
-0.207675
-0.207754
-0.207519
-0.207519
-0.207441
-0.207597
-0.207989
-0.208067
-0.208223
-0.208145
-0.207910
-0.208067
-0.208145
-0.208223
-0.208067
-0.208536
-0.208067
-0.208223
-0.208380
-0.208536
-0.208458
-0.208536
-0.208536
-0.208615
-0.208536
-0.208380
-0.208615
-0.208693
-0.208928
-0.208928
-0.208771
-0.208771
-0.208771
-0.208849
-0.208536
-0.208536
-0.208928
-0.208693
-0.208693
-0.208849
-0.209163
-0.208849
-0.208928
-0.209006
-0.209006
-0.208928
-0.208928
-0.208615
-0.209006
-0.209163
-0.208928
-0.209006
-0.208771
-0.208849
-0.208928
-0.208536
-0.208771
-0.208928
-0.208771
-0.208458
-0.208615
-0.208615
-0.208693
-0.208693
-0.208536
-0.208302
-0.208302
-0.208380
-0.208223
-0.208458
-0.208302
-0.208380
-0.208380
-0.208302
-0.208302
-0.208145
-0.207989
-0.207910
-0.207832
-0.207675
-0.207754
-0.207519
-0.207675
-0.207675
-0.207519
-0.207441
-0.207284
-0.207206
-0.206971
-0.207206
-0.206893
-0.206893
-0.206814
-0.206658
-0.206814
-0.206423
-0.206345
-0.206267
-0.205953
-0.205797
-0.205719
-0.205875
-0.205562
-0.205406
-0.205327
-0.205249
-0.205249
-0.205014
-0.205014
-0.204623
-0.204388
-0.204075
-0.204075
-0.203918
-0.203684
-0.203605
-0.203605
-0.203684
-0.203214
-0.203058
-0.202823
-0.202744
-0.202666
-0.202510
-0.202275
-0.202118
-0.201570
-0.201570
-0.201336
-0.201101
-0.200788
-0.200240
-0.199614
-0.200005
-0.199770
-0.199614
-0.199066
-0.198596
-0.198674
-0.198518
-0.198205
-0.197735
-0.197500
-0.197187
-0.196874
-0.196639
-0.196405
-0.196561
-0.196170
-0.195778
-0.195935
-0.195465
-0.195309
-0.194683
-0.194291
-0.193665
-0.193743
-0.193352
-0.193274
-0.192648
-0.192648
-0.192491
-0.191943
-0.191865
-0.191395
-0.191160
-0.191004
-0.190065
-0.189752
-0.189439
-0.189047
-0.189204
-0.188578
-0.188030
-0.187795
-0.187169
-0.187012
-0.186543
-0.186151
-0.185682
-0.185369
-0.184977
-0.184664
-0.184586
-0.183960
-0.183099
-0.182786
-0.182629
-0.181925
-0.181612
-0.180985
-0.180672
-0.180281
-0.179811
-0.179029
-0.178794
-0.178246
-0.178246
-0.177385
-0.177150
-0.176446
-0.176133
-0.175820
-0.175272
-0.175272
-0.174646
-0.174411
-0.173472
-0.172845
-0.172532
-0.171906
-0.171671
-0.170967
-0.170732
-0.170262
-0.169636
-0.169167
-0.168541
-0.168071
-0.167523
-0.166897
-0.166584
-0.166036
-0.165801
-0.165175
-0.164784
-0.164470
-0.163610
-0.162983
-0.162435
-0.161575
-0.161340
-0.160635
-0.160009
-0.159539
-0.159305
-0.158757
-0.157974
-0.156878
-0.156174
-0.155861
-0.155469
-0.154609
-0.154374
-0.153826
-0.153356
-0.152730
-0.152182
-0.151556
-0.150695
-0.150147
-0.149678
-0.148973
-0.148190
-0.147486
-0.147251
-0.146782
-0.146547
-0.145999
-0.144981
-0.144199
-0.143572
-0.143025
-0.142398
-0.141851
-0.140911
-0.140285
-0.139972
-0.139424
-0.138720
-0.137702
-0.137076
-0.136606
-0.135980
-0.135511
-0.134650
-0.134337
-0.133476
-0.133006
-0.132615
-0.131675
-0.130580
-0.129954
-0.129484
-0.128623
-0.128075
-0.127292
-0.127136
-0.126588
-0.125805
-0.125336
-0.124005
-0.123301
-0.122753
-0.122283
-0.121344
-0.120483
-0.120326
-0.119622
-0.118917
-0.118448
-0.117196
-0.116256
-0.115552
-0.115004
-0.114143
-0.113595
-0.113126
-0.112421
-0.112108
-0.111404
-0.110777
-0.109212
-0.108586
-0.108429
-0.107803
-0.106942
-0.106394
-0.105846
-0.105299
-0.104751
-0.103968
-0.102637
-0.102168
-0.101229
-0.100681
-0.100054
-0.098959
-0.098646
-0.098019
-0.097550
-0.097002
-0.096141
-0.095045
-0.094576
-0.093636
-0.093167
-0.092384
-0.091523
-0.091601
-0.090662
-0.090036
-0.089175
-0.087688
-0.087218
-0.086592
-0.085809
-0.085496
-0.084400
-0.083774
-0.083226
-0.082913
-0.081739
-0.080409
-0.079704
-0.079000
-0.078374
-0.077591
-0.076730
-0.076104
-0.075634
-0.074930
-0.074304
-0.072660
-0.072034
-0.071643
-0.070860
-0.070155
-0.069373
-0.068747
-0.068590
-0.067729
-0.067025
-0.066085
-0.065068
-0.064363
-0.063894
-0.063189
-0.062328
-0.061859
-0.060998
-0.060763
-0.059432
-0.058728
-0.057710
-0.057163
-0.056693
-0.055989
-0.055597
-0.054736
-0.054188
-0.053719
-0.053327
-0.051919
-0.051371
-0.050431
-0.049805
-0.049179
-0.048475
-0.047770
-0.047066
-0.046753
-0.046440
-0.045187
-0.044013
-0.043857
-0.042996
-0.042448
-0.041665
-0.040569
-0.040178
-0.039474
-0.039239
-0.037830
-0.036969
-0.036030
-0.035638
-0.035012
-0.034386
-0.033682
-0.033056
-0.032429
-0.031960
-0.030942
-0.029846
-0.029299
-0.028594
-0.028046
-0.027498
-0.026637
-0.026011
-0.025229
-0.024994
-0.024524
-0.023428
-0.022724
-0.022411
-0.021785
-0.020924
-0.020454
-0.019437
-0.018732
-0.018028
-0.017402
-0.016775
-0.015914
-0.015288
-0.014584
-0.014114
-0.013097
-0.012784
-0.012236
-0.011923
-0.010983
-0.009809
-0.009183
-0.008635
-0.008244
-0.007696
-0.006992
-0.006444
-0.005739
-0.005113
-0.004487
-0.003704
-0.002765
-0.002452
-0.001982
-0.001356
-0.000495
0.000053
0.000366
0.000914
0.001775
0.002401
0.002949
0.003418
0.003888
0.004436
0.005218
0.005845
0.006471
0.006940
0.007488
0.008349
0.009523
0.009993
0.010306
0.010697
0.011637
0.012341
0.013124
0.013437
0.014063
0.014767
0.015628
0.016254
0.016568
0.016881
0.017194
0.017976
0.018759
0.019150
0.020246
0.021029
0.021733
0.021733
0.022438
0.022986
0.023455
0.024160
0.025021
0.025569
0.026273
0.027134
0.027760
0.027917
0.028386
0.028699
0.029560
0.030186
0.030656
0.031361
0.032300
0.032769
0.033474
0.034178
0.034178
0.034726
0.035274
0.036057
0.036918
0.037309
0.037857
0.038561
0.039501
0.040048
0.040518
0.040909
0.041536
0.042083
0.042631
0.043649
0.044275
0.044745
0.045527
0.045762
0.046780
0.046858
0.047562
0.048110
0.048815
0.049519
0.049910
0.050771
0.051241
0.051554
0.052259
0.052728
0.053433
0.053746
0.054528
0.055311
0.055781
0.056407
0.057111
0.057503
0.057659
0.058285
0.058364
0.059225
0.059929
0.060712
0.061416
0.061964
0.062512
0.063216
0.063686
0.064156
0.064547
0.064703
0.065408
0.066191
0.066973
0.067365
0.067913
0.068852
0.069008
0.069321
0.069791
0.070417
0.071043
0.071904
0.072061
0.072452
0.073313
0.073548
0.074565
0.074722
0.075270
0.075740
0.076287
0.076914
0.077696
0.078088
0.078714
0.079183
0.079731
0.080201
0.081062
0.080827
0.081688
0.082862
0.083175
0.083880
0.084427
0.084819
0.085445
0.085758
0.086149
0.086619
0.087245
0.087871
0.088576
0.088967
0.089828
0.090376
0.090532
0.090924
0.091472
0.091863
0.092489
0.093272
0.094055
0.094446
0.094916
0.095620
0.096011
0.096481
0.096872
0.097185
0.097968
0.098673
0.098829
0.099768
0.099925
0.100473
0.101021
0.101569
0.102116
0.102116
0.103134
0.103760
0.104073
0.104621
0.104856
0.105482
0.105952
0.106578
0.106813
0.106969
0.107752
0.108143
0.109004
0.109317
0.109709
0.110413
0.110961
0.111196
0.111587
0.111744
0.112605
0.113152
0.113700
0.113935
0.114561
0.115344
0.115579
0.116205
0.116283
0.116518
0.117222
0.117770
0.118475
0.119023
0.119492
0.119884
0.120118
0.121058
0.121371
0.121449
0.122467
0.123093
0.123641
0.123719
0.123954
0.124502
0.125049
0.125206
0.125676
0.125989
0.126693
0.127163
0.127554
0.127789
0.128259
0.128885
0.129276
0.129589
0.129980
0.130685
0.131233
0.131937
0.132094
0.132563
0.132720
0.133268
0.133816
0.134285
0.134442
0.135146
0.136007
0.136242
0.136633
0.137103
0.137416
0.137807
0.138434
0.138747
0.139295
0.139608
0.139999
0.140547
0.140703
0.141408
0.142112
0.142738
0.143208
0.143521
0.143678
0.144382
0.144930
0.145243
0.145556
0.145948
0.146574
0.146887
0.147356
0.147669
0.148217
0.148452
0.149000
0.149548
0.150096
0.150565
0.150879
0.151270
0.151426
0.151739
0.152444
0.152679
0.153383
0.153853
0.154009
0.154244
0.154635
0.155575
0.156044
0.155966
0.156514
0.157297
0.157766
0.158079
0.158392
0.159019
0.159253
0.159880
0.160349
0.160427
0.160819
0.161680
0.161836
0.162462
0.163010
0.163010
0.163558
0.163950
0.164497
0.164889
0.165515
0.166063
0.166219
0.166924
0.166689
0.167472
0.167707
0.168411
0.169115
0.169350
0.169976
0.170368
0.170681
0.170759
0.171385
0.171855
0.172011
0.172481
0.173107
0.173264
0.173655
0.174281
0.174516
0.174594
0.175064
0.175220
0.176081
0.176473
0.176864
0.177412
0.177725
0.178116
0.178429
0.178899
0.179369
0.179760
0.179917
0.180621
0.181169
0.181325
0.182108
0.182656
0.182813
0.183047
0.183517
0.183830
0.184613
0.185161
0.185317
0.186100
0.185943
0.186413
0.186961
0.187274
0.187509
0.187978
0.188605
0.188761
0.189074
0.189544
0.190092
0.190405
0.190796
0.191266
0.191814
0.192283
0.192675
0.193222
0.193614
0.194005
0.194397
0.194788
0.195179
0.195492
0.195884
0.196510
0.196979
0.197449
0.197606
0.198153
0.198545
0.198780
0.199093
0.199719
0.200188
0.200502
0.201363
0.201597
0.202302
0.202615
0.202771
0.203163
0.203476
0.203789
0.204180
0.204806
0.205433
0.205824
0.206137
0.206450
0.206998
0.207311
0.207389
0.207702
0.207859
0.208642
0.209268
0.209424
0.209816
0.210520
0.210833
0.211146
0.211459
0.212164
0.212712
0.212868
0.213573
0.213807
0.214120
0.214590
0.214668
0.214981
0.215373
0.215764
0.216312
0.217016
0.217330
0.217643
0.217877
0.218347
0.218582
0.218895
0.219208
0.219756
0.220539
0.221008
0.221478
0.221634
0.222026
0.222339
0.222652
0.222965
0.223278
0.223826
0.224530
0.224843
0.224922
0.225391
0.225783
0.226252
0.226331
0.226644
0.226957
0.227270
0.228131
0.228444
0.228992
0.229070
0.229461
0.229931
0.230009
0.230635
0.231340
0.231653
0.232044
0.232436
0.232670
0.232827
0.233453
0.233610
0.234001
0.234314
0.234862
0.235566
0.235723
0.235958
0.236114
0.236506
0.236506
0.236975
0.237445
0.237993
0.238541
0.238775
0.239323
0.239480
0.239793
0.240263
0.240497
0.240967
0.241280
0.241358
0.242063
0.242611
0.242767
0.242924
0.243550
0.244176
0.244333
0.244254
0.244724
0.245272
0.245820
0.246211
0.246681
0.246759
0.247150
0.247463
0.247777
0.248090
0.248246
0.248716
0.249264
0.249655
0.250046
0.250125
0.250594
0.250907
0.251299
0.251377
0.251925
0.252551
0.252629
0.253255
0.253647
0.254116
0.254195
0.254508
0.254664
0.254899
0.255525
0.255995
0.256386
0.256386
0.257012
0.257247
0.257482
0.257639
0.257952
0.258421
0.258813
0.259282
0.260143
0.260221
0.260456
0.260926
0.261474
0.261787
0.261865
0.262256
0.262883
0.263039
0.263587
0.263900
0.264213
0.264448
0.264605
0.264996
0.265309
0.265779
0.266326
0.266405
0.266796
0.267422
0.267579
0.267657
0.268440
0.268596
0.269144
0.269379
0.269614
0.270005
0.270396
0.271179
0.271101
0.271336
0.271805
0.272040
0.272431
0.272745
0.273292
0.273606
0.273997
0.274545
0.274545
0.274858
0.275171
0.275719
0.276188
0.276502
0.276893
0.277049
0.277519
0.277754
0.278145
0.278302
0.278615
0.279554
0.280258
0.280258
0.280572
0.281276
0.281276
0.281589
0.282059
0.282685
0.282920
0.283154
0.283702
0.284094
0.284094
0.284563
0.285033
0.285581
0.285737
0.285972
0.286755
0.286911
0.287068
0.287303
0.287616
0.288085
0.288633
0.288712
0.289181
0.289494
0.289964
0.290355
0.290747
0.290981
0.291529
0.291999
0.292312
0.292469
0.292860
0.293330
0.293643
0.294112
0.294582
0.294895
0.295208
0.295678
0.296069
0.296382
0.296773
0.296930
0.297321
0.297634
0.297869
0.298026
0.298495
0.298730
0.299356
0.299513
0.300061
0.301000
0.300922
0.301626
0.301548
0.302017
0.302409
0.302722
0.303192
0.303505
0.303896
0.304287
0.304522
0.304757
0.305070
0.305540
0.306009
0.306166
0.306401
0.306635
0.307105
0.307340
0.307653
0.307966
0.308905
0.308905
0.309375
0.309766
0.309923
0.310236
0.310784
0.310627
0.311253
0.311645
0.312114
0.312193
0.312662
0.313210
0.313523
0.313367
0.314149
0.314384
0.314384
0.314775
0.315558
0.315793
0.316028
0.316263
0.316576
0.316967
0.317280
0.317671
0.318063
0.318298
0.318845
0.319002
0.319315
0.319706
0.320098
0.320411
0.320724
0.320959
0.321350
0.321976
0.322211
0.322681
0.322837
0.323150
0.323463
0.323855
0.324011
0.324403
0.324872
0.325029
0.325577
0.325577
0.325811
0.326438
0.326516
0.327142
0.327064
0.327299
0.328003
0.328394
0.328394
0.328942
0.329255
0.329725
0.329960
0.330195
0.330586
0.330977
0.331212
0.331525
0.331995
0.332151
0.332230
0.332778
0.332699
0.333404
0.333873
0.333952
0.334578
0.334969
0.334969
0.335517
0.335595
0.335673
0.336378
0.336456
0.337317
0.337317
0.338022
0.338100
0.338491
0.338883
0.338804
0.339039
0.339744
0.339822
0.340526
0.340918
0.340918
0.341231
0.341231
0.341700
0.342170
0.342405
0.342718
0.343187
0.343657
0.343657
0.344127
0.344518
0.344283
0.344988
0.345144
0.345457
0.346005
0.346396
0.346710
0.346944
0.347492
0.347492
0.347884
0.347962
0.348197
0.348745
0.349214
0.349371
0.350075
0.349762
0.350388
0.350858
0.350780
0.351484
0.351875
0.351719
0.352188
0.352501
0.353206
0.353206
0.353441
0.353832
0.353832
0.353989
0.354615
0.355084
0.355006
0.355084
0.355867
0.356337
0.356337
0.356415
0.356728
0.357354
0.357511
0.357980
0.358059
0.358372
0.358920
0.359076
0.359311
0.360015
0.360172
0.360563
0.361189
0.361189
0.361894
0.362207
0.362442
0.362911
0.363459
0.363303
0.363929
0.364085
0.364633
0.364790
0.364946
0.365494
0.365573
0.365964
0.366120
0.366355
0.366825
0.367138
0.367373
0.367764
0.368077
0.368703
0.368625
0.368860
0.369095
0.369643
0.369956
0.370269
0.370817
0.370973
0.371599
0.371599
0.372069
0.372539
0.372460
0.372930
0.373008
0.373400
0.373713
0.374260
0.374339
0.374574
0.374808
0.375200
0.375513
0.375982
0.376296
0.376843
0.377313
0.377391
0.377470
0.378017
0.378487
0.378565
0.378957
0.378957
0.379505
0.379505
0.380131
0.380522
0.380679
0.381148
0.381618
0.381774
0.382087
0.382322
0.382714
0.383105
0.383653
0.383966
0.384201
0.384436
0.384905
0.385140
0.385375
0.385923
0.386158
0.386627
0.386862
0.387097
0.387410
0.387488
0.387879
0.388271
0.388584
0.388427
0.389445
0.389523
0.389993
0.389993
0.390697
0.390854
0.391088
0.391480
0.391793
0.392184
0.392341
0.392967
0.392967
0.393358
0.393437
0.393906
0.394298
0.394532
0.394767
0.395159
0.395472
0.395941
0.396019
0.396489
0.396567
0.396959
0.397428
0.397741
0.398055
0.398602
0.398837
0.398837
0.399463
0.400011
0.400011
0.400324
0.400403
0.401185
0.401577
0.401968
0.402203
0.402438
0.402672
0.402986
0.403377
0.403690
0.403690
0.404316
0.405021
0.405099
0.405334
0.405255
0.405881
0.406195
0.406586
0.406899
0.407212
0.407838
0.407917
0.408151
0.408464
0.408856
0.409012
0.409169
0.409638
0.409717
0.410265
0.410656
0.410812
0.411282
0.411282
0.411830
0.412065
0.412143
0.412456
0.413004
0.413239
0.413708
0.413865
0.413865
0.414022
0.414804
0.414726
0.414961
0.415430
0.415587
0.416135
0.416291
0.416448
0.417074
0.417231
0.417700
0.417857
0.418013
0.418639
0.418718
0.419422
0.419735
0.419814
0.419814
0.420048
0.420674
0.421222
0.421535
0.421849
0.422162
0.422318
0.422396
0.422788
0.422944
0.423101
0.423570
0.423884
0.424431
0.424510
0.424588
0.425214
0.425136
0.425371
0.425840
0.425919
0.426623
0.426936
0.427249
0.427249
0.427719
0.427875
0.428110
0.428267
0.428815
0.428736
0.429284
0.429519
0.430145
0.429989
0.430458
0.430693
0.430850
0.431006
0.431397
0.431711
0.432180
0.432571
0.432728
0.432885
0.433198
0.433511
0.433824
0.434059
0.434137
0.434685
0.434841
0.435233
0.435233
0.435546
0.435702
0.436172
0.436407
0.436955
0.437268
0.437502
0.437894
0.437737
0.437972
0.438207
0.438520
0.438598
0.439381
0.440007
0.440007
0.440398
0.440946
0.440868
0.441259
0.441494
0.441651
0.441807
0.442355
0.442747
0.443060
0.443138
0.443451
0.443608
0.443999
0.444155
0.444782
0.445173
0.444782
0.445329
0.446112
0.446112
0.446582
0.446504
0.446973
0.447208
0.447443
0.447834
0.448225
0.448304
0.448539
0.449086
0.449556
0.449399
0.449869
0.450182
0.450417
0.450495
0.450808
0.451278
0.451669
0.452061
0.452374
0.452530
0.452922
0.453548
0.453704
0.453861
0.454096
0.454644
0.455113
0.455035
0.455505
0.455426
0.456287
0.456131
0.456522
0.456522
0.457148
0.457305
0.457461
0.458009
0.458087
0.458479
0.458557
0.459027
0.459418
0.459888
0.460044
0.460514
0.460749
0.461218
0.461297
0.461688
0.462157
0.462236
0.462705
0.462627
0.463566
0.463566
0.463488
0.463958
0.464192
0.464271
0.464584
0.464975
0.465288
0.465758
0.465914
0.466306
0.466619
0.466854
0.467480
0.467793
0.467715
0.468263
0.468576
0.468810
0.469045
0.469358
0.469437
0.469750
0.469906
0.470298
0.470689
0.471002
0.471237
0.471628
0.471785
0.472333
0.472333
0.472880
0.472724
0.473037
0.473663
0.474054
0.474289
0.474524
0.474681
0.475150
0.475385
0.475620
0.475776
0.475855
0.476559
0.476950
0.477029
0.477342
0.477733
0.477733
0.477811
0.478359
0.478516
0.478907
0.479377
0.479768
0.479925
0.480238
0.480473
0.480629
0.481177
0.481177
0.482038
0.482351
0.482429
0.483056
0.482586
0.483056
0.483369
0.483838
0.483916
0.484073
0.484621
0.485091
0.485091
0.485325
0.485951
0.485873
0.486265
0.486656
0.487047
0.487360
0.487595
0.487830
0.488143
0.488378
0.488300
0.488847
0.488769
0.489317
0.489552
0.490022
0.490100
0.490648
0.490804
0.490882
0.491430
0.491665
0.491822
0.492370
0.492604
0.492918
0.492996
0.493152
0.493622
0.493544
0.493857
0.494405
0.494718
0.494718
0.495500
0.495813
0.495657
0.495970
0.496205
0.496518
0.496831
0.497301
0.497379
0.497457
0.497848
0.498318
0.498396
0.498396
0.498788
0.499492
0.499492
0.499884
0.499884
0.500197
0.500510
0.501058
0.501058
0.501449
0.501527
0.501840
0.502075
0.502858
0.502936
0.503562
0.503562
0.503875
0.504110
0.504110
0.504580
0.504736
0.505206
0.505362
0.505675
0.506067
0.506302
0.506145
0.506693
0.506850
0.506928
0.507789
0.507945
0.508180
0.508493
0.508885
0.508806
0.508963
0.509511
0.509824
0.510372
0.510450
0.510763
0.510920
0.511154
0.511546
0.511937
0.512015
0.512485
0.512798
0.513033
0.513581
0.513502
0.513816
0.514207
0.514442
0.514520
0.514833
0.514990
0.515616
0.515929
0.516007
0.516164
0.516633
0.516946
0.517416
0.517651
0.518042
0.518199
0.518199
0.518355
0.518903
0.519138
0.519216
0.519608
0.519921
0.520625
0.521173
0.521016
0.521329
0.521643
0.521956
0.522503
0.522660
0.522895
0.523286
0.523678
0.523991
0.524304
0.524695
0.524773
0.525008
0.525008
0.525556
0.525713
0.526182
0.526417
0.526730
0.527043
0.527278
0.527356
0.527669
0.528139
0.528374
0.528530
0.528843
0.529156
0.529548
0.530017
0.530017
0.530174
0.530644
0.530878
0.531270
0.531348
0.531739
0.532052
0.532209
0.532679
0.533070
0.533148
0.533540
0.533696
0.533774
0.533774
0.534479
0.534948
0.535183
0.535340
0.536044
0.536044
0.536122
0.536436
0.536827
0.536983
0.537218
0.537453
0.538079
0.538236
0.538549
0.538862
0.538940
0.539488
0.539566
0.539645
0.540349
0.540662
0.540897
0.541210
0.541601
0.541758
0.542227
0.542306
0.543010
0.543245
0.543402
0.543715
0.544028
0.543871
0.544497
0.544732
0.544889
0.545358
0.545671
0.545906
0.546219
0.546532
0.546689
0.546924
0.547158
0.547628
0.548176
0.548333
0.548333
0.548646
0.549115
0.549507
0.549507
0.550133
0.550211
0.550524
0.550524
0.550994
0.551307
0.551385
0.552089
0.552168
0.552481
0.552637
0.553029
0.553498
0.553655
0.553890
0.554281
0.554516
0.554907
0.555064
0.555299
0.555299
0.556159
0.556316
0.556551
0.556394
0.557099
0.557334
0.557334
0.557803
0.558116
0.558195
0.558508
0.558821
0.559212
0.559447
0.559525
0.560073
0.560230
0.561012
0.561795
0.561873
0.561795
0.562343
0.562734
0.562578
0.563126
0.563517
0.563360
0.563908
0.564143
0.564143
0.564534
0.564926
0.565161
0.565004
0.565708
0.565787
0.566335
0.566413
0.566804
0.567039
0.567117
0.567352
0.567587
0.567900
0.568291
0.568761
0.568839
0.568917
0.569074
0.569544
0.569778
0.569778
0.570248
0.570248
0.570952
0.571031
0.571422
0.571813
0.571813
0.571813
0.572127
0.572205
0.572909
0.573144
0.573301
0.573770
0.574083
0.574083
0.574396
0.574553
0.574709
0.574944
0.575179
0.575570
0.575883
0.576197
0.576353
0.576666
0.576823
0.576979
0.577605
0.578232
0.578545
0.578858
0.579249
0.579093
0.579406
0.579797
0.579797
0.579954
0.580501
0.580971
0.580658
0.581128
0.581441
0.581441
0.581675
0.582067
0.582302
0.583006
0.583319
0.583476
0.583867
0.583945
0.584102
0.584258
0.584180
0.584337
0.584963
0.585041
0.585667
0.585902
0.586137
0.586293
0.586137
0.586841
0.587076
0.587311
0.587546
0.588015
0.588250
0.588485
0.588485
0.588563
0.588955
0.589424
0.589972
0.589972
0.590207
0.590755
0.590911
0.590990
0.591146
0.591537
0.591929
0.592085
0.592790
0.592711
0.593103
0.593259
0.593494
0.593416
0.593807
0.593886
0.594355
0.594668
0.594903
0.595216
0.595294
0.595294
0.595529
0.595921
0.596312
0.596703
0.597173
0.597016
0.597721
0.597799
0.598190
0.598269
0.598425
0.598660
0.599130
0.599521
0.599991
0.599834
0.599991
0.600304
0.600617
0.600852
0.601399
0.601556
0.602026
0.602417
0.602808
0.602965
0.602965
0.602887
0.603513
0.603591
0.603748
0.604374
0.604608
0.605000
0.605469
0.605548
0.605939
0.606017
0.606409
0.606644
0.606800
0.607504
0.607270
0.607583
0.607974
0.608131
0.608444
0.608679
0.608992
0.609383
0.609539
0.609618
0.610009
0.610400
0.610479
0.610635
0.611027
0.611183
0.611653
0.612279
0.612279
0.612592
0.612670
0.613218
0.613296
0.613688
0.614157
0.614001
0.614314
0.614784
0.615175
0.615331
0.615488
0.615723
0.615801
0.616349
0.616584
0.616897
0.616975
0.617445
0.617758
0.617993
0.618071
0.618227
0.618619
0.618775
0.618854
0.619245
0.619480
0.619871
0.620028
0.620419
0.620341
0.620810
0.621123
0.621045
0.621593
0.621750
0.622297
0.622454
0.622689
0.623158
0.623237
0.623393
0.623706
0.624019
0.624176
0.624332
0.624646
0.625037
0.625272
0.625820
0.625820
0.626289
0.626289
0.626837
0.627228
0.627463
0.627542
0.627776
0.628168
0.628403
0.628559
0.628950
0.629107
0.629420
0.629811
0.629733
0.630203
0.630751
0.630907
0.631064
0.631377
0.631533
0.631925
0.632394
0.632316
0.632551
0.632942
0.633020
0.633490
0.633412
0.634116
0.634508
0.634742
0.634586
0.634977
0.635055
0.635290
0.635369
0.635525
0.635995
0.636151
0.636699
0.637090
0.637090
0.637560
0.637482
0.637717
0.637873
0.638578
0.638812
0.638734
0.639125
0.639360
0.639830
0.639673
0.639986
0.640221
0.640769
0.640926
0.641239
0.641395
0.641552
0.641708
0.641787
0.642100
0.642491
0.643039
0.643274
0.643665
0.643900
0.644135
0.644291
0.644370
0.644526
0.644604
0.645152
0.645309
0.645465
0.646013
0.646091
0.646326
0.646561
0.646718
0.646952
0.647344
0.647579
0.647735
0.648048
0.648283
0.648361
0.648596
0.648596
0.649222
0.649457
0.649692
0.650005
0.650318
0.650553
0.650475
0.650709
0.651179
0.651414
0.651805
0.651883
0.652588
0.652510
0.652901
0.653057
0.653292
0.653136
0.653684
0.653918
0.654153
0.654388
0.655014
0.655171
0.655249
0.655406
0.655719
0.656032
0.656501
0.656893
0.657284
0.657675
0.657675
0.657988
0.657910
0.658536
0.658615
0.659006
0.659319
0.659554
0.660024
0.660024
0.660258
0.660493
0.661041
0.661432
0.662059
0.662215
0.662215
0.662606
0.662606
0.662685
0.662919
0.663389
0.664094
0.664172
0.664328
0.664563
0.664720
0.664720
0.664955
0.665189
0.665502
0.666207
0.666598
0.667068
0.667224
0.667303
0.667537
0.667694
0.667694
0.668398
0.668868
0.669259
0.669338
0.669964
0.669964
0.670120
0.670277
0.670199
0.671138
0.671373
0.671921
0.671764
0.672155
0.672703
0.672390
0.672625
0.672781
0.673408
0.673877
0.674347
0.674895
0.674895
0.675051
0.675130
0.675521
0.675599
0.675912
0.676617
0.676538
0.676930
0.677634
0.678026
0.677947
0.677712
0.678417
0.678652
0.679043
0.679904
0.679904
0.680061
0.680374
0.680374
0.680530
0.681156
0.681861
0.682487
0.682722
0.682722
0.683113
0.683583
0.683504
0.683818
0.684365
0.684600
0.685070
0.685539
0.685696
0.685931
0.686244
0.686400
0.686322
0.687027
0.687574
0.687653
0.687966
0.688122
0.688670
0.688670
0.688749
0.689296
0.689766
0.690314
0.690470
0.690627
0.690627
0.691331
0.691566
0.691801
0.692271
0.692505
0.693210
0.693366
0.693210
0.693680
0.694071
0.694227
0.694540
0.694932
0.695323
0.695793
0.695715
0.696106
0.696419
0.696810
0.696967
0.697202
0.697515
0.698141
0.698376
0.698689
0.698689
0.699080
0.699393
0.699706
0.699941
0.700567
0.700646
0.701037
0.701350
0.701898
0.701976
0.702446
0.702602
0.702837
0.703385
0.704089
0.704168
0.704559
0.704794
0.705029
0.705263
0.705420
0.705733
0.706516
0.706594
0.707142
0.706985
0.707533
0.707846
0.708003
0.708238
0.708707
0.709020
0.709099
0.709099
0.709020
0.709099
0.708786
0.708942
0.708942
0.708786
0.708786
0.708551
0.708707
0.708394
0.708238
0.708003
0.708003
0.707612
0.707768
0.707612
0.706985
0.707220
0.706985
0.706516
0.706203
0.706203
0.705811
0.705420
0.705107
0.705107
0.704481
0.704324
0.704168
0.703698
0.703463
0.703463
0.703072
0.702681
0.702446
0.702211
0.701976
0.701350
0.701350
0.701037
0.700567
0.700254
0.700019
0.699158
0.698924
0.698454
0.698376
0.697984
0.697515
0.697515
0.697280
0.696967
0.696810
0.696262
0.695793
0.695401
0.694932
0.694540
0.694227
0.693836
0.693758
0.693523
0.693210
0.692584
0.692349
0.692114
0.691488
0.691488
0.690862
0.690705
0.690549
0.690392
0.689923
0.689531
0.689062
0.688592
0.688201
0.688044
0.687966
0.687340
0.687105
0.686792
0.686479
0.686322
0.685774
0.685383
0.685226
0.684757
0.684365
0.684287
0.683661
0.683426
0.682957
0.682565
0.682409
0.682017
0.681861
0.681548
0.681078
0.680374
0.680061
0.679669
0.679434
0.679043
0.678887
0.678573
0.678026
0.677634
0.677243
0.676930
0.676382
0.676304
0.676069
0.675599
0.675208
0.674973
0.674503
0.674347
0.673877
0.673564
0.673408
0.672547
0.672155
0.672077
0.671529
0.671294
0.670981
0.670903
0.670433
0.670042
0.669886
0.669494
0.669181
0.669025
0.668477
0.667772
0.667537
0.667303
0.667068
0.666990
0.666676
0.665972
0.665894
0.665424
0.665346
0.664720
0.664641
0.664172
0.663624
0.663076
0.662763
0.662763
0.662606
0.662450
0.661980
0.661432
0.661119
0.661354
0.661119
0.660102
0.659867
0.659397
0.658849
0.658223
0.658223
0.658223
0.657832
0.657754
0.657284
0.656736
0.656345
0.656345
0.656032
0.655484
0.655171
0.654858
0.654466
0.653840
0.653684
0.653527
0.653292
0.652979
0.652823
0.652118
0.651883
0.651414
0.651257
0.650475
0.649927
0.649848
0.649457
0.649457
0.649144
0.648909
0.648596
0.648361
0.648361
0.647970
0.647031
0.646483
0.645700
0.645700
0.645622
0.645152
0.645074
0.644683
0.644370
0.644135
0.643587
0.643665
0.642961
0.642569
0.642335
0.641943
0.641239
0.641630
0.641004
0.640847
0.640691
0.639986
0.639986
0.639517
0.638969
0.638343
0.638108
0.638108
0.637795
0.637638
0.637247
0.636621
0.636621
0.636151
0.635838
0.635525
0.635369
0.634586
0.634586
0.634273
0.633647
0.633647
0.633255
0.633099
0.632629
0.632238
0.632003
0.631533
0.630751
0.630203
0.630672
0.630046
0.629968
0.629342
0.629029
0.628637
0.628559
0.628324
0.627855
0.627385
0.626994
0.626837
0.626289
0.626367
0.626054
0.625976
0.625663
0.625115
0.624646
0.624254
0.623863
0.623315
0.623158
0.623080
0.622767
0.622532
0.622297
0.621828
0.621671
0.621515
0.620967
0.620419
0.619949
0.619558
0.619401
0.619401
0.619167
0.618619
0.618462
0.618149
0.617914
0.617366
0.617132
0.617053
0.616506
0.616114
0.615958
0.615801
0.615488
0.615175
0.614940
0.614705
0.614236
0.613766
0.613453
0.612905
0.613062
0.612435
0.612279
0.612044
0.611496
0.611496
0.611027
0.610322
0.609774
0.609618
0.609539
0.609148
0.609226
0.608992
0.608835
0.608209
0.607818
0.607974
0.607348
0.607113
0.606878
0.606800
0.606409
0.606096
0.605861
0.605156
0.605469
0.604922
0.604295
0.603904
0.603591
0.603513
0.603356
0.603200
0.602965
0.602495
0.602104
0.602026
0.601478
0.601165
0.600930
0.600304
0.600304
0.599756
0.599756
0.599443
0.599364
0.598973
0.598660
0.598112
0.597486
0.597329
0.596938
0.596782
0.596547
0.596234
0.596155
0.595607
0.595373
0.595216
0.594668
0.594433
0.594199
0.593886
0.593651
0.593103
0.592711
0.592555
0.592320
0.592242
0.592007
0.591459
0.591146
0.590990
0.590520
0.590285
0.590129
0.589816
0.589111
0.589111
0.588876
0.588250
0.588015
0.588015
0.587624
0.587624
0.587076
0.586920
0.586372
0.586293
0.585902
0.585667
0.585432
0.585511
0.584963
0.584885
0.584650
0.584337
0.583867
0.583710
0.583476
0.583163
0.582849
0.582458
0.581989
0.581675
0.581362
0.581362
0.580736
0.580501
0.580345
0.579640
0.579327
0.579327
0.578936
0.578936
0.578545
0.578232
0.577684
0.577371
0.577292
0.576901
0.576823
0.576353
0.575883
0.575883
0.575414
0.575257
0.574709
0.574709
0.574083
0.574005
0.573457
0.573379
0.572987
0.572831
0.572518
0.572127
0.571813
0.571579
0.571344
0.571266
0.570718
0.570405
0.570092
0.569857
0.569700
0.569074
0.569074
0.568370
0.568370
0.567822
0.567665
0.567117
0.567039
0.566569
0.566491
0.566335
0.565787
0.565395
0.565161
0.564769
0.564691
0.564143
0.563908
0.564065
0.563439
0.563047
0.562656
0.562343
0.562265
0.561951
0.561560
0.560934
0.561247
0.560621
0.560386
0.559603
0.559447
0.559055
0.558977
0.558508
0.558429
0.558195
0.557647
0.557725
0.557099
0.556786
0.556629
0.556159
0.556003
0.555455
0.555377
0.555299
0.554829
0.554594
0.554281
0.553811
0.553733
0.553420
0.552872
0.552794
0.552481
0.552246
0.551776
0.552089
0.551385
0.550759
0.550368
0.550211
0.550133
0.549663
0.549428
0.549037
0.548489
0.548176
0.547941
0.547472
0.547080
0.547002
0.546767
0.546376
0.546297
0.546141
0.545828
0.545202
0.545045
0.544497
0.544106
0.544106
0.543636
0.543715
0.543636
0.543245
0.542932
0.542541
0.542384
0.541836
0.541523
0.541210
0.540506
0.540662
0.540192
0.539801
0.539488
0.539253
0.539018
0.538314
0.538157
0.537923
0.537844
0.537531
0.537218
0.537062
0.536905
0.536592
0.536122
0.535888
0.535261
0.535105
0.535027
0.534714
0.534244
0.534009
0.533853
0.533461
0.533383
0.532757
0.532365
0.531896
0.531739
0.531739
0.531270
0.530957
0.530800
0.530565
0.530330
0.529469
0.529313
0.529156
0.528374
0.528374
0.528217
0.528139
0.527591
0.527200
0.527121
0.526417
0.525869
0.526026
0.525556
0.525478
0.525321
0.524773
0.524617
0.524304
0.523756
0.523286
0.523130
0.522895
0.522582
0.522503
0.522112
0.521877
0.521564
0.521408
0.520860
0.520234
0.519921
0.519999
0.519451
0.519373
0.519138
0.518747
0.518199
0.517807
0.517338
0.517103
0.516712
0.516555
0.516946
0.516633
0.516242
0.515694
0.515459
0.515068
0.514677
0.514363
0.514207
0.513737
0.513659
0.513581
0.513424
0.512641
0.512407
0.512172
0.511389
0.511467
0.511154
0.510685
0.510763
0.510293
0.509824
0.509667
0.509198
0.508806
0.508493
0.508258
0.508415
0.507945
0.507710
0.507397
0.507319
0.506850
0.506458
0.506145
0.505832
0.505284
0.505206
0.505206
0.504580
0.504188
0.503954
0.503562
0.503171
0.503093
0.503093
0.502623
0.502388
0.502075
0.501919
0.501371
0.500979
0.500823
0.500275
0.499727
0.499649
0.499257
0.499257
0.498944
0.498944
0.498553
0.498240
0.498005
0.497614
0.497066
0.497066
0.496596
0.496361
0.496205
0.495813
0.495813
0.495500
0.494561
0.494483
0.493935
0.493857
0.493935
0.493935
0.493309
0.492996
0.492370
0.491743
0.491352
0.491509
0.490882
0.490648
0.490335
0.490256
0.490022
0.489708
0.489474
0.488847
0.488378
0.488378
0.487908
0.487752
0.487360
0.486891
0.486969
0.486891
0.486499
0.486265
0.485560
0.485325
0.484934
0.484621
0.484230
0.484464
0.484073
0.483603
0.483212
0.482664
0.482508
0.482664
0.482429
0.482038
0.481490
0.481020
0.480394
0.480864
0.479768
0.479690
0.479377
0.478751
0.478281
0.478438
0.478359
0.477733
0.477577
0.477029
0.476950
0.476403
0.476168
0.476011
0.475698
0.475072
0.474368
0.474602
0.474289
0.474211
0.473663
0.473350
0.472959
0.472489
0.472254
0.471706
0.471472
0.471315
0.471080
0.470611
0.470376
0.469828
0.469358
0.469437
0.469123
0.468889
0.468576
0.468419
0.468028
0.467871
0.467245
0.466854
0.466541
0.466228
0.465836
0.465758
0.465367
0.465053
0.464975
0.464584
0.464427
0.463723
0.463488
0.462862
0.462549
0.462314
0.462001
0.462001
0.461453
0.461297
0.460827
0.460436
0.460122
0.459575
0.459418
0.459027
0.458870
0.458557
0.458244
0.457774
0.457618
0.457226
0.457070
0.456600
0.456366
0.455974
0.455896
0.455583
0.455113
0.454722
0.454487
0.454252
0.454017
0.453548
0.453000
0.452843
0.452530
0.452139
0.451826
0.451669
0.451200
0.451278
0.450574
0.450182
0.449869
0.449713
0.449556
0.449008
0.448930
0.448695
0.448382
0.447912
0.447599
0.447364
0.446895
0.446738
0.446269
0.446190
0.446112
0.445799
0.445486
0.445095
0.444703
0.444077
0.444077
0.443608
0.443294
0.442903
0.442747
0.442668
0.442355
0.442042
0.441416
0.441103
0.440868
0.440320
0.439772
0.439851
0.439538
0.439146
0.438833
0.438207
0.437659
0.437581
0.437111
0.436955
0.436720
0.436720
0.436328
0.436094
0.435859
0.435154
0.434841
0.434763
0.434450
0.434215
0.433980
0.433511
0.433511
0.433119
0.432806
0.432337
0.431867
0.431476
0.431163
0.430850
0.430771
0.430615
0.430145
0.429910
0.429519
0.429049
0.429206
0.428580
0.428501
0.428267
0.428032
0.427562
0.427327
0.427014
0.426388
0.426232
0.426075
0.425684
0.425449
0.425214
0.425214
0.424745
0.424510
0.423805
0.423414
0.423257
0.423023
0.422553
0.422240
0.422083
0.421770
0.421457
0.421144
0.420909
0.420205
0.419892
0.419814
0.419579
0.419422
0.419187
0.418874
0.418405
0.418013
0.417778
0.416918
0.417309
0.416683
0.416996
0.416604
0.416370
0.415900
0.415743
0.415196
0.415039
0.414726
0.414335
0.414491
0.414178
0.413787
0.413630
0.413317
0.413004
0.412378
0.412143
0.411908
0.411517
0.411282
0.411047
0.410891
0.410499
0.409873
0.409560
0.409012
0.408777
0.408699
0.408464
0.408151
0.407760
0.407447
0.407290
0.406742
0.406273
0.406351
0.405725
0.405021
0.404942
0.404942
0.404473
0.404629
0.404316
0.403846
0.403533
0.403142
0.403142
0.402438
0.402438
0.402281
0.401811
0.401185
0.400872
0.400950
0.399855
0.399620
0.399463
0.399229
0.398759
0.398524
0.398524
0.397741
0.397898
0.397350
0.396802
0.396724
0.396176
0.396098
0.395393
0.395472
0.395237
0.394924
0.394689
0.394219
0.393671
0.393437
0.393280
0.393124
0.392497
0.392184
0.392263
0.392028
0.391402
0.391323
0.390775
0.390462
0.390306
0.390149
0.389680
0.389445
0.389132
0.388819
0.388427
0.388114
0.387958
0.387410
0.387097
0.386862
0.386392
0.386314
0.385844
0.385610
0.385297
0.384827
0.384514
0.384279
0.383809
0.383418
0.383262
0.383027
0.382714
0.382322
0.381931
0.381461
0.381148
0.380835
0.380757
0.379896
0.379974
0.379739
0.379348
0.378722
0.378800
0.378252
0.377939
0.377391
0.377391
0.377156
0.376765
0.376609
0.376061
0.375591
0.375513
0.375278
0.374574
0.373947
0.374104
0.373556
0.373634
0.373243
0.373086
0.372304
0.371912
0.372069
0.371365
0.371208
0.370738
0.370504
0.370269
0.370034
0.369799
0.369329
0.369173
0.368547
0.368234
0.367764
0.367686
0.367294
0.366903
0.366747
0.366120
0.365807
0.365807
0.365103
0.365181
0.364555
0.364085
0.364007
0.363538
0.363068
0.362990
0.362833
0.362363
0.361894
0.361581
0.361268
0.360876
0.360328
0.360250
0.359859
0.359311
0.359311
0.358685
0.358215
0.357902
0.357746
0.357354
0.357041
0.356806
0.356885
0.356337
0.355632
0.355554
0.355241
0.354850
0.354537
0.354302
0.354223
0.353754
0.353284
0.353049
0.352658
0.352501
0.352188
0.351641
0.351327
0.351327
0.350858
0.350466
0.350388
0.349997
0.349606
0.349214
0.348901
0.348510
0.348040
0.347962
0.347492
0.347101
0.347179
0.346866
0.346162
0.346162
0.345692
0.345222
0.345144
0.345066
0.344596
0.344048
0.344205
0.343735
0.343187
0.342796
0.342953
0.342326
0.342170
0.341622
0.341544
0.341309
0.340996
0.340370
0.339978
0.339430
0.339430
0.339039
0.338804
0.338335
0.338256
0.337943
0.337395
0.337004
0.336926
0.336456
0.336300
0.335830
0.335673
0.335752
0.335126
0.334578
0.334343
0.334186
0.333638
0.333560
0.333247
0.332856
0.332856
0.332621
0.332308
0.331525
0.331056
0.330977
0.330821
0.330742
0.330195
0.329803
0.329725
0.329412
0.329099
0.328629
0.328238
0.328081
0.327925
0.327377
0.327142
0.327142
0.326751
0.326203
0.325733
0.325577
0.325029
0.324794
0.324481
0.324011
0.323933
0.323463
0.323150
0.323229
0.322837
0.322524
0.321898
0.321741
0.321428
0.320959
0.320724
0.320333
0.319785
0.319706
0.319393
0.318924
0.318767
0.318376
0.317985
0.317828
0.317358
0.317124
0.316967
0.316732
0.316419
0.316028
0.315402
0.314932
0.314854
0.314775
0.314384
0.313993
0.313601
0.313523
0.313210
0.312740
0.312349
0.312036
0.311801
0.311488
0.311097
0.310862
0.310392
0.309923
0.309610
0.309218
0.308983
0.308670
0.308201
0.307966
0.307731
0.307496
0.307183
0.306792
0.306479
0.306088
0.305696
0.305305
0.304913
0.304757
0.304522
0.304287
0.304052
0.303505
0.303113
0.302800
0.302565
0.302487
0.301861
0.301783
0.301235
0.300765
0.300609
0.300217
0.299435
0.299435
0.298887
0.298495
0.298182
0.297713
0.297713
0.297165
0.297008
0.296695
0.295991
0.295678
0.295286
0.295130
0.294738
0.294190
0.294034
0.293721
0.293486
0.293173
0.292860
0.292312
0.292234
0.291686
0.291138
0.291060
0.290747
0.290668
0.290042
0.289494
0.289181
0.288633
0.288164
0.288164
0.287459
0.287538
0.287224
0.286598
0.286520
0.286050
0.285737
0.285346
0.285189
0.284876
0.284563
0.284172
0.283781
0.283624
0.283076
0.282920
0.282450
0.281980
0.281667
0.281511
0.281041
0.280415
0.280337
0.279632
0.279319
0.279163
0.278615
0.278145
0.277989
0.277832
0.277597
0.277049
0.277128
0.276345
0.275954
0.275562
0.274936
0.274780
0.274623
0.274232
0.273840
0.273527
0.273527
0.273058
0.272666
0.272588
0.271962
0.271649
0.271336
0.270866
0.270710
0.270396
0.270318
0.269692
0.269379
0.268909
0.268518
0.267970
0.267970
0.267735
0.267422
0.266874
0.266561
0.266013
0.265387
0.265387
0.264996
0.264683
0.264683
0.264057
0.263978
0.263430
0.263196
0.263117
0.262726
0.262022
0.261865
0.261161
0.261004
0.260926
0.260221
0.260300
0.259830
0.259204
0.259047
0.258578
0.258108
0.258108
0.257873
0.257404
0.257247
0.256856
0.256386
0.256073
0.255760
0.255134
0.255212
0.254899
0.254429
0.254195
0.253725
0.253725
0.253021
0.252786
0.252316
0.252003
0.251377
0.251299
0.251220
0.250516
0.250438
0.249968
0.249968
0.249264
0.248872
0.248637
0.248481
0.248090
0.247542
0.247542
0.247150
0.246916
0.246681
0.246133
0.245663
0.245350
0.245194
0.244959
0.244567
0.244411
0.243941
0.243706
0.243237
0.243080
0.242532
0.242219
0.242219
0.241906
0.241437
0.241202
0.241045
0.240263
0.240028
0.239715
0.239089
0.238619
0.238306
0.237993
0.237836
0.237288
0.237054
0.236584
0.236506
0.235958
0.235801
0.235410
0.235175
0.234862
0.234549
0.234705
0.233844
0.233453
0.233375
0.233062
0.232436
0.232201
0.232123
0.231731
0.231183
0.230870
0.230322
0.230088
0.229461
0.229383
0.229070
0.228600
0.228522
0.228287
0.228053
0.227661
0.227192
0.226800
0.226174
0.225783
0.225861
0.225157
0.225000
0.224843
0.224452
0.223982
0.223513
0.223356
0.223043
0.222574
0.222182
0.221947
0.221947
0.221556
0.221478
0.221243
0.220695
0.220147
0.219756
0.219365
0.219051
0.218425
0.218191
0.217956
0.217721
0.217251
0.216938
0.216469
0.216312
0.215842
0.215529
0.215295
0.214981
0.214590
0.214120
0.213886
0.213494
0.212868
0.212712
0.212242
0.212164
0.212007
0.211381
0.211068
0.210520
0.210520
0.209659
0.209346
0.209111
0.208720
0.208407
0.207937
0.207702
0.207233
0.206920
0.206372
0.206215
0.205667
0.205041
0.205041
0.205041
0.204180
0.203945
0.203632
0.203398
0.202771
0.202693
0.202223
0.201754
0.201441
0.201206
0.200815
0.200423
0.199797
0.199562
0.199249
0.198780
0.198388
0.197919
0.197527
0.197292
0.196745
0.196432
0.195962
0.195884
0.195336
0.194788
0.194631
0.194318
0.194005
0.193536
0.193066
0.192831
0.192283
0.192205
0.191422
0.191344
0.190561
0.190483
0.190092
0.189779
0.188918
0.188761
0.188683
0.188213
0.188057
0.187587
0.187196
0.186726
0.186804
0.186178
0.185787
0.185161
0.185082
0.184769
0.184535
0.184065
0.183674
0.183282
0.183047
0.182343
0.181717
0.181639
0.181325
0.180856
0.180230
0.180151
0.179995
0.179369
0.178664
0.178351
0.177960
0.177803
0.177647
0.177490
0.176864
0.176238
0.175925
0.175612
0.175064
0.174594
0.174438
0.173812
0.173655
0.173498
0.172951
0.172794
0.172716
0.172011
0.171777
0.171542
0.171385
0.170837
0.170446
0.170055
0.169585
0.168959
0.168724
0.168489
0.167785
0.167863
0.167472
0.167159
0.166454
0.166532
0.165985
0.165828
0.165358
0.164889
0.164341
0.163871
0.164028
0.163558
0.163323
0.162854
0.162384
0.161993
0.161758
0.161523
0.161054
0.160427
0.159958
0.159880
0.159253
0.159175
0.158627
0.158236
0.158001
0.157531
0.156749
0.156514
0.156592
0.156044
0.155731
0.155496
0.154792
0.154792
0.154401
0.153774
0.153618
0.153383
0.152914
0.152679
0.152600
0.152131
0.152053
0.151583
0.151192
0.150565
0.150331
0.149861
0.149391
0.149000
0.148843
0.148452
0.147904
0.147591
0.147356
0.146808
0.146339
0.146182
0.146026
0.145791
0.145321
0.144773
0.144539
0.143991
0.143521
0.142973
0.142817
0.142504
0.142269
0.141956
0.141564
0.141330
0.140938
0.140547
0.139999
0.139451
0.139138
0.138590
0.138199
0.138042
0.137807
0.137573
0.137260
0.136633
0.136086
0.135929
0.135303
0.135303
0.134990
0.134207
0.133894
0.133268
0.133424
0.132876
0.132407
0.132172
0.131468
0.131311
0.131311
0.130998
0.130372
0.129980
0.129902
0.129276
0.128650
0.128180
0.127945
0.127554
0.127006
0.127006
0.126615
0.126302
0.126067
0.125441
0.125049
0.124580
0.124423
0.124267
0.123641
0.123484
0.123171
0.122388
0.121997
0.121527
0.121058
0.120510
0.120040
0.119571
0.119649
0.118944
0.118553
0.118318
0.117692
0.116909
0.116753
0.116518
0.116127
0.115814
0.115501
0.115109
0.114640
0.114327
0.113857
0.113309
0.112996
0.112605
0.112291
0.111978
0.111744
0.111352
0.111117
0.110726
0.110022
0.109474
0.109239
0.108691
0.108456
0.108221
0.107752
0.107439
0.106813
0.106734
0.105873
0.105639
0.105091
0.105012
0.104308
0.104308
0.104073
0.103369
0.103056
0.102586
0.102273
0.101725
0.101412
0.100786
0.100238
0.100394
0.099847
0.099455
0.098907
0.098516
0.098125
0.097499
0.097107
0.096794
0.096481
0.096011
0.095620
0.095150
0.094916
0.094446
0.093663
0.093115
0.093037
0.092724
0.092254
0.091863
0.091628
0.091159
0.090611
0.089750
0.089515
0.089202
0.089124
0.088497
0.088263
0.087871
0.087637
0.086854
0.086697
0.086306
0.085523
0.085132
0.084975
0.084662
0.084271
0.084193
0.083566
0.083253
0.082940
0.082079
0.081845
0.081297
0.080905
0.080279
0.079966
0.079575
0.079183
0.078635
0.078322
0.077853
0.077070
0.076992
0.076366
0.076209
0.075818
0.075426
0.074879
0.074487
0.074018
0.073548
0.073157
0.072609
0.071983
0.071591
0.071356
0.070965
0.070574
0.070104
0.069634
0.068930
0.068695
0.068539
0.067991
0.067521
0.066973
0.066660
0.066112
0.065564
0.065251
0.064625
0.064312
0.063529
0.063529
0.063295
0.062825
0.062199
0.062121
0.061729
0.061494
0.060555
0.060320
0.059694
0.059459
0.059068
0.058520
0.058364
0.057659
0.057346
0.056955
0.056798
0.056250
0.055702
0.055624
0.055076
0.054607
0.054137
0.053667
0.053276
0.053120
0.052728
0.051945
0.051476
0.051241
0.050615
0.050224
0.049754
0.049206
0.048580
0.048189
0.047954
0.047484
0.046936
0.046623
0.046388
0.045919
0.045293
0.044901
0.044510
0.043884
0.043492
0.043023
0.042788
0.042475
0.042083
0.041536
0.041066
0.040283
0.040205
0.039266
0.038796
0.038170
0.038013
0.037700
0.037309
0.036761
0.036370
0.035744
0.035665
0.035196
0.034335
0.034100
0.033630
0.033239
0.033161
0.032691
0.031987
0.031439
0.031282
0.031047
0.030578
0.029952
0.029639
0.029169
0.028699
0.028386
0.027604
0.026977
0.026664
0.026351
0.026195
0.025803
0.025255
0.024629
0.024473
0.023925
0.023455
0.022673
0.022360
0.022046
0.021264
0.021264
0.020794
0.020403
0.020090
0.019464
0.019150
0.018289
0.017663
0.017507
0.017272
0.016646
0.016176
0.015863
0.015472
0.014924
0.014063
0.013515
0.013202
0.012967
0.012576
0.012184
0.011637
0.011167
0.010776
0.010462
0.009680
0.009132
0.008662
0.008506
0.007801
0.007645
0.007019
0.006549
0.006079
0.005923
0.005140
0.004436
0.004044
0.003731
0.003340
0.003183
0.002636
0.002088
0.001775
0.001070
0.000209
-0.000182
-0.000339
-0.000965
-0.001043
-0.001669
-0.002139
-0.002609
-0.002922
-0.003470
-0.004409
-0.004800
-0.005583
-0.005896
-0.006209
-0.006366
-0.006835
-0.007540
-0.007853
-0.008479
-0.009183
-0.010122
-0.010357
-0.010905
-0.011218
-0.011688
-0.012236
-0.012392
-0.013253
-0.013488
-0.014506
-0.014975
-0.015914
-0.016149
-0.016384
-0.016854
-0.017636
-0.018028
-0.018184
-0.019045
-0.019671
-0.020141
-0.020689
-0.021237
-0.021550
-0.021941
-0.022646
-0.022959
-0.023663
-0.024211
-0.024446
-0.025698
-0.026090
-0.026481
-0.026637
-0.027264
-0.027890
-0.028125
-0.028985
-0.029377
-0.030160
-0.030864
-0.031099
-0.031725
-0.032116
-0.032195
-0.032977
-0.033682
-0.033760
-0.034386
-0.035247
-0.036108
-0.036578
-0.036969
-0.037517
-0.037752
-0.038300
-0.038926
-0.040022
-0.040100
-0.041196
-0.041900
-0.042291
-0.042918
-0.043309
-0.043935
-0.044405
-0.044796
-0.045344
-0.045657
-0.046440
-0.047144
-0.047849
-0.048318
-0.048475
-0.049414
-0.049649
-0.050431
-0.050901
-0.051684
-0.052232
-0.053327
-0.053640
-0.054345
-0.054658
-0.054971
-0.055754
-0.056380
-0.056928
-0.057554
-0.058258
-0.058885
-0.059511
-0.059980
-0.060450
-0.061076
-0.061311
-0.062250
-0.062720
-0.063268
-0.063972
-0.064755
-0.065381
-0.065851
-0.066164
-0.066712
-0.067338
-0.068120
-0.068277
-0.068747
-0.069921
-0.070547
-0.071329
-0.071564
-0.072034
-0.072425
-0.073130
-0.073599
-0.074147
-0.074930
-0.075791
-0.076495
-0.076965
-0.078061
-0.078061
-0.078609
-0.079391
-0.080330
-0.081035
-0.081661
-0.082287
-0.082992
-0.083774
-0.084244
-0.084400
-0.085340
-0.085418
-0.086514
-0.087062
-0.087531
-0.088236
-0.088705
-0.089723
-0.090114
-0.090662
-0.091367
-0.091914
-0.092462
-0.093402
-0.093871
-0.094419
-0.094889
-0.095984
-0.096298
-0.096376
-0.097080
-0.097628
-0.098411
-0.099272
-0.099428
-0.099976
-0.100837
-0.101855
-0.102089
-0.102716
-0.103420
-0.103733
-0.104281
-0.104985
-0.105925
-0.106473
-0.107255
-0.107803
-0.108351
-0.108742
-0.109290
-0.109838
-0.110777
-0.111717
-0.112499
-0.112734
-0.113282
-0.113986
-0.114847
-0.115552
-0.115787
-0.116335
-0.116804
-0.117743
-0.118291
-0.118996
-0.119700
-0.119857
-0.121109
-0.121735
-0.122283
-0.122831
-0.123614
-0.124318
-0.125257
-0.125883
-0.125962
-0.127136
-0.127527
-0.128545
-0.128858
-0.129327
-0.129640
-0.130814
-0.131675
-0.132223
-0.133006
-0.133789
-0.134258
-0.134885
-0.135354
-0.135902
-0.136450
-0.137311
-0.138015
-0.138955
-0.139502
-0.139972
-0.140676
-0.141381
-0.141929
-0.142477
-0.142868
-0.143572
-0.144590
-0.145373
-0.145999
-0.146468
-0.147251
-0.147799
-0.148503
-0.149051
-0.149912
-0.150304
-0.151399
-0.152260
-0.152652
-0.153513
-0.154217
-0.154765
-0.155469
-0.156096
-0.156644
-0.157113
-0.158287
-0.159148
-0.159853
-0.160400
-0.160948
-0.161653
-0.162592
-0.163140
-0.163688
-0.164157
-0.165331
-0.166427
-0.166975
-0.167680
-0.167914
-0.168619
-0.169167
-0.170028
-0.170576
-0.170889
-0.171828
-0.172924
-0.173472
-0.174332
-0.174724
-0.175428
-0.176054
-0.176837
-0.177228
-0.177855
-0.178403
-0.179498
-0.180751
-0.181142
-0.181455
-0.182003
-0.183020
-0.183412
-0.184194
-0.184742
-0.185134
-0.185995
-0.187404
-0.187795
-0.188108
-0.188656
-0.189673
-0.190534
-0.191004
-0.191630
-0.192335
-0.192882
-0.194213
-0.194604
-0.195309
-0.195700
-0.196170
-0.196952
-0.197500
-0.198205
-0.198440
-0.199222
-0.200553
-0.201727
-0.202118
-0.202823
-0.203214
-0.204153
-0.204310
-0.205406
-0.205640
-0.206032
-0.206814
-0.208145
-0.208771
-0.209319
-0.210102
-0.210415
-0.210884
-0.211745
-0.211980
-0.212919
-0.213389
-0.214485
-0.215502
-0.215894
-0.216442
-0.217068
-0.217616
-0.218398
-0.219103
-0.219572
-0.220120
-0.220668
-0.222155
-0.222703
-0.223564
-0.223956
-0.224425
-0.224660
-0.225834
-0.226460
-0.227008
-0.227399
-0.228652
-0.229356
-0.230061
-0.230530
-0.231156
-0.231391
-0.232096
-0.232800
-0.232957
-0.233583
-0.234600
-0.235461
-0.236322
-0.236557
-0.237105
-0.237888
-0.238122
-0.238905
-0.239453
-0.240157
-0.241175
-0.242192
-0.242975
-0.243366
-0.243680
-0.244227
-0.244775
-0.245323
-0.245871
-0.246419
-0.247123
-0.247984
-0.249158
-0.249315
-0.249785
-0.250567
-0.250724
-0.251272
-0.252133
-0.252915
-0.253150
-0.253855
-0.254246
-0.255342
-0.255498
-0.256124
-0.256516
-0.256751
-0.257455
-0.258003
-0.258707
-0.258864
-0.260116
-0.260821
-0.261447
-0.261447
-0.262073
-0.262464
-0.263247
-0.263325
-0.263795
-0.264264
-0.264812
-0.266065
-0.266221
-0.266769
-0.267082
-0.267474
-0.268100
-0.268413
-0.268961
-0.269352
-0.269900
-0.270683
-0.271622
-0.272248
-0.272483
-0.272796
-0.273266
-0.273500
-0.273970
-0.274361
-0.274831
-0.275066
-0.275692
-0.276396
-0.277101
-0.277257
-0.277649
-0.278118
-0.278353
-0.278979
-0.279292
-0.279840
-0.280232
-0.281092
-0.281640
-0.282110
-0.282501
-0.282501
-0.282814
-0.283284
-0.283988
-0.284223
-0.284615
-0.285163
-0.285710
-0.286180
-0.286415
-0.286728
-0.287041
-0.287276
-0.287511
-0.287980
-0.288450
-0.288606
-0.288998
-0.289702
-0.290015
-0.290250
-0.290641
-0.290798
-0.291424
-0.291659
-0.291815
-0.292207
-0.292676
-0.292911
-0.293146
-0.293303
-0.293694
-0.293850
-0.294242
-0.294555
-0.294790
-0.295103
-0.295181
-0.295651
-0.295964
-0.296433
-0.296590
-0.296825
-0.297138
-0.297138
-0.297607
-0.297607
-0.297999
-0.297999
-0.298860
-0.298860
-0.299251
-0.299564
-0.299173
-0.299564
-0.299721
-0.300269
-0.300503
-0.300738
-0.300582
-0.301051
-0.301364
-0.301912
-0.301756
-0.301756
-0.302069
-0.302225
-0.302304
-0.302538
-0.302773
-0.303165
-0.303321
-0.303321
-0.303243
-0.303634
-0.304182
-0.304104
-0.304182
-0.304104
-0.304260
-0.304260
-0.304417
-0.304573
-0.304887
-0.304965
-0.305278
-0.305200
-0.305591
-0.305904
-0.305904
-0.306061
-0.305982
-0.306452
-0.306608
-0.306687
-0.306765
-0.306608
-0.306608
-0.306765
-0.306687
-0.306843
-0.306922
-0.307000
-0.307000
-0.307156
-0.307469
-0.307548
-0.307626
-0.307548
-0.307626
-0.307469
-0.307782
-0.307782
-0.307626
-0.307939
-0.308096
-0.308096
-0.308017
-0.308174
-0.308330
-0.307939
-0.308174
-0.307939
-0.308017
-0.308409
-0.307939
-0.308565
-0.308330
-0.308409
-0.308017
-0.308252
-0.308409
-0.308174
-0.308252
-0.308487
-0.308252
-0.308174
-0.308409
-0.308643
-0.308487
-0.308174
-0.308330
-0.308017
-0.308017
-0.307704
-0.308017
-0.307939
-0.307861
-0.308487
-0.308096
-0.308252
-0.308409
-0.307939
-0.308017
-0.307704
-0.307626
-0.307861
-0.307704
-0.307782
-0.307626
-0.307939
-0.307704
-0.307861
-0.307626
-0.307704
-0.307704
-0.307704
-0.307704
-0.307626
-0.307469
-0.307626
-0.307626
-0.307469
-0.307469
-0.307391
-0.307235
-0.307313
-0.307156
-0.307156
-0.307156
-0.306843
-0.306922
-0.307000
-0.306843
-0.307000
-0.307078
-0.306843
-0.306765
-0.306765
-0.306687
-0.306765
-0.306765
-0.306295
-0.306374
-0.306295
-0.306139
-0.306295
-0.306139
-0.305982
-0.306061
-0.306139
-0.306061
-0.306139
-0.305747
-0.305747
-0.305591
-0.305826
-0.305904
-0.305669
-0.305591
-0.305200
-0.305278
-0.305200
-0.305121
-0.305043
-0.305278
-0.304887
-0.305043
-0.304965
-0.304730
-0.304573
-0.304573
-0.304495
-0.304730
-0.304417
-0.304417
-0.304652
-0.304417
-0.304495
-0.304260
-0.304182
-0.304182
-0.304339
-0.304026
-0.303869
-0.303947
-0.303712
-0.303478
-0.303399
-0.303556
-0.303556
-0.303399
-0.303321
-0.303243
-0.303086
-0.303399
-0.303243
-0.303008
-0.302617
-0.302617
-0.302773
-0.302617
-0.302460
-0.302538
-0.302538
-0.302538
-0.302460
-0.302851
-0.302460
-0.302460
-0.302382
-0.302225
-0.302147
-0.301834
-0.301991
-0.301677
-0.301912
-0.301912
-0.301912
-0.301912
-0.301834
-0.301834
-0.301443
-0.301677
-0.301677
-0.301521
-0.301599
-0.301208
-0.301286
-0.301443
-0.301286
-0.301208
-0.301208
-0.301364
-0.300895
-0.300582
-0.300816
-0.300895
-0.300895
-0.300738
-0.300895
-0.300425
-0.300347
-0.300738
-0.300425
-0.300269
-0.300112
-0.300112
-0.300190
-0.300425
-0.300190
-0.300269
-0.300190
-0.300112
-0.300034
-0.300112
-0.299721
-0.299564
-0.299564
-0.299877
-0.300112
-0.299721
-0.300112
-0.299956
-0.299721
-0.299408
-0.299329
-0.299251
-0.299251
-0.299173
-0.299564
-0.299642
-0.299564
-0.299173
-0.299173
-0.299173
-0.299016
-0.299016
-0.299016
-0.298703
-0.299016
-0.299095
-0.299173
-0.299408
-0.299329
-0.299173
-0.299251
-0.298781
-0.298938
-0.298781
-0.298860
-0.299016
-0.298625
-0.298625
-0.299173
-0.298860
-0.299016
-0.298781
-0.298703
-0.298860
-0.298781
-0.298312
-0.298468
-0.298781
-0.298860
-0.299173
-0.298860
-0.298781
-0.298860
-0.298547
-0.298547
-0.298625
-0.299016
-0.298547
-0.298860
-0.298781
-0.299173
-0.298860
-0.299251
-0.299095
-0.298703
-0.298625
-0.298547
-0.298781
-0.298625
-0.298781
-0.299173
-0.299016
-0.299095
-0.299408
-0.299173
-0.299095
-0.299173
-0.299251
-0.299173
-0.299016
-0.299486
-0.299564
-0.299486
-0.299721
-0.299877
-0.299799
-0.299486
-0.299486
-0.299642
-0.299721
-0.299721
-0.299877
-0.300190
-0.300503
-0.300190
-0.300190
-0.300190
-0.300034
-0.299721
-0.299877
-0.299721
-0.299721
-0.300269
-0.300425
-0.300660
-0.300269
-0.300738
-0.300660
-0.300582
-0.300425
-0.300738
-0.300895
-0.300738
-0.300738
-0.300973
-0.300895
-0.301286
-0.301208
-0.301599
-0.301364
-0.301051
-0.301443
-0.301521
-0.301286
-0.301677
-0.301834
-0.301912
-0.301912
-0.301912
-0.302069
-0.302147
-0.302225
-0.302382
-0.302382
-0.302538
-0.302225
-0.302538
-0.302695
-0.302851
-0.302851
-0.303321
-0.303008
-0.303321
-0.302773
-0.302930
-0.303008
-0.303321
-0.303243
-0.303399
-0.303791
-0.303791
-0.304026
-0.303869
-0.303869
-0.303947
-0.304104
-0.304260
-0.304182
-0.304182
-0.304495
-0.304573
-0.304652
-0.304887
-0.304887
-0.305043
-0.304887
-0.305200
-0.305434
-0.305278
-0.305278
-0.305356
-0.305826
-0.305982
-0.306061
-0.306139
-0.305982
-0.306217
-0.306139
-0.306295
-0.305982
-0.306530
-0.306530
-0.306687
-0.306922
-0.307000
-0.307078
-0.307000
-0.307156
-0.307313
-0.307313
-0.307704
-0.307626
-0.307861
-0.307782
-0.308174
-0.308565
-0.308330
-0.308409
-0.308330
-0.308722
-0.308800
-0.308722
-0.309035
-0.308800
-0.308878
-0.309426
-0.309583
-0.309583
-0.309818
-0.309661
-0.309739
-0.309974
-0.310209
-0.310287
-0.310287
-0.310678
-0.310992
-0.311148
-0.311226
-0.311539
-0.311539
-0.311383
-0.311383
-0.311931
-0.311774
-0.311696
-0.312322
-0.311931
-0.312322
-0.312635
-0.312635
-0.312948
-0.312948
-0.313183
-0.313418
-0.313261
-0.313574
-0.313496
-0.313888
-0.313966
-0.314435
-0.314514
-0.314514
-0.314670
-0.314983
-0.314983
-0.315218
-0.315062
-0.315609
-0.315688
-0.315766
-0.316001
-0.315923
-0.316001
-0.316392
-0.316705
-0.316627
-0.317097
-0.317097
-0.317253
-0.317331
-0.317644
-0.318036
-0.318036
-0.318192
-0.318114
-0.318349
-0.318427
-0.318662
-0.319053
-0.318975
-0.319445
-0.319523
-0.319758
-0.319836
-0.320227
-0.320384
-0.320384
-0.320462
-0.320697
-0.320775
-0.321010
-0.321245
-0.321480
-0.321636
-0.321793
-0.322262
-0.322262
-0.322106
-0.322654
-0.322654
-0.322967
-0.323045
-0.323280
-0.323358
-0.323671
-0.323671
-0.324219
-0.324219
-0.324141
-0.324454
-0.324845
-0.324845
-0.325002
-0.325080
-0.325393
-0.325237
-0.325628
-0.325628
-0.325863
-0.326019
-0.326254
-0.326411
-0.326646
-0.326802
-0.327037
-0.327115
-0.327350
-0.327428
-0.327663
-0.327820
-0.327898
-0.328289
-0.328211
-0.328759
-0.328915
-0.328994
-0.328759
-0.329150
-0.329385
-0.329698
-0.329620
-0.330011
-0.330089
-0.330168
-0.330637
-0.330794
-0.331107
-0.331577
-0.331420
-0.331968
-0.331968
-0.332124
-0.332437
-0.332594
-0.332437
-0.332907
-0.332907
-0.333846
-0.333533
-0.333925
-0.333846
-0.334003
-0.334081
-0.334316
-0.334394
-0.334942
-0.335020
-0.335490
-0.335333
-0.335803
-0.335881
-0.336038
-0.335960
-0.336116
-0.336351
-0.336664
-0.336742
-0.336977
-0.337134
-0.337368
-0.337525
-0.337995
-0.338229
-0.337995
-0.338699
-0.338621
-0.339012
-0.339169
-0.339247
-0.339403
-0.339482
-0.339951
-0.340186
-0.340578
-0.340343
-0.340891
-0.341125
-0.341282
-0.341517
-0.341752
-0.341673
-0.341830
-0.342378
-0.342534
-0.343082
-0.343082
-0.343395
-0.343395
-0.343395
-0.343474
-0.344021
-0.344256
-0.344334
-0.344648
-0.344804
-0.344882
-0.345039
-0.345274
-0.345743
-0.345900
-0.345978
-0.346213
-0.346369
-0.346761
-0.347074
-0.347074
-0.347309
-0.347544
-0.347700
-0.348248
-0.348405
-0.348796
-0.348639
-0.348796
-0.349187
-0.349344
-0.349735
-0.349813
-0.350361
-0.350283
-0.350518
-0.350909
-0.351144
-0.351066
-0.351222
-0.351300
-0.351770
-0.352083
-0.352318
-0.352788
-0.352553
-0.353179
-0.353492
-0.353414
-0.353727
-0.353962
-0.354118
-0.354744
-0.354588
-0.354588
-0.354823
-0.354901
-0.355684
-0.355684
-0.355840
-0.356310
-0.356075
-0.356701
-0.356936
-0.357171
-0.357014
-0.357249
-0.357562
-0.357719
-0.357719
-0.358188
-0.358736
-0.358736
-0.358971
-0.359441
-0.359675
-0.359754
-0.360145
-0.360067
-0.360849
-0.361006
-0.361476
-0.361632
-0.361945
-0.362258
-0.362571
-0.362728
-0.362963
-0.363119
-0.363119
-0.363824
-0.363745
-0.364215
-0.363980
-0.364528
-0.364919
-0.365154
-0.365154
-0.365233
-0.365546
-0.365780
-0.366015
-0.366563
-0.366720
-0.366798
-0.367268
-0.367424
-0.367581
-0.367972
-0.368207
-0.368128
-0.368598
-0.368755
-0.368833
-0.369146
-0.369459
-0.370007
-0.370164
-0.370164
-0.370711
-0.370477
-0.371103
-0.371338
-0.371494
-0.371964
-0.371964
-0.372277
-0.372590
-0.372903
-0.373059
-0.373294
-0.373686
-0.373764
-0.373842
-0.374155
-0.374390
-0.374468
-0.374703
-0.375095
-0.375329
-0.375408
-0.375877
-0.375955
-0.376269
-0.376425
-0.376738
-0.376895
-0.377130
-0.377286
-0.377677
-0.377912
-0.378069
-0.378538
-0.378695
-0.378851
-0.379086
-0.379008
-0.379478
-0.379634
-0.379869
-0.380417
-0.380573
-0.380417
-0.381121
-0.381200
-0.381904
-0.382061
-0.382139
-0.382687
-0.382687
-0.382921
-0.383391
-0.383391
-0.383626
-0.384174
-0.384174
-0.384722
-0.384722
-0.385035
-0.385348
-0.385661
-0.386052
-0.386287
-0.386209
-0.386522
-0.386913
-0.386992
-0.387383
-0.387461
-0.387852
-0.388166
-0.388322
-0.388557
-0.388713
-0.388948
-0.389340
-0.389653
-0.389966
-0.390279
-0.390592
-0.390670
-0.390905
-0.391296
-0.391844
-0.392001
-0.392079
-0.392470
-0.392627
-0.392940
-0.393331
-0.393410
-0.393723
-0.394036
-0.394271
-0.394584
-0.394897
-0.395366
-0.395523
-0.395679
-0.395679
-0.395993
-0.396227
-0.396619
-0.396775
-0.397010
-0.397323
-0.397401
-0.397636
-0.398028
-0.398184
-0.398262
-0.398497
-0.398732
-0.399045
-0.399515
-0.399671
-0.399984
-0.400376
-0.400454
-0.401237
-0.401158
-0.401550
-0.401941
-0.402098
-0.402411
-0.402802
-0.402724
-0.403115
-0.403272
-0.403820
-0.404054
-0.404054
-0.404524
-0.404680
-0.404994
-0.404994
-0.405541
-0.405933
-0.405933
-0.406168
-0.406402
-0.406716
-0.406716
-0.407185
-0.407655
-0.407733
-0.408046
-0.408594
-0.408672
-0.408985
-0.409220
-0.409455
-0.409690
-0.410081
-0.410316
-0.410472
-0.410707
-0.411255
-0.411333
-0.411647
-0.411960
-0.412038
-0.412273
-0.412742
-0.412821
-0.413055
-0.413134
-0.413603
-0.414073
-0.414151
-0.414308
-0.414777
-0.414777
-0.414934
-0.415325
-0.415638
-0.415951
-0.416343
-0.416656
-0.416812
-0.416891
-0.417517
-0.417282
-0.417830
-0.417908
-0.418065
-0.418534
-0.418847
-0.419317
-0.419395
-0.419787
-0.419943
-0.420256
-0.420804
-0.420882
-0.421274
-0.421430
-0.421665
-0.421900
-0.422213
-0.421978
-0.422683
-0.422996
-0.423230
-0.423700
-0.423700
-0.424013
-0.424404
-0.424874
-0.424874
-0.425031
-0.424952
-0.425579
-0.425892
-0.425970
-0.426439
-0.427222
-0.427144
-0.427300
-0.427692
-0.427848
-0.427770
-0.428161
-0.428553
-0.429022
-0.429335
-0.429649
-0.429883
-0.430040
-0.430431
-0.430510
-0.430588
-0.431136
-0.431605
-0.431527
-0.432075
-0.432153
-0.432545
-0.432936
-0.433092
-0.433406
-0.433640
-0.434032
-0.434032
-0.434736
-0.434814
-0.435284
-0.435127
-0.435754
-0.435754
-0.435832
-0.436380
-0.436536
-0.436771
-0.437162
-0.437241
-0.437710
-0.438023
-0.438180
-0.438493
-0.438415
-0.438806
-0.439041
-0.439432
-0.439667
-0.440606
-0.440919
-0.441154
-0.440919
-0.441624
-0.441937
-0.441859
-0.442563
-0.442328
-0.442876
-0.443267
-0.443737
-0.443894
-0.444207
-0.444442
-0.444598
-0.444676
-0.444911
-0.444833
-0.445537
-0.446085
-0.446242
-0.446320
-0.446633
-0.447024
-0.447181
-0.447338
-0.447807
-0.447885
-0.448042
-0.447964
-0.448903
-0.449059
-0.449059
-0.449373
-0.449529
-0.449920
-0.450077
-0.450860
-0.451173
-0.451173
-0.451642
-0.451799
-0.451799
-0.452269
-0.452816
-0.452738
-0.453286
-0.453521
-0.453677
-0.454069
-0.454460
-0.454773
-0.454695
-0.455086
-0.455165
-0.455634
-0.456025
-0.456104
-0.456417
-0.456730
-0.457278
-0.457669
-0.457982
-0.457904
-0.458374
-0.458687
-0.458687
-0.459000
-0.459469
-0.459548
-0.460096
-0.460487
-0.461035
-0.461270
-0.461113
-0.461348
-0.461817
-0.461896
-0.462287
-0.462444
-0.462757
-0.462913
-0.463148
-0.463539
-0.463931
-0.464400
-0.464713
-0.464948
-0.464948
-0.465261
-0.465731
-0.465731
-0.465966
-0.466514
-0.466670
-0.466983
-0.467531
-0.467609
-0.467922
-0.467922
-0.468314
-0.468627
-0.468862
-0.469410
-0.469566
-0.470036
-0.469957
-0.470584
-0.470897
-0.470975
-0.471288
-0.471679
-0.472149
-0.472462
-0.472462
-0.472775
-0.473010
-0.473401
-0.473793
-0.473949
-0.474419
-0.474419
-0.474888
-0.475045
-0.475436
-0.475984
-0.476063
-0.476219
-0.476689
-0.476845
-0.477002
-0.477471
-0.477863
-0.478098
-0.478019
-0.478567
-0.478724
-0.479193
-0.479428
-0.479428
-0.480054
-0.480211
-0.480837
-0.480524
-0.481463
-0.481620
-0.481855
-0.482402
-0.482481
-0.482715
-0.482950
-0.483576
-0.483811
-0.483811
-0.484203
-0.484437
-0.484907
-0.485298
-0.485377
-0.486003
-0.486159
-0.486707
-0.486864
-0.487020
-0.487099
-0.487412
-0.487646
-0.487960
-0.488429
-0.488899
-0.488977
-0.488899
-0.489368
-0.489838
-0.489760
-0.490151
-0.490542
-0.491012
-0.491169
-0.491403
-0.491873
-0.492186
-0.492577
-0.492577
-0.492969
-0.493125
-0.493438
-0.493517
-0.494143
-0.494221
-0.494691
-0.494691
-0.494926
-0.495239
-0.495552
-0.495552
-0.496178
-0.496491
-0.496804
-0.497117
-0.497430
-0.497665
-0.498213
-0.498291
-0.498839
-0.498839
-0.499230
-0.499465
-0.499543
-0.500013
-0.500561
-0.500718
-0.500874
-0.501109
-0.501344
-0.501813
-0.501735
-0.502361
-0.502753
-0.503066
-0.503300
-0.503692
-0.504005
-0.504318
-0.504788
-0.504866
-0.504944
-0.505492
-0.505492
-0.506118
-0.506118
-0.506431
-0.506901
-0.507214
-0.506979
-0.507762
-0.508075
-0.508310
-0.508388
-0.508858
-0.509014
-0.509249
-0.509640
-0.510110
-0.510423
-0.510501
-0.510893
-0.511284
-0.511597
-0.512223
-0.512223
-0.512380
-0.512928
-0.513162
-0.513319
-0.513710
-0.513710
-0.513945
-0.514336
-0.514571
-0.514806
-0.515197
-0.515354
-0.515589
-0.516293
-0.516215
-0.516528
-0.516841
-0.516998
-0.517467
-0.517937
-0.517859
-0.518407
-0.518798
-0.519189
-0.519424
-0.519581
-0.519894
-0.520285
-0.520442
-0.520755
-0.521224
-0.521537
-0.521772
-0.521929
-0.522398
-0.522868
-0.523337
-0.523572
-0.523807
-0.523964
-0.524120
-0.524746
-0.524825
-0.525059
-0.525373
-0.525607
-0.526390
-0.526312
-0.526547
-0.526781
-0.527251
-0.527408
-0.527799
-0.527799
-0.528347
-0.528816
-0.529051
-0.529051
-0.529364
-0.529443
-0.529990
-0.530304
-0.530695
-0.531008
-0.531478
-0.531399
-0.532025
-0.531947
-0.532339
-0.532573
-0.532573
-0.533043
-0.533356
-0.533434
-0.533982
-0.534217
-0.534217
-0.534452
-0.534765
-0.535235
-0.535548
-0.536095
-0.536095
-0.536565
-0.536800
-0.537113
-0.537113
-0.537191
-0.537739
-0.538052
-0.538287
-0.538757
-0.538991
-0.538835
-0.538913
-0.539383
-0.539539
-0.539931
-0.540244
-0.540400
-0.540870
-0.541418
-0.541418
-0.541653
-0.542122
-0.542435
-0.542827
-0.542905
-0.542983
-0.543531
-0.543766
-0.544001
-0.544314
-0.544470
-0.544783
-0.545097
-0.545253
-0.545566
-0.545957
-0.546427
-0.546349
-0.547132
-0.547366
-0.547523
-0.547758
-0.548384
-0.548540
-0.548775
-0.549010
-0.549323
-0.549793
-0.549714
-0.550027
-0.550575
-0.550732
-0.551202
-0.551358
-0.551593
-0.551984
-0.551984
-0.552219
-0.552532
-0.552923
-0.553002
-0.553315
-0.553706
-0.553941
-0.554176
-0.554724
-0.554724
-0.554802
-0.555272
-0.555428
-0.555898
-0.556133
-0.556524
-0.556837
-0.556915
-0.557385
-0.557698
-0.558168
-0.558324
-0.558559
-0.559185
-0.559029
-0.559420
-0.559576
-0.559968
-0.560437
-0.560829
-0.561220
-0.561533
-0.561611
-0.562081
-0.562316
-0.562707
-0.562785
-0.563568
-0.563803
-0.563881
-0.564116
-0.564273
-0.564742
-0.565055
-0.565212
-0.565681
-0.565995
-0.565916
-0.566542
-0.566777
-0.567169
-0.567560
-0.567716
-0.567873
-0.568343
-0.568264
-0.568734
-0.568969
-0.569517
-0.569438
-0.570065
-0.570065
-0.570065
-0.570769
-0.570847
-0.571473
-0.571552
-0.572021
-0.572491
-0.572413
-0.572726
-0.572961
-0.573430
-0.573900
-0.574213
-0.574526
-0.575074
-0.575074
-0.575152
-0.575857
-0.575778
-0.576170
-0.576561
-0.576796
-0.577031
-0.577187
-0.577344
-0.577657
-0.578205
-0.578518
-0.578753
-0.578674
-0.579222
-0.579692
-0.579927
-0.580083
-0.580240
-0.580553
-0.580788
-0.581570
-0.581570
-0.581883
-0.582353
-0.582823
-0.583136
-0.583370
-0.583449
-0.583840
-0.583840
-0.584544
-0.584701
-0.584936
-0.585405
-0.585484
-0.585719
-0.586110
-0.586032
-0.586658
-0.586736
-0.587127
-0.587754
-0.587988
-0.588067
-0.588536
-0.588693
-0.589006
-0.589162
-0.589475
-0.590023
-0.590336
-0.590415
-0.590963
-0.591041
-0.591432
-0.591824
-0.592137
-0.592371
-0.592685
-0.593154
-0.593076
-0.593624
-0.593624
-0.594015
-0.594641
-0.594954
-0.594954
-0.595267
-0.595502
-0.596050
-0.596285
-0.596676
-0.596911
-0.597068
-0.597381
-0.597616
-0.597772
-0.598085
-0.598398
-0.599024
-0.599103
-0.599103
-0.599807
-0.599885
-0.600277
-0.600355
-0.601138
-0.601059
-0.601842
-0.601607
-0.602312
-0.602390
-0.602547
-0.603016
-0.603564
-0.603564
-0.603642
-0.604268
-0.604660
-0.605051
-0.605129
-0.605364
-0.605443
-0.606147
-0.606538
-0.606773
-0.606930
-0.607086
-0.607556
-0.607478
-0.607947
-0.608260
-0.608573
-0.609043
-0.609121
-0.609278
-0.609982
-0.609904
-0.610530
-0.610843
-0.610843
-0.611156
-0.611391
-0.611704
-0.611861
-0.612330
-0.612565
-0.613035
-0.613426
-0.613817
-0.613896
-0.613896
-0.614287
-0.614600
-0.614913
-0.615226
-0.615696
-0.615852
-0.616400
-0.616635
-0.616792
-0.616713
-0.617105
-0.617574
-0.617731
-0.618044
-0.618122
-0.618748
-0.619140
-0.619453
-0.619453
-0.619688
-0.620079
-0.620314
-0.620470
-0.620940
-0.621410
-0.621723
-0.621957
-0.622349
-0.622818
-0.623053
-0.623210
-0.623523
-0.623836
-0.623992
-0.624227
-0.624619
-0.625010
-0.625401
-0.625558
-0.626027
-0.626262
-0.626497
-0.626810
-0.627045
-0.627436
-0.627671
-0.628062
-0.628532
-0.628610
-0.628845
-0.629237
-0.629941
-0.629784
-0.629863
-0.630254
-0.630489
-0.630645
-0.631193
-0.631819
-0.631898
-0.632054
-0.632211
-0.632759
-0.633072
-0.633385
-0.633620
-0.634089
-0.634089
-0.634402
-0.634950
-0.635107
-0.635185
-0.635342
-0.635968
-0.636203
-0.636437
-0.637064
-0.637455
-0.637690
-0.637768
-0.638238
-0.638238
-0.638551
-0.638864
-0.639020
-0.639333
-0.639803
-0.640116
-0.640507
-0.640977
-0.641212
-0.641603
-0.641525
-0.641603
-0.641995
-0.642073
-0.642621
-0.642777
-0.642699
-0.643169
-0.643951
-0.644264
-0.644264
-0.644499
-0.644890
-0.644890
-0.645360
-0.645517
-0.645830
-0.645908
-0.646299
-0.646612
-0.647160
-0.647317
-0.647239
-0.647943
-0.648100
-0.648334
-0.648804
-0.648647
