-0.538522
-0.538991
-0.539226
-0.539226
-0.539931
-0.539931
-0.540557
-0.540713
-0.541340
-0.541418
-0.541809
-0.541966
-0.542279
-0.542435
-0.542905
-0.543218
-0.543375
-0.543688
-0.544001
-0.544314
-0.544392
-0.544705
-0.544940
-0.545488
-0.545801
-0.546036
-0.546505
-0.546584
-0.546897
-0.547288
-0.547601
-0.547366
-0.547836
-0.548071
-0.548462
-0.548697
-0.548932
-0.549088
-0.549480
-0.549793
-0.550027
-0.550184
-0.550419
-0.551123
-0.551749
-0.551671
-0.551828
-0.552376
-0.552532
-0.553002
-0.553393
-0.553393
-0.553628
-0.553706
-0.554254
-0.554489
-0.554724
-0.554958
-0.555115
-0.555585
-0.555976
-0.556289
-0.556524
-0.556602
-0.556915
-0.557385
-0.557463
-0.557698
-0.558011
-0.558402
-0.558872
-0.558950
-0.559263
-0.559185
-0.559811
-0.560203
-0.560203
-0.561220
-0.561377
-0.561455
-0.561846
-0.562159
-0.562316
-0.562785
-0.563177
-0.563412
-0.563725
-0.563960
-0.564429
-0.564742
-0.564586
-0.564899
-0.565525
-0.565681
-0.566151
-0.566308
-0.566464
-0.567012
-0.567325
-0.567638
-0.567795
-0.568108
-0.568421
-0.568734
-0.569047
-0.569282
-0.569438
-0.569830
-0.570143
-0.570065
-0.570456
-0.570612
-0.571239
-0.571708
-0.571630
-0.572100
-0.572334
-0.572647
-0.573039
-0.573195
-0.573587
-0.573822
-0.574056
-0.574213
-0.574917
-0.574996
-0.575074
-0.575465
-0.575622
-0.576091
-0.576483
-0.576639
-0.576952
-0.577187
-0.577657
-0.578048
-0.578439
-0.578518
-0.578987
-0.579066
-0.579613
-0.579770
-0.580005
-0.580161
-0.580631
-0.580709
-0.581257
-0.581492
-0.581962
-0.582196
-0.582588
-0.582744
-0.583136
-0.583214
-0.583918
-0.584388
-0.584231
-0.584466
-0.584779
-0.585014
-0.585249
-0.585797
-0.585875
-0.586345
-0.586658
-0.586893
-0.587362
-0.587440
-0.587754
-0.587988
-0.587988
-0.588301
-0.588536
-0.589006
-0.589319
-0.589554
-0.589867
-0.590258
-0.590336
-0.590963
-0.590650
-0.591432
-0.591667
-0.592215
-0.592215
-0.592528
-0.592763
-0.593154
-0.593546
-0.593859
-0.594172
-0.594406
-0.594406
-0.594954
-0.595267
-0.595346
-0.595815
-0.596207
-0.596520
-0.596676
-0.597068
-0.597537
-0.597772
-0.597850
-0.598320
-0.598476
-0.598633
-0.599024
-0.599416
-0.599807
-0.600277
-0.600668
-0.600981
-0.601372
-0.601529
-0.602233
-0.602233
-0.602703
-0.603016
-0.603016
-0.603407
-0.603407
-0.603799
-0.604503
-0.604660
-0.604816
-0.605208
-0.605599
-0.605677
-0.606225
-0.606538
-0.606695
-0.607086
-0.607321
-0.607634
-0.607869
-0.607869
-0.608260
-0.609199
-0.609356
-0.609669
-0.609669
-0.609904
-0.610295
-0.610843
-0.611000
-0.610921
-0.611313
-0.611469
-0.611939
-0.612487
-0.612643
-0.612878
-0.613269
-0.613504
-0.613817
-0.613896
-0.614209
-0.614600
-0.615148
-0.614991
-0.615461
-0.615696
-0.615852
-0.616165
-0.616557
-0.616948
-0.617183
-0.617731
-0.617496
-0.617887
-0.617966
-0.618279
-0.618592
-0.618905
-0.619218
-0.619375
-0.620079
-0.620157
-0.620627
-0.620783
-0.621096
-0.621410
-0.621644
-0.622114
-0.622271
-0.622897
-0.622818
-0.623131
-0.623210
-0.623523
-0.624149
-0.624227
-0.624462
-0.625010
-0.625245
-0.625088
-0.625480
-0.625793
-0.626027
-0.626497
-0.626654
-0.627436
-0.627593
-0.627906
-0.627906
-0.628532
-0.628689
-0.628689
-0.629237
-0.629706
-0.629941
-0.630176
-0.630567
-0.630802
-0.631115
-0.631037
-0.631585
-0.631976
-0.632054
-0.632289
-0.632680
-0.632915
-0.633307
-0.633463
-0.633620
-0.634168
-0.634402
-0.634872
-0.634950
-0.635185
-0.635811
-0.635968
-0.636437
-0.636594
-0.637064
-0.637298
-0.637377
-0.637690
-0.638081
-0.638394
-0.638629
-0.639333
-0.639255
-0.639333
-0.639725
-0.640038
-0.640351
-0.641055
-0.641368
-0.641603
-0.641838
-0.642073
-0.642386
-0.642621
-0.643090
-0.643403
-0.643560
-0.643951
-0.644108
-0.644577
-0.644812
-0.645047
-0.645282
-0.645517
-0.645438
-0.646221
-0.646221
-0.646534
-0.647082
-0.647160
-0.647630
-0.648100
-0.648021
-0.648334
-0.648804
-0.649117
-0.649587
-0.649587
-0.649900
-0.650213
-0.650682
-0.650839
-0.651074
-0.651465
-0.651700
-0.651935
-0.652404
-0.652717
-0.652952
-0.652952
-0.653265
-0.653578
-0.653892
-0.654205
-0.654361
-0.654674
-0.654831
-0.654752
-0.655066
-0.655300
-0.655535
-0.655300
-0.655144
-0.655066
-0.654909
-0.654674
-0.654831
-0.654831
-0.655066
-0.654674
-0.654831
-0.654126
-0.654048
-0.653970
-0.654126
-0.653657
-0.653657
-0.653031
-0.653187
-0.652717
-0.652013
-0.652091
-0.652013
-0.651622
-0.651230
-0.650839
-0.650369
-0.650213
-0.649978
-0.649587
-0.649352
-0.648961
-0.648647
-0.648491
-0.648334
-0.648100
-0.647708
-0.647239
-0.647239
-0.646456
-0.646299
-0.645908
-0.645751
-0.645282
-0.644812
-0.644577
-0.644264
-0.644030
-0.644108
-0.643482
-0.643169
-0.642621
-0.642621
-0.642386
-0.641916
-0.641134
-0.640899
-0.640586
-0.640507
-0.640038
-0.639568
-0.639412
-0.639177
-0.638707
-0.638316
-0.637690
-0.637690
-0.637064
-0.636829
-0.636672
-0.636281
-0.635889
-0.635655
-0.635576
-0.635263
-0.634481
-0.634715
-0.634011
-0.633620
-0.633463
-0.632993
-0.633072
-0.632602
-0.632289
-0.631976
-0.631506
-0.631272
-0.631037
-0.630411
-0.629863
-0.629628
-0.629080
-0.628923
-0.628845
-0.628062
-0.627593
-0.627515
-0.627280
-0.626888
-0.626888
-0.626262
-0.626027
-0.625793
-0.625558
-0.625010
-0.624932
-0.624462
-0.623992
-0.623836
-0.623445
-0.623053
-0.622349
-0.622192
-0.621801
-0.621410
-0.621410
-0.621018
-0.620314
-0.620079
-0.619688
-0.619609
-0.618983
-0.618592
-0.618357
-0.618357
-0.617966
-0.617809
-0.617340
-0.616713
-0.616713
-0.616557
-0.615696
-0.615226
-0.615226
-0.614991
-0.614444
-0.614209
-0.613817
-0.613426
-0.613191
-0.612722
-0.612878
-0.612252
-0.612017
-0.611548
-0.611313
-0.610687
-0.610608
-0.610452
-0.610060
-0.609747
-0.609278
-0.608886
-0.608495
-0.608104
-0.607478
-0.607164
-0.606930
-0.607008
-0.606538
-0.606382
-0.606147
-0.605677
-0.605364
-0.605051
-0.604816
-0.604268
-0.604112
-0.603799
-0.603721
-0.603094
-0.602781
-0.602860
-0.601999
-0.601999
-0.601372
-0.601294
-0.600668
-0.600277
-0.599964
-0.599259
-0.598790
-0.598790
-0.598242
-0.597850
-0.597772
-0.597459
-0.597068
-0.596989
-0.596520
-0.596441
-0.596207
-0.595894
-0.595659
-0.595189
-0.594876
-0.594250
-0.593859
-0.593702
-0.593232
-0.592685
-0.592293
-0.592293
-0.591824
-0.591197
-0.591197
-0.590650
-0.590650
-0.590102
-0.589867
-0.589554
-0.589084
-0.588771
-0.588615
-0.588380
-0.587910
-0.587675
-0.587206
-0.586893
-0.586579
-0.586032
-0.586110
-0.585562
-0.585249
-0.585092
-0.584544
-0.584310
-0.584075
-0.583762
-0.583292
-0.583057
-0.582744
-0.582196
-0.581883
-0.581492
-0.581335
-0.580788
-0.580631
-0.579927
-0.579770
-0.579379
-0.578909
-0.578909
-0.578753
-0.578439
-0.577892
-0.577657
-0.577344
-0.577031
-0.576483
-0.576248
-0.575857
-0.575152
-0.575074
-0.574839
-0.574604
-0.574369
-0.573743
-0.573587
-0.573274
-0.572804
-0.572491
-0.572100
-0.572021
-0.571552
-0.571239
-0.570847
-0.570534
-0.569986
-0.569830
-0.569517
-0.569125
-0.568812
-0.568656
-0.568577
-0.568030
-0.567716
-0.567560
-0.567169
-0.567325
-0.566542
-0.565681
-0.565838
-0.565447
-0.564977
-0.564899
-0.564742
-0.564194
-0.563725
-0.563412
-0.563020
-0.562942
-0.562629
-0.562316
-0.561846
-0.561455
-0.561142
-0.560672
-0.560124
-0.559733
-0.559733
-0.559263
-0.558794
-0.558324
-0.558402
-0.557933
-0.557776
-0.557541
-0.557150
-0.556759
-0.556289
-0.556133
-0.555976
-0.555428
-0.554880
-0.554567
-0.554332
-0.554176
-0.554019
-0.553628
-0.552923
-0.553002
-0.552376
-0.552141
-0.552219
-0.551828
-0.551202
-0.550654
-0.550419
-0.550341
-0.549871
-0.549401
-0.549167
-0.548932
-0.548540
-0.548071
-0.547914
-0.547445
-0.547366
-0.547132
-0.546349
-0.546192
-0.545957
-0.545801
-0.545331
-0.545018
-0.544392
-0.544157
-0.544001
-0.543296
-0.543453
-0.542827
-0.542748
-0.542592
-0.542122
-0.541574
-0.541653
-0.541183
-0.541026
-0.540713
-0.540322
-0.539774
-0.539383
-0.538991
-0.538365
-0.538130
-0.537896
-0.537426
-0.537191
-0.537191
-0.536722
-0.536409
-0.536095
-0.535782
-0.535469
-0.535078
-0.534921
-0.534295
-0.534139
-0.533591
-0.533591
-0.533121
-0.532417
-0.532495
-0.532339
-0.531947
-0.531556
-0.531478
-0.530538
-0.530617
-0.530304
-0.530069
-0.529521
-0.529129
-0.528660
-0.528660
-0.528190
-0.527955
-0.527642
-0.527564
-0.527173
-0.526938
-0.526703
-0.526155
-0.525920
-0.525764
-0.525373
-0.524903
-0.524590
-0.524198
-0.523651
-0.523416
-0.522790
-0.522477
-0.522163
-0.522163
-0.521772
-0.521068
-0.520676
-0.520520
-0.519972
-0.519737
-0.519346
-0.519033
-0.518798
-0.518407
-0.518093
-0.517624
-0.517467
-0.516919
-0.516763
-0.516293
-0.516293
-0.515902
-0.515432
-0.515041
-0.514884
-0.514650
-0.514180
-0.514023
-0.513476
-0.513006
-0.512928
-0.512771
-0.512145
-0.511832
-0.511675
-0.511362
-0.511127
-0.510501
-0.510266
-0.510110
-0.509562
-0.509171
-0.508779
-0.508701
-0.508466
-0.507997
-0.507449
-0.507449
-0.507214
-0.506666
-0.506431
-0.506118
-0.505883
-0.505414
-0.504944
-0.504709
-0.504788
-0.504631
-0.503770
-0.503535
-0.503144
-0.502596
-0.502674
-0.502518
-0.501970
-0.501500
-0.501344
-0.501265
-0.500561
-0.500091
-0.499700
-0.499465
-0.499387
-0.498996
-0.498683
-0.498056
-0.498056
-0.497430
-0.497352
-0.497352
-0.497039
-0.496569
-0.496178
-0.495787
-0.495473
-0.495317
-0.494769
-0.494534
-0.494299
-0.493986
-0.493830
-0.493517
-0.492891
-0.492577
-0.492421
-0.492030
-0.491873
-0.491638
-0.491012
-0.490699
-0.490464
-0.490073
-0.489838
-0.489447
-0.489134
-0.488821
-0.488273
-0.487881
-0.487881
-0.487803
-0.487568
-0.487099
-0.486629
-0.486394
-0.485925
-0.485925
-0.485455
-0.484985
-0.484672
-0.484124
-0.483811
-0.483811
-0.483185
-0.483029
-0.482481
-0.482246
-0.481776
-0.481776
-0.481307
-0.481072
-0.480367
-0.480289
-0.479663
-0.479506
-0.479115
-0.478959
-0.478645
-0.478489
-0.478254
-0.477863
-0.477471
-0.477158
-0.476924
-0.476454
-0.475984
-0.475749
-0.475436
-0.475123
-0.474575
-0.474497
-0.474341
-0.473714
-0.473323
-0.473010
-0.472853
-0.472384
-0.471993
-0.471914
-0.471679
-0.471132
-0.470505
-0.470505
-0.470271
-0.469723
-0.469644
-0.469331
-0.469253
-0.468862
-0.468314
-0.467922
-0.467688
-0.467609
-0.466983
-0.466748
-0.466592
-0.466122
-0.465809
-0.465340
-0.465261
-0.465105
-0.464479
-0.464087
-0.464087
-0.463383
-0.463305
-0.462678
-0.462678
-0.462365
-0.461896
-0.461583
-0.461191
-0.460878
-0.460643
-0.460330
-0.460017
-0.459782
-0.459391
-0.459078
-0.458295
-0.458217
-0.457904
-0.457982
-0.457591
-0.457043
-0.456886
-0.456417
-0.456182
-0.456025
-0.455634
-0.455165
-0.455086
-0.454617
-0.454225
-0.453912
-0.453756
-0.453364
-0.453129
-0.452738
-0.452347
-0.452034
-0.451877
-0.451486
-0.451173
-0.451016
-0.450703
-0.450234
-0.449764
-0.449607
-0.449216
-0.448825
-0.448355
-0.448433
-0.447964
-0.447729
-0.447024
-0.447024
-0.446790
-0.446320
-0.445929
-0.445694
-0.445459
-0.445303
-0.444911
-0.444598
-0.444442
-0.443894
-0.443737
-0.443502
-0.443424
-0.442954
-0.442485
-0.441937
-0.441467
-0.441311
-0.440998
-0.440372
-0.439824
-0.439589
-0.439745
-0.439197
-0.438963
-0.438728
-0.438337
-0.437867
-0.437710
-0.437319
-0.437162
-0.436693
-0.436301
-0.435910
-0.435832
-0.435206
-0.434893
-0.434580
-0.434345
-0.434188
-0.433797
-0.433562
-0.433092
-0.432936
-0.432701
-0.432153
-0.432075
-0.431370
-0.431136
-0.431214
-0.430588
-0.430275
-0.430275
-0.430118
-0.429414
-0.429101
-0.428944
-0.428553
-0.428161
-0.427692
-0.427848
-0.427457
-0.426831
-0.426674
-0.426518
-0.426126
-0.426048
-0.425813
-0.425500
-0.424874
-0.424796
-0.424561
-0.423700
-0.423544
-0.423544
-0.423152
-0.422839
-0.422761
-0.422213
-0.422135
-0.421665
-0.421587
-0.421117
-0.420569
-0.420569
-0.419865
-0.419552
-0.419160
-0.418926
-0.418691
-0.418613
-0.418299
-0.417908
-0.417673
-0.417438
-0.417125
-0.416891
-0.416264
-0.416030
-0.416030
-0.415560
-0.415090
-0.414934
-0.414386
-0.414229
-0.414308
-0.413838
-0.413368
-0.413212
-0.412821
-0.412429
-0.411960
-0.411568
-0.411412
-0.411099
-0.410864
-0.410551
-0.410394
-0.409690
-0.409690
-0.409455
-0.409220
-0.408672
-0.408516
-0.408124
-0.407733
-0.407263
-0.407107
-0.406637
-0.406402
-0.405855
-0.405541
-0.405541
-0.405072
-0.404837
-0.404367
-0.404133
-0.403820
-0.403428
-0.402959
-0.402724
-0.402645
-0.402332
-0.401863
-0.401628
-0.401315
-0.401080
-0.400532
-0.400376
-0.399515
-0.399436
-0.398810
-0.398889
-0.398262
-0.398106
-0.397793
-0.397558
-0.397323
-0.396775
-0.396619
-0.396540
-0.396149
-0.395914
-0.395366
-0.394975
-0.394975
-0.394584
-0.394192
-0.394036
-0.393723
-0.393331
-0.393097
-0.393018
-0.392940
-0.392705
-0.392001
-0.391688
-0.391375
-0.390905
-0.390592
-0.390592
-0.390201
-0.389888
-0.389418
-0.389183
-0.388792
-0.388557
-0.388087
-0.387774
-0.387461
-0.387226
-0.386913
-0.386600
-0.386365
-0.385974
-0.385896
-0.385426
-0.385270
-0.384643
-0.384409
-0.383939
-0.383939
-0.383469
-0.383078
-0.382843
-0.382530
-0.382217
-0.381982
-0.381513
-0.381591
-0.381356
-0.381043
-0.380573
-0.380260
-0.379947
-0.379165
-0.379008
-0.378930
-0.378460
-0.378225
-0.377990
-0.377834
-0.377208
-0.377051
-0.376895
-0.376816
-0.376582
-0.376112
-0.375955
-0.375408
-0.375251
-0.374860
-0.374468
-0.374077
-0.374077
-0.373686
-0.373529
-0.373138
-0.372903
-0.372355
-0.372199
-0.371885
-0.371416
-0.371181
-0.370868
-0.370477
-0.370320
-0.369850
-0.369537
-0.369381
-0.368989
-0.368520
-0.368128
-0.368207
-0.367894
-0.367346
-0.367111
-0.366720
-0.366641
-0.366328
-0.365780
-0.365389
-0.365467
-0.365154
-0.364763
-0.364528
-0.364215
-0.363980
-0.363745
-0.363354
-0.363198
-0.362806
-0.362493
-0.362102
-0.362102
-0.361789
-0.361554
-0.360771
-0.360536
-0.359988
-0.359754
-0.359519
-0.359362
-0.358501
-0.358501
-0.358032
-0.357875
-0.357484
-0.357249
-0.357171
-0.356623
-0.356231
-0.356075
-0.355605
-0.355136
-0.355292
-0.354588
-0.354588
-0.354275
-0.354118
-0.353570
-0.353414
-0.353022
-0.352631
-0.352396
-0.351927
-0.351535
-0.351614
-0.351144
-0.350674
-0.350283
-0.350205
-0.349892
-0.349422
-0.349109
-0.348561
-0.348796
-0.348483
-0.348170
-0.347857
-0.347465
-0.347074
-0.346761
-0.346448
-0.346056
-0.345900
-0.345822
-0.345430
-0.345117
-0.345117
-0.344569
-0.344256
-0.344256
-0.343630
-0.343552
-0.343317
-0.342847
-0.342456
-0.342378
-0.341986
-0.341673
-0.341595
-0.341360
-0.340734
-0.340264
-0.339951
-0.339873
-0.339638
-0.339247
-0.338777
-0.338543
-0.338229
-0.337916
-0.337760
-0.337603
-0.337290
-0.336977
-0.336429
-0.336351
-0.335881
-0.335647
-0.335490
-0.335099
-0.334942
-0.334864
-0.334316
-0.334003
-0.333690
-0.333612
-0.332907
-0.332907
-0.332594
-0.332203
-0.332203
-0.331577
-0.331342
-0.330950
-0.330794
-0.330481
-0.330324
-0.330168
-0.329620
-0.328994
-0.329150
-0.328602
-0.328602
-0.328289
-0.327898
-0.327663
-0.327506
-0.326959
-0.326802
-0.326724
-0.326489
-0.326176
-0.326098
-0.325785
-0.325080
-0.324924
-0.324689
-0.324219
-0.323906
-0.323436
-0.323358
-0.322967
-0.322889
-0.323045
-0.322497
-0.322184
-0.321871
-0.321401
-0.321088
-0.320932
-0.320619
-0.320540
-0.320306
-0.319914
-0.319758
-0.319445
-0.318975
-0.318819
-0.318349
-0.318114
-0.317644
-0.317723
-0.317331
-0.316862
-0.316470
-0.316314
-0.316001
-0.315766
-0.315375
-0.315453
-0.314905
-0.314592
-0.314279
-0.314044
-0.313888
-0.313574
-0.313183
-0.313027
-0.312479
-0.312479
-0.312322
-0.312009
-0.311774
-0.311539
-0.310913
-0.311070
-0.310444
-0.310287
-0.309974
-0.309504
-0.309348
-0.309035
-0.308722
-0.308487
-0.308409
-0.308174
-0.307704
-0.307313
-0.307235
-0.306843
-0.306452
-0.306139
-0.305826
-0.305747
-0.305278
-0.305278
-0.305043
-0.304495
-0.304573
-0.304026
-0.303712
-0.303634
-0.303165
-0.302851
-0.302538
-0.302382
-0.301912
-0.301912
-0.301599
-0.301443
-0.301286
-0.300895
-0.300425
-0.300190
-0.299721
-0.299486
-0.299251
-0.298781
-0.298547
-0.298625
-0.298155
-0.297920
-0.297842
-0.297451
-0.297060
-0.296668
-0.296512
-0.296355
-0.296120
-0.295651
-0.295494
-0.295338
-0.294711
-0.294555
-0.294320
-0.294085
-0.294007
-0.293303
-0.293068
-0.293224
-0.292676
-0.292676
-0.292285
-0.292129
-0.291659
-0.291815
-0.291268
-0.291033
-0.290563
-0.290250
-0.289937
-0.289780
-0.289154
-0.289389
-0.289076
-0.288528
-0.288450
-0.288372
-0.288137
-0.288137
-0.287511
-0.287276
-0.286884
-0.286650
-0.286728
-0.286258
-0.286023
-0.285319
-0.285476
-0.285006
-0.284771
-0.284536
-0.284302
-0.283910
-0.283675
-0.283128
-0.283206
-0.282814
-0.282736
-0.282345
-0.282110
-0.281875
-0.281562
-0.281484
-0.280779
-0.280779
-0.280075
-0.280153
-0.279371
-0.279214
-0.278744
-0.278823
-0.278666
-0.278510
-0.278275
-0.277962
-0.277492
-0.276709
-0.276788
-0.276631
-0.276396
-0.275927
-0.275692
-0.275535
-0.275222
-0.275222
-0.275066
-0.274674
-0.274674
-0.274126
-0.273892
-0.273500
-0.273344
-0.273031
-0.272639
-0.272561
-0.272561
-0.272170
-0.271935
-0.271544
-0.271152
-0.270917
-0.270683
-0.270213
-0.270056
-0.269900
-0.269509
-0.269195
-0.269039
-0.268804
-0.268804
-0.268335
-0.268100
-0.267630
-0.267317
-0.267004
-0.267004
-0.266769
-0.266378
-0.266456
-0.266065
-0.266065
-0.265595
-0.265360
-0.265047
-0.264969
-0.264421
-0.264030
-0.264030
-0.263795
-0.263169
-0.263012
-0.263247
-0.262777
-0.262386
-0.262308
-0.262229
-0.261916
-0.261368
-0.261212
-0.261134
-0.260664
-0.260273
-0.259881
-0.259647
-0.259490
-0.259255
-0.258942
-0.258786
-0.258551
-0.258238
-0.257925
-0.257533
-0.257612
-0.257064
-0.256751
-0.256985
-0.256516
-0.256203
-0.255968
-0.255733
-0.255498
-0.255107
-0.254794
-0.254559
-0.254716
-0.254168
-0.254089
-0.253698
-0.253463
-0.253463
-0.253228
-0.252759
-0.252524
-0.252524
-0.251820
-0.251585
-0.251585
-0.251037
-0.250880
-0.250567
-0.250567
-0.250176
-0.250254
-0.250176
-0.249393
-0.249471
-0.248924
-0.249080
-0.248689
-0.248532
-0.248141
-0.247906
-0.247906
-0.247436
-0.247123
-0.246889
-0.246810
-0.246732
-0.246262
-0.246106
-0.245793
-0.245715
-0.245480
-0.245323
-0.245088
-0.244932
-0.244619
-0.244619
-0.244071
-0.243836
-0.243680
-0.243523
-0.243523
-0.243053
-0.242975
-0.242897
-0.242349
-0.242349
-0.242192
-0.241566
-0.241331
-0.241097
-0.240940
-0.240627
-0.240314
-0.239923
-0.239688
-0.239531
-0.238905
-0.238827
-0.238827
-0.238749
-0.238670
-0.238044
-0.237888
-0.237731
-0.237418
-0.237261
-0.237183
-0.237027
-0.236870
-0.236400
-0.236400
-0.236166
-0.236009
-0.235774
-0.235461
-0.235305
-0.235539
-0.235148
-0.234522
-0.234365
-0.234209
-0.234052
-0.233818
-0.233974
-0.233504
-0.233348
-0.233113
-0.232800
-0.232800
-0.232487
-0.231861
-0.232252
-0.231704
-0.231783
-0.231626
-0.231469
-0.231313
-0.230843
-0.231000
-0.230608
-0.230217
-0.230061
-0.229669
-0.229748
-0.229434
-0.229434
-0.229043
-0.228730
-0.228573
-0.228339
-0.227947
-0.228104
-0.227556
-0.227321
-0.226852
-0.227321
-0.227008
-0.226695
-0.226460
-0.226304
-0.226147
-0.225991
-0.225912
-0.225443
-0.225208
-0.225051
-0.224895
-0.224738
-0.224503
-0.224190
-0.224112
-0.223956
-0.223799
-0.223642
-0.223329
-0.223329
-0.223173
-0.222781
-0.222625
-0.222390
-0.222390
-0.222234
-0.221999
-0.222155
-0.221686
-0.221373
-0.221138
-0.220981
-0.220668
-0.220590
-0.220433
-0.220199
-0.220120
-0.219964
-0.219729
-0.219729
-0.219338
-0.219416
-0.219259
-0.218946
-0.218711
-0.218477
-0.218164
-0.218085
-0.217929
-0.217772
-0.217694
-0.217694
-0.217303
-0.217303
-0.216676
-0.216911
-0.216442
-0.216207
-0.216129
-0.216129
-0.216050
-0.215346
-0.215659
-0.215346
-0.215502
-0.215189
-0.214641
-0.214641
-0.214250
-0.214485
-0.214250
-0.213780
-0.214015
-0.214094
-0.213546
-0.213389
-0.213546
-0.213076
-0.212763
-0.212841
-0.212606
-0.212685
-0.212372
-0.212215
-0.212450
-0.212450
-0.212059
-0.211824
-0.211511
-0.211354
-0.211198
-0.211198
-0.210963
-0.210806
-0.210963
-0.210337
-0.210415
-0.210650
-0.210102
-0.210102
-0.209789
-0.209945
-0.209397
-0.209163
-0.209241
-0.209319
-0.208928
-0.208849
-0.208849
-0.209006
-0.208458
-0.208302
-0.207754
-0.207597
-0.207754
-0.207362
-0.207519
-0.207284
-0.207597
-0.207206
-0.207049
-0.207049
-0.206658
-0.206658
-0.206423
-0.206188
-0.206345
-0.206345
-0.205953
-0.205719
-0.205797
-0.205562
-0.205562
-0.205562
-0.205249
-0.204779
-0.204701
-0.204623
-0.204388
-0.204623
-0.204388
-0.204075
-0.204388
-0.204232
-0.203918
-0.203918
-0.203840
-0.203371
-0.203292
-0.203058
-0.203371
-0.203136
-0.203292
-0.203136
-0.203058
-0.202901
-0.202744
-0.202353
-0.202510
-0.202040
-0.201883
-0.201962
-0.201727
-0.201962
-0.201805
-0.201649
-0.201570
-0.201336
-0.201101
-0.200944
-0.201101
-0.200944
-0.200788
-0.200553
-0.200475
-0.200083
-0.199848
-0.200083
-0.199692
-0.199927
-0.199692
-0.199457
-0.199222
-0.199066
-0.199457
-0.199066
-0.199144
-0.199144
-0.199379
-0.199066
-0.198909
-0.198753
-0.198753
-0.198361
-0.198283
-0.198048
-0.197813
-0.198127
-0.197813
-0.197657
-0.198048
-0.197579
-0.197500
-0.197500
-0.197422
-0.197031
-0.197344
-0.197187
-0.197422
-0.197266
-0.197031
-0.197344
-0.197109
-0.196874
-0.196718
-0.196639
-0.196561
-0.196639
-0.196639
-0.196326
-0.196483
-0.196405
-0.196405
-0.196248
-0.196326
-0.196248
-0.196013
-0.196013
-0.195778
-0.195622
-0.195778
-0.195622
-0.195622
-0.195700
-0.196013
-0.196013
-0.195935
-0.195465
-0.195387
-0.195387
-0.195309
-0.195387
-0.195544
-0.195465
-0.195309
-0.195074
-0.195309
-0.195152
-0.195074
-0.194839
-0.195152
-0.194839
-0.194996
-0.194917
-0.194996
-0.195074
-0.195152
-0.195387
-0.195152
-0.194996
-0.194996
-0.194996
-0.194761
-0.195231
-0.194839
-0.194761
-0.195152
-0.194917
-0.195152
-0.194917
-0.195074
-0.194839
-0.194996
-0.194761
-0.194761
-0.194917
-0.195074
-0.194917
-0.194761
-0.194996
-0.194917
-0.194996
-0.195152
-0.195152
-0.194996
-0.194761
-0.194526
-0.194917
-0.194683
-0.194526
-0.194761
-0.194996
-0.194996
-0.194683
-0.194526
-0.194526
-0.194604
-0.194996
-0.194917
-0.195152
-0.194839
-0.194996
-0.194839
-0.194917
-0.194996
-0.195074
-0.195074
-0.194996
-0.194996
-0.195074
-0.195465
-0.195231
-0.194917
-0.194917
-0.195074
-0.195231
-0.194996
-0.195309
-0.195074
-0.195074
-0.195387
-0.195387
-0.195309
-0.195309
-0.195152
-0.195231
-0.195309
-0.195544
-0.195309
-0.195935
-0.195622
-0.195622
-0.195778
-0.195778
-0.195544
-0.195857
-0.195544
-0.195700
-0.195700
-0.195544
-0.195700
-0.196170
-0.196091
-0.196013
-0.196013
-0.196248
-0.195935
-0.196091
-0.196170
-0.196561
-0.196170
-0.196326
-0.196405
-0.196326
-0.196326
-0.196639
-0.196639
-0.196718
-0.196483
-0.196561
-0.196796
-0.196718
-0.196796
-0.197031
-0.197031
-0.197187
-0.197031
-0.196639
-0.196874
-0.197031
-0.197187
-0.197031
-0.197187
-0.197266
-0.197500
-0.197500
-0.197892
-0.197187
-0.197500
-0.197422
-0.197657
-0.197579
-0.197579
-0.197657
-0.197892
-0.197892
-0.198205
-0.198440
-0.198205
-0.198048
-0.198048
-0.198127
-0.198283
-0.198440
-0.198205
-0.198283
-0.198596
-0.198909
-0.198831
-0.198909
-0.198518
-0.198596
-0.198753
-0.198753
-0.198831
-0.198674
-0.198674
-0.199066
-0.199144
-0.199535
-0.199457
-0.199535
-0.199379
-0.199066
-0.199222
-0.199222
-0.199457
-0.199222
-0.199614
-0.199770
-0.199848
-0.200083
-0.200005
-0.199692
-0.199457
-0.199770
-0.199770
-0.200162
-0.200005
-0.200240
-0.200553
-0.200396
-0.200553
-0.200396
-0.200475
-0.200240
-0.200162
-0.200240
-0.200475
-0.200240
-0.200396
-0.200475
-0.200709
-0.200631
-0.200475
-0.200083
-0.200318
-0.200553
-0.200475
-0.200475
-0.200475
-0.200709
-0.200944
-0.200631
-0.200631
-0.200944
-0.200396
-0.200005
-0.200162
-0.200240
-0.200162
-0.200631
-0.200631
-0.200709
-0.200944
-0.200553
-0.200709
-0.200162
-0.200318
-0.200396
-0.200631
-0.200396
-0.200318
-0.200240
-0.200318
-0.200631
-0.200631
-0.200396
-0.200083
-0.199848
-0.199927
-0.200083
-0.200005
-0.200005
-0.199614
-0.200005
-0.200083
-0.199770
-0.199614
-0.199222
-0.199457
-0.199301
-0.199301
-0.199066
-0.199066
-0.199614
-0.199379
-0.199222
-0.198909
-0.198909
-0.198596
-0.198596
-0.198753
-0.198596
-0.198674
-0.198205
-0.198283
-0.198361
-0.198283
-0.198127
-0.198205
-0.197970
-0.197892
-0.197500
-0.197344
-0.197344
-0.197344
-0.197187
-0.197344
-0.197579
-0.196952
-0.196639
-0.196639
-0.196483
-0.196326
-0.196013
-0.195935
-0.196170
-0.195857
-0.196013
-0.195465
-0.195465
-0.195387
-0.195387
-0.195309
-0.194604
-0.194526
-0.194370
-0.194135
-0.194213
-0.194135
-0.194056
-0.193743
-0.193352
-0.193196
-0.192961
-0.192648
-0.192491
-0.192335
-0.192021
-0.191943
-0.192021
-0.191708
-0.191630
-0.191317
-0.191082
-0.190769
-0.190065
-0.190065
-0.189830
-0.189673
-0.189360
-0.189282
-0.188734
-0.188969
-0.188499
-0.188030
-0.187638
-0.187325
-0.187169
-0.186777
-0.186386
-0.185995
-0.185838
-0.185682
-0.185447
-0.185290
-0.184899
-0.184742
-0.184351
-0.184194
-0.183568
-0.183255
-0.183177
-0.182629
-0.182394
-0.181925
-0.181768
-0.181377
-0.180672
-0.180359
-0.179890
-0.179811
-0.179420
-0.179263
-0.178716
-0.178716
-0.178011
-0.177855
-0.177307
-0.177228
-0.176915
-0.176368
-0.176133
-0.175898
-0.175741
-0.175350
-0.174802
-0.174411
-0.173550
-0.173315
-0.172845
-0.172454
-0.172063
-0.171750
-0.171280
-0.171045
-0.170810
-0.170262
-0.169480
-0.168854
-0.168932
-0.168149
-0.168071
-0.167288
-0.166975
-0.166584
-0.166271
-0.165801
-0.165175
-0.164392
-0.163923
-0.163688
-0.162983
-0.162514
-0.162357
-0.161888
-0.161575
-0.161340
-0.160400
-0.159696
-0.158600
-0.158444
-0.158052
-0.157583
-0.156800
-0.156487
-0.156017
-0.155704
-0.155235
-0.154609
-0.153904
-0.153121
-0.152808
-0.152339
-0.151947
-0.151399
-0.150773
-0.150382
-0.150069
-0.149364
-0.148660
-0.147642
-0.147095
-0.146703
-0.146703
-0.145842
-0.145294
-0.144903
-0.144355
-0.143964
-0.143338
-0.142007
-0.141851
-0.141146
-0.140911
-0.140050
-0.139424
-0.138798
-0.138250
-0.137389
-0.137154
-0.136606
-0.135745
-0.135276
-0.134885
-0.134180
-0.133554
-0.132928
-0.132302
-0.132067
-0.131441
-0.130971
-0.129797
-0.129249
-0.128858
-0.128153
-0.127449
-0.126979
-0.126353
-0.126040
-0.125570
-0.124866
-0.124005
-0.122988
-0.122127
-0.121813
-0.121422
-0.120718
-0.119465
-0.118996
-0.118604
-0.117900
-0.117196
-0.116021
-0.115395
-0.115004
-0.114691
-0.113752
-0.113047
-0.112499
-0.111951
-0.111247
-0.110621
-0.109603
-0.108586
-0.108273
-0.107647
-0.107099
-0.106629
-0.105612
-0.105064
-0.104751
-0.103968
-0.103342
-0.102324
-0.101542
-0.100759
-0.100837
-0.099976
-0.098959
-0.098489
-0.097863
-0.097315
-0.096454
-0.095515
-0.094810
-0.094262
-0.093793
-0.093245
-0.092384
-0.091993
-0.091210
-0.090506
-0.089723
-0.088862
-0.087923
-0.087453
-0.087062
-0.086514
-0.085966
-0.085027
-0.084557
-0.083931
-0.083383
-0.082444
-0.081661
-0.080722
-0.079939
-0.079078
-0.078452
-0.077513
-0.076495
-0.075947
-0.075556
-0.074695
-0.073521
-0.072738
-0.072269
-0.071564
-0.070938
-0.069842
-0.069608
-0.068512
-0.067886
-0.067338
-0.066555
-0.065851
-0.065537
-0.064677
-0.063894
-0.063268
-0.062328
-0.061781
-0.061076
-0.060450
-0.059119
-0.058728
-0.058102
-0.057710
-0.057084
-0.056223
-0.055284
-0.054345
-0.053719
-0.052858
-0.052545
-0.051527
-0.051292
-0.050666
-0.050353
-0.049492
-0.048318
-0.047770
-0.047066
-0.046283
-0.045500
-0.044953
-0.044483
-0.043700
-0.043387
-0.042683
-0.042057
-0.041352
-0.040335
-0.039552
-0.038769
-0.037830
-0.037204
-0.036891
-0.036421
-0.035638
-0.034856
-0.033760
-0.033212
-0.032742
-0.032273
-0.031177
-0.030551
-0.029846
-0.028985
-0.028516
-0.027968
-0.027107
-0.026559
-0.025933
-0.024915
-0.024211
-0.023507
-0.023115
-0.022489
-0.022098
-0.021237
-0.020376
-0.019750
-0.019045
-0.018341
-0.017480
-0.016932
-0.016775
-0.016228
-0.015758
-0.015210
-0.013958
-0.013253
-0.012627
-0.012079
-0.011453
-0.010827
-0.010201
-0.009966
-0.009105
-0.008557
-0.007540
-0.006913
-0.006287
-0.005583
-0.004644
-0.004252
-0.003861
-0.003391
-0.003235
-0.002217
-0.001669
-0.000965
-0.000339
0.000444
0.000992
0.001696
0.002088
0.002401
0.003027
0.003496
0.004279
0.005218
0.006079
0.006549
0.007019
0.007567
0.008271
0.008819
0.009210
0.009523
0.010697
0.011323
0.012263
0.012263
0.013045
0.013985
0.014298
0.015080
0.015393
0.015785
0.016724
0.017429
0.018289
0.018916
0.019385
0.020090
0.020716
0.021264
0.021655
0.022360
0.022907
0.023768
0.024160
0.024629
0.025334
0.026195
0.026508
0.026899
0.027369
0.027838
0.028465
0.029639
0.030030
0.030421
0.031204
0.031595
0.032065
0.032691
0.033004
0.033317
0.034100
0.034883
0.035274
0.036292
0.036761
0.036918
0.037935
0.037935
0.038640
0.038874
0.039735
0.040675
0.041614
0.042162
0.042475
0.043023
0.043649
0.044040
0.044432
0.045136
0.045684
0.046701
0.047249
0.047875
0.048110
0.048815
0.049284
0.049910
0.050145
0.050458
0.051006
0.052102
0.052572
0.052963
0.053746
0.054294
0.054763
0.055155
0.055624
0.056172
0.056563
0.057346
0.057972
0.058520
0.059068
0.059694
0.060242
0.060790
0.061025
0.061494
0.061964
0.062825
0.063373
0.063999
0.064547
0.064938
0.065408
0.065799
0.066504
0.066817
0.067443
0.068069
0.069087
0.069243
0.069948
0.070339
0.070965
0.071669
0.071669
0.072139
0.072609
0.073157
0.074174
0.075035
0.075192
0.075740
0.076287
0.076757
0.077070
0.077696
0.077853
0.078792
0.079653
0.080201
0.080749
0.081218
0.082001
0.082392
0.082784
0.083253
0.083645
0.084427
0.085288
0.085836
0.086228
0.086306
0.086854
0.087558
0.087950
0.088263
0.088889
0.089437
0.090141
0.090846
0.091080
0.091785
0.092176
0.092646
0.093272
0.093742
0.094055
0.094681
0.095542
0.095855
0.096403
0.097029
0.097264
0.097577
0.098046
0.098516
0.099220
0.099455
0.100238
0.100708
0.100864
0.101647
0.102351
0.102899
0.103212
0.103995
0.104386
0.105012
0.105482
0.105795
0.106030
0.106265
0.107204
0.107439
0.108143
0.108691
0.109161
0.109709
0.110100
0.110804
0.111117
0.111196
0.111665
0.112370
0.112761
0.113152
0.113779
0.114405
0.114953
0.115501
0.115735
0.116205
0.116518
0.116831
0.117379
0.118240
0.118631
0.119258
0.119414
0.119884
0.120666
0.121058
0.121527
0.121684
0.122310
0.122623
0.123171
0.123797
0.124580
0.124815
0.125128
0.125363
0.125832
0.126302
0.126850
0.127241
0.127789
0.128493
0.128885
0.129511
0.129746
0.130059
0.130607
0.131233
0.131468
0.132094
0.132485
0.133111
0.133581
0.133659
0.134129
0.134755
0.135068
0.135616
0.136164
0.136242
0.136712
0.137103
0.137651
0.138199
0.138512
0.138903
0.139295
0.139686
0.140312
0.140860
0.141330
0.141643
0.142034
0.142425
0.142817
0.143130
0.143678
0.144304
0.144695
0.144773
0.145478
0.145869
0.146339
0.146887
0.147122
0.147356
0.148139
0.148609
0.149000
0.149235
0.149704
0.150252
0.150331
0.150800
0.151113
0.151661
0.152053
0.152522
0.152914
0.153383
0.153774
0.154088
0.154401
0.154792
0.155262
0.155653
0.156279
0.156984
0.157453
0.158001
0.158392
0.158784
0.159019
0.159645
0.159801
0.160349
0.160740
0.161445
0.161758
0.162149
0.162462
0.163010
0.163480
0.163636
0.163950
0.164497
0.165202
0.165593
0.165906
0.166298
0.166846
0.167080
0.167472
0.167707
0.168098
0.168411
0.169115
0.169350
0.169976
0.169976
0.170681
0.171150
0.171463
0.172011
0.171933
0.172168
0.172794
0.173264
0.173577
0.174203
0.174751
0.174673
0.175064
0.175299
0.175847
0.176160
0.176864
0.177334
0.177490
0.178273
0.178821
0.178821
0.178821
0.179212
0.179760
0.180386
0.181091
0.181482
0.181639
0.182343
0.182499
0.182969
0.182969
0.183752
0.183830
0.184535
0.184691
0.185552
0.185787
0.185865
0.186491
0.186804
0.187196
0.187352
0.187665
0.188370
0.188918
0.189309
0.189622
0.189935
0.190561
0.190796
0.190953
0.191344
0.191814
0.192753
0.193066
0.193379
0.193849
0.194005
0.194553
0.194866
0.195101
0.195257
0.195805
0.196432
0.196588
0.197136
0.197527
0.197762
0.198545
0.198545
0.198858
0.199249
0.199562
0.200110
0.200736
0.201049
0.201441
0.201832
0.202145
0.202458
0.203006
0.203398
0.203711
0.203945
0.204650
0.204728
0.205119
0.205276
0.205746
0.205824
0.206137
0.206607
0.207233
0.207624
0.208172
0.208642
0.209033
0.209268
0.209737
0.209737
0.210285
0.210520
0.211068
0.211616
0.212399
0.212555
0.213025
0.213416
0.213338
0.213651
0.213807
0.214434
0.214903
0.215608
0.215842
0.216312
0.216782
0.217016
0.217173
0.217564
0.217956
0.218425
0.219365
0.219599
0.219912
0.220147
0.220852
0.221008
0.221243
0.221478
0.222026
0.222182
0.222808
0.223278
0.223669
0.223982
0.224452
0.224765
0.225078
0.225235
0.225783
0.226174
0.226878
0.226957
0.227583
0.227818
0.228209
0.228131
0.228600
0.228913
0.229305
0.229931
0.230244
0.230635
0.231105
0.231575
0.231966
0.232514
0.232592
0.232592
0.233375
0.234001
0.234001
0.234079
0.234940
0.235097
0.235332
0.236036
0.236427
0.236662
0.237132
0.237601
0.237915
0.238149
0.238462
0.238697
0.239089
0.239715
0.239950
0.240263
0.241202
0.241437
0.241828
0.242376
0.242532
0.242924
0.243393
0.243472
0.243785
0.244333
0.244567
0.245194
0.245428
0.246055
0.246368
0.246759
0.247072
0.247307
0.247777
0.248090
0.248637
0.248951
0.249107
0.249655
0.249890
0.250046
0.250359
0.250829
0.251220
0.251455
0.251847
0.252003
0.252394
0.252942
0.253177
0.253725
0.254429
0.254351
0.254821
0.255056
0.255447
0.255447
0.255995
0.256151
0.256699
0.256856
0.257247
0.257795
0.257873
0.258343
0.258656
0.259126
0.259360
0.259830
0.260691
0.260848
0.261082
0.261552
0.261787
0.262100
0.262491
0.262804
0.263117
0.263587
0.263822
0.264291
0.264448
0.264683
0.265387
0.265544
0.265857
0.266561
0.266874
0.267266
0.267579
0.267735
0.268283
0.268361
0.268753
0.268988
0.269144
0.269536
0.270083
0.270710
0.270944
0.271179
0.271414
0.271492
0.272118
0.272118
0.272588
0.272901
0.273606
0.273527
0.273606
0.274075
0.274701
0.274858
0.275093
0.275484
0.275875
0.276423
0.276580
0.276971
0.277362
0.277910
0.278302
0.278380
0.278615
0.279084
0.279084
0.279554
0.280258
0.280572
0.281354
0.281589
0.281746
0.281902
0.282215
0.282763
0.283233
0.283624
0.283702
0.284172
0.284407
0.285033
0.285503
0.285424
0.285972
0.285737
0.286755
0.287068
0.287459
0.287694
0.288085
0.288320
0.288555
0.289103
0.289338
0.289886
0.290120
0.290590
0.290903
0.291373
0.291608
0.291842
0.292390
0.292390
0.292938
0.293251
0.293721
0.293877
0.294112
0.294504
0.294660
0.295365
0.295365
0.295991
0.296226
0.296852
0.296930
0.297400
0.297713
0.298026
0.297947
0.298261
0.299043
0.299043
0.299356
0.300061
0.300139
0.300452
0.300765
0.301548
0.301626
0.301783
0.302252
0.302644
0.302957
0.303505
0.303896
0.304209
0.304366
0.304522
0.304835
0.305227
0.305383
0.305696
0.306166
0.306714
0.307183
0.307496
0.307653
0.308044
0.308123
0.308279
0.308670
0.309375
0.309844
0.310314
0.310158
0.310627
0.311019
0.311253
0.311801
0.312114
0.312193
0.313054
0.313054
0.313288
0.313601
0.314228
0.314775
0.314775
0.315010
0.315402
0.315949
0.316263
0.316654
0.317124
0.317045
0.317593
0.317985
0.317906
0.318219
0.318767
0.319080
0.319706
0.319785
0.320333
0.320724
0.321115
0.321585
0.321820
0.321976
0.322524
0.322916
0.323385
0.323698
0.323933
0.324011
0.324559
0.324794
0.325577
0.325498
0.325811
0.326281
0.326594
0.327142
0.327455
0.327455
0.327690
0.327925
0.328394
0.329021
0.329255
0.329647
0.330116
0.330351
0.330429
0.331134
0.331134
0.331682
0.332073
0.332386
0.332856
0.332934
0.333404
0.333717
0.333873
0.334421
0.334578
0.334578
0.335204
0.335595
0.335752
0.336221
0.336691
0.336926
0.336848
0.337239
0.337787
0.338178
0.338491
0.338804
0.339039
0.339274
0.339665
0.339900
0.340135
0.340604
0.341152
0.341309
0.341465
0.341857
0.342170
0.342561
0.343031
0.343187
0.343344
0.343579
0.344283
0.344361
0.344518
0.344909
0.345222
0.345379
0.346005
0.346083
0.346553
0.346710
0.346631
0.347336
0.347805
0.348040
0.348431
0.348588
0.348666
0.348979
0.349606
0.349762
0.350232
0.350545
0.351014
0.351406
0.351954
0.351875
0.352188
0.352501
0.352736
0.352971
0.353362
0.353676
0.353910
0.354067
0.354458
0.354771
0.354771
0.355319
0.355632
0.356102
0.356337
0.356650
0.357119
0.357354
0.357902
0.358293
0.358293
0.358528
0.358920
0.359546
0.359468
0.360015
0.360250
0.360876
0.360876
0.361033
0.361659
0.361737
0.362442
0.362833
0.363224
0.363538
0.363772
0.363694
0.364242
0.364398
0.364790
0.365338
0.365416
0.365807
0.366042
0.366355
0.366668
0.367060
0.367060
0.367216
0.367608
0.367999
0.368077
0.368625
0.369251
0.369251
0.369408
0.369877
0.370112
0.370425
0.370504
0.371365
0.371443
0.372069
0.372539
0.372460
0.372930
0.373321
0.373400
0.373713
0.373869
0.374339
0.374887
0.375043
0.375435
0.375513
0.375826
0.375982
0.376217
0.376765
0.376765
0.377235
0.377783
0.378252
0.378252
0.378644
0.378800
0.378878
0.379583
0.379661
0.379974
0.380600
0.380757
0.380992
0.381540
0.381696
0.382166
0.382322
0.382479
0.383027
0.383183
0.383496
0.383653
0.383966
0.384514
0.384592
0.384827
0.385140
0.385297
0.385844
0.386158
0.386627
0.386705
0.386940
0.387175
0.387566
0.387958
0.388114
0.388427
0.388740
0.389445
0.389523
0.389601
0.390149
0.390384
0.390541
0.391088
0.391245
0.392028
0.392263
0.392576
0.392967
0.392889
0.393124
0.393280
0.393358
0.394141
0.394376
0.394767
0.395237
0.395393
0.395706
0.396176
0.396333
0.396724
0.396880
0.397507
0.397663
0.397820
0.398133
0.398602
0.398681
0.398759
0.399072
0.399307
0.399855
0.400324
0.400559
0.400794
0.401185
0.401733
0.401811
0.402438
0.402594
0.402907
0.402986
0.403690
0.404081
0.404003
0.404629
0.405021
0.405099
0.405334
0.405412
0.405881
0.406429
0.406586
0.407134
0.407056
0.407603
0.407917
0.408151
0.408230
0.408621
0.408856
0.409482
0.409717
0.409560
0.410186
0.410186
0.410891
0.411204
0.411360
0.411752
0.412221
0.412691
0.412926
0.413004
0.413317
0.413630
0.413787
0.414256
0.414491
0.414883
0.415117
0.415274
0.415743
0.416135
0.416213
0.416291
0.416996
0.417074
0.417778
0.417857
0.418405
0.418874
0.418796
0.419344
0.419657
0.419500
0.419814
0.420127
0.420361
0.420753
0.421301
0.421849
0.422162
0.422318
0.422631
0.422788
0.423179
0.423101
0.423727
0.424118
0.424353
0.424823
0.425058
0.425449
0.425762
0.425762
0.426153
0.426623
0.426780
0.427327
0.427249
0.427719
0.427954
0.428345
0.428423
0.428736
0.428815
0.429128
0.429284
0.430067
0.430145
0.430771
0.430850
0.431084
0.431476
0.431789
0.432337
0.432258
0.432493
0.432650
0.433354
0.433511
0.433511
0.434137
0.434215
0.434607
0.434685
0.434685
0.435076
0.435311
0.435781
0.435937
0.436094
0.436563
0.437111
0.436955
0.437502
0.437659
0.437972
0.437972
0.438598
0.438755
0.438990
0.439068
0.439694
0.439929
0.440320
0.440555
0.441181
0.441494
0.441494
0.442042
0.442277
0.442512
0.442668
0.442981
0.443138
0.443686
0.443608
0.443999
0.444155
0.444782
0.444468
0.444782
0.445251
0.445799
0.446112
0.446425
0.446582
0.446504
0.446738
0.447130
0.447130
0.447599
0.447991
0.448460
0.448852
0.448852
0.449243
0.449556
0.449869
0.449713
0.450104
0.450808
0.450887
0.451591
0.451826
0.451982
0.452687
0.452765
0.452765
0.453000
0.453548
0.453704
0.454330
0.454330
0.454487
0.454957
0.454957
0.455113
0.455739
0.455896
0.456131
0.456366
0.456992
0.456992
0.457305
0.457618
0.457696
0.458166
0.458635
0.458870
0.458870
0.459105
0.459888
0.459888
0.459731
0.460436
0.460749
0.460905
0.461610
0.461531
0.462157
0.462471
0.462392
0.462705
0.462862
0.463018
0.463488
0.463879
0.464192
0.464819
0.464819
0.464740
0.464975
0.465288
0.465523
0.465914
0.466149
0.466775
0.467088
0.467010
0.467402
0.467793
0.468028
0.468184
0.468497
0.468810
0.469202
0.469280
0.469593
0.469984
0.470141
0.470219
0.470845
0.471080
0.471550
0.472019
0.472333
0.472411
0.472802
0.473194
0.473272
0.473585
0.473663
0.474054
0.474211
0.474446
0.474915
0.474994
0.475072
0.475385
0.475933
0.476168
0.476481
0.476716
0.477029
0.477890
0.477655
0.478046
0.478281
0.478281
0.478829
0.479142
0.479455
0.479846
0.480081
0.480473
0.480629
0.481020
0.481334
0.481568
0.482116
0.481803
0.482195
0.482742
0.482899
0.483369
0.483603
0.483916
0.484230
0.484543
0.484308
0.485012
0.485325
0.485951
0.485873
0.486265
0.486499
0.486734
0.486891
0.487204
0.487517
0.487595
0.488300
0.488534
0.488691
0.488847
0.489552
0.489630
0.489865
0.490178
0.490335
0.491117
0.491430
0.491352
0.491665
0.491978
0.492213
0.492683
0.492918
0.493074
0.493387
0.493622
0.493935
0.494248
0.494796
0.494953
0.495187
0.495657
0.496048
0.496361
0.496596
0.497066
0.497066
0.497457
0.497692
0.497848
0.498083
0.498475
0.498788
0.498788
0.498788
0.499336
0.499805
0.500197
0.500431
0.500666
0.500666
0.501058
0.501449
0.501684
0.502075
0.502388
0.502936
0.503093
0.503719
0.503875
0.504188
0.504345
0.504423
0.505128
0.505519
0.505675
0.505832
0.506067
0.506380
0.506615
0.506928
0.507006
0.507319
0.507554
0.507945
0.508493
0.508963
0.508885
0.509276
0.509511
0.509824
0.509980
0.510059
0.510841
0.511233
0.511311
0.511624
0.511702
0.511859
0.511859
0.512485
0.512720
0.513268
0.513581
0.513894
0.513659
0.514129
0.514442
0.514598
0.514833
0.515303
0.515694
0.515851
0.516477
0.516555
0.516712
0.516712
0.517259
0.517494
0.517572
0.518277
0.518512
0.518981
0.519060
0.519294
0.519608
0.519842
0.519999
0.520077
0.520625
0.520938
0.521251
0.521486
0.521486
0.521956
0.522347
0.522582
0.522660
0.523130
0.523678
0.524069
0.524225
0.524304
0.524617
0.524852
0.524852
0.525399
0.525713
0.526026
0.526417
0.526652
0.526652
0.526495
0.526887
0.527121
0.527356
0.528061
0.528687
0.528843
0.529000
0.529391
0.529313
0.529861
0.529861
0.529939
0.530644
0.530644
0.531191
0.531583
0.531583
0.532052
0.532365
0.532287
0.532679
0.533070
0.533148
0.533618
0.533853
0.534009
0.534400
0.534557
0.534714
0.534792
0.535261
0.535731
0.536122
0.536201
0.536436
0.536670
0.536905
0.537296
0.537296
0.537531
0.537923
0.538314
0.538471
0.538862
0.539175
0.539097
0.539410
0.539645
0.539958
0.540349
0.541132
0.541053
0.541210
0.541367
0.541445
0.541758
0.542149
0.542384
0.542775
0.543480
0.543715
0.543715
0.544028
0.544184
0.544106
0.544732
0.545045
0.545593
0.545750
0.545984
0.546689
0.546767
0.546924
0.547080
0.547080
0.547628
0.547863
0.548254
0.548724
0.548880
0.548959
0.549272
0.549350
0.550054
0.550211
0.550837
0.551150
0.551542
0.551776
0.552089
0.551855
0.552246
0.552559
0.552794
0.552950
0.553264
0.553890
0.554046
0.554359
0.554359
0.554751
0.554907
0.554829
0.555142
0.556159
0.556238
0.556551
0.557020
0.557177
0.557255
0.557334
0.557490
0.558195
0.558351
0.558821
0.558742
0.559055
0.559525
0.559760
0.560230
0.560230
0.560699
0.560934
0.561247
0.561795
0.562108
0.562343
0.562656
0.562969
0.563204
0.563673
0.563517
0.564221
0.564534
0.564769
0.564926
0.565317
0.565552
0.565787
0.566100
0.566491
0.566804
0.567196
0.567665
0.567587
0.567822
0.567900
0.568135
0.568448
0.568839
0.569387
0.569387
0.569778
0.570013
0.570405
0.570248
0.570561
0.571031
0.571657
0.571500
0.572205
0.572674
0.572518
0.573066
0.573144
0.573222
0.573301
0.573692
0.574083
0.574396
0.574866
0.574788
0.575492
0.575727
0.575570
0.576118
0.576275
0.576979
0.577136
0.577214
0.577371
0.577840
0.578075
0.578153
0.578232
0.578701
0.579171
0.579484
0.579797
0.580110
0.580267
0.580501
0.580893
0.580893
0.581519
0.581989
0.582145
0.582302
0.582771
0.582771
0.583241
0.583319
0.583632
0.583867
0.584102
0.584337
0.584493
0.584963
0.585276
0.585354
0.585745
0.585980
0.586137
0.586528
0.586528
0.586685
0.587311
0.587311
0.587389
0.587859
0.588172
0.588407
0.588876
0.589033
0.588955
0.589268
0.589581
0.589894
0.590129
0.590363
0.590911
0.591146
0.591537
0.591616
0.591694
0.591929
0.592555
0.592555
0.592711
0.593181
0.593651
0.593572
0.593651
0.594042
0.594433
0.594903
0.594747
0.595138
0.595451
0.595451
0.595607
0.595764
0.596312
0.596547
0.597016
0.597016
0.597251
0.597564
0.597956
0.597877
0.598034
0.598190
0.598738
0.598895
0.599130
0.599599
0.600225
0.599991
0.600069
0.600304
0.600538
0.600930
0.601321
0.601556
0.601869
0.602260
0.602573
0.602652
0.602887
0.603043
0.603434
0.603748
0.603904
0.604217
0.604452
0.604922
0.604843
0.605078
0.605469
0.605861
0.605861
0.605783
0.606252
0.606878
0.606800
0.606957
0.607191
0.607426
0.607661
0.607583
0.608209
0.608444
0.608600
0.608992
0.609148
0.609226
0.609539
0.609931
0.610322
0.610322
0.611027
0.611183
0.611183
0.611653
0.611496
0.612122
0.612279
0.613140
0.613062
0.613375
0.613610
0.613766
0.613844
0.614157
0.614627
0.614627
0.615097
0.615410
0.615801
0.616114
0.616192
0.616114
0.616506
0.616819
0.617288
0.617445
0.617758
0.617993
0.618541
0.618384
0.618619
0.619088
0.619401
0.619480
0.619636
0.620184
0.620654
0.621045
0.620810
0.620810
0.621437
0.621593
0.621984
0.622376
0.623002
0.623158
0.623158
0.623080
0.623393
0.623706
0.623941
0.624646
0.624646
0.625193
0.625585
0.625585
0.625820
0.625898
0.625976
0.626915
0.627307
0.627463
0.627542
0.628089
0.627776
0.628168
0.628168
0.628637
0.628872
0.629498
0.629811
0.630203
0.630359
0.630516
0.630359
0.630907
0.631142
0.631690
0.632238
0.632238
0.632707
0.632864
0.632786
0.633412
0.633725
0.634038
0.634194
0.634742
0.634821
0.635055
0.635603
0.635838
0.635916
0.635995
0.636229
0.636856
0.637247
0.637717
0.637560
0.637795
0.637951
0.638108
0.638265
0.638656
0.639125
0.639673
0.639986
0.639752
0.640378
0.640534
0.640613
0.640847
0.641160
0.641552
0.642100
0.642178
0.642569
0.642882
0.643039
0.642961
0.643039
0.643352
0.643822
0.644604
0.644448
0.644917
0.644996
0.645309
0.645152
0.645857
0.646013
0.646483
0.647187
0.647031
0.647109
0.647422
0.647970
0.647735
0.648127
0.648361
0.648909
0.649144
0.649222
0.649535
0.650005
0.649848
0.649848
0.650318
0.650553
0.651022
0.651492
0.651649
0.651649
0.652118
0.652197
0.652431
0.652588
0.652823
0.653449
0.653527
0.653684
0.654232
0.654858
0.654466
0.654545
0.654858
0.655014
0.655719
0.655875
0.656267
0.656423
0.656423
0.657128
0.656971
0.657128
0.657519
0.657988
0.657910
0.658380
0.658458
0.658849
0.658928
0.659084
0.659163
0.660102
0.659945
0.660415
0.660493
0.660728
0.661119
0.661432
0.661745
0.661745
0.662137
0.662528
0.662528
0.662998
0.663076
0.663311
0.663546
0.664015
0.664250
0.664407
0.664720
0.665033
0.665033
0.665346
0.665581
0.665737
0.666285
0.666755
0.667068
0.667068
0.667459
0.667459
0.667850
0.668164
0.668085
0.668320
0.668790
0.668946
0.669259
0.669494
0.669729
0.670042
0.670355
0.670746
0.670746
0.671294
0.671607
0.671607
0.671764
0.672234
0.672468
0.673173
0.673095
0.673486
0.673877
0.674034
0.674190
0.674190
0.675208
0.675130
0.675443
0.675677
0.675834
0.676225
0.676617
0.676773
0.677086
0.677321
0.677556
0.677791
0.678104
0.678808
0.678808
0.679043
0.679356
0.679826
0.679982
0.680295
0.680530
0.681000
0.681469
0.681783
0.681939
0.682252
0.682487
0.682878
0.683348
0.683818
0.683818
0.684287
0.684444
0.684600
0.684992
0.685383
0.685774
0.686244
0.686322
0.686400
0.687105
0.687496
0.687731
0.687653
0.688357
0.688827
0.689218
0.689140
0.689531
0.690001
0.690079
0.690392
0.691018
0.691097
0.691566
0.691958
0.692349
0.692349
0.693053
0.693288
0.693601
0.693836
0.694306
0.694775
0.695245
0.695088
0.695715
0.695949
0.695793
0.696419
0.696576
0.696967
0.697202
0.697671
0.697906
0.697750
0.698376
0.698532
0.698767
0.699237
0.699628
0.699785
0.700176
0.700802
0.701272
0.701507
0.701585
0.702211
0.702681
0.702837
0.703463
0.703933
0.704011
0.704089
0.704089
0.704246
0.704402
0.704559
0.704872
0.704794
0.704950
0.704872
0.704950
0.704481
0.704402
0.704402
0.704402
0.704089
0.704402
0.703933
0.703385
0.703463
0.703072
0.702837
0.702524
0.702133
0.701820
0.701741
0.701428
0.701585
0.701037
0.700724
0.700411
0.700176
0.699706
0.699158
0.699158
0.698845
0.698611
0.698454
0.698063
0.697828
0.697750
0.697358
0.697123
0.696654
0.696654
0.696106
0.695715
0.695636
0.695010
0.694462
0.694384
0.694071
0.693366
0.693053
0.692662
0.692036
0.692505
0.691723
0.691566
0.691566
0.691175
0.690940
0.690549
0.690236
0.689766
0.689688
0.689218
0.689218
0.688435
0.688201
0.687653
0.687496
0.686948
0.686244
0.685696
0.685696
0.685305
0.684913
0.684678
0.684287
0.683896
0.683739
0.683583
0.683113
0.682565
0.682330
0.682174
0.681783
0.681078
0.680922
0.680374
0.679747
0.679356
0.679200
0.678887
0.678652
0.678339
0.677947
0.677478
0.677321
0.676695
0.676773
0.676225
0.675991
0.675443
0.675208
0.674895
0.674269
0.673956
0.673564
0.673642
0.673173
0.673173
0.672312
0.671764
0.671842
0.671294
0.671451
0.670433
0.670120
0.669729
0.669259
0.668868
0.668398
0.668007
0.668164
0.667929
0.667381
0.667068
0.666755
0.666285
0.666050
0.665424
0.664876
0.664876
0.664563
0.663859
0.663780
0.663859
0.663389
0.663233
0.662841
0.662606
0.661824
0.661745
0.661354
0.661276
0.660415
0.660024
0.659867
0.659554
0.658849
0.658771
0.658380
0.658145
0.657754
0.657206
0.657128
0.656814
0.656736
0.656188
0.655875
0.655249
0.655014
0.654545
0.654466
0.654153
0.653997
0.653605
0.653057
0.652823
0.652431
0.652275
0.651962
0.651649
0.651257
0.651101
0.650788
0.650475
0.650162
0.649535
0.649066
0.648674
0.648440
0.648205
0.648048
0.647735
0.647266
0.646639
0.646405
0.646405
0.645935
0.645700
0.645231
0.645152
0.644604
0.644526
0.644213
0.643822
0.643274
0.643117
0.642882
0.642648
0.642335
0.642100
0.641552
0.641004
0.641004
0.640847
0.640534
0.640300
0.639830
0.639360
0.638969
0.638656
0.638343
0.638186
0.637560
0.637090
0.636934
0.636699
0.636777
0.636151
0.635525
0.635369
0.634977
0.634821
0.634821
0.634429
0.633725
0.633490
0.633412
0.633255
0.632942
0.632316
0.632316
0.631377
0.631064
0.630985
0.631064
0.630124
0.629811
0.629655
0.629577
0.629498
0.629107
0.628950
0.628559
0.628559
0.628246
0.627698
0.627385
0.626759
0.626602
0.625976
0.625976
0.625741
0.625507
0.625037
0.624802
0.624567
0.624411
0.623941
0.623315
0.622845
0.622611
0.622611
0.622219
0.621750
0.621358
0.621045
0.620810
0.620732
0.620028
0.620028
0.619558
0.619088
0.618932
0.619088
0.618541
0.618227
0.618227
0.617914
0.617366
0.616819
0.616349
0.616114
0.616036
0.615879
0.615488
0.615410
0.614627
0.614627
0.614314
0.614001
0.613688
0.613453
0.613140
0.612905
0.612749
0.612435
0.611809
0.611496
0.611183
0.611183
0.610322
0.609931
0.609931
0.609696
0.609305
0.609618
0.608992
0.608835
0.608365
0.608131
0.607896
0.607270
0.607035
0.606722
0.606409
0.606330
0.606174
0.605861
0.605078
0.605000
0.604765
0.604452
0.603826
0.603669
0.603513
0.603200
0.602808
0.602730
0.602026
0.601791
0.601791
0.601321
0.600460
0.600304
0.600069
0.599756
0.599443
0.599443
0.598738
0.598738
0.598503
0.598112
0.597956
0.597329
0.596860
0.596860
0.596547
0.596312
0.596077
0.595686
0.595529
0.595138
0.594747
0.594512
0.594042
0.593886
0.593572
0.593338
0.593025
0.592790
0.592633
0.592242
0.592398
0.591772
0.591537
0.590911
0.590442
0.590363
0.590129
0.589894
0.589737
0.589502
0.589033
0.588955
0.588328
0.587859
0.587389
0.587233
0.586998
0.586841
0.586450
0.586372
0.586137
0.585824
0.585276
0.584650
0.584493
0.584024
0.583554
0.583632
0.583632
0.583319
0.582928
0.582536
0.581989
0.581675
0.581206
0.581128
0.580971
0.580423
0.580188
0.579954
0.579640
0.579249
0.579014
0.578701
0.578075
0.577605
0.577214
0.577136
0.576744
0.577058
0.576510
0.576275
0.575727
0.575023
0.574788
0.574553
0.574553
0.574240
0.573927
0.573692
0.573535
0.573144
0.572831
0.572518
0.571813
0.571579
0.571109
0.571109
0.570718
0.570561
0.570326
0.569857
0.569700
0.569074
0.568761
0.568370
0.568135
0.567665
0.567743
0.567274
0.567352
0.567039
0.566648
0.566178
0.565630
0.565317
0.565161
0.564926
0.564847
0.564534
0.564143
0.564065
0.563673
0.563126
0.562891
0.562499
0.562265
0.562108
0.561638
0.561482
0.560777
0.560777
0.560386
0.559603
0.559525
0.559055
0.558821
0.558429
0.558429
0.558038
0.557725
0.557803
0.557490
0.557177
0.556629
0.556159
0.555690
0.555612
0.555612
0.555533
0.554985
0.554672
0.554516
0.554046
0.553577
0.553342
0.552950
0.552794
0.552559
0.552403
0.552246
0.551933
0.551620
0.551542
0.551228
0.550524
0.550133
0.550054
0.549663
0.549193
0.548802
0.548333
0.548254
0.548098
0.547550
0.547315
0.547237
0.546611
0.546924
0.546767
0.546376
0.546063
0.545515
0.545358
0.545280
0.544654
0.544810
0.544028
0.544106
0.543949
0.543636
0.543167
0.543323
0.542854
0.542227
0.542071
0.541445
0.541758
0.541053
0.540584
0.540427
0.539958
0.539566
0.539488
0.539175
0.538940
0.538627
0.538079
0.538157
0.537844
0.537531
0.537531
0.537218
0.537140
0.536827
0.536279
0.535966
0.535809
0.535340
0.535105
0.534714
0.534635
0.534400
0.534166
0.533540
0.533461
0.532913
0.532913
0.532835
0.532209
0.531896
0.531661
0.531426
0.531113
0.530878
0.530644
0.530017
0.529704
0.529548
0.529156
0.528687
0.528687
0.528374
0.527982
0.527591
0.527278
0.527121
0.526808
0.526417
0.526260
0.526104
0.525243
0.525556
0.525165
0.524773
0.524538
0.524069
0.524147
0.523599
0.523521
0.523208
0.523051
0.522112
0.521956
0.522190
0.521251
0.521486
0.520703
0.520782
0.520077
0.519842
0.519842
0.519060
0.519216
0.519138
0.518590
0.518512
0.517807
0.517416
0.517103
0.516868
0.516555
0.516633
0.516085
0.516007
0.515694
0.515459
0.514990
0.514833
0.514442
0.513816
0.514207
0.513894
0.513581
0.513189
0.512798
0.512720
0.512485
0.511702
0.511546
0.511154
0.510998
0.510763
0.510450
0.509980
0.509824
0.509511
0.508885
0.508571
0.507867
0.507789
0.507710
0.507319
0.507241
0.506693
0.506458
0.505989
0.505832
0.505362
0.505049
0.504736
0.504501
0.504110
0.504267
0.503640
0.503719
0.503014
0.502936
0.502466
0.502388
0.501997
0.501527
0.501292
0.500979
0.500510
0.500275
0.499649
0.499257
0.499023
0.498866
0.498709
0.498396
0.498240
0.497770
0.497692
0.497222
0.496674
0.496361
0.496048
0.495657
0.495266
0.495422
0.494874
0.494639
0.494326
0.493935
0.493465
0.492604
0.492683
0.492526
0.492370
0.492057
0.491587
0.491509
0.490961
0.490882
0.490648
0.489943
0.489474
0.489239
0.489239
0.489082
0.488613
0.488065
0.487908
0.487595
0.487204
0.486734
0.486186
0.486186
0.486265
0.485873
0.485717
0.485325
0.484777
0.484308
0.484230
0.483760
0.483682
0.483447
0.483212
0.482586
0.482586
0.482273
0.481725
0.481412
0.481020
0.480864
0.479768
0.480003
0.479768
0.479455
0.478985
0.478594
0.478203
0.477968
0.477655
0.477420
0.476950
0.476950
0.476481
0.476403
0.475855
0.475620
0.475229
0.474759
0.474368
0.473820
0.473898
0.473741
0.473663
0.473585
0.472959
0.472567
0.472176
0.471550
0.471315
0.470767
0.470611
0.470767
0.470454
0.470141
0.469906
0.469593
0.469202
0.469045
0.468732
0.468576
0.467949
0.467793
0.467402
0.467480
0.467323
0.466697
0.466306
0.465758
0.465758
0.465288
0.465288
0.465053
0.464662
0.464271
0.464192
0.463801
0.463253
0.463018
0.462862
0.462705
0.462549
0.462392
0.461766
0.461766
0.461375
0.460905
0.460201
0.459809
0.459340
0.459261
0.459105
0.458635
0.458557
0.458166
0.457853
0.457696
0.456992
0.456757
0.456600
0.456444
0.456131
0.455896
0.455818
0.455270
0.454878
0.454565
0.454330
0.453783
0.453783
0.453391
0.453156
0.453156
0.452530
0.452374
0.451904
0.451356
0.451043
0.450652
0.450260
0.450260
0.450026
0.449869
0.449556
0.448930
0.448617
0.448460
0.448225
0.448147
0.447678
0.447521
0.447364
0.446973
0.446660
0.446112
0.445799
0.445564
0.445251
0.445016
0.444468
0.444312
0.444077
0.443999
0.443373
0.443216
0.442981
0.442590
0.442512
0.442199
0.441573
0.441338
0.441025
0.440712
0.440477
0.440007
0.439772
0.439694
0.438990
0.438911
0.438677
0.438129
0.437972
0.437581
0.437581
0.437189
0.436798
0.436328
0.435859
0.435624
0.435467
0.435233
0.434763
0.434920
0.434372
0.434059
0.433511
0.433511
0.433354
0.432963
0.432650
0.432415
0.432180
0.431789
0.431084
0.431006
0.430615
0.430615
0.429910
0.429832
0.429519
0.429206
0.429206
0.428580
0.428423
0.427719
0.427954
0.427249
0.426936
0.426545
0.426388
0.426388
0.425840
0.425605
0.425214
0.425058
0.424979
0.424588
0.424040
0.423962
0.423336
0.422788
0.422866
0.422475
0.422396
0.422005
0.421770
0.421222
0.420753
0.420596
0.420674
0.420048
0.419892
0.419344
0.418874
0.418639
0.418326
0.418013
0.417465
0.417152
0.417152
0.416839
0.416057
0.416057
0.415665
0.415352
0.415117
0.414648
0.414491
0.414022
0.414100
0.413787
0.413161
0.413161
0.412769
0.412378
0.412143
0.411439
0.411204
0.411126
0.410656
0.410343
0.410108
0.409873
0.409560
0.409169
0.408856
0.408543
0.407995
0.407525
0.407447
0.407134
0.406821
0.406742
0.406273
0.406038
0.405490
0.405412
0.405177
0.404707
0.404786
0.404238
0.403925
0.403690
0.403533
0.402829
0.402751
0.402203
0.401811
0.401968
0.401420
0.401342
0.400716
0.400559
0.400090
0.399307
0.398994
0.398602
0.398681
0.398602
0.397820
0.397898
0.397350
0.397194
0.396646
0.396411
0.396019
0.395550
0.395315
0.395002
0.394845
0.394454
0.394219
0.393984
0.393593
0.393202
0.393045
0.392732
0.392184
0.391871
0.391871
0.391715
0.391402
0.390697
0.390306
0.390384
0.389836
0.389680
0.389288
0.388740
0.388897
0.388662
0.388114
0.387879
0.387253
0.387097
0.386940
0.386392
0.386392
0.385844
0.385766
0.385531
0.384827
0.384514
0.384122
0.383966
0.383340
0.383653
0.382870
0.382479
0.382322
0.381853
0.381696
0.381227
0.380835
0.380757
0.380679
0.380131
0.379661
0.379583
0.379035
0.378644
0.378252
0.377861
0.377626
0.377391
0.377391
0.376922
0.376843
0.376452
0.376217
0.375669
0.375200
0.375121
0.374495
0.374104
0.374026
0.373634
0.373634
0.373321
0.373008
0.372539
0.371912
0.371521
0.371208
0.371286
0.370738
0.370738
0.370660
0.370112
0.369643
0.369016
0.368938
0.368625
0.368234
0.368077
0.367608
0.367608
0.366981
0.366825
0.366512
0.366277
0.365729
0.365651
0.365338
0.364946
0.364712
0.364868
0.364477
0.363772
0.363224
0.363303
0.362911
0.362520
0.362363
0.361816
0.361659
0.361033
0.360798
0.360328
0.359937
0.359781
0.359546
0.358841
0.358607
0.358372
0.358137
0.357824
0.357511
0.357119
0.356806
0.356493
0.356024
0.356024
0.355476
0.355319
0.354771
0.354850
0.354145
0.353989
0.353676
0.353519
0.353362
0.352736
0.352736
0.352267
0.351875
0.351641
0.351249
0.350780
0.350780
0.350153
0.350075
0.349762
0.349058
0.349058
0.348901
0.348588
0.348197
0.347884
0.347649
0.347257
0.346710
0.346631
0.346631
0.346162
0.345927
0.345614
0.345222
0.344909
0.344831
0.344205
0.344127
0.343657
0.343344
0.343187
0.342953
0.342326
0.341935
0.341544
0.341309
0.340839
0.340604
0.340135
0.339900
0.339665
0.339430
0.339117
0.338648
0.338256
0.337709
0.337552
0.337317
0.337082
0.336848
0.336378
0.336300
0.335595
0.335360
0.334891
0.334499
0.334343
0.334030
0.333638
0.333560
0.333091
0.333091
0.332386
0.332308
0.331917
0.331603
0.331212
0.331212
0.330742
0.330273
0.329960
0.329568
0.329021
0.328864
0.328473
0.327847
0.327533
0.327690
0.327142
0.326829
0.326829
0.326281
0.326125
0.325811
0.325264
0.325029
0.324716
0.324403
0.324090
0.324011
0.323385
0.323229
0.323072
0.322681
0.322289
0.321820
0.321350
0.320802
0.320959
0.320411
0.320098
0.320020
0.319550
0.318924
0.318689
0.318454
0.317985
0.317437
0.317202
0.316967
0.316810
0.316497
0.316341
0.315949
0.315558
0.315245
0.315089
0.314697
0.314149
0.314149
0.313993
0.313288
0.312819
0.312506
0.312271
0.311879
0.311488
0.311332
0.310862
0.310784
0.310392
0.309844
0.309688
0.309218
0.308983
0.308983
0.308279
0.308044
0.307966
0.307653
0.307496
0.307027
0.306557
0.306322
0.305774
0.305618
0.305148
0.305227
0.304522
0.304444
0.304052
0.303661
0.303505
0.303035
0.303035
0.302487
0.302174
0.301548
0.301391
0.300922
0.300530
0.300217
0.299669
0.299121
0.299200
0.298887
0.298574
0.298261
0.297947
0.297713
0.297321
0.296617
0.296382
0.296147
0.295756
0.295678
0.295365
0.294817
0.294582
0.294504
0.293877
0.293564
0.293251
0.292625
0.292782
0.292312
0.291764
0.291686
0.291216
0.290903
0.290277
0.290120
0.289651
0.289259
0.289103
0.289025
0.288242
0.288399
0.288085
0.287694
0.287224
0.286990
0.286129
0.285816
0.285816
0.285346
0.285189
0.284876
0.284407
0.284329
0.283937
0.283702
0.283154
0.283154
0.282450
0.282528
0.282215
0.282059
0.281198
0.280572
0.280337
0.280102
0.279789
0.279319
0.279006
0.278615
0.278693
0.278537
0.277676
0.276971
0.276971
0.276815
0.276423
0.276188
0.275875
0.275875
0.275484
0.275249
0.274701
0.273997
0.273449
0.273606
0.273214
0.273058
0.272666
0.272275
0.271884
0.271805
0.271571
0.270944
0.270788
0.270396
0.270396
0.269927
0.269849
0.269301
0.269066
0.268596
0.268283
0.267735
0.267422
0.267109
0.266874
0.266718
0.266092
0.266013
0.266170
0.265544
0.264839
0.264761
0.264605
0.264213
0.264057
0.263587
0.263430
0.262961
0.262804
0.262256
0.262022
0.261552
0.261082
0.261161
0.260691
0.260534
0.259752
0.259439
0.259282
0.258813
0.258499
0.258186
0.258108
0.257404
0.257325
0.257169
0.256856
0.256464
0.256073
0.255995
0.255447
0.254899
0.254508
0.253960
0.253960
0.253568
0.253099
0.252629
0.252394
0.252081
0.251925
0.251299
0.250986
0.250594
0.250672
0.250359
0.249812
0.249655
0.249498
0.249107
0.248951
0.248559
0.248246
0.247698
0.247307
0.247229
0.246837
0.246446
0.246368
0.245663
0.245585
0.245194
0.244489
0.244489
0.244254
0.243941
0.243315
0.243237
0.242846
0.242454
0.241750
0.241906
0.241202
0.240889
0.240810
0.240106
0.239558
0.239558
0.239245
0.238462
0.238462
0.237915
0.237601
0.237288
0.237132
0.236662
0.236349
0.236114
0.235645
0.235410
0.235019
0.234862
0.234236
0.234079
0.234079
0.233531
0.233297
0.232905
0.232749
0.232357
0.232123
0.231653
0.231340
0.230870
0.230479
0.230166
0.229696
0.229383
0.228992
0.228913
0.228600
0.228209
0.227818
0.227661
0.226957
0.226722
0.226409
0.225861
0.225783
0.225470
0.225313
0.224452
0.224217
0.224061
0.223591
0.223513
0.223200
0.222652
0.222261
0.222261
0.221556
0.221008
0.220773
0.220617
0.220147
0.220069
0.219756
0.219208
0.218817
0.218191
0.217564
0.217330
0.217016
0.216390
0.216782
0.216156
0.215999
0.215373
0.214903
0.214747
0.214434
0.214042
0.213729
0.213338
0.213025
0.212477
0.212164
0.211929
0.211694
0.211146
0.210833
0.210364
0.209972
0.209424
0.209268
0.208642
0.208720
0.208407
0.208094
0.207546
0.206998
0.206841
0.206372
0.206215
0.206059
0.205433
0.205276
0.204728
0.204415
0.204024
0.203554
0.203241
0.203006
0.202771
0.202223
0.202067
0.201754
0.201284
0.200502
0.200345
0.199875
0.199562
0.199406
0.198858
0.198545
0.198075
0.198153
0.197606
0.197058
0.196510
0.196666
0.196040
0.195649
0.195571
0.195257
0.194553
0.194240
0.194005
0.193770
0.193144
0.192909
0.192909
0.192283
0.191814
0.191657
0.191422
0.190718
0.190326
0.189779
0.189387
0.189152
0.189074
0.188605
0.187978
0.187587
0.187352
0.186804
0.186648
0.186491
0.185943
0.185787
0.185474
0.185395
0.184613
0.184456
0.184378
0.183830
0.183204
0.182656
0.182734
0.182343
0.182186
0.181873
0.181482
0.180934
0.180778
0.180073
0.179525
0.179290
0.179134
0.178664
0.178743
0.178351
0.177725
0.177177
0.177255
0.176708
0.176238
0.176003
0.175299
0.174986
0.174673
0.174673
0.174046
0.173733
0.173420
0.173185
0.172638
0.172638
0.172246
0.171542
0.171542
0.171307
0.170681
0.170211
0.169898
0.169507
0.169115
0.169037
0.168802
0.168254
0.167941
0.167472
0.167472
0.167159
0.166924
0.166298
0.166298
0.165828
0.165202
0.164967
0.164732
0.164106
0.163871
0.163636
0.163167
0.162619
0.162541
0.162149
0.161523
0.161210
0.160975
0.160662
0.160427
0.159880
0.159410
0.159019
0.158549
0.158471
0.158001
0.157766
0.157140
0.156670
0.156357
0.156279
0.156044
0.155418
0.155183
0.154792
0.154322
0.153853
0.153853
0.153461
0.153070
0.152835
0.152131
0.151974
0.151348
0.151270
0.151035
0.150800
0.150252
0.149861
0.149157
0.148843
0.148687
0.148139
0.147748
0.147356
0.146965
0.146808
0.146495
0.146182
0.145869
0.145321
0.144852
0.144773
0.144147
0.143756
0.143130
0.142973
0.142895
0.142504
0.142269
0.141564
0.141486
0.141095
0.140860
0.140312
0.139529
0.139608
0.139138
0.138590
0.138277
0.137964
0.137729
0.137416
0.136790
0.136399
0.136164
0.135772
0.135381
0.135068
0.134598
0.134442
0.133737
0.133268
0.132798
0.132720
0.132094
0.132094
0.131389
0.131076
0.130528
0.130215
0.130059
0.129511
0.129198
0.128963
0.128493
0.127867
0.127554
0.127241
0.127006
0.126537
0.126537
0.125989
0.125441
0.125363
0.124736
0.124267
0.123875
0.123641
0.123171
0.122936
0.122545
0.122075
0.121527
0.121214
0.120666
0.120275
0.120197
0.119492
0.119101
0.118866
0.118475
0.118240
0.117536
0.117222
0.116831
0.116362
0.115970
0.115657
0.115344
0.114640
0.114327
0.114013
0.113466
0.113309
0.112839
0.112291
0.112213
0.111665
0.111587
0.110961
0.110648
0.110256
0.110100
0.109552
0.108848
0.108613
0.108535
0.108065
0.107908
0.107360
0.106969
0.106343
0.106186
0.105639
0.104543
0.104621
0.104230
0.104073
0.103604
0.103212
0.102899
0.102351
0.102116
0.101412
0.100942
0.100786
0.100473
0.100003
0.099768
0.099377
0.098907
0.098359
0.097968
0.097029
0.097029
0.096716
0.096168
0.095777
0.095777
0.095385
0.094681
0.094055
0.093585
0.093115
0.092724
0.092568
0.092176
0.091785
0.091393
0.091237
0.090924
0.089985
0.089515
0.089124
0.088732
0.088732
0.088419
0.088028
0.087715
0.087089
0.087010
0.086776
0.086228
0.085680
0.085210
0.085132
0.084349
0.084114
0.083880
0.083253
0.083253
0.082706
0.081766
0.081297
0.081140
0.081062
0.080670
0.079888
0.079810
0.078870
0.078949
0.078244
0.077853
0.077148
0.077148
0.076522
0.076600
0.075896
0.075583
0.075348
0.075270
0.074096
0.073939
0.073313
0.073078
0.072609
0.072374
0.071983
0.071356
0.071278
0.070652
0.070261
0.069556
0.069321
0.068773
0.068226
0.068226
0.067756
0.067521
0.067052
0.066973
0.066112
0.065721
0.065095
0.065017
0.064547
0.064234
0.063921
0.063373
0.063373
0.062668
0.062434
0.061651
0.060868
0.060868
0.060555
0.060320
0.059929
0.059146
0.058911
0.058598
0.058051
0.057346
0.057190
0.056642
0.056407
0.056016
0.055859
0.055233
0.055155
0.054685
0.053824
0.053433
0.053120
0.052728
0.052415
0.052102
0.051632
0.051554
0.051006
0.050380
0.049910
0.049363
0.049050
0.048580
0.048423
0.047954
0.047406
0.047093
0.046780
0.046154
0.045371
0.045136
0.044666
0.044040
0.043884
0.043492
0.042944
0.042710
0.042631
0.041849
0.041614
0.040909
0.040596
0.039657
0.039266
0.038874
0.038483
0.037935
0.037544
0.037387
0.036683
0.036370
0.036057
0.035665
0.035117
0.034804
0.034335
0.033943
0.033630
0.033161
0.032535
0.032065
0.031908
0.031517
0.031204
0.030421
0.029952
0.029639
0.029639
0.029012
0.028073
0.027760
0.027369
0.026977
0.026586
0.025882
0.025725
0.025021
0.024473
0.024395
0.023690
0.023142
0.022907
0.022516
0.022438
0.021655
0.021264
0.020951
0.020324
0.020090
0.019542
0.018759
0.018446
0.017976
0.017507
0.017194
0.016568
0.016098
0.015707
0.015002
0.014846
0.013906
0.013593
0.013124
0.012889
0.012811
0.012184
0.011715
0.011010
0.010619
0.010228
0.009836
0.008975
0.008584
0.008427
0.008036
0.007723
0.006940
0.006392
0.006001
0.005453
0.005218
0.004514
0.004044
0.003496
0.003575
0.003105
0.002479
0.001775
0.001305
0.000914
0.000679
0.000131
-0.000339
-0.000495
-0.001121
-0.001356
-0.002374
-0.002609
-0.003235
-0.003470
-0.004096
-0.004644
-0.005113
-0.005505
-0.005896
-0.006600
-0.007070
-0.007696
-0.008087
-0.008322
-0.008870
-0.009575
-0.010044
-0.010514
-0.010749
-0.011062
-0.012001
-0.013018
-0.013410
-0.013723
-0.014036
-0.014662
-0.015367
-0.015758
-0.016228
-0.016228
-0.017402
-0.017793
-0.018341
-0.018967
-0.018967
-0.019828
-0.020219
-0.020532
-0.021237
-0.021941
-0.022489
-0.022959
-0.023350
-0.023898
-0.024524
-0.025150
-0.025385
-0.025855
-0.026403
-0.027029
-0.027498
-0.028046
-0.028594
-0.029455
-0.029533
-0.030316
-0.030786
-0.030942
-0.031647
-0.032116
-0.033134
-0.033525
-0.033760
-0.034230
-0.034856
-0.035169
-0.035951
-0.036656
-0.037047
-0.037517
-0.038300
-0.039239
-0.039630
-0.039865
-0.040491
-0.041117
-0.041822
-0.042370
-0.042839
-0.043152
-0.044013
-0.044718
-0.044953
-0.045657
-0.045892
-0.046518
-0.046831
-0.047614
-0.048005
-0.048475
-0.049257
-0.050118
-0.050431
-0.051136
-0.051605
-0.052232
-0.052779
-0.052936
-0.053875
-0.054032
-0.055049
-0.055675
-0.055989
-0.056771
-0.057163
-0.057789
-0.058024
-0.058571
-0.059041
-0.059980
-0.060215
-0.061233
-0.062172
-0.062328
-0.062563
-0.063346
-0.063816
-0.064363
-0.064911
-0.065303
-0.066164
-0.066790
-0.067416
-0.067651
-0.068120
-0.068903
-0.069060
-0.069764
-0.070312
-0.070782
-0.071643
-0.072347
-0.073364
-0.073834
-0.074069
-0.074539
-0.074930
-0.075399
-0.076339
-0.076730
-0.077591
-0.078295
-0.078922
-0.079313
-0.079548
-0.080252
-0.080800
-0.081661
-0.082052
-0.082600
-0.083305
-0.084087
-0.084870
-0.085575
-0.085809
-0.086201
-0.086827
-0.087062
-0.087844
-0.088314
-0.089410
-0.090271
-0.090740
-0.091367
-0.091680
-0.092306
-0.092697
-0.093402
-0.093793
-0.094341
-0.095280
-0.095671
-0.096767
-0.097080
-0.097393
-0.098176
-0.098567
-0.099820
-0.100133
-0.100446
-0.101229
-0.102089
-0.102950
-0.103185
-0.103655
-0.103968
-0.104672
-0.105533
-0.106316
-0.106942
-0.107568
-0.108116
-0.108977
-0.109369
-0.109995
-0.110386
-0.110856
-0.111717
-0.112186
-0.113204
-0.113673
-0.114378
-0.115082
-0.115865
-0.116256
-0.116569
-0.117039
-0.117900
-0.118761
-0.119622
-0.120405
-0.120718
-0.122283
-0.122753
-0.123144
-0.123770
-0.124318
-0.124709
-0.125492
-0.126431
-0.126744
-0.127684
-0.128232
-0.128936
-0.129406
-0.129954
-0.130580
-0.131206
-0.131675
-0.132380
-0.133397
-0.134102
-0.134728
-0.135432
-0.135511
-0.136137
-0.136606
-0.137546
-0.138172
-0.138485
-0.139346
-0.140207
-0.141146
-0.142085
-0.142398
-0.143025
-0.143494
-0.143572
-0.144355
-0.145451
-0.145999
-0.146782
-0.147408
-0.148269
-0.148895
-0.149521
-0.149912
-0.150617
-0.151399
-0.152339
-0.152730
-0.153356
-0.154139
-0.155000
-0.155626
-0.156096
-0.156565
-0.157035
-0.157348
-0.158365
-0.159383
-0.160166
-0.160714
-0.161888
-0.162592
-0.163296
-0.163610
-0.163844
-0.164392
-0.165331
-0.166427
-0.167288
-0.167523
-0.167993
-0.168697
-0.169558
-0.170184
-0.170810
-0.171202
-0.171671
-0.172611
-0.173393
-0.173863
-0.174567
-0.175350
-0.176133
-0.176681
-0.177228
-0.177542
-0.178324
-0.179107
-0.180124
-0.180751
-0.181142
-0.182003
-0.182629
-0.183255
-0.183881
-0.184508
-0.184899
-0.185760
-0.186856
-0.187482
-0.187717
-0.188499
-0.189360
-0.189830
-0.190613
-0.191160
-0.191630
-0.192491
-0.193196
-0.194370
-0.194604
-0.195309
-0.195778
-0.196796
-0.197579
-0.198048
-0.198518
-0.198596
-0.199692
-0.200866
-0.201649
-0.202353
-0.203214
-0.203449
-0.204388
-0.204936
-0.205327
-0.205953
-0.206423
-0.207675
-0.208302
-0.208849
-0.209554
-0.210493
-0.210884
-0.211511
-0.211980
-0.212450
-0.213076
-0.213859
-0.214720
-0.215502
-0.215894
-0.216442
-0.217068
-0.217616
-0.217929
-0.218790
-0.219572
-0.220433
-0.221373
-0.221842
-0.222390
-0.222938
-0.223642
-0.224112
-0.224503
-0.225051
-0.225364
-0.226147
-0.227399
-0.228104
-0.228652
-0.229200
-0.229434
-0.230061
-0.230843
-0.231391
-0.231861
-0.232252
-0.232957
-0.233896
-0.234600
-0.234913
-0.235148
-0.236166
-0.236714
-0.237418
-0.237731
-0.238044
-0.238592
-0.239844
-0.240470
-0.241253
-0.241879
-0.242271
-0.242819
-0.243288
-0.243366
-0.244071
-0.244462
-0.245558
-0.246262
-0.246889
-0.247280
-0.247750
-0.247984
-0.248611
-0.249237
-0.249706
-0.250332
-0.250489
-0.251663
-0.252602
-0.252915
-0.253072
-0.253463
-0.254246
-0.254637
-0.254872
-0.255185
-0.255655
-0.256438
-0.257298
-0.257846
-0.258081
-0.258864
-0.258786
-0.259099
-0.259881
-0.260273
-0.260664
-0.261290
-0.261838
-0.262621
-0.262777
-0.263325
-0.263638
-0.264108
-0.264734
-0.265204
-0.265673
-0.265908
-0.266769
-0.267317
-0.267552
-0.267943
-0.268335
-0.268491
-0.268961
-0.269352
-0.269822
-0.270056
-0.270683
-0.271544
-0.271857
-0.272483
-0.272483
-0.272874
-0.273266
-0.273813
-0.274048
-0.274361
-0.274596
-0.275144
-0.275770
-0.276161
-0.276396
-0.276631
-0.276944
-0.277492
-0.277962
-0.278118
-0.278118
-0.278588
-0.278979
-0.279684
-0.280232
-0.280545
-0.280779
-0.281171
-0.281249
-0.281953
-0.282110
-0.282267
-0.282971
-0.283362
-0.283597
-0.283832
-0.283832
-0.284067
-0.284615
-0.284693
-0.284771
-0.285241
-0.285789
-0.285945
-0.286337
-0.286728
-0.287198
-0.287198
-0.287276
-0.287745
-0.287902
-0.287902
-0.288215
-0.288372
-0.288685
-0.289076
-0.289546
-0.290250
-0.290172
-0.289937
-0.290407
-0.290641
-0.290563
-0.290798
-0.291189
-0.291581
-0.291815
-0.292207
-0.292442
-0.292442
-0.292755
-0.292989
-0.292598
-0.292833
-0.293068
-0.293616
-0.293850
-0.294007
-0.294242
-0.294398
-0.294398
-0.294633
-0.294711
-0.294790
-0.294790
-0.295025
-0.295181
-0.295416
-0.295494
-0.295807
-0.295885
-0.295964
-0.295964
-0.296433
-0.296277
-0.296668
-0.296590
-0.296746
-0.297060
-0.297138
-0.297294
-0.297373
-0.297451
-0.297686
-0.297764
-0.297686
-0.298155
-0.297764
-0.298234
-0.298312
-0.298390
-0.298390
-0.298625
-0.298781
-0.298703
-0.298547
-0.298781
-0.299095
-0.298860
-0.299173
-0.299016
-0.299173
-0.299329
-0.299486
-0.299329
-0.299095
-0.299329
-0.299408
-0.299408
-0.299486
-0.299721
-0.299877
-0.300112
-0.300190
-0.299956
-0.300034
-0.299642
-0.300034
-0.300190
-0.299877
-0.299799
-0.300034
-0.299956
-0.299956
-0.300190
-0.300112
-0.299877
-0.300112
-0.299642
-0.299642
-0.300034
-0.299799
-0.300034
-0.300112
-0.299642
-0.300269
-0.300034
-0.300269
-0.300269
-0.299877
-0.299956
-0.299721
-0.299956
-0.299721
-0.300034
-0.299877
-0.299799
-0.299956
-0.300112
-0.299799
-0.299564
-0.299564
-0.299721
-0.299877
-0.299329
-0.299564
-0.299877
-0.299721
-0.299642
-0.299877
-0.299642
-0.299564
-0.299329
-0.299486
-0.299251
-0.299329
-0.299486
-0.299329
-0.299486
-0.299095
-0.299408
-0.299173
-0.299251
-0.299016
-0.299408
-0.299329
-0.298938
-0.299251
-0.299095
-0.299095
-0.299016
-0.299173
-0.299173
-0.299016
-0.298860
-0.298703
-0.298468
-0.298703
-0.298703
-0.298860
-0.298703
-0.298781
-0.298938
-0.298781
-0.298468
-0.298234
-0.298077
-0.298312
-0.298234
-0.298234
-0.297764
-0.297999
-0.298155
-0.298155
-0.297999
-0.297529
-0.297842
-0.297842
-0.297529
-0.297686
-0.297529
-0.297686
-0.297607
-0.297764
-0.297607
-0.297451
-0.296903
-0.296746
-0.296981
-0.297138
-0.297138
-0.297216
-0.297294
-0.297060
-0.297138
-0.296981
-0.296903
-0.296433
-0.296355
-0.296746
-0.296433
-0.296433
-0.296433
-0.296277
-0.296512
-0.296512
-0.296277
-0.296355
-0.296042
-0.295885
-0.295729
-0.295807
-0.295885
-0.295807
-0.295807
-0.295729
-0.295807
-0.295651
-0.295572
-0.295338
-0.295416
-0.295259
-0.295338
-0.295572
-0.295416
-0.295259
-0.295103
-0.295181
-0.295259
-0.294868
-0.294946
-0.294711
-0.295181
-0.294868
-0.294946
-0.294946
-0.295025
-0.294790
-0.295025
-0.294711
-0.294790
-0.294477
-0.294242
-0.294711
-0.294711
-0.294555
-0.294398
-0.294320
-0.294477
-0.294477
-0.294711
-0.294398
-0.294242
-0.294320
-0.294477
-0.294242
-0.294164
-0.294164
-0.294164
-0.294242
-0.294320
-0.294085
-0.294085
-0.294007
-0.294007
-0.294085
-0.294320
-0.294164
-0.294085
-0.293850
-0.294242
-0.294242
-0.293929
-0.293772
-0.293929
-0.294007
-0.293929
-0.294007
-0.294007
-0.293694
-0.293537
-0.293694
-0.293616
-0.293929
-0.294007
-0.293694
-0.293537
-0.293850
-0.294007
-0.293616
-0.293694
-0.293616
-0.293772
-0.293850
-0.293850
-0.293694
-0.293459
-0.293616
-0.293929
-0.293850
-0.293850
-0.294007
-0.293850
-0.293694
-0.293537
-0.294007
-0.293929
-0.293772
-0.293694
-0.293929
-0.293694
-0.294242
-0.293694
-0.294164
-0.293694
-0.294164
-0.293929
-0.294085
-0.294242
-0.294555
-0.294398
-0.294555
-0.294242
-0.294477
-0.294398
-0.294633
-0.294555
-0.294633
-0.294477
-0.294711
-0.294398
-0.295025
-0.294711
-0.294711
-0.294555
-0.294555
-0.294633
-0.294868
-0.294868
-0.294711
-0.294946
-0.295025
-0.295025
-0.295025
-0.295494
-0.295259
-0.295338
-0.295259
-0.295572
-0.295494
-0.295259
-0.295651
-0.295572
-0.295729
-0.295964
-0.296042
-0.296120
-0.295964
-0.296199
-0.295964
-0.296277
-0.296042
-0.296199
-0.296355
-0.296355
-0.296668
-0.296668
-0.296903
-0.296825
-0.296825
-0.297060
-0.297060
-0.297060
-0.297060
-0.297138
-0.297686
-0.297686
-0.297686
-0.297764
-0.297686
-0.297686
-0.298077
-0.297842
-0.297842
-0.298077
-0.298155
-0.298390
-0.298547
-0.298468
-0.298781
-0.298860
-0.298703
-0.298860
-0.299016
-0.298938
-0.298938
-0.299251
-0.299251
-0.299408
-0.299564
-0.299721
-0.299721
-0.299877
-0.299408
-0.299877
-0.300034
-0.300269
-0.300269
-0.300425
-0.300582
-0.300582
-0.300582
-0.301130
-0.301130
-0.301051
-0.300973
-0.301130
-0.301443
-0.301599
-0.301521
-0.301834
-0.301834
-0.301991
-0.302069
-0.302225
-0.302382
-0.302304
-0.302147
-0.302304
-0.302617
-0.302851
-0.302930
-0.303243
-0.303321
-0.303478
-0.303556
-0.303321
-0.303634
-0.303791
-0.303634
-0.303712
-0.304026
-0.304260
-0.304495
-0.304808
-0.304808
-0.305043
-0.304730
-0.304965
-0.305121
-0.305043
-0.305043
-0.305278
-0.305591
-0.305904
-0.306139
-0.306374
-0.306295
-0.306687
-0.306452
-0.306608
-0.306843
-0.306843
-0.307000
-0.307235
-0.307391
-0.307469
-0.307391
-0.307861
-0.307861
-0.307861
-0.307939
-0.308096
-0.308330
-0.308252
-0.308174
-0.308722
-0.308722
-0.309035
-0.308878
-0.309035
-0.309348
-0.309191
-0.309270
-0.309974
-0.309739
-0.309896
-0.309818
-0.310444
-0.310522
-0.310209
-0.310835
-0.310992
-0.310757
-0.311070
-0.311148
-0.311618
-0.311696
-0.311774
-0.311931
-0.312166
-0.312322
-0.312400
-0.312870
-0.312713
-0.312792
-0.312870
-0.312948
-0.313027
-0.313183
-0.313731
-0.313888
-0.314122
-0.314279
-0.314279
-0.314748
-0.314827
-0.314827
-0.314748
-0.314905
-0.315140
-0.315296
-0.315453
-0.315766
-0.316001
-0.315923
-0.316470
-0.316392
-0.316392
-0.316627
-0.316784
-0.316940
-0.317018
-0.317488
-0.317331
-0.317488
-0.317958
-0.317879
-0.318192
-0.318192
-0.318740
-0.318584
-0.318662
-0.318897
-0.319210
-0.319053
-0.319445
-0.319914
-0.319914
-0.320149
-0.320306
-0.320619
-0.320854
-0.320775
-0.321167
-0.320932
-0.321323
-0.321636
-0.321871
-0.321949
-0.322262
-0.322654
-0.322497
-0.322341
-0.322889
-0.323045
-0.323045
-0.323280
-0.323750
-0.323906
-0.324063
-0.324297
-0.324376
-0.324532
-0.324610
-0.324924
-0.325158
-0.325237
-0.325237
-0.325080
-0.325550
-0.325941
-0.326176
-0.326489
-0.326567
-0.326959
-0.327037
-0.327037
-0.327193
-0.327272
-0.327585
-0.327976
-0.328211
-0.328211
-0.328446
-0.328602
-0.328994
-0.328915
-0.329072
-0.329385
-0.329620
-0.329620
-0.329855
-0.330011
-0.330402
-0.330481
-0.330950
-0.331263
-0.331498
-0.331185
-0.331733
-0.331968
-0.331811
-0.331890
-0.332516
-0.332516
-0.333064
-0.333377
-0.333533
-0.333612
-0.333533
-0.333925
-0.334159
-0.334394
-0.334629
-0.334707
-0.334942
-0.335177
-0.335177
-0.335412
-0.335647
-0.335960
-0.336038
-0.336586
-0.336429
-0.336821
-0.336977
-0.337212
-0.337368
-0.337368
-0.337682
-0.338073
-0.337995
-0.338229
-0.338543
-0.338856
-0.338699
-0.338934
-0.339012
-0.339560
-0.340108
-0.339951
-0.340656
-0.340578
-0.340656
-0.341125
-0.341125
-0.341517
-0.341830
-0.342065
-0.342065
-0.342534
-0.342691
-0.342847
-0.343239
-0.343395
-0.343630
-0.343630
-0.344334
-0.344413
-0.344100
-0.344648
-0.344961
-0.345039
-0.345274
-0.345352
-0.345665
-0.345900
-0.346369
-0.346369
-0.346761
-0.346996
-0.346839
-0.347387
-0.347857
-0.347778
-0.348091
-0.348326
-0.348405
-0.348718
-0.348874
-0.349031
-0.349187
-0.349422
-0.349657
-0.350048
-0.350126
-0.350440
-0.350674
-0.350831
-0.350987
-0.351770
-0.351457
-0.351927
-0.352475
-0.352396
-0.352553
-0.353022
-0.353022
-0.353179
-0.353962
-0.353962
-0.354040
-0.354353
-0.354588
-0.354823
-0.355057
-0.355371
-0.355449
-0.355684
-0.356153
-0.356153
-0.356231
-0.356466
-0.356779
-0.357092
-0.357327
-0.357406
-0.358032
-0.358110
-0.358110
-0.358188
-0.358423
-0.358814
-0.359049
-0.359441
-0.359597
-0.359988
-0.360067
-0.360693
-0.361006
-0.361162
-0.361554
-0.361710
-0.362102
-0.361867
-0.362571
-0.362884
-0.362963
-0.363511
-0.363824
-0.363980
-0.363980
-0.364137
-0.364450
-0.364763
-0.364841
-0.365389
-0.365467
-0.365702
-0.366172
-0.366172
-0.366563
-0.366876
-0.367033
-0.367346
-0.367346
-0.367737
-0.367894
-0.368363
-0.368442
-0.368598
-0.368911
-0.369303
-0.369616
-0.369929
-0.370320
-0.370242
-0.370320
-0.370555
-0.371181
-0.371181
-0.371651
-0.371729
-0.371964
-0.372355
-0.372512
-0.372825
-0.372825
-0.372981
-0.373294
-0.373529
-0.373607
-0.374077
-0.374547
-0.374547
-0.374860
-0.375173
-0.374938
-0.375642
-0.375955
-0.375955
-0.376347
-0.376660
-0.376816
-0.377051
-0.377286
-0.377443
-0.378069
-0.378147
-0.378538
-0.378538
-0.378695
-0.379165
-0.379321
-0.379478
-0.379947
-0.380104
-0.380495
-0.380886
-0.381043
-0.381434
-0.381747
-0.381982
-0.382139
-0.382687
-0.382608
-0.382765
-0.383000
-0.383313
-0.383469
-0.383782
-0.383861
-0.384409
-0.384722
-0.384800
-0.385270
-0.385348
-0.385739
-0.385739
-0.386444
-0.386444
-0.386835
-0.387148
-0.387305
-0.387696
-0.388087
-0.388087
-0.388244
-0.388557
-0.388792
-0.389261
-0.389183
-0.389496
-0.389653
-0.390279
-0.390201
-0.390435
-0.390983
-0.391062
-0.391531
-0.391609
-0.391844
-0.392079
-0.392627
-0.392470
-0.393097
-0.393097
-0.393175
-0.393958
-0.394192
-0.394192
-0.394584
-0.394505
-0.394818
-0.395366
-0.395758
-0.395523
-0.396149
-0.396384
-0.396619
-0.396854
-0.397088
-0.397323
-0.397401
-0.397480
-0.397793
-0.398262
-0.398575
-0.398732
-0.398654
-0.399123
-0.399280
-0.399828
-0.399984
-0.400376
-0.400924
-0.401080
-0.401080
-0.401706
-0.401706
-0.402176
-0.402645
-0.402802
-0.403037
-0.403506
-0.403506
-0.403741
-0.403976
-0.404211
-0.404446
-0.404837
-0.404680
-0.405307
-0.405307
-0.405698
-0.406089
-0.406402
-0.406559
-0.406794
-0.407342
-0.407185
-0.407420
-0.407733
-0.408281
-0.408359
-0.408594
-0.409298
-0.409377
-0.409377
-0.409690
-0.410003
-0.410316
-0.410551
-0.410864
-0.411099
-0.411255
-0.411568
-0.411960
-0.412194
-0.412351
-0.412821
-0.413212
-0.413447
-0.413916
-0.413838
-0.414386
-0.414542
-0.414699
-0.415090
-0.415403
-0.415638
-0.415795
-0.416186
-0.416264
-0.416577
-0.416656
-0.416812
-0.417204
-0.417282
-0.417595
-0.417595
-0.418065
-0.418299
-0.418691
-0.418769
-0.419160
-0.419552
-0.419708
-0.420178
-0.420100
-0.420178
-0.420961
-0.421195
-0.421274
-0.421822
-0.421978
-0.422526
-0.422761
-0.422683
-0.423152
-0.423622
-0.423778
-0.423857
-0.424326
-0.424404
-0.424952
-0.424796
-0.425500
-0.425892
-0.425970
-0.426205
-0.426205
-0.426674
-0.427222
-0.427300
-0.427535
-0.427927
-0.427927
-0.428475
-0.428788
-0.428788
-0.429022
-0.429414
-0.429570
-0.429883
-0.430118
-0.430588
-0.430901
-0.431136
-0.431292
-0.431762
-0.431684
-0.432153
-0.432388
-0.432545
-0.433092
-0.433249
-0.433327
-0.433797
-0.434032
-0.434188
-0.434423
-0.434501
-0.434893
-0.435206
-0.435441
-0.435675
-0.436223
-0.436380
-0.436380
-0.437006
-0.437319
-0.437710
-0.437632
-0.437945
-0.438337
-0.438571
-0.438650
-0.439041
-0.439432
-0.439902
-0.440215
-0.440293
-0.440763
-0.440998
-0.441624
-0.441859
-0.442015
-0.442250
-0.442876
-0.443033
-0.443424
-0.443424
-0.443737
-0.444363
-0.444755
-0.444911
-0.444833
-0.445459
-0.445616
-0.445616
-0.446242
-0.446320
-0.446868
-0.447024
-0.447338
-0.447572
-0.447572
-0.448120
-0.448120
-0.448590
-0.448433
-0.449059
-0.449294
-0.449842
-0.449764
-0.450155
-0.450625
-0.450781
-0.451329
-0.451721
-0.451799
-0.452112
-0.452347
-0.452503
-0.452660
-0.453051
-0.453364
-0.453521
-0.453834
-0.454225
-0.454460
-0.454930
-0.454930
-0.455165
-0.455478
-0.455712
-0.456260
-0.456652
-0.456652
-0.457200
-0.457434
-0.457591
-0.457904
-0.458374
-0.458608
-0.458765
-0.459078
-0.459391
-0.459704
-0.460096
-0.460174
-0.460487
-0.460800
-0.461035
-0.461035
-0.461974
-0.461817
-0.462131
-0.462444
-0.462600
-0.463148
-0.463148
-0.463226
-0.463774
-0.464479
-0.464557
-0.464322
-0.465105
-0.464948
-0.465496
-0.466122
-0.466357
-0.466514
-0.466748
-0.466670
-0.467140
-0.467609
-0.467766
-0.468079
-0.468783
-0.469097
-0.469410
-0.469410
-0.469175
-0.469801
-0.470114
-0.470584
-0.470740
-0.470662
-0.471523
-0.471836
-0.472071
-0.472227
-0.472540
-0.472853
-0.473245
-0.473558
-0.473401
-0.474262
-0.474184
-0.474419
-0.474888
-0.475202
-0.475515
-0.475984
-0.476219
-0.476376
-0.476689
-0.476845
-0.477237
-0.477550
-0.477784
-0.477941
-0.478098
-0.478411
-0.478489
-0.478959
-0.479350
-0.479741
-0.479976
-0.480133
-0.480602
-0.480759
-0.481307
-0.481150
-0.481698
-0.482011
-0.482481
-0.482637
-0.483107
-0.483263
-0.483576
-0.483890
-0.483890
-0.484437
-0.484750
-0.485142
-0.485455
-0.485846
-0.486003
-0.486238
-0.486707
-0.487020
-0.487412
-0.487568
-0.487881
-0.487960
-0.488116
-0.488664
-0.488821
-0.489134
-0.489368
-0.489681
-0.490308
-0.490777
-0.490699
-0.490699
-0.491403
-0.491560
-0.491717
-0.492186
-0.492108
-0.492656
-0.492891
-0.493204
-0.493595
-0.493830
-0.493986
-0.494221
-0.494691
-0.494926
-0.495160
-0.495317
-0.495473
-0.495708
-0.495787
-0.496100
-0.496569
-0.497039
-0.497195
-0.497430
-0.497900
-0.498369
-0.498604
-0.498839
-0.498839
-0.499152
-0.499309
-0.499622
-0.499857
-0.500483
-0.500326
-0.501031
-0.501422
-0.501500
-0.502048
-0.502205
-0.502439
-0.502987
-0.503144
-0.503066
-0.503614
-0.503848
-0.504240
-0.504709
-0.505022
-0.505257
-0.505335
-0.505492
-0.505570
-0.506118
-0.506196
-0.506275
-0.506744
-0.506979
-0.507214
-0.507918
-0.508153
-0.508310
-0.508545
-0.508701
-0.508936
-0.509640
-0.509875
-0.510188
-0.510266
-0.510188
-0.511206
-0.511440
-0.511519
-0.511832
-0.512458
-0.512301
-0.512458
-0.513241
-0.513319
-0.513476
-0.513867
-0.514180
-0.514415
-0.514728
-0.514963
-0.515197
-0.515432
-0.515824
-0.516215
-0.516606
-0.516528
-0.516919
-0.517232
-0.517624
-0.517859
-0.518328
-0.518485
-0.518641
-0.519189
-0.519424
-0.519659
-0.519659
-0.520128
-0.520050
-0.520676
-0.520911
-0.521302
-0.521459
-0.521772
-0.522085
-0.522555
-0.522711
-0.523103
-0.523337
-0.523651
-0.523885
-0.524277
-0.524668
-0.524746
-0.524825
-0.525451
-0.525686
-0.525920
-0.526155
-0.526625
-0.526703
-0.527329
-0.527251
-0.527642
-0.527642
-0.528268
-0.528503
-0.528582
-0.529129
-0.529443
-0.529677
-0.530382
-0.530460
-0.530617
-0.531086
-0.531243
-0.531712
-0.531947
-0.532495
-0.532886
-0.533356
-0.533278
-0.533356
-0.533747
-0.533904
-0.534295
-0.534530
-0.534687
-0.534921
-0.535078
-0.535391
-0.535782
-0.536095
-0.536565
-0.536878
-0.537191
-0.537426
-0.537817
-0.537739
-0.538209
-0.538600
-0.538757
-0.538991
-0.539148
-0.539305
-0.539539
-0.540009
-0.540635
-0.540713
-0.541026
-0.541496
-0.541653
-0.541809
-0.542122
-0.542357
-0.542905
-0.543218
-0.543609
-0.543688
-0.544392
-0.544314
-0.544470
-0.544862
-0.545097
-0.545566
-0.545879
-0.546114
-0.546427
-0.546897
-0.547132
-0.547523
-0.547445
-0.547679
-0.548071
-0.548619
-0.548853
-0.548932
-0.549010
-0.549480
-0.550027
-0.549949
-0.550184
-0.550732
-0.550732
-0.550810
-0.551515
-0.551671
-0.551828
-0.552376
-0.552767
-0.553158
-0.553471
-0.553550
-0.553784
-0.554489
-0.554567
-0.554802
-0.555272
-0.555428
-0.555898
-0.556211
-0.556602
-0.556994
-0.557150
-0.557463
-0.557698
-0.558168
-0.558246
-0.558324
-0.558715
-0.559420
-0.559576
-0.559576
-0.560046
-0.560359
-0.560672
-0.560750
-0.561220
-0.561455
-0.561768
-0.562003
-0.562629
-0.562551
-0.562864
-0.563177
-0.563803
-0.563960
-0.564038
-0.564820
-0.564586
-0.565212
-0.565368
-0.565447
-0.565760
-0.566151
-0.566464
-0.566699
-0.567169
-0.567325
-0.567638
-0.568030
-0.568264
-0.568186
-0.568812
-0.569047
-0.569360
-0.569830
-0.569751
-0.570299
-0.570456
-0.570847
-0.571082
-0.571395
-0.571708
-0.571865
-0.572334
-0.572569
-0.573117
-0.573195
-0.573430
-0.573587
-0.574369
-0.574448
-0.574761
-0.575152
-0.575309
-0.575778
-0.575778
-0.576013
-0.576248
-0.576796
-0.576874
-0.577344
-0.577500
-0.577500
-0.578048
-0.578205
-0.578518
-0.578909
-0.579222
-0.579300
-0.579535
-0.580005
-0.580005
-0.580553
-0.581179
-0.581335
-0.581570
-0.581962
-0.582431
-0.582509
-0.582744
-0.583370
-0.583605
-0.584153
-0.584075
-0.584466
-0.584623
-0.585249
-0.585171
-0.585405
-0.585249
-0.585719
-0.586345
-0.586736
-0.586971
-0.587049
-0.587519
-0.587832
-0.588067
-0.588145
-0.588536
-0.588693
-0.589006
-0.589397
-0.589710
-0.590180
-0.590258
-0.590493
-0.590884
-0.591354
-0.591432
-0.592058
-0.592685
-0.592371
-0.592371
-0.592763
-0.593389
-0.593389
-0.594015
-0.594172
-0.594563
-0.594641
-0.594954
-0.595346
-0.595424
-0.595972
-0.596207
-0.596441
-0.596833
-0.596911
-0.597537
-0.597929
-0.598007
-0.598398
-0.598868
-0.599181
-0.599259
-0.599885
-0.600042
-0.600746
-0.600668
-0.601372
-0.601372
-0.601686
-0.602233
-0.602547
-0.602703
-0.603173
-0.603486
-0.603721
-0.603877
-0.604190
-0.604268
-0.604660
-0.604738
-0.604895
-0.605364
-0.605834
-0.605912
-0.606147
-0.606538
-0.606617
-0.607086
-0.607399
-0.607634
-0.608182
-0.608495
-0.608730
-0.608886
-0.609199
-0.609434
-0.609826
-0.610217
-0.610530
-0.610687
-0.610843
-0.611078
-0.611234
-0.611782
-0.612252
-0.612409
-0.612643
-0.612878
-0.613426
-0.613739
-0.613661
-0.614365
-0.614444
-0.614600
-0.614991
-0.615305
-0.615539
-0.615774
-0.616322
-0.616713
-0.617026
-0.617105
-0.617183
-0.617418
-0.618044
-0.618122
-0.618592
-0.618748
-0.619140
-0.619296
-0.619531
-0.620001
-0.620157
-0.620314
-0.620627
-0.620783
-0.621175
-0.621644
-0.622114
-0.622505
-0.622662
-0.622740
-0.623445
-0.623836
-0.623836
-0.623601
-0.623992
-0.624697
-0.624775
-0.625323
-0.625401
-0.625871
-0.626027
-0.626419
-0.626419
-0.626967
-0.627045
-0.627515
-0.627749
-0.627906
-0.628376
-0.628454
-0.629002
-0.629237
-0.629628
-0.629393
-0.629863
-0.630332
-0.630802
-0.631037
-0.630958
-0.631663
-0.632133
-0.632289
-0.632524
-0.632759
-0.633150
-0.633228
-0.633776
-0.634089
-0.634246
-0.634481
-0.634872
-0.634950
-0.635263
-0.635576
-0.635889
-0.636281
-0.636516
-0.636594
-0.636829
-0.637533
-0.637690
-0.638081
-0.638159
-0.638707
-0.638864
-0.639333
-0.639490
-0.639646
-0.640038
-0.640429
-0.640586
-0.641134
-0.641212
-0.641681
-0.641838
-0.642073
-0.642229
-0.642699
-0.642777
-0.643403
-0.643325
-0.643951
-0.644186
-0.644577
-0.645047
-0.645282
-0.645360
-0.645751
-0.645517
-0.646065
-0.646299
-0.646691
-0.646847
-0.647395
-0.647552
-0.647943
-0.648100
-0.648569
-0.648961
-0.649195
-0.649274
-0.649508
-0.649900
-0.650213
-0.650604
-0.651074
-0.651387
-0.651700
-0.651778
-0.652404
-0.652483
-0.652952
