-0.535000
-0.535313
-0.535782
-0.536095
-0.536095
-0.536565
-0.536800
-0.537270
-0.537348
-0.537974
-0.538287
-0.538287
-0.538365
-0.538678
-0.538991
-0.539226
-0.539852
-0.540009
-0.540087
-0.540792
-0.540948
-0.541183
-0.541496
-0.542201
-0.542279
-0.542279
-0.542827
-0.543218
-0.543531
-0.543609
-0.544001
-0.544314
-0.544392
-0.544627
-0.545097
-0.545097
-0.545488
-0.546036
-0.545957
-0.546584
-0.546740
-0.547210
-0.547053
-0.547445
-0.547836
-0.548071
-0.548462
-0.548932
-0.548775
-0.549010
-0.549167
-0.549480
-0.550027
-0.550184
-0.550341
-0.550732
-0.551123
-0.551202
-0.551515
-0.551828
-0.551906
-0.552297
-0.552689
-0.552923
-0.553237
-0.553471
-0.553784
-0.553863
-0.554098
-0.554802
-0.554880
-0.555037
-0.555350
-0.555898
-0.556133
-0.556602
-0.556837
-0.556994
-0.557541
-0.557620
-0.557698
-0.558246
-0.558168
-0.558872
-0.559107
-0.559420
-0.559733
-0.559811
-0.560124
-0.560516
-0.561220
-0.560985
-0.561455
-0.561533
-0.562159
-0.562081
-0.562629
-0.562864
-0.563177
-0.563333
-0.563646
-0.564194
-0.564586
-0.564664
-0.564899
-0.564977
-0.565055
-0.565603
-0.565838
-0.566151
-0.566542
-0.566699
-0.567012
-0.567325
-0.567716
-0.567951
-0.567951
-0.568734
-0.568812
-0.568812
-0.569125
-0.569438
-0.569908
-0.570065
-0.570612
-0.570769
-0.570847
-0.571160
-0.571865
-0.572256
-0.572491
-0.572413
-0.572569
-0.573039
-0.573508
-0.573978
-0.574056
-0.574369
-0.574291
-0.574839
-0.575387
-0.575622
-0.576170
-0.576483
-0.576561
-0.576796
-0.577187
-0.577265
-0.577578
-0.578205
-0.578205
-0.578753
-0.578909
-0.579222
-0.579300
-0.579379
-0.580005
-0.580083
-0.580240
-0.580788
-0.581101
-0.581648
-0.581727
-0.582040
-0.582431
-0.582509
-0.583057
-0.583214
-0.583605
-0.583449
-0.583918
-0.584466
-0.584466
-0.585014
-0.585249
-0.585640
-0.585797
-0.586110
-0.586501
-0.586736
-0.587127
-0.587284
-0.587597
-0.587754
-0.588067
-0.588615
-0.588458
-0.589162
-0.589475
-0.589554
-0.589945
-0.590415
-0.590728
-0.591041
-0.591354
-0.591432
-0.591824
-0.592058
-0.592371
-0.592450
-0.592841
-0.593311
-0.593780
-0.593780
-0.594093
-0.594641
-0.594954
-0.595033
-0.595267
-0.595659
-0.595659
-0.596207
-0.596676
-0.597224
-0.596989
-0.596911
-0.597537
-0.597929
-0.598242
-0.598868
-0.598868
-0.599337
-0.599494
-0.599494
-0.599964
-0.600433
-0.601138
-0.601216
-0.601686
-0.601999
-0.602312
-0.602625
-0.602703
-0.603329
-0.603329
-0.603564
-0.604112
-0.604190
-0.604503
-0.604973
-0.605286
-0.605443
-0.605912
-0.606382
-0.606930
-0.607086
-0.607243
-0.607712
-0.607634
-0.607791
-0.608182
-0.608573
-0.608886
-0.609356
-0.609434
-0.610060
-0.610295
-0.610687
-0.610921
-0.610765
-0.611391
-0.611548
-0.612252
-0.611861
-0.612565
-0.612722
-0.613035
-0.613191
-0.613426
-0.613661
-0.614052
-0.614365
-0.614757
-0.614600
-0.614757
-0.615696
-0.615539
-0.615852
-0.616322
-0.616557
-0.616479
-0.616870
-0.617261
-0.617496
-0.617887
-0.618200
-0.618435
-0.618514
-0.619140
-0.619688
-0.619844
-0.619844
-0.620079
-0.620470
-0.620705
-0.621175
-0.621410
-0.622192
-0.622349
-0.622897
-0.623131
-0.623288
-0.623601
-0.623836
-0.623914
-0.624149
-0.624853
-0.625010
-0.625401
-0.625871
-0.625949
-0.626184
-0.626262
-0.626732
-0.626967
-0.627358
-0.627593
-0.628062
-0.628219
-0.628532
-0.628610
-0.628923
-0.629237
-0.629550
-0.629784
-0.630332
-0.630411
-0.630567
-0.630880
-0.631428
-0.631663
-0.631976
-0.632211
-0.632680
-0.632759
-0.633150
-0.633620
-0.633933
-0.634011
-0.634246
-0.634481
-0.634715
-0.635107
-0.635342
-0.635889
-0.636124
-0.636437
-0.636516
-0.636907
-0.637298
-0.637377
-0.638081
-0.638159
-0.638394
-0.638785
-0.639177
-0.639020
-0.639333
-0.639725
-0.640273
-0.640351
-0.640742
-0.641212
-0.641290
-0.641603
-0.641916
-0.642151
-0.642621
-0.642855
-0.643090
-0.643247
-0.643716
-0.644108
-0.644030
-0.644343
-0.644812
-0.644890
-0.645282
-0.645517
-0.645986
-0.646299
-0.646612
-0.646847
-0.647004
-0.647552
-0.647552
-0.647943
-0.648647
-0.648491
-0.648882
-0.649508
-0.649430
-0.649587
-0.650135
-0.650526
-0.650839
-0.651230
-0.651700
-0.651622
-0.651778
-0.651935
-0.652248
-0.652561
-0.652952
-0.653109
-0.653109
-0.653735
-0.653813
-0.653970
-0.654596
-0.654518
-0.654674
-0.654518
-0.654909
-0.654831
-0.654596
-0.654674
-0.654518
-0.654674
-0.654518
-0.654283
-0.654126
-0.654126
-0.653970
-0.653970
-0.653657
-0.653109
-0.653187
-0.653109
-0.652639
-0.652404
-0.652248
-0.651935
-0.651622
-0.651230
-0.651387
-0.650761
-0.650604
-0.650448
-0.650369
-0.649743
-0.649430
-0.649274
-0.648804
-0.648569
-0.648413
-0.647943
-0.647473
-0.647160
-0.647082
-0.646456
-0.646299
-0.646143
-0.645673
-0.645595
-0.645360
-0.644734
-0.644577
-0.644343
-0.643951
-0.643638
-0.643090
-0.642855
-0.642386
-0.641838
-0.641916
-0.641212
-0.641134
-0.640586
-0.640273
-0.639881
-0.639568
-0.639099
-0.639020
-0.638551
-0.638472
-0.638081
-0.637768
-0.637690
-0.637220
-0.636829
-0.636437
-0.635889
-0.635576
-0.635420
-0.634950
-0.634794
-0.634715
-0.634637
-0.633854
-0.633620
-0.633307
-0.632915
-0.632602
-0.632367
-0.631976
-0.631506
-0.631037
-0.630724
-0.630802
-0.630332
-0.630097
-0.629706
-0.629315
-0.629158
-0.629080
-0.628297
-0.627984
-0.627749
-0.627358
-0.627358
-0.626888
-0.626888
-0.626497
-0.625949
-0.625558
-0.625245
-0.625010
-0.624384
-0.624306
-0.623992
-0.623679
-0.623445
-0.622897
-0.622427
-0.622114
-0.621801
-0.621410
-0.621253
-0.620783
-0.620627
-0.620001
-0.620001
-0.619688
-0.619140
-0.618748
-0.618592
-0.618200
-0.617809
-0.617809
-0.617183
-0.616870
-0.616635
-0.616635
-0.615931
-0.615539
-0.615148
-0.614991
-0.614444
-0.613896
-0.613817
-0.613426
-0.613426
-0.613035
-0.612643
-0.612565
-0.612017
-0.611861
-0.611626
-0.611156
-0.610687
-0.610295
-0.610374
-0.609982
-0.609434
-0.609513
-0.608808
-0.608573
-0.608182
-0.607712
-0.607556
-0.607556
-0.607086
-0.606773
-0.606617
-0.605834
-0.605677
-0.605208
-0.605051
-0.604738
-0.604425
-0.604190
-0.603799
-0.603407
-0.603173
-0.602703
-0.602390
-0.602077
-0.601372
-0.601216
-0.600120
-0.600512
-0.600120
-0.599651
-0.598946
-0.598790
-0.598633
-0.597772
-0.597772
-0.597694
-0.596911
-0.596755
-0.596755
-0.596207
-0.595894
-0.595659
-0.595424
-0.594798
-0.594798
-0.594406
-0.594015
-0.593624
-0.593389
-0.593311
-0.592685
-0.592371
-0.592137
-0.591667
-0.591276
-0.591041
-0.590650
-0.590258
-0.589867
-0.589554
-0.589475
-0.589006
-0.588771
-0.588223
-0.588067
-0.587675
-0.587440
-0.586736
-0.586658
-0.586110
-0.586032
-0.585719
-0.585327
-0.585092
-0.585014
-0.584231
-0.583762
-0.583527
-0.582823
-0.582901
-0.582431
-0.582353
-0.581805
-0.581492
-0.581257
-0.581179
-0.580709
-0.580318
-0.579770
-0.579222
-0.579222
-0.578753
-0.578596
-0.578361
-0.577970
-0.577578
-0.577265
-0.576952
-0.576717
-0.576326
-0.575543
-0.575543
-0.575074
-0.574761
-0.574604
-0.574135
-0.573665
-0.573274
-0.573117
-0.572726
-0.572726
-0.572569
-0.571787
-0.571395
-0.571395
-0.570926
-0.570691
-0.570299
-0.569830
-0.569517
-0.569204
-0.568812
-0.568186
-0.568186
-0.568108
-0.567638
-0.567403
-0.566856
-0.566856
-0.566151
-0.565760
-0.565368
-0.564899
-0.564507
-0.564273
-0.564194
-0.563881
-0.563412
-0.563412
-0.563020
-0.562942
-0.562159
-0.561925
-0.561533
-0.561064
-0.560907
-0.560672
-0.559733
-0.559420
-0.559107
-0.559029
-0.558559
-0.558089
-0.557776
-0.557541
-0.557228
-0.556915
-0.556602
-0.556367
-0.556133
-0.555819
-0.555350
-0.554802
-0.554411
-0.554254
-0.553863
-0.553706
-0.553158
-0.552845
-0.552532
-0.552297
-0.551671
-0.551593
-0.551045
-0.550967
-0.550732
-0.550184
-0.549949
-0.550027
-0.549558
-0.549010
-0.548853
-0.548697
-0.548306
-0.547679
-0.547601
-0.547210
-0.546818
-0.546584
-0.546114
-0.545410
-0.545175
-0.544862
-0.544627
-0.544392
-0.544001
-0.543531
-0.543375
-0.543140
-0.542592
-0.542279
-0.542122
-0.541731
-0.541340
-0.541340
-0.540792
-0.540713
-0.540166
-0.539931
-0.539618
-0.539305
-0.538600
-0.538913
-0.538209
-0.537974
-0.537583
-0.537191
-0.537113
-0.536722
-0.536565
-0.535939
-0.535469
-0.535391
-0.535156
-0.534608
-0.534295
-0.533747
-0.533513
-0.533121
-0.532808
-0.532730
-0.532182
-0.531947
-0.531321
-0.531164
-0.530695
-0.530304
-0.529912
-0.529521
-0.529364
-0.529051
-0.528660
-0.528425
-0.527955
-0.527799
-0.527642
-0.527094
-0.527016
-0.526233
-0.525999
-0.525920
-0.525920
-0.525059
-0.524668
-0.524277
-0.524198
-0.523651
-0.523416
-0.523103
-0.522477
-0.522320
-0.522398
-0.522163
-0.521459
-0.520911
-0.520676
-0.520128
-0.519815
-0.519033
-0.519267
-0.519033
-0.518328
-0.517937
-0.517859
-0.517467
-0.517467
-0.516998
-0.516293
-0.516137
-0.515745
-0.515589
-0.515354
-0.515041
-0.514650
-0.514258
-0.514258
-0.513710
-0.513632
-0.513397
-0.512928
-0.512380
-0.512301
-0.512067
-0.511675
-0.511206
-0.510893
-0.510580
-0.510188
-0.509953
-0.509953
-0.509405
-0.509171
-0.509014
-0.508623
-0.508310
-0.508075
-0.507527
-0.507527
-0.507214
-0.506901
-0.506431
-0.506118
-0.505727
-0.505570
-0.505101
-0.504474
-0.504318
-0.504161
-0.503614
-0.503300
-0.503066
-0.502831
-0.502831
-0.502283
-0.501892
-0.501735
-0.501265
-0.500796
-0.500561
-0.500091
-0.499857
-0.499543
-0.499152
-0.498839
-0.498604
-0.498526
-0.498135
-0.497822
-0.497430
-0.497117
-0.496882
-0.496178
-0.496100
-0.495865
-0.495473
-0.495317
-0.494769
-0.494534
-0.494143
-0.493986
-0.493830
-0.493517
-0.493125
-0.492577
-0.492264
-0.492343
-0.491717
-0.491169
-0.490856
-0.490621
-0.490229
-0.490151
-0.489995
-0.489525
-0.489134
-0.488899
-0.488586
-0.487960
-0.487803
-0.487568
-0.487255
-0.486942
-0.486551
-0.486394
-0.486159
-0.485533
-0.485377
-0.485298
-0.484829
-0.484516
-0.484124
-0.483811
-0.483498
-0.482950
-0.482715
-0.482559
-0.482402
-0.481855
-0.481698
-0.481463
-0.480994
-0.480680
-0.480289
-0.479976
-0.479506
-0.479272
-0.478880
-0.478880
-0.478489
-0.478176
-0.477784
-0.477706
-0.477315
-0.476767
-0.476454
-0.476219
-0.475828
-0.475358
-0.475280
-0.474732
-0.474732
-0.474419
-0.473949
-0.473480
-0.473010
-0.472932
-0.472384
-0.471993
-0.472071
-0.471523
-0.471288
-0.470975
-0.470975
-0.470192
-0.469879
-0.469723
-0.469331
-0.469097
-0.468862
-0.468783
-0.468236
-0.467766
-0.467688
-0.467375
-0.466905
-0.466827
-0.466357
-0.465809
-0.465496
-0.465261
-0.464713
-0.464557
-0.464479
-0.463774
-0.463618
-0.463383
-0.462991
-0.462913
-0.462444
-0.462365
-0.461974
-0.461504
-0.461270
-0.460800
-0.460409
-0.460330
-0.460017
-0.459391
-0.459313
-0.458608
-0.458608
-0.458139
-0.457904
-0.457826
-0.457513
-0.456886
-0.456573
-0.456339
-0.455947
-0.455321
-0.454930
-0.454930
-0.454695
-0.454617
-0.454304
-0.454069
-0.453521
-0.453521
-0.453129
-0.452503
-0.452190
-0.451877
-0.451721
-0.451329
-0.451016
-0.451094
-0.450468
-0.450234
-0.450077
-0.449451
-0.449294
-0.448668
-0.448433
-0.448198
-0.447964
-0.447416
-0.447181
-0.447181
-0.446790
-0.446790
-0.446398
-0.445694
-0.445616
-0.445146
-0.444833
-0.444833
-0.444520
-0.444050
-0.443894
-0.443267
-0.442954
-0.442328
-0.442485
-0.442250
-0.441859
-0.441154
-0.440841
-0.440450
-0.440450
-0.440058
-0.439824
-0.438884
-0.438884
-0.438728
-0.438415
-0.438023
-0.437710
-0.437319
-0.436928
-0.436928
-0.436615
-0.436301
-0.435832
-0.435832
-0.435284
-0.434971
-0.434580
-0.434266
-0.434188
-0.433719
-0.433014
-0.432936
-0.432545
-0.432466
-0.432310
-0.432153
-0.431605
-0.431370
-0.430744
-0.430588
-0.430196
-0.429962
-0.429570
-0.429022
-0.428866
-0.428631
-0.428318
-0.427692
-0.427848
-0.427300
-0.427144
-0.426987
-0.426361
-0.425970
-0.425422
-0.425422
-0.425109
-0.425031
-0.424874
-0.424326
-0.423700
-0.423700
-0.423465
-0.423074
-0.422604
-0.422135
-0.421822
-0.421430
-0.421195
-0.420491
-0.420256
-0.420021
-0.419630
-0.419239
-0.419004
-0.418926
-0.418769
-0.418456
-0.418378
-0.417595
-0.417438
-0.416969
-0.416812
-0.416577
-0.416108
-0.415717
-0.415325
-0.414934
-0.414934
-0.414699
-0.413838
-0.413682
-0.413760
-0.413290
-0.412821
-0.412507
-0.412116
-0.411803
-0.411725
-0.411568
-0.410942
-0.410551
-0.410316
-0.410003
-0.409768
-0.409298
-0.408985
-0.408829
-0.408437
-0.407968
-0.407733
-0.407107
-0.407029
-0.407029
-0.406637
-0.406168
-0.405855
-0.405463
-0.405228
-0.404994
-0.404759
-0.404680
-0.404524
-0.403820
-0.403741
-0.403193
-0.402880
-0.402802
-0.402489
-0.402098
-0.401315
-0.401393
-0.400610
-0.400924
-0.399906
-0.399593
-0.399593
-0.398654
-0.398654
-0.398419
-0.398184
-0.397714
-0.397714
-0.397088
-0.397010
-0.396775
-0.396384
-0.396071
-0.395445
-0.395523
-0.395366
-0.394897
-0.394505
-0.394505
-0.394349
-0.393488
-0.393488
-0.393253
-0.392940
-0.392549
-0.392157
-0.391844
-0.391296
-0.391375
-0.391062
-0.390514
-0.390357
-0.390201
-0.389653
-0.389418
-0.389027
-0.388713
-0.388322
-0.388244
-0.387852
-0.387852
-0.387618
-0.387305
-0.386600
-0.386522
-0.386131
-0.386052
-0.385426
-0.385113
-0.384878
-0.384643
-0.384096
-0.383939
-0.383626
-0.383156
-0.383078
-0.382843
-0.382530
-0.382217
-0.382139
-0.381513
-0.381513
-0.381200
-0.381043
-0.380260
-0.380260
-0.380026
-0.379399
-0.378773
-0.378695
-0.378695
-0.378382
-0.378304
-0.377677
-0.377443
-0.376973
-0.377208
-0.376816
-0.376269
-0.376269
-0.375564
-0.375173
-0.374938
-0.374781
-0.374468
-0.374468
-0.373920
-0.373686
-0.373607
-0.373138
-0.372746
-0.372512
-0.372120
-0.371729
-0.371572
-0.371024
-0.370633
-0.370711
-0.370007
-0.370085
-0.369772
-0.369303
-0.368989
-0.368676
-0.368520
-0.368128
-0.368050
-0.367424
-0.367111
-0.366954
-0.367033
-0.366485
-0.365859
-0.366015
-0.365389
-0.365311
-0.364763
-0.364450
-0.364215
-0.363824
-0.363589
-0.363119
-0.363119
-0.362571
-0.362415
-0.362102
-0.361789
-0.361397
-0.361397
-0.360771
-0.360380
-0.360145
-0.359675
-0.359284
-0.358971
-0.358658
-0.358188
-0.358345
-0.357953
-0.357719
-0.357327
-0.357092
-0.356779
-0.356545
-0.356231
-0.355840
-0.355684
-0.355371
-0.354901
-0.354823
-0.354510
-0.354431
-0.354040
-0.353727
-0.353101
-0.353022
-0.353022
-0.352396
-0.351927
-0.351848
-0.351379
-0.350987
-0.350987
-0.350596
-0.350518
-0.349892
-0.349579
-0.349422
-0.349187
-0.348874
-0.348718
-0.348326
-0.348013
-0.347622
-0.347544
-0.347152
-0.347074
-0.346917
-0.346683
-0.346056
-0.345665
-0.345430
-0.345352
-0.344961
-0.344726
-0.344100
-0.344021
-0.343630
-0.343552
-0.343082
-0.342847
-0.342613
-0.342613
-0.342221
-0.341830
-0.341673
-0.341204
-0.341125
-0.340656
-0.340499
-0.339795
-0.339795
-0.339482
-0.339325
-0.338777
-0.338543
-0.338151
-0.338073
-0.337682
-0.337290
-0.336586
-0.336351
-0.336429
-0.336273
-0.336116
-0.336038
-0.335647
-0.335099
-0.334472
-0.334629
-0.334394
-0.333612
-0.333768
-0.333377
-0.333064
-0.332516
-0.332594
-0.332359
-0.332124
-0.331498
-0.331733
-0.331420
-0.330872
-0.330559
-0.329933
-0.329698
-0.329463
-0.329463
-0.329307
-0.328681
-0.328602
-0.328367
-0.328133
-0.327741
-0.327663
-0.327037
-0.326724
-0.326802
-0.326098
-0.326176
-0.325785
-0.325315
-0.325158
-0.324767
-0.324454
-0.324141
-0.323906
-0.323593
-0.323358
-0.323202
-0.322889
-0.322654
-0.322419
-0.321871
-0.321636
-0.321401
-0.321323
-0.321088
-0.320227
-0.320306
-0.319679
-0.319523
-0.319132
-0.318740
-0.318349
-0.318192
-0.318192
-0.318114
-0.317644
-0.317488
-0.317253
-0.316784
-0.316079
-0.316001
-0.315609
-0.315296
-0.315140
-0.314748
-0.314435
-0.313966
-0.313966
-0.313340
-0.313496
-0.313261
-0.312713
-0.312322
-0.312400
-0.312087
-0.311774
-0.311383
-0.311461
-0.310913
-0.310757
-0.310444
-0.309818
-0.309583
-0.309270
-0.309191
-0.309035
-0.308643
-0.308252
-0.308174
-0.308017
-0.307704
-0.307391
-0.307313
-0.306843
-0.306452
-0.306061
-0.305513
-0.305591
-0.305356
-0.304730
-0.304652
-0.304417
-0.304104
-0.303947
-0.303712
-0.303399
-0.303165
-0.302851
-0.302851
-0.302147
-0.302147
-0.301756
-0.301521
-0.301130
-0.300816
-0.300660
-0.300503
-0.299956
-0.299564
-0.299721
-0.299095
-0.298781
-0.298312
-0.297999
-0.297529
-0.297451
-0.297294
-0.297138
-0.296981
-0.296512
-0.296433
-0.296042
-0.295807
-0.295416
-0.295338
-0.295181
-0.294946
-0.294477
-0.294242
-0.293850
-0.293850
-0.293616
-0.293303
-0.293068
-0.292989
-0.292442
-0.291894
-0.292050
-0.291659
-0.291581
-0.291189
-0.290798
-0.290250
-0.290094
-0.290328
-0.289311
-0.289311
-0.289076
-0.288919
-0.288450
-0.288293
-0.287745
-0.287824
-0.287745
-0.287354
-0.287041
-0.286728
-0.286571
-0.286337
-0.286258
-0.285789
-0.285632
-0.285163
-0.285084
-0.284771
-0.284536
-0.283754
-0.283988
-0.283597
-0.283362
-0.283128
-0.283049
-0.282814
-0.282580
-0.282032
-0.281875
-0.281249
-0.281092
-0.280858
-0.280623
-0.280232
-0.279840
-0.279762
-0.279292
-0.279057
-0.279057
-0.278823
-0.278275
-0.277962
-0.277883
-0.277649
-0.277492
-0.277336
-0.277414
-0.276788
-0.276631
-0.276161
-0.276161
-0.275927
-0.275614
-0.275301
-0.275066
-0.274831
-0.274518
-0.274205
-0.274283
-0.273813
-0.273735
-0.273187
-0.273109
-0.272874
-0.272796
-0.272483
-0.272405
-0.272013
-0.271700
-0.271387
-0.271230
-0.270761
-0.270683
-0.270291
-0.270291
-0.269743
-0.269587
-0.269352
-0.268961
-0.268491
-0.268413
-0.268178
-0.267943
-0.267708
-0.267630
-0.267552
-0.267082
-0.266769
-0.266691
-0.266299
-0.265908
-0.265752
-0.265595
-0.265125
-0.265517
-0.265204
-0.264578
-0.264499
-0.264030
-0.263951
-0.263638
-0.263638
-0.263325
-0.263247
-0.262699
-0.262543
-0.262229
-0.262308
-0.261603
-0.261525
-0.261368
-0.260977
-0.260586
-0.260664
-0.260351
-0.259881
-0.259490
-0.259177
-0.259490
-0.259020
-0.258473
-0.258707
-0.258473
-0.258159
-0.258238
-0.257612
-0.257220
-0.257064
-0.256985
-0.256438
-0.256124
-0.256124
-0.255655
-0.255498
-0.255342
-0.255420
-0.255263
-0.254637
-0.254481
-0.254168
-0.253855
-0.253620
-0.253150
-0.253150
-0.252994
-0.252994
-0.252837
-0.252446
-0.252289
-0.252133
-0.251741
-0.251585
-0.251193
-0.250959
-0.250724
-0.250646
-0.250411
-0.250489
-0.249863
-0.249706
-0.249550
-0.249002
-0.249002
-0.248611
-0.248532
-0.248454
-0.248141
-0.247828
-0.247750
-0.247280
-0.247436
-0.246889
-0.246732
-0.246576
-0.246419
-0.245793
-0.246106
-0.245871
-0.245558
-0.245245
-0.245010
-0.244932
-0.244932
-0.244619
-0.244149
-0.244149
-0.243758
-0.243523
-0.243210
-0.243288
-0.242975
-0.242740
-0.242662
-0.242271
-0.242192
-0.241801
-0.241723
-0.241879
-0.241410
-0.240940
-0.241018
-0.240549
-0.240157
-0.239766
-0.239766
-0.239531
-0.239609
-0.238983
-0.238670
-0.238670
-0.238279
-0.238122
-0.237731
-0.237731
-0.237809
-0.237340
-0.237183
-0.237027
-0.236557
-0.236479
-0.236322
-0.236087
-0.235931
-0.235696
-0.235383
-0.235070
-0.235148
-0.234757
-0.234600
-0.234522
-0.234600
-0.234365
-0.234287
-0.233739
-0.233504
-0.233426
-0.233191
-0.232957
-0.232722
-0.232643
-0.232565
-0.232409
-0.232096
-0.231626
-0.232096
-0.231548
-0.231391
-0.231078
-0.230608
-0.230687
-0.230530
-0.229982
-0.230061
-0.229748
-0.229669
-0.229200
-0.228965
-0.229043
-0.228573
-0.228417
-0.228260
-0.228182
-0.228104
-0.227634
-0.227478
-0.227399
-0.227321
-0.226695
-0.226460
-0.226460
-0.225991
-0.226225
-0.225912
-0.225756
-0.225677
-0.225364
-0.225521
-0.225130
-0.225208
-0.224582
-0.224425
-0.224347
-0.224112
-0.224112
-0.223877
-0.223799
-0.223564
-0.223329
-0.223329
-0.223251
-0.223016
-0.222547
-0.222234
-0.222077
-0.222155
-0.221686
-0.221686
-0.221451
-0.221373
-0.220903
-0.221138
-0.220825
-0.220512
-0.220590
-0.220433
-0.219964
-0.219651
-0.219729
-0.219494
-0.219416
-0.219416
-0.219181
-0.219025
-0.218711
-0.218790
-0.218242
-0.218242
-0.218164
-0.218007
-0.217616
-0.217537
-0.217303
-0.217381
-0.217537
-0.217303
-0.217224
-0.217068
-0.216755
-0.216833
-0.216285
-0.216129
-0.216129
-0.215894
-0.215581
-0.215737
-0.215659
-0.215346
-0.215111
-0.214955
-0.214798
-0.214955
-0.214720
-0.214407
-0.214172
-0.214015
-0.214094
-0.213780
-0.213624
-0.213702
-0.213546
-0.212998
-0.213076
-0.213076
-0.213076
-0.212919
-0.212450
-0.212606
-0.212685
-0.212606
-0.212059
-0.212215
-0.211589
-0.211824
-0.211667
-0.211354
-0.211667
-0.211354
-0.211276
-0.211354
-0.211432
-0.211198
-0.210806
-0.210571
-0.210415
-0.210258
-0.210102
-0.210258
-0.210024
-0.209789
-0.209632
-0.209789
-0.209554
-0.209476
-0.209319
-0.209006
-0.209163
-0.209163
-0.209006
-0.208928
-0.208771
-0.208615
-0.208615
-0.208380
-0.208223
-0.208223
-0.208145
-0.207989
-0.207754
-0.207597
-0.207675
-0.207597
-0.207675
-0.207362
-0.207284
-0.207284
-0.207206
-0.206814
-0.206658
-0.207128
-0.206814
-0.206736
-0.206580
-0.206580
-0.206345
-0.206345
-0.206501
-0.206032
-0.206188
-0.205953
-0.206188
-0.205797
-0.205640
-0.205953
-0.205406
-0.205640
-0.205484
-0.205719
-0.205406
-0.205484
-0.205327
-0.205014
-0.205249
-0.205014
-0.205093
-0.205249
-0.204858
-0.204779
-0.204858
-0.204701
-0.204466
-0.204466
-0.204232
-0.204232
-0.204388
-0.204232
-0.203997
-0.204232
-0.204232
-0.203918
-0.204153
-0.203840
-0.203684
-0.203684
-0.203527
-0.203762
-0.203527
-0.203449
-0.203449
-0.203214
-0.203058
-0.203449
-0.203371
-0.203214
-0.203292
-0.203136
-0.203058
-0.203136
-0.202979
-0.203136
-0.202666
-0.202666
-0.202666
-0.202744
-0.202588
-0.202353
-0.202666
-0.202744
-0.202823
-0.202666
-0.202666
-0.202275
-0.202510
-0.202510
-0.202353
-0.202431
-0.202353
-0.202353
-0.202510
-0.202353
-0.202588
-0.202431
-0.202353
-0.202040
-0.202118
-0.202275
-0.202118
-0.202118
-0.202040
-0.201962
-0.201962
-0.202275
-0.202118
-0.202040
-0.201649
-0.201883
-0.201570
-0.201805
-0.201962
-0.201805
-0.201962
-0.202040
-0.202275
-0.202118
-0.202431
-0.202040
-0.202118
-0.202197
-0.202197
-0.202118
-0.201962
-0.201962
-0.202040
-0.202353
-0.202666
-0.202431
-0.202118
-0.202118
-0.202118
-0.202040
-0.201883
-0.202118
-0.202040
-0.202040
-0.201883
-0.202275
-0.202040
-0.202197
-0.202197
-0.202040
-0.202197
-0.201883
-0.202353
-0.202118
-0.202118
-0.202040
-0.202431
-0.202510
-0.202510
-0.202040
-0.202197
-0.202275
-0.202040
-0.202275
-0.202197
-0.202588
-0.202353
-0.202588
-0.202901
-0.202901
-0.202901
-0.202823
-0.202666
-0.202353
-0.202510
-0.202510
-0.202588
-0.202744
-0.202744
-0.203292
-0.203292
-0.203214
-0.202979
-0.203058
-0.202823
-0.202979
-0.203058
-0.203136
-0.202979
-0.203136
-0.203762
-0.203684
-0.203762
-0.203292
-0.203292
-0.203371
-0.203292
-0.203371
-0.203292
-0.203371
-0.203762
-0.203918
-0.203840
-0.203918
-0.204075
-0.203918
-0.203918
-0.204075
-0.204075
-0.204232
-0.203997
-0.204232
-0.204545
-0.204623
-0.204310
-0.204545
-0.204466
-0.204701
-0.204545
-0.204545
-0.204623
-0.204545
-0.204623
-0.205014
-0.205093
-0.205327
-0.205014
-0.205093
-0.205093
-0.204858
-0.205327
-0.205327
-0.205014
-0.205406
-0.205562
-0.205640
-0.205875
-0.205875
-0.205640
-0.205875
-0.205797
-0.205875
-0.205797
-0.205875
-0.206345
-0.206423
-0.206423
-0.206658
-0.206736
-0.206501
-0.206345
-0.206501
-0.206736
-0.206893
-0.207049
-0.207049
-0.207206
-0.207284
-0.207441
-0.207519
-0.207675
-0.207519
-0.207441
-0.207754
-0.207597
-0.207754
-0.207284
-0.207832
-0.208145
-0.208067
-0.207989
-0.207910
-0.207832
-0.207832
-0.207910
-0.208223
-0.207989
-0.208302
-0.208380
-0.208536
-0.208458
-0.208536
-0.208693
-0.208849
-0.208693
-0.208615
-0.209084
-0.209163
-0.209163
-0.209241
-0.209632
-0.209710
-0.209476
-0.209397
-0.209084
-0.209554
-0.209710
-0.209554
-0.209476
-0.209632
-0.209789
-0.210180
-0.209945
-0.209945
-0.209867
-0.210024
-0.209710
-0.209789
-0.210258
-0.210258
-0.210258
-0.210337
-0.210493
-0.210650
-0.210571
-0.210493
-0.210258
-0.210102
-0.210650
-0.210571
-0.210728
-0.210650
-0.210884
-0.210728
-0.210806
-0.210571
-0.211041
-0.210650
-0.210493
-0.210728
-0.210650
-0.210884
-0.210728
-0.210728
-0.211041
-0.210571
-0.210728
-0.210650
-0.210415
-0.210806
-0.210650
-0.210650
-0.210806
-0.210806
-0.210806
-0.210884
-0.210884
-0.210493
-0.210806
-0.210728
-0.210650
-0.210650
-0.210884
-0.210806
-0.210806
-0.210728
-0.210806
-0.210650
-0.210493
-0.210415
-0.210571
-0.210180
-0.210180
-0.210180
-0.210180
-0.210024
-0.210180
-0.209945
-0.210024
-0.209945
-0.210102
-0.209867
-0.209476
-0.209476
-0.209397
-0.209241
-0.209084
-0.209006
-0.208928
-0.208849
-0.208849
-0.208536
-0.208536
-0.208458
-0.208458
-0.208145
-0.208067
-0.207989
-0.208145
-0.207754
-0.207441
-0.207519
-0.207362
-0.207049
-0.206971
-0.206814
-0.206971
-0.206814
-0.206345
-0.206423
-0.206267
-0.205875
-0.205797
-0.205953
-0.205484
-0.205327
-0.205093
-0.205093
-0.204779
-0.204623
-0.204545
-0.204388
-0.204388
-0.204153
-0.203840
-0.203605
-0.203527
-0.203058
-0.202901
-0.202744
-0.202588
-0.202353
-0.202040
-0.201805
-0.201492
-0.201022
-0.200709
-0.200240
-0.200318
-0.199848
-0.199301
-0.198987
-0.198909
-0.198753
-0.198440
-0.198127
-0.197657
-0.197500
-0.197266
-0.197187
-0.196718
-0.196405
-0.196326
-0.195935
-0.195935
-0.195309
-0.195231
-0.194526
-0.194135
-0.193900
-0.193587
-0.193196
-0.192882
-0.192882
-0.192491
-0.192335
-0.191865
-0.191317
-0.190847
-0.190769
-0.190221
-0.189986
-0.189595
-0.189125
-0.188812
-0.188578
-0.188030
-0.187482
-0.187012
-0.186856
-0.186073
-0.185838
-0.185369
-0.184742
-0.184899
-0.184273
-0.183881
-0.183725
-0.183177
-0.182473
-0.181925
-0.181846
-0.181612
-0.180907
-0.180046
-0.179655
-0.179342
-0.178950
-0.178559
-0.177855
-0.177228
-0.176915
-0.176446
-0.175976
-0.175741
-0.175350
-0.174880
-0.174254
-0.174098
-0.173158
-0.172845
-0.172141
-0.171828
-0.171280
-0.170967
-0.170576
-0.169558
-0.169088
-0.168619
-0.168227
-0.167680
-0.166975
-0.166271
-0.166114
-0.165801
-0.164862
-0.164784
-0.163844
-0.163531
-0.162905
-0.162435
-0.161340
-0.161105
-0.160322
-0.160244
-0.159383
-0.158679
-0.158131
-0.157426
-0.156800
-0.156409
-0.155861
-0.154843
-0.154687
-0.153982
-0.153356
-0.153121
-0.152417
-0.151791
-0.151008
-0.150538
-0.150069
-0.149208
-0.148582
-0.147956
-0.147564
-0.147329
-0.146625
-0.145921
-0.145060
-0.144433
-0.143886
-0.143338
-0.142477
-0.141694
-0.141303
-0.140833
-0.140207
-0.139581
-0.138798
-0.138094
-0.137624
-0.136920
-0.135902
-0.135119
-0.134806
-0.134180
-0.133632
-0.133163
-0.132536
-0.131362
-0.130736
-0.130345
-0.129484
-0.128701
-0.127919
-0.127449
-0.126979
-0.126431
-0.125883
-0.124788
-0.123927
-0.123222
-0.122753
-0.121813
-0.121266
-0.120405
-0.120170
-0.119622
-0.118761
-0.118057
-0.116726
-0.116335
-0.115865
-0.114847
-0.114143
-0.113439
-0.112969
-0.112891
-0.112186
-0.111560
-0.110464
-0.109603
-0.108821
-0.108429
-0.107568
-0.106942
-0.106238
-0.105846
-0.105064
-0.104594
-0.103968
-0.102403
-0.101855
-0.101620
-0.100837
-0.099741
-0.099115
-0.098489
-0.098333
-0.097550
-0.097080
-0.095750
-0.095123
-0.094262
-0.093715
-0.093088
-0.092306
-0.091914
-0.091367
-0.090506
-0.089723
-0.088862
-0.087923
-0.087375
-0.086436
-0.085888
-0.084714
-0.084322
-0.083540
-0.082913
-0.082131
-0.081191
-0.080174
-0.079235
-0.078530
-0.077669
-0.076965
-0.076417
-0.075947
-0.075399
-0.074773
-0.073834
-0.072895
-0.072269
-0.071408
-0.070703
-0.069842
-0.069294
-0.068903
-0.068433
-0.067964
-0.066633
-0.065772
-0.065381
-0.064442
-0.063581
-0.063033
-0.062250
-0.061781
-0.061467
-0.060528
-0.059511
-0.058180
-0.057554
-0.057084
-0.056615
-0.055754
-0.055049
-0.054736
-0.054580
-0.053797
-0.052858
-0.051919
-0.050744
-0.050040
-0.049492
-0.048475
-0.047927
-0.047927
-0.047066
-0.046831
-0.045813
-0.044326
-0.043700
-0.043309
-0.042683
-0.041978
-0.041117
-0.040569
-0.039630
-0.039787
-0.039161
-0.037595
-0.036812
-0.036186
-0.035795
-0.034699
-0.034151
-0.033525
-0.033056
-0.032273
-0.031960
-0.030629
-0.029925
-0.028985
-0.028438
-0.027498
-0.027029
-0.026246
-0.025933
-0.025542
-0.024915
-0.023663
-0.022489
-0.022489
-0.021628
-0.021237
-0.020454
-0.019750
-0.019045
-0.018497
-0.018028
-0.017323
-0.016384
-0.015367
-0.015053
-0.014114
-0.013566
-0.012940
-0.012471
-0.012079
-0.011688
-0.010827
-0.009575
-0.008792
-0.008322
-0.007461
-0.006835
-0.006287
-0.005896
-0.005505
-0.004644
-0.003939
-0.002843
-0.002609
-0.002139
-0.001826
-0.000965
-0.000339
0.000131
0.000679
0.001148
0.001775
0.002714
0.003653
0.004201
0.004671
0.005375
0.005766
0.006314
0.006940
0.007488
0.008193
0.009210
0.009993
0.010228
0.010697
0.011637
0.012184
0.012654
0.013437
0.013828
0.014298
0.015550
0.016020
0.016411
0.017115
0.017663
0.018055
0.018837
0.019620
0.020011
0.020559
0.021577
0.022281
0.022829
0.023299
0.024003
0.024316
0.025255
0.025725
0.026273
0.026821
0.027682
0.028621
0.028778
0.029091
0.029717
0.030421
0.031361
0.031987
0.032613
0.032848
0.033787
0.034648
0.035117
0.035665
0.036370
0.036839
0.037309
0.037857
0.038640
0.039344
0.039735
0.040909
0.041223
0.042083
0.042553
0.043023
0.043571
0.044197
0.044510
0.045136
0.045684
0.046388
0.047171
0.047484
0.047797
0.048189
0.048815
0.049597
0.049910
0.050771
0.051163
0.052180
0.052806
0.053120
0.053511
0.053902
0.054528
0.055233
0.055937
0.056250
0.056798
0.057503
0.058129
0.058520
0.059225
0.059381
0.060242
0.061025
0.061573
0.062277
0.062982
0.063373
0.063842
0.064469
0.064938
0.065173
0.065721
0.066347
0.066660
0.067678
0.068226
0.068539
0.068930
0.069713
0.069948
0.070730
0.071356
0.071826
0.072296
0.072765
0.073391
0.073939
0.074565
0.075270
0.075583
0.075974
0.076600
0.076835
0.077618
0.077853
0.078870
0.079105
0.080201
0.081062
0.081062
0.081610
0.082001
0.082627
0.083019
0.084036
0.084114
0.084897
0.085601
0.086228
0.086619
0.086619
0.086932
0.088028
0.088497
0.089124
0.089750
0.090298
0.091002
0.091393
0.091472
0.092098
0.092568
0.093115
0.093663
0.094446
0.094759
0.095307
0.096011
0.096481
0.096716
0.097107
0.097733
0.098281
0.098907
0.099064
0.099847
0.100394
0.100942
0.101334
0.101647
0.102351
0.102899
0.103369
0.103917
0.104151
0.104934
0.105482
0.106030
0.106500
0.106656
0.107047
0.107360
0.108143
0.108613
0.109161
0.109474
0.110335
0.110648
0.110961
0.111822
0.112057
0.112370
0.113309
0.113857
0.114170
0.114640
0.115579
0.115892
0.116362
0.116596
0.117222
0.117536
0.118083
0.118553
0.119258
0.119492
0.120197
0.120745
0.121214
0.121293
0.121840
0.122545
0.122936
0.123406
0.124110
0.124189
0.124736
0.124971
0.125519
0.125676
0.126380
0.126771
0.127084
0.127789
0.128415
0.128650
0.129198
0.129433
0.130137
0.130372
0.130607
0.131233
0.131859
0.132329
0.132955
0.133346
0.133972
0.134285
0.134442
0.134677
0.135146
0.135772
0.136242
0.136477
0.137181
0.137807
0.138355
0.138590
0.139060
0.139138
0.139451
0.140156
0.140625
0.141330
0.141877
0.142269
0.142817
0.143208
0.143599
0.143834
0.144460
0.144930
0.145634
0.145869
0.146104
0.146808
0.147278
0.147435
0.148061
0.148139
0.148530
0.149313
0.150018
0.150722
0.150879
0.151113
0.151505
0.151818
0.152131
0.152600
0.152835
0.153305
0.154166
0.154635
0.154949
0.155575
0.155731
0.155966
0.156357
0.156436
0.156905
0.157375
0.157923
0.158784
0.159097
0.159566
0.159801
0.160819
0.160584
0.161210
0.161758
0.162228
0.163089
0.163793
0.163950
0.164263
0.164732
0.165124
0.165593
0.165985
0.166454
0.167237
0.167315
0.167785
0.168333
0.168646
0.168881
0.169272
0.169898
0.170211
0.170916
0.171620
0.172090
0.172246
0.172559
0.173264
0.173342
0.173812
0.173890
0.174281
0.174986
0.175377
0.175847
0.176081
0.176786
0.176864
0.177412
0.177725
0.178195
0.178586
0.178977
0.179447
0.180073
0.180073
0.180543
0.180934
0.181404
0.181717
0.182265
0.182813
0.182969
0.183439
0.184221
0.184300
0.184926
0.185239
0.185395
0.185943
0.186335
0.186648
0.187196
0.187744
0.187900
0.188213
0.188448
0.189231
0.189935
0.189779
0.190326
0.191109
0.191344
0.191892
0.192675
0.192753
0.193144
0.193614
0.194083
0.194162
0.194475
0.194866
0.195414
0.195805
0.195962
0.196275
0.196588
0.197292
0.197371
0.198075
0.198467
0.198545
0.199641
0.199954
0.200502
0.200815
0.200971
0.201597
0.201754
0.202380
0.202615
0.203241
0.203789
0.204180
0.204493
0.204806
0.205276
0.205667
0.206059
0.206528
0.206998
0.207389
0.207546
0.208094
0.208407
0.208798
0.208876
0.209581
0.209737
0.210442
0.210833
0.211616
0.211772
0.212085
0.212555
0.212633
0.213181
0.213416
0.214199
0.214199
0.215060
0.215295
0.215764
0.215921
0.216234
0.216860
0.217173
0.217486
0.217877
0.218191
0.218973
0.219130
0.219443
0.219599
0.219991
0.220539
0.221087
0.221556
0.221869
0.222339
0.222887
0.222965
0.223356
0.223748
0.224217
0.224530
0.225157
0.225470
0.225704
0.226018
0.226331
0.226722
0.227035
0.227270
0.227661
0.228444
0.228757
0.228992
0.229305
0.229931
0.229696
0.230009
0.230635
0.230949
0.231496
0.231809
0.231731
0.232436
0.233218
0.233375
0.233610
0.233766
0.234079
0.234705
0.235175
0.235332
0.235879
0.236271
0.236819
0.237210
0.237132
0.237836
0.238071
0.238462
0.238932
0.239167
0.240028
0.240106
0.240732
0.241124
0.241515
0.241671
0.241985
0.242219
0.242767
0.243863
0.243706
0.243863
0.244489
0.244802
0.245115
0.245507
0.245898
0.246211
0.246837
0.247307
0.247463
0.247620
0.247933
0.248090
0.248637
0.248559
0.249185
0.249733
0.249968
0.250281
0.251142
0.251455
0.251612
0.251690
0.251925
0.252708
0.253021
0.253490
0.253725
0.254429
0.254821
0.254977
0.255290
0.255682
0.256073
0.256230
0.256856
0.257012
0.257639
0.257952
0.258499
0.258656
0.258656
0.258969
0.259517
0.260143
0.260143
0.260691
0.261161
0.261395
0.262100
0.262022
0.262100
0.262648
0.263117
0.263587
0.264057
0.264135
0.264526
0.264761
0.265544
0.265309
0.265544
0.266170
0.266640
0.267187
0.267500
0.267892
0.268283
0.268675
0.268831
0.268988
0.269614
0.269927
0.270162
0.270631
0.270788
0.271414
0.271649
0.271962
0.272040
0.272666
0.272588
0.273058
0.273684
0.273840
0.274467
0.274701
0.275249
0.275484
0.276032
0.276032
0.276502
0.276893
0.277206
0.277597
0.278067
0.278223
0.278537
0.279241
0.279398
0.279711
0.280102
0.280728
0.281198
0.281354
0.281667
0.282137
0.282685
0.282841
0.283311
0.283546
0.283781
0.284015
0.284563
0.285033
0.285737
0.285972
0.286285
0.286598
0.286833
0.287303
0.287851
0.288007
0.288477
0.289181
0.289181
0.289729
0.289807
0.290042
0.290512
0.290981
0.291451
0.291842
0.292312
0.292547
0.292938
0.293251
0.293643
0.293564
0.294112
0.294895
0.295051
0.295521
0.295834
0.296147
0.296382
0.296773
0.297008
0.297400
0.297869
0.298026
0.298495
0.298495
0.298887
0.299435
0.299904
0.299982
0.300374
0.300843
0.300922
0.301783
0.301861
0.302096
0.302878
0.303192
0.303426
0.303583
0.304209
0.304287
0.304600
0.305070
0.305383
0.305774
0.305774
0.306244
0.306714
0.307027
0.307183
0.307809
0.308123
0.308436
0.308827
0.308905
0.309531
0.309923
0.310001
0.310236
0.310314
0.311253
0.311801
0.311879
0.312114
0.312506
0.312897
0.313288
0.313601
0.313914
0.314149
0.314462
0.314932
0.315010
0.315793
0.315949
0.316263
0.316576
0.316576
0.316889
0.317515
0.317906
0.318298
0.318298
0.319002
0.319393
0.319550
0.319941
0.320176
0.320333
0.321037
0.321585
0.321272
0.321741
0.322289
0.322524
0.323150
0.323463
0.323620
0.324090
0.324168
0.324637
0.324951
0.325577
0.325811
0.325811
0.326046
0.326516
0.326829
0.327299
0.327690
0.327768
0.328160
0.328238
0.328707
0.328942
0.329255
0.329882
0.330038
0.330586
0.330977
0.331056
0.331603
0.331838
0.332151
0.332464
0.332621
0.332934
0.333404
0.333482
0.333638
0.334108
0.334499
0.334734
0.334969
0.335282
0.335752
0.335908
0.336221
0.336848
0.337161
0.337317
0.337787
0.337865
0.338335
0.338648
0.338883
0.339274
0.339196
0.339744
0.340135
0.340370
0.340761
0.341074
0.341152
0.341779
0.342170
0.342639
0.342718
0.342874
0.343344
0.343814
0.344048
0.344518
0.344675
0.344988
0.345301
0.345849
0.345849
0.346318
0.346710
0.347023
0.347101
0.347336
0.347805
0.347884
0.348353
0.348901
0.349527
0.349606
0.350153
0.350232
0.350466
0.351014
0.351327
0.351484
0.351562
0.352188
0.352267
0.352893
0.353049
0.353206
0.353676
0.354145
0.354302
0.354693
0.355084
0.355163
0.355476
0.356024
0.356180
0.356337
0.356728
0.357198
0.357589
0.357902
0.358059
0.358293
0.358763
0.359076
0.359389
0.359781
0.360485
0.360720
0.361033
0.361424
0.361894
0.361894
0.362285
0.362833
0.363146
0.363538
0.364007
0.364164
0.364320
0.364712
0.365416
0.365416
0.365886
0.366042
0.366434
0.366825
0.366981
0.367216
0.367373
0.367764
0.368547
0.368703
0.368938
0.369329
0.369486
0.369799
0.370190
0.370425
0.370895
0.371130
0.371599
0.371912
0.372225
0.372382
0.372930
0.373086
0.373243
0.373556
0.373791
0.374652
0.375043
0.375356
0.375669
0.375748
0.376217
0.376530
0.376843
0.376922
0.377391
0.377783
0.378096
0.378565
0.378878
0.378878
0.379505
0.379896
0.379974
0.380287
0.380209
0.380913
0.381148
0.381618
0.381931
0.382401
0.382479
0.382557
0.382792
0.383262
0.383809
0.384044
0.384670
0.384670
0.384983
0.385531
0.385531
0.385844
0.386236
0.387018
0.387018
0.387410
0.387958
0.387879
0.388036
0.388662
0.388819
0.388975
0.389445
0.389914
0.390228
0.390541
0.390775
0.391245
0.391636
0.391949
0.391949
0.392341
0.392889
0.393202
0.393358
0.393984
0.394063
0.394298
0.394454
0.394532
0.395159
0.395315
0.395550
0.395863
0.396333
0.396802
0.396959
0.397428
0.397820
0.397820
0.398368
0.398602
0.398681
0.399385
0.399620
0.399776
0.399933
0.400246
0.400716
0.400716
0.401498
0.401968
0.402125
0.402516
0.402829
0.402986
0.403377
0.403612
0.403768
0.404160
0.404707
0.404786
0.405568
0.405803
0.405960
0.406038
0.406664
0.406821
0.407212
0.407525
0.407917
0.408073
0.408308
0.408699
0.408856
0.409169
0.409325
0.409795
0.410030
0.410343
0.410734
0.410969
0.411282
0.411830
0.412143
0.412456
0.412769
0.412848
0.413161
0.413474
0.414022
0.413943
0.414256
0.414648
0.414883
0.415352
0.415430
0.415822
0.416370
0.416448
0.416839
0.416839
0.417387
0.417465
0.417857
0.418170
0.418483
0.418718
0.418953
0.419344
0.419344
0.419579
0.419814
0.420205
0.420283
0.420596
0.420909
0.421457
0.421614
0.422162
0.422318
0.422709
0.422944
0.423179
0.423336
0.423805
0.424118
0.424745
0.424823
0.425214
0.425527
0.425527
0.426153
0.426232
0.426545
0.426701
0.427171
0.427562
0.427875
0.428032
0.428188
0.428501
0.428815
0.429049
0.429206
0.429754
0.430067
0.430067
0.430615
0.431084
0.430928
0.431319
0.431476
0.431945
0.431867
0.432337
0.432571
0.433119
0.433198
0.433354
0.433824
0.433746
0.433980
0.434841
0.434841
0.435076
0.435702
0.435702
0.436172
0.436094
0.436563
0.436563
0.436798
0.437268
0.437424
0.437659
0.438363
0.438520
0.438755
0.438755
0.439459
0.439694
0.440164
0.440085
0.440712
0.441181
0.441494
0.441651
0.441807
0.442199
0.442512
0.442590
0.443138
0.443373
0.443764
0.443921
0.444155
0.444782
0.444782
0.445251
0.445408
0.445643
0.445877
0.446425
0.446738
0.447286
0.447286
0.447756
0.447599
0.448225
0.448617
0.449008
0.449243
0.449478
0.449791
0.450260
0.450574
0.450574
0.450730
0.451278
0.451513
0.452061
0.452295
0.452765
0.453000
0.453391
0.453626
0.453704
0.454017
0.454409
0.454644
0.455113
0.455426
0.455739
0.455583
0.455896
0.456522
0.456757
0.456992
0.457461
0.458166
0.458166
0.458166
0.458401
0.458635
0.458870
0.459261
0.459653
0.459731
0.460279
0.460436
0.460983
0.461375
0.461688
0.461844
0.462001
0.462314
0.462627
0.462940
0.463332
0.463723
0.464114
0.464349
0.464662
0.464819
0.465288
0.465367
0.465993
0.466306
0.466306
0.466854
0.467010
0.467715
0.467715
0.468028
0.468263
0.468341
0.469045
0.469202
0.469437
0.469593
0.469906
0.469984
0.470298
0.470689
0.471002
0.471472
0.471863
0.472019
0.472254
0.472567
0.472802
0.473272
0.473194
0.473741
0.474211
0.474368
0.474524
0.475072
0.475229
0.475463
0.475776
0.475933
0.476089
0.476716
0.476872
0.477264
0.477811
0.477733
0.478046
0.478203
0.478438
0.478594
0.479142
0.479142
0.479690
0.480081
0.480786
0.480786
0.480786
0.481177
0.481647
0.481881
0.482195
0.482664
0.482899
0.483212
0.483447
0.483525
0.483916
0.484230
0.484386
0.484386
0.484777
0.485091
0.485482
0.486030
0.486343
0.486265
0.486421
0.486891
0.486891
0.487595
0.487908
0.488221
0.488065
0.488456
0.488847
0.489082
0.489239
0.489865
0.490178
0.490335
0.490648
0.490726
0.491196
0.491430
0.491665
0.492057
0.492213
0.492604
0.492604
0.492761
0.493074
0.493309
0.493700
0.493778
0.494326
0.494405
0.494796
0.494953
0.495422
0.495970
0.495970
0.496205
0.496674
0.496831
0.496988
0.497301
0.497379
0.497614
0.498005
0.498240
0.498553
0.498944
0.499179
0.499570
0.499805
0.499884
0.500197
0.500588
0.500823
0.501136
0.501605
0.501762
0.501997
0.502153
0.502388
0.502623
0.503171
0.503249
0.503562
0.503640
0.504188
0.503954
0.504736
0.504580
0.504815
0.505206
0.505597
0.505675
0.506067
0.506223
0.506458
0.507084
0.507319
0.507397
0.507945
0.507945
0.508571
0.508571
0.508728
0.509198
0.509198
0.509432
0.509667
0.509980
0.510293
0.510528
0.510841
0.511389
0.511702
0.511859
0.512250
0.512563
0.513111
0.513346
0.513581
0.514129
0.514520
0.514442
0.515068
0.515224
0.515146
0.515537
0.516007
0.516320
0.516398
0.516790
0.517259
0.517259
0.517729
0.517886
0.518199
0.518825
0.518981
0.519373
0.519764
0.519686
0.519921
0.519842
0.520390
0.521016
0.521643
0.521799
0.521956
0.522269
0.522738
0.522738
0.523130
0.523286
0.523521
0.523991
0.524225
0.524695
0.524852
0.524930
0.525321
0.525321
0.525713
0.526260
0.526339
0.526417
0.527121
0.527826
0.527982
0.528061
0.528530
0.528687
0.528843
0.529235
0.529548
0.530017
0.530565
0.530644
0.530565
0.531191
0.531348
0.531583
0.531974
0.532287
0.532600
0.532913
0.533305
0.533383
0.533696
0.533931
0.533931
0.534322
0.534948
0.535183
0.535183
0.536122
0.536122
0.535888
0.536749
0.537062
0.537140
0.537610
0.537766
0.538157
0.538314
0.538862
0.539097
0.539018
0.539175
0.539723
0.539958
0.540271
0.540584
0.540897
0.541132
0.541445
0.541836
0.541993
0.542384
0.542541
0.543088
0.543402
0.544028
0.544106
0.544184
0.544419
0.544732
0.544654
0.544810
0.545437
0.545984
0.545984
0.546297
0.546532
0.546924
0.546924
0.547628
0.547706
0.548176
0.548333
0.548802
0.548802
0.549193
0.549663
0.549507
0.550289
0.550054
0.550368
0.550994
0.551307
0.551855
0.551620
0.551776
0.552324
0.552403
0.552716
0.553029
0.553655
0.553577
0.553655
0.554203
0.554751
0.554751
0.554751
0.555064
0.555612
0.555768
0.556238
0.556316
0.556551
0.556707
0.557334
0.557177
0.557334
0.557881
0.558195
0.558429
0.558586
0.558977
0.559212
0.559525
0.559838
0.559916
0.560073
0.560543
0.561012
0.561325
0.561795
0.562186
0.562343
0.562499
0.562969
0.563047
0.563673
0.563673
0.563908
0.564065
0.564534
0.564691
0.564847
0.565161
0.565082
0.565552
0.565943
0.566178
0.566569
0.567039
0.566961
0.567274
0.567509
0.567743
0.567978
0.568213
0.568370
0.568448
0.568917
0.569309
0.569309
0.569544
0.569544
0.569935
0.570405
0.570561
0.570952
0.571344
0.571187
0.571735
0.572127
0.572283
0.572674
0.572753
0.573066
0.573144
0.573614
0.573848
0.574005
0.574162
0.574475
0.574944
0.575257
0.575414
0.575414
0.575805
0.576118
0.576118
0.576353
0.576588
0.577292
0.577058
0.577292
0.577684
0.577605
0.578388
0.578388
0.578779
0.579014
0.579327
0.579562
0.579875
0.580032
0.580501
0.580814
0.581206
0.581284
0.581832
0.581675
0.581832
0.582302
0.582615
0.582849
0.583554
0.583554
0.583867
0.584024
0.584415
0.584650
0.584806
0.585041
0.585198
0.585667
0.585902
0.586059
0.586450
0.586685
0.586998
0.586841
0.587546
0.587702
0.588015
0.588485
0.588485
0.588955
0.589346
0.589502
0.589502
0.589894
0.590363
0.591068
0.590911
0.591224
0.591772
0.591851
0.592242
0.592320
0.592633
0.593025
0.593651
0.593729
0.593964
0.593964
0.594277
0.594512
0.594825
0.594825
0.595060
0.595373
0.595999
0.596155
0.596625
0.596938
0.597095
0.597173
0.597486
0.597721
0.598034
0.598582
0.598503
0.599208
0.599286
0.599521
0.599599
0.599834
0.600304
0.600852
0.601321
0.601321
0.601791
0.602026
0.602417
0.602808
0.602887
0.603356
0.603434
0.603748
0.604452
0.604530
0.604843
0.605156
0.605313
0.605391
0.605626
0.605783
0.606565
0.606487
0.607113
0.607191
0.607270
0.607504
0.607504
0.607974
0.608209
0.608522
0.608992
0.609383
0.609618
0.609931
0.610009
0.609931
0.610400
0.610792
0.611418
0.611731
0.611888
0.612201
0.612279
0.612279
0.612435
0.612749
0.613375
0.614001
0.614001
0.614236
0.614627
0.614549
0.614705
0.614940
0.615018
0.615879
0.616192
0.616271
0.616584
0.616897
0.616975
0.616975
0.617523
0.617680
0.618071
0.618227
0.618775
0.618619
0.618854
0.619245
0.619245
0.619480
0.619793
0.620262
0.620497
0.621123
0.620967
0.621202
0.621123
0.621750
0.621828
0.622454
0.622689
0.622767
0.623315
0.623550
0.623628
0.623785
0.623941
0.624176
0.624489
0.625115
0.625585
0.625272
0.625976
0.625663
0.625976
0.626211
0.626289
0.626837
0.627228
0.627463
0.627385
0.627542
0.627776
0.628168
0.628089
0.628716
0.628950
0.629263
0.629577
0.629420
0.629811
0.630516
0.630203
0.630516
0.630516
0.630907
0.631377
0.631455
0.632003
0.632159
0.632394
0.632551
0.632707
0.633099
0.633255
0.633725
0.633960
0.634116
0.634508
0.634586
0.634508
0.634821
0.635369
0.635447
0.636073
0.636073
0.636151
0.636386
0.636621
0.636621
0.636777
0.637012
0.637717
0.637951
0.637951
0.638421
0.638499
0.638656
0.638891
0.638969
0.639360
0.639830
0.640143
0.640378
0.640769
0.640769
0.641004
0.640926
0.641552
0.641708
0.642021
0.642178
0.642413
0.642569
0.643039
0.643196
0.643352
0.643665
0.643822
0.644135
0.644526
0.644604
0.645074
0.645465
0.645622
0.645778
0.645857
0.646170
0.646639
0.646952
0.646796
0.647344
0.647579
0.647813
0.647892
0.648361
0.648361
0.648674
0.649066
0.649301
0.649379
0.649770
0.650162
0.650318
0.650475
0.650631
0.651179
0.651414
0.651649
0.651883
0.652275
0.652588
0.652744
0.653136
0.653527
0.653840
0.654232
0.653997
0.654466
0.655014
0.655171
0.655171
0.655562
0.655953
0.656267
0.656267
0.656580
0.656893
0.657128
0.657362
0.657754
0.658223
0.658615
0.658615
0.659006
0.659319
0.659867
0.659945
0.660258
0.660571
0.660571
0.661041
0.661276
0.661432
0.661824
0.662137
0.662293
0.662685
0.662919
0.663467
0.663467
0.663624
0.664250
0.664250
0.664407
0.665502
0.665581
0.665737
0.666050
0.666363
0.666520
0.666990
0.667068
0.666990
0.667616
0.667850
0.668007
0.668555
0.668477
0.668946
0.669103
0.669494
0.669729
0.670199
0.670512
0.670746
0.670981
0.671373
0.671686
0.671764
0.671842
0.672703
0.673095
0.673408
0.673877
0.674347
0.674503
0.674347
0.674503
0.674973
0.675208
0.675599
0.675991
0.675912
0.676304
0.676695
0.676852
0.676930
0.677321
0.677478
0.678026
0.678182
0.678652
0.679043
0.679513
0.679434
0.679356
0.679904
0.679982
0.680765
0.681469
0.681783
0.682017
0.682330
0.682643
0.682643
0.683191
0.683583
0.683739
0.684131
0.684131
0.684600
0.684757
0.684992
0.685148
0.685383
0.685931
0.686244
0.686479
0.686870
0.687340
0.687496
0.687496
0.687496
0.688279
0.688827
0.689218
0.689375
0.689688
0.690001
0.690314
0.690079
0.690314
0.690784
0.691175
0.691488
0.691723
0.691879
0.692505
0.692584
0.692819
0.693053
0.693523
0.694071
0.694384
0.694697
0.695167
0.695088
0.695323
0.695401
0.695793
0.696106
0.696732
0.697280
0.697280
0.697515
0.697750
0.697671
0.697984
0.698376
0.699002
0.699471
0.699315
0.699941
0.700019
0.700254
0.700411
0.700567
0.701272
0.701976
0.702054
0.702367
0.702681
0.702837
0.703307
0.703150
0.703228
0.703776
0.704402
0.704481
0.704637
0.704950
0.705185
0.705498
0.705811
0.705811
0.706437
0.706907
0.707142
0.707377
0.707690
0.707925
0.708238
0.708159
0.708394
0.708707
0.709412
0.709490
0.709255
0.709255
0.709490
0.709725
0.709412
0.709333
0.709333
0.708707
0.708864
0.708629
0.708707
0.708238
0.708081
0.707690
0.707612
0.707377
0.707298
0.707142
0.706907
0.706359
0.706203
0.705968
0.706046
0.705263
0.705107
0.705029
0.704481
0.704168
0.704168
0.703776
0.703228
0.702915
0.702994
0.702837
0.702524
0.702133
0.701820
0.701428
0.701428
0.700802
0.700567
0.700176
0.700176
0.699628
0.699393
0.699158
0.698767
0.698297
0.698297
0.697828
0.697045
0.696732
0.696497
0.695871
0.695558
0.694854
0.694540
0.694462
0.694462
0.694149
0.693680
0.693366
0.693288
0.692897
0.692740
0.692349
0.691958
0.691801
0.691566
0.690784
0.690549
0.689766
0.689531
0.689140
0.688905
0.688514
0.688749
0.688279
0.687966
0.687653
0.687653
0.686948
0.686635
0.686479
0.686400
0.685696
0.685618
0.684992
0.684522
0.684444
0.683583
0.683661
0.683191
0.682800
0.682409
0.682252
0.681861
0.681704
0.681469
0.681078
0.680687
0.680139
0.680061
0.679434
0.678808
0.678339
0.678026
0.677478
0.677478
0.677165
0.676773
0.676852
0.676382
0.676069
0.675756
0.675677
0.675443
0.674895
0.674425
0.674190
0.673721
0.673329
0.673173
0.672781
0.672625
0.672390
0.671999
0.671686
0.671373
0.671060
0.670825
0.670590
0.670355
0.669572
0.669103
0.668868
0.668320
0.668164
0.668007
0.667850
0.667537
0.667146
0.666990
0.666676
0.666363
0.665894
0.665033
0.664720
0.664485
0.664015
0.663780
0.663467
0.663624
0.663546
0.663154
0.662685
0.662450
0.662215
0.661745
0.661198
0.661041
0.660180
0.660024
0.659710
0.659476
0.659163
0.658771
0.658693
0.658302
0.658067
0.657910
0.657675
0.657128
0.656736
0.655797
0.655719
0.655484
0.655406
0.655093
0.654936
0.654701
0.654623
0.653918
0.653840
0.653371
0.652744
0.652431
0.652040
0.651570
0.651179
0.650788
0.650631
0.650631
0.650083
0.649614
0.649535
0.649535
0.648987
0.648283
0.647970
0.647892
0.647657
0.647344
0.647344
0.646718
0.646405
0.646170
0.645700
0.645387
0.644839
0.644370
0.644056
0.643978
0.643587
0.643117
0.643117
0.642804
0.642256
0.641865
0.641474
0.641395
0.640691
0.640613
0.640143
0.639830
0.639439
0.639125
0.638969
0.638499
0.638186
0.637873
0.637482
0.637404
0.636386
0.636151
0.635916
0.635682
0.635369
0.635603
0.635134
0.634742
0.634194
0.634116
0.633568
0.633412
0.632786
0.632238
0.632081
0.631690
0.631533
0.630829
0.631142
0.630438
0.630046
0.629968
0.629420
0.629029
0.628794
0.628324
0.628246
0.628011
0.627776
0.627307
0.627072
0.626524
0.626211
0.625820
0.625507
0.625350
0.624959
0.624802
0.624254
0.623863
0.623941
0.623785
0.623237
0.622924
0.622454
0.621906
0.621593
0.621437
0.621045
0.620810
0.620654
0.620184
0.619871
0.619401
0.618932
0.618619
0.618306
0.617914
0.617523
0.617210
0.616897
0.616740
0.616192
0.616192
0.615645
0.615331
0.614862
0.614705
0.614470
0.613923
0.613844
0.613531
0.613218
0.612983
0.612592
0.612435
0.612122
0.611888
0.611340
0.611027
0.610635
0.610087
0.609931
0.609618
0.609226
0.608992
0.608835
0.608365
0.607896
0.607661
0.607113
0.607270
0.607035
0.606644
0.606330
0.605861
0.605469
0.605156
0.605000
0.604843
0.604452
0.603982
0.603748
0.603669
0.602887
0.602965
0.602808
0.602260
0.601713
0.601399
0.600930
0.600538
0.600460
0.600304
0.599756
0.599599
0.599051
0.598660
0.598660
0.598190
0.598112
0.597799
0.597642
0.597564
0.597173
0.596468
0.596390
0.595686
0.595451
0.595529
0.595138
0.594747
0.594668
0.594277
0.594042
0.593886
0.593572
0.593181
0.592868
0.592555
0.592398
0.592164
0.591694
0.591616
0.590990
0.590990
0.590129
0.590050
0.589737
0.589424
0.589268
0.589111
0.588798
0.588485
0.588015
0.587546
0.587389
0.587389
0.586606
0.586293
0.586528
0.586137
0.585745
0.585745
0.585354
0.585198
0.584963
0.584337
0.584024
0.584024
0.583867
0.583554
0.583241
0.583006
0.582536
0.582458
0.581597
0.581206
0.580971
0.580814
0.580345
0.580188
0.580110
0.579797
0.579562
0.579406
0.579014
0.578545
0.578545
0.577840
0.577684
0.577605
0.577527
0.577292
0.576823
0.576666
0.576118
0.575883
0.575570
0.575257
0.575101
0.574944
0.574788
0.574475
0.574162
0.573927
0.573770
0.572987
0.572518
0.572283
0.572283
0.572048
0.571813
0.571500
0.571109
0.571031
0.570561
0.570170
0.569622
0.569152
0.568917
0.568996
0.568917
0.568448
0.568291
0.568135
0.567352
0.567117
0.566882
0.566648
0.566335
0.566413
0.566256
0.565943
0.565474
0.565317
0.564534
0.564300
0.564221
0.563595
0.563360
0.563047
0.563126
0.562734
0.562265
0.562186
0.561560
0.561090
0.561090
0.560464
0.560308
0.560151
0.559838
0.559525
0.559369
0.559055
0.558273
0.558038
0.557568
0.557412
0.557177
0.556942
0.556786
0.556551
0.556316
0.555925
0.555377
0.554672
0.554438
0.554359
0.554281
0.554281
0.553968
0.553811
0.553264
0.553029
0.552559
0.552089
0.551385
0.551228
0.551150
0.550915
0.550837
0.550759
0.550446
0.549898
0.549193
0.548959
0.548646
0.548333
0.548176
0.548098
0.547941
0.547550
0.547158
0.547002
0.546454
0.546063
0.545750
0.545123
0.545045
0.545202
0.544967
0.544497
0.544262
0.543871
0.543402
0.543010
0.542932
0.542541
0.542227
0.541993
0.541758
0.541523
0.541053
0.540662
0.540349
0.539879
0.539645
0.539097
0.539018
0.539175
0.538549
0.538314
0.538079
0.537923
0.536983
0.536670
0.536514
0.536357
0.536122
0.536044
0.535496
0.535496
0.535105
0.534557
0.534166
0.533696
0.533618
0.533305
0.532913
0.532679
0.532131
0.532052
0.531583
0.531270
0.531348
0.530487
0.530017
0.530096
0.529939
0.529469
0.529156
0.528922
0.528530
0.528530
0.527982
0.527748
0.527121
0.526887
0.526808
0.526652
0.526339
0.526026
0.525556
0.525008
0.524930
0.524617
0.524147
0.523834
0.524069
0.523599
0.523130
0.523130
0.522582
0.522269
0.521956
0.521564
0.520782
0.520547
0.520390
0.519764
0.519529
0.519294
0.518825
0.518825
0.518355
0.518120
0.517886
0.517338
0.517416
0.516868
0.516712
0.516320
0.516164
0.515772
0.515381
0.515224
0.514911
0.514442
0.514129
0.513737
0.513659
0.513268
0.513268
0.512876
0.512563
0.512250
0.511624
0.511233
0.510920
0.510841
0.510685
0.510528
0.509980
0.509667
0.509276
0.509119
0.508806
0.508493
0.508337
0.508024
0.507789
0.507554
0.506850
0.506380
0.506223
0.505910
0.505519
0.505519
0.505128
0.504580
0.504736
0.504345
0.504110
0.503719
0.503640
0.503249
0.502701
0.502623
0.502388
0.501919
0.501762
0.501527
0.501058
0.500744
0.500353
0.500118
0.499570
0.499570
0.499101
0.498944
0.498788
0.498396
0.498318
0.497692
0.497222
0.497301
0.496988
0.496753
0.496283
0.496127
0.495892
0.495579
0.495657
0.494718
0.494561
0.494248
0.494013
0.493700
0.493387
0.492996
0.492996
0.492683
0.492526
0.492448
0.491822
0.491587
0.491117
0.490804
0.490648
0.490100
0.489943
0.489552
0.489395
0.489082
0.488847
0.488378
0.487987
0.487987
0.487595
0.487517
0.487126
0.486969
0.486499
0.486421
0.486030
0.485091
0.485482
0.484777
0.484621
0.484777
0.484621
0.484073
0.483838
0.483369
0.483447
0.482821
0.482508
0.481960
0.481803
0.481647
0.481647
0.481020
0.480629
0.479846
0.479768
0.479455
0.478985
0.478516
0.478359
0.478125
0.477968
0.477733
0.477498
0.477342
0.476794
0.476637
0.476011
0.475776
0.475542
0.475307
0.474994
0.474524
0.474368
0.474133
0.473350
0.473115
0.473272
0.473037
0.472646
0.472411
0.471863
0.471863
0.471080
0.471158
0.470141
0.470141
0.469906
0.469828
0.469358
0.469045
0.468654
0.468341
0.467871
0.467715
0.467323
0.467010
0.466932
0.466384
0.466149
0.466071
0.465758
0.465445
0.465053
0.464740
0.464271
0.464036
0.463566
0.463566
0.463018
0.463018
0.462940
0.462236
0.461766
0.461297
0.460905
0.460749
0.460357
0.459888
0.459496
0.459261
0.459027
0.458714
0.458244
0.458087
0.457696
0.457383
0.456913
0.456444
0.456287
0.456052
0.455896
0.455505
0.454878
0.454565
0.454252
0.454096
0.454096
0.453391
0.453391
0.453078
0.452374
0.452061
0.451982
0.451669
0.451200
0.450574
0.450808
0.450182
0.449869
0.449869
0.449008
0.448539
0.448539
0.448225
0.447834
0.447599
0.447364
0.446973
0.446660
0.446582
0.445877
0.445564
0.445329
0.445173
0.444860
0.444547
0.444312
0.443999
0.443686
0.443529
0.443060
0.442747
0.442199
0.441729
0.441573
0.441338
0.440633
0.440633
0.440398
0.440164
0.439616
0.438990
0.438520
0.438520
0.438050
0.437894
0.437737
0.437268
0.436798
0.436642
0.436094
0.435859
0.435311
0.434998
0.435076
0.434607
0.434372
0.433902
0.433824
0.433432
0.433041
0.432728
0.432571
0.431945
0.431867
0.431711
0.431397
0.430693
0.430615
0.430223
0.430145
0.429597
0.429362
0.429441
0.429128
0.428893
0.428658
0.428423
0.428032
0.427797
0.427249
0.427014
0.426623
0.426310
0.426153
0.425919
0.425762
0.425292
0.425058
0.424431
0.423805
0.423649
0.423727
0.423257
0.423023
0.422475
0.422083
0.422318
0.421457
0.421535
0.420831
0.420127
0.420205
0.419970
0.419579
0.419187
0.419109
0.418874
0.418405
0.418248
0.417622
0.417700
0.417309
0.417074
0.416918
0.416604
0.416370
0.415978
0.415352
0.415196
0.415117
0.414648
0.414491
0.414100
0.413787
0.413552
0.413161
0.413082
0.412769
0.412300
0.412221
0.411987
0.411752
0.411047
0.411047
0.410656
0.410265
0.410186
0.409638
0.409482
0.409169
0.409169
0.408699
0.408386
0.408151
0.407995
0.407369
0.407134
0.406742
0.406429
0.406116
0.405881
0.405177
0.405021
0.404707
0.404629
0.404394
0.403768
0.403690
0.403299
0.402907
0.402438
0.402594
0.402281
0.402046
0.401655
0.401577
0.401264
0.400168
0.400011
0.399698
0.399307
0.398994
0.398837
0.398681
0.398289
0.397898
0.397585
0.397350
0.396959
0.396489
0.395863
0.395863
0.395863
0.395706
0.395002
0.395002
0.394454
0.394219
0.394141
0.393750
0.393280
0.393280
0.392889
0.392654
0.392184
0.391871
0.391636
0.391402
0.391088
0.390854
0.390306
0.390306
0.389680
0.389367
0.388975
0.388897
0.388427
0.388114
0.387879
0.387488
0.387332
0.386862
0.386705
0.386549
0.386001
0.385766
0.385375
0.385218
0.384983
0.384514
0.384122
0.384044
0.383575
0.383496
0.383262
0.382714
0.382401
0.382087
0.381305
0.381227
0.381070
0.380835
0.380366
0.380131
0.379896
0.379505
0.379191
0.378487
0.378252
0.378017
0.377861
0.377783
0.377313
0.377000
0.376843
0.376139
0.375982
0.375435
0.375356
0.375043
0.374652
0.374339
0.374026
0.373634
0.373321
0.373165
0.372695
0.372304
0.372147
0.371834
0.371521
0.371208
0.370895
0.370738
0.370112
0.369956
0.369486
0.368703
0.368390
0.368077
0.367999
0.367764
0.367451
0.367216
0.366825
0.366434
0.366120
0.365651
0.365181
0.365181
0.364633
0.364477
0.364242
0.363851
0.363459
0.362990
0.362598
0.362129
0.361894
0.361659
0.361346
0.360955
0.360407
0.360172
0.359937
0.359311
0.359076
0.358607
0.358450
0.358137
0.357824
0.357667
0.357354
0.356806
0.356337
0.356024
0.355711
0.355319
0.355006
0.354458
0.354302
0.354302
0.353676
0.353362
0.353049
0.352736
0.352188
0.351875
0.351797
0.351327
0.351014
0.350623
0.350545
0.350153
0.349997
0.349527
0.349214
0.349214
0.348745
0.348197
0.347884
0.347570
0.347336
0.346944
0.346396
0.346162
0.346162
0.345770
0.345222
0.344988
0.344988
0.344831
0.344127
0.343892
0.343735
0.343266
0.343109
0.342718
0.342483
0.342092
0.341700
0.341074
0.340604
0.340448
0.339822
0.339352
0.339196
0.339039
0.338804
0.338413
0.338178
0.337865
0.337474
0.336848
0.336613
0.336378
0.335830
0.335830
0.335673
0.335047
0.334813
0.334578
0.333873
0.333795
0.333325
0.333404
0.333169
0.332699
0.332699
0.332308
0.332308
0.331682
0.331056
0.330821
0.331056
0.330038
0.329803
0.329647
0.329412
0.329177
0.328707
0.328551
0.327925
0.327690
0.327612
0.327220
0.326907
0.326751
0.326359
0.325890
0.325733
0.325342
0.324951
0.324716
0.324403
0.324246
0.323776
0.323698
0.323542
0.322994
0.322837
0.322289
0.322055
0.321663
0.321115
0.321115
0.320411
0.320098
0.319785
0.319706
0.319159
0.318611
0.318532
0.318141
0.317828
0.317437
0.317045
0.316967
0.316810
0.316497
0.316341
0.315715
0.315558
0.315089
0.314932
0.314462
0.314228
0.313993
0.313758
0.313367
0.313210
0.313054
0.312819
0.312349
0.311958
0.311410
0.311332
0.310784
0.310627
0.310392
0.310001
0.309610
0.309375
0.308749
0.308436
0.308201
0.307966
0.307731
0.307496
0.307027
0.306635
0.306244
0.306244
0.305853
0.305540
0.305305
0.304913
0.304679
0.304287
0.303896
0.303661
0.303348
0.302644
0.302331
0.302017
0.301626
0.301235
0.301000
0.300530
0.299982
0.299904
0.299356
0.299121
0.298965
0.298339
0.298104
0.297869
0.297869
0.297165
0.296617
0.296460
0.295912
0.295834
0.295521
0.295208
0.294582
0.294504
0.294190
0.293877
0.293643
0.293095
0.293016
0.292390
0.292234
0.291686
0.291608
0.291138
0.290981
0.290747
0.289886
0.289651
0.289181
0.289181
0.288790
0.288242
0.288007
0.287772
0.287459
0.286990
0.286520
0.286285
0.285894
0.285737
0.285503
0.285346
0.284955
0.284407
0.284329
0.283859
0.283389
0.283154
0.282763
0.282528
0.282059
0.282137
0.281824
0.281354
0.280728
0.280258
0.279711
0.279319
0.278850
0.278615
0.278458
0.277989
0.277832
0.277128
0.277049
0.276502
0.276267
0.275797
0.275406
0.275249
0.275093
0.274623
0.274075
0.274153
0.273762
0.273449
0.272979
0.272666
0.272431
0.271805
0.271649
0.271023
0.270866
0.270553
0.270162
0.269692
0.269144
0.268831
0.268361
0.268440
0.267814
0.267422
0.267344
0.266953
0.266561
0.266170
0.265857
0.265309
0.265309
0.264839
0.264605
0.264213
0.263978
0.263744
0.263352
0.262883
0.262256
0.262178
0.261865
0.261239
0.261239
0.260769
0.260378
0.260221
0.259517
0.259439
0.258656
0.258343
0.258030
0.257795
0.257404
0.257091
0.256543
0.256151
0.255995
0.255838
0.255290
0.255290
0.254664
0.254508
0.254586
0.253960
0.253647
0.253177
0.252708
0.252316
0.252238
0.251612
0.251455
0.251299
0.250672
0.250438
0.250125
0.249890
0.249498
0.249185
0.248716
0.248637
0.248168
0.247855
0.247463
0.246916
0.246994
0.246368
0.246211
0.245820
0.245507
0.245194
0.244881
0.244489
0.244254
0.243863
0.243159
0.243237
0.242924
0.242454
0.242141
0.241985
0.241515
0.240810
0.241045
0.240341
0.239871
0.239558
0.239089
0.238854
0.238775
0.237915
0.237601
0.237601
0.237132
0.236897
0.236271
0.236193
0.236114
0.235645
0.235253
0.235097
0.234471
0.234392
0.233844
0.233531
0.233453
0.232749
0.232592
0.231966
0.231575
0.231262
0.230949
0.231183
0.230401
0.229931
0.229931
0.229540
0.228992
0.228992
0.228757
0.228209
0.228053
0.227505
0.227505
0.226800
0.226565
0.226487
0.226174
0.225939
0.225391
0.225078
0.224687
0.224139
0.224139
0.223748
0.223356
0.222808
0.222730
0.222808
0.221947
0.221713
0.221321
0.221165
0.220617
0.220304
0.219991
0.219834
0.219443
0.218973
0.218425
0.218112
0.217721
0.217408
0.217095
0.217330
0.216469
0.216312
0.215921
0.215451
0.214981
0.214668
0.214747
0.214120
0.213886
0.213416
0.213338
0.212790
0.212320
0.212085
0.211616
0.211303
0.211146
0.210442
0.210207
0.209737
0.209503
0.209268
0.209424
0.208563
0.208172
0.207781
0.207859
0.207389
0.206998
0.206841
0.206607
0.206059
0.205746
0.205276
0.204728
0.204415
0.204102
0.203789
0.203163
0.203006
0.202850
0.202223
0.201989
0.201676
0.200971
0.200658
0.200267
0.199875
0.199406
0.199249
0.199014
0.198153
0.197527
0.197136
0.196979
0.196745
0.196353
0.196275
0.195805
0.195649
0.195257
0.194944
0.194397
0.193849
0.193692
0.193692
0.192753
0.192596
0.191970
0.191970
0.191266
0.191109
0.190483
0.190170
0.189935
0.189387
0.188839
0.188996
0.188605
0.188057
0.187665
0.187196
0.186804
0.186648
0.186256
0.185943
0.185552
0.185474
0.184848
0.184535
0.184065
0.183204
0.183047
0.182656
0.182343
0.182186
0.181795
0.181247
0.181091
0.180464
0.179995
0.179525
0.179447
0.179056
0.178899
0.178429
0.178038
0.177960
0.177725
0.177021
0.176473
0.176238
0.175690
0.175142
0.175142
0.174594
0.174516
0.174125
0.173655
0.173577
0.172638
0.172168
0.172090
0.171777
0.171620
0.171072
0.170602
0.170289
0.169742
0.169350
0.168881
0.168176
0.168098
0.167941
0.167393
0.167002
0.166611
0.166611
0.166219
0.165515
0.165437
0.164732
0.164497
0.164419
0.164106
0.163558
0.163167
0.162932
0.162619
0.161993
0.161445
0.160975
0.160975
0.160740
0.160114
0.159880
0.159175
0.158940
0.158627
0.158079
0.157453
0.157453
0.157140
0.156749
0.156357
0.156123
0.155575
0.154949
0.154714
0.153931
0.153618
0.153696
0.153305
0.153070
0.152757
0.152366
0.152053
0.151661
0.150800
0.150644
0.150174
0.150018
0.149626
0.149235
0.149000
0.148687
0.148061
0.147826
0.147278
0.146574
0.146652
0.146261
0.146261
0.145478
0.145165
0.145165
0.144539
0.144147
0.143678
0.143286
0.143052
0.142504
0.142347
0.141956
0.141408
0.141173
0.140782
0.140312
0.139764
0.139451
0.139295
0.138668
0.138512
0.138355
0.138042
0.137573
0.137260
0.136868
0.136399
0.136164
0.135772
0.135225
0.134833
0.134598
0.134285
0.133659
0.133346
0.132798
0.132329
0.132172
0.132015
0.131937
0.131389
0.131076
0.130607
0.130528
0.129902
0.129120
0.128963
0.128572
0.128259
0.128024
0.127319
0.127241
0.126850
0.126458
0.126302
0.125519
0.124971
0.124971
0.124267
0.124267
0.123797
0.123406
0.123171
0.122623
0.122388
0.121840
0.121606
0.121058
0.120901
0.120353
0.119805
0.119571
0.119179
0.118944
0.118475
0.118083
0.117692
0.117536
0.117144
0.116596
0.116283
0.115657
0.115266
0.114874
0.114796
0.114170
0.113387
0.113152
0.112996
0.112526
0.111978
0.111509
0.111352
0.110726
0.110491
0.109865
0.109396
0.109552
0.108926
0.108300
0.107908
0.107517
0.107282
0.106734
0.106030
0.105795
0.105560
0.105404
0.104856
0.104465
0.103917
0.103682
0.103447
0.103212
0.102899
0.102351
0.101647
0.101412
0.100786
0.100864
0.100160
0.099612
0.099220
0.098673
0.098438
0.098046
0.097812
0.097342
0.096951
0.096481
0.095933
0.095777
0.095307
0.094759
0.094289
0.093742
0.093742
0.093507
0.092959
0.092489
0.092333
0.092020
0.091550
0.091002
0.090532
0.089985
0.089750
0.089202
0.089045
0.088341
0.087715
0.087323
0.087010
0.086697
0.086306
0.085680
0.085132
0.085210
0.084819
0.084193
0.083880
0.083488
0.083175
0.082706
0.082471
0.082001
0.081453
0.080749
0.080514
0.079888
0.079183
0.078714
0.078635
0.078009
0.077540
0.077305
0.076992
0.076444
0.075974
0.075348
0.074957
0.074487
0.074252
0.073783
0.073704
0.073391
0.073000
0.072609
0.071669
0.071356
0.071043
0.070652
0.070104
0.069948
0.069478
0.069321
0.068617
0.068226
0.067756
0.067130
0.066660
0.066425
0.066034
0.065643
0.065251
0.064860
0.064469
0.063686
0.063373
0.063060
0.062512
0.062355
0.061964
0.061494
0.061103
0.060790
0.060399
0.060007
0.059303
0.058364
0.058051
0.057737
0.057190
0.056876
0.056798
0.056250
0.055937
0.055468
0.055076
0.054372
0.053980
0.053433
0.052963
0.052650
0.052024
0.051554
0.051476
0.051085
0.050067
0.049676
0.049206
0.049128
0.048815
0.048423
0.047954
0.047719
0.047249
0.046623
0.046075
0.045762
0.044979
0.044745
0.044275
0.043962
0.043649
0.043336
0.042944
0.042318
0.041770
0.041457
0.040596
0.040362
0.040362
0.039892
0.039188
0.038718
0.038248
0.037544
0.037231
0.036605
0.036057
0.036057
0.035587
0.034883
0.034648
0.034100
0.033865
0.033161
0.032456
0.031908
0.031830
0.031517
0.030813
0.030421
0.030186
0.029404
0.029091
0.028699
0.027917
0.027369
0.026977
0.026743
0.026351
0.026195
0.025334
0.024942
0.024395
0.023925
0.023377
0.023142
0.022516
0.022438
0.022046
0.021499
0.021264
0.020716
0.020011
0.019855
0.019150
0.018603
0.018133
0.017585
0.017429
0.016802
0.016176
0.015785
0.015472
0.015080
0.014298
0.013985
0.013515
0.013437
0.012576
0.012263
0.011715
0.011323
0.010776
0.010541
0.009758
0.009132
0.008506
0.008036
0.007723
0.007253
0.007019
0.006471
0.005923
0.005531
0.004827
0.004201
0.003653
0.003027
0.002714
0.002636
0.002244
0.001853
0.001305
0.000992
0.000444
0.000131
-0.000574
-0.000808
-0.001043
-0.001669
-0.002217
-0.002922
-0.003156
-0.003626
-0.004174
-0.004878
-0.005270
-0.005739
-0.005974
-0.006209
-0.006992
-0.007618
-0.007696
-0.008087
-0.008714
-0.009418
-0.010044
-0.010592
-0.010905
-0.010983
-0.011453
-0.012079
-0.012705
-0.012784
-0.013488
-0.014114
-0.014427
-0.015210
-0.015523
-0.016071
-0.016149
-0.017088
-0.017793
-0.017949
-0.018497
-0.019280
-0.019828
-0.020454
-0.020924
-0.021315
-0.021785
-0.022567
-0.023115
-0.023350
-0.024054
-0.024524
-0.025620
-0.025698
-0.026090
-0.026637
-0.027264
-0.027811
-0.027968
-0.028907
-0.029220
-0.030081
-0.030786
-0.031020
-0.031412
-0.031960
-0.032586
-0.033290
-0.033682
-0.034151
-0.034777
-0.035482
-0.035795
-0.036421
-0.036656
-0.037047
-0.037673
-0.038456
-0.039004
-0.039552
-0.040335
-0.041039
-0.041430
-0.042135
-0.042604
-0.042839
-0.043465
-0.044248
-0.044953
-0.045579
-0.045970
-0.046440
-0.047144
-0.047535
-0.047927
-0.048631
-0.049179
-0.049884
-0.050823
-0.051058
-0.051919
-0.052232
-0.052858
-0.053406
-0.054110
-0.054580
-0.054971
-0.055519
-0.056380
-0.056771
-0.057632
-0.058102
-0.058571
-0.059432
-0.059902
-0.060450
-0.061311
-0.061624
-0.062328
-0.062876
-0.063268
-0.064050
-0.064442
-0.065303
-0.065694
-0.066164
-0.066790
-0.067729
-0.068355
-0.068825
-0.069373
-0.070077
-0.070625
-0.071173
-0.071877
-0.072112
-0.073051
-0.073756
-0.074773
-0.075008
-0.075165
-0.075713
-0.076808
-0.077278
-0.077591
-0.078139
-0.078843
-0.079861
-0.080487
-0.080957
-0.081661
-0.082131
-0.082992
-0.083696
-0.084322
-0.084479
-0.085105
-0.086122
-0.086514
-0.087296
-0.088079
-0.088471
-0.089018
-0.089723
-0.090271
-0.090584
-0.091210
-0.092462
-0.093010
-0.093793
-0.094028
-0.094810
-0.095123
-0.095671
-0.096141
-0.096532
-0.097550
-0.098411
-0.099428
-0.099820
-0.100133
-0.100759
-0.101307
-0.102089
-0.102637
-0.103185
-0.103655
-0.104516
-0.105690
-0.106003
-0.106316
-0.107177
-0.107647
-0.108195
-0.108821
-0.109290
-0.109760
-0.110621
-0.111638
-0.111951
-0.112812
-0.113282
-0.114143
-0.114378
-0.115317
-0.115552
-0.116491
-0.117039
-0.118135
-0.118917
-0.119231
-0.120013
-0.121031
-0.121344
-0.121892
-0.122518
-0.123144
-0.123770
-0.124788
-0.125883
-0.126197
-0.126431
-0.126979
-0.127527
-0.128466
-0.128858
-0.129562
-0.130032
-0.131206
-0.132223
-0.132771
-0.133084
-0.133710
-0.134102
-0.135041
-0.135589
-0.136059
-0.136841
-0.137702
-0.138641
-0.139346
-0.139737
-0.140520
-0.141146
-0.142007
-0.142242
-0.143103
-0.143651
-0.144042
-0.145373
-0.146077
-0.146625
-0.147095
-0.147408
-0.147799
-0.148425
-0.149208
-0.149521
-0.150382
-0.151634
-0.152652
-0.153121
-0.153669
-0.154295
-0.154687
-0.155469
-0.155783
-0.156565
-0.157191
-0.158052
-0.158835
-0.159931
-0.160714
-0.160714
-0.161340
-0.162435
-0.162827
-0.163844
-0.164079
-0.165018
-0.166036
-0.166975
-0.167523
-0.167836
-0.168462
-0.168932
-0.169715
-0.170576
-0.171280
-0.171906
-0.173002
-0.173628
-0.174567
-0.174724
-0.175585
-0.176133
-0.176759
-0.177385
-0.177855
-0.178637
-0.179263
-0.180594
-0.181377
-0.181846
-0.182316
-0.182786
-0.183568
-0.184194
-0.184977
-0.185369
-0.186151
-0.187169
-0.188030
-0.188656
-0.189047
-0.189673
-0.189986
-0.190769
-0.191630
-0.192335
-0.192804
-0.193665
-0.194761
-0.195622
-0.195857
-0.196170
-0.196796
-0.197344
-0.198127
-0.198753
-0.199301
-0.200240
-0.201649
-0.202353
-0.203058
-0.203762
-0.203997
-0.204545
-0.205249
-0.205875
-0.206423
-0.207049
-0.207910
-0.208928
-0.209789
-0.210102
-0.210806
-0.211354
-0.211980
-0.212763
-0.213311
-0.213937
-0.214955
-0.215659
-0.216363
-0.216911
-0.217772
-0.218085
-0.218790
-0.219886
-0.220355
-0.220981
-0.221686
-0.222860
-0.223486
-0.223956
-0.224425
-0.225051
-0.225521
-0.226225
-0.227086
-0.227556
-0.228417
-0.229513
-0.230061
-0.230922
-0.231156
-0.231391
-0.232017
-0.232878
-0.233191
-0.233974
-0.234522
-0.235148
-0.236244
-0.236948
-0.237261
-0.237888
-0.238357
-0.238670
-0.239296
-0.240470
-0.241018
-0.241566
-0.242427
-0.243053
-0.243993
-0.243914
-0.244619
-0.245167
-0.245715
-0.246341
-0.246889
-0.247671
-0.248297
-0.249002
-0.249628
-0.250098
-0.250646
-0.250567
-0.251350
-0.252133
-0.252994
-0.253228
-0.254089
-0.254637
-0.255185
-0.255733
-0.256438
-0.257142
-0.257220
-0.258003
-0.258629
-0.259333
-0.260116
-0.260429
-0.261134
-0.261838
-0.262229
-0.262856
-0.263325
-0.263717
-0.264499
-0.265047
-0.265517
-0.265908
-0.266378
-0.266926
-0.267708
-0.268178
-0.268413
-0.268491
-0.269274
-0.269665
-0.270135
-0.270996
-0.271387
-0.271857
-0.272639
-0.273109
-0.273266
-0.273657
-0.274361
-0.274831
-0.275301
-0.276083
-0.276318
-0.276631
-0.277336
-0.277883
-0.278197
-0.278666
-0.278823
-0.279449
-0.279762
-0.280701
-0.280858
-0.281406
-0.281953
-0.282188
-0.282814
-0.283362
-0.283754
-0.283910
-0.284693
-0.285006
-0.285476
-0.285945
-0.285945
-0.286650
-0.286806
-0.287511
-0.287902
-0.288137
-0.288293
-0.288919
-0.289467
-0.289702
-0.290172
-0.290328
-0.290720
-0.291346
-0.291659
-0.291972
-0.292442
-0.292755
-0.292989
-0.293303
-0.293616
-0.293929
-0.294164
-0.294398
-0.294711
-0.294711
-0.295181
-0.295885
-0.296120
-0.296120
-0.296668
-0.296825
-0.296825
-0.297373
-0.297607
-0.297999
-0.298312
-0.298468
-0.298860
-0.299016
-0.299251
-0.299642
-0.300034
-0.300347
-0.300660
-0.300425
-0.300738
-0.301208
-0.301521
-0.301756
-0.301991
-0.302147
-0.302382
-0.302460
-0.302617
-0.302851
-0.303165
-0.303399
-0.303556
-0.303478
-0.304026
-0.304417
-0.304495
-0.304887
-0.305043
-0.305121
-0.305121
-0.305356
-0.305747
-0.305904
-0.305591
-0.306452
-0.306295
-0.306608
-0.306843
-0.306843
-0.306922
-0.307078
-0.307313
-0.307313
-0.307548
-0.307548
-0.307391
-0.307782
-0.308017
-0.308330
-0.308330
-0.308565
-0.308252
-0.308330
-0.308643
-0.308800
-0.308487
-0.308643
-0.309035
-0.309348
-0.309035
-0.309035
-0.309035
-0.309270
-0.309426
-0.309426
-0.309426
-0.309270
-0.309348
-0.309504
-0.310052
-0.309818
-0.309739
-0.309739
-0.309818
-0.309974
-0.309974
-0.309974
-0.309818
-0.310052
-0.310052
-0.310287
-0.310209
-0.310522
-0.310444
-0.310444
-0.310287
-0.310678
-0.310287
-0.310365
-0.310678
-0.310444
-0.310600
-0.310835
-0.310600
-0.310757
-0.310678
-0.310600
-0.310444
-0.310287
-0.310209
-0.310287
-0.310209
-0.310600
-0.310444
-0.310287
-0.310287
-0.310209
-0.309896
-0.310052
-0.310131
-0.309739
-0.309896
-0.310287
-0.310287
-0.310131
-0.310287
-0.310209
-0.309661
-0.309739
-0.309739
-0.309348
-0.309504
-0.309348
-0.309583
-0.309818
-0.309426
-0.309504
-0.309426
-0.309270
-0.309270
-0.309426
-0.309113
-0.308957
-0.308878
-0.309035
-0.308722
-0.308800
-0.308800
-0.308957
-0.308722
-0.308800
-0.308957
-0.308878
-0.308565
-0.308330
-0.308565
-0.308565
-0.308565
-0.308565
-0.308565
-0.308252
-0.308174
-0.307704
-0.307939
-0.307939
-0.307704
-0.307704
-0.307782
-0.308096
-0.308017
-0.308330
-0.307861
-0.307861
-0.307235
-0.307313
-0.307469
-0.307156
-0.307156
-0.307156
-0.307313
-0.307000
-0.307235
-0.306922
-0.306922
-0.306687
-0.306765
-0.306452
-0.306295
-0.306452
-0.306374
-0.306608
-0.306530
-0.306608
-0.306374
-0.305982
-0.305904
-0.305982
-0.305982
-0.306061
-0.305669
-0.305669
-0.305434
-0.305747
-0.305513
-0.305434
-0.305200
-0.305200
-0.305121
-0.305043
-0.305043
-0.304887
-0.304887
-0.304965
-0.305200
-0.304887
-0.305043
-0.304887
-0.304495
-0.304495
-0.304260
-0.304260
-0.304417
-0.304104
-0.304260
-0.304339
-0.303947
-0.304026
-0.303947
-0.303947
-0.303634
-0.303791
-0.303556
-0.303321
-0.303165
-0.303399
-0.303712
-0.303399
-0.303165
-0.303008
-0.303243
-0.303008
-0.303008
-0.303008
-0.303008
-0.302930
-0.303086
-0.303086
-0.303008
-0.302773
-0.302617
-0.302695
-0.302695
-0.302304
-0.302225
-0.302304
-0.302382
-0.302304
-0.302538
-0.302617
-0.302225
-0.302147
-0.301991
-0.302225
-0.301912
-0.302382
-0.302304
-0.301912
-0.302069
-0.301834
-0.301991
-0.301991
-0.301834
-0.301756
-0.301364
-0.301599
-0.301521
-0.301599
-0.301521
-0.301677
-0.301756
-0.301443
-0.301521
-0.301208
-0.301286
-0.300973
-0.301051
-0.300895
-0.300895
-0.301130
-0.301208
-0.301286
-0.301051
-0.301051
-0.300816
-0.301051
-0.300895
-0.300895
-0.300582
-0.300660
-0.300738
-0.300895
-0.300738
-0.300660
-0.300738
-0.300503
-0.300425
-0.300347
-0.300895
-0.300582
-0.300269
-0.300425
-0.300582
-0.300895
-0.301051
-0.300816
-0.300503
-0.300582
-0.300503
-0.300738
-0.300738
-0.300503
-0.300738
-0.300973
-0.300816
-0.300816
-0.300895
-0.300973
-0.300816
-0.300582
-0.300895
-0.300973
-0.300582
-0.300816
-0.300738
-0.301130
-0.301051
-0.300973
-0.300973
-0.300738
-0.300738
-0.300816
-0.300973
-0.300973
-0.301130
-0.301208
-0.301130
-0.301130
-0.301051
-0.300660
-0.300660
-0.300738
-0.300895
-0.300816
-0.300973
-0.301130
-0.300973
-0.301286
-0.301521
-0.301443
-0.301364
-0.301599
-0.301286
-0.301208
-0.301443
-0.301364
-0.301286
-0.301443
-0.301521
-0.301756
-0.301443
-0.301599
-0.301364
-0.301599
-0.301677
-0.301834
-0.301599
-0.301912
-0.302069
-0.301991
-0.302304
-0.301991
-0.302069
-0.302069
-0.302538
-0.302460
-0.302304
-0.302617
-0.302617
-0.302538
-0.302460
-0.302773
-0.303008
-0.302617
-0.303086
-0.302851
-0.302930
-0.303008
-0.303008
-0.303086
-0.302930
-0.303243
-0.303478
-0.303556
-0.303243
-0.303399
-0.303556
-0.303712
-0.303869
-0.303634
-0.303634
-0.303791
-0.303947
-0.304104
-0.304182
-0.304182
-0.304339
-0.304182
-0.304260
-0.304495
-0.304730
-0.304652
-0.304730
-0.304730
-0.305043
-0.304887
-0.304730
-0.304965
-0.305043
-0.305121
-0.305434
-0.305278
-0.305278
-0.305278
-0.305356
-0.305669
-0.305513
-0.305904
-0.305669
-0.305904
-0.306374
-0.306217
-0.306374
-0.306687
-0.306765
-0.306530
-0.306765
-0.306843
-0.307078
-0.307078
-0.307313
-0.307704
-0.307626
-0.307548
-0.307704
-0.307861
-0.307548
-0.308252
-0.307861
-0.307704
-0.308174
-0.308174
-0.308330
-0.308096
-0.308800
-0.308800
-0.308800
-0.308722
-0.308800
-0.308643
-0.308957
-0.309035
-0.309191
-0.309191
-0.309661
-0.309974
-0.309896
-0.309896
-0.309896
-0.310131
-0.310052
-0.310287
-0.310600
-0.310600
-0.310757
-0.310992
-0.310992
-0.311305
-0.311618
-0.311539
-0.311774
-0.311461
-0.311931
-0.312009
-0.312009
-0.312244
-0.312400
-0.312557
-0.312870
-0.312792
-0.313183
-0.312948
-0.313496
-0.313261
-0.313183
-0.313418
-0.313888
-0.313966
-0.313888
-0.314279
-0.314279
-0.314514
-0.314670
-0.314435
-0.314670
-0.315140
-0.315453
-0.315453
-0.315296
-0.315609
-0.315844
-0.316157
-0.316157
-0.316314
-0.316470
-0.316627
-0.316784
-0.316784
-0.316940
-0.317097
-0.317175
-0.317566
-0.317723
-0.318036
-0.318036
-0.318114
-0.318349
-0.318427
-0.318505
-0.318975
-0.318819
-0.319132
-0.319366
-0.319758
-0.319836
-0.320149
-0.320306
-0.320227
-0.320227
-0.320619
-0.320932
-0.320775
-0.321010
-0.321088
-0.321480
-0.321793
-0.321793
-0.322028
-0.322028
-0.322262
-0.322497
-0.322419
-0.322654
-0.322810
-0.323358
-0.323515
-0.323828
-0.323828
-0.323828
-0.323750
-0.324219
-0.324219
-0.324454
-0.324845
-0.324845
-0.324767
-0.325237
-0.325393
-0.325628
-0.325941
-0.326019
-0.326176
-0.326332
-0.326880
-0.326724
-0.326646
-0.326959
-0.327272
-0.327428
-0.327585
-0.327898
-0.328211
-0.327976
-0.328367
-0.328446
-0.328524
-0.328759
-0.328994
-0.329072
-0.329307
-0.329698
-0.330011
-0.329855
-0.330089
-0.330168
-0.330168
-0.330559
-0.330716
-0.330794
-0.331107
-0.331263
-0.331577
-0.331811
-0.332203
-0.332359
-0.332829
-0.332672
-0.332672
-0.332829
-0.333220
-0.333455
-0.333690
-0.333612
-0.334081
-0.334316
-0.334472
-0.334864
-0.334864
-0.335099
-0.335333
-0.335255
-0.335647
-0.335568
-0.335725
-0.336038
-0.336351
-0.336429
-0.336821
-0.336977
-0.337055
-0.337368
-0.337368
-0.337760
-0.337760
-0.337995
-0.338229
-0.338464
-0.338856
-0.338934
-0.339403
-0.339482
-0.339560
-0.339873
-0.339951
-0.339951
-0.340343
-0.340812
-0.340734
-0.341204
-0.341517
-0.341673
-0.341517
-0.342221
-0.341908
-0.342378
-0.342613
-0.342926
-0.343004
-0.343317
-0.343708
-0.343630
-0.343787
-0.344178
-0.344256
-0.344178
-0.344491
-0.344804
-0.345274
-0.345430
-0.345587
-0.345665
-0.346291
-0.346291
-0.346996
-0.346604
-0.346917
-0.347152
-0.347700
-0.347544
-0.348013
-0.348170
-0.348326
-0.348405
-0.348718
-0.348952
-0.348952
-0.349031
-0.349187
-0.349579
-0.349813
-0.349813
-0.350440
-0.350518
-0.350518
-0.350909
-0.351457
-0.351457
-0.351770
-0.352005
-0.352240
-0.352240
-0.352396
-0.352944
-0.353101
-0.353414
-0.353336
-0.353649
-0.353805
-0.354196
-0.354275
-0.354431
-0.354588
-0.355057
-0.355136
-0.355371
-0.355762
-0.355997
-0.356075
-0.356231
-0.356545
-0.356858
-0.357092
-0.357171
-0.357406
-0.357875
-0.357875
-0.358188
-0.358267
-0.358580
-0.358345
-0.359049
-0.359049
-0.359441
-0.359988
-0.359988
-0.360223
-0.360771
-0.361006
-0.361632
-0.361554
-0.362102
-0.362571
-0.362493
-0.362963
-0.363041
-0.363276
-0.363667
-0.363511
-0.363745
-0.364215
-0.364450
-0.364763
-0.364841
-0.365076
-0.365233
-0.365311
-0.365859
-0.365546
-0.366250
-0.366250
-0.366563
-0.366407
-0.367189
-0.367111
-0.367502
-0.368128
-0.367815
-0.368442
-0.368442
-0.368676
-0.368833
-0.369146
-0.369146
-0.369616
-0.369459
-0.369929
-0.370085
-0.370085
-0.370555
-0.371181
-0.371103
-0.371572
-0.371572
-0.371964
-0.372355
-0.372199
-0.372668
-0.372746
-0.372825
-0.373373
-0.373373
-0.373529
-0.373920
-0.374390
-0.374390
-0.374781
-0.374860
-0.375095
-0.375486
-0.375721
-0.375721
-0.376190
-0.376190
-0.376425
-0.376895
-0.377286
-0.377443
-0.377599
-0.377912
-0.378069
-0.378382
-0.378304
-0.378382
-0.378773
-0.379165
-0.379634
-0.379712
-0.380182
-0.380652
-0.380730
-0.381043
-0.381200
-0.381591
-0.381747
-0.381826
-0.382217
-0.382139
-0.382217
-0.382843
-0.383156
-0.383469
-0.383782
-0.383939
-0.383939
-0.384096
-0.384487
-0.384878
-0.384957
-0.384878
-0.385348
-0.386052
-0.386287
-0.386209
-0.386522
-0.386913
-0.387070
-0.387305
-0.387461
-0.387696
-0.387852
-0.388166
-0.388557
-0.388948
-0.389105
-0.389418
-0.389653
-0.389966
-0.390044
-0.390122
-0.390748
-0.390983
-0.391062
-0.391296
-0.391609
-0.391923
-0.392236
-0.392549
-0.392549
-0.393018
-0.393331
-0.393331
-0.393801
-0.393644
-0.393879
-0.394271
-0.394427
-0.395053
-0.395288
-0.395445
-0.395523
-0.395914
-0.396227
-0.396462
-0.396775
-0.396932
-0.397245
-0.397480
-0.397871
-0.398028
-0.398184
-0.398732
-0.398575
-0.398732
-0.399045
-0.399358
-0.399671
-0.400219
-0.400532
-0.400454
-0.400845
-0.401785
-0.401785
-0.402176
-0.402332
-0.402724
-0.402802
-0.403193
-0.403585
-0.403898
-0.404211
-0.403976
-0.404446
-0.404680
-0.404915
-0.405228
-0.405620
-0.405698
-0.405776
-0.406089
-0.406559
-0.406481
-0.406716
-0.407342
-0.407576
-0.407733
-0.408124
-0.408359
-0.408516
-0.408907
-0.409142
-0.409142
-0.409377
-0.409846
-0.410238
-0.410394
-0.410707
-0.410629
-0.411177
-0.411412
-0.411725
-0.412038
-0.412194
-0.412742
-0.412977
-0.413212
-0.413212
-0.413525
-0.413838
-0.414386
-0.414621
-0.414777
-0.414934
-0.415403
-0.415403
-0.415717
-0.416108
-0.416343
-0.416343
-0.416734
-0.416891
-0.417047
-0.417673
-0.417830
-0.418299
-0.418456
-0.418847
-0.418847
-0.419082
-0.419317
-0.419708
-0.420021
-0.420413
-0.420961
-0.421274
-0.421195
-0.421274
-0.421508
-0.421978
-0.422448
-0.422761
-0.422996
-0.423309
-0.423309
-0.423544
-0.423778
-0.424170
-0.424561
-0.424639
-0.424796
-0.425187
-0.425500
-0.425657
-0.425892
-0.426126
-0.426831
-0.426831
-0.427300
-0.427300
-0.427614
-0.427927
-0.428240
-0.428396
-0.428709
-0.428866
-0.428866
-0.429492
-0.429805
-0.429883
-0.430118
-0.430666
-0.430979
-0.431292
-0.431605
-0.431840
-0.432153
-0.432388
-0.432388
-0.432936
-0.433014
-0.433327
-0.433719
-0.434032
-0.434266
-0.434580
-0.434580
-0.434971
-0.435127
-0.435519
-0.435754
-0.436145
-0.436458
-0.436615
-0.436771
-0.437319
-0.437632
-0.437867
-0.438023
-0.438258
-0.438806
-0.438884
-0.439432
-0.439432
-0.439667
-0.440058
-0.440606
-0.440919
-0.441154
-0.441154
-0.441389
-0.442015
-0.442093
-0.442328
-0.442485
-0.443111
-0.443346
-0.443581
-0.443737
-0.444050
-0.444363
-0.444911
-0.445068
-0.445381
-0.445224
-0.445616
-0.445772
-0.446398
-0.446477
-0.446711
-0.447103
-0.447181
-0.447338
-0.447729
-0.447885
-0.448277
-0.448355
-0.448981
-0.448903
-0.449216
-0.449686
-0.449842
-0.450077
-0.450625
-0.451094
-0.451173
-0.451564
-0.451642
-0.451877
-0.452347
-0.452582
-0.453129
-0.453286
-0.453208
-0.453912
-0.453599
-0.454225
-0.454538
-0.454773
-0.455086
-0.455321
-0.455791
-0.456025
-0.455947
-0.456339
-0.456886
-0.456965
-0.457356
-0.457591
-0.458139
-0.458374
-0.458452
-0.459000
-0.458921
-0.459235
-0.459469
-0.459704
-0.459861
-0.460096
-0.460330
-0.460643
-0.461191
-0.461504
-0.461896
-0.461739
-0.462052
-0.462522
-0.462522
-0.462757
-0.463226
-0.463305
-0.463774
-0.463931
-0.464322
-0.464557
-0.465027
-0.465574
-0.465887
-0.466044
-0.466044
-0.466514
-0.466827
-0.467218
-0.467296
-0.467766
-0.467844
-0.468001
-0.468392
-0.468470
-0.469018
-0.469253
-0.469566
-0.469957
-0.470271
-0.470349
-0.470818
-0.471053
-0.471366
-0.471679
-0.471758
-0.472149
-0.472619
-0.472697
-0.473088
-0.473167
-0.473558
-0.473793
-0.473793
-0.474262
-0.474262
-0.474575
-0.475045
-0.475358
-0.475671
-0.475828
-0.476219
-0.476297
-0.476924
-0.476924
-0.476845
-0.477471
-0.477863
-0.478411
-0.478411
-0.478411
-0.479115
-0.479428
-0.479585
-0.480054
-0.480367
-0.480367
-0.480759
-0.481072
-0.481463
-0.481855
-0.482089
-0.482794
-0.482950
-0.483263
-0.483107
-0.483733
-0.484046
-0.484516
-0.484359
-0.484672
-0.485298
-0.485142
-0.485611
-0.485846
-0.485768
-0.486238
-0.486551
-0.486629
-0.487177
-0.487490
-0.487881
-0.487960
-0.488194
-0.488586
-0.488586
-0.489055
-0.489368
-0.489603
-0.489916
-0.490464
-0.490542
-0.490934
-0.491403
-0.491638
-0.491873
-0.492499
-0.492421
-0.492812
-0.493125
-0.492891
-0.493360
-0.493986
-0.494534
-0.494612
-0.494769
-0.495004
-0.495317
-0.495552
-0.495865
-0.496100
-0.496334
-0.496726
-0.496961
-0.497587
-0.497900
-0.497978
-0.498213
-0.498369
-0.498683
-0.499230
-0.499074
-0.499622
-0.499935
-0.500170
-0.500326
-0.500718
-0.501187
-0.501422
-0.501500
-0.501892
-0.502126
-0.502596
-0.502596
-0.502831
-0.503222
-0.503535
-0.503848
-0.504161
-0.504396
-0.504866
-0.505335
-0.505649
-0.505805
-0.506196
-0.506431
-0.506588
-0.506744
-0.507214
-0.507370
-0.507840
-0.508075
-0.508623
-0.508545
-0.508779
-0.509562
-0.509719
-0.510032
-0.510188
-0.510814
-0.510971
-0.511440
-0.511675
-0.511597
-0.511675
-0.512615
-0.512771
-0.512928
-0.513084
-0.513397
-0.514023
-0.514102
-0.514258
-0.514650
-0.514884
-0.515276
-0.515197
-0.515589
-0.515589
-0.516058
-0.516450
-0.516685
-0.516919
-0.517311
-0.517546
-0.518015
-0.518328
-0.518641
-0.518641
-0.519033
-0.519581
-0.519659
-0.519894
-0.520285
-0.520989
-0.521068
-0.521224
-0.521772
-0.521850
-0.522085
-0.522555
-0.522868
-0.523259
-0.523651
-0.523729
-0.524433
-0.524277
-0.524668
-0.524825
-0.525059
-0.525451
-0.525764
-0.525842
-0.526547
-0.526468
-0.527173
-0.527251
-0.527564
-0.527642
-0.528190
-0.528347
-0.528738
-0.528895
-0.529129
-0.529521
-0.529677
-0.530225
-0.530147
-0.530460
-0.530851
-0.531086
-0.531869
-0.531869
-0.531947
-0.532417
-0.532808
-0.532886
-0.533199
-0.533513
-0.533826
-0.533826
-0.533982
-0.534530
-0.535078
-0.535078
-0.535548
-0.535782
-0.535782
-0.536330
-0.536565
-0.537035
-0.537113
-0.537191
-0.537583
-0.537896
-0.538130
-0.538600
-0.538913
-0.539148
-0.539618
-0.539696
-0.539852
-0.540322
-0.540713
-0.540635
-0.541261
-0.541496
-0.541574
-0.542044
-0.542592
-0.542748
-0.542983
-0.543296
-0.543375
-0.543844
-0.543766
-0.544001
-0.544549
-0.544862
-0.545097
-0.544940
-0.545957
-0.546036
-0.546114
-0.546662
-0.546818
-0.546975
-0.547288
-0.547523
-0.547679
-0.548071
-0.547992
-0.548540
-0.548853
-0.549323
-0.549636
-0.549793
-0.549949
-0.550419
-0.550575
-0.550888
-0.551045
-0.551593
-0.551749
-0.551984
-0.552454
-0.552845
-0.553080
-0.553471
-0.553550
-0.553863
-0.554176
-0.554254
-0.554802
-0.555272
-0.555506
-0.555585
-0.555898
-0.556446
-0.556524
-0.556759
-0.557150
-0.557307
-0.557698
-0.557854
-0.558011
-0.558402
-0.558715
-0.559029
-0.558872
-0.559733
-0.559733
-0.560046
-0.560516
-0.560829
-0.560985
-0.561455
-0.561846
-0.561768
-0.562394
-0.562551
-0.562707
-0.563255
-0.563412
-0.563960
-0.564194
-0.564351
-0.564507
-0.564820
-0.565290
-0.565760
-0.565916
-0.565995
-0.566073
-0.566464
-0.566699
-0.566699
-0.567169
-0.567716
-0.567873
-0.568343
-0.568812
-0.568891
-0.569360
-0.569204
-0.569673
-0.569751
-0.570065
-0.570612
-0.570691
-0.571239
-0.571317
-0.571787
-0.572256
-0.572334
-0.572726
-0.573117
-0.573117
-0.573274
-0.573900
-0.573978
-0.574056
-0.574604
-0.575152
-0.575543
-0.575700
-0.576013
-0.576091
-0.577031
-0.576952
-0.577265
-0.577657
-0.577500
-0.577657
-0.578205
-0.578674
-0.579066
-0.579222
-0.579222
-0.579770
-0.579927
-0.580553
-0.580944
-0.580944
-0.581101
-0.581492
-0.581727
-0.582118
-0.582196
-0.582666
-0.582744
-0.583214
-0.583527
-0.584075
-0.584231
-0.584779
-0.584701
-0.585014
-0.585249
-0.585719
-0.586032
-0.586188
-0.586579
-0.586971
-0.587206
-0.587597
-0.588067
-0.588145
-0.588380
-0.588849
-0.589162
-0.589162
-0.589397
-0.589710
-0.590023
-0.590571
-0.590728
-0.591510
-0.591510
-0.591824
-0.592215
-0.592371
-0.592763
-0.593154
-0.593076
-0.593937
-0.594015
-0.594250
-0.594798
-0.594954
-0.595346
-0.595581
-0.595972
-0.596598
-0.596598
-0.596676
-0.596989
-0.597302
-0.597381
-0.597850
-0.598242
-0.598711
-0.598946
-0.599024
-0.599416
-0.600120
-0.600277
-0.600277
-0.600825
-0.600668
-0.600981
-0.601138
-0.601686
-0.602390
-0.602547
-0.602703
-0.603486
-0.603486
-0.603721
-0.604425
-0.604268
-0.604895
-0.605208
-0.605129
-0.605521
-0.605677
-0.606147
-0.606851
-0.606695
-0.606930
-0.607556
-0.608025
-0.608104
-0.608338
-0.608652
-0.608965
-0.609434
-0.609513
-0.609747
-0.610295
-0.610530
-0.610843
-0.611234
-0.611469
-0.611626
-0.612174
-0.612252
-0.612722
-0.612878
-0.613113
-0.613269
-0.613426
-0.613739
-0.613974
-0.614287
-0.614522
-0.615226
-0.615305
-0.615539
-0.615696
-0.616009
-0.616322
-0.616713
-0.617026
-0.617574
-0.617731
-0.618044
-0.618122
-0.618592
-0.618748
-0.618748
-0.619375
-0.619844
-0.620001
-0.620157
-0.620470
-0.620783
-0.621018
-0.621488
-0.621879
-0.622349
-0.622662
-0.622897
-0.623366
-0.623601
-0.623679
-0.623992
-0.623992
-0.624697
-0.624932
-0.625010
-0.625323
-0.625636
-0.626106
-0.626419
-0.626732
-0.626732
-0.626967
-0.627436
-0.627749
-0.627906
-0.628141
-0.628141
-0.628767
-0.628923
-0.629002
-0.629471
-0.629550
-0.630176
-0.630567
-0.630489
-0.631193
-0.631193
-0.631741
-0.632054
-0.631898
-0.632446
-0.632680
-0.632759
-0.633541
-0.633698
-0.633854
-0.634246
-0.634559
-0.634637
-0.635028
-0.635342
-0.635576
-0.635733
-0.636281
-0.636594
-0.636750
-0.637220
-0.637298
-0.637846
-0.638159
-0.638159
-0.638551
-0.638942
-0.639177
-0.639333
-0.639568
-0.639646
-0.640351
-0.640664
-0.641055
-0.641368
-0.641760
-0.641838
-0.642229
-0.642464
-0.642777
-0.642855
-0.643169
-0.643560
-0.643716
-0.644186
-0.644656
-0.644734
-0.644969
-0.645204
-0.645282
-0.645751
-0.645908
-0.646221
-0.646299
-0.646926
-0.647160
-0.647239
-0.647786
-0.648100
-0.648334
-0.648647
-0.648961
-0.649195
