-0.539539
-0.539852
-0.539931
-0.540479
-0.540713
-0.541105
-0.541574
-0.541731
-0.541887
-0.542122
-0.542514
-0.542905
-0.542983
-0.543375
-0.543375
-0.543844
-0.544236
-0.544470
-0.544627
-0.545097
-0.545331
-0.545410
-0.546036
-0.546271
-0.546818
-0.546818
-0.547288
-0.547836
-0.547992
-0.548071
-0.548149
-0.548775
-0.548932
-0.549010
-0.549636
-0.549793
-0.550341
-0.550184
-0.550810
-0.551202
-0.551515
-0.551280
-0.551984
-0.552141
-0.552532
-0.552845
-0.553002
-0.553706
-0.553863
-0.554332
-0.554567
-0.554645
-0.555115
-0.555428
-0.555585
-0.556133
-0.556602
-0.556602
-0.556680
-0.557150
-0.557776
-0.558324
-0.558089
-0.558168
-0.558794
-0.559263
-0.559107
-0.559655
-0.559733
-0.559968
-0.560359
-0.560907
-0.560985
-0.561611
-0.562003
-0.562003
-0.562551
-0.562785
-0.563177
-0.563568
-0.563568
-0.563881
-0.564116
-0.564429
-0.564507
-0.564820
-0.565290
-0.565212
-0.565838
-0.566151
-0.566699
-0.567012
-0.567012
-0.567247
-0.567247
-0.567795
-0.568030
-0.568030
-0.568421
-0.569047
-0.569282
-0.569360
-0.569673
-0.569986
-0.570378
-0.570534
-0.571082
-0.571082
-0.571395
-0.571552
-0.572021
-0.572413
-0.573117
-0.573195
-0.573352
-0.573743
-0.573978
-0.574291
-0.574761
-0.574761
-0.575152
-0.575309
-0.575700
-0.575857
-0.576326
-0.576483
-0.576717
-0.577187
-0.577578
-0.577892
-0.577892
-0.578048
-0.578283
-0.578674
-0.578831
-0.579379
-0.579613
-0.579927
-0.579927
-0.580553
-0.580709
-0.581179
-0.581257
-0.581648
-0.581962
-0.582353
-0.582353
-0.582744
-0.583057
-0.583527
-0.583449
-0.583918
-0.584231
-0.584388
-0.584623
-0.585171
-0.585171
-0.585797
-0.585953
-0.585953
-0.586579
-0.586893
-0.587049
-0.587206
-0.587675
-0.588145
-0.588458
-0.588771
-0.589084
-0.589006
-0.589397
-0.589867
-0.589867
-0.590336
-0.590493
-0.590963
-0.591119
-0.591510
-0.591902
-0.592058
-0.592685
-0.592685
-0.592841
-0.593076
-0.593311
-0.593702
-0.593859
-0.594406
-0.594406
-0.594954
-0.595189
-0.595346
-0.595894
-0.595972
-0.596441
-0.596676
-0.596755
-0.597381
-0.597302
-0.597772
-0.598242
-0.598242
-0.598555
-0.599024
-0.599259
-0.599651
-0.599885
-0.600198
-0.600668
-0.600668
-0.601294
-0.601686
-0.601999
-0.602155
-0.602938
-0.603173
-0.603251
-0.603721
-0.603799
-0.604112
-0.604268
-0.604973
-0.604973
-0.604973
-0.605521
-0.605521
-0.606069
-0.606303
-0.606538
-0.606851
-0.607008
-0.607556
-0.607712
-0.608260
-0.608182
-0.608730
-0.609199
-0.609356
-0.609513
-0.610060
-0.610217
-0.610530
-0.610843
-0.611234
-0.611234
-0.611939
-0.611861
-0.612174
-0.612409
-0.612878
-0.613191
-0.613348
-0.613817
-0.614130
-0.614444
-0.614600
-0.614757
-0.615461
-0.615618
-0.616087
-0.615931
-0.616400
-0.616557
-0.616713
-0.617105
-0.617105
-0.617653
-0.618122
-0.618122
-0.618514
-0.618748
-0.619218
-0.619531
-0.619531
-0.620314
-0.620001
-0.620705
-0.620862
-0.621096
-0.621644
-0.621801
-0.622349
-0.622505
-0.622897
-0.623288
-0.623366
-0.623914
-0.624071
-0.624306
-0.624384
-0.624775
-0.625245
-0.625401
-0.625793
-0.625793
-0.626341
-0.626575
-0.626967
-0.627436
-0.627515
-0.627749
-0.628141
-0.628454
-0.628610
-0.628845
-0.629393
-0.629393
-0.630019
-0.630176
-0.630489
-0.630724
-0.631350
-0.631193
-0.631585
-0.631741
-0.632054
-0.632524
-0.632680
-0.633228
-0.633541
-0.633541
-0.633854
-0.634246
-0.634715
-0.635185
-0.635263
-0.635576
-0.636124
-0.636046
-0.636516
-0.636672
-0.637220
-0.637455
-0.637690
-0.638316
-0.638159
-0.638551
-0.638785
-0.638942
-0.639177
-0.639646
-0.639881
-0.639803
-0.640351
-0.640507
-0.641290
-0.641681
-0.641681
-0.642151
-0.642464
-0.643012
-0.643325
-0.643482
-0.643325
-0.643795
-0.643873
-0.644499
-0.644734
-0.644734
-0.645204
-0.645673
-0.646221
-0.646534
-0.646691
-0.646691
-0.647160
-0.647317
-0.647708
-0.648100
-0.648178
-0.648491
-0.649039
-0.649274
-0.649352
-0.650135
-0.650526
-0.650604
-0.650526
-0.651074
-0.651309
-0.651543
-0.652326
-0.652639
-0.652796
-0.652874
-0.653031
-0.653500
-0.653892
-0.654518
-0.654518
-0.654596
-0.654987
-0.655066
-0.655692
-0.655770
-0.656240
-0.656631
-0.656787
-0.657335
-0.657570
-0.657805
-0.658040
-0.658431
-0.658431
-0.658744
-0.659214
-0.659370
-0.659370
-0.659762
-0.659997
-0.660153
-0.660231
-0.660466
-0.660388
-0.660623
-0.660310
-0.660075
-0.659997
-0.660153
-0.659762
-0.659605
-0.659527
-0.659527
-0.659370
-0.659057
-0.658901
-0.658588
-0.658744
-0.658353
-0.657727
-0.657962
-0.657570
-0.657022
-0.656787
-0.656631
-0.656553
-0.655848
-0.655770
-0.655535
-0.655144
-0.654831
-0.654439
-0.654126
-0.654126
-0.653813
-0.653187
-0.653187
-0.652952
-0.652404
-0.652404
-0.652013
-0.651387
-0.650917
-0.650682
-0.650213
-0.650291
-0.649665
-0.649352
-0.649039
-0.648961
-0.648256
-0.648256
-0.648100
-0.647552
-0.647317
-0.647082
-0.646769
-0.646221
-0.646456
-0.645830
-0.645517
-0.644890
-0.645047
-0.644577
-0.644108
-0.643951
-0.643482
-0.643325
-0.642934
-0.642308
-0.642229
-0.641760
-0.641525
-0.641212
-0.640820
-0.640429
-0.640351
-0.639725
-0.639646
-0.639177
-0.638629
-0.638472
-0.638081
-0.637768
-0.637298
-0.636829
-0.636594
-0.636516
-0.636203
-0.635968
-0.635655
-0.635498
-0.634872
-0.634481
-0.634168
-0.633620
-0.633150
-0.632993
-0.632680
-0.632446
-0.631898
-0.631741
-0.631193
-0.631037
-0.630802
-0.630645
-0.630176
-0.629863
-0.629002
-0.628845
-0.628532
-0.628141
-0.628219
-0.627671
-0.626967
-0.626967
-0.626575
-0.626341
-0.625871
-0.625558
-0.625480
-0.625088
-0.624697
-0.624227
-0.623836
-0.623601
-0.623053
-0.622975
-0.622975
-0.622114
-0.621801
-0.621331
-0.621096
-0.620862
-0.620236
-0.620079
-0.619766
-0.619375
-0.618905
-0.618827
-0.618435
-0.617809
-0.617966
-0.617261
-0.617183
-0.616557
-0.616244
-0.616009
-0.615774
-0.615461
-0.615148
-0.614913
-0.614600
-0.614130
-0.613817
-0.613661
-0.613191
-0.612643
-0.612330
-0.611939
-0.611626
-0.611156
-0.610921
-0.611000
-0.610452
-0.610060
-0.609591
-0.609278
-0.608730
-0.608652
-0.608495
-0.608104
-0.607869
-0.607399
-0.607321
-0.606538
-0.606147
-0.606069
-0.605677
-0.605364
-0.605051
-0.604973
-0.604190
-0.604190
-0.603877
-0.603486
-0.603016
-0.602781
-0.602547
-0.601920
-0.601607
-0.601294
-0.600668
-0.600825
-0.600277
-0.599572
-0.599337
-0.599181
-0.598790
-0.598868
-0.598320
-0.597850
-0.597537
-0.596911
-0.596520
-0.596441
-0.596285
-0.595815
-0.595346
-0.595346
-0.595033
-0.594720
-0.594328
-0.593937
-0.593546
-0.593232
-0.592685
-0.592528
-0.591824
-0.591902
-0.591276
-0.591119
-0.590806
-0.590415
-0.589789
-0.589710
-0.589632
-0.588928
-0.588693
-0.588223
-0.588067
-0.587597
-0.587284
-0.587206
-0.586893
-0.586579
-0.585953
-0.585875
-0.585562
-0.585092
-0.584779
-0.584701
-0.583918
-0.583684
-0.583684
-0.583292
-0.582744
-0.582275
-0.582196
-0.581492
-0.581414
-0.580944
-0.580396
-0.579927
-0.579770
-0.579457
-0.579222
-0.579222
-0.578753
-0.578518
-0.577892
-0.577422
-0.577187
-0.576874
-0.576639
-0.576170
-0.576013
-0.575935
-0.575387
-0.575152
-0.574526
-0.574369
-0.573900
-0.573743
-0.573508
-0.573195
-0.572882
-0.572647
-0.572178
-0.571708
-0.571473
-0.571082
-0.570847
-0.570378
-0.570143
-0.569438
-0.569360
-0.569204
-0.568812
-0.568421
-0.568030
-0.567873
-0.567482
-0.567403
-0.566777
-0.566464
-0.566151
-0.565603
-0.565525
-0.564977
-0.564664
-0.564586
-0.564116
-0.563725
-0.563490
-0.563020
-0.562629
-0.562159
-0.562003
-0.562003
-0.561611
-0.561142
-0.560672
-0.560203
-0.559576
-0.559185
-0.559185
-0.558950
-0.558559
-0.558402
-0.557933
-0.557854
-0.557228
-0.557150
-0.556680
-0.556524
-0.556133
-0.555819
-0.555585
-0.555272
-0.554958
-0.554567
-0.553941
-0.553628
-0.553628
-0.553080
-0.552532
-0.552376
-0.551749
-0.551906
-0.551593
-0.550967
-0.550967
-0.550575
-0.549949
-0.549558
-0.549245
-0.549088
-0.548853
-0.548540
-0.547914
-0.547836
-0.547601
-0.547132
-0.546975
-0.546427
-0.546192
-0.545879
-0.545723
-0.545410
-0.544705
-0.544705
-0.544314
-0.543922
-0.543453
-0.543218
-0.542983
-0.542670
-0.542435
-0.542279
-0.541966
-0.541574
-0.541183
-0.540792
-0.540166
-0.539852
-0.539696
-0.539696
-0.539383
-0.538522
-0.538365
-0.538130
-0.537896
-0.537817
-0.537270
-0.536956
-0.536643
-0.536487
-0.536095
-0.535939
-0.535156
-0.535156
-0.534687
-0.534452
-0.533904
-0.533826
-0.533513
-0.533356
-0.532965
-0.532808
-0.532260
-0.532417
-0.531947
-0.531399
-0.531243
-0.530773
-0.530460
-0.530069
-0.529677
-0.529443
-0.529129
-0.528895
-0.528268
-0.528034
-0.527721
-0.527642
-0.527094
-0.526860
-0.526703
-0.526312
-0.526077
-0.525842
-0.525529
-0.524981
-0.524825
-0.524198
-0.524042
-0.523572
-0.523416
-0.523416
-0.522946
-0.522633
-0.522007
-0.521772
-0.521302
-0.520989
-0.520520
-0.520285
-0.519815
-0.519581
-0.518954
-0.518798
-0.518563
-0.518093
-0.517780
-0.517624
-0.517232
-0.516841
-0.516450
-0.516293
-0.515902
-0.515667
-0.515354
-0.514963
-0.514728
-0.514571
-0.514336
-0.513867
-0.513554
-0.513084
-0.512928
-0.512380
-0.512380
-0.511675
-0.511440
-0.511206
-0.510736
-0.510501
-0.510266
-0.509719
-0.509640
-0.509249
-0.508310
-0.508388
-0.508388
-0.507762
-0.507684
-0.507449
-0.507214
-0.507057
-0.506431
-0.506275
-0.506040
-0.505492
-0.505335
-0.505022
-0.504709
-0.504396
-0.504005
-0.503848
-0.503300
-0.503457
-0.502753
-0.502439
-0.501970
-0.501657
-0.501344
-0.500796
-0.500483
-0.500091
-0.499935
-0.499622
-0.499465
-0.498917
-0.498683
-0.498526
-0.497978
-0.497587
-0.497039
-0.496961
-0.496647
-0.496256
-0.496021
-0.495473
-0.495160
-0.495160
-0.495004
-0.494691
-0.494143
-0.493908
-0.493282
-0.493125
-0.492969
-0.492421
-0.491873
-0.491717
-0.491325
-0.490856
-0.490856
-0.490856
-0.490151
-0.490229
-0.489290
-0.489212
-0.488821
-0.488664
-0.488116
-0.487960
-0.487646
-0.487333
-0.486942
-0.486707
-0.486316
-0.486081
-0.485768
-0.484907
-0.484985
-0.484672
-0.484437
-0.484516
-0.483498
-0.483576
-0.483263
-0.482715
-0.482559
-0.482246
-0.481933
-0.481855
-0.481385
-0.480524
-0.480446
-0.479585
-0.479350
-0.479272
-0.478959
-0.478724
-0.478176
-0.477784
-0.477550
-0.476767
-0.476689
-0.476689
-0.476376
-0.476141
-0.475749
-0.475515
-0.475123
-0.474810
-0.474419
-0.473949
-0.473636
-0.473480
-0.472932
-0.472932
-0.472306
-0.472462
-0.471993
-0.471601
-0.471210
-0.470975
-0.470427
-0.469879
-0.469253
-0.469410
-0.468783
-0.468079
-0.468079
-0.467922
-0.467531
-0.467296
-0.467062
-0.466592
-0.466357
-0.466044
-0.465809
-0.465340
-0.464948
-0.464870
-0.464400
-0.464244
-0.463774
-0.463696
-0.462991
-0.462991
-0.462757
-0.462444
-0.461896
-0.461817
-0.461191
-0.461035
-0.460565
-0.460174
-0.459939
-0.459626
-0.459469
-0.459156
-0.458608
-0.458295
-0.458217
-0.457513
-0.457513
-0.457121
-0.456886
-0.456652
-0.456495
-0.455712
-0.455321
-0.455086
-0.454851
-0.454617
-0.454382
-0.454147
-0.453677
-0.453208
-0.453051
-0.452895
-0.452425
-0.452190
-0.451799
-0.451173
-0.451251
-0.451016
-0.450625
-0.450077
-0.449764
-0.449451
-0.449216
-0.449138
-0.448746
-0.448433
-0.447964
-0.447572
-0.447103
-0.446790
-0.446711
-0.446398
-0.446477
-0.445694
-0.445459
-0.445146
-0.445068
-0.444755
-0.444285
-0.444285
-0.443581
-0.443267
-0.443424
-0.442876
-0.442485
-0.442172
-0.441859
-0.441624
-0.440998
-0.440606
-0.440137
-0.439745
-0.439667
-0.438963
-0.438963
-0.438415
-0.438023
-0.437867
-0.437554
-0.437162
-0.436771
-0.436615
-0.436458
-0.435910
-0.436067
-0.435519
-0.435049
-0.434893
-0.434580
-0.434032
-0.433875
-0.433562
-0.433014
-0.433014
-0.432701
-0.432231
-0.431840
-0.431684
-0.431370
-0.431057
-0.431057
-0.430118
-0.430353
-0.429962
-0.429257
-0.429335
-0.429022
-0.428553
-0.428240
-0.428240
-0.427770
-0.427770
-0.427379
-0.427066
-0.426753
-0.426283
-0.425892
-0.425579
-0.425109
-0.424952
-0.424639
-0.424326
-0.423857
-0.423622
-0.423465
-0.423387
-0.422996
-0.422683
-0.422291
-0.421978
-0.421508
-0.420961
-0.420882
-0.420491
-0.420256
-0.420100
-0.419473
-0.419317
-0.419082
-0.418847
-0.418378
-0.418065
-0.417752
-0.417438
-0.417125
-0.416656
-0.416499
-0.416264
-0.415951
-0.415717
-0.415169
-0.414699
-0.414229
-0.414073
-0.413838
-0.413682
-0.413447
-0.413055
-0.412899
-0.412429
-0.412351
-0.411725
-0.411412
-0.411020
-0.410551
-0.410707
-0.410551
-0.409925
-0.409768
-0.409220
-0.409064
-0.408751
-0.408359
-0.408203
-0.407576
-0.407342
-0.406950
-0.406794
-0.406637
-0.406246
-0.406246
-0.405620
-0.405385
-0.405072
-0.404759
-0.404602
-0.403820
-0.403976
-0.403506
-0.403272
-0.402959
-0.402645
-0.401785
-0.401785
-0.401315
-0.401471
-0.400689
-0.400610
-0.400532
-0.399671
-0.399515
-0.399358
-0.399280
-0.398419
-0.398341
-0.398262
-0.397636
-0.397323
-0.396932
-0.396462
-0.396384
-0.396306
-0.396071
-0.395601
-0.395445
-0.394740
-0.394818
-0.394349
-0.394427
-0.393958
-0.393566
-0.393331
-0.392940
-0.392705
-0.392079
-0.391923
-0.391296
-0.391453
-0.391062
-0.390748
-0.390357
-0.390044
-0.389888
-0.389496
-0.389183
-0.388713
-0.388400
-0.388087
-0.387931
-0.387774
-0.386913
-0.387148
-0.386444
-0.386287
-0.386209
-0.385661
-0.385739
-0.385348
-0.384878
-0.384565
-0.384487
-0.384096
-0.383782
-0.383313
-0.383235
-0.382921
-0.382217
-0.382217
-0.382061
-0.381591
-0.381356
-0.381043
-0.380182
-0.380260
-0.379712
-0.379165
-0.379086
-0.378773
-0.378460
-0.378225
-0.377912
-0.377677
-0.377364
-0.377208
-0.376582
-0.376347
-0.376190
-0.375799
-0.375564
-0.375251
-0.374860
-0.374860
-0.374312
-0.373842
-0.373842
-0.373764
-0.373216
-0.372903
-0.372355
-0.372199
-0.371807
-0.371338
-0.371259
-0.370946
-0.370711
-0.370398
-0.370007
-0.369616
-0.369616
-0.369303
-0.368833
-0.368598
-0.368207
-0.367894
-0.367111
-0.367268
-0.367033
-0.366720
-0.366015
-0.365937
-0.365311
-0.365467
-0.365154
-0.364528
-0.364137
-0.363980
-0.363667
-0.363354
-0.362963
-0.363119
-0.362884
-0.362415
-0.362102
-0.361867
-0.360849
-0.361084
-0.360458
-0.359988
-0.359284
-0.359284
-0.358814
-0.358658
-0.358110
-0.357875
-0.357875
-0.357562
-0.357484
-0.356858
-0.356388
-0.356231
-0.355840
-0.355684
-0.355449
-0.355057
-0.354666
-0.354118
-0.353805
-0.353727
-0.353492
-0.353179
-0.353022
-0.352788
-0.352240
-0.352005
-0.351848
-0.350987
-0.351066
-0.350987
-0.350283
-0.350126
-0.349970
-0.349735
-0.349265
-0.348952
-0.348483
-0.348091
-0.347857
-0.347465
-0.347230
-0.346917
-0.346683
-0.346448
-0.346056
-0.345587
-0.345430
-0.345430
-0.345274
-0.344804
-0.344100
-0.343787
-0.343787
-0.343239
-0.343474
-0.343160
-0.342613
-0.342534
-0.342378
-0.341908
-0.341438
-0.341360
-0.341047
-0.340656
-0.340343
-0.339951
-0.339482
-0.339090
-0.338699
-0.338699
-0.338543
-0.338308
-0.337682
-0.337447
-0.337134
-0.336664
-0.336429
-0.336508
-0.336116
-0.336038
-0.335725
-0.335255
-0.335177
-0.334942
-0.334472
-0.334238
-0.334003
-0.333612
-0.333298
-0.332672
-0.332829
-0.332437
-0.332281
-0.332203
-0.331655
-0.331185
-0.331107
-0.330950
-0.330324
-0.330089
-0.329698
-0.329072
-0.328915
-0.329072
-0.328602
-0.328211
-0.328054
-0.327506
-0.327350
-0.327193
-0.327193
-0.326802
-0.326567
-0.325941
-0.325941
-0.325550
-0.325237
-0.325080
-0.324454
-0.324532
-0.323906
-0.323750
-0.323671
-0.323436
-0.323202
-0.323045
-0.322654
-0.322184
-0.322106
-0.321871
-0.321167
-0.320854
-0.320697
-0.320306
-0.320384
-0.320384
-0.320071
-0.319445
-0.319132
-0.318819
-0.318584
-0.318271
-0.318271
-0.317801
-0.317488
-0.317018
-0.316784
-0.316314
-0.316470
-0.316157
-0.315609
-0.315140
-0.315140
-0.314827
-0.314435
-0.314514
-0.313966
-0.313809
-0.313653
-0.313027
-0.312870
-0.312635
-0.312557
-0.312244
-0.311931
-0.311461
-0.311539
-0.310913
-0.310600
-0.310444
-0.310444
-0.309896
-0.309426
-0.309191
-0.308643
-0.309035
-0.308565
-0.308017
-0.307626
-0.307469
-0.307391
-0.306765
-0.306530
-0.306608
-0.306374
-0.305747
-0.305826
-0.305434
-0.305043
-0.304965
-0.304417
-0.304417
-0.304182
-0.303869
-0.303478
-0.303478
-0.302773
-0.302695
-0.302617
-0.302304
-0.302069
-0.301834
-0.301364
-0.301051
-0.300582
-0.300190
-0.299956
-0.300112
-0.299564
-0.299251
-0.299016
-0.298703
-0.298390
-0.298234
-0.297999
-0.297842
-0.297529
-0.297060
-0.296903
-0.296668
-0.296355
-0.296042
-0.295729
-0.295259
-0.295025
-0.295025
-0.294633
-0.294398
-0.294242
-0.294007
-0.293537
-0.293537
-0.293381
-0.292833
-0.292676
-0.292285
-0.292050
-0.291972
-0.291737
-0.291268
-0.291111
-0.290720
-0.290328
-0.290015
-0.289780
-0.289546
-0.289233
-0.288998
-0.288763
-0.288606
-0.288372
-0.288215
-0.287980
-0.287667
-0.287354
-0.287119
-0.286571
-0.286415
-0.286102
-0.286180
-0.285867
-0.285554
-0.285241
-0.285163
-0.284615
-0.284302
-0.284223
-0.283988
-0.283675
-0.283441
-0.282971
-0.282658
-0.282580
-0.282267
-0.281797
-0.281406
-0.281562
-0.281171
-0.280936
-0.280388
-0.280153
-0.279918
-0.279527
-0.279214
-0.278979
-0.278353
-0.278588
-0.278197
-0.277962
-0.277962
-0.277179
-0.276944
-0.277179
-0.276553
-0.276396
-0.275927
-0.275614
-0.275301
-0.275144
-0.274909
-0.274596
-0.274440
-0.273892
-0.273892
-0.273422
-0.273187
-0.273344
-0.272718
-0.272639
-0.272326
-0.272248
-0.272013
-0.271778
-0.271465
-0.271074
-0.270761
-0.270370
-0.270526
-0.269665
-0.269665
-0.269195
-0.269274
-0.269195
-0.268569
-0.268256
-0.268100
-0.267630
-0.267082
-0.267082
-0.266926
-0.266378
-0.266221
-0.266299
-0.266065
-0.265752
-0.265282
-0.265282
-0.265125
-0.264499
-0.264186
-0.264030
-0.264030
-0.263873
-0.263169
-0.263090
-0.262934
-0.262464
-0.262386
-0.262151
-0.261760
-0.261760
-0.261447
-0.260977
-0.260742
-0.260742
-0.260116
-0.260508
-0.260116
-0.259647
-0.259255
-0.259020
-0.258786
-0.258473
-0.258316
-0.258081
-0.257768
-0.257533
-0.257064
-0.257064
-0.256907
-0.256594
-0.256438
-0.255968
-0.255655
-0.255342
-0.255342
-0.254872
-0.254559
-0.254481
-0.254011
-0.254011
-0.253698
-0.253542
-0.253463
-0.253307
-0.252915
-0.252446
-0.252211
-0.251898
-0.251741
-0.251741
-0.251350
-0.251507
-0.251037
-0.250880
-0.250567
-0.250646
-0.249941
-0.249706
-0.249158
-0.248924
-0.248689
-0.248454
-0.248454
-0.248297
-0.248141
-0.248063
-0.247828
-0.247671
-0.247280
-0.247123
-0.246497
-0.246341
-0.246028
-0.245949
-0.245636
-0.245401
-0.245323
-0.245088
-0.244619
-0.244854
-0.244462
-0.243836
-0.243758
-0.243601
-0.243523
-0.243053
-0.243053
-0.242584
-0.242662
-0.242427
-0.242036
-0.241723
-0.241331
-0.240862
-0.240705
-0.240470
-0.240236
-0.239609
-0.239923
-0.239688
-0.239844
-0.239062
-0.238827
-0.238749
-0.238122
-0.237966
-0.237653
-0.237574
-0.237418
-0.237340
-0.237183
-0.237105
-0.237027
-0.236557
-0.236479
-0.236244
-0.235618
-0.235696
-0.235226
-0.235226
-0.234992
-0.234835
-0.234913
-0.234600
-0.234444
-0.233896
-0.234052
-0.233583
-0.233504
-0.233113
-0.232957
-0.232800
-0.232643
-0.232800
-0.232252
-0.232174
-0.231783
-0.231704
-0.231704
-0.231391
-0.231000
-0.230687
-0.230452
-0.230452
-0.230217
-0.230139
-0.229982
-0.229826
-0.229669
-0.229669
-0.229121
-0.228808
-0.228573
-0.228417
-0.228104
-0.227869
-0.227869
-0.227869
-0.227556
-0.227321
-0.226930
-0.226695
-0.226460
-0.226538
-0.226225
-0.225991
-0.225677
-0.225521
-0.225208
-0.225130
-0.225130
-0.224660
-0.224582
-0.224425
-0.224112
-0.223642
-0.223721
-0.223564
-0.223486
-0.223095
-0.223173
-0.223329
-0.222860
-0.222468
-0.222390
-0.222155
-0.221921
-0.221607
-0.221294
-0.221294
-0.221138
-0.220981
-0.220903
-0.220433
-0.220277
-0.220277
-0.219729
-0.219807
-0.219416
-0.219494
-0.219181
-0.219259
-0.218633
-0.218477
-0.218398
-0.218477
-0.218477
-0.218007
-0.217850
-0.217616
-0.217459
-0.217537
-0.217537
-0.217303
-0.216911
-0.216833
-0.216676
-0.216598
-0.216363
-0.216442
-0.215815
-0.215737
-0.215659
-0.215346
-0.215581
-0.215111
-0.214955
-0.214641
-0.214563
-0.214485
-0.214407
-0.214250
-0.213937
-0.213702
-0.213780
-0.213389
-0.213389
-0.212998
-0.212919
-0.212606
-0.212528
-0.212685
-0.211980
-0.211980
-0.211980
-0.211902
-0.211824
-0.211511
-0.211276
-0.211119
-0.211041
-0.210728
-0.210493
-0.210650
-0.210493
-0.210102
-0.210337
-0.210102
-0.209789
-0.209476
-0.209945
-0.209397
-0.209397
-0.209084
-0.209163
-0.208849
-0.208771
-0.208536
-0.208302
-0.208458
-0.208145
-0.208302
-0.207989
-0.207675
-0.208067
-0.207910
-0.207441
-0.206971
-0.207049
-0.206971
-0.207206
-0.206971
-0.206501
-0.206345
-0.206110
-0.206423
-0.206188
-0.205797
-0.205719
-0.205640
-0.205719
-0.205484
-0.205484
-0.205249
-0.204779
-0.204466
-0.204623
-0.204232
-0.204466
-0.204310
-0.203918
-0.203840
-0.203918
-0.204075
-0.203840
-0.203918
-0.203527
-0.203214
-0.203058
-0.203136
-0.202901
-0.202901
-0.202901
-0.202823
-0.202510
-0.202823
-0.202588
-0.202431
-0.202197
-0.201883
-0.201805
-0.201883
-0.201727
-0.201414
-0.201414
-0.201336
-0.201101
-0.200944
-0.200788
-0.200475
-0.200475
-0.200318
-0.200240
-0.200083
-0.200240
-0.199927
-0.199848
-0.199692
-0.199770
-0.199379
-0.199222
-0.199144
-0.199066
-0.198987
-0.199144
-0.198909
-0.199144
-0.198831
-0.199066
-0.198909
-0.198674
-0.198361
-0.198361
-0.198205
-0.198205
-0.198205
-0.197735
-0.197813
-0.197892
-0.197892
-0.197579
-0.197579
-0.197187
-0.197344
-0.197422
-0.197187
-0.197266
-0.196874
-0.197187
-0.196952
-0.197031
-0.196952
-0.196796
-0.196952
-0.196561
-0.196326
-0.196639
-0.196561
-0.196326
-0.196248
-0.196718
-0.196561
-0.196483
-0.196326
-0.196326
-0.196326
-0.196248
-0.196013
-0.195700
-0.196091
-0.195700
-0.195544
-0.195935
-0.196013
-0.196091
-0.195622
-0.195700
-0.195700
-0.195309
-0.195465
-0.195465
-0.195309
-0.195231
-0.195465
-0.195544
-0.195544
-0.195622
-0.195231
-0.195231
-0.195231
-0.195152
-0.195152
-0.195074
-0.195309
-0.195387
-0.195309
-0.195231
-0.195074
-0.195309
-0.194996
-0.195074
-0.194683
-0.194761
-0.194839
-0.194917
-0.194761
-0.194917
-0.195074
-0.195231
-0.195074
-0.195152
-0.194761
-0.194526
-0.194839
-0.194761
-0.194761
-0.194839
-0.194526
-0.194683
-0.194761
-0.194917
-0.194996
-0.194761
-0.194761
-0.194448
-0.194761
-0.194526
-0.194683
-0.194683
-0.194839
-0.194683
-0.194604
-0.195231
-0.195231
-0.195074
-0.194683
-0.194683
-0.194683
-0.194526
-0.194526
-0.194761
-0.194604
-0.194604
-0.195074
-0.194917
-0.194917
-0.194683
-0.194604
-0.194370
-0.194604
-0.194683
-0.194604
-0.194996
-0.194761
-0.194996
-0.194604
-0.194917
-0.194761
-0.194917
-0.194917
-0.194526
-0.194683
-0.194604
-0.194526
-0.194839
-0.195074
-0.195074
-0.194996
-0.194839
-0.194526
-0.194761
-0.195152
-0.195074
-0.194996
-0.195152
-0.195309
-0.195231
-0.195465
-0.195465
-0.195152
-0.195465
-0.195231
-0.195152
-0.195309
-0.195387
-0.195387
-0.195309
-0.195622
-0.195465
-0.195544
-0.195700
-0.195465
-0.195622
-0.195622
-0.195622
-0.195700
-0.195778
-0.195778
-0.196170
-0.196326
-0.196170
-0.196013
-0.196013
-0.195778
-0.196091
-0.196405
-0.196326
-0.196483
-0.196639
-0.196796
-0.196952
-0.196561
-0.196483
-0.196405
-0.196326
-0.196639
-0.196796
-0.196796
-0.196561
-0.196874
-0.197109
-0.197031
-0.197109
-0.196874
-0.196874
-0.197109
-0.197266
-0.197109
-0.197187
-0.197187
-0.197266
-0.197500
-0.197579
-0.197657
-0.197500
-0.197500
-0.197266
-0.197500
-0.197813
-0.197579
-0.197422
-0.197657
-0.197892
-0.197735
-0.197892
-0.197657
-0.197892
-0.197892
-0.197813
-0.197970
-0.198048
-0.197970
-0.197892
-0.198205
-0.198283
-0.198283
-0.198205
-0.198205
-0.198127
-0.198596
-0.198596
-0.198440
-0.198440
-0.198440
-0.198596
-0.198596
-0.198596
-0.198361
-0.198596
-0.198987
-0.198596
-0.198674
-0.198987
-0.198753
-0.198909
-0.199066
-0.198909
-0.198831
-0.198518
-0.198831
-0.198674
-0.198909
-0.198831
-0.198674
-0.198753
-0.198753
-0.198987
-0.198596
-0.198831
-0.198909
-0.198909
-0.198361
-0.198596
-0.199144
-0.198909
-0.198909
-0.198909
-0.198674
-0.198831
-0.198596
-0.198518
-0.198361
-0.198596
-0.199066
-0.198909
-0.198361
-0.198283
-0.198518
-0.198127
-0.198440
-0.198205
-0.198440
-0.198361
-0.198440
-0.198361
-0.198048
-0.197892
-0.198205
-0.198127
-0.198048
-0.198048
-0.197892
-0.197813
-0.197657
-0.197813
-0.197735
-0.197735
-0.197579
-0.197266
-0.197344
-0.197266
-0.197187
-0.197031
-0.196952
-0.196952
-0.197031
-0.196874
-0.197031
-0.196718
-0.196639
-0.196483
-0.196091
-0.196170
-0.195935
-0.195857
-0.195935
-0.195778
-0.195700
-0.195465
-0.195544
-0.195152
-0.195074
-0.194917
-0.194917
-0.194604
-0.194135
-0.194135
-0.194135
-0.193978
-0.193900
-0.193587
-0.193509
-0.193352
-0.193039
-0.192882
-0.193117
-0.192648
-0.192256
-0.192178
-0.192021
-0.192178
-0.191865
-0.191395
-0.191474
-0.191160
-0.190926
-0.190691
-0.190613
-0.190300
-0.189986
-0.189830
-0.189517
-0.189282
-0.189204
-0.188891
-0.188656
-0.188265
-0.188108
-0.187717
-0.187873
-0.187482
-0.187404
-0.187012
-0.186699
-0.186308
-0.185916
-0.185682
-0.185603
-0.185290
-0.185055
-0.184899
-0.184508
-0.184351
-0.183960
-0.183881
-0.183255
-0.182707
-0.182942
-0.182473
-0.182316
-0.182003
-0.181612
-0.181220
-0.181064
-0.180751
-0.180359
-0.179890
-0.179498
-0.179342
-0.178872
-0.178246
-0.178089
-0.177620
-0.177620
-0.177542
-0.176759
-0.176446
-0.176054
-0.175741
-0.175428
-0.174880
-0.174254
-0.174254
-0.174098
-0.173550
-0.173158
-0.172845
-0.172141
-0.171750
-0.171671
-0.171123
-0.170576
-0.169871
-0.169558
-0.169480
-0.169010
-0.168619
-0.168306
-0.167445
-0.167053
-0.166897
-0.166192
-0.165723
-0.165253
-0.165018
-0.164862
-0.164392
-0.163844
-0.163375
-0.162749
-0.162201
-0.161653
-0.161261
-0.160322
-0.160322
-0.159539
-0.159461
-0.158913
-0.158444
-0.157661
-0.157113
-0.156644
-0.156174
-0.155548
-0.154765
-0.154374
-0.154139
-0.153826
-0.153200
-0.152417
-0.152026
-0.151243
-0.150852
-0.150382
-0.149599
-0.149286
-0.148973
-0.148503
-0.147799
-0.147251
-0.146468
-0.146234
-0.145373
-0.144981
-0.144277
-0.143651
-0.143103
-0.143103
-0.142477
-0.142085
-0.141146
-0.140129
-0.139816
-0.138876
-0.138407
-0.137702
-0.137467
-0.137233
-0.136450
-0.136059
-0.135198
-0.134806
-0.133867
-0.133397
-0.133006
-0.131910
-0.131754
-0.131049
-0.130658
-0.130345
-0.129640
-0.128858
-0.128153
-0.127605
-0.127136
-0.126510
-0.125805
-0.125336
-0.125023
-0.124475
-0.123927
-0.123144
-0.122283
-0.121187
-0.120639
-0.120326
-0.119152
-0.118526
-0.118213
-0.117509
-0.117274
-0.116648
-0.116100
-0.114926
-0.114378
-0.113830
-0.113282
-0.112421
-0.111717
-0.111404
-0.110699
-0.110308
-0.109447
-0.108821
-0.107647
-0.107255
-0.106629
-0.106003
-0.105299
-0.104672
-0.104359
-0.103577
-0.103420
-0.102637
-0.101698
-0.101072
-0.100289
-0.099820
-0.099115
-0.098176
-0.097550
-0.097550
-0.096767
-0.096141
-0.094967
-0.094028
-0.093636
-0.093245
-0.092462
-0.091758
-0.091210
-0.090662
-0.090192
-0.089723
-0.088940
-0.087923
-0.087140
-0.086357
-0.085966
-0.085261
-0.084557
-0.083774
-0.083305
-0.083070
-0.082679
-0.081583
-0.079939
-0.079391
-0.078452
-0.077748
-0.077043
-0.076417
-0.076104
-0.075165
-0.074773
-0.073834
-0.072660
-0.072190
-0.071643
-0.070703
-0.069921
-0.069529
-0.068590
-0.068277
-0.068042
-0.067025
-0.065772
-0.065146
-0.064285
-0.063894
-0.063111
-0.062798
-0.062094
-0.061467
-0.060763
-0.059667
-0.058650
-0.058102
-0.057397
-0.056771
-0.056067
-0.055362
-0.054815
-0.054423
-0.053640
-0.052779
-0.051762
-0.051292
-0.050744
-0.050197
-0.049257
-0.048709
-0.048083
-0.047535
-0.046988
-0.046283
-0.044953
-0.044248
-0.044013
-0.043544
-0.042291
-0.041822
-0.041430
-0.040726
-0.040100
-0.039161
-0.037908
-0.037126
-0.036578
-0.036343
-0.035091
-0.034777
-0.034073
-0.033369
-0.032977
-0.032351
-0.031803
-0.030394
-0.030003
-0.029064
-0.028907
-0.027811
-0.027342
-0.026872
-0.026246
-0.025698
-0.024681
-0.023663
-0.023194
-0.023037
-0.022098
-0.021237
-0.020924
-0.020141
-0.019280
-0.018576
-0.017949
-0.017010
-0.016384
-0.016149
-0.015680
-0.014897
-0.014036
-0.013645
-0.012940
-0.012471
-0.011531
-0.010514
-0.009966
-0.009418
-0.009027
-0.008322
-0.007774
-0.007226
-0.006366
-0.006052
-0.005191
-0.004330
-0.003861
-0.003313
-0.003000
-0.002452
-0.001513
-0.001043
-0.000652
-0.000260
0.000287
0.001227
0.002009
0.002557
0.002792
0.003575
0.003810
0.004592
0.005453
0.005610
0.006001
0.007175
0.007958
0.008193
0.008662
0.009602
0.009680
0.010619
0.011402
0.011637
0.012419
0.013045
0.013906
0.014533
0.015002
0.015315
0.016098
0.016881
0.017507
0.017663
0.018133
0.018837
0.020090
0.020403
0.020951
0.021733
0.021890
0.022360
0.023534
0.023847
0.024551
0.025177
0.025882
0.026586
0.027056
0.027604
0.027917
0.028621
0.029482
0.030108
0.030578
0.031126
0.032143
0.032378
0.033239
0.033239
0.033943
0.034570
0.035431
0.035900
0.036292
0.036605
0.037466
0.037935
0.038718
0.039266
0.039657
0.040362
0.041301
0.041927
0.042240
0.043023
0.043727
0.044040
0.044432
0.044745
0.045136
0.045919
0.046701
0.047641
0.047797
0.048189
0.048658
0.049363
0.049832
0.050693
0.051085
0.051632
0.052102
0.052728
0.053354
0.053980
0.054528
0.054920
0.055624
0.055781
0.056250
0.056955
0.057737
0.058285
0.058833
0.059694
0.059851
0.060320
0.061025
0.061338
0.061886
0.062121
0.063373
0.063764
0.064234
0.064860
0.065486
0.066034
0.066582
0.066817
0.067130
0.067365
0.068226
0.068852
0.069400
0.070026
0.070887
0.071356
0.071669
0.072139
0.072217
0.072530
0.073861
0.074096
0.074565
0.075348
0.075896
0.076287
0.076914
0.077305
0.077461
0.077696
0.078714
0.079575
0.080279
0.081062
0.081610
0.082001
0.082314
0.082706
0.083253
0.083645
0.084036
0.084741
0.085680
0.085758
0.086306
0.086854
0.087167
0.087637
0.087715
0.088341
0.088967
0.089750
0.090532
0.090846
0.091080
0.091863
0.092568
0.092724
0.092881
0.093742
0.094289
0.094916
0.095385
0.095855
0.096168
0.096559
0.097264
0.097499
0.098046
0.098359
0.098986
0.099612
0.100238
0.100629
0.101334
0.101647
0.101882
0.102586
0.103056
0.103290
0.103995
0.104778
0.105012
0.105325
0.106265
0.106421
0.106891
0.107126
0.107517
0.108143
0.108926
0.109474
0.110178
0.110648
0.111039
0.111822
0.112213
0.112291
0.112683
0.112918
0.113779
0.114561
0.114796
0.115266
0.115892
0.116205
0.116440
0.116831
0.117536
0.117849
0.118318
0.118944
0.119492
0.120197
0.120666
0.120901
0.121840
0.121997
0.122388
0.122780
0.123406
0.123875
0.124815
0.125128
0.125049
0.125910
0.126224
0.126693
0.127084
0.127398
0.127945
0.128650
0.129198
0.129589
0.130137
0.130528
0.130920
0.131389
0.131702
0.132172
0.132642
0.133346
0.133581
0.134207
0.134833
0.134833
0.135225
0.135616
0.135929
0.136712
0.137260
0.137729
0.137886
0.138199
0.138981
0.139216
0.139608
0.140234
0.140390
0.140860
0.142034
0.142112
0.142504
0.142817
0.143286
0.143599
0.143834
0.144382
0.144773
0.145634
0.146182
0.146652
0.146887
0.147278
0.147669
0.148139
0.148765
0.148687
0.149157
0.149626
0.150565
0.151113
0.151192
0.151583
0.152287
0.152444
0.152757
0.153070
0.153540
0.154009
0.154322
0.155027
0.155496
0.155966
0.156201
0.156749
0.156984
0.157297
0.157610
0.158158
0.158784
0.159019
0.159801
0.160193
0.160740
0.160975
0.161210
0.161836
0.162228
0.163010
0.163480
0.163480
0.164263
0.164654
0.164967
0.165358
0.165985
0.166219
0.166767
0.167080
0.167628
0.167863
0.168020
0.168489
0.168881
0.169350
0.169820
0.169976
0.170681
0.171385
0.171463
0.171620
0.172246
0.172638
0.172872
0.173420
0.173420
0.173890
0.174594
0.174907
0.175299
0.175533
0.175612
0.176551
0.176786
0.176942
0.177334
0.177960
0.178195
0.178821
0.179212
0.179760
0.180073
0.180464
0.180699
0.181169
0.181717
0.181952
0.182265
0.182656
0.183126
0.183360
0.183752
0.184378
0.184926
0.185239
0.185395
0.185787
0.186413
0.186804
0.187196
0.187352
0.187978
0.188448
0.188918
0.189231
0.189700
0.190092
0.190796
0.190796
0.191266
0.191579
0.191970
0.192440
0.192831
0.193222
0.193301
0.193692
0.194318
0.194475
0.194866
0.195414
0.195962
0.196432
0.196823
0.196979
0.197527
0.197997
0.198388
0.198623
0.198701
0.199249
0.199875
0.200580
0.200736
0.201284
0.201754
0.201989
0.202302
0.202537
0.202928
0.203084
0.203632
0.203945
0.204337
0.204728
0.205119
0.205276
0.205433
0.206137
0.206137
0.206763
0.206920
0.207702
0.208015
0.208563
0.208876
0.209268
0.209737
0.209816
0.210129
0.210442
0.211146
0.211381
0.211851
0.212477
0.212555
0.213181
0.213416
0.213886
0.213807
0.214199
0.214903
0.215295
0.215764
0.215999
0.216312
0.216625
0.217095
0.217643
0.217877
0.218269
0.218660
0.218738
0.219286
0.219756
0.220382
0.220382
0.220852
0.221008
0.221400
0.221869
0.222652
0.223043
0.223278
0.223669
0.224139
0.224374
0.224609
0.225157
0.225470
0.225939
0.226252
0.226878
0.227035
0.227583
0.227739
0.228287
0.228366
0.228835
0.229305
0.229774
0.230009
0.230870
0.230870
0.231575
0.231731
0.232044
0.232357
0.232592
0.233140
0.233453
0.233766
0.234236
0.234705
0.235019
0.235332
0.235566
0.235958
0.236271
0.236584
0.236975
0.237601
0.237601
0.238228
0.238775
0.238775
0.238775
0.239558
0.240028
0.240967
0.241280
0.241593
0.242063
0.242454
0.242767
0.243080
0.243393
0.243472
0.243941
0.244646
0.245037
0.245272
0.245663
0.246055
0.246524
0.246602
0.246759
0.247542
0.248090
0.248246
0.248481
0.249107
0.249342
0.249733
0.249968
0.250203
0.250751
0.251220
0.251533
0.252316
0.252394
0.253021
0.253177
0.253255
0.253412
0.254038
0.254273
0.254743
0.255212
0.255682
0.255995
0.256230
0.256543
0.256934
0.257247
0.257404
0.257795
0.258499
0.258656
0.258891
0.259517
0.259595
0.260378
0.260691
0.260848
0.261239
0.261552
0.262022
0.262569
0.262726
0.263274
0.263509
0.263744
0.264057
0.264291
0.264683
0.265074
0.265544
0.266092
0.266640
0.266640
0.266796
0.267266
0.267422
0.267892
0.268596
0.268753
0.269457
0.269301
0.269536
0.270318
0.270710
0.270788
0.271257
0.271414
0.271805
0.272275
0.272745
0.272823
0.273292
0.273684
0.273997
0.274232
0.274701
0.275171
0.275641
0.275875
0.276188
0.276580
0.276893
0.276971
0.277597
0.277519
0.277910
0.278302
0.278850
0.278928
0.279319
0.279711
0.280415
0.280493
0.280728
0.281354
0.281667
0.282059
0.282215
0.282763
0.282998
0.283311
0.283859
0.283937
0.284172
0.284329
0.284798
0.285189
0.285581
0.286129
0.286285
0.286598
0.287146
0.287303
0.288007
0.288007
0.288477
0.288790
0.289259
0.289573
0.289729
0.290434
0.290434
0.291060
0.291295
0.291451
0.291999
0.292390
0.292625
0.292782
0.293173
0.293564
0.293721
0.294190
0.294582
0.295130
0.295443
0.295678
0.295991
0.296304
0.296852
0.297086
0.297086
0.297478
0.297947
0.298261
0.298808
0.298808
0.299043
0.299356
0.300061
0.300374
0.300843
0.301235
0.301470
0.301861
0.302409
0.302722
0.302878
0.303192
0.303426
0.303974
0.304366
0.304366
0.304679
0.304992
0.305227
0.305461
0.305853
0.306557
0.306635
0.307340
0.307575
0.307418
0.308201
0.308201
0.308592
0.308827
0.309218
0.309844
0.310079
0.310549
0.310940
0.311488
0.311175
0.311879
0.312193
0.312506
0.312819
0.313132
0.313758
0.313758
0.314228
0.314306
0.314462
0.315010
0.315245
0.315636
0.315949
0.316419
0.316967
0.317124
0.317515
0.317358
0.317828
0.317985
0.318689
0.318924
0.319393
0.319785
0.319706
0.320333
0.320646
0.321037
0.321350
0.321663
0.322368
0.322759
0.322916
0.323620
0.323855
0.324090
0.324246
0.324637
0.325029
0.325264
0.325890
0.326125
0.326203
0.326672
0.326986
0.327299
0.327612
0.327612
0.328316
0.328473
0.328786
0.329099
0.329412
0.329803
0.330038
0.330116
0.330351
0.331056
0.331369
0.331838
0.332308
0.332543
0.333012
0.333169
0.333560
0.333873
0.334186
0.334499
0.334734
0.335204
0.335517
0.335908
0.336456
0.336456
0.336691
0.337161
0.337161
0.337709
0.338256
0.338569
0.338726
0.338961
0.339274
0.339352
0.340057
0.340213
0.340604
0.341309
0.341622
0.341935
0.342405
0.342561
0.342639
0.343109
0.343657
0.343814
0.343892
0.344518
0.344675
0.344909
0.345535
0.345692
0.345927
0.346318
0.346631
0.346866
0.347336
0.347570
0.348353
0.348275
0.348901
0.348901
0.348979
0.349058
0.349684
0.350388
0.350310
0.350858
0.351171
0.351562
0.351875
0.352110
0.352501
0.352423
0.352971
0.353362
0.353284
0.353989
0.354537
0.354850
0.355163
0.355084
0.355476
0.355945
0.356337
0.356572
0.357041
0.357119
0.357432
0.358059
0.357824
0.358372
0.358763
0.359154
0.359311
0.359781
0.360015
0.360172
0.360955
0.361346
0.361424
0.361816
0.361894
0.362598
0.363146
0.363616
0.363694
0.363851
0.363929
0.364320
0.364633
0.364946
0.365416
0.365807
0.365964
0.366355
0.366668
0.367138
0.366981
0.367138
0.367608
0.367921
0.368155
0.368782
0.368938
0.369173
0.369408
0.370190
0.370112
0.370817
0.370973
0.370895
0.371599
0.371834
0.372147
0.372617
0.372773
0.373008
0.373086
0.373321
0.373791
0.374104
0.374417
0.374730
0.375200
0.375826
0.375669
0.376061
0.376530
0.376530
0.377313
0.377548
0.377783
0.377939
0.377939
0.378409
0.378409
0.378878
0.379113
0.379505
0.379818
0.380131
0.380522
0.380992
0.381227
0.381305
0.381696
0.382009
0.382557
0.382792
0.382948
0.383262
0.383731
0.383966
0.384279
0.384436
0.384905
0.385297
0.385766
0.385844
0.386079
0.386705
0.386705
0.387175
0.387253
0.387723
0.387801
0.388271
0.388662
0.388897
0.389132
0.389836
0.389993
0.390228
0.390619
0.390619
0.391402
0.391558
0.391871
0.392263
0.392419
0.392654
0.392967
0.393124
0.393671
0.393906
0.394063
0.394454
0.394689
0.395080
0.395472
0.395941
0.396019
0.396333
0.396646
0.396959
0.397350
0.397428
0.397741
0.398055
0.398602
0.398681
0.398837
0.398994
0.399542
0.399620
0.399855
0.400403
0.401029
0.401420
0.401498
0.402046
0.402438
0.402829
0.402751
0.403142
0.403455
0.403925
0.404160
0.404786
0.404942
0.405177
0.405647
0.405725
0.406273
0.406429
0.406977
0.407447
0.407369
0.408073
0.407995
0.408386
0.408543
0.409012
0.409091
0.409169
0.409638
0.409952
0.410265
0.410499
0.411126
0.411282
0.411752
0.412065
0.412065
0.412848
0.412926
0.413239
0.413552
0.413865
0.413943
0.414178
0.414491
0.415039
0.415274
0.415743
0.415978
0.416291
0.416526
0.417074
0.417152
0.417700
0.417700
0.417935
0.418561
0.418953
0.419344
0.419500
0.419657
0.420048
0.420205
0.420518
0.420988
0.421379
0.421849
0.422240
0.422553
0.422709
0.423101
0.423257
0.423649
0.424040
0.424197
0.424197
0.424745
0.425214
0.425371
0.425919
0.425919
0.426310
0.426466
0.426701
0.427014
0.427484
0.427562
0.427954
0.428267
0.428345
0.428580
0.428658
0.429362
0.429597
0.429597
0.430223
0.430458
0.430850
0.431084
0.431397
0.431476
0.431867
0.432258
0.432337
0.432963
0.433198
0.433511
0.433824
0.433980
0.434293
0.434450
0.434607
0.435076
0.435154
0.436094
0.436094
0.436250
0.436563
0.436720
0.437268
0.437424
0.437659
0.438129
0.438285
0.438285
0.438911
0.439068
0.439538
0.439772
0.440320
0.440555
0.440868
0.441573
0.441964
0.442120
0.442199
0.442747
0.442747
0.442981
0.443294
0.443686
0.443999
0.444234
0.444625
0.444938
0.444938
0.445329
0.445799
0.445877
0.446269
0.446504
0.446817
0.447286
0.447599
0.447521
0.447834
0.448069
0.448225
0.448695
0.448617
0.449165
0.449321
0.449556
0.450104
0.450260
0.450495
0.450730
0.451200
0.451748
0.452217
0.452217
0.452609
0.453000
0.452922
0.453313
0.453783
0.454017
0.454174
0.454565
0.454565
0.455035
0.455113
0.455505
0.455505
0.455661
0.456131
0.456366
0.456600
0.456992
0.456835
0.457618
0.457540
0.458009
0.458401
0.458557
0.458870
0.459027
0.459496
0.460044
0.460122
0.460514
0.460749
0.460983
0.461218
0.461766
0.461610
0.461844
0.462079
0.462157
0.462549
0.463018
0.463175
0.463645
0.463879
0.464036
0.464427
0.464427
0.465053
0.465210
0.465601
0.465758
0.466149
0.466149
0.466462
0.467010
0.467167
0.467558
0.467871
0.468263
0.468419
0.468576
0.469045
0.468889
0.469280
0.469828
0.469906
0.470063
0.470532
0.470845
0.471158
0.471237
0.471550
0.472019
0.472411
0.472254
0.472646
0.473272
0.473585
0.473507
0.473663
0.474133
0.474289
0.474602
0.475150
0.475385
0.475542
0.475855
0.476168
0.476481
0.476716
0.476950
0.477264
0.477264
0.477577
0.477811
0.478594
0.478985
0.478907
0.479299
0.479533
0.479768
0.479846
0.479925
0.480473
0.481177
0.481255
0.481490
0.482116
0.482351
0.482821
0.483056
0.483212
0.483682
0.483995
0.484386
0.484464
0.484777
0.484856
0.485404
0.485325
0.485795
0.486030
0.486343
0.486891
0.487047
0.487282
0.487830
0.487908
0.488221
0.488613
0.488847
0.489004
0.489552
0.489708
0.490178
0.490178
0.490413
0.490804
0.491117
0.491430
0.491900
0.491900
0.492291
0.492683
0.492761
0.493074
0.493309
0.493700
0.494013
0.494092
0.494248
0.495031
0.495266
0.495422
0.495735
0.495970
0.496205
0.496361
0.496831
0.497066
0.497535
0.497614
0.498083
0.498396
0.498631
0.498553
0.498944
0.499023
0.499257
0.499962
0.500353
0.500901
0.501136
0.500901
0.501527
0.501371
0.501762
0.502153
0.502623
0.502858
0.503327
0.503484
0.503640
0.504267
0.504267
0.504501
0.505049
0.505284
0.505832
0.506223
0.506536
0.506615
0.506380
0.506693
0.507241
0.507710
0.507867
0.508258
0.508806
0.509119
0.509041
0.509119
0.509824
0.509902
0.510372
0.510293
0.511233
0.511624
0.511859
0.511781
0.512172
0.512250
0.512563
0.512720
0.513346
0.513737
0.513972
0.514363
0.514755
0.514755
0.514990
0.515537
0.515694
0.515772
0.516477
0.517103
0.517103
0.517103
0.517259
0.517651
0.517807
0.517807
0.518277
0.518668
0.519060
0.518981
0.519842
0.520077
0.520155
0.520938
0.520547
0.520860
0.521251
0.521956
0.522112
0.522425
0.523130
0.523130
0.523051
0.523521
0.523912
0.524147
0.524460
0.525008
0.525243
0.525556
0.525947
0.525869
0.525947
0.526182
0.526495
0.527121
0.527748
0.527826
0.528452
0.528295
0.528530
0.528687
0.529000
0.529313
0.529704
0.529704
0.530174
0.530330
0.530565
0.530565
0.530957
0.531191
0.531583
0.531739
0.532365
0.532522
0.532679
0.533148
0.533383
0.533383
0.533618
0.534479
0.534557
0.534635
0.535027
0.535261
0.535731
0.535575
0.535888
0.536201
0.536357
0.536670
0.537218
0.537375
0.537688
0.538001
0.538314
0.538627
0.538627
0.538627
0.538940
0.539331
0.539566
0.539879
0.540427
0.540427
0.540662
0.540975
0.541523
0.541993
0.542149
0.542384
0.542775
0.543088
0.543245
0.543402
0.543949
0.543871
0.544184
0.544576
0.545202
0.545358
0.545593
0.545593
0.545906
0.545984
0.546219
0.546689
0.546924
0.547002
0.547628
0.547785
0.548254
0.548254
0.548489
0.548646
0.549193
0.549585
0.550054
0.550211
0.550681
0.550837
0.550681
0.551150
0.551698
0.552089
0.551855
0.552403
0.552872
0.553185
0.553185
0.553420
0.553577
0.554124
0.554281
0.554516
0.554672
0.555064
0.555455
0.555690
0.556081
0.556394
0.556629
0.556786
0.557255
0.557568
0.557881
0.558038
0.558351
0.558508
0.558664
0.559055
0.559525
0.559447
0.559916
0.559995
0.560699
0.560856
0.561169
0.561717
0.561951
0.562343
0.562499
0.562656
0.563126
0.563517
0.563830
0.563908
0.564456
0.564691
0.564847
0.565082
0.565317
0.565474
0.565474
0.566021
0.566491
0.566726
0.566961
0.567274
0.567430
0.567587
0.567978
0.568448
0.568683
0.568761
0.569231
0.569700
0.569622
0.570092
0.570326
0.570718
0.570952
0.571266
0.571579
0.571892
0.572283
0.572753
0.572596
0.572909
0.573535
0.573457
0.573848
0.574083
0.574475
0.574866
0.574709
0.574788
0.575257
0.575414
0.575962
0.576431
0.576588
0.576979
0.577449
0.577684
0.577527
0.577840
0.578153
0.578388
0.578701
0.578779
0.579562
0.579484
0.579562
0.580032
0.580423
0.580345
0.580971
0.581284
0.581675
0.581989
0.582380
0.582458
0.582458
0.582928
0.583397
0.583397
0.583945
0.584180
0.584571
0.584806
0.584963
0.585119
0.585041
0.585589
0.585824
0.586215
0.586450
0.586920
0.587311
0.587389
0.587389
0.587702
0.587780
0.588328
0.588563
0.588955
0.589424
0.589894
0.590050
0.589894
0.590285
0.590755
0.590833
0.591303
0.591772
0.591851
0.592007
0.592477
0.592868
0.592946
0.593103
0.593338
0.593572
0.593964
0.594277
0.594590
0.594981
0.594590
0.594981
0.594903
0.595451
0.595686
0.596312
0.596234
0.596468
0.596625
0.597329
0.597486
0.597564
0.597799
0.598425
0.598973
0.598738
0.598817
0.599208
0.599521
0.599756
0.599912
0.599912
0.600617
0.601086
0.601008
0.601399
0.601634
0.602104
0.602026
0.602260
0.602652
0.603043
0.603669
0.603669
0.603904
0.604139
0.604217
0.604530
0.604295
0.605000
0.605626
0.606017
0.606096
0.606409
0.606644
0.606330
0.607035
0.607113
0.607191
0.607583
0.607896
0.608052
0.608287
0.608287
0.608522
0.608444
0.608757
0.608913
0.609618
0.610322
0.610009
0.610635
0.610714
0.610948
0.611183
0.611340
0.611418
0.612279
0.612592
0.612749
0.612827
0.613296
0.613062
0.613296
0.613453
0.613844
0.614392
0.614549
0.614705
0.614862
0.614940
0.615488
0.615488
0.615645
0.615958
0.616584
0.616740
0.617053
0.617210
0.617366
0.617523
0.617445
0.617993
0.618227
0.618697
0.618775
0.619245
0.619401
0.619871
0.619949
0.620184
0.620184
0.620889
0.621280
0.621437
0.621828
0.622219
0.622141
0.622376
0.622376
0.622611
0.623237
0.623863
0.624019
0.624098
0.624254
0.624802
0.624959
0.625115
0.625272
0.625507
0.625898
0.626054
0.626524
0.626524
0.626915
0.627150
0.627385
0.627698
0.628089
0.628246
0.628403
0.628716
0.629107
0.629498
0.629655
0.629968
0.630124
0.630359
0.630672
0.631220
0.631533
0.631612
0.631846
0.632316
0.632551
0.633099
0.633177
0.633255
0.633647
0.633881
0.634273
0.634116
0.634742
0.634821
0.635134
0.635369
0.635916
0.635995
0.636151
0.636386
0.637090
0.637404
0.637717
0.637795
0.638265
0.638499
0.638812
0.639047
0.639282
0.639673
0.639673
0.639986
0.640691
0.640691
0.640769
0.641004
0.641474
0.641708
0.642256
0.642335
0.642569
0.643039
0.643430
0.643509
0.643665
0.643978
0.644213
0.644604
0.644839
0.645465
0.645935
0.645700
0.646013
0.646170
0.646718
0.646952
0.647422
0.647657
0.647579
0.647813
0.648361
0.648361
0.648596
0.648831
0.649301
0.649535
0.650083
0.650162
0.650475
0.650709
0.651101
0.651257
0.651570
0.651805
0.652275
0.652510
0.652666
0.653057
0.652823
0.653292
0.653292
0.653684
0.653918
0.654466
0.654858
0.655014
0.655249
0.655249
0.655484
0.655640
0.655875
0.656423
0.656658
0.657206
0.657675
0.657675
0.657910
0.657754
0.658145
0.658693
0.659084
0.659476
0.659710
0.659554
0.660024
0.660102
0.660258
0.660415
0.661041
0.661667
0.661824
0.662293
0.662293
0.662372
0.662372
0.662841
0.662763
0.663311
0.663859
0.664094
0.664172
0.664172
0.664563
0.664798
0.664876
0.665111
0.665659
0.666129
0.666207
0.666520
0.666755
0.666833
0.667146
0.667537
0.667694
0.667929
0.668477
0.668711
0.668633
0.669025
0.669103
0.669025
0.668868
0.669494
0.670042
0.670355
0.670825
0.670746
0.670825
0.671138
0.671607
0.671921
0.672077
0.672625
0.673095
0.673251
0.673486
0.673721
0.673799
0.673956
0.674034
0.674425
0.674895
0.674895
0.675521
0.675599
0.676225
0.676069
0.676225
0.676538
0.676852
0.677321
0.677556
0.677947
0.678260
0.678573
0.678652
0.678887
0.679200
0.679356
0.679747
0.680374
0.680765
0.681000
0.681548
0.681313
0.681704
0.681704
0.682252
0.682643
0.683270
0.683426
0.683426
0.683818
0.683896
0.684131
0.684287
0.684757
0.685383
0.685696
0.686087
0.686087
0.686792
0.686792
0.686635
0.686792
0.687496
0.688279
0.688357
0.688514
0.688749
0.689062
0.689296
0.689531
0.689923
0.690236
0.691097
0.691410
0.691175
0.691645
0.691958
0.692349
0.692349
0.692819
0.693366
0.693836
0.693914
0.694540
0.694540
0.694854
0.695401
0.695323
0.695949
0.696184
0.696576
0.696810
0.696810
0.697358
0.697515
0.697671
0.697984
0.698767
0.698845
0.699315
0.699550
0.699550
0.700098
0.700098
0.700959
0.700880
0.701820
0.702133
0.702289
0.702681
0.703150
0.703228
0.703463
0.703698
0.704324
0.704716
0.704872
0.705263
0.705263
0.705811
0.705733
0.706437
0.706672
0.707298
0.707377
0.707455
0.707533
0.707533
0.707377
0.707846
0.708003
0.708003
0.707768
0.707533
0.707455
0.707690
0.707220
0.707377
0.707455
0.707220
0.707220
0.706907
0.706829
0.706203
0.706281
0.706124
0.705811
0.705420
0.704794
0.704872
0.704559
0.704246
0.704246
0.703855
0.703307
0.703072
0.702837
0.702524
0.702054
0.701976
0.701272
0.701037
0.700646
0.700332
0.699785
0.699941
0.699393
0.699237
0.699080
0.698611
0.698297
0.697984
0.697906
0.697123
0.697045
0.696810
0.696262
0.696576
0.695636
0.695480
0.695010
0.694775
0.694384
0.694227
0.693680
0.693601
0.693132
0.692505
0.692036
0.691879
0.692036
0.691253
0.690940
0.690627
0.690236
0.690236
0.689688
0.689218
0.689062
0.688749
0.688044
0.687966
0.687653
0.687105
0.686792
0.686322
0.685618
0.685383
0.685383
0.684913
0.684444
0.684052
0.684131
0.683818
0.683348
0.683270
0.682722
0.682565
0.682174
0.681548
0.680765
0.680061
0.679904
0.680061
0.679356
0.679043
0.678652
0.678652
0.678104
0.678260
0.677712
0.677399
0.676852
0.676773
0.676304
0.675912
0.675443
0.674817
0.674269
0.673877
0.673877
0.673486
0.673486
0.672860
0.672781
0.672077
0.672155
0.671686
0.671451
0.670903
0.670512
0.669886
0.669572
0.669181
0.669025
0.668633
0.668711
0.668320
0.667929
0.667381
0.667303
0.666911
0.666598
0.666207
0.665737
0.665424
0.665033
0.664641
0.664407
0.664250
0.664015
0.663467
0.663233
0.662685
0.662606
0.662293
0.661745
0.661198
0.660884
0.660337
0.660024
0.660024
0.659632
0.659163
0.658849
0.658223
0.658458
0.657988
0.657988
0.657675
0.657284
0.656580
0.656501
0.655875
0.655562
0.655406
0.655327
0.654701
0.654779
0.654701
0.653997
0.653997
0.653684
0.652979
0.652510
0.652040
0.651492
0.651570
0.651179
0.650709
0.650631
0.650318
0.650475
0.650005
0.649535
0.649457
0.648753
0.648127
0.647892
0.647579
0.647579
0.647266
0.647109
0.646874
0.646326
0.646483
0.646248
0.646013
0.645387
0.644761
0.644448
0.643900
0.643587
0.643117
0.643117
0.643039
0.642804
0.642726
0.642178
0.641943
0.641317
0.640691
0.640456
0.640065
0.639517
0.639673
0.639517
0.639047
0.638734
0.638656
0.638108
0.637795
0.637012
0.636699
0.636386
0.636073
0.635916
0.635760
0.635525
0.635369
0.635134
0.634977
0.634351
0.634038
0.633568
0.633412
0.632942
0.632864
0.632473
0.632551
0.632238
0.631768
0.631690
0.631064
0.630907
0.630124
0.629577
0.629420
0.629342
0.629185
0.628716
0.628637
0.628403
0.627855
0.628011
0.627542
0.627150
0.626681
0.625976
0.625898
0.625663
0.625428
0.625350
0.624880
0.624567
0.624489
0.624332
0.623628
0.622845
0.622532
0.622297
0.622219
0.622063
0.622063
0.621358
0.621123
0.620576
0.620341
0.619871
0.619715
0.619245
0.619088
0.619088
0.618932
0.618541
0.618071
0.617601
0.617914
0.617366
0.616975
0.616662
0.616114
0.616114
0.615801
0.615488
0.615410
0.614705
0.614784
0.614314
0.613844
0.613140
0.612905
0.612592
0.612357
0.612357
0.612279
0.611809
0.611496
0.611105
0.610714
0.610479
0.609931
0.609383
0.609070
0.608913
0.608679
0.608679
0.608131
0.607974
0.607896
0.607504
0.606957
0.606722
0.606409
0.606017
0.606017
0.605704
0.605235
0.604922
0.605000
0.604452
0.603904
0.603278
0.603121
0.602808
0.602573
0.602495
0.602260
0.601634
0.601243
0.601165
0.600460
0.600225
0.599677
0.599208
0.599130
0.598973
0.598738
0.598425
0.598034
0.597564
0.597251
0.597095
0.596938
0.596468
0.595999
0.595764
0.595764
0.595216
0.594747
0.594668
0.594199
0.594042
0.593651
0.593181
0.592868
0.592555
0.592711
0.592398
0.591694
0.591303
0.590990
0.590911
0.590598
0.590129
0.589424
0.589424
0.589268
0.589033
0.588720
0.588563
0.588172
0.587937
0.587467
0.587076
0.586763
0.586372
0.586372
0.586137
0.585589
0.585276
0.584650
0.584180
0.584180
0.583632
0.583632
0.583006
0.582928
0.582615
0.582693
0.581832
0.581832
0.581441
0.581206
0.580580
0.580423
0.580032
0.579954
0.579484
0.579093
0.578858
0.578466
0.578388
0.577997
0.577918
0.577527
0.576901
0.576666
0.576510
0.576275
0.575883
0.575414
0.575179
0.574788
0.574788
0.574475
0.574240
0.574083
0.573848
0.573301
0.572987
0.572674
0.572283
0.572127
0.571892
0.571735
0.571187
0.570952
0.570639
0.570326
0.570092
0.569465
0.569231
0.568996
0.568839
0.568604
0.568057
0.567822
0.567430
0.567352
0.566804
0.566648
0.566178
0.565708
0.565708
0.565239
0.565082
0.564769
0.564534
0.564221
0.563830
0.563517
0.563047
0.562656
0.562812
0.562499
0.562265
0.562186
0.561873
0.561560
0.560856
0.560308
0.560073
0.559760
0.559447
0.559055
0.558821
0.558821
0.558038
0.558116
0.557725
0.557177
0.557020
0.556942
0.556551
0.556316
0.556238
0.555925
0.555299
0.555533
0.554829
0.554438
0.554124
0.553733
0.553420
0.553107
0.553264
0.553029
0.552872
0.552246
0.552011
0.551855
0.551463
0.550994
0.550759
0.550602
0.550368
0.550368
0.549741
0.549350
0.549350
0.548880
0.548411
0.548333
0.547941
0.547863
0.547393
0.547315
0.547080
0.547158
0.546297
0.546063
0.545593
0.545280
0.545358
0.545045
0.545045
0.544732
0.544419
0.544262
0.543871
0.543088
0.543010
0.542462
0.542541
0.542227
0.541523
0.541523
0.541210
0.540897
0.540427
0.540271
0.539723
0.539331
0.539488
0.539175
0.539175
0.538705
0.538549
0.538157
0.537923
0.537296
0.536983
0.536670
0.536436
0.536436
0.536044
0.535888
0.535575
0.535418
0.534792
0.534400
0.534166
0.533618
0.533461
0.533618
0.533305
0.532913
0.532444
0.532287
0.531505
0.531270
0.531035
0.531035
0.530878
0.530409
0.530409
0.530096
0.529469
0.528843
0.528922
0.528687
0.528295
0.527748
0.527748
0.527513
0.527200
0.527121
0.526730
0.526339
0.525634
0.525399
0.525165
0.525008
0.524930
0.524460
0.524304
0.524225
0.523443
0.523130
0.522660
0.522425
0.522190
0.521643
0.521408
0.520860
0.521095
0.520703
0.520390
0.519686
0.519138
0.518825
0.518747
0.518433
0.518199
0.517964
0.517651
0.517181
0.517025
0.516477
0.516320
0.516007
0.515929
0.515616
0.515694
0.515068
0.514833
0.514520
0.514207
0.513737
0.513111
0.512798
0.512641
0.512641
0.512250
0.511702
0.511389
0.511154
0.510528
0.510059
0.509667
0.509511
0.509354
0.509276
0.509119
0.508885
0.508571
0.508180
0.507867
0.507476
0.506771
0.506380
0.506302
0.505989
0.505910
0.505362
0.505284
0.504736
0.504501
0.504267
0.503875
0.503562
0.503484
0.503093
0.502858
0.502388
0.502075
0.501449
0.501136
0.500823
0.500666
0.500275
0.500197
0.499727
0.499257
0.499257
0.498866
0.498553
0.498396
0.497770
0.497457
0.497301
0.496909
0.496674
0.496127
0.496205
0.495813
0.495266
0.494953
0.494326
0.494092
0.494092
0.493700
0.493309
0.492918
0.492996
0.492370
0.491978
0.491587
0.491196
0.491196
0.490648
0.490256
0.490022
0.489708
0.489317
0.489161
0.489004
0.488847
0.488378
0.487987
0.487752
0.487439
0.487204
0.486891
0.486343
0.486499
0.485795
0.485404
0.485482
0.485012
0.484699
0.484386
0.484151
0.483760
0.483447
0.483290
0.482821
0.482664
0.482351
0.481725
0.481334
0.480786
0.480864
0.480551
0.480629
0.480160
0.479690
0.479064
0.478907
0.478751
0.478203
0.477733
0.477577
0.477264
0.477264
0.477029
0.476637
0.476246
0.476011
0.475698
0.475307
0.474759
0.474759
0.474211
0.473976
0.473741
0.473350
0.473037
0.472802
0.472333
0.472254
0.472019
0.471550
0.471472
0.470924
0.470845
0.470219
0.470298
0.469515
0.469280
0.469045
0.468732
0.468419
0.468106
0.467480
0.467558
0.467558
0.467010
0.466619
0.466306
0.466071
0.465914
0.465288
0.464975
0.465053
0.464740
0.464427
0.464036
0.463566
0.463332
0.462705
0.462784
0.462705
0.462549
0.462157
0.461610
0.461218
0.460827
0.460827
0.460122
0.460044
0.459575
0.459731
0.459183
0.459105
0.458870
0.458322
0.458009
0.457931
0.457305
0.457070
0.457148
0.456835
0.456522
0.456287
0.455896
0.455661
0.455505
0.454957
0.454722
0.454487
0.454096
0.453704
0.453704
0.453548
0.453156
0.453078
0.452374
0.452295
0.451748
0.451356
0.451121
0.450887
0.450417
0.450182
0.450026
0.449243
0.448930
0.448695
0.448617
0.448382
0.447991
0.447834
0.447599
0.447130
0.447051
0.446425
0.445877
0.445564
0.445173
0.445016
0.445095
0.444860
0.444468
0.444312
0.443686
0.443373
0.443060
0.442668
0.442355
0.442355
0.442277
0.441573
0.441259
0.440946
0.440712
0.439851
0.439381
0.438833
0.438833
0.438677
0.438285
0.438129
0.437816
0.437346
0.437189
0.437111
0.436407
0.436094
0.435702
0.435702
0.435233
0.435076
0.434920
0.434528
0.434215
0.434059
0.433589
0.433511
0.433198
0.432885
0.432337
0.432180
0.431867
0.431632
0.431006
0.430615
0.430223
0.430302
0.429989
0.429441
0.429206
0.429128
0.428580
0.428110
0.428032
0.427797
0.427562
0.427171
0.426936
0.426780
0.426153
0.425919
0.425527
0.424979
0.424745
0.424510
0.423805
0.423570
0.423649
0.423336
0.423023
0.422631
0.422162
0.421770
0.421301
0.421144
0.420674
0.420361
0.420127
0.419735
0.419579
0.419344
0.419031
0.418405
0.418248
0.418170
0.417622
0.417544
0.416996
0.416839
0.416213
0.416213
0.415665
0.415587
0.414961
0.414648
0.414335
0.414022
0.413865
0.413630
0.413239
0.412926
0.412769
0.412143
0.411987
0.411595
0.411595
0.411282
0.411047
0.410421
0.410186
0.409717
0.409325
0.408699
0.408621
0.408308
0.408151
0.407838
0.407760
0.407369
0.406664
0.406742
0.406273
0.405647
0.405568
0.405334
0.404864
0.404864
0.404551
0.404081
0.403299
0.403377
0.402751
0.402751
0.402359
0.402203
0.401655
0.401342
0.401029
0.400794
0.400246
0.400011
0.399307
0.398994
0.398994
0.398446
0.398524
0.398133
0.397820
0.397428
0.397585
0.396880
0.396567
0.396411
0.395863
0.395785
0.395628
0.395393
0.394611
0.394454
0.393828
0.393828
0.393593
0.393515
0.392810
0.392732
0.392341
0.391949
0.391949
0.391715
0.391323
0.390854
0.390462
0.390228
0.389680
0.389523
0.389445
0.389210
0.388897
0.388584
0.387958
0.387566
0.387488
0.387332
0.386784
0.386549
0.386079
0.385923
0.386001
0.385453
0.384905
0.384905
0.384514
0.384122
0.383809
0.383496
0.383183
0.383105
0.382557
0.382401
0.381853
0.381696
0.381461
0.381070
0.380522
0.380287
0.380052
0.379661
0.379348
0.378878
0.378722
0.378409
0.378252
0.377783
0.377704
0.377313
0.377235
0.376609
0.376374
0.376061
0.375669
0.375356
0.375043
0.374652
0.374417
0.374339
0.374104
0.373478
0.373243
0.373086
0.372617
0.371912
0.371834
0.371678
0.371443
0.370817
0.370425
0.370504
0.369877
0.369799
0.369408
0.369095
0.368703
0.368547
0.368312
0.367921
0.367529
0.367529
0.367060
0.366668
0.366355
0.365886
0.365807
0.365181
0.365259
0.364633
0.364555
0.364242
0.363616
0.363381
0.363381
0.362911
0.362833
0.362598
0.362129
0.361816
0.361268
0.361033
0.360642
0.360328
0.360015
0.359937
0.359311
0.359233
0.358920
0.358763
0.358293
0.357824
0.357667
0.357119
0.356885
0.356650
0.356415
0.356024
0.356024
0.355397
0.354928
0.354771
0.354537
0.353910
0.353754
0.353597
0.353362
0.352815
0.352736
0.352423
0.351954
0.351719
0.351249
0.350623
0.350388
0.349997
0.349684
0.349762
0.349371
0.349292
0.348823
0.348666
0.348040
0.347805
0.347570
0.347023
0.347023
0.346631
0.346318
0.345692
0.345535
0.345066
0.344518
0.344753
0.344205
0.344048
0.343422
0.343344
0.342874
0.342561
0.342248
0.342170
0.341309
0.340918
0.340839
0.340291
0.339744
0.339744
0.339587
0.339117
0.338961
0.338335
0.338178
0.337630
0.337552
0.337552
0.337161
0.336691
0.336456
0.335987
0.335673
0.335595
0.335047
0.334499
0.334030
0.333795
0.333717
0.333404
0.333169
0.332934
0.332464
0.332151
0.331838
0.331369
0.331056
0.330742
0.330351
0.330273
0.329647
0.329412
0.328864
0.328707
0.328316
0.328160
0.327533
0.327299
0.327220
0.326751
0.326672
0.326125
0.325811
0.325420
0.325185
0.324872
0.324481
0.324324
0.324168
0.323463
0.323072
0.322681
0.322289
0.322055
0.321585
0.321194
0.321115
0.320411
0.320254
0.319941
0.319393
0.318924
0.318845
0.318532
0.317828
0.317906
0.317750
0.317358
0.316889
0.316576
0.316419
0.315871
0.315480
0.315245
0.314775
0.314384
0.314228
0.314228
0.313523
0.313210
0.312740
0.312506
0.311958
0.311879
0.311488
0.310940
0.311019
0.310627
0.310158
0.310079
0.309531
0.309375
0.309062
0.308670
0.308201
0.307653
0.307418
0.307105
0.306948
0.306322
0.306009
0.305931
0.305618
0.305070
0.304757
0.304600
0.304366
0.303818
0.303661
0.303505
0.302800
0.302487
0.302487
0.302096
0.301548
0.301000
0.300609
0.300217
0.299982
0.299748
0.299200
0.299043
0.298730
0.298574
0.298261
0.298026
0.297869
0.297243
0.297165
0.296930
0.296460
0.295912
0.296069
0.295678
0.295365
0.295051
0.294738
0.294190
0.294034
0.293486
0.293486
0.293095
0.292860
0.292625
0.291999
0.291764
0.291764
0.291373
0.290825
0.290668
0.290120
0.289573
0.289025
0.289259
0.288868
0.288633
0.288085
0.287772
0.287224
0.287224
0.286911
0.286598
0.286050
0.285972
0.285737
0.285346
0.284720
0.284563
0.284094
0.283702
0.283546
0.283154
0.283076
0.282763
0.282528
0.282215
0.281589
0.281433
0.280885
0.280650
0.280493
0.280102
0.279711
0.279319
0.279084
0.278693
0.278302
0.277910
0.277676
0.277128
0.277049
0.276580
0.276267
0.276032
0.275562
0.275171
0.275014
0.274310
0.274467
0.273997
0.273684
0.273449
0.272979
0.273136
0.272431
0.271962
0.271962
0.271571
0.271023
0.270553
0.270710
0.269927
0.269849
0.269379
0.269301
0.268518
0.268127
0.267892
0.267657
0.267266
0.266953
0.266874
0.266092
0.266170
0.265465
0.265152
0.265231
0.264839
0.264370
0.263744
0.263587
0.263274
0.263117
0.262961
0.262569
0.262335
0.261943
0.261395
0.261161
0.260691
0.260143
0.259987
0.259908
0.259360
0.259047
0.258421
0.258030
0.257717
0.257560
0.256934
0.256699
0.256543
0.256308
0.255760
0.255525
0.255212
0.254351
0.254429
0.253882
0.253568
0.253334
0.253021
0.253021
0.252708
0.252551
0.252081
0.251455
0.250907
0.250751
0.250516
0.250125
0.249890
0.249655
0.249185
0.248951
0.248794
0.248011
0.247855
0.247542
0.247229
0.246916
0.246368
0.246446
0.245898
0.245585
0.245350
0.244802
0.244333
0.243941
0.243628
0.243472
0.243237
0.242767
0.242532
0.242141
0.242063
0.241202
0.240967
0.240810
0.240106
0.240106
0.239402
0.239402
0.238854
0.238228
0.238071
0.237445
0.237054
0.236819
0.236349
0.236114
0.235723
0.235410
0.235175
0.234862
0.234627
0.234392
0.233688
0.233453
0.232905
0.232905
0.232592
0.231966
0.231653
0.231496
0.231183
0.230635
0.230322
0.230322
0.229774
0.229305
0.228913
0.228757
0.228287
0.227974
0.227896
0.227113
0.227035
0.227035
0.226331
0.226096
0.225470
0.225391
0.225000
0.224687
0.224061
0.223748
0.223435
0.223356
0.223043
0.222965
0.222495
0.222104
0.221713
0.221008
0.220695
0.220617
0.220147
0.219521
0.219130
0.218973
0.218895
0.218425
0.218112
0.217721
0.217564
0.217095
0.216625
0.216156
0.215921
0.215451
0.215060
0.215138
0.214668
0.214277
0.213886
0.213651
0.213416
0.213025
0.212633
0.212242
0.212164
0.211772
0.211303
0.210911
0.210364
0.210129
0.209972
0.209581
0.209111
0.208955
0.208485
0.207937
0.207937
0.207702
0.207311
0.206920
0.206607
0.206450
0.206215
0.205354
0.205276
0.205198
0.204493
0.204024
0.203789
0.203554
0.203398
0.203163
0.202537
0.202537
0.201910
0.201441
0.201284
0.200815
0.200502
0.199719
0.199406
0.199093
0.198545
0.198310
0.197840
0.197606
0.197292
0.196588
0.196745
0.196353
0.195962
0.195414
0.195257
0.194866
0.194553
0.194162
0.194083
0.193536
0.193301
0.192675
0.192675
0.191892
0.191501
0.191735
0.191109
0.190796
0.190483
0.189935
0.189622
0.189074
0.188839
0.188370
0.188370
0.187822
0.187509
0.186961
0.186648
0.186256
0.186100
0.185552
0.185161
0.184926
0.184378
0.184221
0.183830
0.183517
0.183204
0.183047
0.182656
0.182186
0.181717
0.181325
0.180934
0.180621
0.180386
0.179995
0.179604
0.179369
0.178977
0.178508
0.178195
0.177647
0.177177
0.176942
0.176629
0.176081
0.175533
0.175299
0.175220
0.174359
0.174281
0.174046
0.173577
0.173264
0.173029
0.172716
0.172559
0.172090
0.171463
0.171307
0.170916
0.170602
0.170446
0.169742
0.169663
0.169350
0.168881
0.168411
0.168098
0.167628
0.167393
0.166924
0.166454
0.166767
0.166298
0.166063
0.165593
0.165202
0.164732
0.163950
0.163715
0.163402
0.163010
0.162854
0.162462
0.161993
0.161680
0.161132
0.160740
0.160349
0.159958
0.159566
0.159175
0.158862
0.158392
0.158079
0.157688
0.157375
0.156905
0.156436
0.156123
0.155653
0.155340
0.154949
0.154714
0.154166
0.153696
0.153227
0.153148
0.152600
0.152209
0.151896
0.151974
0.151505
0.151192
0.150879
0.150879
0.150018
0.149313
0.149157
0.148843
0.148843
0.148530
0.148061
0.147591
0.147356
0.146887
0.146495
0.145948
0.145556
0.145165
0.145087
0.144695
0.144304
0.143991
0.143521
0.143208
0.142582
0.142112
0.142112
0.141799
0.141564
0.141173
0.140625
0.140312
0.140156
0.139529
0.138825
0.138434
0.138355
0.137729
0.137651
0.137025
0.136712
0.136164
0.135929
0.135694
0.134833
0.134598
0.134050
0.133737
0.133659
0.132955
0.132798
0.132407
0.132329
0.132250
0.131155
0.130841
0.130450
0.130137
0.129902
0.129511
0.129120
0.128650
0.128337
0.127789
0.127554
0.127163
0.126850
0.126615
0.125989
0.125832
0.125363
0.124815
0.124658
0.124345
0.123954
0.123406
0.123249
0.122780
0.122310
0.121919
0.121919
0.121449
0.120979
0.120432
0.120118
0.119492
0.119023
0.118710
0.118318
0.117849
0.117692
0.117144
0.116831
0.116283
0.115970
0.115266
0.115109
0.114561
0.114327
0.114092
0.113622
0.113152
0.112683
0.112057
0.112057
0.111509
0.111196
0.110804
0.110491
0.110178
0.109943
0.109552
0.108769
0.108613
0.108143
0.107752
0.107439
0.106891
0.106813
0.106186
0.106030
0.105325
0.105325
0.104778
0.104308
0.103604
0.103604
0.103290
0.103212
0.102743
0.102038
0.101725
0.101177
0.100864
0.100473
0.100238
0.099612
0.099377
0.098986
0.098359
0.098046
0.097733
0.097577
0.097185
0.096794
0.096168
0.095855
0.095542
0.094759
0.094603
0.094603
0.094055
0.093428
0.093272
0.092724
0.092176
0.091863
0.091707
0.091237
0.090924
0.090689
0.089985
0.089985
0.089280
0.088967
0.088576
0.088028
0.087715
0.087245
0.087010
0.086776
0.086228
0.085680
0.085445
0.084741
0.084506
0.084114
0.083801
0.083488
0.083019
0.082471
0.082314
0.082079
0.081688
0.081375
0.080592
0.080279
0.079810
0.079262
0.078635
0.078635
0.078009
0.077540
0.077227
0.076835
0.076287
0.075974
0.075661
0.075426
0.074879
0.074565
0.074174
0.073704
0.073235
0.072609
0.072217
0.072061
0.071748
0.071122
0.070495
0.070261
0.069869
0.069478
0.069087
0.068852
0.068617
0.068069
0.067678
0.067052
0.066738
0.066425
0.065956
0.065643
0.065095
0.064938
0.064312
0.063842
0.063373
0.063060
0.062590
0.062199
0.061807
0.061494
0.060712
0.060477
0.060164
0.059851
0.058990
0.058442
0.058129
0.057972
0.057816
0.057346
0.056955
0.056407
0.056172
0.055468
0.054920
0.054528
0.053902
0.053902
0.053276
0.052806
0.052572
0.052102
0.051554
0.051398
0.050302
0.050067
0.049989
0.049441
0.049050
0.048815
0.048345
0.048110
0.047797
0.047171
0.046232
0.045997
0.045840
0.045214
0.044823
0.044510
0.043884
0.043571
0.043258
0.042710
0.042162
0.041614
0.041379
0.041066
0.040518
0.039892
0.039735
0.039422
0.038483
0.038327
0.037544
0.036918
0.036761
0.036370
0.035822
0.035431
0.035117
0.034570
0.034335
0.033709
0.033082
0.032456
0.031987
0.031674
0.031517
0.031047
0.030578
0.030421
0.030030
0.029326
0.028778
0.028308
0.027995
0.027760
0.027290
0.026899
0.026273
0.026195
0.025960
0.025177
0.024395
0.024160
0.023377
0.022986
0.022829
0.022438
0.022125
0.021655
0.021264
0.020481
0.019933
0.019542
0.018994
0.018681
0.018133
0.017820
0.017115
0.016646
0.016176
0.015707
0.014924
0.014454
0.014298
0.013906
0.013202
0.012967
0.012576
0.012106
0.011637
0.011402
0.010306
0.009680
0.009288
0.008975
0.008819
0.008506
0.007880
0.007410
0.007175
0.006940
0.006236
0.005610
0.005297
0.004984
0.004436
0.003966
0.003731
0.003105
0.002636
0.002244
0.001775
0.001070
0.000522
0.000522
0.000131
-0.000339
-0.000574
-0.001200
-0.001748
-0.001982
-0.002609
-0.003156
-0.003939
-0.004096
-0.004252
-0.005035
-0.005739
-0.006052
-0.006366
-0.006992
-0.007383
-0.008166
-0.008870
-0.009105
-0.009575
-0.009966
-0.010279
-0.010983
-0.011375
-0.012157
-0.012627
-0.013175
-0.013723
-0.014036
-0.014506
-0.014506
-0.015601
-0.016228
-0.016541
-0.017088
-0.017480
-0.018497
-0.018576
-0.019358
-0.019515
-0.020063
-0.020532
-0.021002
-0.021550
-0.022098
-0.022880
-0.023741
-0.023820
-0.024289
-0.024837
-0.025229
-0.025542
-0.026403
-0.026794
-0.027498
-0.027890
-0.028829
-0.029377
-0.029455
-0.029925
-0.030473
-0.030942
-0.031490
-0.031803
-0.032508
-0.033134
-0.033760
-0.034151
-0.034386
-0.035012
-0.035717
-0.036030
-0.036734
-0.036734
-0.037439
-0.038065
-0.039004
-0.039239
-0.039865
-0.040256
-0.040648
-0.041430
-0.042135
-0.042370
-0.043074
-0.043778
-0.044405
-0.044718
-0.045266
-0.045892
-0.046440
-0.046753
-0.047770
-0.048162
-0.048866
-0.049414
-0.050431
-0.051058
-0.051214
-0.051605
-0.052075
-0.052858
-0.053249
-0.053875
-0.054501
-0.055128
-0.055832
-0.056145
-0.056850
-0.056928
-0.057554
-0.058102
-0.058650
-0.059198
-0.059824
-0.060450
-0.061311
-0.061781
-0.062172
-0.062641
-0.063111
-0.063581
-0.064207
-0.064990
-0.065694
-0.066164
-0.066790
-0.067338
-0.067651
-0.068042
-0.068355
-0.069060
-0.069999
-0.070625
-0.071095
-0.071721
-0.072503
-0.072738
-0.073364
-0.073678
-0.074225
-0.074695
-0.075478
-0.075947
-0.076574
-0.077043
-0.077826
-0.078374
-0.078765
-0.079626
-0.079939
-0.080644
-0.081818
-0.082209
-0.082913
-0.083461
-0.084244
-0.084870
-0.084948
-0.085575
-0.086357
-0.086357
-0.087688
-0.088236
-0.088784
-0.089410
-0.090192
-0.091132
-0.091523
-0.091836
-0.092227
-0.093010
-0.093949
-0.094654
-0.094967
-0.095515
-0.096141
-0.096767
-0.097237
-0.097785
-0.097785
-0.098802
-0.099820
-0.100211
-0.101150
-0.101385
-0.101933
-0.102794
-0.103264
-0.103811
-0.104046
-0.104907
-0.105690
-0.106707
-0.107099
-0.107647
-0.107881
-0.108586
-0.108977
-0.109603
-0.110073
-0.110543
-0.111482
-0.112421
-0.113047
-0.113439
-0.113986
-0.114613
-0.115082
-0.115630
-0.116256
-0.116256
-0.116882
-0.118291
-0.118996
-0.119309
-0.120483
-0.121031
-0.121657
-0.122596
-0.123144
-0.123379
-0.124318
-0.125257
-0.125805
-0.126510
-0.127058
-0.127449
-0.128232
-0.128701
-0.129484
-0.129875
-0.130267
-0.131519
-0.132458
-0.132771
-0.133710
-0.134337
-0.134728
-0.135276
-0.135824
-0.136450
-0.136606
-0.137389
-0.138798
-0.139346
-0.139894
-0.140676
-0.141146
-0.141772
-0.142320
-0.142868
-0.143338
-0.143729
-0.144903
-0.146155
-0.146625
-0.147095
-0.147564
-0.147956
-0.148660
-0.149678
-0.149912
-0.150460
-0.151556
-0.152417
-0.153356
-0.153669
-0.154139
-0.154843
-0.155469
-0.156017
-0.156565
-0.157113
-0.157739
-0.158522
-0.159931
-0.160479
-0.161105
-0.162044
-0.162514
-0.163218
-0.163688
-0.164157
-0.164705
-0.165879
-0.166662
-0.167366
-0.167836
-0.168306
-0.168775
-0.169401
-0.169793
-0.170732
-0.171202
-0.172063
-0.173237
-0.173550
-0.174176
-0.175037
-0.175272
-0.175898
-0.176602
-0.177307
-0.177855
-0.178324
-0.179498
-0.180203
-0.180985
-0.181690
-0.181846
-0.182551
-0.182942
-0.183725
-0.184194
-0.184821
-0.185916
-0.187012
-0.187325
-0.188030
-0.188265
-0.189047
-0.189360
-0.190221
-0.190769
-0.191787
-0.192491
-0.193352
-0.193978
-0.194604
-0.194917
-0.195231
-0.196405
-0.196952
-0.197266
-0.198048
-0.198753
-0.199692
-0.200631
-0.201336
-0.201883
-0.202353
-0.203136
-0.203605
-0.204075
-0.204779
-0.205484
-0.206423
-0.207362
-0.207989
-0.208380
-0.208928
-0.209632
-0.210337
-0.210884
-0.211354
-0.212372
-0.212919
-0.213702
-0.214250
-0.214720
-0.215268
-0.215659
-0.216050
-0.216755
-0.217303
-0.218007
-0.218868
-0.219103
-0.220512
-0.221216
-0.221529
-0.222077
-0.222547
-0.223095
-0.223564
-0.224425
-0.225051
-0.225364
-0.226460
-0.227086
-0.227556
-0.228026
-0.228495
-0.228887
-0.229513
-0.230061
-0.230608
-0.231469
-0.231939
-0.232957
-0.233661
-0.233818
-0.234444
-0.235226
-0.235539
-0.236322
-0.236792
-0.237261
-0.237888
-0.238670
-0.239062
-0.239609
-0.240236
-0.240549
-0.241410
-0.241958
-0.242427
-0.243288
-0.243523
-0.244071
-0.244854
-0.245480
-0.246028
-0.246419
-0.246732
-0.247436
-0.247906
-0.248376
-0.248924
-0.249237
-0.250332
-0.251037
-0.251115
-0.251898
-0.252054
-0.252524
-0.252915
-0.253698
-0.254168
-0.254324
-0.255029
-0.255498
-0.256203
-0.256672
-0.257142
-0.257533
-0.258159
-0.258629
-0.259099
-0.259568
-0.259803
-0.260586
-0.261212
-0.261603
-0.261995
-0.262308
-0.262934
-0.263012
-0.263795
-0.264343
-0.264343
-0.265204
-0.265908
-0.266221
-0.266456
-0.266769
-0.267082
-0.267708
-0.268100
-0.268569
-0.268882
-0.269195
-0.269587
-0.270135
-0.270604
-0.270761
-0.271465
-0.271622
-0.272248
-0.272639
-0.272796
-0.273422
-0.273579
-0.274048
-0.274596
-0.274909
-0.275222
-0.275379
-0.275927
-0.276318
-0.276553
-0.277022
-0.277257
-0.277727
-0.278118
-0.278666
-0.279057
-0.278979
-0.279684
-0.279684
-0.280153
-0.280936
-0.280936
-0.281640
-0.282032
-0.282423
-0.282736
-0.282971
-0.283049
-0.283128
-0.283675
-0.283910
-0.283988
-0.284302
-0.284302
-0.284693
-0.285319
-0.285867
-0.285867
-0.286102
-0.286493
-0.286650
-0.287041
-0.287276
-0.287432
-0.287511
-0.287745
-0.288450
-0.288372
-0.288841
-0.288841
-0.288919
-0.289389
-0.289311
-0.289467
-0.289780
-0.290015
-0.290328
-0.290407
-0.290798
-0.291033
-0.291268
-0.291502
-0.291581
-0.291894
-0.291894
-0.292207
-0.292207
-0.292520
-0.292833
-0.293068
-0.293146
-0.293303
-0.293616
-0.293850
-0.293929
-0.293929
-0.293929
-0.293929
-0.294398
-0.294555
-0.294790
-0.294790
-0.295025
-0.295025
-0.295259
-0.295494
-0.295572
-0.295729
-0.295494
-0.295572
-0.295964
-0.296199
-0.296199
-0.296199
-0.296120
-0.296355
-0.296433
-0.296668
-0.296668
-0.296746
-0.296825
-0.296903
-0.297216
-0.297294
-0.297529
-0.297529
-0.297529
-0.297529
-0.297920
-0.297999
-0.297999
-0.298077
-0.298155
-0.298312
-0.298390
-0.297842
-0.298312
-0.298155
-0.298312
-0.298234
-0.298155
-0.298312
-0.298547
-0.298703
-0.298860
-0.298547
-0.298625
-0.298625
-0.298547
-0.298703
-0.298781
-0.298860
-0.298625
-0.298390
-0.298703
-0.298781
-0.298860
-0.298468
-0.298625
-0.298703
-0.298860
-0.298781
-0.298938
-0.298547
-0.298703
-0.298547
-0.298703
-0.298625
-0.298703
-0.298547
-0.298390
-0.298468
-0.298547
-0.298781
-0.298547
-0.298781
-0.298390
-0.298703
-0.298703
-0.298781
-0.298625
-0.298390
-0.298390
-0.298781
-0.298547
-0.298703
-0.298547
-0.298312
-0.298390
-0.298703
-0.298547
-0.298234
-0.298547
-0.298547
-0.298703
-0.298547
-0.298312
-0.298312
-0.298312
-0.298155
-0.298077
-0.298234
-0.297999
-0.298625
-0.298312
-0.298312
-0.298155
-0.298077
-0.298077
-0.297686
-0.297999
-0.297842
-0.297607
-0.297686
-0.297607
-0.297764
-0.297686
-0.297686
-0.297686
-0.297529
-0.297607
-0.297373
-0.297294
-0.297373
-0.297373
-0.296746
-0.297060
-0.297138
-0.296903
-0.297060
-0.296981
-0.296903
-0.296825
-0.296746
-0.296590
-0.296825
-0.296903
-0.296668
-0.296746
-0.296903
-0.296668
-0.296590
-0.296512
-0.296433
-0.296433
-0.296277
-0.296199
-0.296277
-0.296120
-0.296512
-0.296277
-0.296199
-0.295964
-0.295964
-0.295807
-0.295651
-0.295729
-0.295494
-0.295729
-0.296120
-0.295807
-0.295807
-0.295729
-0.295338
-0.295494
-0.295494
-0.295416
-0.295416
-0.295338
-0.295103
-0.295338
-0.295651
-0.295259
-0.295259
-0.295103
-0.295259
-0.295181
-0.295103
-0.295025
-0.295025
-0.295025
-0.295025
-0.295103
-0.294946
-0.294711
-0.294555
-0.294711
-0.294711
-0.294633
-0.294477
-0.294633
-0.294711
-0.294555
-0.294711
-0.294868
-0.294398
-0.294477
-0.294477
-0.294633
-0.294320
-0.294164
-0.293929
-0.293929
-0.294085
-0.294164
-0.294164
-0.294164
-0.294007
-0.293929
-0.294007
-0.294085
-0.294007
-0.294085
-0.294007
-0.294242
-0.294164
-0.294555
-0.294085
-0.293929
-0.293772
-0.293929
-0.293850
-0.293616
-0.293772
-0.293850
-0.294007
-0.294164
-0.294164
-0.293850
-0.293850
-0.293772
-0.293929
-0.293929
-0.293694
-0.293537
-0.293694
-0.293772
-0.294007
-0.294164
-0.294085
-0.293850
-0.293850
-0.293772
-0.293694
-0.293537
-0.293772
-0.293694
-0.293537
-0.294007
-0.294007
-0.293772
-0.294007
-0.293850
-0.294007
-0.294007
-0.294007
-0.294007
-0.294242
-0.294242
-0.294398
-0.294711
-0.294320
-0.294398
-0.294477
-0.294242
-0.294398
-0.294242
-0.294320
-0.294398
-0.294633
-0.294398
-0.294711
-0.294477
-0.294477
-0.294320
-0.294398
-0.294320
-0.294398
-0.294320
-0.294711
-0.294790
-0.294946
-0.295103
-0.295025
-0.295181
-0.295181
-0.295103
-0.295259
-0.295338
-0.295416
-0.295259
-0.295416
-0.295572
-0.295807
-0.295651
-0.295651
-0.295651
-0.295651
-0.296120
-0.295807
-0.295964
-0.296199
-0.296199
-0.296355
-0.296433
-0.296512
-0.296433
-0.296433
-0.296590
-0.296668
-0.296746
-0.296903
-0.296825
-0.297138
-0.296825
-0.297138
-0.296981
-0.297138
-0.296825
-0.296981
-0.297373
-0.297451
-0.297138
-0.297451
-0.297451
-0.297686
-0.297686
-0.298390
-0.297920
-0.297999
-0.297999
-0.298234
-0.298234
-0.298234
-0.298155
-0.298390
-0.298625
-0.298625
-0.298468
-0.298860
-0.298781
-0.298938
-0.298938
-0.299173
-0.299329
-0.299408
-0.299642
-0.299956
-0.299877
-0.299956
-0.300034
-0.300269
-0.300269
-0.300503
-0.300582
-0.300503
-0.300503
-0.300895
-0.300582
-0.301130
-0.300973
-0.301364
-0.301208
-0.301286
-0.301599
-0.301364
-0.301677
-0.301677
-0.301912
-0.302069
-0.301991
-0.302304
-0.302147
-0.302460
-0.302617
-0.302617
-0.302617
-0.303008
-0.302930
-0.303008
-0.303165
-0.303321
-0.303478
-0.303399
-0.303321
-0.303321
-0.303712
-0.303712
-0.304104
-0.304182
-0.304339
-0.304260
-0.304652
-0.304730
-0.304887
-0.304808
-0.305043
-0.305043
-0.305278
-0.305434
-0.305591
-0.305513
-0.305669
-0.306139
-0.306295
-0.306452
-0.306765
-0.306765
-0.306608
-0.306765
-0.307156
-0.307469
-0.307391
-0.307469
-0.307391
-0.307626
-0.307704
-0.307861
-0.307861
-0.307782
-0.308174
-0.308330
-0.308722
-0.308722
-0.308643
-0.309035
-0.308957
-0.309661
-0.309504
-0.309504
-0.309661
-0.310052
-0.310444
-0.310052
-0.310444
-0.310365
-0.310678
-0.310678
-0.310913
-0.311226
-0.311148
-0.311539
-0.311305
-0.311618
-0.312009
-0.312166
-0.312322
-0.312479
-0.312557
-0.312635
-0.312713
-0.312870
-0.313183
-0.313261
-0.313261
-0.313418
-0.313418
-0.314279
-0.313888
-0.313966
-0.314122
-0.314201
-0.314592
-0.314748
-0.314983
-0.315296
-0.315140
-0.315218
-0.315609
-0.315609
-0.315531
-0.315844
-0.315844
-0.315923
-0.316157
-0.316236
-0.316392
-0.316627
-0.316862
-0.317175
-0.317253
-0.317097
-0.317331
-0.317879
-0.317566
-0.317958
-0.318114
-0.318349
-0.318271
-0.318740
-0.318819
-0.319366
-0.319601
-0.319366
-0.319445
-0.319601
-0.319679
-0.320149
-0.320384
-0.320619
-0.320540
-0.321088
-0.321088
-0.321323
-0.321636
-0.321636
-0.322028
-0.322028
-0.322262
-0.322341
-0.322497
-0.322889
-0.323202
-0.323202
-0.323828
-0.323750
-0.323828
-0.323906
-0.324063
-0.324219
-0.324610
-0.324454
-0.324767
-0.324924
-0.325080
-0.325550
-0.325628
-0.325785
-0.325863
-0.325941
-0.326332
-0.326176
-0.326489
-0.326802
-0.327115
-0.327506
-0.327820
-0.327585
-0.327741
-0.328133
-0.328289
-0.328211
-0.328367
-0.328759
-0.329072
-0.329228
-0.329228
-0.329620
-0.329463
-0.330246
-0.330246
-0.330168
-0.330559
-0.330794
-0.330794
-0.331029
-0.331420
-0.331811
-0.331577
-0.331968
-0.332203
-0.332672
-0.332907
-0.332985
-0.333220
-0.333377
-0.333377
-0.333533
-0.333612
-0.334472
-0.334551
-0.334629
-0.335099
-0.335255
-0.335255
-0.335255
-0.335647
-0.335960
-0.336038
-0.336429
-0.336586
-0.336586
-0.337134
-0.337212
-0.337447
-0.337525
-0.337525
-0.337682
-0.337838
-0.337838
-0.338151
-0.338621
-0.338934
-0.339169
-0.339012
-0.339638
-0.339247
-0.339873
-0.340186
-0.340421
-0.340343
-0.340734
-0.341360
-0.340891
-0.341673
-0.341673
-0.342221
-0.342456
-0.342613
-0.342691
-0.342926
-0.343160
-0.343395
-0.343630
-0.343552
-0.343787
-0.344413
-0.344334
-0.344491
-0.344961
-0.345274
-0.345195
-0.345352
-0.345665
-0.345665
-0.346448
-0.346448
-0.346761
-0.346761
-0.346996
-0.347387
-0.347465
-0.347700
-0.347778
-0.348405
-0.348013
-0.348326
-0.348874
-0.348718
-0.349109
-0.349657
-0.349813
-0.349970
-0.350283
-0.350596
-0.350831
-0.350909
-0.351066
-0.351144
-0.351692
-0.352005
-0.352161
-0.352709
-0.352944
-0.353101
-0.353257
-0.353570
-0.353962
-0.354040
-0.354510
-0.354431
-0.354588
-0.354901
-0.355449
-0.355371
-0.355684
-0.355918
-0.355918
-0.356388
-0.356701
-0.357014
-0.357249
-0.357562
-0.357875
-0.358110
-0.358423
-0.358188
-0.358580
-0.358658
-0.358814
-0.358893
-0.359519
-0.359754
-0.360067
-0.360302
-0.361006
-0.361162
-0.361397
-0.361476
-0.361789
-0.362102
-0.362493
-0.362650
-0.363041
-0.363119
-0.363354
-0.363589
-0.363745
-0.363980
-0.364450
-0.364841
-0.364919
-0.364998
-0.365233
-0.365311
-0.366015
-0.366015
-0.366015
-0.366720
-0.366720
-0.367033
-0.367189
-0.367424
-0.367737
-0.368128
-0.368050
-0.368363
-0.368833
-0.368989
-0.369303
-0.369459
-0.369929
-0.370007
-0.370320
-0.370398
-0.370868
-0.371024
-0.371103
-0.371494
-0.371729
-0.371964
-0.372512
-0.372590
-0.372903
-0.372903
-0.373138
-0.373216
-0.373686
-0.374155
-0.373920
-0.374468
-0.374860
-0.374703
-0.375095
-0.375486
-0.375877
-0.375799
-0.376190
-0.376347
-0.376582
-0.376738
-0.377130
-0.377051
-0.377599
-0.377756
-0.378069
-0.378382
-0.378382
-0.378773
-0.379165
-0.379165
-0.379478
-0.379791
-0.380104
-0.380417
-0.380573
-0.380730
-0.381121
-0.381513
-0.382061
-0.381826
-0.382217
-0.382295
-0.382530
-0.382765
-0.383156
-0.383313
-0.383626
-0.383704
-0.384174
-0.384174
-0.384330
-0.384722
-0.384800
-0.385035
-0.385504
-0.385896
-0.386209
-0.386365
-0.386444
-0.386757
-0.386992
-0.387226
-0.387618
-0.387852
-0.387931
-0.388244
-0.388479
-0.388870
-0.389340
-0.389418
-0.389418
-0.389888
-0.390357
-0.390670
-0.390827
-0.391062
-0.391375
-0.391453
-0.391766
-0.392236
-0.392549
-0.392940
-0.392940
-0.393253
-0.393488
-0.393566
-0.393879
-0.394427
-0.394740
-0.394897
-0.395053
-0.395366
-0.395601
-0.395993
-0.396071
-0.396149
-0.396462
-0.396932
-0.397323
-0.397480
-0.397636
-0.398106
-0.398106
-0.398106
-0.398497
-0.398732
-0.399123
-0.399358
-0.399515
-0.399749
-0.400219
-0.400610
-0.401158
-0.401080
-0.401550
-0.401393
-0.402098
-0.402332
-0.402724
-0.402724
-0.403037
-0.403272
-0.403741
-0.404054
-0.404133
-0.404602
-0.404915
-0.405228
-0.405307
-0.405385
-0.405463
-0.406011
-0.406402
-0.406794
-0.407107
-0.407185
-0.407420
-0.407811
-0.407968
-0.408359
-0.408437
-0.408672
-0.408907
-0.408829
-0.409455
-0.409298
-0.409690
-0.409768
-0.410159
-0.410551
-0.411177
-0.411177
-0.411647
-0.411725
-0.412116
-0.412116
-0.412586
-0.412664
-0.412977
-0.413055
-0.413603
-0.414151
-0.414073
-0.414308
-0.414777
-0.414934
-0.415090
-0.415090
-0.415560
-0.415795
-0.416108
-0.416499
-0.416577
-0.416734
-0.417438
-0.417438
-0.417673
-0.418221
-0.418456
-0.418534
-0.418769
-0.418926
-0.419160
-0.419395
-0.419552
-0.420334
-0.420334
-0.420804
-0.421039
-0.421430
-0.421430
-0.421900
-0.422448
-0.422369
-0.422604
-0.422761
-0.422996
-0.423544
-0.423857
-0.423935
-0.424248
-0.424718
-0.424874
-0.424796
-0.425265
-0.425579
-0.425735
-0.425892
-0.426361
-0.426518
-0.426831
-0.427300
-0.427535
-0.427770
-0.427848
-0.428318
-0.428709
-0.428788
-0.428866
-0.429179
-0.429414
-0.430196
-0.430353
-0.430510
-0.430744
-0.431214
-0.431605
-0.431997
-0.432310
-0.432153
-0.432701
-0.432779
-0.433092
-0.433640
-0.433875
-0.434266
-0.434580
-0.434736
-0.435049
-0.435519
-0.435832
-0.436145
-0.436145
-0.436380
-0.436615
-0.437006
-0.437476
-0.437945
-0.438102
-0.438415
-0.438571
-0.438571
-0.438884
-0.439197
-0.439276
-0.439980
-0.440137
-0.440528
-0.441154
-0.440919
-0.441311
-0.441467
-0.441937
-0.442641
-0.443033
-0.442876
-0.443502
-0.443737
-0.444050
-0.444128
-0.444207
-0.444598
-0.445068
-0.444911
-0.445459
-0.445694
-0.446163
-0.446398
-0.446398
-0.446711
-0.446868
-0.447103
-0.447338
-0.447729
-0.448198
-0.448198
-0.448746
-0.448825
-0.449373
-0.449451
-0.449686
-0.450077
-0.450390
-0.450625
-0.450860
-0.451329
-0.451642
-0.451721
-0.451955
-0.452347
-0.452738
-0.453129
-0.453208
-0.453208
-0.453521
-0.453912
-0.454147
-0.454460
-0.454930
-0.455165
-0.455712
-0.455634
-0.456104
-0.456495
-0.456808
-0.457121
-0.457200
-0.457591
-0.457826
-0.458217
-0.458217
-0.458843
-0.458921
-0.459078
-0.459469
-0.460017
-0.460174
-0.460565
-0.460800
-0.460722
-0.461270
-0.461504
-0.462131
-0.462522
-0.462678
-0.462835
-0.463539
-0.463539
-0.463696
-0.464009
-0.464166
-0.464713
-0.464948
-0.465027
-0.465261
-0.465496
-0.465966
-0.466201
-0.466748
-0.466670
-0.467062
-0.467453
-0.467609
-0.468001
-0.468001
-0.468314
-0.468940
-0.469175
-0.469488
-0.469723
-0.470192
-0.470505
-0.470584
-0.471132
-0.471445
-0.471601
-0.471914
-0.472306
-0.472619
-0.472619
-0.473088
-0.473323
-0.473401
-0.473636
-0.474262
-0.474575
-0.474575
-0.474967
-0.475280
-0.475828
-0.475828
-0.475906
-0.476532
-0.476924
-0.477393
-0.477237
-0.477863
-0.477863
-0.478254
-0.478489
-0.478567
-0.478802
-0.479115
-0.479428
-0.479741
-0.480211
-0.480680
-0.480680
-0.480994
-0.481307
-0.482168
-0.482089
-0.482324
-0.482402
-0.482715
-0.483263
-0.483263
-0.483968
-0.484046
-0.484594
-0.484829
-0.485064
-0.485455
-0.485611
-0.485768
-0.485925
-0.486081
-0.486629
-0.486942
-0.487099
-0.487255
-0.487803
-0.487803
-0.488194
-0.488429
-0.488742
-0.488977
-0.489290
-0.489447
-0.489525
-0.489995
-0.490229
-0.490699
-0.491090
-0.491403
-0.491873
-0.492264
-0.492499
-0.492577
-0.492734
-0.493125
-0.493360
-0.493595
-0.493752
-0.494612
-0.494691
-0.494691
-0.494847
-0.495317
-0.495630
-0.496021
-0.496100
-0.496256
-0.496569
-0.496804
-0.497039
-0.497430
-0.497430
-0.498056
-0.498369
-0.498839
-0.499074
-0.499152
-0.499543
-0.499700
-0.500013
-0.500561
-0.500483
-0.501031
-0.501265
-0.501657
-0.502126
-0.502596
-0.502596
-0.502831
-0.503144
-0.503535
-0.503535
-0.504005
-0.504083
-0.504240
-0.504553
-0.504944
-0.505335
-0.505570
-0.505883
-0.506431
-0.506588
-0.506823
-0.507057
-0.507292
-0.507605
-0.507762
-0.508153
-0.508388
-0.508701
-0.508779
-0.509014
-0.509562
-0.509797
-0.510188
-0.510188
-0.510580
-0.510893
-0.511362
-0.511440
-0.511754
-0.511910
-0.512301
-0.512693
-0.512928
-0.513476
-0.513476
-0.513945
-0.514180
-0.514571
-0.514728
-0.514493
-0.515041
-0.515197
-0.515511
-0.515902
-0.516215
-0.516293
-0.516606
-0.516763
-0.517232
-0.517546
-0.518093
-0.518328
-0.518407
-0.518954
-0.519189
-0.519502
-0.519502
-0.520207
-0.520285
-0.520676
-0.520911
-0.521616
-0.522007
-0.522085
-0.522477
-0.522946
-0.523181
-0.523259
-0.523651
-0.524120
-0.524355
-0.524355
-0.524512
-0.525059
-0.525216
-0.525451
-0.525920
-0.526155
-0.526312
-0.526468
-0.526938
-0.527251
-0.527955
-0.528268
-0.528190
-0.528582
-0.529051
-0.529286
-0.529443
-0.529756
-0.530225
-0.530304
-0.530617
-0.531008
-0.531164
-0.531634
-0.532025
-0.532260
-0.532730
-0.532965
-0.533121
-0.533121
-0.533747
-0.533904
-0.534139
-0.534687
-0.534765
-0.534843
-0.535391
-0.535704
-0.535939
-0.536252
-0.536409
-0.536722
-0.536565
-0.537113
-0.537504
-0.537504
-0.538052
-0.538209
-0.538600
-0.538757
-0.539461
-0.539696
-0.540009
-0.540244
-0.540244
-0.540792
-0.541026
-0.541574
-0.541809
-0.542122
-0.542435
-0.542748
-0.542983
-0.543375
-0.543609
-0.544001
-0.544236
-0.544392
-0.544627
-0.545097
-0.545488
-0.545410
-0.546114
-0.546505
-0.546818
-0.546897
-0.547210
-0.547523
-0.547836
-0.548071
-0.548306
-0.548697
-0.548697
-0.549167
-0.549558
-0.549636
-0.550027
-0.550419
-0.550888
-0.550732
-0.551123
-0.551593
-0.552141
-0.552141
-0.552610
-0.552767
-0.553080
-0.553550
-0.553628
-0.553784
-0.554019
-0.554724
-0.554567
-0.554645
-0.555115
-0.555350
-0.555663
-0.555976
-0.556524
-0.556602
-0.557072
-0.557228
-0.557541
-0.558089
-0.558246
-0.558402
-0.558637
-0.559185
-0.559342
-0.559811
-0.559811
-0.560281
-0.560437
-0.561142
-0.561298
-0.562081
-0.562394
-0.562629
-0.563020
-0.563333
-0.563490
-0.563803
-0.563881
-0.564273
-0.564273
-0.564586
-0.565134
-0.565603
-0.565603
-0.565681
-0.566151
-0.566386
-0.567012
-0.567012
-0.567247
-0.567403
-0.567873
-0.568264
-0.568264
-0.568499
-0.569204
-0.569438
-0.569517
-0.569595
-0.569908
-0.570065
-0.570691
-0.570691
-0.571082
-0.571160
-0.571630
-0.571865
-0.571865
-0.572647
-0.572647
-0.573039
-0.573274
-0.573665
-0.573900
-0.574135
-0.574526
-0.574682
-0.575152
-0.575465
-0.575778
-0.575857
-0.576326
-0.576874
-0.576717
-0.577422
-0.577657
-0.577892
-0.578126
-0.578205
-0.578753
-0.579066
-0.579144
-0.579613
-0.579457
-0.580083
-0.580709
-0.581022
-0.581414
-0.581648
-0.581805
-0.582118
-0.582353
-0.582744
-0.582979
-0.583214
-0.583605
-0.583918
-0.583762
-0.584779
-0.584936
-0.585327
-0.585327
-0.585797
-0.585562
-0.586188
-0.586188
-0.586736
-0.586814
-0.587206
-0.587519
-0.587675
-0.588223
-0.588536
-0.588849
-0.589006
-0.589397
-0.589475
-0.589867
-0.590180
-0.590571
-0.591041
-0.591041
-0.591589
-0.591667
-0.592215
-0.592371
-0.592371
-0.592919
-0.593389
-0.593389
-0.593624
-0.593624
-0.594093
-0.594328
-0.594954
-0.594954
-0.595502
-0.595894
-0.595894
-0.596441
-0.596755
-0.597068
-0.597302
-0.597616
-0.597459
-0.597929
-0.598476
-0.598633
-0.599103
-0.599416
-0.599729
-0.599807
-0.600042
-0.600512
-0.600981
-0.601216
-0.601529
-0.601842
-0.601842
-0.602233
-0.602703
-0.602938
-0.603329
-0.603877
-0.604425
-0.604425
-0.604660
-0.604582
-0.605129
-0.605208
-0.605834
-0.605912
-0.606303
-0.606695
-0.607008
-0.607086
-0.607321
-0.607791
-0.607947
-0.608338
-0.608573
-0.608808
-0.609199
-0.609121
-0.609669
-0.609747
-0.609982
-0.610374
-0.610452
-0.610843
-0.611313
-0.611861
-0.612095
-0.612017
-0.612330
-0.612722
-0.612878
-0.613191
-0.613583
-0.614052
-0.614287
-0.614522
-0.614678
-0.615305
-0.615461
-0.615383
-0.616087
-0.616087
-0.616713
-0.616870
-0.616948
-0.617340
-0.617731
-0.617887
-0.617966
-0.618435
-0.618748
-0.619140
-0.619296
-0.619453
-0.619844
-0.620157
-0.620549
-0.620705
-0.620940
-0.621410
-0.622114
-0.622192
-0.622349
-0.622740
-0.623053
-0.623445
-0.623445
-0.623836
-0.624071
-0.624306
-0.624619
-0.624932
-0.625323
-0.625636
-0.625871
-0.626419
-0.626419
-0.627202
-0.627202
-0.627749
-0.627984
-0.628062
-0.628376
-0.628845
-0.629002
-0.629002
-0.629315
-0.629863
-0.629941
-0.630332
-0.630489
-0.630880
-0.631037
-0.631428
-0.631976
-0.632054
-0.632367
-0.632602
-0.632915
-0.633620
-0.633698
-0.634089
-0.634559
-0.634715
-0.635185
-0.635342
-0.635733
-0.635655
-0.636281
-0.636437
-0.636829
-0.636750
-0.637298
-0.637846
-0.637846
-0.638472
-0.638472
-0.638707
-0.639099
-0.639412
-0.639568
-0.639646
-0.640116
-0.640429
-0.640742
-0.640664
-0.641290
-0.641916
-0.642073
-0.642308
-0.642777
-0.643169
-0.643090
-0.643403
-0.643951
-0.644421
-0.644343
-0.644890
-0.645047
-0.645438
-0.645751
-0.645751
-0.646221
-0.646378
-0.646847
-0.646847
-0.647473
-0.647630
-0.647943
-0.648100
-0.648256
-0.648491
-0.648804
-0.649274
-0.649665
-0.649978
-0.650213
-0.650761
-0.650917
-0.651465
-0.651387
-0.651622
-0.651935
-0.652091
-0.652796
-0.652796
-0.653187
-0.653500
-0.653813
