-0.546349
-0.546818
-0.546975
-0.547601
-0.547679
-0.547992
-0.548462
-0.548384
-0.548853
-0.549245
-0.549401
-0.549793
-0.549949
-0.550341
-0.550341
-0.550810
-0.551202
-0.551749
-0.551906
-0.552532
-0.552845
-0.552923
-0.553237
-0.553471
-0.554019
-0.554019
-0.554489
-0.554489
-0.554958
-0.555350
-0.555585
-0.556054
-0.555976
-0.556602
-0.556446
-0.556837
-0.557385
-0.557698
-0.558011
-0.558089
-0.558324
-0.558637
-0.558872
-0.559185
-0.559733
-0.560046
-0.560516
-0.560750
-0.560907
-0.560907
-0.561925
-0.562081
-0.562238
-0.562316
-0.563099
-0.563020
-0.563177
-0.563803
-0.564038
-0.564429
-0.564664
-0.564742
-0.565212
-0.565368
-0.565760
-0.565995
-0.566151
-0.566464
-0.566699
-0.567325
-0.567560
-0.567873
-0.568421
-0.568421
-0.568891
-0.568969
-0.569282
-0.569517
-0.569830
-0.570221
-0.570691
-0.570769
-0.570926
-0.571395
-0.571395
-0.571865
-0.572178
-0.572334
-0.572491
-0.572882
-0.573352
-0.573508
-0.573665
-0.574213
-0.574448
-0.574682
-0.574839
-0.575152
-0.575465
-0.575935
-0.575935
-0.576248
-0.576561
-0.576796
-0.577031
-0.577109
-0.577500
-0.577500
-0.577735
-0.578205
-0.578439
-0.578674
-0.579066
-0.579457
-0.580161
-0.580005
-0.580240
-0.580474
-0.580631
-0.581179
-0.581492
-0.581648
-0.582196
-0.582275
-0.582744
-0.582666
-0.583057
-0.583605
-0.583918
-0.584231
-0.584153
-0.584544
-0.584466
-0.584936
-0.585484
-0.585405
-0.585640
-0.586032
-0.586266
-0.586814
-0.586971
-0.587284
-0.587362
-0.587675
-0.587988
-0.588145
-0.588458
-0.588771
-0.589162
-0.589554
-0.589867
-0.590023
-0.590258
-0.590650
-0.591041
-0.591276
-0.591667
-0.591745
-0.592215
-0.592685
-0.592685
-0.593311
-0.593232
-0.593702
-0.593780
-0.594250
-0.594406
-0.594641
-0.595033
-0.595267
-0.595659
-0.595894
-0.596363
-0.596520
-0.596911
-0.597224
-0.597381
-0.597772
-0.597929
-0.598242
-0.598555
-0.598946
-0.599181
-0.599337
-0.599807
-0.600198
-0.600668
-0.600981
-0.601216
-0.601451
-0.601842
-0.602233
-0.602390
-0.602938
-0.603407
-0.603486
-0.603877
-0.604112
-0.604660
-0.604503
-0.605129
-0.605364
-0.605599
-0.605834
-0.606225
-0.606303
-0.606773
-0.607321
-0.607399
-0.607478
-0.607556
-0.608182
-0.608417
-0.608965
-0.608965
-0.609199
-0.609669
-0.609669
-0.610139
-0.610295
-0.610530
-0.611234
-0.611391
-0.611469
-0.612095
-0.612409
-0.613035
-0.612643
-0.612956
-0.613661
-0.613739
-0.614287
-0.614365
-0.614835
-0.614835
-0.614913
-0.615305
-0.615539
-0.616165
-0.616400
-0.616557
-0.616870
-0.617261
-0.617418
-0.617496
-0.618279
-0.618122
-0.618514
-0.618670
-0.619296
-0.619531
-0.620001
-0.620236
-0.620392
-0.620862
-0.620940
-0.621488
-0.621879
-0.621801
-0.622427
-0.622740
-0.623131
-0.623131
-0.623758
-0.623992
-0.624227
-0.624462
-0.624853
-0.625245
-0.625323
-0.625480
-0.625949
-0.626106
-0.626732
-0.627202
-0.627123
-0.627202
-0.627906
-0.628219
-0.627984
-0.628532
-0.628767
-0.629237
-0.629080
-0.629706
-0.630176
-0.630097
-0.630880
-0.631350
-0.631115
-0.631272
-0.631741
-0.632446
-0.632524
-0.633150
-0.632993
-0.633463
-0.633933
-0.634168
-0.634324
-0.634637
-0.634950
-0.635342
-0.635576
-0.635889
-0.636281
-0.636437
-0.636985
-0.637220
-0.637690
-0.637924
-0.638081
-0.638238
-0.638785
-0.638942
-0.639333
-0.639725
-0.640116
-0.640820
-0.641055
-0.640899
-0.641525
-0.641760
-0.642151
-0.641995
-0.642464
-0.642855
-0.642934
-0.643247
-0.643638
-0.644030
-0.644108
-0.644421
-0.644577
-0.645204
-0.645438
-0.645751
-0.645673
-0.646299
-0.646221
-0.646769
-0.647239
-0.647473
-0.647630
-0.648100
-0.648491
-0.648334
-0.649039
-0.649195
-0.649665
-0.649900
-0.649821
-0.650604
-0.650526
-0.651230
-0.651074
-0.651152
-0.651935
-0.652091
-0.652326
-0.652404
-0.653031
-0.653344
-0.653344
-0.653813
-0.654205
-0.654361
-0.654752
-0.654987
-0.654909
-0.655300
-0.655770
-0.656318
-0.656396
-0.656787
-0.657257
-0.657414
-0.657648
-0.658040
-0.658431
-0.658509
-0.658901
-0.659057
-0.659214
-0.659370
-0.659918
-0.660388
-0.660779
-0.661249
-0.661249
-0.661875
-0.661797
-0.662501
-0.662893
-0.662814
-0.663049
-0.663440
-0.663910
-0.663910
-0.664301
-0.664614
-0.664693
-0.664928
-0.665162
-0.665084
-0.665241
-0.665162
-0.665006
-0.665006
-0.664849
-0.664928
-0.664771
-0.664849
-0.664693
-0.664380
-0.664223
-0.664067
-0.664145
-0.663832
-0.663440
-0.663440
-0.663127
-0.662814
-0.662345
-0.662501
-0.662110
-0.662032
-0.661640
-0.661797
-0.661249
-0.660779
-0.660544
-0.660310
-0.659997
-0.659997
-0.659527
-0.658901
-0.658744
-0.658353
-0.657962
-0.657883
-0.657492
-0.657179
-0.657101
-0.656553
-0.656240
-0.656005
-0.655692
-0.655222
-0.655066
-0.654752
-0.654361
-0.654048
-0.653735
-0.653344
-0.653031
-0.652796
-0.652639
-0.652170
-0.651856
-0.651230
-0.651074
-0.650996
-0.650761
-0.650213
-0.650135
-0.649508
-0.649117
-0.648882
-0.648726
-0.648334
-0.647786
-0.647630
-0.647082
-0.647239
-0.646456
-0.646456
-0.645908
-0.645673
-0.645204
-0.644969
-0.644812
-0.644186
-0.643951
-0.643638
-0.643169
-0.642699
-0.642464
-0.642151
-0.641838
-0.641368
-0.640899
-0.640507
-0.640273
-0.639881
-0.639020
-0.639177
-0.638864
-0.638707
-0.638238
-0.637768
-0.637611
-0.637220
-0.636829
-0.636594
-0.636359
-0.635733
-0.635420
-0.635263
-0.634950
-0.634559
-0.634246
-0.633933
-0.633698
-0.633072
-0.632837
-0.632367
-0.632446
-0.631976
-0.631663
-0.631037
-0.630724
-0.630567
-0.630019
-0.629784
-0.629550
-0.629158
-0.628845
-0.628454
-0.628141
-0.627906
-0.627671
-0.626967
-0.626888
-0.626184
-0.626027
-0.625480
-0.625166
-0.625010
-0.624775
-0.624306
-0.623914
-0.623601
-0.623445
-0.622897
-0.622897
-0.622114
-0.621801
-0.621566
-0.621331
-0.621018
-0.620470
-0.620001
-0.619844
-0.619061
-0.618905
-0.618983
-0.618200
-0.617809
-0.617496
-0.617418
-0.617026
-0.616792
-0.616557
-0.616400
-0.616009
-0.615383
-0.615148
-0.615070
-0.614835
-0.614444
-0.613817
-0.613504
-0.613113
-0.612565
-0.612252
-0.612095
-0.611861
-0.611626
-0.611156
-0.610921
-0.610843
-0.610139
-0.609982
-0.609121
-0.609199
-0.608965
-0.608495
-0.608573
-0.607869
-0.607712
-0.606930
-0.606617
-0.606303
-0.605912
-0.605677
-0.605364
-0.604973
-0.604816
-0.604503
-0.604034
-0.603955
-0.603329
-0.603173
-0.603173
-0.602781
-0.602155
-0.601529
-0.601294
-0.600903
-0.600198
-0.600198
-0.599651
-0.599494
-0.599024
-0.598555
-0.598242
-0.597694
-0.597381
-0.597381
-0.596755
-0.596520
-0.596285
-0.595894
-0.595659
-0.595424
-0.595267
-0.594563
-0.594406
-0.593859
-0.593780
-0.593389
-0.592606
-0.592371
-0.592137
-0.591745
-0.591824
-0.591119
-0.590963
-0.590493
-0.590415
-0.589789
-0.589241
-0.589084
-0.588693
-0.588458
-0.588067
-0.587675
-0.587206
-0.586893
-0.586579
-0.586110
-0.585953
-0.585327
-0.585405
-0.585092
-0.584388
-0.584231
-0.583918
-0.583762
-0.583370
-0.583057
-0.582666
-0.582275
-0.581962
-0.581570
-0.581022
-0.580553
-0.580553
-0.580083
-0.580005
-0.579379
-0.579379
-0.579144
-0.578361
-0.578439
-0.577892
-0.577735
-0.577500
-0.577109
-0.576561
-0.576483
-0.576091
-0.575543
-0.575387
-0.574839
-0.574526
-0.574213
-0.573900
-0.573822
-0.573352
-0.573039
-0.572647
-0.572256
-0.572100
-0.571473
-0.571317
-0.570769
-0.570456
-0.570143
-0.569986
-0.569595
-0.569282
-0.569204
-0.568891
-0.568577
-0.568421
-0.567638
-0.567325
-0.567169
-0.566777
-0.566386
-0.566151
-0.565760
-0.565212
-0.564977
-0.564742
-0.564586
-0.564429
-0.563881
-0.563725
-0.563255
-0.562864
-0.562394
-0.562551
-0.562081
-0.561611
-0.561220
-0.560907
-0.560672
-0.560124
-0.559811
-0.559029
-0.558872
-0.558402
-0.558089
-0.557776
-0.557620
-0.557150
-0.556915
-0.556602
-0.556211
-0.555741
-0.555585
-0.555272
-0.554802
-0.554332
-0.554254
-0.553941
-0.553550
-0.553393
-0.553002
-0.552454
-0.552297
-0.551671
-0.551358
-0.551202
-0.550732
-0.550419
-0.550106
-0.549714
-0.549636
-0.549010
-0.548697
-0.548306
-0.548071
-0.547914
-0.547758
-0.547601
-0.546897
-0.546740
-0.546349
-0.546114
-0.545957
-0.545331
-0.544940
-0.544470
-0.544549
-0.543922
-0.543688
-0.543688
-0.543296
-0.542827
-0.542435
-0.542357
-0.541887
-0.541731
-0.541261
-0.540948
-0.540557
-0.540479
-0.539696
-0.539774
-0.539070
-0.538678
-0.538365
-0.538130
-0.537817
-0.537504
-0.537113
-0.536878
-0.536565
-0.536487
-0.536095
-0.535782
-0.535469
-0.535156
-0.534687
-0.534530
-0.533826
-0.533747
-0.533513
-0.533121
-0.532886
-0.532260
-0.532260
-0.531869
-0.531399
-0.531321
-0.530538
-0.530617
-0.530069
-0.529912
-0.529208
-0.529443
-0.528973
-0.528660
-0.528268
-0.528112
-0.527955
-0.527329
-0.526938
-0.526703
-0.526468
-0.526390
-0.525686
-0.525059
-0.525216
-0.524825
-0.524590
-0.523885
-0.523572
-0.523651
-0.523103
-0.522633
-0.522711
-0.522242
-0.522085
-0.521929
-0.521224
-0.520833
-0.520676
-0.520363
-0.520050
-0.519346
-0.519189
-0.519189
-0.518798
-0.518563
-0.518093
-0.517780
-0.517311
-0.516998
-0.516685
-0.516371
-0.516137
-0.515824
-0.515432
-0.514963
-0.514650
-0.514336
-0.514102
-0.513789
-0.513476
-0.513319
-0.513162
-0.512928
-0.512301
-0.511988
-0.511440
-0.511362
-0.511049
-0.510736
-0.510188
-0.510032
-0.509640
-0.509092
-0.509092
-0.508701
-0.508310
-0.508075
-0.507762
-0.507370
-0.506823
-0.506744
-0.506196
-0.505570
-0.505492
-0.505257
-0.505179
-0.504788
-0.504474
-0.504240
-0.503770
-0.503457
-0.502831
-0.502439
-0.502126
-0.502126
-0.501735
-0.501031
-0.500718
-0.500639
-0.500091
-0.499857
-0.499700
-0.499387
-0.499152
-0.498839
-0.498604
-0.498213
-0.497665
-0.497352
-0.497039
-0.496569
-0.496413
-0.496334
-0.495943
-0.495317
-0.495160
-0.494847
-0.494456
-0.494378
-0.494143
-0.493986
-0.493282
-0.493204
-0.493204
-0.492499
-0.492186
-0.491951
-0.491638
-0.491012
-0.490856
-0.490542
-0.490308
-0.490151
-0.489838
-0.489603
-0.489134
-0.488899
-0.488194
-0.488038
-0.487881
-0.487568
-0.487177
-0.486786
-0.486472
-0.486629
-0.486081
-0.485611
-0.485611
-0.485298
-0.484907
-0.484594
-0.484124
-0.483733
-0.483498
-0.483029
-0.483029
-0.482246
-0.482168
-0.481541
-0.481072
-0.481385
-0.480602
-0.480133
-0.480133
-0.479585
-0.479428
-0.478880
-0.478567
-0.478411
-0.478019
-0.477471
-0.477550
-0.477002
-0.476845
-0.476689
-0.476141
-0.475828
-0.475515
-0.475280
-0.474575
-0.474106
-0.474106
-0.474106
-0.473323
-0.473167
-0.472775
-0.472697
-0.472384
-0.472149
-0.471758
-0.471210
-0.470975
-0.470662
-0.470192
-0.470036
-0.469723
-0.469097
-0.468783
-0.468783
-0.468470
-0.467922
-0.467609
-0.467453
-0.467218
-0.466592
-0.466122
-0.466122
-0.465496
-0.465340
-0.465027
-0.464792
-0.464166
-0.464009
-0.463618
-0.463226
-0.462913
-0.462757
-0.462365
-0.461817
-0.461583
-0.461270
-0.460878
-0.460409
-0.460174
-0.460017
-0.459235
-0.459235
-0.458765
-0.458608
-0.458060
-0.457591
-0.457513
-0.457043
-0.456573
-0.456182
-0.456025
-0.455869
-0.455556
-0.454930
-0.454773
-0.454617
-0.454225
-0.453912
-0.453599
-0.453286
-0.453208
-0.452738
-0.452425
-0.452112
-0.451642
-0.451251
-0.451016
-0.450547
-0.450234
-0.450234
-0.449373
-0.449451
-0.449216
-0.448903
-0.448512
-0.448355
-0.447885
-0.447572
-0.447259
-0.447024
-0.446633
-0.446633
-0.446085
-0.445929
-0.445616
-0.445303
-0.444989
-0.444598
-0.444128
-0.443972
-0.443581
-0.443502
-0.442563
-0.442328
-0.442172
-0.441780
-0.441389
-0.441311
-0.440763
-0.440685
-0.440058
-0.439511
-0.439119
-0.438806
-0.438650
-0.438337
-0.437789
-0.437632
-0.437710
-0.437241
-0.436849
-0.436301
-0.436067
-0.435754
-0.435832
-0.435284
-0.434580
-0.434423
-0.434501
-0.434032
-0.433719
-0.433327
-0.433014
-0.432701
-0.432388
-0.432310
-0.431997
-0.431605
-0.431449
-0.431136
-0.430588
-0.429962
-0.429805
-0.429335
-0.429101
-0.428944
-0.428396
-0.428318
-0.428083
-0.427535
-0.427457
-0.426909
-0.426361
-0.426361
-0.425735
-0.425422
-0.425422
-0.425031
-0.424639
-0.424248
-0.424013
-0.423544
-0.423230
-0.423074
-0.422761
-0.422369
-0.422448
-0.421900
-0.421587
-0.421039
-0.420804
-0.420569
-0.420021
-0.419943
-0.419473
-0.419239
-0.418847
-0.418378
-0.418143
-0.418065
-0.417830
-0.417360
-0.416812
-0.416656
-0.416421
-0.415873
-0.415560
-0.415325
-0.415012
-0.414699
-0.414542
-0.414386
-0.413760
-0.413603
-0.413368
-0.412899
-0.412586
-0.412351
-0.412116
-0.411725
-0.411568
-0.411412
-0.410551
-0.410786
-0.410316
-0.410081
-0.410003
-0.409377
-0.408907
-0.408281
-0.408203
-0.407733
-0.407655
-0.407498
-0.406950
-0.406794
-0.406481
-0.406168
-0.405933
-0.405855
-0.405072
-0.404759
-0.404602
-0.404289
-0.404054
-0.403820
-0.403506
-0.403506
-0.403193
-0.402959
-0.402411
-0.402098
-0.401863
-0.401158
-0.401158
-0.400376
-0.400063
-0.399984
-0.399515
-0.399045
-0.398967
-0.398497
-0.398262
-0.398106
-0.397558
-0.397167
-0.396932
-0.396462
-0.396540
-0.396227
-0.395679
-0.395523
-0.395288
-0.394584
-0.394662
-0.394271
-0.394036
-0.393801
-0.393331
-0.393097
-0.392862
-0.392783
-0.392314
-0.391923
-0.391766
-0.391375
-0.390905
-0.390748
-0.390435
-0.390279
-0.389888
-0.389340
-0.388948
-0.388870
-0.388244
-0.388244
-0.387931
-0.387383
-0.387148
-0.387070
-0.386678
-0.386209
-0.385817
-0.385583
-0.385270
-0.385191
-0.384643
-0.384722
-0.384252
-0.383626
-0.383626
-0.383391
-0.383078
-0.382765
-0.382530
-0.382295
-0.381826
-0.381826
-0.380886
-0.381043
-0.380495
-0.379791
-0.379634
-0.379556
-0.378930
-0.378930
-0.378225
-0.378147
-0.377599
-0.377443
-0.377208
-0.377051
-0.376582
-0.376269
-0.375955
-0.375642
-0.375486
-0.375173
-0.374860
-0.374468
-0.374547
-0.374077
-0.373607
-0.373138
-0.372903
-0.372433
-0.372590
-0.372042
-0.371729
-0.371416
-0.370946
-0.370790
-0.370477
-0.370085
-0.370007
-0.369381
-0.369068
-0.368989
-0.368598
-0.368598
-0.368285
-0.368050
-0.367737
-0.367268
-0.367268
-0.366876
-0.366328
-0.366328
-0.366015
-0.365546
-0.364919
-0.364528
-0.364293
-0.363902
-0.363824
-0.363432
-0.363119
-0.362728
-0.362258
-0.362415
-0.362180
-0.362023
-0.361476
-0.361162
-0.360693
-0.360223
-0.359754
-0.359675
-0.359206
-0.358736
-0.358345
-0.358110
-0.357875
-0.357640
-0.357562
-0.357249
-0.356779
-0.356466
-0.356153
-0.355997
-0.355292
-0.355214
-0.354979
-0.354666
-0.354588
-0.354118
-0.353805
-0.353649
-0.353336
-0.353101
-0.352631
-0.352396
-0.352005
-0.351614
-0.351144
-0.350987
-0.350518
-0.350283
-0.349892
-0.349422
-0.349031
-0.348796
-0.348718
-0.348326
-0.348091
-0.347700
-0.347230
-0.347152
-0.346761
-0.346213
-0.346291
-0.346056
-0.345509
-0.345195
-0.345117
-0.344961
-0.344178
-0.343865
-0.343708
-0.343395
-0.343317
-0.343004
-0.342847
-0.342299
-0.342065
-0.341830
-0.341438
-0.340812
-0.340891
-0.340812
-0.339951
-0.339638
-0.339403
-0.339090
-0.338621
-0.338464
-0.338386
-0.338073
-0.337760
-0.337368
-0.337290
-0.336899
-0.336508
-0.336351
-0.335960
-0.335647
-0.335568
-0.335255
-0.335099
-0.334629
-0.334238
-0.334081
-0.333925
-0.333220
-0.333533
-0.332907
-0.332594
-0.332437
-0.332124
-0.331890
-0.331655
-0.330950
-0.330559
-0.330402
-0.330168
-0.329620
-0.329385
-0.329385
-0.328915
-0.328602
-0.328367
-0.328054
-0.327741
-0.327428
-0.327272
-0.327037
-0.326724
-0.326332
-0.326019
-0.325706
-0.325315
-0.325315
-0.324767
-0.324454
-0.324376
-0.324297
-0.323984
-0.323593
-0.323358
-0.322810
-0.322341
-0.322184
-0.321949
-0.321636
-0.321480
-0.320932
-0.320619
-0.320149
-0.319601
-0.319601
-0.319288
-0.319210
-0.318897
-0.318662
-0.318349
-0.317644
-0.317723
-0.317644
-0.317331
-0.317175
-0.316549
-0.316470
-0.316157
-0.315923
-0.315609
-0.315375
-0.315062
-0.314279
-0.314279
-0.314044
-0.313731
-0.313653
-0.313183
-0.313027
-0.312635
-0.312557
-0.312322
-0.311853
-0.311618
-0.311305
-0.310913
-0.310757
-0.310522
-0.310052
-0.309818
-0.309348
-0.309348
-0.309035
-0.308330
-0.308252
-0.308330
-0.307861
-0.307626
-0.307469
-0.307313
-0.306765
-0.306530
-0.305982
-0.305904
-0.305747
-0.305591
-0.305121
-0.304730
-0.304573
-0.304417
-0.304026
-0.303634
-0.303321
-0.303243
-0.302851
-0.302695
-0.302304
-0.302147
-0.301912
-0.301443
-0.301051
-0.300895
-0.300816
-0.300269
-0.300034
-0.299799
-0.299799
-0.299329
-0.299251
-0.298625
-0.298234
-0.298234
-0.297842
-0.297451
-0.297373
-0.296668
-0.296277
-0.296199
-0.295807
-0.295729
-0.295572
-0.295181
-0.295259
-0.294946
-0.294633
-0.294398
-0.294007
-0.293303
-0.293459
-0.293068
-0.292833
-0.292676
-0.292285
-0.292050
-0.291894
-0.291659
-0.290954
-0.291033
-0.290563
-0.290015
-0.289937
-0.289937
-0.289467
-0.289154
-0.288841
-0.288919
-0.288450
-0.288137
-0.288137
-0.287667
-0.287354
-0.287119
-0.286650
-0.286415
-0.286258
-0.286180
-0.285789
-0.285554
-0.285476
-0.285163
-0.284771
-0.284536
-0.284067
-0.283754
-0.283362
-0.283284
-0.282893
-0.282423
-0.282658
-0.282658
-0.281953
-0.282032
-0.281797
-0.281014
-0.280701
-0.280153
-0.279997
-0.279918
-0.279527
-0.279371
-0.279057
-0.278823
-0.278588
-0.278510
-0.278118
-0.277962
-0.277883
-0.277336
-0.276866
-0.276631
-0.276396
-0.276083
-0.275848
-0.275927
-0.275535
-0.275301
-0.275222
-0.274831
-0.274361
-0.274126
-0.273970
-0.273735
-0.273500
-0.272952
-0.272796
-0.272483
-0.272248
-0.272483
-0.271935
-0.271622
-0.271074
-0.271152
-0.270604
-0.270448
-0.270213
-0.269822
-0.269274
-0.269352
-0.269195
-0.268961
-0.268569
-0.268648
-0.268335
-0.267787
-0.267787
-0.267474
-0.267082
-0.266769
-0.266456
-0.266065
-0.266065
-0.265673
-0.265282
-0.265047
-0.264812
-0.264656
-0.263951
-0.263638
-0.264030
-0.263482
-0.263012
-0.262777
-0.262386
-0.262073
-0.262151
-0.261916
-0.261603
-0.261212
-0.260899
-0.260821
-0.260429
-0.260116
-0.259881
-0.259881
-0.259412
-0.259177
-0.258786
-0.258473
-0.258081
-0.257925
-0.258003
-0.257298
-0.257455
-0.256907
-0.256829
-0.256594
-0.256438
-0.256046
-0.255733
-0.255577
-0.254872
-0.254950
-0.254637
-0.254168
-0.254246
-0.254168
-0.253698
-0.253698
-0.253463
-0.253150
-0.253228
-0.252446
-0.252211
-0.252367
-0.251820
-0.251507
-0.251428
-0.251272
-0.250724
-0.250489
-0.250176
-0.250098
-0.249785
-0.249315
-0.249315
-0.249002
-0.248611
-0.248611
-0.248219
-0.248063
-0.247906
-0.247828
-0.247750
-0.247123
-0.247045
-0.246810
-0.246576
-0.246184
-0.246028
-0.246028
-0.245715
-0.245167
-0.244854
-0.244854
-0.244697
-0.244462
-0.244149
-0.243914
-0.243836
-0.243445
-0.243053
-0.242584
-0.242662
-0.242349
-0.241958
-0.241723
-0.241566
-0.241331
-0.240940
-0.240705
-0.240314
-0.240157
-0.239923
-0.239375
-0.239375
-0.239140
-0.238670
-0.238749
-0.238279
-0.238279
-0.238044
-0.237731
-0.237574
-0.237418
-0.237105
-0.236479
-0.236635
-0.236244
-0.236009
-0.235931
-0.235305
-0.235696
-0.234992
-0.234913
-0.234678
-0.234365
-0.234287
-0.233974
-0.233818
-0.233426
-0.232957
-0.232957
-0.232722
-0.232565
-0.232565
-0.232409
-0.232252
-0.231939
-0.232017
-0.231391
-0.231548
-0.231000
-0.230922
-0.230295
-0.230452
-0.230295
-0.230295
-0.229826
-0.229591
-0.229434
-0.228965
-0.228730
-0.228573
-0.228339
-0.228104
-0.227947
-0.227712
-0.227478
-0.227321
-0.226852
-0.227008
-0.227008
-0.226773
-0.226538
-0.226382
-0.225756
-0.225756
-0.225443
-0.225364
-0.225208
-0.224973
-0.224738
-0.224738
-0.224347
-0.224503
-0.223799
-0.223877
-0.223564
-0.223095
-0.223173
-0.223251
-0.222703
-0.222781
-0.222312
-0.222390
-0.222155
-0.221686
-0.221294
-0.221060
-0.220903
-0.220746
-0.220355
-0.220355
-0.219964
-0.219964
-0.219729
-0.219572
-0.219729
-0.219416
-0.218711
-0.218711
-0.218477
-0.218085
-0.218007
-0.217772
-0.217929
-0.217850
-0.217616
-0.217537
-0.217146
-0.217146
-0.216520
-0.216520
-0.216285
-0.215815
-0.215972
-0.215737
-0.215815
-0.215581
-0.215502
-0.215346
-0.215189
-0.214876
-0.214172
-0.214328
-0.214094
-0.214250
-0.213780
-0.213780
-0.213702
-0.213076
-0.213233
-0.213233
-0.212841
-0.212528
-0.212372
-0.212137
-0.212137
-0.211980
-0.211745
-0.211354
-0.211354
-0.211276
-0.211198
-0.210728
-0.210806
-0.210728
-0.210415
-0.210102
-0.210024
-0.209789
-0.209476
-0.209397
-0.209241
-0.209397
-0.209163
-0.209084
-0.208536
-0.208302
-0.208223
-0.208067
-0.207597
-0.207754
-0.207675
-0.207206
-0.207362
-0.207284
-0.207206
-0.206580
-0.206345
-0.206267
-0.206032
-0.206032
-0.206032
-0.205797
-0.205562
-0.205406
-0.205484
-0.205249
-0.204779
-0.204466
-0.204623
-0.204310
-0.204232
-0.204232
-0.204075
-0.203918
-0.204153
-0.203762
-0.203762
-0.203762
-0.203371
-0.203136
-0.203058
-0.202744
-0.202901
-0.202666
-0.202510
-0.202823
-0.202588
-0.202197
-0.202118
-0.201727
-0.201649
-0.201492
-0.201179
-0.200788
-0.200944
-0.200866
-0.200944
-0.201101
-0.200944
-0.200396
-0.200162
-0.199927
-0.199457
-0.199457
-0.199770
-0.199222
-0.198987
-0.198987
-0.198987
-0.199301
-0.198753
-0.198753
-0.198440
-0.198283
-0.197892
-0.197813
-0.197892
-0.197500
-0.197657
-0.197657
-0.197266
-0.197187
-0.197031
-0.197344
-0.196874
-0.196718
-0.196405
-0.196326
-0.196091
-0.196248
-0.196170
-0.196091
-0.196013
-0.196091
-0.196013
-0.195778
-0.195622
-0.195465
-0.195387
-0.194996
-0.195074
-0.195152
-0.194917
-0.194839
-0.194839
-0.194448
-0.194291
-0.194213
-0.194213
-0.194135
-0.193900
-0.193822
-0.193900
-0.193743
-0.193587
-0.193822
-0.193587
-0.193274
-0.193274
-0.193430
-0.193039
-0.193039
-0.193117
-0.192726
-0.192882
-0.192648
-0.192648
-0.192648
-0.192804
-0.192413
-0.192256
-0.192178
-0.192178
-0.192100
-0.192100
-0.191787
-0.191708
-0.191630
-0.191787
-0.191552
-0.191630
-0.191395
-0.191160
-0.191395
-0.191004
-0.191160
-0.190926
-0.190847
-0.190926
-0.191160
-0.190613
-0.190456
-0.190613
-0.190456
-0.190691
-0.190691
-0.190691
-0.190534
-0.190378
-0.190221
-0.190378
-0.190300
-0.190613
-0.190300
-0.190143
-0.190221
-0.189986
-0.190221
-0.189908
-0.189908
-0.189752
-0.189908
-0.189908
-0.190065
-0.189830
-0.189595
-0.189673
-0.189908
-0.189517
-0.189752
-0.189595
-0.189282
-0.189047
-0.189595
-0.189047
-0.189204
-0.189517
-0.188812
-0.189204
-0.189047
-0.189439
-0.188969
-0.188812
-0.188969
-0.188969
-0.188656
-0.188812
-0.188969
-0.188656
-0.188421
-0.188656
-0.188734
-0.188499
-0.188812
-0.188343
-0.188578
-0.188499
-0.188499
-0.188421
-0.188108
-0.188030
-0.188265
-0.188343
-0.188343
-0.188343
-0.188186
-0.188265
-0.188265
-0.188343
-0.188186
-0.188108
-0.187873
-0.188030
-0.187951
-0.188030
-0.187873
-0.188030
-0.187873
-0.187560
-0.187717
-0.187873
-0.187404
-0.187795
-0.187482
-0.187404
-0.187717
-0.187717
-0.187638
-0.187482
-0.187717
-0.187560
-0.187717
-0.187560
-0.187873
-0.187717
-0.187717
-0.187873
-0.187560
-0.187638
-0.187325
-0.187404
-0.187482
-0.187482
-0.187404
-0.187560
-0.187482
-0.187795
-0.187717
-0.187560
-0.187638
-0.187482
-0.187325
-0.187795
-0.187638
-0.187482
-0.187717
-0.187560
-0.187795
-0.187717
-0.187717
-0.187717
-0.187638
-0.187638
-0.187638
-0.187638
-0.187717
-0.187795
-0.187951
-0.187951
-0.188030
-0.188030
-0.188030
-0.188186
-0.187951
-0.187717
-0.187795
-0.187638
-0.187873
-0.187795
-0.187951
-0.188343
-0.188108
-0.187717
-0.188186
-0.187873
-0.188030
-0.187951
-0.187717
-0.187795
-0.188030
-0.188030
-0.188186
-0.188343
-0.188265
-0.187873
-0.187951
-0.188186
-0.188186
-0.188186
-0.187717
-0.188186
-0.188578
-0.188343
-0.188499
-0.188265
-0.188030
-0.188108
-0.188186
-0.188186
-0.188265
-0.188186
-0.188656
-0.188421
-0.188499
-0.188343
-0.188499
-0.188030
-0.188030
-0.187873
-0.187951
-0.187951
-0.188030
-0.188343
-0.188265
-0.188499
-0.188421
-0.188265
-0.188186
-0.187951
-0.188265
-0.188108
-0.188343
-0.188343
-0.188186
-0.188186
-0.188343
-0.188186
-0.188030
-0.188186
-0.188108
-0.188186
-0.187951
-0.188108
-0.187873
-0.188108
-0.188186
-0.188265
-0.188186
-0.188186
-0.187795
-0.187717
-0.187638
-0.187638
-0.187717
-0.187638
-0.187951
-0.187951
-0.187717
-0.187638
-0.187638
-0.187560
-0.187090
-0.187169
-0.187325
-0.187169
-0.187169
-0.187482
-0.187325
-0.187325
-0.187325
-0.187247
-0.187012
-0.186699
-0.186621
-0.186386
-0.186621
-0.186386
-0.186699
-0.186699
-0.186856
-0.186386
-0.186386
-0.186151
-0.185916
-0.185916
-0.185682
-0.185916
-0.185603
-0.185525
-0.185447
-0.185525
-0.185369
-0.185134
-0.185134
-0.185055
-0.185055
-0.184899
-0.184664
-0.184586
-0.184586
-0.184429
-0.184429
-0.184116
-0.183960
-0.183803
-0.183412
-0.183177
-0.183334
-0.183020
-0.183020
-0.183020
-0.182786
-0.182629
-0.182316
-0.182394
-0.182081
-0.182081
-0.181768
-0.181455
-0.181455
-0.181455
-0.181299
-0.180907
-0.181220
-0.180907
-0.180516
-0.180124
-0.179733
-0.179733
-0.179420
-0.179263
-0.179263
-0.178950
-0.178872
-0.178794
-0.178403
-0.178403
-0.177620
-0.177542
-0.177463
-0.177307
-0.177150
-0.176915
-0.176681
-0.176368
-0.176524
-0.176289
-0.175820
-0.175585
-0.175272
-0.174880
-0.175037
-0.174567
-0.174019
-0.173941
-0.173628
-0.173472
-0.173158
-0.172689
-0.172376
-0.172297
-0.171984
-0.171515
-0.171280
-0.171123
-0.170732
-0.170732
-0.170419
-0.170028
-0.169245
-0.169245
-0.168932
-0.168462
-0.168227
-0.167836
-0.167366
-0.167288
-0.167053
-0.167053
-0.166349
-0.165801
-0.165410
-0.165097
-0.164549
-0.164392
-0.164079
-0.164079
-0.163453
-0.163140
-0.162983
-0.162514
-0.162044
-0.161418
-0.160948
-0.160557
-0.160244
-0.159853
-0.159148
-0.158365
-0.158444
-0.157818
-0.157583
-0.156957
-0.156409
-0.155939
-0.155391
-0.154922
-0.154609
-0.154295
-0.153904
-0.153434
-0.153200
-0.152495
-0.152026
-0.151399
-0.151321
-0.150930
-0.150225
-0.149991
-0.149599
-0.149130
-0.148738
-0.148112
-0.147329
-0.146625
-0.146625
-0.146155
-0.145607
-0.144903
-0.144590
-0.144355
-0.143964
-0.143338
-0.142555
-0.142085
-0.141772
-0.141146
-0.140755
-0.140207
-0.139737
-0.139502
-0.138720
-0.138172
-0.137546
-0.136763
-0.136215
-0.135824
-0.135119
-0.134963
-0.134258
-0.133867
-0.133319
-0.133084
-0.132458
-0.131597
-0.130971
-0.130188
-0.129875
-0.129484
-0.128936
-0.128388
-0.127919
-0.127449
-0.126979
-0.126588
-0.125492
-0.124866
-0.124318
-0.124005
-0.123222
-0.122831
-0.122361
-0.122048
-0.121422
-0.120561
-0.119622
-0.118839
-0.118213
-0.117665
-0.117274
-0.116726
-0.115943
-0.115552
-0.115004
-0.114300
-0.113752
-0.112734
-0.112186
-0.111717
-0.111169
-0.110464
-0.109760
-0.109369
-0.108899
-0.108195
-0.107568
-0.106551
-0.105846
-0.105220
-0.104751
-0.104438
-0.103655
-0.103029
-0.102716
-0.102011
-0.101307
-0.100446
-0.099428
-0.098880
-0.098333
-0.098019
-0.097550
-0.096845
-0.096219
-0.095984
-0.095280
-0.094262
-0.093636
-0.093245
-0.092384
-0.092071
-0.091367
-0.090662
-0.090036
-0.089410
-0.089018
-0.088314
-0.087531
-0.086514
-0.086044
-0.085966
-0.085418
-0.084792
-0.083383
-0.082913
-0.082444
-0.081818
-0.080957
-0.079861
-0.079313
-0.078922
-0.078217
-0.077669
-0.076808
-0.076104
-0.075869
-0.074930
-0.074069
-0.073443
-0.073208
-0.072347
-0.071564
-0.071016
-0.070234
-0.069451
-0.068825
-0.068433
-0.067729
-0.066633
-0.065851
-0.065616
-0.064911
-0.064050
-0.063581
-0.062641
-0.062250
-0.061781
-0.060528
-0.059824
-0.059041
-0.058650
-0.058024
-0.057397
-0.056536
-0.055832
-0.055128
-0.054736
-0.053954
-0.053171
-0.052779
-0.052310
-0.051605
-0.050823
-0.050275
-0.049336
-0.048709
-0.048005
-0.047457
-0.046440
-0.045735
-0.045579
-0.045109
-0.044718
-0.043778
-0.042918
-0.042448
-0.041430
-0.040648
-0.039787
-0.039161
-0.038534
-0.038143
-0.037360
-0.036812
-0.036108
-0.035325
-0.034464
-0.033995
-0.032977
-0.032821
-0.032038
-0.031803
-0.031177
-0.030160
-0.029299
-0.028829
-0.028281
-0.027342
-0.026794
-0.026011
-0.025620
-0.025385
-0.024915
-0.023976
-0.023037
-0.022411
-0.021628
-0.021237
-0.020141
-0.019515
-0.018654
-0.018419
-0.018106
-0.017480
-0.016384
-0.015680
-0.015210
-0.014897
-0.013958
-0.013332
-0.012862
-0.012001
-0.012001
-0.011531
-0.010514
-0.010357
-0.009183
-0.008479
-0.007696
-0.007226
-0.006679
-0.006131
-0.005896
-0.005035
-0.004565
-0.003704
-0.003235
-0.002687
-0.001748
-0.001278
-0.000730
-0.000417
-0.000026
0.000209
0.000835
0.001383
0.002322
0.002792
0.003262
0.004123
0.004357
0.005218
0.005845
0.006158
0.006549
0.007410
0.008349
0.008819
0.009445
0.009993
0.010619
0.011089
0.011637
0.012106
0.012811
0.013280
0.014141
0.014533
0.015159
0.015863
0.016333
0.016724
0.017115
0.017585
0.018133
0.018524
0.019620
0.020638
0.020951
0.021420
0.022281
0.023142
0.023142
0.023925
0.024238
0.024864
0.025725
0.026743
0.027056
0.027056
0.028308
0.028699
0.029169
0.029560
0.030108
0.030578
0.031439
0.032378
0.033082
0.033239
0.033943
0.034491
0.034883
0.035352
0.035744
0.036526
0.036918
0.037935
0.038483
0.038874
0.039892
0.040440
0.040909
0.041379
0.041770
0.042318
0.043023
0.043727
0.044275
0.044588
0.045136
0.045840
0.046310
0.046623
0.046936
0.047171
0.048345
0.049050
0.049754
0.049910
0.050693
0.051006
0.051789
0.051945
0.052337
0.052650
0.053433
0.054059
0.054528
0.055546
0.055702
0.056094
0.056876
0.057190
0.057503
0.058051
0.058442
0.059381
0.060242
0.060947
0.060868
0.061729
0.062277
0.062590
0.063138
0.063529
0.064390
0.065095
0.065330
0.065878
0.066191
0.066817
0.067286
0.067834
0.068226
0.068695
0.069165
0.070104
0.070809
0.071278
0.071669
0.071983
0.072374
0.072844
0.073235
0.073783
0.074018
0.075035
0.075661
0.076131
0.076600
0.077148
0.077461
0.077775
0.078401
0.078557
0.079105
0.080123
0.080670
0.081375
0.081610
0.082392
0.082784
0.083410
0.083488
0.083801
0.084271
0.084741
0.085523
0.086071
0.086384
0.087010
0.087480
0.087871
0.088419
0.088889
0.089045
0.089828
0.090689
0.090767
0.091237
0.091707
0.092489
0.092881
0.093194
0.093194
0.094133
0.094446
0.095307
0.095542
0.095933
0.096559
0.096716
0.097185
0.097420
0.097812
0.098438
0.099220
0.099768
0.100473
0.100786
0.101099
0.101647
0.102038
0.102508
0.102743
0.103290
0.103604
0.104465
0.105091
0.105325
0.105482
0.106108
0.106656
0.107204
0.107830
0.108300
0.108769
0.109317
0.109709
0.110100
0.110413
0.110804
0.111431
0.111744
0.112057
0.112526
0.112996
0.113857
0.114092
0.114561
0.114953
0.115657
0.115814
0.116362
0.116675
0.117066
0.117849
0.118005
0.118553
0.119101
0.119492
0.119962
0.120510
0.121136
0.121371
0.121919
0.122545
0.122936
0.123171
0.123406
0.123797
0.124423
0.124893
0.125206
0.125754
0.126067
0.126615
0.127006
0.127241
0.127711
0.128337
0.128493
0.129120
0.129511
0.129824
0.130450
0.130998
0.131546
0.131859
0.132329
0.132407
0.132955
0.133268
0.134129
0.134364
0.134442
0.135381
0.135616
0.135851
0.136242
0.136868
0.137260
0.137886
0.138277
0.138825
0.138747
0.139608
0.140077
0.140312
0.140625
0.141173
0.141721
0.142504
0.142817
0.143208
0.143599
0.144147
0.144539
0.144852
0.145008
0.145948
0.146026
0.146808
0.147043
0.147826
0.147904
0.148296
0.149000
0.149157
0.149626
0.150252
0.150800
0.151035
0.151192
0.151818
0.152444
0.152600
0.152757
0.153148
0.153461
0.153774
0.154557
0.155105
0.155653
0.155731
0.155888
0.156670
0.156905
0.157297
0.157610
0.158079
0.158471
0.159097
0.159488
0.160271
0.160506
0.160897
0.161680
0.161915
0.162228
0.162541
0.163167
0.163793
0.163950
0.164184
0.164889
0.165358
0.165750
0.165906
0.166219
0.166611
0.167237
0.167941
0.168489
0.168567
0.168959
0.169350
0.169507
0.169898
0.170289
0.170916
0.171698
0.172011
0.172481
0.172638
0.173185
0.173342
0.173655
0.174046
0.174438
0.175064
0.175533
0.175925
0.176394
0.176629
0.176786
0.177334
0.177490
0.177569
0.177960
0.178821
0.179369
0.179682
0.180073
0.180699
0.180621
0.180856
0.181482
0.181795
0.182186
0.182813
0.183674
0.183830
0.183830
0.184378
0.184769
0.185004
0.185082
0.185709
0.185787
0.186804
0.187117
0.187274
0.187665
0.188213
0.188526
0.188605
0.189074
0.189544
0.189935
0.190092
0.190874
0.191266
0.191814
0.192127
0.192518
0.192675
0.192909
0.193144
0.194083
0.194475
0.194710
0.195101
0.195414
0.195727
0.196432
0.196432
0.196510
0.197058
0.197762
0.197997
0.198545
0.198701
0.199484
0.199797
0.199954
0.200580
0.200658
0.201049
0.202067
0.202380
0.202850
0.202928
0.203319
0.203711
0.203945
0.204415
0.204728
0.205276
0.205824
0.206059
0.206607
0.206685
0.206998
0.207311
0.207859
0.208172
0.208172
0.208563
0.208955
0.209503
0.209737
0.210677
0.210755
0.211068
0.211616
0.211459
0.212007
0.212555
0.213025
0.213338
0.213807
0.213886
0.214590
0.214512
0.214903
0.215295
0.215764
0.215999
0.216469
0.217016
0.217330
0.217408
0.217877
0.217956
0.218425
0.218660
0.219130
0.219912
0.220069
0.220460
0.220930
0.221321
0.221478
0.222026
0.222339
0.222652
0.223043
0.223435
0.223904
0.224530
0.224609
0.225157
0.225391
0.225783
0.226018
0.226565
0.226878
0.227192
0.227661
0.227818
0.228053
0.228600
0.228600
0.228757
0.229227
0.229774
0.230244
0.230949
0.231027
0.231575
0.231731
0.232044
0.232749
0.232749
0.232984
0.233531
0.234079
0.234236
0.234549
0.234940
0.235332
0.235488
0.235801
0.236036
0.236193
0.236819
0.237288
0.237601
0.237680
0.238306
0.238775
0.239402
0.239480
0.240263
0.240184
0.240497
0.241202
0.241906
0.242219
0.242689
0.243080
0.243550
0.243472
0.244254
0.244489
0.244724
0.245194
0.245507
0.245820
0.246133
0.246524
0.246837
0.247072
0.247620
0.247855
0.248403
0.248403
0.249107
0.249264
0.249733
0.250046
0.250594
0.250672
0.251299
0.251768
0.252003
0.252160
0.252238
0.252942
0.253177
0.253568
0.253803
0.254273
0.254508
0.255056
0.255369
0.255682
0.256230
0.256464
0.256856
0.256934
0.257404
0.257795
0.258108
0.258421
0.258969
0.259360
0.259595
0.259830
0.260300
0.260926
0.261161
0.261709
0.262100
0.262335
0.262413
0.262726
0.263352
0.263509
0.264057
0.264370
0.264839
0.265309
0.265544
0.265857
0.266248
0.266405
0.267500
0.267735
0.267814
0.267892
0.268440
0.268831
0.269301
0.269379
0.269692
0.270083
0.270631
0.271023
0.271492
0.271727
0.272431
0.272588
0.272666
0.272823
0.273292
0.273606
0.274232
0.274623
0.274858
0.275014
0.275797
0.275954
0.276345
0.276502
0.276658
0.277206
0.277519
0.278145
0.278067
0.278771
0.279241
0.279476
0.279867
0.279945
0.280180
0.280806
0.281276
0.281433
0.281902
0.282293
0.282920
0.282998
0.283389
0.283624
0.284329
0.284642
0.285033
0.285503
0.285816
0.286129
0.286442
0.286911
0.287146
0.287538
0.288399
0.288320
0.288790
0.288790
0.289103
0.289651
0.289573
0.289886
0.290512
0.290512
0.291060
0.291295
0.291842
0.292077
0.291999
0.292782
0.292782
0.293016
0.293643
0.294112
0.294504
0.294817
0.294895
0.295208
0.295208
0.295991
0.296069
0.296382
0.297008
0.297478
0.297791
0.297947
0.298339
0.298339
0.298730
0.298887
0.299356
0.299826
0.300061
0.300843
0.301157
0.301783
0.301861
0.302096
0.302096
0.302565
0.303192
0.303505
0.303661
0.303896
0.304444
0.304366
0.304757
0.305148
0.305305
0.305540
0.306166
0.306479
0.306714
0.307027
0.307653
0.307966
0.308201
0.308357
0.308514
0.308905
0.309218
0.309688
0.310079
0.310236
0.310784
0.311019
0.311488
0.311645
0.311879
0.312036
0.312740
0.313132
0.313210
0.313758
0.313914
0.314228
0.314306
0.314541
0.314932
0.315558
0.315793
0.315949
0.316497
0.316967
0.317124
0.317280
0.317593
0.318063
0.318532
0.318767
0.319237
0.319550
0.319941
0.319785
0.320333
0.320802
0.321194
0.321272
0.322055
0.322289
0.322446
0.323229
0.323072
0.323385
0.323698
0.323855
0.323933
0.324794
0.324637
0.325185
0.325655
0.325890
0.326281
0.326516
0.326672
0.326986
0.327533
0.328160
0.328238
0.328707
0.328707
0.329490
0.329882
0.330038
0.330273
0.330664
0.331212
0.331369
0.331525
0.331838
0.332230
0.332386
0.332856
0.332856
0.333169
0.333560
0.333873
0.334186
0.334734
0.334656
0.335126
0.335752
0.335987
0.336221
0.336456
0.336926
0.337239
0.337474
0.337709
0.338178
0.338335
0.338491
0.338804
0.339039
0.339665
0.339822
0.340526
0.340683
0.340918
0.341387
0.341857
0.342013
0.342718
0.342483
0.343109
0.343500
0.343657
0.343970
0.344440
0.344988
0.344988
0.345301
0.345849
0.345614
0.346083
0.346240
0.346788
0.347179
0.347336
0.347492
0.347962
0.348118
0.348353
0.348823
0.349371
0.349684
0.350232
0.350310
0.350623
0.351171
0.351406
0.351875
0.352345
0.352501
0.352971
0.353441
0.353519
0.353676
0.354145
0.354458
0.354928
0.355319
0.355397
0.355789
0.356024
0.356180
0.356728
0.357198
0.357354
0.357589
0.357902
0.358372
0.358607
0.358841
0.359311
0.359859
0.360642
0.360876
0.361033
0.361268
0.361503
0.361816
0.362207
0.362755
0.362598
0.362911
0.363146
0.363694
0.364085
0.364398
0.364868
0.365025
0.365729
0.365729
0.366199
0.366199
0.366668
0.366825
0.367294
0.367529
0.367764
0.367842
0.368312
0.368625
0.369095
0.369251
0.369329
0.370034
0.369956
0.370504
0.370817
0.370973
0.371443
0.371912
0.372225
0.372539
0.373008
0.372852
0.373321
0.373556
0.373869
0.374417
0.374652
0.374965
0.375356
0.375200
0.375904
0.376061
0.376609
0.376843
0.377235
0.377391
0.377783
0.378174
0.378487
0.378565
0.379035
0.379035
0.379505
0.379505
0.380131
0.380757
0.380913
0.381383
0.381461
0.381931
0.382244
0.382401
0.382792
0.383105
0.383340
0.383496
0.384044
0.384122
0.384749
0.384905
0.385062
0.385062
0.385844
0.386158
0.386392
0.386471
0.386862
0.387097
0.387410
0.387723
0.387879
0.388036
0.388271
0.388897
0.389367
0.389836
0.389836
0.390228
0.390775
0.390541
0.390697
0.391245
0.391715
0.392184
0.392263
0.392419
0.392810
0.393358
0.393515
0.393280
0.393984
0.394298
0.394845
0.395159
0.395472
0.395550
0.396176
0.396254
0.396567
0.396802
0.397037
0.397350
0.397820
0.397741
0.398368
0.398681
0.398759
0.399150
0.399698
0.399385
0.400090
0.400559
0.401107
0.401498
0.401733
0.402046
0.402203
0.402438
0.402751
0.403142
0.403299
0.403533
0.404081
0.404316
0.404551
0.404942
0.404864
0.405334
0.405725
0.406195
0.406429
0.407056
0.407056
0.407290
0.407682
0.407760
0.407838
0.408230
0.408464
0.408856
0.409482
0.409560
0.410265
0.410108
0.410499
0.410734
0.411282
0.411360
0.411987
0.412534
0.412534
0.413161
0.413239
0.413395
0.413630
0.413787
0.414100
0.414413
0.415039
0.415196
0.415430
0.415822
0.416135
0.416448
0.416604
0.416761
0.417465
0.417778
0.417935
0.418092
0.418639
0.418874
0.419344
0.419579
0.419735
0.419814
0.420440
0.420831
0.420988
0.421770
0.421614
0.422005
0.421927
0.422396
0.422709
0.423023
0.423101
0.423884
0.424353
0.424275
0.424666
0.425058
0.425292
0.425214
0.425684
0.425997
0.426232
0.426780
0.427014
0.427171
0.427327
0.428032
0.428032
0.428345
0.428893
0.429049
0.429519
0.429754
0.430067
0.430302
0.430536
0.431241
0.431319
0.431632
0.431789
0.432180
0.432258
0.432571
0.432963
0.433198
0.433824
0.433746
0.434059
0.434293
0.434607
0.434998
0.435076
0.435546
0.435546
0.436015
0.436250
0.436485
0.436798
0.437268
0.437424
0.437894
0.437894
0.438442
0.438755
0.439068
0.439381
0.439772
0.440242
0.440555
0.440868
0.441025
0.441573
0.441964
0.442199
0.442668
0.442825
0.443138
0.443451
0.443686
0.444077
0.444234
0.444782
0.445251
0.445251
0.445643
0.445877
0.446269
0.446660
0.447051
0.447286
0.447678
0.447912
0.448069
0.448695
0.448382
0.448852
0.448930
0.449399
0.449869
0.450026
0.450417
0.450652
0.450730
0.451200
0.451278
0.451435
0.451904
0.452061
0.452765
0.452843
0.453235
0.453626
0.453861
0.454017
0.454096
0.454722
0.454957
0.455113
0.455426
0.455661
0.455896
0.455896
0.456209
0.456679
0.457070
0.457226
0.457540
0.457931
0.458166
0.458557
0.458479
0.458870
0.459340
0.459340
0.459966
0.460201
0.460357
0.460905
0.461453
0.461375
0.461766
0.461766
0.462236
0.462549
0.462705
0.463253
0.463332
0.463723
0.464036
0.464192
0.464427
0.464740
0.464819
0.465210
0.465367
0.465601
0.466306
0.466228
0.466854
0.467167
0.467010
0.467167
0.467871
0.467949
0.468263
0.468732
0.468810
0.469123
0.469593
0.469828
0.469906
0.470141
0.470689
0.471002
0.471472
0.471706
0.471706
0.471785
0.471941
0.472567
0.472724
0.473194
0.473428
0.473741
0.474133
0.474211
0.474289
0.474602
0.474837
0.475150
0.475229
0.475776
0.475933
0.476168
0.476403
0.476559
0.476716
0.476950
0.477420
0.477733
0.478281
0.478438
0.478438
0.479064
0.478985
0.479220
0.479533
0.480160
0.480473
0.480786
0.481020
0.481568
0.481647
0.482429
0.482508
0.482429
0.482664
0.482899
0.483369
0.483682
0.483995
0.484543
0.484621
0.484856
0.484777
0.485169
0.485560
0.486108
0.486499
0.486578
0.487126
0.487439
0.487595
0.487752
0.487908
0.488378
0.488613
0.489004
0.489552
0.489317
0.489630
0.490100
0.490256
0.490335
0.490569
0.491274
0.491665
0.491665
0.491822
0.492213
0.492213
0.492526
0.493074
0.493152
0.493465
0.493778
0.493857
0.494326
0.494953
0.495109
0.495266
0.495500
0.495892
0.495892
0.496518
0.496753
0.497144
0.497301
0.497535
0.497848
0.498083
0.498240
0.498631
0.499023
0.499257
0.499649
0.500118
0.500510
0.500353
0.500431
0.501058
0.501371
0.502075
0.502232
0.502466
0.502936
0.503484
0.503719
0.504032
0.503954
0.504267
0.504580
0.504971
0.505362
0.505675
0.505910
0.506067
0.506458
0.506615
0.506693
0.507006
0.507632
0.507710
0.507789
0.508258
0.508571
0.508963
0.509119
0.509432
0.509589
0.509902
0.510372
0.510528
0.510998
0.511233
0.511311
0.511702
0.512094
0.512172
0.512563
0.512876
0.513189
0.513346
0.513894
0.514129
0.514598
0.514677
0.514833
0.515381
0.515459
0.515772
0.515929
0.516555
0.516790
0.516868
0.517181
0.517572
0.517651
0.517729
0.518199
0.518590
0.518590
0.519060
0.519060
0.519451
0.519999
0.519921
0.520234
0.520547
0.521329
0.521486
0.521799
0.522269
0.522817
0.523286
0.523286
0.523521
0.523912
0.523912
0.524147
0.524773
0.525008
0.524852
0.525399
0.525556
0.525947
0.525947
0.526182
0.526495
0.526887
0.527121
0.527513
0.527748
0.528061
0.528452
0.528765
0.528843
0.529235
0.529548
0.530017
0.530409
0.530409
0.530722
0.530878
0.531035
0.531426
0.531505
0.532131
0.532444
0.532913
0.532992
0.533461
0.533696
0.533853
0.533931
0.534400
0.534714
0.535261
0.535183
0.535575
0.535575
0.536201
0.536201
0.536436
0.536670
0.537140
0.537453
0.537453
0.537766
0.538471
0.538549
0.538627
0.538627
0.539018
0.539645
0.539566
0.540114
0.540740
0.540740
0.541288
0.541445
0.541367
0.541523
0.541914
0.542541
0.543010
0.543245
0.543636
0.543480
0.543793
0.544028
0.544028
0.544419
0.544967
0.545515
0.545750
0.546063
0.546297
0.546297
0.546297
0.546689
0.546924
0.547237
0.548019
0.548176
0.548489
0.548333
0.548880
0.548880
0.549350
0.549507
0.550133
0.550368
0.550681
0.551072
0.551307
0.551307
0.551542
0.551933
0.552089
0.552481
0.552716
0.552872
0.553107
0.553577
0.553733
0.553890
0.554203
0.554359
0.554829
0.555377
0.555612
0.555925
0.556003
0.555925
0.556159
0.556316
0.556707
0.557020
0.557725
0.557803
0.558351
0.558429
0.558821
0.558899
0.559212
0.559447
0.560073
0.559916
0.560543
0.560543
0.561247
0.561247
0.561247
0.561873
0.561951
0.562108
0.562812
0.563360
0.563439
0.563830
0.563986
0.564534
0.564300
0.564691
0.564926
0.565552
0.566021
0.566100
0.566413
0.566726
0.566726
0.566804
0.567039
0.567430
0.567978
0.568135
0.568604
0.568683
0.568917
0.568683
0.569544
0.569700
0.569935
0.570405
0.570718
0.570952
0.570874
0.571657
0.571735
0.571657
0.572127
0.572831
0.573144
0.573457
0.573692
0.573848
0.573927
0.574475
0.574788
0.574866
0.575101
0.575336
0.576118
0.576197
0.576353
0.576901
0.576901
0.577292
0.577527
0.577684
0.578075
0.578623
0.579014
0.579014
0.579327
0.579406
0.579797
0.579875
0.580658
0.580736
0.581049
0.581441
0.581675
0.581832
0.582145
0.582302
0.582536
0.583084
0.583554
0.583867
0.583789
0.584102
0.584337
0.584415
0.584885
0.585511
0.585745
0.585902
0.586137
0.586450
0.586841
0.587389
0.587467
0.587702
0.588094
0.588328
0.588485
0.588641
0.588955
0.589268
0.589581
0.589737
0.590050
0.590207
0.590755
0.590990
0.591303
0.591694
0.592164
0.592085
0.592242
0.592868
0.593181
0.593259
0.593338
0.593572
0.594042
0.594199
0.594668
0.594981
0.595060
0.595451
0.595529
0.595999
0.595999
0.596390
0.596547
0.596860
0.597251
0.597564
0.597721
0.597877
0.598347
0.598660
0.598973
0.599364
0.599130
0.599443
0.599991
0.600225
0.600460
0.600773
0.600695
0.601321
0.601634
0.602182
0.602182
0.602495
0.602808
0.602965
0.603200
0.603669
0.604061
0.604374
0.604452
0.604452
0.605078
0.605313
0.605548
0.605704
0.606017
0.606252
0.606565
0.607035
0.607191
0.607504
0.607583
0.607739
0.608052
0.607896
0.608600
0.608913
0.608757
0.609226
0.609226
0.609774
0.609774
0.610166
0.610557
0.610714
0.611340
0.611340
0.611888
0.612201
0.612514
0.612592
0.612514
0.612827
0.613218
0.613610
0.613688
0.613923
0.614314
0.614236
0.614470
0.614627
0.614940
0.615175
0.615488
0.616036
0.616192
0.616662
0.616584
0.616427
0.617053
0.617210
0.617445
0.617601
0.618227
0.618227
0.618619
0.618775
0.619088
0.618932
0.619401
0.619558
0.620028
0.620654
0.620576
0.621045
0.621358
0.621202
0.621437
0.621984
0.622063
0.622454
0.622767
0.623237
0.623393
0.623472
0.623550
0.623706
0.623785
0.624332
0.624880
0.624724
0.625428
0.625272
0.625898
0.626133
0.626367
0.626524
0.626602
0.627072
0.627463
0.627620
0.627776
0.628246
0.628168
0.628246
0.628794
0.629107
0.629420
0.629968
0.629733
0.629968
0.630359
0.630203
0.630516
0.630751
0.630985
0.631925
0.632003
0.632394
0.632707
0.632707
0.632786
0.633334
0.633412
0.633568
0.634038
0.634508
0.634429
0.634586
0.635212
0.635212
0.635212
0.635760
0.635995
0.636621
0.636621
0.637325
0.637560
0.637325
0.637560
0.637951
0.637873
0.638421
0.639047
0.639282
0.639439
0.639673
0.639673
0.639986
0.640065
0.639986
0.640613
0.641317
0.641630
0.642256
0.642178
0.642413
0.642648
0.642804
0.643117
0.643274
0.643743
0.644213
0.644448
0.644761
0.644683
0.644526
0.645152
0.645387
0.645700
0.646248
0.646091
0.646639
0.646874
0.647109
0.647187
0.647422
0.647579
0.648127
0.648518
0.648909
0.649066
0.649222
0.649535
0.649692
0.649848
0.650083
0.650709
0.650709
0.651022
0.651336
0.651805
0.651727
0.651962
0.651883
0.652588
0.652979
0.653605
0.653527
0.653840
0.654153
0.654545
0.654779
0.654858
0.655327
0.655719
0.656110
0.656267
0.656658
0.657128
0.657206
0.657206
0.657441
0.657441
0.657910
0.658536
0.659006
0.659163
0.659476
0.659397
0.659476
0.659789
0.660415
0.661041
0.661511
0.661432
0.661824
0.661980
0.662059
0.662528
0.662528
0.662919
0.663311
0.663546
0.663624
0.664094
0.664172
0.664485
0.664563
0.664720
0.665033
0.665581
0.665737
0.666207
0.666363
0.666755
0.666990
0.667303
0.667459
0.667772
0.668007
0.668477
0.668633
0.668868
0.669416
0.669416
0.669572
0.669964
0.670433
0.670355
0.670981
0.671060
0.671216
0.671607
0.672077
0.672234
0.672468
0.672781
0.673251
0.673329
0.673721
0.674034
0.674425
0.674503
0.674582
0.674973
0.675208
0.675756
0.676069
0.676304
0.676695
0.676930
0.676930
0.677556
0.677556
0.677869
0.678104
0.678260
0.678652
0.678887
0.679434
0.679434
0.679904
0.680217
0.680530
0.680608
0.681000
0.681078
0.681939
0.682252
0.682252
0.682643
0.682800
0.683191
0.683426
0.683896
0.684209
0.684444
0.684678
0.684835
0.685305
0.685853
0.686087
0.686244
0.686322
0.687027
0.687027
0.687574
0.687731
0.687966
0.688357
0.688514
0.688514
0.688983
0.689375
0.689766
0.689923
0.690392
0.690705
0.691018
0.691175
0.691410
0.692036
0.692349
0.692427
0.692740
0.693132
0.693523
0.693836
0.693836
0.694071
0.694384
0.694854
0.695401
0.695480
0.695871
0.696028
0.696106
0.696419
0.696576
0.697202
0.697515
0.697906
0.698141
0.698219
0.698611
0.698689
0.698845
0.699080
0.699393
0.699941
0.700098
0.700176
0.701037
0.701272
0.701428
0.701898
0.701898
0.702367
0.702681
0.703385
0.703385
0.703933
0.703698
0.704168
0.704168
0.704559
0.705263
0.705577
0.705890
0.706124
0.706046
0.706046
0.706359
0.706281
0.706124
0.706281
0.706437
0.706046
0.705811
0.706124
0.705890
0.705890
0.705420
0.705577
0.705263
0.705263
0.705029
0.704559
0.704402
0.704011
0.704089
0.703698
0.703150
0.703072
0.702915
0.702602
0.702133
0.702133
0.701663
0.701428
0.701037
0.700724
0.700411
0.700332
0.699550
0.699471
0.699080
0.698689
0.698454
0.698063
0.697671
0.697436
0.696889
0.696732
0.696419
0.696184
0.696262
0.695871
0.695636
0.695245
0.695010
0.694540
0.694227
0.693836
0.693601
0.693366
0.693210
0.692505
0.692192
0.692192
0.691566
0.691566
0.690784
0.690470
0.690157
0.689766
0.689531
0.688905
0.689140
0.688827
0.688514
0.688122
0.687731
0.687183
0.686870
0.686479
0.686479
0.685696
0.685696
0.685148
0.684678
0.684209
0.683896
0.683426
0.683270
0.683035
0.682878
0.682409
0.682096
0.681469
0.681156
0.680687
0.680374
0.680217
0.679904
0.679356
0.678730
0.678339
0.678182
0.677634
0.677321
0.677165
0.677243
0.676852
0.676460
0.676147
0.675599
0.675521
0.675286
0.675051
0.674738
0.674347
0.674112
0.673408
0.673016
0.672938
0.672547
0.672234
0.671842
0.671921
0.671373
0.670668
0.670512
0.670277
0.670120
0.670042
0.669259
0.669025
0.668477
0.668242
0.667850
0.667381
0.667616
0.667224
0.666676
0.666442
0.665972
0.665659
0.665346
0.665189
0.664641
0.664250
0.664172
0.663702
0.663311
0.663154
0.662763
0.662528
0.662372
0.661745
0.661354
0.661119
0.661041
0.660571
0.659945
0.659632
0.659084
0.659163
0.658693
0.658615
0.658145
0.657597
0.657128
0.657284
0.656736
0.656501
0.656501
0.656188
0.655562
0.655171
0.654858
0.654701
0.654545
0.654153
0.654310
0.653371
0.653057
0.652744
0.652431
0.651883
0.651727
0.651101
0.650866
0.650631
0.650553
0.650318
0.649927
0.649535
0.649144
0.648596
0.648596
0.648048
0.647892
0.647422
0.647109
0.646718
0.646483
0.646326
0.646013
0.645465
0.645152
0.644839
0.644526
0.644370
0.644291
0.643978
0.643430
0.643274
0.642882
0.642413
0.642256
0.642178
0.641630
0.641474
0.641082
0.640378
0.640378
0.639908
0.639673
0.639360
0.639282
0.638891
0.638656
0.637795
0.637560
0.637169
0.637090
0.636856
0.636464
0.636151
0.635447
0.635369
0.635134
0.634977
0.634664
0.633647
0.633725
0.633412
0.633099
0.632942
0.632864
0.632238
0.631846
0.631846
0.631377
0.631220
0.630672
0.630281
0.629655
0.629498
0.629420
0.628950
0.628637
0.628637
0.628089
0.628011
0.627542
0.626994
0.626759
0.626367
0.625976
0.625898
0.625507
0.624959
0.625037
0.624489
0.624489
0.624098
0.623550
0.623158
0.622924
0.622611
0.622532
0.622063
0.621906
0.621515
0.621358
0.621280
0.620889
0.620184
0.619949
0.619793
0.619323
0.619088
0.618697
0.618384
0.617914
0.617601
0.617836
0.617445
0.616740
0.616427
0.616036
0.616114
0.615566
0.615253
0.614705
0.614470
0.614314
0.614314
0.613610
0.612905
0.612514
0.612435
0.612357
0.612201
0.611653
0.611183
0.611027
0.610870
0.610557
0.610400
0.609461
0.609226
0.608600
0.608679
0.608131
0.607896
0.607896
0.607739
0.607270
0.607113
0.606565
0.606174
0.605704
0.605626
0.605391
0.605156
0.604687
0.604530
0.604139
0.603826
0.603200
0.603043
0.602652
0.602260
0.602182
0.601869
0.601713
0.601008
0.601086
0.600695
0.600304
0.599834
0.599443
0.599130
0.598582
0.598425
0.598269
0.598190
0.597956
0.597642
0.597486
0.596782
0.596234
0.595999
0.595607
0.595138
0.595138
0.595138
0.594590
0.594277
0.594120
0.593416
0.593181
0.592555
0.592164
0.592164
0.592085
0.591694
0.591381
0.591068
0.590598
0.590285
0.589816
0.589581
0.589268
0.588798
0.588720
0.588641
0.588250
0.588094
0.587702
0.587311
0.586685
0.586450
0.586215
0.585902
0.585667
0.585589
0.585198
0.584806
0.584415
0.584180
0.583710
0.583397
0.583163
0.583006
0.582380
0.582536
0.582380
0.581832
0.581597
0.581597
0.580814
0.580580
0.580032
0.579640
0.579406
0.579093
0.579014
0.579014
0.578623
0.578388
0.578153
0.577684
0.577371
0.576979
0.576431
0.576431
0.576197
0.575805
0.575492
0.575414
0.575101
0.574788
0.574475
0.574083
0.573692
0.573848
0.573379
0.573379
0.573066
0.572987
0.572518
0.572048
0.571657
0.571344
0.570796
0.570405
0.570248
0.570170
0.569700
0.569778
0.569309
0.568917
0.568526
0.568213
0.568291
0.567743
0.567665
0.567665
0.567509
0.567039
0.566648
0.566569
0.565865
0.565787
0.565239
0.565161
0.564847
0.564769
0.564300
0.564378
0.563986
0.563517
0.563126
0.562812
0.562421
0.561795
0.561560
0.561169
0.561247
0.560934
0.560856
0.560308
0.559838
0.559369
0.559212
0.558821
0.558586
0.558195
0.558038
0.557725
0.557412
0.557177
0.557020
0.556473
0.555768
0.555455
0.555299
0.555220
0.554829
0.554594
0.554438
0.554124
0.553655
0.553420
0.553029
0.552872
0.552950
0.552559
0.552246
0.551776
0.551698
0.551150
0.550759
0.550368
0.550054
0.549585
0.549663
0.549428
0.549350
0.549037
0.549037
0.548489
0.548254
0.547393
0.547158
0.546924
0.546767
0.546689
0.546141
0.545984
0.545515
0.545437
0.545123
0.544497
0.544419
0.544184
0.544184
0.543402
0.543636
0.542932
0.542932
0.542541
0.542071
0.541680
0.541367
0.540975
0.540897
0.540349
0.539879
0.539645
0.539488
0.539018
0.538392
0.538314
0.537766
0.537766
0.537453
0.537062
0.536983
0.536827
0.536514
0.536357
0.535809
0.535496
0.535418
0.535418
0.535105
0.534479
0.534009
0.534087
0.533618
0.533461
0.532992
0.532757
0.532052
0.532052
0.531896
0.531191
0.530957
0.530644
0.530174
0.530330
0.530017
0.529626
0.529313
0.528843
0.528687
0.528217
0.528217
0.527748
0.527591
0.527278
0.527121
0.526574
0.526417
0.526104
0.525478
0.525399
0.524930
0.524930
0.524304
0.524147
0.523991
0.523443
0.523443
0.522895
0.522582
0.522190
0.521877
0.521251
0.521095
0.521016
0.519999
0.519686
0.519529
0.519451
0.519060
0.518668
0.518199
0.517964
0.517964
0.517651
0.517259
0.517025
0.517025
0.516555
0.516007
0.515772
0.515381
0.515068
0.514911
0.514598
0.514363
0.513972
0.513972
0.513268
0.513111
0.512563
0.512250
0.511859
0.511859
0.511781
0.511389
0.510528
0.510685
0.510059
0.509589
0.509432
0.508885
0.508806
0.508571
0.508102
0.507789
0.507554
0.507163
0.507006
0.506615
0.505832
0.505675
0.505441
0.505128
0.505206
0.504658
0.504580
0.504110
0.503406
0.503093
0.502936
0.502936
0.502466
0.502388
0.502153
0.501919
0.501527
0.500823
0.500431
0.499884
0.499962
0.499492
0.499492
0.499257
0.498944
0.498553
0.497692
0.497614
0.497535
0.497066
0.496674
0.496440
0.496048
0.496048
0.495813
0.495657
0.494874
0.494483
0.494092
0.494092
0.493387
0.493387
0.493231
0.492918
0.493074
0.492448
0.492213
0.491665
0.491117
0.490882
0.490569
0.490335
0.490022
0.489708
0.489787
0.489395
0.488769
0.488456
0.487987
0.487987
0.487830
0.487517
0.487517
0.487126
0.486969
0.486578
0.485951
0.485638
0.485404
0.484856
0.484934
0.484699
0.484386
0.483838
0.483760
0.483525
0.482899
0.482742
0.482116
0.482038
0.481647
0.481334
0.481020
0.480942
0.480786
0.480160
0.480160
0.479377
0.478907
0.478594
0.478203
0.478281
0.477655
0.478046
0.477498
0.477029
0.476637
0.476168
0.476089
0.475463
0.475385
0.475385
0.474915
0.474602
0.474368
0.473507
0.473428
0.472880
0.472567
0.472489
0.472333
0.472019
0.471785
0.471628
0.471002
0.470689
0.469984
0.469984
0.469515
0.469515
0.469202
0.468967
0.468654
0.468341
0.468184
0.467636
0.467402
0.467010
0.467088
0.466697
0.466306
0.465836
0.465523
0.465288
0.464740
0.464506
0.464349
0.463958
0.464036
0.463566
0.463253
0.463018
0.462549
0.462471
0.461844
0.461297
0.461297
0.461140
0.460827
0.460357
0.459888
0.459809
0.459418
0.458948
0.458557
0.458166
0.457853
0.457540
0.457305
0.456679
0.456679
0.456600
0.456287
0.456052
0.455426
0.455113
0.454957
0.454487
0.454017
0.453861
0.453470
0.453313
0.453235
0.452687
0.452374
0.452139
0.451982
0.451435
0.451278
0.450965
0.450574
0.450417
0.449791
0.449399
0.449399
0.449086
0.448695
0.448460
0.448225
0.447678
0.447834
0.447834
0.447286
0.446817
0.446660
0.446425
0.446112
0.445564
0.445486
0.445173
0.444703
0.444390
0.444077
0.443451
0.443138
0.442903
0.443138
0.442668
0.442199
0.442120
0.441729
0.441338
0.441259
0.440946
0.440242
0.439772
0.439146
0.438833
0.438833
0.438129
0.438050
0.437894
0.437189
0.437189
0.436642
0.436485
0.436250
0.435937
0.435702
0.435233
0.434998
0.434763
0.434372
0.433902
0.433824
0.433589
0.433041
0.433041
0.432258
0.432415
0.432024
0.431711
0.431241
0.430850
0.430458
0.430223
0.429519
0.429519
0.429362
0.428815
0.428501
0.428345
0.428032
0.427875
0.427484
0.427093
0.426780
0.426466
0.426310
0.425997
0.425371
0.425371
0.424901
0.424431
0.424275
0.423884
0.423336
0.423179
0.423101
0.422631
0.422318
0.422005
0.421927
0.421222
0.421066
0.420753
0.420205
0.419735
0.419735
0.419579
0.418874
0.419031
0.418561
0.418326
0.418170
0.417778
0.417465
0.416761
0.416761
0.416526
0.416057
0.415743
0.415665
0.414961
0.414961
0.414178
0.414178
0.413865
0.413787
0.413239
0.413004
0.412456
0.411987
0.412065
0.411439
0.410891
0.410812
0.410734
0.409873
0.410030
0.409873
0.409325
0.408934
0.408621
0.408151
0.408073
0.407760
0.407682
0.407290
0.406977
0.406821
0.406351
0.405725
0.405334
0.405412
0.404942
0.404551
0.404551
0.404238
0.404003
0.403846
0.403142
0.402594
0.402281
0.402125
0.401890
0.401498
0.401342
0.400559
0.400559
0.400324
0.399698
0.399229
0.399307
0.398915
0.398602
0.398368
0.397741
0.397428
0.397272
0.396802
0.396333
0.396411
0.395863
0.395628
0.395550
0.395315
0.394767
0.394767
0.394532
0.393750
0.393671
0.393124
0.392810
0.392889
0.392497
0.392576
0.392106
0.391871
0.391558
0.390932
0.390462
0.390462
0.390228
0.390149
0.389367
0.389680
0.388975
0.388662
0.388114
0.387879
0.387410
0.387018
0.387018
0.386940
0.386784
0.386001
0.385844
0.385375
0.385062
0.384905
0.384279
0.384514
0.384201
0.383731
0.383653
0.383262
0.382557
0.382714
0.382322
0.382009
0.381774
0.381227
0.380913
0.381227
0.380600
0.380366
0.379818
0.379739
0.379035
0.378878
0.378409
0.378565
0.378174
0.377626
0.377548
0.377156
0.376452
0.376217
0.375982
0.375591
0.375121
0.374965
0.374652
0.374260
0.374339
0.374104
0.373478
0.373165
0.372930
0.372460
0.372382
0.371912
0.371912
0.371443
0.371365
0.371286
0.370582
0.369956
0.369799
0.369564
0.368938
0.369251
0.368547
0.368469
0.368234
0.367842
0.367373
0.367216
0.366981
0.366747
0.366355
0.365964
0.365807
0.365573
0.365181
0.365025
0.364085
0.363694
0.363851
0.363381
0.362677
0.362520
0.362363
0.362363
0.361346
0.361189
0.360720
0.360172
0.359781
0.359859
0.359389
0.358841
0.358841
0.358450
0.358059
0.357824
0.357511
0.357041
0.357041
0.356415
0.356180
0.355867
0.355711
0.355084
0.354928
0.354380
0.354145
0.353910
0.353754
0.353597
0.353284
0.352736
0.352658
0.351875
0.351875
0.351014
0.351014
0.350623
0.350153
0.350153
0.349684
0.349527
0.348901
0.348588
0.348510
0.347884
0.347649
0.347179
0.347179
0.346710
0.346475
0.345849
0.345770
0.345379
0.345457
0.344909
0.344440
0.344361
0.343970
0.343500
0.343187
0.342718
0.342718
0.342326
0.342092
0.341544
0.341152
0.340918
0.340135
0.340057
0.339744
0.339117
0.338883
0.338569
0.338413
0.338022
0.337787
0.337317
0.337082
0.337004
0.336769
0.336221
0.335987
0.335673
0.335517
0.335126
0.334578
0.334343
0.333952
0.333482
0.333482
0.333169
0.332778
0.332778
0.332151
0.331917
0.331369
0.331134
0.330586
0.330508
0.329960
0.329490
0.329334
0.329099
0.328551
0.328316
0.328003
0.327768
0.327142
0.326986
0.326907
0.326594
0.325733
0.325811
0.325342
0.324872
0.324481
0.324324
0.323776
0.323542
0.323542
0.323229
0.322994
0.322681
0.322211
0.321741
0.321272
0.320959
0.320724
0.320411
0.320020
0.319706
0.319237
0.318767
0.318376
0.318063
0.317985
0.317515
0.317358
0.317045
0.316810
0.316184
0.316497
0.316028
0.315245
0.314932
0.314619
0.314541
0.314071
0.314149
0.313680
0.313601
0.312975
0.312975
0.312506
0.312271
0.311801
0.311566
0.311332
0.311097
0.311097
0.310392
0.310158
0.309844
0.309218
0.308827
0.308827
0.308436
0.308279
0.307809
0.307418
0.307027
0.306322
0.306322
0.305696
0.305461
0.305227
0.304835
0.304600
0.304209
0.304131
0.304052
0.303426
0.303270
0.302644
0.302252
0.302096
0.301861
0.301391
0.300843
0.301078
0.300374
0.299904
0.299591
0.299200
0.299121
0.298652
0.298495
0.298495
0.297713
0.297634
0.297243
0.296773
0.296147
0.296069
0.295834
0.295599
0.295365
0.295130
0.294817
0.294347
0.293877
0.293643
0.293173
0.292938
0.292782
0.292625
0.292312
0.292155
0.291842
0.291216
0.290981
0.290355
0.290120
0.289964
0.289729
0.289573
0.288946
0.288477
0.288399
0.288007
0.287851
0.287303
0.286911
0.286598
0.286442
0.286050
0.285816
0.285424
0.285111
0.284642
0.284015
0.283859
0.283546
0.283468
0.282763
0.282841
0.282607
0.281980
0.281902
0.281276
0.281198
0.280728
0.280258
0.279789
0.279632
0.279319
0.279006
0.278458
0.278302
0.277832
0.277676
0.277441
0.276971
0.276815
0.276345
0.276423
0.275875
0.275797
0.275406
0.274858
0.274545
0.273997
0.273840
0.273449
0.273214
0.272823
0.272275
0.272197
0.271571
0.271257
0.270866
0.270631
0.270083
0.270162
0.269379
0.269144
0.268909
0.268440
0.268283
0.267814
0.267579
0.267109
0.266796
0.266405
0.266405
0.265857
0.265152
0.265309
0.264683
0.264291
0.263900
0.263978
0.263352
0.263117
0.262961
0.262648
0.261787
0.261709
0.261630
0.261317
0.260769
0.260378
0.259987
0.259674
0.259439
0.259282
0.258734
0.258265
0.257952
0.257873
0.257560
0.256934
0.256778
0.256386
0.256073
0.255838
0.255525
0.255290
0.254664
0.254273
0.253960
0.253177
0.253177
0.252786
0.252786
0.252394
0.252316
0.251533
0.251377
0.250907
0.250516
0.250281
0.249890
0.249577
0.249185
0.248794
0.248246
0.248090
0.247698
0.247229
0.246916
0.246446
0.245898
0.245898
0.245585
0.245350
0.244802
0.244333
0.244254
0.243628
0.243237
0.243002
0.243002
0.242689
0.241985
0.241515
0.241358
0.241045
0.240732
0.240106
0.239871
0.239793
0.239089
0.238775
0.238228
0.238149
0.237680
0.237680
0.237367
0.236897
0.236506
0.236114
0.235723
0.235175
0.235175
0.234627
0.234236
0.234158
0.233766
0.233218
0.232905
0.232905
0.232749
0.232201
0.231731
0.231575
0.231183
0.230870
0.230479
0.230166
0.229696
0.229696
0.229305
0.228913
0.228287
0.228287
0.227739
0.227348
0.227035
0.227035
0.226409
0.226018
0.225939
0.225470
0.225391
0.224765
0.224374
0.224139
0.223904
0.223435
0.223200
0.223122
0.222730
0.222495
0.222026
0.221321
0.221243
0.221008
0.220304
0.220147
0.219599
0.219443
0.219051
0.218895
0.218191
0.218034
0.217877
0.217486
0.217016
0.216703
0.216547
0.216312
0.215842
0.215451
0.215138
0.214747
0.214199
0.213886
0.213886
0.213573
0.213260
0.213025
0.212633
0.212399
0.211929
0.211772
0.211146
0.210598
0.210285
0.209972
0.209894
0.209659
0.209033
0.209033
0.208642
0.208407
0.207781
0.207311
0.207076
0.206841
0.206763
0.206372
0.205980
0.205433
0.205198
0.204885
0.204337
0.204024
0.203632
0.203632
0.203163
0.202928
0.202537
0.201989
0.201676
0.201284
0.200423
0.200345
0.200110
0.199954
0.199171
0.198780
0.198858
0.198310
0.198232
0.197371
0.197214
0.197058
0.196588
0.196432
0.195962
0.195649
0.195414
0.194944
0.194475
0.193849
0.194005
0.193379
0.193379
0.192831
0.192753
0.192283
0.191892
0.191579
0.191109
0.190561
0.190326
0.190013
0.189857
0.189622
0.189074
0.188996
0.188370
0.187978
0.187822
0.187274
0.186961
0.186726
0.186570
0.185865
0.185865
0.185395
0.185004
0.184535
0.184065
0.183439
0.183360
0.183204
0.183126
0.182891
0.182421
0.181795
0.181482
0.181482
0.180778
0.180151
0.179995
0.179760
0.179056
0.178977
0.178429
0.178195
0.178038
0.177647
0.177177
0.176551
0.176081
0.175768
0.175612
0.175220
0.174751
0.174516
0.174203
0.173812
0.173185
0.173029
0.172794
0.172246
0.171933
0.171542
0.171072
0.170916
0.170602
0.169976
0.169742
0.169037
0.168959
0.168567
0.168646
0.168254
0.167785
0.167550
0.167237
0.166767
0.166454
0.166063
0.165906
0.165515
0.164889
0.164811
0.164106
0.163871
0.163558
0.163323
0.162541
0.162306
0.162071
0.161758
0.161288
0.160897
0.160193
0.160193
0.159880
0.159253
0.158784
0.158471
0.158158
0.157766
0.157375
0.156905
0.156670
0.156279
0.155653
0.155340
0.155027
0.154949
0.154714
0.153931
0.153774
0.153305
0.153070
0.152914
0.152366
0.151818
0.151818
0.151505
0.151270
0.150722
0.150096
0.149704
0.149078
0.148922
0.148452
0.147983
0.147826
0.147748
0.147043
0.147043
0.146808
0.146182
0.145634
0.145556
0.145087
0.144930
0.144226
0.143991
0.143521
0.143208
0.142582
0.142425
0.142034
0.141799
0.141330
0.140860
0.140625
0.140390
0.140312
0.139842
0.139216
0.138747
0.138277
0.138355
0.137573
0.137181
0.136946
0.136555
0.136320
0.135851
0.135538
0.135146
0.134677
0.134285
0.134129
0.133894
0.133346
0.132955
0.132642
0.132329
0.131702
0.131389
0.131076
0.130685
0.130137
0.129980
0.129589
0.129354
0.128650
0.128102
0.127711
0.127711
0.127241
0.127241
0.126771
0.126224
0.125989
0.125832
0.125363
0.124893
0.124658
0.123954
0.123641
0.123249
0.123249
0.122545
0.121997
0.121919
0.121371
0.121058
0.120510
0.119962
0.119649
0.119649
0.119101
0.118788
0.118318
0.118240
0.117614
0.117066
0.116753
0.116205
0.116127
0.115814
0.115266
0.114953
0.114248
0.113935
0.113544
0.113074
0.112761
0.112370
0.112370
0.111978
0.111509
0.111509
0.110883
0.110413
0.110178
0.109787
0.109396
0.109239
0.108848
0.108535
0.107987
0.107595
0.107126
0.107047
0.106343
0.105873
0.105325
0.105325
0.104699
0.104621
0.104151
0.103917
0.103682
0.102743
0.102195
0.102038
0.101803
0.101569
0.101412
0.100864
0.100551
0.100081
0.099612
0.099455
0.098751
0.098203
0.098125
0.097577
0.097264
0.097107
0.096716
0.096403
0.096011
0.095463
0.094837
0.094446
0.094211
0.094055
0.093663
0.093272
0.092724
0.092411
0.092333
0.091707
0.091315
0.090767
0.090298
0.089985
0.089593
0.089593
0.089280
0.088889
0.088811
0.088028
0.087480
0.087010
0.086697
0.086541
0.086306
0.085915
0.085445
0.085054
0.084819
0.083880
0.083175
0.083019
0.082862
0.082314
0.082001
0.081297
0.081297
0.081062
0.080436
0.079888
0.079105
0.078635
0.078557
0.078009
0.077931
0.077305
0.076992
0.076679
0.076522
0.075583
0.075113
0.074800
0.074722
0.074409
0.074096
0.073861
0.073235
0.072922
0.072452
0.071513
0.071122
0.070652
0.070495
0.069948
0.069948
0.069556
0.069243
0.068773
0.068304
0.067678
0.067208
0.066817
0.066817
0.066425
0.065956
0.065643
0.065017
0.064547
0.064390
0.063686
0.063216
0.062825
0.062512
0.062355
0.062121
0.061416
0.061260
0.060555
0.059929
0.059459
0.058990
0.058677
0.058051
0.057659
0.057346
0.056642
0.056720
0.056094
0.055546
0.055155
0.054528
0.054528
0.053824
0.053589
0.053354
0.052806
0.052493
0.052102
0.051632
0.050850
0.050693
0.050380
0.049910
0.049597
0.049284
0.048580
0.048267
0.047954
0.047562
0.046936
0.046545
0.046154
0.045919
0.045371
0.045214
0.044666
0.043962
0.043336
0.043414
0.042944
0.042240
0.042083
0.041692
0.041536
0.040909
0.040362
0.039892
0.039501
0.039109
0.038483
0.037779
0.037544
0.037152
0.036918
0.036448
0.036057
0.035587
0.035039
0.034648
0.034178
0.033787
0.033474
0.032926
0.032769
0.032221
0.031830
0.031361
0.031204
0.030891
0.030265
0.029873
0.029169
0.028934
0.028465
0.028465
0.027917
0.027056
0.026743
0.026351
0.026273
0.025490
0.025021
0.024708
0.024395
0.024003
0.023299
0.022907
0.022673
0.022203
0.021890
0.021499
0.020559
0.020246
0.019933
0.019307
0.018759
0.018681
0.017976
0.017350
0.017037
0.016724
0.016254
0.015785
0.015628
0.014924
0.014689
0.014063
0.013593
0.013515
0.012889
0.012106
0.011871
0.011402
0.011167
0.010384
0.009993
0.009523
0.009367
0.008897
0.008427
0.007801
0.007567
0.007253
0.006862
0.006471
0.006001
0.005218
0.005062
0.004827
0.004044
0.003653
0.002949
0.002557
0.002322
0.001931
0.001383
0.000914
0.000287
-0.000026
-0.000104
-0.000730
-0.001043
-0.001513
-0.002139
-0.002609
-0.003078
-0.003313
-0.003861
-0.004017
-0.004409
-0.004957
-0.005505
-0.006052
-0.006522
-0.006835
-0.007305
-0.008087
-0.008166
-0.008557
-0.008948
-0.009653
-0.010122
-0.010436
-0.011140
-0.011297
-0.012236
-0.012627
-0.013097
-0.013645
-0.013958
-0.014349
-0.014975
-0.015523
-0.015680
-0.015836
-0.016619
-0.017402
-0.017636
-0.018341
-0.018654
-0.019045
-0.019750
-0.020298
-0.020532
-0.021002
-0.021628
-0.022411
-0.023037
-0.023272
-0.023898
-0.024133
-0.024759
-0.024994
-0.025698
-0.026168
-0.026637
-0.027264
-0.027890
-0.028046
-0.028438
-0.028907
-0.029299
-0.029925
-0.030394
-0.030707
-0.031568
-0.032116
-0.032821
-0.033056
-0.033369
-0.034073
-0.034386
-0.035091
-0.035404
-0.035951
-0.036578
-0.036969
-0.037439
-0.038065
-0.038691
-0.038847
-0.039708
-0.040256
-0.040648
-0.041509
-0.042213
-0.042996
-0.043622
-0.044248
-0.044248
-0.044953
-0.045579
-0.045892
-0.046361
-0.047144
-0.047770
-0.048475
-0.048866
-0.049023
-0.049805
-0.050275
-0.051058
-0.051292
-0.051762
-0.052153
-0.052936
-0.053954
-0.054501
-0.054580
-0.055362
-0.055519
-0.056145
-0.056693
-0.057163
-0.057710
-0.058493
-0.059276
-0.059667
-0.060293
-0.060998
-0.061624
-0.061859
-0.062407
-0.062720
-0.063268
-0.063894
-0.064363
-0.064990
-0.065537
-0.066007
-0.066477
-0.067025
-0.067651
-0.067886
-0.068590
-0.069138
-0.069921
-0.070625
-0.071173
-0.071721
-0.072190
-0.072347
-0.072738
-0.073678
-0.073912
-0.074460
-0.075556
-0.076182
-0.076417
-0.076808
-0.077043
-0.077748
-0.078374
-0.079078
-0.079939
-0.079939
-0.081113
-0.082052
-0.082522
-0.083148
-0.083540
-0.083931
-0.084400
-0.084870
-0.085496
-0.086122
-0.086592
-0.087296
-0.087923
-0.088314
-0.088940
-0.089331
-0.089801
-0.090584
-0.091210
-0.091758
-0.092227
-0.093088
-0.093793
-0.094497
-0.094654
-0.095202
-0.095750
-0.096219
-0.097080
-0.097550
-0.098019
-0.099115
-0.099976
-0.100446
-0.100994
-0.101385
-0.101542
-0.102324
-0.102872
-0.103733
-0.104281
-0.105142
-0.106081
-0.106394
-0.106864
-0.107255
-0.108116
-0.108586
-0.109447
-0.109916
-0.110543
-0.111325
-0.112186
-0.112578
-0.112969
-0.113830
-0.114300
-0.114691
-0.115630
-0.116100
-0.116491
-0.117587
-0.118213
-0.118683
-0.119465
-0.120092
-0.120796
-0.121266
-0.121970
-0.122518
-0.123379
-0.124240
-0.124944
-0.125570
-0.126353
-0.126588
-0.126979
-0.127762
-0.128310
-0.129171
-0.129327
-0.130345
-0.131128
-0.131675
-0.132380
-0.132928
-0.133241
-0.133945
-0.134493
-0.135354
-0.135667
-0.136606
-0.137311
-0.138094
-0.138328
-0.138876
-0.139424
-0.140363
-0.140755
-0.142007
-0.142085
-0.143103
-0.143729
-0.144433
-0.144825
-0.145138
-0.145921
-0.146547
-0.147095
-0.147877
-0.148269
-0.148973
-0.149834
-0.150147
-0.150695
-0.151399
-0.151713
-0.152182
-0.153043
-0.154061
-0.154530
-0.155313
-0.155704
-0.156252
-0.156800
-0.157348
-0.157974
-0.158522
-0.159070
-0.160322
-0.161027
-0.161575
-0.162201
-0.162670
-0.163296
-0.164001
-0.164236
-0.164784
-0.165331
-0.165958
-0.167210
-0.167601
-0.168462
-0.168854
-0.169401
-0.170184
-0.170732
-0.171280
-0.171671
-0.172141
-0.172924
-0.173785
-0.174646
-0.174880
-0.175428
-0.176368
-0.176837
-0.176994
-0.177542
-0.178011
-0.178872
-0.179577
-0.180594
-0.181377
-0.181925
-0.182473
-0.183255
-0.183725
-0.184038
-0.184821
-0.185290
-0.186229
-0.187247
-0.187482
-0.188265
-0.188812
-0.189517
-0.190143
-0.190769
-0.191317
-0.192021
-0.192648
-0.193352
-0.194056
-0.194761
-0.195387
-0.195935
-0.196483
-0.196952
-0.197500
-0.197892
-0.198674
-0.199770
-0.200318
-0.201022
-0.201805
-0.202666
-0.203058
-0.203762
-0.203997
-0.204701
-0.205406
-0.206345
-0.206814
-0.207206
-0.207754
-0.208223
-0.208771
-0.209554
-0.209789
-0.210806
-0.211276
-0.212215
-0.212763
-0.213546
-0.213859
-0.214407
-0.215268
-0.215502
-0.216207
-0.216363
-0.217068
-0.217929
-0.218633
-0.219181
-0.219651
-0.219964
-0.220590
-0.221529
-0.221842
-0.222390
-0.222860
-0.223329
-0.224347
-0.225130
-0.225599
-0.225834
-0.226382
-0.226930
-0.227556
-0.227869
-0.228104
-0.228573
-0.229748
-0.230295
-0.231078
-0.231391
-0.231861
-0.232409
-0.233191
-0.233583
-0.233818
-0.234522
-0.235070
-0.235774
-0.236166
-0.236870
-0.237105
-0.237574
-0.237966
-0.238592
-0.239296
-0.239375
-0.239844
-0.241018
-0.241723
-0.242349
-0.242740
-0.243288
-0.243758
-0.243993
-0.244462
-0.244854
-0.245245
-0.246184
-0.247045
-0.247436
-0.247750
-0.248141
-0.248297
-0.249080
-0.249315
-0.249863
-0.250567
-0.250959
-0.251428
-0.251898
-0.252602
-0.252759
-0.252915
-0.253620
-0.254089
-0.254168
-0.254716
-0.255185
-0.255577
-0.256516
-0.256672
-0.256751
-0.257533
-0.257455
-0.258081
-0.258473
-0.258786
-0.259177
-0.259490
-0.260194
-0.260742
-0.261760
-0.261525
-0.261838
-0.262621
-0.262621
-0.263012
-0.263404
-0.263795
-0.264030
-0.264656
-0.265047
-0.265204
-0.265830
-0.265908
-0.266456
-0.266613
-0.267004
-0.267474
-0.267630
-0.268335
-0.268648
-0.268882
-0.269117
-0.269352
-0.269665
-0.270056
-0.270213
-0.270604
-0.270683
-0.271152
-0.271387
-0.271857
-0.272326
-0.272483
-0.272718
-0.273109
-0.273422
-0.273031
-0.273657
-0.273813
-0.274048
-0.274361
-0.274831
-0.275222
-0.275457
-0.275614
-0.275770
-0.276083
-0.276240
-0.276396
-0.276709
-0.277179
-0.277414
-0.277805
-0.277649
-0.278118
-0.278197
-0.278353
-0.278510
-0.279292
-0.279136
-0.278979
-0.279605
-0.279918
-0.280310
-0.280779
-0.280936
-0.280858
-0.280858
-0.281249
-0.281640
-0.281562
-0.281875
-0.282188
-0.282423
-0.282501
-0.283049
-0.282893
-0.283128
-0.282971
-0.283519
-0.283519
-0.283597
-0.284067
-0.284067
-0.284223
-0.284223
-0.284615
-0.285006
-0.284771
-0.284693
-0.285084
-0.285163
-0.285006
-0.285397
-0.285554
-0.285476
-0.286023
-0.286023
-0.286023
-0.286180
-0.286180
-0.286102
-0.286415
-0.286258
-0.286650
-0.286650
-0.286728
-0.286884
-0.286806
-0.287276
-0.287198
-0.287119
-0.287119
-0.287198
-0.287276
-0.287354
-0.287432
-0.287511
-0.287824
-0.287824
-0.287745
-0.287902
-0.287667
-0.287824
-0.287745
-0.288137
-0.288058
-0.288137
-0.288293
-0.288215
-0.288137
-0.288372
-0.288528
-0.288372
-0.288137
-0.287824
-0.288215
-0.288137
-0.287980
-0.288137
-0.288450
-0.288372
-0.288528
-0.288528
-0.288293
-0.287980
-0.288450
-0.288293
-0.288215
-0.288372
-0.288685
-0.288606
-0.288763
-0.288841
-0.288998
-0.288606
-0.288293
-0.288293
-0.288528
-0.288685
-0.288763
-0.288528
-0.288685
-0.288685
-0.288763
-0.288841
-0.288763
-0.288841
-0.288372
-0.288372
-0.288528
-0.288685
-0.288685
-0.288763
-0.288841
-0.288606
-0.288763
-0.288606
-0.288450
-0.288372
-0.288841
-0.288450
-0.288606
-0.288685
-0.288528
-0.288685
-0.288606
-0.288919
-0.288919
-0.288606
-0.288450
-0.288528
-0.288685
-0.288450
-0.288763
-0.288528
-0.288606
-0.288685
-0.288763
-0.289076
-0.288450
-0.288372
-0.288450
-0.288137
-0.288528
-0.288372
-0.288372
-0.288528
-0.288215
-0.288685
-0.288685
-0.288372
-0.288528
-0.288293
-0.288137
-0.288137
-0.288058
-0.288137
-0.288293
-0.288450
-0.288293
-0.288058
-0.288137
-0.288058
-0.287980
-0.288058
-0.287980
-0.288058
-0.288058
-0.288137
-0.288528
-0.287980
-0.287902
-0.287980
-0.287745
-0.287902
-0.287980
-0.288058
-0.288058
-0.287745
-0.288058
-0.288293
-0.288215
-0.288137
-0.287980
-0.288137
-0.288137
-0.287980
-0.287980
-0.287667
-0.287980
-0.287980
-0.287824
-0.288137
-0.287902
-0.287980
-0.287824
-0.287824
-0.288058
-0.287980
-0.287980
-0.287824
-0.288058
-0.287980
-0.287824
-0.287745
-0.287824
-0.287824
-0.287824
-0.287667
-0.288058
-0.287824
-0.288137
-0.287824
-0.287902
-0.287902
-0.288137
-0.287902
-0.287980
-0.287980
-0.288058
-0.288058
-0.288293
-0.288058
-0.288372
-0.288293
-0.288137
-0.287902
-0.288058
-0.288215
-0.288137
-0.288058
-0.288215
-0.288215
-0.288293
-0.288058
-0.288058
-0.287902
-0.288058
-0.287980
-0.288058
-0.288293
-0.288293
-0.288293
-0.288293
-0.288450
-0.288215
-0.288372
-0.288372
-0.288685
-0.288137
-0.288293
-0.288685
-0.288685
-0.288606
-0.288372
-0.288372
-0.288372
-0.288763
-0.288763
-0.288685
-0.288685
-0.288919
-0.289154
-0.289154
-0.288685
-0.288841
-0.288841
-0.289076
-0.288919
-0.288919
-0.288919
-0.289154
-0.289233
-0.289076
-0.289311
-0.289233
-0.289233
-0.289467
-0.289467
-0.289624
-0.289467
-0.289467
-0.289546
-0.289937
-0.289702
-0.289702
-0.289937
-0.289859
-0.289624
-0.290172
-0.290172
-0.290563
-0.290172
-0.290250
-0.290485
-0.290641
-0.290876
-0.291033
-0.290876
-0.290954
-0.290954
-0.291189
-0.291268
-0.291189
-0.291268
-0.291346
-0.291581
-0.291737
-0.291581
-0.291894
-0.291424
-0.291972
-0.291737
-0.291894
-0.291894
-0.292129
-0.292207
-0.292363
-0.292520
-0.292442
-0.292442
-0.292285
-0.292442
-0.292676
-0.292442
-0.292676
-0.292989
-0.293146
-0.293303
-0.293303
-0.293381
-0.293616
-0.293381
-0.293381
-0.293537
-0.293537
-0.293616
-0.293537
-0.293772
-0.293850
-0.294320
-0.294242
-0.294555
-0.294555
-0.294555
-0.294477
-0.294711
-0.294868
-0.294790
-0.295025
-0.295103
-0.295259
-0.295494
-0.295651
-0.295494
-0.295964
-0.295729
-0.295729
-0.295729
-0.295964
-0.296120
-0.296668
-0.296668
-0.296825
-0.296590
-0.296668
-0.296512
-0.296903
-0.297216
-0.297216
-0.297216
-0.297373
-0.297529
-0.297842
-0.298077
-0.298234
-0.298234
-0.298077
-0.298547
-0.298312
-0.298547
-0.298625
-0.298781
-0.298781
-0.299095
-0.299329
-0.299173
-0.299564
-0.299564
-0.299329
-0.299642
-0.299799
-0.300034
-0.300269
-0.300582
-0.301130
-0.300660
-0.301130
-0.301364
-0.301130
-0.301051
-0.301364
-0.301599
-0.301599
-0.301834
-0.301756
-0.302225
-0.302382
-0.302538
-0.302851
-0.302617
-0.302460
-0.302695
-0.302930
-0.302930
-0.303165
-0.303321
-0.303321
-0.303556
-0.303791
-0.304104
-0.303869
-0.304104
-0.304260
-0.304417
-0.304417
-0.304417
-0.304652
-0.304887
-0.304887
-0.305356
-0.305434
-0.305591
-0.305669
-0.305669
-0.305826
-0.306217
-0.306295
-0.306608
-0.306452
-0.306608
-0.307156
-0.307313
-0.307313
-0.307469
-0.307626
-0.307548
-0.307939
-0.307782
-0.308017
-0.308409
-0.308409
-0.308565
-0.308878
-0.309035
-0.309270
-0.309191
-0.309270
-0.309661
-0.310052
-0.309739
-0.309739
-0.310052
-0.310444
-0.310444
-0.311148
-0.310835
-0.311070
-0.311461
-0.311618
-0.311696
-0.311696
-0.312009
-0.312009
-0.312244
-0.312400
-0.312792
-0.312713
-0.313183
-0.313261
-0.313027
-0.313105
-0.313496
-0.313653
-0.313809
-0.313888
-0.314592
-0.314670
-0.314670
-0.314983
-0.314905
-0.315140
-0.315531
-0.315531
-0.315609
-0.315766
-0.315923
-0.316470
-0.316236
-0.316627
-0.316705
-0.317018
-0.316784
-0.317253
-0.317566
-0.317410
-0.318036
-0.318036
-0.318192
-0.318427
-0.318505
-0.318584
-0.319210
-0.319053
-0.319445
-0.319679
-0.319914
-0.320227
-0.320227
-0.320540
-0.320697
-0.320854
-0.321245
-0.321636
-0.321871
-0.322028
-0.321793
-0.322341
-0.322184
-0.322654
-0.322967
-0.323123
-0.323202
-0.323671
-0.323671
-0.323828
-0.323906
-0.324063
-0.324219
-0.324532
-0.324689
-0.324924
-0.325080
-0.325315
-0.325393
-0.325785
-0.325863
-0.326176
-0.326411
-0.326176
-0.326724
-0.327193
-0.327193
-0.327428
-0.327820
-0.328367
-0.328054
-0.328524
-0.328602
-0.328602
-0.328837
-0.329072
-0.329385
-0.329698
-0.329620
-0.329933
-0.329933
-0.330246
-0.330559
-0.330950
-0.330872
-0.331420
-0.331498
-0.331811
-0.331890
-0.332203
-0.332437
-0.332594
-0.332672
-0.332594
-0.333220
-0.333298
-0.333455
-0.333768
-0.334159
-0.333925
-0.334081
-0.334551
-0.334551
-0.334707
-0.335333
-0.335725
-0.335490
-0.335725
-0.336116
-0.336116
-0.336508
-0.336977
-0.336821
-0.337134
-0.337290
-0.337525
-0.338073
-0.337916
-0.338308
-0.338308
-0.338464
-0.338856
-0.339169
-0.339482
-0.339403
-0.339873
-0.340186
-0.340343
-0.340812
-0.340812
-0.340891
-0.341282
-0.341752
-0.342221
-0.342378
-0.342378
-0.342534
-0.342534
-0.342926
-0.343160
-0.343787
-0.343787
-0.344100
-0.344100
-0.344648
-0.344804
-0.344882
-0.345117
-0.345352
-0.345587
-0.345822
-0.345822
-0.346291
-0.346448
-0.346526
-0.347074
-0.347544
-0.347778
-0.347622
-0.347935
-0.348091
-0.348405
-0.348561
-0.349031
-0.349265
-0.349265
-0.349657
-0.349970
-0.350361
-0.350440
-0.350987
-0.351144
-0.351379
-0.351457
-0.351535
-0.351692
-0.352240
-0.352396
-0.352631
-0.353022
-0.353257
-0.353414
-0.353727
-0.353649
-0.353962
-0.354353
-0.354431
-0.354823
-0.355136
-0.355292
-0.355527
-0.355840
-0.355918
-0.356231
-0.356623
-0.356623
-0.356858
-0.357092
-0.357171
-0.357406
-0.357640
-0.358110
-0.358267
-0.358345
-0.359049
-0.359441
-0.359441
-0.359988
-0.360145
-0.360458
-0.360849
-0.360928
-0.361789
-0.361554
-0.362023
-0.362258
-0.362493
-0.362415
-0.362884
-0.363041
-0.363432
-0.363511
-0.363902
-0.363980
-0.364450
-0.364841
-0.365076
-0.365311
-0.365702
-0.365624
-0.366172
-0.366172
-0.366563
-0.366641
-0.367033
-0.367268
-0.367502
-0.368128
-0.368050
-0.368285
-0.368676
-0.368755
-0.368755
-0.369303
-0.369459
-0.369616
-0.369694
-0.370320
-0.370633
-0.370633
-0.370790
-0.371494
-0.371416
-0.371572
-0.371885
-0.372042
-0.372277
-0.372590
-0.372825
-0.373216
-0.373529
-0.373686
-0.374077
-0.374234
-0.374155
-0.374938
-0.374860
-0.374938
-0.375408
-0.375721
-0.375721
-0.376269
-0.376425
-0.376660
-0.376738
-0.377208
-0.377286
-0.377677
-0.377599
-0.377912
-0.378147
-0.378617
-0.378773
-0.379165
-0.379321
-0.379634
-0.379791
-0.380260
-0.380495
-0.380417
-0.380573
-0.381121
-0.381591
-0.381434
-0.381826
-0.382061
-0.382374
-0.382687
-0.382843
-0.383469
-0.383391
-0.383469
-0.383861
-0.384174
-0.384330
-0.384643
-0.384878
-0.385113
-0.385504
-0.385739
-0.385974
-0.386365
-0.386444
-0.386678
-0.386992
-0.387148
-0.386913
-0.387539
-0.387931
-0.388087
-0.388400
-0.388792
-0.388948
-0.389418
-0.389418
-0.389888
-0.389809
-0.390514
-0.390748
-0.391218
-0.391375
-0.391844
-0.392001
-0.391766
-0.392236
-0.392705
-0.392470
-0.392940
-0.393097
-0.393488
-0.393644
-0.394036
-0.393958
-0.394505
-0.394818
-0.395053
-0.395132
-0.395601
-0.395679
-0.395993
-0.396071
-0.396462
-0.396697
-0.396697
-0.397088
-0.397480
-0.397636
-0.398028
-0.398341
-0.398575
-0.398967
-0.399202
-0.398967
-0.399358
-0.399906
-0.400689
-0.400532
-0.400767
-0.401315
-0.401550
-0.402176
-0.402332
-0.402411
-0.402802
-0.403037
-0.403272
-0.403428
-0.403820
-0.404054
-0.404289
-0.404367
-0.404994
-0.404994
-0.405228
-0.405228
-0.405620
-0.405933
-0.406168
-0.406324
-0.406637
-0.407029
-0.407342
-0.407342
-0.407890
-0.408203
-0.408281
-0.408516
-0.408829
-0.409142
-0.409298
-0.409690
-0.409533
-0.410238
-0.410316
-0.410786
-0.410942
-0.411490
-0.411412
-0.411881
-0.412273
-0.412116
-0.412507
-0.412821
-0.413290
-0.413525
-0.413760
-0.414073
-0.414699
-0.414699
-0.414934
-0.415090
-0.415482
-0.415795
-0.415795
-0.416264
-0.416421
-0.416499
-0.416969
-0.417125
-0.417360
-0.417830
-0.417986
-0.417986
-0.418691
-0.418847
-0.419160
-0.419317
-0.419473
-0.420178
-0.420413
-0.420569
-0.420804
-0.421274
-0.421743
-0.421978
-0.422369
-0.422683
-0.422604
-0.422996
-0.423387
-0.423544
-0.423778
-0.423935
-0.424561
-0.424561
-0.424796
-0.425109
-0.425422
-0.425500
-0.425892
-0.426518
-0.426596
-0.426909
-0.427379
-0.427300
-0.427457
-0.428005
-0.428240
-0.428475
-0.428631
-0.429101
-0.429179
-0.429492
-0.429962
-0.430510
-0.430588
-0.430901
-0.431370
-0.431605
-0.431997
-0.432231
-0.432701
-0.432779
-0.432858
-0.433406
-0.433562
-0.433406
-0.434032
-0.434345
-0.434501
-0.435049
-0.435206
-0.435362
-0.435832
-0.436067
-0.436301
-0.436771
-0.437084
-0.437084
-0.437632
-0.437554
-0.438023
-0.438258
-0.438493
-0.438650
-0.439119
-0.439745
-0.439745
-0.440058
-0.440528
-0.440919
-0.440998
-0.441232
-0.442015
-0.441859
-0.442407
-0.442798
-0.443189
-0.443502
-0.443737
-0.443972
-0.443894
-0.444755
-0.445146
-0.445224
-0.445303
-0.445694
-0.445929
-0.446398
-0.446085
-0.446633
-0.446946
-0.447494
-0.447651
-0.447885
-0.448120
-0.448590
-0.448746
-0.448825
-0.448903
-0.449686
-0.449686
-0.450390
-0.450781
-0.450938
-0.451251
-0.451486
-0.451486
-0.451955
-0.452112
-0.452738
-0.452582
-0.453129
-0.453364
-0.453756
-0.453912
-0.454460
-0.454460
-0.454538
-0.454930
-0.455243
-0.455634
-0.455556
-0.456182
-0.456495
-0.456730
-0.456965
-0.457669
-0.457669
-0.457904
-0.458217
-0.458452
-0.458843
-0.459078
-0.459078
-0.459704
-0.459861
-0.460330
-0.460643
-0.461035
-0.461426
-0.461348
-0.461661
-0.461974
-0.462444
-0.462757
-0.462913
-0.462991
-0.463539
-0.464009
-0.464244
-0.464400
-0.465027
-0.465027
-0.465340
-0.465574
-0.465887
-0.466201
-0.466514
-0.466748
-0.466670
-0.467062
-0.467296
-0.467766
-0.467922
-0.468236
-0.468392
-0.468862
-0.469097
-0.469488
-0.469410
-0.469801
-0.469957
-0.470662
-0.471053
-0.471288
-0.471758
-0.471836
-0.472227
-0.472227
-0.472384
-0.472697
-0.473245
-0.473088
-0.473636
-0.473949
-0.474028
-0.474262
-0.474575
-0.474810
-0.475436
-0.475593
-0.475593
-0.475906
-0.476297
-0.476532
-0.476845
-0.477080
-0.477393
-0.477706
-0.478019
-0.478411
-0.478724
-0.479037
-0.478959
-0.479350
-0.479585
-0.479741
-0.480289
-0.479976
-0.481072
-0.481228
-0.482011
-0.482246
-0.482559
-0.482794
-0.482950
-0.483185
-0.483185
-0.483655
-0.484046
-0.484281
-0.484594
-0.484672
-0.484985
-0.485455
-0.485846
-0.486003
-0.486159
-0.486707
-0.486472
-0.486942
-0.486942
-0.487568
-0.487881
-0.487960
-0.488351
-0.488429
-0.489055
-0.489447
-0.489525
-0.489838
-0.490151
-0.490542
-0.490464
-0.490777
-0.491247
-0.491403
-0.491873
-0.492656
-0.492264
-0.492891
-0.493047
-0.493438
-0.493752
-0.493986
-0.494534
-0.494378
-0.494456
-0.495160
-0.495239
-0.495787
-0.495865
-0.496021
-0.496726
-0.496804
-0.496882
-0.497195
-0.497508
-0.497665
-0.497978
-0.498291
-0.498761
-0.498996
-0.499309
-0.499465
-0.499935
-0.500483
-0.500561
-0.500639
-0.501187
-0.501500
-0.501892
-0.501813
-0.502283
-0.502753
-0.502987
-0.503457
-0.503457
-0.503848
-0.504083
-0.504161
-0.504709
-0.505179
-0.505492
-0.505805
-0.505727
-0.506040
-0.506666
-0.506901
-0.507057
-0.507370
-0.507449
-0.507684
-0.508231
-0.508545
-0.508779
-0.508858
-0.509092
-0.509484
-0.509797
-0.510188
-0.510736
-0.510736
-0.511284
-0.511440
-0.511754
-0.512067
-0.512301
-0.512615
-0.513084
-0.513241
-0.513789
-0.513867
-0.514102
-0.514415
-0.514806
-0.515119
-0.515354
-0.515589
-0.515824
-0.516137
-0.516450
-0.516763
-0.516919
-0.517232
-0.517702
-0.518093
-0.517859
-0.518328
-0.518720
-0.519346
-0.519581
-0.519659
-0.520363
-0.520207
-0.520833
-0.521381
-0.521616
-0.522007
-0.522320
-0.522633
-0.522633
-0.522946
-0.523259
-0.523651
-0.523885
-0.524277
-0.524355
-0.524825
-0.524903
-0.525529
-0.525529
-0.525999
-0.526312
-0.526625
-0.526938
-0.527251
-0.527251
-0.527642
-0.527799
-0.528190
-0.528190
-0.528816
-0.529208
-0.529286
-0.529677
-0.529834
-0.530382
-0.530695
-0.530930
-0.531399
-0.531243
-0.531869
-0.532025
-0.532417
-0.532965
-0.532886
-0.533669
-0.533513
-0.533826
-0.533982
-0.534295
-0.534608
-0.534921
-0.535078
-0.535704
-0.535861
-0.536017
-0.536565
-0.536800
-0.536956
-0.537583
-0.537896
-0.538287
-0.538444
-0.538444
-0.538991
-0.539226
-0.539696
-0.539852
-0.540166
-0.540557
-0.541026
-0.541261
-0.541496
-0.542044
-0.542279
-0.542201
-0.542670
-0.542827
-0.543061
-0.543375
-0.543844
-0.543922
-0.544314
-0.544627
-0.545018
-0.545097
-0.545566
-0.545566
-0.546192
-0.546427
-0.546505
-0.547053
-0.547445
-0.547445
-0.547992
-0.548149
-0.548462
-0.548853
-0.548932
-0.549167
-0.549323
-0.549949
-0.550027
-0.550184
-0.550732
-0.550810
-0.551045
-0.551358
-0.551828
-0.552063
-0.552454
-0.553002
-0.553237
-0.553706
-0.553706
-0.554254
-0.554489
-0.554880
-0.554880
-0.555350
-0.555506
-0.556054
-0.556289
-0.556367
-0.556602
-0.556837
-0.557463
-0.557463
-0.557620
-0.557620
-0.558246
-0.558715
-0.558637
-0.559342
-0.559420
-0.559733
-0.560124
-0.560829
-0.561064
-0.561220
-0.561220
-0.561768
-0.562003
-0.562159
-0.562864
-0.563020
-0.563412
-0.563646
-0.563803
-0.564038
-0.564429
-0.564820
-0.564899
-0.565134
-0.565525
-0.565760
-0.566073
-0.566386
-0.567012
-0.567012
-0.567403
-0.567716
-0.567951
-0.568343
-0.568812
-0.568812
-0.569047
-0.569282
-0.569517
-0.569830
-0.570143
-0.570065
-0.570612
-0.571082
-0.571160
-0.571708
-0.571865
-0.572100
-0.572491
-0.573039
-0.572961
-0.573430
-0.573900
-0.573587
-0.574291
-0.574369
-0.574761
-0.575074
-0.575230
-0.575465
-0.575778
-0.575778
-0.576326
-0.576483
-0.576717
-0.577109
-0.577109
-0.577422
-0.578126
-0.578361
-0.578831
-0.578753
-0.578909
-0.579144
-0.579535
-0.579613
-0.580005
-0.580083
-0.580866
-0.580788
-0.581335
-0.581570
-0.582275
-0.582588
-0.582666
-0.583136
-0.583370
-0.583527
-0.583762
-0.583918
-0.584153
-0.584779
-0.584936
-0.585249
-0.585484
-0.585640
-0.586110
-0.586345
-0.586658
-0.586971
-0.587284
-0.587362
-0.587754
-0.588145
-0.588301
-0.588693
-0.588771
-0.589397
-0.589632
-0.589867
-0.590258
-0.590102
-0.590650
-0.590806
-0.591432
-0.591745
-0.592137
-0.592137
-0.592293
-0.593076
-0.592919
-0.593389
-0.593624
-0.593937
-0.594015
-0.594485
-0.594876
-0.594954
-0.595267
-0.595424
-0.595815
-0.596128
-0.596207
-0.596755
-0.597381
-0.597459
-0.597616
-0.597772
-0.598320
-0.598476
-0.598555
-0.598790
-0.599337
-0.599572
-0.599651
-0.600198
-0.600825
-0.601059
-0.601059
-0.601372
-0.601842
-0.601999
-0.602155
-0.602781
-0.603016
-0.603173
-0.603564
-0.603799
-0.604268
-0.604503
-0.604816
-0.604973
-0.605364
-0.605756
-0.605990
-0.606069
-0.606225
-0.606773
-0.607243
-0.607321
-0.607478
-0.607712
-0.608495
-0.608417
-0.609121
-0.609513
-0.609513
-0.609982
-0.610295
-0.610843
-0.610765
-0.611313
-0.611782
-0.611782
-0.612252
-0.612252
-0.612409
-0.612878
-0.613191
-0.613426
-0.613739
-0.614130
-0.614209
-0.614600
-0.615148
-0.615226
-0.615539
-0.615618
-0.616165
-0.616635
-0.616713
-0.617261
-0.617340
-0.617809
-0.617966
-0.618279
-0.618592
-0.618748
-0.618983
-0.619218
-0.619296
-0.619766
-0.620079
-0.620549
-0.620940
-0.621096
-0.621331
-0.621644
-0.621957
-0.622271
-0.622740
-0.622975
-0.623288
-0.623445
-0.623758
-0.624149
-0.624462
-0.624853
-0.625166
-0.625480
-0.625714
-0.625871
-0.626106
-0.626341
-0.626654
-0.627358
-0.627358
-0.627671
-0.628297
-0.628532
-0.628454
-0.628923
-0.629471
-0.629550
-0.629863
-0.630254
-0.630097
-0.630880
-0.630724
-0.631193
-0.631585
-0.631741
-0.632211
-0.632367
-0.632680
-0.633307
-0.633463
-0.633385
-0.633541
-0.634402
-0.634481
-0.634872
-0.635028
-0.635185
-0.635733
-0.635968
-0.636046
-0.636281
-0.636594
-0.637142
-0.637690
-0.637846
-0.638081
-0.638629
-0.638551
-0.638785
-0.639177
-0.639177
-0.639803
-0.639881
-0.640116
-0.640586
-0.640899
-0.641212
-0.641681
-0.641916
-0.642542
-0.642621
-0.642934
-0.642777
-0.643403
-0.643638
-0.644030
-0.644343
-0.644499
-0.645125
-0.645204
-0.645517
-0.645751
-0.646299
-0.646221
-0.646221
-0.646847
-0.646926
-0.647317
-0.647865
-0.648178
-0.648491
-0.648882
-0.649117
-0.649508
-0.649821
-0.650213
-0.650369
-0.650996
-0.650917
-0.651387
-0.651622
-0.652013
-0.652091
-0.652561
-0.652874
-0.653187
-0.653578
-0.653578
-0.654205
-0.654048
-0.654596
-0.655144
-0.655144
-0.655692
-0.656161
-0.656396
-0.656553
-0.656944
-0.657257
-0.657570
-0.658040
-0.658118
-0.658353
-0.658509
-0.658744
-0.658823
-0.659527
-0.659683
-0.660231
-0.660701
-0.660779
