-0.534843
-0.535235
-0.535469
-0.535939
-0.536252
-0.536565
-0.536643
-0.536800
-0.537191
-0.537583
-0.537661
-0.538209
-0.538287
-0.538522
-0.539070
-0.539226
-0.539383
-0.539931
-0.540087
-0.540322
-0.540479
-0.540792
-0.540792
-0.541105
-0.541653
-0.542044
-0.541966
-0.542670
-0.542592
-0.543218
-0.543218
-0.543609
-0.544079
-0.543922
-0.544392
-0.544470
-0.545097
-0.545488
-0.545488
-0.545801
-0.546114
-0.546740
-0.546897
-0.546897
-0.547366
-0.547601
-0.547836
-0.547992
-0.548462
-0.548775
-0.548853
-0.549323
-0.549558
-0.549793
-0.550341
-0.550341
-0.550810
-0.550810
-0.551280
-0.551515
-0.551984
-0.552141
-0.552532
-0.552923
-0.553002
-0.553550
-0.553863
-0.553784
-0.553863
-0.554411
-0.554567
-0.554802
-0.554880
-0.555428
-0.555898
-0.556289
-0.556524
-0.557150
-0.557228
-0.557150
-0.557541
-0.557854
-0.558402
-0.558559
-0.558715
-0.558872
-0.559185
-0.559342
-0.559655
-0.560437
-0.560046
-0.560594
-0.561377
-0.561377
-0.561611
-0.562003
-0.562238
-0.562238
-0.562942
-0.562942
-0.563177
-0.563725
-0.563725
-0.564273
-0.564586
-0.565212
-0.565134
-0.565760
-0.566073
-0.566229
-0.566699
-0.566856
-0.567012
-0.567482
-0.567716
-0.567873
-0.568343
-0.568577
-0.568969
-0.569438
-0.569517
-0.569673
-0.569830
-0.570299
-0.570847
-0.570926
-0.571004
-0.571160
-0.571473
-0.571943
-0.572334
-0.572569
-0.572882
-0.573430
-0.573665
-0.574213
-0.574369
-0.574448
-0.574526
-0.574996
-0.575543
-0.575309
-0.575935
-0.576248
-0.576639
-0.576874
-0.577031
-0.577187
-0.577657
-0.577970
-0.577970
-0.578361
-0.578596
-0.578987
-0.579379
-0.579535
-0.579692
-0.580005
-0.580553
-0.580631
-0.581179
-0.581492
-0.581962
-0.581962
-0.582431
-0.582509
-0.583292
-0.583449
-0.583605
-0.583840
-0.584388
-0.584623
-0.585171
-0.585092
-0.585640
-0.585405
-0.585797
-0.586188
-0.586423
-0.586893
-0.586814
-0.587049
-0.587597
-0.587910
-0.588067
-0.588536
-0.588536
-0.589084
-0.589319
-0.589632
-0.589789
-0.590336
-0.590493
-0.590963
-0.591119
-0.591197
-0.591824
-0.592137
-0.592450
-0.592685
-0.592998
-0.593154
-0.593467
-0.593546
-0.593937
-0.594250
-0.594406
-0.595111
-0.595346
-0.595502
-0.595815
-0.596128
-0.596520
-0.596676
-0.596833
-0.597381
-0.597772
-0.597772
-0.598007
-0.598398
-0.598946
-0.599337
-0.599494
-0.599885
-0.600277
-0.600668
-0.601216
-0.601372
-0.601686
-0.601842
-0.602312
-0.602860
-0.603173
-0.603486
-0.603642
-0.603877
-0.604268
-0.604660
-0.604738
-0.605208
-0.605521
-0.605677
-0.606147
-0.606225
-0.606773
-0.606851
-0.607321
-0.607556
-0.607634
-0.608182
-0.608338
-0.608417
-0.608808
-0.609043
-0.609513
-0.609513
-0.609904
-0.610295
-0.610765
-0.611156
-0.611313
-0.611626
-0.611939
-0.611939
-0.612722
-0.612800
-0.612956
-0.613113
-0.613583
-0.613817
-0.614052
-0.614287
-0.614913
-0.615070
-0.614913
-0.615383
-0.615774
-0.616479
-0.616479
-0.616792
-0.616870
-0.617261
-0.617261
-0.617496
-0.618044
-0.618435
-0.618514
-0.618748
-0.619375
-0.619688
-0.619453
-0.619922
-0.620236
-0.620783
-0.621018
-0.621331
-0.621801
-0.621957
-0.622584
-0.622662
-0.622818
-0.623131
-0.623601
-0.623679
-0.624071
-0.624227
-0.624697
-0.624932
-0.624932
-0.625245
-0.625714
-0.625949
-0.626419
-0.626497
-0.627045
-0.627280
-0.627515
-0.627749
-0.628141
-0.628454
-0.628454
-0.628767
-0.629158
-0.629393
-0.629784
-0.630254
-0.630489
-0.630645
-0.631115
-0.631506
-0.631506
-0.631976
-0.632211
-0.632680
-0.632837
-0.633150
-0.633385
-0.633698
-0.633933
-0.634481
-0.634481
-0.634950
-0.635342
-0.635576
-0.635655
-0.636046
-0.636124
-0.636359
-0.636750
-0.637142
-0.637064
-0.637298
-0.637690
-0.638159
-0.638238
-0.638707
-0.638942
-0.639490
-0.639568
-0.639959
-0.640038
-0.640429
-0.640820
-0.640820
-0.641603
-0.641995
-0.642073
-0.642308
-0.642621
-0.643012
-0.643325
-0.643560
-0.643638
-0.644030
-0.644186
-0.644656
-0.645047
-0.645282
-0.645438
-0.645673
-0.646143
-0.646221
-0.646534
-0.646769
-0.646769
-0.647395
-0.647708
-0.648256
-0.648647
-0.648569
-0.649117
-0.649665
-0.649743
-0.650213
-0.650682
-0.650761
-0.650682
-0.651230
-0.651465
-0.652013
-0.652248
-0.652248
-0.652796
-0.652874
-0.653031
-0.653500
-0.653578
-0.654126
-0.654439
-0.654674
-0.655144
-0.654987
-0.655457
-0.655457
-0.655770
-0.655927
-0.656240
-0.656005
-0.656005
-0.656161
-0.655848
-0.655927
-0.655692
-0.655770
-0.655770
-0.655535
-0.655457
-0.655379
-0.655066
-0.655066
-0.654596
-0.654674
-0.654439
-0.654048
-0.653578
-0.653422
-0.653187
-0.652952
-0.652952
-0.652483
-0.652091
-0.652091
-0.651700
-0.651465
-0.650996
-0.650839
-0.650448
-0.650291
-0.650135
-0.649587
-0.649430
-0.648961
-0.648882
-0.648491
-0.648100
-0.647943
-0.647317
-0.647239
-0.646847
-0.646221
-0.645986
-0.645986
-0.645438
-0.645204
-0.644734
-0.644499
-0.644108
-0.643873
-0.643482
-0.643325
-0.642934
-0.642229
-0.641916
-0.641681
-0.641134
-0.641212
-0.640742
-0.640351
-0.639959
-0.639646
-0.639177
-0.638942
-0.638629
-0.638394
-0.638238
-0.637533
-0.637768
-0.637220
-0.636672
-0.636594
-0.636359
-0.636124
-0.635498
-0.635498
-0.635028
-0.634637
-0.634246
-0.633854
-0.633854
-0.633228
-0.632837
-0.632680
-0.632367
-0.631976
-0.631819
-0.631272
-0.631037
-0.630567
-0.630097
-0.630019
-0.629315
-0.629393
-0.629080
-0.628532
-0.628297
-0.627671
-0.627593
-0.627358
-0.627123
-0.626888
-0.626497
-0.626027
-0.625558
-0.625245
-0.625245
-0.624775
-0.624619
-0.624306
-0.623758
-0.623758
-0.623210
-0.622818
-0.622427
-0.622192
-0.622036
-0.621566
-0.621331
-0.621096
-0.620627
-0.620157
-0.619766
-0.619296
-0.619296
-0.618905
-0.618514
-0.618435
-0.617887
-0.617653
-0.617105
-0.616948
-0.616557
-0.616244
-0.615696
-0.615305
-0.615070
-0.614835
-0.614365
-0.614365
-0.613896
-0.613661
-0.613269
-0.612878
-0.612565
-0.612017
-0.611861
-0.611704
-0.611234
-0.610843
-0.610687
-0.610374
-0.609747
-0.609513
-0.609278
-0.609121
-0.608730
-0.608260
-0.607869
-0.607399
-0.607086
-0.606851
-0.606538
-0.606225
-0.605834
-0.605443
-0.605208
-0.604973
-0.604660
-0.604112
-0.603955
-0.603642
-0.603407
-0.603016
-0.602860
-0.602390
-0.601920
-0.601294
-0.600981
-0.600825
-0.600668
-0.600198
-0.599729
-0.599103
-0.598790
-0.598555
-0.598398
-0.597850
-0.597459
-0.597381
-0.597146
-0.596755
-0.596285
-0.595815
-0.595815
-0.595346
-0.595189
-0.594563
-0.594172
-0.594093
-0.593702
-0.593546
-0.593154
-0.592841
-0.592293
-0.591902
-0.591902
-0.591197
-0.590963
-0.590415
-0.590102
-0.589632
-0.589554
-0.589397
-0.588849
-0.588458
-0.588536
-0.588301
-0.587519
-0.587284
-0.587127
-0.586501
-0.586188
-0.585640
-0.585484
-0.585092
-0.584779
-0.584623
-0.584153
-0.583762
-0.583605
-0.583136
-0.582901
-0.582666
-0.582040
-0.581962
-0.581883
-0.581414
-0.581257
-0.580553
-0.580474
-0.580161
-0.579613
-0.579613
-0.579066
-0.578831
-0.578596
-0.578126
-0.577892
-0.577735
-0.577187
-0.576874
-0.576561
-0.576170
-0.576091
-0.575387
-0.575152
-0.574996
-0.574291
-0.574135
-0.573900
-0.573508
-0.573195
-0.573039
-0.572100
-0.572178
-0.571787
-0.571395
-0.571317
-0.571004
-0.570221
-0.570065
-0.569908
-0.569125
-0.569438
-0.568969
-0.568656
-0.568186
-0.568108
-0.567638
-0.567403
-0.566856
-0.566699
-0.566229
-0.566073
-0.565760
-0.565055
-0.565055
-0.564586
-0.564507
-0.564038
-0.563646
-0.563177
-0.562942
-0.562551
-0.562472
-0.562081
-0.562003
-0.561142
-0.561064
-0.560437
-0.560046
-0.559811
-0.559420
-0.559029
-0.559029
-0.558794
-0.558089
-0.557620
-0.557463
-0.557307
-0.556994
-0.556446
-0.556211
-0.556133
-0.555585
-0.555193
-0.554724
-0.554489
-0.554332
-0.553863
-0.553550
-0.553002
-0.552689
-0.552454
-0.551828
-0.551749
-0.551828
-0.551202
-0.550888
-0.550654
-0.550419
-0.550106
-0.549558
-0.549323
-0.549167
-0.548697
-0.547992
-0.548071
-0.547758
-0.547210
-0.547053
-0.546662
-0.546349
-0.546036
-0.545644
-0.545175
-0.544862
-0.544783
-0.544470
-0.543922
-0.543531
-0.543609
-0.542983
-0.542905
-0.542435
-0.542044
-0.541809
-0.541496
-0.541026
-0.541105
-0.540400
-0.540087
-0.539618
-0.539305
-0.538991
-0.538757
-0.538600
-0.538052
-0.537817
-0.537504
-0.537113
-0.536565
-0.536565
-0.536095
-0.535939
-0.535626
-0.535313
-0.534765
-0.534374
-0.534217
-0.533904
-0.533356
-0.533356
-0.533199
-0.532495
-0.532260
-0.531791
-0.531399
-0.531243
-0.530851
-0.530538
-0.529990
-0.529756
-0.529443
-0.529286
-0.528816
-0.528582
-0.527955
-0.527955
-0.527642
-0.527408
-0.526860
-0.526625
-0.526233
-0.526077
-0.525373
-0.525294
-0.524981
-0.524512
-0.524120
-0.523885
-0.523651
-0.522946
-0.522946
-0.522477
-0.522242
-0.522007
-0.521537
-0.521224
-0.520598
-0.520128
-0.520128
-0.519502
-0.519111
-0.518876
-0.518485
-0.517937
-0.518015
-0.517624
-0.517467
-0.517076
-0.516763
-0.516450
-0.516058
-0.515667
-0.515432
-0.515197
-0.514806
-0.514650
-0.514180
-0.513945
-0.513319
-0.513319
-0.513241
-0.512771
-0.512771
-0.512223
-0.511910
-0.511440
-0.510736
-0.510580
-0.510110
-0.509953
-0.509719
-0.509562
-0.509014
-0.508936
-0.508466
-0.508310
-0.507684
-0.507370
-0.507292
-0.506823
-0.506431
-0.506275
-0.505727
-0.505727
-0.505335
-0.504788
-0.504709
-0.504318
-0.504318
-0.503692
-0.503222
-0.502909
-0.502518
-0.502048
-0.501735
-0.501657
-0.500874
-0.500718
-0.500170
-0.499857
-0.499700
-0.499465
-0.498996
-0.499074
-0.498604
-0.498056
-0.498135
-0.497587
-0.497508
-0.496726
-0.496961
-0.496256
-0.496334
-0.495708
-0.495395
-0.494847
-0.494769
-0.494221
-0.494143
-0.493673
-0.493673
-0.493282
-0.492812
-0.492343
-0.492421
-0.491951
-0.491638
-0.491012
-0.491090
-0.491012
-0.490386
-0.490229
-0.489838
-0.489525
-0.489134
-0.488742
-0.488351
-0.488194
-0.487803
-0.487490
-0.486864
-0.486864
-0.487099
-0.486629
-0.486238
-0.485768
-0.485690
-0.485142
-0.485064
-0.484437
-0.484516
-0.484046
-0.483498
-0.483498
-0.483029
-0.482794
-0.482481
-0.482089
-0.481385
-0.481541
-0.481072
-0.480602
-0.480446
-0.479898
-0.479741
-0.479115
-0.478880
-0.478567
-0.478411
-0.477706
-0.477550
-0.477393
-0.477002
-0.476924
-0.476454
-0.476141
-0.476141
-0.475515
-0.475123
-0.474967
-0.474575
-0.474262
-0.473949
-0.473558
-0.473245
-0.472853
-0.472775
-0.472619
-0.472071
-0.471679
-0.471210
-0.470975
-0.470662
-0.470584
-0.470036
-0.469488
-0.469331
-0.469253
-0.469097
-0.468783
-0.468392
-0.467844
-0.467766
-0.467218
-0.466827
-0.466670
-0.466514
-0.466435
-0.466044
-0.465496
-0.464948
-0.464713
-0.464244
-0.464087
-0.464009
-0.463383
-0.463226
-0.462991
-0.462757
-0.462444
-0.461896
-0.461661
-0.461191
-0.461035
-0.460800
-0.460330
-0.459939
-0.459391
-0.459078
-0.459000
-0.458765
-0.458374
-0.458060
-0.457747
-0.457278
-0.457043
-0.456886
-0.456495
-0.456182
-0.455634
-0.455321
-0.455086
-0.455008
-0.454460
-0.454147
-0.453912
-0.453521
-0.453364
-0.452973
-0.452738
-0.452269
-0.451877
-0.451799
-0.451564
-0.451173
-0.450860
-0.450312
-0.450155
-0.449764
-0.449686
-0.449451
-0.449059
-0.448590
-0.448433
-0.448042
-0.447807
-0.447416
-0.446946
-0.446790
-0.446633
-0.446398
-0.446085
-0.445929
-0.445459
-0.444989
-0.445146
-0.444598
-0.444363
-0.443972
-0.443581
-0.443346
-0.443033
-0.442485
-0.442250
-0.442015
-0.441859
-0.441389
-0.440919
-0.440528
-0.439902
-0.439745
-0.439589
-0.438963
-0.438728
-0.438493
-0.438102
-0.437867
-0.437319
-0.437241
-0.436771
-0.436380
-0.436458
-0.436067
-0.435675
-0.435284
-0.435362
-0.434658
-0.434345
-0.434032
-0.433719
-0.433484
-0.433092
-0.433014
-0.432388
-0.432310
-0.431918
-0.431840
-0.431292
-0.430823
-0.430666
-0.430040
-0.429570
-0.429335
-0.429179
-0.429022
-0.428944
-0.428240
-0.428083
-0.427692
-0.427222
-0.427222
-0.426596
-0.426126
-0.426126
-0.425579
-0.425344
-0.425109
-0.424561
-0.424404
-0.424170
-0.423935
-0.423622
-0.423152
-0.422683
-0.422213
-0.421822
-0.421665
-0.421195
-0.420882
-0.420648
-0.420178
-0.419708
-0.419865
-0.419317
-0.419004
-0.418691
-0.418534
-0.418456
-0.417986
-0.417595
-0.417595
-0.417204
-0.416656
-0.416734
-0.416264
-0.415795
-0.415795
-0.415325
-0.415090
-0.414856
-0.414464
-0.414151
-0.413838
-0.413290
-0.412899
-0.412429
-0.412507
-0.411725
-0.411568
-0.411568
-0.411020
-0.410707
-0.410551
-0.409846
-0.409611
-0.409533
-0.409220
-0.409064
-0.408124
-0.407968
-0.407890
-0.407576
-0.406950
-0.406559
-0.406246
-0.405933
-0.405620
-0.405541
-0.404837
-0.404602
-0.404602
-0.404367
-0.403976
-0.403741
-0.403193
-0.402880
-0.402880
-0.402254
-0.401941
-0.401550
-0.401315
-0.400689
-0.400297
-0.399906
-0.399749
-0.399515
-0.399280
-0.398654
-0.398419
-0.398028
-0.398184
-0.397558
-0.397793
-0.397323
-0.396932
-0.396932
-0.396149
-0.396071
-0.395601
-0.395210
-0.395132
-0.394740
-0.394505
-0.394192
-0.393958
-0.393801
-0.393253
-0.392862
-0.392392
-0.391923
-0.391766
-0.391375
-0.391375
-0.390983
-0.390592
-0.390279
-0.389966
-0.389653
-0.389809
-0.389183
-0.388870
-0.388322
-0.388244
-0.388009
-0.387774
-0.387539
-0.387070
-0.386522
-0.386365
-0.386287
-0.386131
-0.385583
-0.385191
-0.385035
-0.384722
-0.384252
-0.383939
-0.383548
-0.383235
-0.383078
-0.383000
-0.382530
-0.382295
-0.381826
-0.381669
-0.381356
-0.381356
-0.380808
-0.380339
-0.379869
-0.379712
-0.379478
-0.379008
-0.378851
-0.378538
-0.378304
-0.377990
-0.377912
-0.377286
-0.376895
-0.376895
-0.376816
-0.376425
-0.375877
-0.375486
-0.375173
-0.375251
-0.374703
-0.374703
-0.374155
-0.373999
-0.373842
-0.373373
-0.372825
-0.372512
-0.372355
-0.372042
-0.371729
-0.371572
-0.371024
-0.370633
-0.370633
-0.370398
-0.369772
-0.369694
-0.369068
-0.368833
-0.368833
-0.368363
-0.368207
-0.367894
-0.367972
-0.367502
-0.367424
-0.367033
-0.366641
-0.366641
-0.366015
-0.365702
-0.365624
-0.365154
-0.364763
-0.364528
-0.364528
-0.363745
-0.363589
-0.363511
-0.363119
-0.362963
-0.362493
-0.362493
-0.362102
-0.361554
-0.361162
-0.361006
-0.360615
-0.360302
-0.360145
-0.359362
-0.359127
-0.358814
-0.358110
-0.358032
-0.357719
-0.357640
-0.357406
-0.356779
-0.356701
-0.356231
-0.355997
-0.355840
-0.355371
-0.355371
-0.354823
-0.354744
-0.354275
-0.353883
-0.353727
-0.353101
-0.352866
-0.352788
-0.352396
-0.352005
-0.351848
-0.351848
-0.351222
-0.350909
-0.350831
-0.350440
-0.350205
-0.349657
-0.349187
-0.349187
-0.348639
-0.348639
-0.348326
-0.347857
-0.347778
-0.347544
-0.347152
-0.346761
-0.346839
-0.346369
-0.346213
-0.345900
-0.345587
-0.345274
-0.345039
-0.344491
-0.344256
-0.344256
-0.343630
-0.343395
-0.343160
-0.343004
-0.342378
-0.342456
-0.342378
-0.341986
-0.341673
-0.340891
-0.340734
-0.340578
-0.340499
-0.339951
-0.339873
-0.339560
-0.339325
-0.338699
-0.338621
-0.338543
-0.337995
-0.337447
-0.337368
-0.336899
-0.336664
-0.336508
-0.336351
-0.335881
-0.335412
-0.335255
-0.334942
-0.334394
-0.334238
-0.333925
-0.333690
-0.333533
-0.332985
-0.332751
-0.332594
-0.332594
-0.332281
-0.331655
-0.331342
-0.331342
-0.330794
-0.330402
-0.330402
-0.330089
-0.329463
-0.329463
-0.329072
-0.328915
-0.328524
-0.328446
-0.328133
-0.327741
-0.327350
-0.326802
-0.326567
-0.326802
-0.326411
-0.325941
-0.325706
-0.325315
-0.325393
-0.324845
-0.324610
-0.324376
-0.324141
-0.323515
-0.323593
-0.323202
-0.322810
-0.322497
-0.322575
-0.322184
-0.321871
-0.321401
-0.321323
-0.321010
-0.320540
-0.320462
-0.319914
-0.319210
-0.319210
-0.318819
-0.318584
-0.318036
-0.318036
-0.318036
-0.317644
-0.317253
-0.316705
-0.316784
-0.316392
-0.316079
-0.315688
-0.315296
-0.315062
-0.315062
-0.314748
-0.314279
-0.314044
-0.313809
-0.313731
-0.313496
-0.313261
-0.313183
-0.312479
-0.312244
-0.311774
-0.311696
-0.311226
-0.311070
-0.310913
-0.310757
-0.310444
-0.310209
-0.309739
-0.309348
-0.308957
-0.309113
-0.308487
-0.308330
-0.308017
-0.307782
-0.307782
-0.307469
-0.307156
-0.307000
-0.306765
-0.306217
-0.306139
-0.305982
-0.305747
-0.305200
-0.304887
-0.304573
-0.304573
-0.303712
-0.303791
-0.303399
-0.303321
-0.302695
-0.302617
-0.302147
-0.301991
-0.301912
-0.301443
-0.301208
-0.300895
-0.300895
-0.300895
-0.300347
-0.300034
-0.299486
-0.298938
-0.298703
-0.298312
-0.297842
-0.297920
-0.297529
-0.297294
-0.297060
-0.297060
-0.296668
-0.296199
-0.296120
-0.295885
-0.295651
-0.294946
-0.294868
-0.294633
-0.294320
-0.294242
-0.294007
-0.293616
-0.293537
-0.292911
-0.292755
-0.292520
-0.292207
-0.292207
-0.291737
-0.291346
-0.291189
-0.290876
-0.290641
-0.290250
-0.289937
-0.289702
-0.289467
-0.289389
-0.288919
-0.288763
-0.288450
-0.288215
-0.288215
-0.287589
-0.287276
-0.287354
-0.286806
-0.286728
-0.286258
-0.286023
-0.285789
-0.285397
-0.285163
-0.284849
-0.284615
-0.284380
-0.283832
-0.283441
-0.283675
-0.283519
-0.283128
-0.282893
-0.282423
-0.282110
-0.281719
-0.281406
-0.281484
-0.281014
-0.280701
-0.280232
-0.280153
-0.280232
-0.279684
-0.279605
-0.279214
-0.279136
-0.278353
-0.278353
-0.278275
-0.277805
-0.277492
-0.277649
-0.277101
-0.277022
-0.276709
-0.276475
-0.276396
-0.276005
-0.275692
-0.275301
-0.275301
-0.274674
-0.274674
-0.274361
-0.274205
-0.273813
-0.273813
-0.273579
-0.273344
-0.272874
-0.272639
-0.272405
-0.271935
-0.271622
-0.271622
-0.271230
-0.271074
-0.270839
-0.270839
-0.270370
-0.270448
-0.270213
-0.269665
-0.269274
-0.269195
-0.268804
-0.268648
-0.268491
-0.268413
-0.268021
-0.267787
-0.267474
-0.267160
-0.267004
-0.266926
-0.266769
-0.266143
-0.265908
-0.265752
-0.265204
-0.265047
-0.265047
-0.264656
-0.264891
-0.264421
-0.264421
-0.263795
-0.263717
-0.263325
-0.263169
-0.262621
-0.262543
-0.262699
-0.262151
-0.261760
-0.261525
-0.261134
-0.260977
-0.260586
-0.260351
-0.260351
-0.260116
-0.260116
-0.259490
-0.259490
-0.259177
-0.259099
-0.258473
-0.258394
-0.258081
-0.257925
-0.257455
-0.257377
-0.257220
-0.256751
-0.256516
-0.256594
-0.256516
-0.255890
-0.255733
-0.255342
-0.255185
-0.254872
-0.254716
-0.254481
-0.254481
-0.254011
-0.253855
-0.253463
-0.253463
-0.253150
-0.252915
-0.252759
-0.252446
-0.252446
-0.252133
-0.251976
-0.251898
-0.251350
-0.250959
-0.251037
-0.250880
-0.250646
-0.250254
-0.249863
-0.249706
-0.249471
-0.249628
-0.249158
-0.248924
-0.248767
-0.248376
-0.248376
-0.248141
-0.247828
-0.247515
-0.247202
-0.247202
-0.246967
-0.246810
-0.246262
-0.246184
-0.245949
-0.245636
-0.245480
-0.245480
-0.245167
-0.244854
-0.245010
-0.244619
-0.244071
-0.244149
-0.243914
-0.243680
-0.243445
-0.243132
-0.242584
-0.242584
-0.242349
-0.242114
-0.241801
-0.241566
-0.241410
-0.241175
-0.241018
-0.240627
-0.240314
-0.240079
-0.239688
-0.239296
-0.239375
-0.239140
-0.238983
-0.238749
-0.238749
-0.238749
-0.238122
-0.237966
-0.237731
-0.237496
-0.237027
-0.236870
-0.236635
-0.236714
-0.236714
-0.236244
-0.235931
-0.235696
-0.235853
-0.235148
-0.235383
-0.234992
-0.234444
-0.234365
-0.234287
-0.234131
-0.233974
-0.234209
-0.233974
-0.233739
-0.233504
-0.233270
-0.233191
-0.232878
-0.232722
-0.232252
-0.232174
-0.232174
-0.232174
-0.231704
-0.231548
-0.231313
-0.231000
-0.230843
-0.230608
-0.230374
-0.230608
-0.230530
-0.230061
-0.229826
-0.229669
-0.229513
-0.229434
-0.229278
-0.229121
-0.228652
-0.228417
-0.228182
-0.227869
-0.227556
-0.227791
-0.227165
-0.227243
-0.226852
-0.226538
-0.226538
-0.226460
-0.226069
-0.225912
-0.225991
-0.225599
-0.225364
-0.225130
-0.225286
-0.225130
-0.224817
-0.224582
-0.224582
-0.224269
-0.224034
-0.223721
-0.223877
-0.223564
-0.223408
-0.223173
-0.223016
-0.223173
-0.222547
-0.222468
-0.222234
-0.221999
-0.221686
-0.221764
-0.221373
-0.221529
-0.221138
-0.221138
-0.220903
-0.220590
-0.220120
-0.220120
-0.219964
-0.219729
-0.219416
-0.219416
-0.219338
-0.219103
-0.218946
-0.219025
-0.219103
-0.218398
-0.218555
-0.217929
-0.217929
-0.217537
-0.217381
-0.217459
-0.217068
-0.217068
-0.216755
-0.217068
-0.216911
-0.216833
-0.216598
-0.216442
-0.216129
-0.216207
-0.215581
-0.215815
-0.215502
-0.215346
-0.215268
-0.215502
-0.215268
-0.215111
-0.214876
-0.214641
-0.214328
-0.214015
-0.213937
-0.213937
-0.213702
-0.213702
-0.213624
-0.213702
-0.213467
-0.213311
-0.212919
-0.212763
-0.212528
-0.212528
-0.212293
-0.212215
-0.212215
-0.211902
-0.212137
-0.211511
-0.211824
-0.211745
-0.211589
-0.211511
-0.211041
-0.210806
-0.211119
-0.210728
-0.210806
-0.210650
-0.210806
-0.210493
-0.210337
-0.210258
-0.209945
-0.209710
-0.209554
-0.209554
-0.209397
-0.209554
-0.209476
-0.209397
-0.209319
-0.209241
-0.209006
-0.208615
-0.208223
-0.208380
-0.208536
-0.208067
-0.207910
-0.207910
-0.207989
-0.207832
-0.207754
-0.207910
-0.207519
-0.207128
-0.207206
-0.207049
-0.206971
-0.206814
-0.206736
-0.206501
-0.206736
-0.206971
-0.206501
-0.206345
-0.206188
-0.206188
-0.206032
-0.206110
-0.206110
-0.205797
-0.205719
-0.206188
-0.205875
-0.205719
-0.205875
-0.205640
-0.205562
-0.205171
-0.205171
-0.205093
-0.204779
-0.204623
-0.204936
-0.204936
-0.204779
-0.204858
-0.204466
-0.204310
-0.204310
-0.204232
-0.204075
-0.203918
-0.203918
-0.203762
-0.203997
-0.203840
-0.203840
-0.203840
-0.203605
-0.203449
-0.203371
-0.203449
-0.203292
-0.203292
-0.203371
-0.203292
-0.203527
-0.202979
-0.203136
-0.203058
-0.202744
-0.202823
-0.202901
-0.202901
-0.202823
-0.202901
-0.202666
-0.203136
-0.202901
-0.202744
-0.202118
-0.202275
-0.201962
-0.202197
-0.202197
-0.202275
-0.201962
-0.202040
-0.202510
-0.202353
-0.202118
-0.201805
-0.201883
-0.201727
-0.202197
-0.202040
-0.201805
-0.201805
-0.201649
-0.201727
-0.201962
-0.201805
-0.201570
-0.201727
-0.201336
-0.201414
-0.201649
-0.201649
-0.201101
-0.201492
-0.201492
-0.201727
-0.201570
-0.201649
-0.201492
-0.201179
-0.200866
-0.200944
-0.201179
-0.201101
-0.201022
-0.200866
-0.200944
-0.200866
-0.201022
-0.200396
-0.200944
-0.200709
-0.201101
-0.201179
-0.201257
-0.201179
-0.200944
-0.201101
-0.201179
-0.201570
-0.201570
-0.201257
-0.201022
-0.201257
-0.201257
-0.201336
-0.201257
-0.201179
-0.201179
-0.201336
-0.201022
-0.201179
-0.200944
-0.201336
-0.201101
-0.201022
-0.201649
-0.201336
-0.201336
-0.201414
-0.201257
-0.201179
-0.201336
-0.201336
-0.201492
-0.201336
-0.201179
-0.201570
-0.201727
-0.201570
-0.201492
-0.201492
-0.201257
-0.201570
-0.201805
-0.201727
-0.201649
-0.201492
-0.201805
-0.201883
-0.201727
-0.201649
-0.201805
-0.201727
-0.201492
-0.201883
-0.201805
-0.201883
-0.202040
-0.201649
-0.202353
-0.202275
-0.202353
-0.202040
-0.201805
-0.202197
-0.202510
-0.202353
-0.202197
-0.202353
-0.202275
-0.202588
-0.202275
-0.202901
-0.202510
-0.202431
-0.202275
-0.202431
-0.202588
-0.202588
-0.202823
-0.202823
-0.202979
-0.203214
-0.203136
-0.203058
-0.202901
-0.203214
-0.203136
-0.203371
-0.203292
-0.203527
-0.203527
-0.203684
-0.203684
-0.203762
-0.203762
-0.203762
-0.203605
-0.203684
-0.203762
-0.203605
-0.203371
-0.204075
-0.204075
-0.204075
-0.204232
-0.204388
-0.204466
-0.204153
-0.204388
-0.204153
-0.204388
-0.204310
-0.204310
-0.204388
-0.204858
-0.204623
-0.204779
-0.204779
-0.204466
-0.204466
-0.204623
-0.205093
-0.204545
-0.205093
-0.205484
-0.205249
-0.205484
-0.205327
-0.205093
-0.205327
-0.205484
-0.205797
-0.205640
-0.205562
-0.205719
-0.205875
-0.205953
-0.206345
-0.205953
-0.206032
-0.206188
-0.206501
-0.206345
-0.206110
-0.206110
-0.206580
-0.206736
-0.206736
-0.206736
-0.206736
-0.206658
-0.206736
-0.206814
-0.206893
-0.206736
-0.207206
-0.206971
-0.207128
-0.207284
-0.207519
-0.207362
-0.207362
-0.207206
-0.207284
-0.207754
-0.207597
-0.207832
-0.207989
-0.208067
-0.208067
-0.207910
-0.207675
-0.207910
-0.207754
-0.207989
-0.207910
-0.208067
-0.208223
-0.208223
-0.208380
-0.208302
-0.208380
-0.208536
-0.208615
-0.208302
-0.208536
-0.208615
-0.208928
-0.208928
-0.208771
-0.208928
-0.208928
-0.208849
-0.208928
-0.208771
-0.208928
-0.208615
-0.208615
-0.208615
-0.209319
-0.209241
-0.209163
-0.209084
-0.209241
-0.209319
-0.209084
-0.209241
-0.209084
-0.209084
-0.208849
-0.209006
-0.209476
-0.209241
-0.209241
-0.209241
-0.208693
-0.208849
-0.209163
-0.209006
-0.208615
-0.209006
-0.208849
-0.208771
-0.209006
-0.209006
-0.209241
-0.208928
-0.208849
-0.208615
-0.208615
-0.208693
-0.208615
-0.208458
-0.208615
-0.208615
-0.208849
-0.208380
-0.208380
-0.208223
-0.208380
-0.207910
-0.208223
-0.208223
-0.207910
-0.208067
-0.207754
-0.208067
-0.207832
-0.207597
-0.207754
-0.207284
-0.207441
-0.207284
-0.207128
-0.207049
-0.207049
-0.207049
-0.206971
-0.206658
-0.206736
-0.206501
-0.206267
-0.206032
-0.206032
-0.206032
-0.205640
-0.205875
-0.205406
-0.205327
-0.205249
-0.205249
-0.205014
-0.204701
-0.204936
-0.204545
-0.204153
-0.204310
-0.204232
-0.203997
-0.203997
-0.203684
-0.203684
-0.203214
-0.202979
-0.202823
-0.202666
-0.202510
-0.202118
-0.202353
-0.202040
-0.202040
-0.201336
-0.201101
-0.201179
-0.200553
-0.200631
-0.200475
-0.199535
-0.199692
-0.199144
-0.199222
-0.198596
-0.198596
-0.198205
-0.198048
-0.197892
-0.197266
-0.197187
-0.197031
-0.196561
-0.196483
-0.196561
-0.196091
-0.195622
-0.195857
-0.195152
-0.194917
-0.194839
-0.194370
-0.193978
-0.193743
-0.193743
-0.193509
-0.193196
-0.192648
-0.192256
-0.191395
-0.191317
-0.191395
-0.190691
-0.190456
-0.190065
-0.189986
-0.189204
-0.189204
-0.188578
-0.187951
-0.187638
-0.187404
-0.186856
-0.186777
-0.186229
-0.186073
-0.185916
-0.185603
-0.185212
-0.184821
-0.183803
-0.183647
-0.183255
-0.183020
-0.182238
-0.181846
-0.181768
-0.181533
-0.181299
-0.180985
-0.180046
-0.179342
-0.178950
-0.178403
-0.178168
-0.177620
-0.177150
-0.176681
-0.176681
-0.176054
-0.175585
-0.174724
-0.174489
-0.173706
-0.173550
-0.173002
-0.172376
-0.172063
-0.171280
-0.171123
-0.170654
-0.169871
-0.169167
-0.168775
-0.168227
-0.167680
-0.167210
-0.166740
-0.166192
-0.165723
-0.165410
-0.164705
-0.163923
-0.163688
-0.162749
-0.162592
-0.162122
-0.161418
-0.160557
-0.160244
-0.159461
-0.159226
-0.157974
-0.157583
-0.156957
-0.156330
-0.155861
-0.155548
-0.154765
-0.154061
-0.153513
-0.152887
-0.152495
-0.151399
-0.150930
-0.150382
-0.150069
-0.149521
-0.149051
-0.148112
-0.147721
-0.147173
-0.146625
-0.145842
-0.144825
-0.144512
-0.143729
-0.143259
-0.142790
-0.142242
-0.141616
-0.141224
-0.140442
-0.139816
-0.138798
-0.138094
-0.137702
-0.137076
-0.136372
-0.135745
-0.135198
-0.134650
-0.134024
-0.133632
-0.132302
-0.131519
-0.130971
-0.130580
-0.129797
-0.129171
-0.128310
-0.127762
-0.127058
-0.126901
-0.125649
-0.124709
-0.124396
-0.123927
-0.123614
-0.122909
-0.122205
-0.121266
-0.120796
-0.120013
-0.119309
-0.118370
-0.117430
-0.117039
-0.116491
-0.115865
-0.115082
-0.114300
-0.114065
-0.113047
-0.112578
-0.111717
-0.110934
-0.110073
-0.109760
-0.109212
-0.108742
-0.107960
-0.107255
-0.106786
-0.106003
-0.105377
-0.104516
-0.103655
-0.103264
-0.102559
-0.102403
-0.101072
-0.100524
-0.099741
-0.099037
-0.098333
-0.097315
-0.096376
-0.095906
-0.095123
-0.094732
-0.094106
-0.093402
-0.092384
-0.091836
-0.091053
-0.090427
-0.089018
-0.088705
-0.088157
-0.087688
-0.087062
-0.086514
-0.085261
-0.084635
-0.083931
-0.083148
-0.082209
-0.081505
-0.081191
-0.080330
-0.079469
-0.078765
-0.078061
-0.076808
-0.076495
-0.075869
-0.074930
-0.074304
-0.073521
-0.073208
-0.072738
-0.071956
-0.070938
-0.070077
-0.069060
-0.068433
-0.067729
-0.067181
-0.066477
-0.065694
-0.065459
-0.064363
-0.063502
-0.062876
-0.061937
-0.061311
-0.060606
-0.059746
-0.059276
-0.058493
-0.057945
-0.057476
-0.056302
-0.055597
-0.054971
-0.054267
-0.053093
-0.052858
-0.052310
-0.052075
-0.051214
-0.050666
-0.049336
-0.048475
-0.047927
-0.047301
-0.046596
-0.045970
-0.045344
-0.044639
-0.044248
-0.043778
-0.042839
-0.041665
-0.040961
-0.040491
-0.039239
-0.038534
-0.037987
-0.037439
-0.036969
-0.036499
-0.035717
-0.034386
-0.033838
-0.032899
-0.032508
-0.031803
-0.031255
-0.030629
-0.030081
-0.029612
-0.028985
-0.027890
-0.027029
-0.026559
-0.025933
-0.025385
-0.024524
-0.023976
-0.023194
-0.023115
-0.022880
-0.021237
-0.020376
-0.019828
-0.019280
-0.018497
-0.017715
-0.017245
-0.016775
-0.016228
-0.015601
-0.014975
-0.013879
-0.013175
-0.012705
-0.011844
-0.011140
-0.010592
-0.009888
-0.009966
-0.009105
-0.008087
-0.007305
-0.006600
-0.005896
-0.005505
-0.004800
-0.004330
-0.003783
-0.003078
-0.002374
-0.001513
-0.000887
-0.000182
0.000522
0.000992
0.001618
0.002244
0.002636
0.003027
0.003653
0.004436
0.005297
0.006001
0.006471
0.006862
0.007723
0.008271
0.008584
0.009367
0.009836
0.010697
0.011637
0.012028
0.012967
0.013437
0.013985
0.014767
0.015080
0.015550
0.016098
0.016881
0.017820
0.018446
0.019150
0.019933
0.020403
0.021029
0.021577
0.021890
0.022125
0.022673
0.023847
0.024081
0.025099
0.025569
0.026273
0.026899
0.027212
0.027760
0.027995
0.028465
0.029482
0.030734
0.030891
0.031439
0.032221
0.032926
0.033396
0.033865
0.034335
0.034883
0.035587
0.036292
0.036605
0.037152
0.038170
0.039109
0.039970
0.040205
0.040518
0.041223
0.041927
0.042788
0.043258
0.043805
0.044040
0.045136
0.045527
0.045606
0.045997
0.046780
0.047484
0.048502
0.048893
0.049441
0.049910
0.050537
0.050928
0.051554
0.052259
0.052963
0.053198
0.054215
0.054450
0.055233
0.055702
0.056407
0.056798
0.056876
0.057659
0.058129
0.058677
0.059538
0.060007
0.060790
0.061260
0.061651
0.062199
0.062747
0.063060
0.063373
0.064234
0.064703
0.065251
0.066112
0.066269
0.067052
0.067678
0.068226
0.068382
0.068852
0.069634
0.070261
0.070887
0.071513
0.071983
0.072296
0.072765
0.073548
0.074096
0.074487
0.075113
0.076053
0.076522
0.076914
0.077540
0.078009
0.078870
0.079027
0.079575
0.079888
0.080592
0.081688
0.082314
0.082549
0.083488
0.083645
0.084271
0.084584
0.084897
0.085523
0.085836
0.086541
0.087089
0.087558
0.088028
0.088654
0.089124
0.089437
0.090454
0.090689
0.091080
0.092098
0.092646
0.092959
0.093585
0.093976
0.094446
0.095150
0.095542
0.096168
0.096716
0.097342
0.097733
0.098359
0.098594
0.098907
0.099612
0.100394
0.100786
0.101255
0.101725
0.102351
0.102586
0.103056
0.103369
0.103760
0.104308
0.104934
0.105482
0.105795
0.106343
0.106734
0.107047
0.107674
0.107987
0.108456
0.109082
0.109239
0.110335
0.110648
0.111117
0.111665
0.112213
0.112605
0.113074
0.113857
0.114170
0.114718
0.115266
0.115735
0.116205
0.116909
0.117066
0.117379
0.117692
0.118240
0.118631
0.119258
0.119884
0.120275
0.120979
0.121606
0.121840
0.122232
0.122388
0.123093
0.123641
0.124032
0.124658
0.125206
0.125597
0.126224
0.126537
0.127006
0.127241
0.127789
0.128102
0.128572
0.129041
0.129589
0.130450
0.130841
0.130998
0.131389
0.132094
0.132563
0.132876
0.133268
0.133894
0.134442
0.134833
0.135381
0.135772
0.136242
0.136712
0.136712
0.137651
0.137964
0.138355
0.138903
0.139451
0.139842
0.140312
0.140782
0.140938
0.141564
0.141877
0.142660
0.143286
0.143443
0.143678
0.144382
0.144773
0.145087
0.145321
0.145948
0.146495
0.146808
0.147278
0.147669
0.148374
0.148765
0.149235
0.149313
0.150096
0.150096
0.150487
0.151818
0.151896
0.152209
0.152522
0.152914
0.153148
0.153618
0.154009
0.154557
0.155105
0.156044
0.156201
0.156749
0.157218
0.157688
0.158236
0.158549
0.158784
0.159019
0.159723
0.160193
0.160897
0.161367
0.161445
0.161993
0.162384
0.162776
0.163010
0.163636
0.164419
0.164889
0.165437
0.165828
0.166063
0.166298
0.166924
0.166924
0.167472
0.168020
0.168567
0.169037
0.169585
0.169976
0.170133
0.170916
0.171229
0.171229
0.171698
0.172481
0.173029
0.173420
0.173812
0.174203
0.174516
0.174829
0.175377
0.175533
0.176160
0.176473
0.176864
0.177255
0.177569
0.178116
0.178586
0.178664
0.179212
0.179525
0.179917
0.180464
0.180778
0.181482
0.181795
0.182265
0.182813
0.183282
0.183439
0.183595
0.184769
0.184926
0.185239
0.185709
0.185943
0.186256
0.186648
0.187196
0.187352
0.187822
0.188526
0.188996
0.189309
0.189622
0.190248
0.190405
0.191031
0.191266
0.191579
0.192127
0.192675
0.193379
0.193614
0.193692
0.194240
0.194553
0.194944
0.195414
0.195727
0.195884
0.196823
0.197058
0.197527
0.197919
0.198545
0.199014
0.199171
0.199406
0.199719
0.200267
0.200815
0.201441
0.201832
0.202145
0.202380
0.202615
0.202928
0.203554
0.203711
0.204650
0.204963
0.205276
0.205589
0.205902
0.206528
0.206841
0.207233
0.207546
0.207468
0.208485
0.208720
0.208955
0.209424
0.209972
0.210050
0.210677
0.211068
0.211303
0.211694
0.212164
0.212868
0.213103
0.213416
0.213886
0.214199
0.214434
0.215060
0.215295
0.215295
0.216234
0.216782
0.217016
0.217251
0.217643
0.218425
0.218347
0.218425
0.218895
0.219599
0.220069
0.220460
0.220695
0.221165
0.221634
0.222104
0.222261
0.222730
0.222965
0.223435
0.224139
0.224217
0.224687
0.225078
0.225313
0.226018
0.226174
0.226565
0.226800
0.227348
0.227505
0.228053
0.228209
0.228600
0.228835
0.229461
0.229774
0.230166
0.230635
0.230949
0.231653
0.231731
0.231966
0.232514
0.233062
0.233218
0.233766
0.233923
0.234471
0.234862
0.235253
0.235410
0.235801
0.236114
0.236662
0.237132
0.237288
0.237758
0.238228
0.238228
0.238854
0.239245
0.239402
0.239950
0.240576
0.240732
0.241280
0.242063
0.242063
0.242376
0.242532
0.243080
0.243472
0.243941
0.244098
0.244411
0.244567
0.245350
0.245350
0.245898
0.245820
0.246446
0.246994
0.247385
0.247698
0.247855
0.248246
0.248794
0.248951
0.249342
0.249733
0.249968
0.250359
0.250829
0.250986
0.251377
0.251690
0.252316
0.252551
0.252708
0.252942
0.253412
0.253647
0.254273
0.254508
0.254977
0.255369
0.255369
0.256230
0.256073
0.256543
0.256856
0.257169
0.257639
0.257717
0.258265
0.258813
0.259047
0.259595
0.259830
0.259752
0.260848
0.261161
0.261239
0.261865
0.262178
0.262335
0.262726
0.263117
0.263352
0.263587
0.264213
0.264448
0.264839
0.264605
0.265231
0.265700
0.265935
0.266326
0.266483
0.267109
0.267579
0.267892
0.268518
0.268440
0.269144
0.269066
0.269301
0.270083
0.270083
0.270553
0.270866
0.271414
0.271727
0.271962
0.272588
0.272901
0.273136
0.273371
0.273527
0.274153
0.274780
0.275014
0.275562
0.275641
0.276110
0.276423
0.276423
0.276815
0.277284
0.277910
0.278537
0.278302
0.278928
0.279084
0.279476
0.280415
0.280337
0.280806
0.281354
0.282137
0.282293
0.282528
0.282607
0.283154
0.283702
0.283859
0.284172
0.284485
0.285268
0.285503
0.285894
0.286285
0.286677
0.286755
0.287068
0.287616
0.288164
0.288164
0.288868
0.289338
0.289494
0.290120
0.290199
0.290199
0.290434
0.290981
0.291529
0.291921
0.292469
0.292703
0.293173
0.293251
0.293956
0.294034
0.294504
0.294582
0.295208
0.295599
0.295912
0.296460
0.296773
0.296930
0.297008
0.297321
0.298104
0.298104
0.298730
0.299200
0.299435
0.299748
0.300296
0.300374
0.300843
0.301157
0.301470
0.301939
0.302409
0.302957
0.303192
0.303270
0.303818
0.304052
0.304444
0.304835
0.304992
0.305696
0.305931
0.306088
0.306714
0.306557
0.307183
0.307653
0.307653
0.307731
0.308514
0.309140
0.309375
0.309531
0.310236
0.310392
0.310549
0.311175
0.311253
0.311332
0.311958
0.312506
0.312506
0.313132
0.313601
0.313914
0.314071
0.314384
0.314541
0.314854
0.315558
0.315715
0.315949
0.316184
0.316576
0.317124
0.317045
0.317515
0.317906
0.318219
0.318767
0.318924
0.319315
0.319628
0.319941
0.319785
0.320489
0.321115
0.321585
0.321898
0.322211
0.322211
0.322916
0.323463
0.323385
0.323698
0.323620
0.323933
0.324637
0.325185
0.325420
0.325733
0.325968
0.326516
0.326672
0.326907
0.327377
0.327768
0.328081
0.328473
0.328786
0.329021
0.329490
0.329568
0.330195
0.330038
0.330664
0.330977
0.331525
0.331447
0.331682
0.332151
0.332699
0.332699
0.333169
0.333325
0.333873
0.334030
0.334421
0.334734
0.335439
0.335595
0.335595
0.336065
0.336221
0.336613
0.336848
0.337161
0.337709
0.337787
0.338178
0.338413
0.338569
0.338726
0.339196
0.339744
0.340057
0.340761
0.340996
0.341152
0.341465
0.341857
0.342092
0.342483
0.342639
0.343109
0.343266
0.343579
0.344048
0.344205
0.344675
0.344518
0.344988
0.345457
0.345692
0.345927
0.346318
0.346631
0.347023
0.347257
0.347257
0.347492
0.347649
0.348588
0.348666
0.349214
0.349606
0.349762
0.349997
0.350466
0.350936
0.350936
0.351484
0.351875
0.352188
0.352580
0.352893
0.353049
0.353754
0.353754
0.354067
0.354302
0.354458
0.354850
0.355163
0.355397
0.355711
0.356415
0.357041
0.356963
0.357276
0.357667
0.357902
0.358372
0.358685
0.358841
0.359233
0.359859
0.359937
0.360172
0.360955
0.361268
0.361346
0.361972
0.362207
0.362833
0.362598
0.363068
0.363303
0.363851
0.364320
0.364477
0.364712
0.365338
0.365259
0.365807
0.366355
0.366512
0.366825
0.367216
0.367373
0.367842
0.367921
0.368077
0.368625
0.369016
0.369251
0.369486
0.369877
0.370504
0.370895
0.371208
0.371678
0.371912
0.372304
0.372225
0.372773
0.373400
0.373791
0.373791
0.374026
0.374182
0.374574
0.375513
0.375669
0.375904
0.376139
0.376452
0.376609
0.377078
0.377470
0.377704
0.378017
0.378331
0.378644
0.378800
0.379113
0.379505
0.379818
0.380366
0.380287
0.380992
0.381227
0.381931
0.382009
0.382244
0.382401
0.382401
0.383027
0.383262
0.383418
0.383966
0.384122
0.384592
0.385062
0.385453
0.385688
0.386001
0.386236
0.386627
0.386940
0.387332
0.387645
0.387879
0.388506
0.388506
0.388819
0.388975
0.389210
0.389601
0.390071
0.390462
0.391010
0.390697
0.391480
0.391480
0.391871
0.392028
0.392576
0.393124
0.393124
0.393280
0.393828
0.394298
0.394298
0.394532
0.394689
0.395159
0.395159
0.395941
0.396254
0.396567
0.397037
0.397507
0.397507
0.397741
0.397741
0.397976
0.398759
0.398994
0.399150
0.399542
0.399855
0.400090
0.400716
0.400637
0.401029
0.401498
0.401890
0.402203
0.402438
0.402751
0.403142
0.403377
0.403377
0.403690
0.404160
0.404551
0.405099
0.405490
0.405568
0.405960
0.406273
0.406586
0.406586
0.407056
0.407134
0.407447
0.407995
0.408151
0.408621
0.408856
0.409091
0.409169
0.409482
0.409952
0.410499
0.410656
0.410656
0.411047
0.411595
0.411908
0.412221
0.412300
0.412769
0.412848
0.413395
0.413317
0.413787
0.414256
0.414335
0.414726
0.415039
0.415196
0.415587
0.415900
0.416213
0.416448
0.416996
0.417387
0.417231
0.417465
0.418092
0.418013
0.418483
0.418639
0.419031
0.419344
0.419579
0.419892
0.420596
0.420361
0.420831
0.420909
0.421379
0.421849
0.422318
0.422631
0.422944
0.423023
0.423336
0.423570
0.423649
0.424353
0.424510
0.424979
0.425136
0.425527
0.425919
0.425919
0.426545
0.426623
0.426936
0.427249
0.427406
0.427719
0.428032
0.428501
0.428658
0.428815
0.429128
0.429519
0.429832
0.429989
0.430223
0.430536
0.430771
0.431241
0.431476
0.431554
0.431945
0.432493
0.432493
0.432728
0.433354
0.433511
0.433589
0.434059
0.434215
0.434372
0.434763
0.435154
0.435389
0.435467
0.436015
0.436407
0.436407
0.436798
0.437111
0.437346
0.437659
0.437972
0.438363
0.438677
0.438833
0.439068
0.439381
0.439851
0.439929
0.440242
0.440868
0.441025
0.441338
0.441729
0.442042
0.442042
0.442747
0.442747
0.443060
0.443451
0.443686
0.443842
0.444703
0.444703
0.444782
0.445095
0.445643
0.445564
0.445956
0.446269
0.446817
0.447130
0.447130
0.447443
0.447599
0.448147
0.448539
0.448539
0.449008
0.449008
0.449556
0.450104
0.450260
0.450417
0.450808
0.450887
0.451121
0.451435
0.452061
0.452452
0.452922
0.453078
0.453156
0.453470
0.453704
0.453861
0.454487
0.454878
0.455270
0.455583
0.455818
0.455974
0.456209
0.456366
0.456913
0.457226
0.457383
0.457774
0.458244
0.458166
0.458635
0.459027
0.459418
0.459496
0.459731
0.460044
0.460436
0.460983
0.461218
0.461688
0.461844
0.462001
0.462314
0.462392
0.462862
0.463253
0.463645
0.464036
0.464114
0.464506
0.464819
0.464819
0.464975
0.465367
0.465680
0.465758
0.466462
0.466775
0.467167
0.467402
0.467871
0.468028
0.468263
0.468341
0.468732
0.469123
0.469515
0.469750
0.469906
0.469984
0.470454
0.470532
0.471080
0.471080
0.471472
0.471628
0.472098
0.472567
0.472802
0.472880
0.473272
0.473741
0.473898
0.474446
0.474524
0.475150
0.475072
0.475776
0.476011
0.476168
0.476011
0.476716
0.476559
0.476872
0.477342
0.477811
0.477890
0.478438
0.478203
0.478359
0.478907
0.479455
0.479690
0.480160
0.480394
0.480864
0.481020
0.481412
0.481568
0.482116
0.482351
0.482977
0.483290
0.483682
0.483760
0.483838
0.484230
0.484073
0.484543
0.484386
0.484934
0.485325
0.485638
0.485873
0.486030
0.486108
0.486343
0.486578
0.487047
0.487204
0.487752
0.488065
0.488143
0.488534
0.488769
0.489161
0.489082
0.489474
0.489630
0.490256
0.490335
0.490648
0.491196
0.491274
0.491509
0.491587
0.491743
0.492213
0.492683
0.493074
0.493231
0.493544
0.493622
0.493935
0.494326
0.494561
0.494796
0.495422
0.495813
0.495422
0.496205
0.496361
0.496440
0.496596
0.496988
0.497301
0.497535
0.497927
0.498083
0.498240
0.498475
0.498944
0.499179
0.499257
0.499649
0.499884
0.500275
0.500588
0.501214
0.501371
0.501449
0.501997
0.501997
0.502153
0.502858
0.502701
0.503406
0.503249
0.503797
0.503875
0.504188
0.504345
0.504736
0.504815
0.505128
0.505362
0.505754
0.505832
0.506223
0.506615
0.506536
0.506771
0.506928
0.507319
0.507945
0.508180
0.508415
0.508493
0.508885
0.509276
0.509589
0.509902
0.509980
0.509980
0.510215
0.510685
0.511233
0.511859
0.511702
0.512250
0.512798
0.512798
0.512876
0.513189
0.513659
0.514207
0.514363
0.514990
0.515224
0.515224
0.515772
0.515616
0.516085
0.516555
0.516868
0.517103
0.517572
0.517416
0.517807
0.517807
0.518042
0.518512
0.518590
0.519216
0.519529
0.519921
0.520077
0.520390
0.520547
0.520625
0.521251
0.521564
0.522190
0.522269
0.522660
0.523051
0.523599
0.523678
0.523991
0.524069
0.524304
0.524617
0.525008
0.525321
0.525321
0.525947
0.526182
0.526574
0.526574
0.526730
0.527121
0.527356
0.528217
0.528295
0.528765
0.528843
0.529156
0.529391
0.529939
0.530096
0.530409
0.530800
0.531035
0.531113
0.531739
0.531818
0.532131
0.532365
0.532757
0.532992
0.533305
0.533696
0.534087
0.534244
0.534166
0.534244
0.534557
0.535183
0.535261
0.535809
0.536044
0.536357
0.536670
0.536827
0.537296
0.537453
0.537766
0.538157
0.538471
0.539018
0.539253
0.539566
0.539488
0.539566
0.540192
0.540271
0.540740
0.541210
0.542071
0.542149
0.542227
0.542619
0.542619
0.542932
0.543010
0.543793
0.543793
0.544497
0.544732
0.544810
0.544889
0.545280
0.545437
0.545750
0.546454
0.546924
0.547158
0.547393
0.547785
0.548019
0.547785
0.548333
0.548411
0.548802
0.549193
0.549820
0.550133
0.550211
0.550524
0.550446
0.550681
0.551228
0.551542
0.551776
0.552168
0.552324
0.552872
0.553107
0.553185
0.553577
0.553811
0.553968
0.554281
0.554594
0.554829
0.554907
0.555612
0.555533
0.555768
0.556238
0.556473
0.556942
0.557255
0.557490
0.557803
0.558038
0.558038
0.558273
0.558508
0.558821
0.559447
0.559838
0.559760
0.559995
0.560464
0.560699
0.560621
0.561169
0.561090
0.561482
0.562421
0.562421
0.562578
0.563204
0.563204
0.563517
0.563360
0.563908
0.563986
0.564534
0.564456
0.564926
0.565239
0.565395
0.565708
0.565943
0.566100
0.566491
0.566648
0.567117
0.567196
0.567274
0.567665
0.567509
0.567665
0.568370
0.568761
0.569309
0.569544
0.569935
0.569700
0.570248
0.569935
0.570483
0.570483
0.570561
0.570952
0.571500
0.571813
0.572205
0.572283
0.572518
0.572674
0.572987
0.573535
0.573692
0.573848
0.574162
0.574083
0.574553
0.574553
0.574709
0.574944
0.575336
0.575649
0.575962
0.576431
0.576431
0.576510
0.576823
0.577058
0.577136
0.577527
0.578232
0.578232
0.578545
0.578936
0.579249
0.579327
0.579562
0.579640
0.580110
0.580423
0.580580
0.581206
0.581206
0.581519
0.581675
0.581832
0.582223
0.582458
0.582771
0.583241
0.583397
0.583710
0.583945
0.583945
0.584337
0.584728
0.585198
0.585354
0.585511
0.585589
0.585745
0.586606
0.586763
0.586920
0.586998
0.587233
0.587546
0.587702
0.588015
0.588328
0.588485
0.588641
0.588876
0.589033
0.589581
0.589894
0.590129
0.590676
0.590911
0.591381
0.591929
0.592085
0.592242
0.592555
0.592790
0.592790
0.593025
0.593416
0.593651
0.594433
0.594120
0.594433
0.594433
0.595138
0.595216
0.595451
0.595686
0.595842
0.596390
0.596625
0.596703
0.597486
0.597642
0.597877
0.598034
0.598190
0.598660
0.599208
0.599443
0.599364
0.599599
0.599912
0.600225
0.600538
0.601165
0.601165
0.601556
0.601869
0.602417
0.602182
0.602652
0.603278
0.603434
0.603904
0.604061
0.604295
0.604530
0.604687
0.605000
0.605156
0.606017
0.605939
0.606252
0.606174
0.606644
0.606957
0.607191
0.607583
0.607739
0.607974
0.608209
0.608444
0.608992
0.609383
0.609618
0.609931
0.610244
0.610479
0.610322
0.611027
0.611183
0.611496
0.611731
0.612044
0.612357
0.612670
0.613062
0.613140
0.613453
0.613140
0.613766
0.614079
0.614705
0.614470
0.614784
0.615018
0.615331
0.615253
0.615645
0.615723
0.616427
0.616349
0.617132
0.617288
0.617366
0.617680
0.617758
0.618227
0.618384
0.618541
0.618932
0.619245
0.619401
0.619636
0.620028
0.620184
0.620497
0.621045
0.620967
0.621437
0.621593
0.622063
0.622376
0.622454
0.622611
0.622845
0.623080
0.623628
0.623706
0.623785
0.624254
0.624489
0.624567
0.624567
0.625115
0.625350
0.625820
0.625898
0.626289
0.626367
0.626681
0.626837
0.626994
0.627150
0.627698
0.628246
0.628168
0.628246
0.628716
0.628637
0.628559
0.629263
0.629498
0.629811
0.630046
0.630281
0.630594
0.630829
0.630907
0.630985
0.631220
0.631690
0.632003
0.632551
0.632942
0.633177
0.633412
0.633255
0.633255
0.633725
0.633960
0.634821
0.635212
0.635134
0.634821
0.635447
0.635212
0.635682
0.635995
0.636308
0.636699
0.636934
0.637247
0.637560
0.637482
0.637560
0.637638
0.638108
0.638343
0.638578
0.638891
0.638969
0.639595
0.639439
0.639517
0.640065
0.639986
0.640534
0.640847
0.641708
0.641552
0.642100
0.642256
0.642256
0.642178
0.642569
0.642882
0.643352
0.643822
0.643665
0.643978
0.644526
0.644291
0.644761
0.644996
0.645309
0.645544
0.645857
0.646013
0.646561
0.646796
0.646874
0.647031
0.646874
0.647657
0.647970
0.648674
0.648440
0.648753
0.648909
0.648831
0.649379
0.649535
0.650083
0.650162
0.650475
0.650631
0.650553
0.650709
0.651022
0.651179
0.651570
0.652275
0.652744
0.652901
0.653292
0.653371
0.653214
0.653527
0.653684
0.654153
0.654623
0.654858
0.655249
0.655484
0.655562
0.655875
0.656110
0.656032
0.656658
0.657049
0.657441
0.657754
0.657754
0.657910
0.658223
0.658693
0.658928
0.659632
0.660180
0.659945
0.660024
0.660337
0.660258
0.660963
0.661198
0.661511
0.661902
0.662293
0.662606
0.662998
0.662919
0.662998
0.663467
0.663780
0.663937
0.664563
0.664876
0.665033
0.665189
0.665424
0.665346
0.665815
0.666285
0.666911
0.667068
0.667146
0.667303
0.667694
0.667929
0.668085
0.668320
0.668946
0.668868
0.669338
0.669807
0.669886
0.670120
0.670590
0.671060
0.671216
0.671686
0.671921
0.672234
0.672625
0.672625
0.673329
0.673486
0.673642
0.674347
0.674425
0.674738
0.675051
0.675286
0.675443
0.675756
0.676147
0.676617
0.676617
0.676852
0.677165
0.677399
0.678026
0.678182
0.678652
0.678887
0.679356
0.679904
0.679747
0.680295
0.680765
0.680608
0.680922
0.681156
0.681861
0.682096
0.682174
0.682722
0.682957
0.683191
0.683661
0.683661
0.683974
0.684287
0.684992
0.684992
0.685383
0.685853
0.686244
0.686400
0.686714
0.686948
0.687261
0.687418
0.687888
0.688279
0.688357
0.688592
0.688905
0.689296
0.689296
0.689844
0.690392
0.690236
0.690784
0.690784
0.691097
0.691331
0.691645
0.692192
0.692584
0.692897
0.693366
0.693523
0.693601
0.693836
0.693993
0.694227
0.694775
0.695480
0.695401
0.695480
0.696106
0.696184
0.696497
0.696654
0.697123
0.697750
0.697984
0.698219
0.698454
0.698845
0.698845
0.699237
0.699393
0.700332
0.700802
0.701037
0.700646
0.701272
0.701663
0.701507
0.701820
0.702054
0.702759
0.703150
0.703542
0.703933
0.704011
0.704246
0.704481
0.704637
0.705107
0.705498
0.705811
0.706124
0.706203
0.706516
0.706437
0.706829
0.707142
0.707455
0.708003
0.708551
0.708864
0.709255
0.709255
0.709412
0.709412
0.709647
0.709960
0.710508
0.710742
0.710664
0.710429
0.710586
0.710586
0.710429
0.710351
0.710273
0.710116
0.709803
0.709568
0.709177
0.709333
0.708786
0.708551
0.708551
0.708159
0.708081
0.707690
0.707064
0.707533
0.706751
0.706829
0.706594
0.706281
0.706046
0.705577
0.705420
0.705263
0.704950
0.704716
0.704559
0.704246
0.703776
0.703698
0.703542
0.703228
0.702681
0.702759
0.702367
0.701820
0.701898
0.701585
0.701037
0.700646
0.700489
0.699941
0.699863
0.699471
0.699002
0.698532
0.697984
0.697671
0.697202
0.696732
0.696341
0.696262
0.695949
0.696184
0.695793
0.695401
0.695088
0.694775
0.694462
0.694071
0.693758
0.693288
0.693053
0.692662
0.692505
0.692036
0.691410
0.690940
0.690705
0.690314
0.690157
0.689844
0.689453
0.689218
0.688827
0.688435
0.688279
0.687966
0.687496
0.687183
0.686870
0.686244
0.685774
0.685461
0.685226
0.684757
0.684209
0.684131
0.683896
0.683661
0.683661
0.683191
0.683035
0.682565
0.682565
0.682017
0.681704
0.680843
0.680452
0.679904
0.679669
0.678887
0.678808
0.678808
0.678495
0.678339
0.678182
0.677634
0.677399
0.677086
0.676773
0.676538
0.676304
0.675677
0.675286
0.674817
0.674738
0.674034
0.673877
0.673877
0.673642
0.673251
0.672781
0.672547
0.672234
0.671921
0.671686
0.670903
0.670199
0.669964
0.669964
0.669259
0.669259
0.668868
0.668868
0.668085
0.668242
0.668007
0.667694
0.667224
0.667068
0.666050
0.665894
0.665268
0.665189
0.665268
0.664876
0.664641
0.664172
0.663780
0.663624
0.663389
0.663076
0.662450
0.662293
0.661824
0.661432
0.660806
0.660728
0.660337
0.660180
0.659945
0.659554
0.659084
0.658928
0.658693
0.658380
0.657910
0.657206
0.657284
0.656814
0.656580
0.656658
0.656032
0.655875
0.655406
0.655093
0.654858
0.654701
0.654545
0.653605
0.653214
0.652979
0.652744
0.652353
0.652353
0.652040
0.651257
0.651022
0.651179
0.650475
0.650318
0.649614
0.649457
0.649301
0.649144
0.648674
0.648596
0.647970
0.647500
0.647109
0.646718
0.646483
0.646326
0.645857
0.645544
0.645231
0.644761
0.644448
0.644056
0.643978
0.643587
0.642961
0.642569
0.642256
0.641943
0.641474
0.641160
0.640926
0.640691
0.640691
0.640378
0.639595
0.639517
0.639125
0.638969
0.638578
0.638186
0.637795
0.637325
0.637090
0.636934
0.636464
0.636151
0.635760
0.635760
0.635369
0.634742
0.634508
0.633960
0.633647
0.633412
0.633255
0.633020
0.632316
0.632316
0.631690
0.631142
0.630672
0.630594
0.630203
0.629968
0.629655
0.629498
0.629107
0.628716
0.628089
0.627933
0.627620
0.627228
0.626837
0.626446
0.626367
0.626133
0.625741
0.625193
0.624802
0.624332
0.623941
0.623706
0.623550
0.623237
0.622689
0.622611
0.622219
0.621984
0.621750
0.621280
0.620654
0.620419
0.620106
0.619871
0.619636
0.619480
0.618932
0.618462
0.618384
0.618227
0.617758
0.617210
0.616819
0.616427
0.616192
0.615958
0.615566
0.615488
0.615253
0.614940
0.614627
0.614470
0.613688
0.613453
0.613296
0.613062
0.612905
0.612435
0.612201
0.611653
0.611496
0.611183
0.610714
0.610244
0.609931
0.610009
0.609618
0.609226
0.608992
0.608679
0.608444
0.608052
0.607661
0.607661
0.607035
0.606644
0.606252
0.606174
0.605939
0.605861
0.605469
0.605000
0.604452
0.604295
0.604139
0.603669
0.603434
0.603043
0.602965
0.602730
0.602339
0.601869
0.601869
0.601243
0.601165
0.600538
0.600069
0.599834
0.599756
0.599208
0.598817
0.598895
0.598582
0.598190
0.597956
0.597486
0.597329
0.597173
0.596703
0.596390
0.596312
0.595842
0.595842
0.595607
0.595138
0.594512
0.593964
0.593807
0.593807
0.593572
0.593259
0.592868
0.592868
0.592555
0.592164
0.591381
0.591068
0.590990
0.590598
0.590520
0.590207
0.589737
0.589581
0.589346
0.589111
0.588798
0.588641
0.588250
0.588172
0.587859
0.587546
0.587233
0.586920
0.586685
0.586450
0.586137
0.585667
0.585119
0.584806
0.584728
0.584493
0.584102
0.584258
0.584180
0.583241
0.583241
0.582771
0.582458
0.581832
0.581754
0.581754
0.581441
0.581284
0.580736
0.580345
0.580345
0.579875
0.579406
0.578936
0.578701
0.578779
0.578545
0.578232
0.577918
0.577840
0.577449
0.577136
0.576353
0.576118
0.575883
0.575883
0.575492
0.575414
0.575179
0.575101
0.574475
0.574083
0.573927
0.573770
0.573379
0.573144
0.572987
0.572831
0.572440
0.572361
0.571970
0.571500
0.571109
0.570639
0.570561
0.570248
0.569778
0.569700
0.569544
0.569309
0.568996
0.568683
0.568213
0.567822
0.567665
0.567352
0.567196
0.567117
0.566804
0.566491
0.566178
0.566021
0.565630
0.565082
0.564613
0.564456
0.564221
0.564065
0.563830
0.563830
0.563360
0.562734
0.562656
0.562108
0.561638
0.561247
0.561012
0.560621
0.560621
0.560308
0.560073
0.559603
0.559055
0.559055
0.558664
0.558273
0.558273
0.558038
0.557490
0.557568
0.556864
0.556551
0.556003
0.555925
0.555612
0.555299
0.555142
0.554594
0.554594
0.554438
0.554046
0.553342
0.552950
0.553029
0.552637
0.552324
0.552089
0.551933
0.551855
0.551307
0.551150
0.550368
0.549820
0.549507
0.549428
0.548880
0.548724
0.548411
0.548411
0.547941
0.547628
0.547315
0.547158
0.546767
0.546297
0.545906
0.545515
0.545280
0.545202
0.544889
0.544732
0.544106
0.543871
0.543558
0.543245
0.542932
0.542775
0.542306
0.542384
0.541758
0.541680
0.540819
0.540897
0.540192
0.539958
0.539879
0.539488
0.539253
0.538862
0.538705
0.538314
0.537844
0.537766
0.537531
0.537140
0.537062
0.536749
0.536201
0.535809
0.535340
0.534948
0.534870
0.534400
0.533853
0.533853
0.533696
0.533226
0.532913
0.532679
0.532365
0.532287
0.531739
0.531583
0.531113
0.530644
0.530096
0.530174
0.529861
0.529313
0.529391
0.529078
0.528765
0.528374
0.528061
0.527982
0.527513
0.527200
0.526887
0.526574
0.526417
0.525947
0.525556
0.525243
0.525086
0.524695
0.524460
0.524147
0.523521
0.523443
0.523286
0.523130
0.522582
0.522269
0.522190
0.521799
0.521173
0.520782
0.520390
0.520312
0.519921
0.519764
0.519138
0.519138
0.518512
0.518355
0.518042
0.517494
0.517416
0.517181
0.516712
0.516477
0.516242
0.516164
0.515616
0.515224
0.514911
0.514677
0.514442
0.514207
0.514050
0.513972
0.513268
0.512955
0.512798
0.512563
0.512015
0.512015
0.511546
0.511154
0.511076
0.510685
0.510372
0.509980
0.509824
0.509511
0.509119
0.508650
0.508571
0.508337
0.508102
0.507945
0.507632
0.507319
0.507397
0.506693
0.505989
0.505910
0.505754
0.505362
0.505675
0.504658
0.504815
0.504267
0.504110
0.503640
0.503484
0.503093
0.502858
0.502779
0.502388
0.502075
0.501919
0.501605
0.501371
0.500744
0.500197
0.499962
0.499727
0.499649
0.499414
0.498866
0.498709
0.498475
0.498083
0.497692
0.497222
0.496988
0.497144
0.496674
0.496596
0.496205
0.496048
0.495344
0.495344
0.494953
0.494483
0.494483
0.494248
0.493622
0.493622
0.493387
0.492918
0.492683
0.492213
0.491900
0.491900
0.491274
0.491352
0.490804
0.490804
0.490491
0.489943
0.489630
0.489082
0.488691
0.488378
0.488300
0.488378
0.487908
0.488065
0.487439
0.487126
0.486734
0.486108
0.485873
0.485560
0.485247
0.485404
0.485091
0.484777
0.484386
0.483916
0.483682
0.483290
0.483056
0.482977
0.482586
0.482742
0.482195
0.481725
0.481647
0.481412
0.480629
0.480473
0.479612
0.479612
0.479377
0.479299
0.478672
0.478046
0.477968
0.477733
0.477577
0.476872
0.476794
0.476403
0.476011
0.475855
0.475855
0.475229
0.474915
0.474446
0.474368
0.474054
0.473585
0.473194
0.473115
0.472646
0.472567
0.472489
0.471785
0.471628
0.471158
0.470767
0.470454
0.470141
0.469906
0.469593
0.469358
0.468967
0.468341
0.468028
0.467793
0.467245
0.467010
0.467010
0.466306
0.466306
0.465836
0.465601
0.464897
0.464584
0.463879
0.463879
0.464036
0.463723
0.463332
0.462940
0.462784
0.462236
0.461688
0.461375
0.461140
0.461140
0.460749
0.460122
0.460122
0.459731
0.459340
0.459027
0.458870
0.458322
0.457853
0.457383
0.457618
0.457461
0.456757
0.456679
0.455818
0.455583
0.455505
0.455035
0.454409
0.454565
0.454252
0.453939
0.453626
0.453156
0.452765
0.452609
0.452530
0.451826
0.451513
0.451200
0.450965
0.450965
0.450417
0.449869
0.449556
0.449165
0.449086
0.448539
0.448539
0.447991
0.447834
0.447678
0.447364
0.446973
0.446582
0.445877
0.445877
0.445564
0.445329
0.444860
0.444625
0.444547
0.443999
0.443686
0.443294
0.442903
0.442512
0.442355
0.442120
0.441651
0.441338
0.441103
0.440633
0.440320
0.440007
0.439616
0.439068
0.438520
0.438677
0.438442
0.438050
0.437502
0.437268
0.436876
0.436250
0.436172
0.435859
0.435859
0.435389
0.435389
0.434763
0.434528
0.434372
0.434137
0.433589
0.433354
0.433119
0.432963
0.432571
0.432337
0.432102
0.431867
0.431632
0.431397
0.430928
0.430458
0.430223
0.430067
0.429832
0.429284
0.429284
0.428815
0.428658
0.428188
0.427719
0.427640
0.427406
0.427014
0.426936
0.426701
0.426153
0.426075
0.425527
0.425136
0.424979
0.424666
0.424353
0.423962
0.423805
0.423570
0.423179
0.423179
0.422788
0.422396
0.422083
0.421927
0.421222
0.421222
0.420753
0.420674
0.420205
0.419970
0.419579
0.419344
0.419187
0.418874
0.418639
0.417935
0.418013
0.417622
0.417309
0.416839
0.416604
0.416448
0.416057
0.415900
0.415274
0.415039
0.414726
0.414569
0.414413
0.413943
0.413630
0.413395
0.413317
0.412613
0.412378
0.411987
0.411595
0.411282
0.411517
0.411047
0.410656
0.410265
0.410186
0.409560
0.409169
0.409012
0.408856
0.408464
0.408308
0.407917
0.407603
0.407603
0.407369
0.406977
0.406508
0.406195
0.405647
0.405568
0.405255
0.404942
0.404473
0.404160
0.404160
0.403533
0.403299
0.402986
0.402672
0.402281
0.402359
0.401890
0.401655
0.401420
0.400872
0.400403
0.399698
0.399776
0.399620
0.399072
0.398837
0.398681
0.398211
0.397898
0.397428
0.397272
0.397037
0.396411
0.396333
0.396176
0.395706
0.395628
0.395159
0.394845
0.394141
0.394063
0.393750
0.393593
0.393202
0.392967
0.392810
0.392654
0.392263
0.391793
0.391010
0.391010
0.390775
0.390384
0.389914
0.389758
0.389445
0.388975
0.388584
0.388271
0.388036
0.387801
0.387645
0.387253
0.386784
0.386627
0.386314
0.385923
0.385453
0.385140
0.384983
0.384592
0.384279
0.384122
0.383731
0.383418
0.383340
0.382948
0.382635
0.382009
0.381931
0.381540
0.381227
0.380992
0.380757
0.380444
0.380209
0.379583
0.379348
0.378800
0.378644
0.378487
0.378096
0.377939
0.377783
0.377391
0.376922
0.376452
0.375748
0.375669
0.375513
0.375200
0.374808
0.374417
0.374417
0.374104
0.373634
0.373086
0.372852
0.372539
0.371991
0.372069
0.371678
0.371051
0.370582
0.370425
0.369877
0.369564
0.369564
0.368782
0.368938
0.368469
0.367921
0.367529
0.367294
0.366825
0.366668
0.366199
0.366042
0.365729
0.365338
0.365103
0.364868
0.364398
0.364085
0.363694
0.363224
0.362990
0.362442
0.362285
0.361659
0.361503
0.361346
0.360720
0.360563
0.360094
0.359624
0.359076
0.359076
0.358920
0.358607
0.358215
0.358137
0.357824
0.357354
0.357119
0.356650
0.356102
0.355789
0.355476
0.355084
0.354850
0.354302
0.354223
0.353910
0.353284
0.352971
0.352893
0.352423
0.352345
0.351797
0.351719
0.351406
0.350936
0.350388
0.350153
0.349919
0.349606
0.348979
0.348823
0.348431
0.347962
0.348118
0.347805
0.347257
0.346866
0.346475
0.346318
0.345927
0.345692
0.345457
0.345301
0.344596
0.344675
0.344048
0.343892
0.343187
0.343031
0.342874
0.342483
0.342170
0.341779
0.341309
0.341309
0.340918
0.340761
0.340213
0.339665
0.339196
0.339117
0.338883
0.338491
0.338256
0.337865
0.337317
0.337161
0.337004
0.336769
0.336456
0.335987
0.336300
0.335673
0.335360
0.335204
0.334421
0.334030
0.333952
0.333717
0.333169
0.333169
0.332778
0.332386
0.331917
0.331838
0.331447
0.331134
0.330821
0.330664
0.330273
0.329960
0.329568
0.329021
0.328942
0.328473
0.328394
0.327925
0.327690
0.327455
0.327377
0.326986
0.326516
0.326438
0.326125
0.325733
0.325498
0.324794
0.324481
0.324246
0.324011
0.323542
0.323542
0.323307
0.322916
0.322602
0.322446
0.321976
0.321428
0.321428
0.320959
0.320646
0.320254
0.319941
0.319706
0.319237
0.318924
0.318767
0.318141
0.318141
0.317985
0.317515
0.317280
0.317045
0.316810
0.316497
0.316028
0.315871
0.315323
0.315167
0.314932
0.314541
0.314306
0.313758
0.313523
0.313210
0.312662
0.312349
0.311958
0.311645
0.311410
0.310940
0.310705
0.310627
0.310158
0.309844
0.309610
0.309375
0.308905
0.308670
0.308357
0.308044
0.307731
0.307262
0.306792
0.306401
0.306009
0.305774
0.305853
0.305305
0.304835
0.304679
0.304444
0.304052
0.303661
0.303426
0.303348
0.302957
0.302487
0.302252
0.301861
0.301470
0.301391
0.300687
0.300374
0.299982
0.299669
0.299278
0.299121
0.298574
0.298495
0.297947
0.297713
0.297400
0.297086
0.296617
0.296539
0.295991
0.295521
0.295208
0.294895
0.294973
0.294269
0.293877
0.293486
0.293173
0.293016
0.292547
0.292234
0.291999
0.291764
0.291608
0.291060
0.290355
0.290042
0.289651
0.289338
0.289338
0.288946
0.288399
0.287851
0.287772
0.287224
0.286755
0.286520
0.286050
0.285659
0.285503
0.285268
0.284876
0.284485
0.284015
0.283781
0.283154
0.283154
0.282920
0.282528
0.282293
0.282059
0.281824
0.281433
0.280728
0.280258
0.279476
0.279241
0.279084
0.278928
0.278537
0.278223
0.278067
0.277206
0.277128
0.276893
0.276345
0.276188
0.275875
0.275719
0.275406
0.274858
0.274545
0.274232
0.273684
0.273449
0.273214
0.272823
0.272431
0.272040
0.271884
0.271257
0.271179
0.270475
0.270240
0.270083
0.269692
0.269144
0.268988
0.268675
0.268127
0.267814
0.267422
0.267187
0.266718
0.266326
0.266013
0.265700
0.265387
0.264996
0.264761
0.264370
0.263978
0.263744
0.263196
0.262883
0.262648
0.262335
0.262100
0.261709
0.261395
0.260691
0.260534
0.260300
0.259595
0.259517
0.259047
0.258421
0.258186
0.257795
0.257639
0.257482
0.257012
0.256856
0.256308
0.256386
0.255917
0.255134
0.255056
0.254664
0.254429
0.254273
0.253647
0.253412
0.253099
0.252786
0.252551
0.252160
0.251847
0.251299
0.250907
0.250672
0.250359
0.249812
0.249812
0.249577
0.248872
0.248403
0.248403
0.248246
0.247777
0.247698
0.247229
0.246916
0.246524
0.246211
0.245976
0.245428
0.244959
0.244881
0.244802
0.244098
0.243785
0.243863
0.243315
0.243080
0.242767
0.242063
0.241515
0.241515
0.241358
0.240419
0.240184
0.239871
0.239480
0.239245
0.238854
0.238541
0.238149
0.237993
0.237836
0.237367
0.236897
0.236662
0.236506
0.236193
0.235488
0.235175
0.235175
0.234471
0.234314
0.234079
0.233610
0.233297
0.232984
0.232749
0.232357
0.232044
0.231653
0.231496
0.230949
0.230870
0.230322
0.229931
0.229774
0.229305
0.228992
0.228679
0.228444
0.228287
0.228131
0.227661
0.227426
0.227035
0.226409
0.226018
0.225548
0.225078
0.225000
0.225000
0.224217
0.223904
0.223356
0.223356
0.222965
0.222652
0.222261
0.221869
0.221713
0.221087
0.220773
0.220617
0.220304
0.219912
0.219051
0.218582
0.218582
0.218504
0.218191
0.217486
0.217330
0.217016
0.216625
0.216156
0.215842
0.215373
0.215529
0.214903
0.214825
0.214355
0.214120
0.213494
0.213338
0.213103
0.212399
0.212399
0.211929
0.211929
0.211068
0.210911
0.210442
0.210364
0.209894
0.209581
0.209111
0.208563
0.208172
0.208015
0.207702
0.207468
0.207154
0.206607
0.206215
0.205980
0.205433
0.204885
0.204806
0.204102
0.204259
0.203789
0.203319
0.202928
0.202380
0.201989
0.201597
0.201363
0.200893
0.200502
0.200110
0.199641
0.199406
0.198858
0.198232
0.197997
0.197762
0.197606
0.197214
0.196588
0.196353
0.196118
0.195727
0.195179
0.194944
0.194397
0.194397
0.194083
0.193849
0.193457
0.193066
0.192596
0.192127
0.191266
0.191187
0.191187
0.190248
0.190248
0.189935
0.189387
0.189544
0.188839
0.188213
0.187744
0.187274
0.186883
0.186883
0.186804
0.186335
0.185865
0.185552
0.184926
0.184378
0.183674
0.183595
0.183126
0.183047
0.182421
0.182108
0.181873
0.181404
0.181091
0.180778
0.180230
0.179995
0.179290
0.179760
0.179056
0.178664
0.178586
0.177882
0.177569
0.177021
0.176786
0.176238
0.176160
0.175768
0.175220
0.174829
0.174516
0.174046
0.173498
0.173264
0.172872
0.172481
0.172090
0.172168
0.171855
0.171463
0.171150
0.170524
0.170368
0.169898
0.169272
0.169428
0.168881
0.168489
0.168098
0.167863
0.167550
0.167159
0.166924
0.166219
0.165985
0.165671
0.165280
0.164889
0.164654
0.164106
0.164028
0.163402
0.162932
0.162619
0.162071
0.161758
0.161680
0.161445
0.160975
0.160662
0.160036
0.159723
0.159332
0.158940
0.158471
0.158158
0.158001
0.157375
0.157140
0.156905
0.156514
0.155731
0.155418
0.154870
0.154635
0.154244
0.154088
0.153774
0.153227
0.153305
0.152600
0.151974
0.151739
0.151270
0.151270
0.150722
0.150722
0.149861
0.149548
0.149000
0.148843
0.148609
0.147904
0.147513
0.147356
0.146965
0.146495
0.146104
0.145713
0.145556
0.145400
0.145008
0.144617
0.144226
0.143834
0.143756
0.143208
0.142895
0.142738
0.142347
0.141877
0.141408
0.141017
0.140860
0.140234
0.140077
0.139686
0.139060
0.138825
0.138512
0.137964
0.137651
0.137103
0.137025
0.136633
0.136242
0.135851
0.135381
0.135225
0.134833
0.134677
0.133816
0.133268
0.133268
0.132798
0.132642
0.132250
0.131624
0.131624
0.131468
0.130998
0.130372
0.129824
0.129667
0.129354
0.128963
0.128728
0.127867
0.127711
0.127476
0.127241
0.126458
0.126067
0.125832
0.125519
0.125128
0.124580
0.124032
0.123875
0.123797
0.123249
0.122545
0.121919
0.121762
0.121449
0.120666
0.120666
0.119962
0.119492
0.118944
0.118475
0.118318
0.118005
0.117614
0.117301
0.116831
0.116518
0.115814
0.115501
0.115422
0.114561
0.114561
0.113935
0.113935
0.113387
0.112683
0.112448
0.112057
0.111822
0.111587
0.111117
0.110804
0.110335
0.110178
0.109630
0.109161
0.108769
0.108613
0.107987
0.107674
0.107282
0.106969
0.106500
0.106421
0.105795
0.105247
0.104934
0.104465
0.104073
0.103917
0.103369
0.102821
0.102664
0.102351
0.101960
0.101334
0.100708
0.100394
0.100081
0.099925
0.099455
0.098829
0.098751
0.098125
0.097733
0.097342
0.096638
0.096481
0.096246
0.095777
0.095698
0.094994
0.094446
0.094446
0.093507
0.093115
0.092724
0.092489
0.092254
0.092020
0.091472
0.091002
0.090532
0.090298
0.089828
0.089124
0.088576
0.088576
0.088263
0.087715
0.087480
0.086932
0.086619
0.086149
0.085680
0.085210
0.084584
0.084427
0.084036
0.083801
0.083488
0.083175
0.082627
0.081610
0.081688
0.081218
0.080514
0.079810
0.079575
0.079027
0.079027
0.078557
0.078009
0.077540
0.076757
0.076522
0.076209
0.075661
0.075426
0.075270
0.074722
0.074096
0.073939
0.073313
0.072609
0.072139
0.071983
0.071669
0.071278
0.070887
0.070339
0.069948
0.069556
0.069008
0.068304
0.068069
0.067365
0.067130
0.066425
0.066738
0.065878
0.065721
0.065017
0.064547
0.064234
0.063529
0.063060
0.062825
0.062512
0.062355
0.061729
0.061260
0.060633
0.060164
0.059459
0.058990
0.058598
0.058285
0.057816
0.057659
0.057033
0.057033
0.056407
0.056016
0.055389
0.054763
0.054372
0.054059
0.053980
0.053511
0.053120
0.052493
0.051867
0.051632
0.051241
0.050380
0.050067
0.049910
0.049284
0.048815
0.048502
0.048189
0.047562
0.047249
0.046545
0.045997
0.045840
0.045606
0.045058
0.044745
0.044275
0.043805
0.043336
0.042944
0.042397
0.042162
0.041692
0.041223
0.040909
0.040596
0.039970
0.039344
0.038718
0.038013
0.037622
0.037231
0.036918
0.036370
0.036057
0.035744
0.035509
0.034648
0.034413
0.033787
0.033552
0.032926
0.032378
0.032456
0.031517
0.031361
0.030891
0.030578
0.029873
0.029482
0.028934
0.028699
0.028386
0.028073
0.027760
0.027056
0.026899
0.026273
0.025960
0.025490
0.024942
0.024316
0.023768
0.023690
0.023299
0.022673
0.022203
0.021890
0.021264
0.020951
0.020168
0.020090
0.019307
0.018994
0.018837
0.018289
0.017742
0.017037
0.016724
0.016333
0.015628
0.015159
0.014767
0.014454
0.013985
0.013593
0.013280
0.012654
0.012028
0.011480
0.011089
0.010462
0.009993
0.009367
0.009132
0.008506
0.007958
0.007723
0.007253
0.006627
0.006079
0.005923
0.005218
0.004827
0.004357
0.003888
0.003183
0.002870
0.002714
0.002088
0.001696
0.001461
0.000757
0.000679
0.000131
-0.000260
-0.000808
-0.001435
-0.002061
-0.002217
-0.002843
-0.003313
-0.003939
-0.004017
-0.004644
-0.005191
-0.005348
-0.005974
-0.006600
-0.006913
-0.007461
-0.008009
-0.008401
-0.008948
-0.009340
-0.010201
-0.010749
-0.011062
-0.011688
-0.012001
-0.012471
-0.013175
-0.013488
-0.013958
-0.014271
-0.014819
-0.015758
-0.015836
-0.016697
-0.017245
-0.017558
-0.018028
-0.018654
-0.018967
-0.019515
-0.019984
-0.020767
-0.021706
-0.021941
-0.022489
-0.022880
-0.023507
-0.023663
-0.024446
-0.024759
-0.025307
-0.026011
-0.026794
-0.027342
-0.027342
-0.027733
-0.028438
-0.028907
-0.029455
-0.029925
-0.030473
-0.031334
-0.031725
-0.032429
-0.032664
-0.033134
-0.033916
-0.034464
-0.035012
-0.035169
-0.035717
-0.036578
-0.037126
-0.037673
-0.038143
-0.038847
-0.039395
-0.039865
-0.040648
-0.041039
-0.041352
-0.042291
-0.042918
-0.043778
-0.044013
-0.044561
-0.045031
-0.045500
-0.046205
-0.046440
-0.046753
-0.047535
-0.048318
-0.049023
-0.049727
-0.050197
-0.050744
-0.051449
-0.051997
-0.052466
-0.052545
-0.053797
-0.054423
-0.054893
-0.055441
-0.055989
-0.056615
-0.057319
-0.057945
-0.058102
-0.058806
-0.059511
-0.060450
-0.061311
-0.061546
-0.062250
-0.062485
-0.062955
-0.063424
-0.063894
-0.064677
-0.065459
-0.066477
-0.066790
-0.067494
-0.067729
-0.068199
-0.068825
-0.069216
-0.070077
-0.070703
-0.071564
-0.072112
-0.072817
-0.073130
-0.073521
-0.074225
-0.074773
-0.075008
-0.075713
-0.076182
-0.076965
-0.078061
-0.078765
-0.079391
-0.079939
-0.080330
-0.080957
-0.081818
-0.081896
-0.082835
-0.083383
-0.084400
-0.084870
-0.085418
-0.085888
-0.086749
-0.087296
-0.087923
-0.088236
-0.088627
-0.089645
-0.090349
-0.091132
-0.091445
-0.092071
-0.092619
-0.093167
-0.093402
-0.094341
-0.094732
-0.095671
-0.096611
-0.097080
-0.097863
-0.098176
-0.098489
-0.099037
-0.099585
-0.100289
-0.100994
-0.101855
-0.102872
-0.103264
-0.103968
-0.104281
-0.104672
-0.105455
-0.105846
-0.106551
-0.106864
-0.107803
-0.108821
-0.109525
-0.110230
-0.110543
-0.111012
-0.111638
-0.112343
-0.112891
-0.113673
-0.114221
-0.115161
-0.115787
-0.116726
-0.116726
-0.117274
-0.118135
-0.118683
-0.119465
-0.120013
-0.120952
-0.121344
-0.122596
-0.123535
-0.124005
-0.124240
-0.124944
-0.125649
-0.126197
-0.126901
-0.127292
-0.128075
-0.129093
-0.129875
-0.130501
-0.130893
-0.131519
-0.132223
-0.132615
-0.133632
-0.134258
-0.134728
-0.135667
-0.136528
-0.137233
-0.137467
-0.137702
-0.138172
-0.139033
-0.140050
-0.140520
-0.141381
-0.142242
-0.142946
-0.143729
-0.144042
-0.144433
-0.145060
-0.145451
-0.146390
-0.147095
-0.147799
-0.148582
-0.149208
-0.150225
-0.150773
-0.151399
-0.151634
-0.152260
-0.153278
-0.153826
-0.154530
-0.155000
-0.156017
-0.157035
-0.157191
-0.158052
-0.158444
-0.158992
-0.159774
-0.160870
-0.161261
-0.161888
-0.162827
-0.163923
-0.164236
-0.164862
-0.165331
-0.165566
-0.166349
-0.167445
-0.168149
-0.168462
-0.169401
-0.170497
-0.171123
-0.171593
-0.171984
-0.172767
-0.173237
-0.174332
-0.174880
-0.175428
-0.176133
-0.177150
-0.178168
-0.178168
-0.178716
-0.179342
-0.179733
-0.180985
-0.181925
-0.182473
-0.183177
-0.184038
-0.184664
-0.185603
-0.185916
-0.186229
-0.186777
-0.187325
-0.188343
-0.189204
-0.189908
-0.190769
-0.191630
-0.192256
-0.192882
-0.193196
-0.193665
-0.194213
-0.195309
-0.196248
-0.196405
-0.197187
-0.197500
-0.198596
-0.199222
-0.199927
-0.200475
-0.200944
-0.201805
-0.203136
-0.203684
-0.204232
-0.204936
-0.205953
-0.206501
-0.207128
-0.207597
-0.207832
-0.208380
-0.209163
-0.210180
-0.210728
-0.211667
-0.212059
-0.212919
-0.213233
-0.213780
-0.214641
-0.215346
-0.216207
-0.216833
-0.217381
-0.217850
-0.218790
-0.219729
-0.220355
-0.220903
-0.221451
-0.222155
-0.222703
-0.223486
-0.224112
-0.224817
-0.225130
-0.226069
-0.226695
-0.227243
-0.227869
-0.228652
-0.229043
-0.229826
-0.230922
-0.231313
-0.231861
-0.232643
-0.233504
-0.233739
-0.234444
-0.234913
-0.235618
-0.236087
-0.236870
-0.237574
-0.238435
-0.238749
-0.239688
-0.240236
-0.240627
-0.241097
-0.241410
-0.242349
-0.243445
-0.243758
-0.244462
-0.245245
-0.245558
-0.246497
-0.246810
-0.247280
-0.247750
-0.248376
-0.249158
-0.250019
-0.250802
-0.251037
-0.251585
-0.252211
-0.252759
-0.253228
-0.253620
-0.254168
-0.254637
-0.255655
-0.256438
-0.256907
-0.257533
-0.257768
-0.258238
-0.258942
-0.259255
-0.259960
-0.260351
-0.261055
-0.261760
-0.262777
-0.262699
-0.263482
-0.264264
-0.264499
-0.264891
-0.265360
-0.265986
-0.266221
-0.267239
-0.267552
-0.268178
-0.268491
-0.268804
-0.269587
-0.269978
-0.270526
-0.271230
-0.271387
-0.272091
-0.272639
-0.273266
-0.273344
-0.273579
-0.274440
-0.274518
-0.275144
-0.275457
-0.276005
-0.276396
-0.276866
-0.277883
-0.277805
-0.278353
-0.278979
-0.279371
-0.279605
-0.280075
-0.280779
-0.281014
-0.281875
-0.282345
-0.282658
-0.282893
-0.283284
-0.283675
-0.283988
-0.284615
-0.285006
-0.285241
-0.285554
-0.286258
-0.286493
-0.286884
-0.287276
-0.287667
-0.287980
-0.288293
-0.288841
-0.288998
-0.289233
-0.289467
-0.290172
-0.290954
-0.290954
-0.291111
-0.291581
-0.291815
-0.291972
-0.292442
-0.292676
-0.293068
-0.293537
-0.293616
-0.294242
-0.294398
-0.294946
-0.294868
-0.295181
-0.295572
-0.295651
-0.296042
-0.296277
-0.296590
-0.296981
-0.297294
-0.297686
-0.297842
-0.298155
-0.298234
-0.298547
-0.298860
-0.299016
-0.299408
-0.299486
-0.299564
-0.300112
-0.300425
-0.300582
-0.300816
-0.300895
-0.301208
-0.301521
-0.301599
-0.301912
-0.302147
-0.302147
-0.302304
-0.302304
-0.302773
-0.302617
-0.303321
-0.303321
-0.303165
-0.303556
-0.303712
-0.304026
-0.304339
-0.304652
-0.304573
-0.304887
-0.304887
-0.304965
-0.304887
-0.305121
-0.305121
-0.305434
-0.305904
-0.305747
-0.306295
-0.306452
-0.306295
-0.306217
-0.306217
-0.306374
-0.306530
-0.306608
-0.306608
-0.306687
-0.306922
-0.307078
-0.307156
-0.307156
-0.307000
-0.307156
-0.307391
-0.307313
-0.307313
-0.307313
-0.307861
-0.307626
-0.308017
-0.308017
-0.308174
-0.308174
-0.308096
-0.308174
-0.308174
-0.308565
-0.308330
-0.308330
-0.308409
-0.308487
-0.308409
-0.308565
-0.308330
-0.308643
-0.308565
-0.308409
-0.308643
-0.308800
-0.308643
-0.308800
-0.308800
-0.308878
-0.308878
-0.308722
-0.308878
-0.308409
-0.308643
-0.308800
-0.308878
-0.308800
-0.308722
-0.308957
-0.308800
-0.308800
-0.308722
-0.308878
-0.308643
-0.308565
-0.308722
-0.308722
-0.308565
-0.308487
-0.308957
-0.308722
-0.308565
-0.308252
-0.308252
-0.308096
-0.308487
-0.308252
-0.307939
-0.308174
-0.308487
-0.308487
-0.308330
-0.308096
-0.308017
-0.308252
-0.307861
-0.307704
-0.307626
-0.307782
-0.307939
-0.308096
-0.308017
-0.308174
-0.308017
-0.307939
-0.307782
-0.307704
-0.307548
-0.307469
-0.307391
-0.307313
-0.307469
-0.307469
-0.307469
-0.307391
-0.307156
-0.307235
-0.307078
-0.307000
-0.307000
-0.307156
-0.306687
-0.306687
-0.306765
-0.306922
-0.306374
-0.306374
-0.306530
-0.306217
-0.306295
-0.305982
-0.305904
-0.305982
-0.306217
-0.306139
-0.305982
-0.305904
-0.305669
-0.305513
-0.305826
-0.305434
-0.305513
-0.305278
-0.305513
-0.305669
-0.305434
-0.305434
-0.305200
-0.305121
-0.305043
-0.304730
-0.304808
-0.304730
-0.304730
-0.304730
-0.304730
-0.304730
-0.304808
-0.304339
-0.304260
-0.303947
-0.304182
-0.304260
-0.304182
-0.303634
-0.303634
-0.303947
-0.304182
-0.304026
-0.304104
-0.303791
-0.303556
-0.303321
-0.303556
-0.303165
-0.303321
-0.303321
-0.303008
-0.303321
-0.303165
-0.303086
-0.302851
-0.302695
-0.302695
-0.302617
-0.302538
-0.302617
-0.302382
-0.302617
-0.302538
-0.302460
-0.302304
-0.302225
-0.301991
-0.302225
-0.301756
-0.301912
-0.301991
-0.302225
-0.302069
-0.302069
-0.301991
-0.301756
-0.301599
-0.301443
-0.301443
-0.301756
-0.301677
-0.301364
-0.301286
-0.301677
-0.301756
-0.301677
-0.301051
-0.301051
-0.301130
-0.300895
-0.300973
-0.301130
-0.300973
-0.300895
-0.301364
-0.301130
-0.300738
-0.300738
-0.301130
-0.300895
-0.300660
-0.300738
-0.300816
-0.300582
-0.300582
-0.300582
-0.300973
-0.300660
-0.300582
-0.300503
-0.300425
-0.300347
-0.300269
-0.300425
-0.300347
-0.300425
-0.300347
-0.300112
-0.300112
-0.300269
-0.300112
-0.300112
-0.300347
-0.300190
-0.300112
-0.300582
-0.300347
-0.300034
-0.300034
-0.299799
-0.299956
-0.299486
-0.299721
-0.299721
-0.299956
-0.299956
-0.299877
-0.300190
-0.300034
-0.300190
-0.300034
-0.299721
-0.299564
-0.299642
-0.299721
-0.299721
-0.299564
-0.300034
-0.299799
-0.299956
-0.299721
-0.300034
-0.299799
-0.299486
-0.299721
-0.299799
-0.299642
-0.300034
-0.299799
-0.299799
-0.299799
-0.299877
-0.299642
-0.300034
-0.299721
-0.300034
-0.300269
-0.299956
-0.299799
-0.299877
-0.299956
-0.300190
-0.299799
-0.299799
-0.299799
-0.300112
-0.299877
-0.299877
-0.300034
-0.300190
-0.300190
-0.300112
-0.300269
-0.300269
-0.300190
-0.300347
-0.300425
-0.300190
-0.300425
-0.300503
-0.300347
-0.300582
-0.300973
-0.301130
-0.300738
-0.300738
-0.300895
-0.300973
-0.301130
-0.300738
-0.300895
-0.300973
-0.301130
-0.301051
-0.300660
-0.301130
-0.300895
-0.301286
-0.301130
-0.301130
-0.301051
-0.301443
-0.301599
-0.301364
-0.301521
-0.301599
-0.301834
-0.301756
-0.301599
-0.301834
-0.301991
-0.301912
-0.302147
-0.302069
-0.302382
-0.302538
-0.302538
-0.302538
-0.302773
-0.302538
-0.302851
-0.302695
-0.302930
-0.302773
-0.302930
-0.303008
-0.303086
-0.303165
-0.303165
-0.302851
-0.303399
-0.303243
-0.303321
-0.303712
-0.303634
-0.303869
-0.304026
-0.303869
-0.303791
-0.303869
-0.303791
-0.303791
-0.304182
-0.303947
-0.304339
-0.304573
-0.304417
-0.304652
-0.304652
-0.304887
-0.304887
-0.305043
-0.305043
-0.304965
-0.305121
-0.304965
-0.305434
-0.305591
-0.305982
-0.306139
-0.306139
-0.306217
-0.306295
-0.306374
-0.306452
-0.306374
-0.306530
-0.306530
-0.307078
-0.306922
-0.307078
-0.307156
-0.307078
-0.307469
-0.307000
-0.307078
-0.307469
-0.307469
-0.307704
-0.307626
-0.308017
-0.308174
-0.308330
-0.308330
-0.308174
-0.308565
-0.308409
-0.308722
-0.308487
-0.308722
-0.308878
-0.309191
-0.309191
-0.309583
-0.309583
-0.309661
-0.309739
-0.309974
-0.309974
-0.309896
-0.310052
-0.310131
-0.310522
-0.310757
-0.310835
-0.311148
-0.311148
-0.311226
-0.310992
-0.311305
-0.311461
-0.311461
-0.311461
-0.312087
-0.312166
-0.312166
-0.312792
-0.312792
-0.312557
-0.312479
-0.312870
-0.312870
-0.313027
-0.312792
-0.313183
-0.313340
-0.313574
-0.313731
-0.313888
-0.314201
-0.314357
-0.314201
-0.314357
-0.314435
-0.314827
-0.314983
-0.315062
-0.315140
-0.315453
-0.315923
-0.315844
-0.315766
-0.316001
-0.316001
-0.316236
-0.316314
-0.316627
-0.316705
-0.317097
-0.317410
-0.317644
-0.317723
-0.317566
-0.317958
-0.317958
-0.318114
-0.318192
-0.318584
-0.318819
-0.318975
-0.319053
-0.319366
-0.319366
-0.319679
-0.319993
-0.319914
-0.320227
-0.320306
-0.320227
-0.320462
-0.320932
-0.321167
-0.321480
-0.321480
-0.321480
-0.321793
-0.322184
-0.322184
-0.322419
-0.322419
-0.322889
-0.322810
-0.323045
-0.323280
-0.323358
-0.323671
-0.323984
-0.323593
-0.323906
-0.324063
-0.324219
-0.324610
-0.324689
-0.324924
-0.325237
-0.325393
-0.325785
-0.325863
-0.325941
-0.326019
-0.326019
-0.326176
-0.326411
-0.326880
-0.326880
-0.327272
-0.327428
-0.327663
-0.327976
-0.327741
-0.328054
-0.328367
-0.328289
-0.328524
-0.328759
-0.328915
-0.329228
-0.329463
-0.329385
-0.329776
-0.330011
-0.329933
-0.330246
-0.330637
-0.331185
-0.331029
-0.330950
-0.331420
-0.331890
-0.331811
-0.332203
-0.332124
-0.332359
-0.332594
-0.332829
-0.332751
-0.333220
-0.333377
-0.333377
-0.333925
-0.334003
-0.334316
-0.334316
-0.334629
-0.334864
-0.334629
-0.334864
-0.335490
-0.335490
-0.335725
-0.336116
-0.336116
-0.336429
-0.336508
-0.336664
-0.336977
-0.337212
-0.337134
-0.337603
-0.337838
-0.337838
-0.338073
-0.338151
-0.338151
-0.338543
-0.338934
-0.339012
-0.339482
-0.339560
-0.339795
-0.339873
-0.340186
-0.340186
-0.340656
-0.340891
-0.341125
-0.341047
-0.341595
-0.341830
-0.342143
-0.342221
-0.342456
-0.342926
-0.342847
-0.342926
-0.343160
-0.343552
-0.343630
-0.343630
-0.344100
-0.344256
-0.344334
-0.344882
-0.345117
-0.345274
-0.345274
-0.345822
-0.345665
-0.345743
-0.346213
-0.346448
-0.346761
-0.346839
-0.347152
-0.347074
-0.347544
-0.347935
-0.347778
-0.347857
-0.348170
-0.348561
-0.348718
-0.349031
-0.349187
-0.349422
-0.349500
-0.349970
-0.349892
-0.350361
-0.350440
-0.350753
-0.350753
-0.350987
-0.351300
-0.351770
-0.351927
-0.352083
-0.352631
-0.352475
-0.352788
-0.353022
-0.353101
-0.353492
-0.353336
-0.353727
-0.354196
-0.354275
-0.354510
-0.354744
-0.354901
-0.355371
-0.355292
-0.355527
-0.355292
-0.355762
-0.355762
-0.356466
-0.356623
-0.356779
-0.357014
-0.357327
-0.357171
-0.357719
-0.358188
-0.358110
-0.358658
-0.358658
-0.358814
-0.358971
-0.359206
-0.359206
-0.359754
-0.359988
-0.360615
-0.360771
-0.361006
-0.361162
-0.361710
-0.361632
-0.362102
-0.362415
-0.362571
-0.362884
-0.363119
-0.363041
-0.363745
-0.363824
-0.363902
-0.363980
-0.364293
-0.364606
-0.364450
-0.364919
-0.365154
-0.365389
-0.365780
-0.365859
-0.366250
-0.366407
-0.366641
-0.366876
-0.367189
-0.367268
-0.367502
-0.367737
-0.368285
-0.368363
-0.368755
-0.368833
-0.369146
-0.369224
-0.369381
-0.369772
-0.370085
-0.370320
-0.370398
-0.370633
-0.371103
-0.371181
-0.371572
-0.371729
-0.372042
-0.372042
-0.372355
-0.372746
-0.372981
-0.373216
-0.373451
-0.373607
-0.373842
-0.373999
-0.374468
-0.374625
-0.374860
-0.375016
-0.375251
-0.375642
-0.375564
-0.375721
-0.376347
-0.376425
-0.376895
-0.377130
-0.377364
-0.377599
-0.377834
-0.378069
-0.378460
-0.378460
-0.378773
-0.379165
-0.379008
-0.379478
-0.379947
-0.379869
-0.380182
-0.380495
-0.380886
-0.381434
-0.381434
-0.381747
-0.381826
-0.382139
-0.382139
-0.382687
-0.382921
-0.383235
-0.383469
-0.383704
-0.384017
-0.384017
-0.384487
-0.384722
-0.384722
-0.385035
-0.385191
-0.385583
-0.386052
-0.386131
-0.386131
-0.386522
-0.386522
-0.387226
-0.387226
-0.387461
-0.387618
-0.388244
-0.388087
-0.388557
-0.388635
-0.389027
-0.389496
-0.389731
-0.390122
-0.390122
-0.390435
-0.390983
-0.390827
-0.391062
-0.390983
-0.391923
-0.392314
-0.392705
-0.392705
-0.392862
-0.393253
-0.393175
-0.393488
-0.393723
-0.393958
-0.394271
-0.394740
-0.395053
-0.394975
-0.395288
-0.395836
-0.396071
-0.396462
-0.396540
-0.397010
-0.397167
-0.397245
-0.397480
-0.397636
-0.397636
-0.398106
-0.398341
-0.398889
-0.399045
-0.399123
-0.399436
-0.399671
-0.399984
-0.400689
-0.400845
-0.401315
-0.401393
-0.401785
-0.402176
-0.402567
-0.402489
-0.403037
-0.403350
-0.403506
-0.403663
-0.404054
-0.404289
-0.404367
-0.404602
-0.405072
-0.405385
-0.405150
-0.405776
-0.405933
-0.406402
-0.406481
-0.406794
-0.407029
-0.407263
-0.407576
-0.407576
-0.408124
-0.408594
-0.408751
-0.408907
-0.409142
-0.409298
-0.409768
-0.410081
-0.410394
-0.410316
-0.410942
-0.411255
-0.411412
-0.411725
-0.411960
-0.412116
-0.412664
-0.412977
-0.413212
-0.413525
-0.413760
-0.413838
-0.414151
-0.414542
-0.414542
-0.415169
-0.415090
-0.415560
-0.415795
-0.416030
-0.416264
-0.416264
-0.416812
-0.416969
-0.417282
-0.417360
-0.417595
-0.417908
-0.418378
-0.418299
-0.418847
-0.419082
-0.419317
-0.419865
-0.419943
-0.420413
-0.420178
-0.420804
-0.421587
-0.421665
-0.421743
-0.422135
-0.422448
-0.422369
-0.422761
-0.422917
-0.423152
-0.423230
-0.423544
-0.424013
-0.424170
-0.424326
-0.424796
-0.425109
-0.425579
-0.425970
-0.425970
-0.425970
-0.426439
-0.426518
-0.426987
-0.427222
-0.427457
-0.427614
-0.428005
-0.428161
-0.428240
-0.428709
-0.429179
-0.429414
-0.429414
-0.430040
-0.430040
-0.430275
-0.430275
-0.430666
-0.431057
-0.431449
-0.431840
-0.431997
-0.432466
-0.432545
-0.432545
-0.433014
-0.433327
-0.433719
-0.433875
-0.434266
-0.434658
-0.434814
-0.435127
-0.435284
-0.435519
-0.435832
-0.436067
-0.436301
-0.436615
-0.436771
-0.437006
-0.437319
-0.437476
-0.438102
-0.438337
-0.438337
-0.438650
-0.438884
-0.439197
-0.439589
-0.439667
-0.439980
-0.440215
-0.441154
-0.441076
-0.441546
-0.442015
-0.442015
-0.442407
-0.442328
-0.443033
-0.443346
-0.443581
-0.443737
-0.444050
-0.444363
-0.444363
-0.444755
-0.445224
-0.445303
-0.445772
-0.446085
-0.446085
-0.446555
-0.446633
-0.447103
-0.447103
-0.447651
-0.447964
-0.447964
-0.448198
-0.448590
-0.448590
-0.449294
-0.449451
-0.449686
-0.449842
-0.450077
-0.450155
-0.450938
-0.451251
-0.451408
-0.451642
-0.451642
-0.452034
-0.452347
-0.452973
-0.452973
-0.453129
-0.453521
-0.453599
-0.453990
-0.454225
-0.454773
-0.454304
-0.454930
-0.455321
-0.455399
-0.455634
-0.456182
-0.456182
-0.456495
-0.456886
-0.457121
-0.457356
-0.457434
-0.457826
-0.458060
-0.458295
-0.458765
-0.458921
-0.459078
-0.459626
-0.459861
-0.460252
-0.460252
-0.460956
-0.461348
-0.461191
-0.461896
-0.461817
-0.461974
-0.462365
-0.462991
-0.463226
-0.463461
-0.463852
-0.463774
-0.464009
-0.464244
-0.465105
-0.465261
-0.465574
-0.465731
-0.466201
-0.466201
-0.466670
-0.466514
-0.466827
-0.466983
-0.467453
-0.467609
-0.468079
-0.468392
-0.468470
-0.468627
-0.469018
-0.469253
-0.469723
-0.469723
-0.470192
-0.470505
-0.470818
-0.470975
-0.471601
-0.471836
-0.472071
-0.472306
-0.472697
-0.472932
-0.473323
-0.473480
-0.473714
-0.474028
-0.474497
-0.474810
-0.474888
-0.475123
-0.475358
-0.475749
-0.476063
-0.476454
-0.476767
-0.477080
-0.477471
-0.477706
-0.478098
-0.477941
-0.478019
-0.478724
-0.478802
-0.479272
-0.479350
-0.479741
-0.480211
-0.480524
-0.480602
-0.480994
-0.481463
-0.481620
-0.482011
-0.482246
-0.482637
-0.482872
-0.483263
-0.483498
-0.483576
-0.483968
-0.484516
-0.484907
-0.484907
-0.485455
-0.485690
-0.485768
-0.486238
-0.486472
-0.486786
-0.487177
-0.487646
-0.487725
-0.488116
-0.488116
-0.488664
-0.488429
-0.489055
-0.489134
-0.489525
-0.489995
-0.490308
-0.490699
-0.491012
-0.491247
-0.491482
-0.491560
-0.492108
-0.492343
-0.492812
-0.492969
-0.493282
-0.493360
-0.493517
-0.493752
-0.494612
-0.494378
-0.494769
-0.494926
-0.495239
-0.495787
-0.495787
-0.496334
-0.496647
-0.496647
-0.496882
-0.497274
-0.497743
-0.497978
-0.498135
-0.498761
-0.498839
-0.499309
-0.499543
-0.499857
-0.500248
-0.500248
-0.500404
-0.500718
-0.501031
-0.501500
-0.501813
-0.502205
-0.502439
-0.502596
-0.502909
-0.503300
-0.503379
-0.503770
-0.503927
-0.504396
-0.504709
-0.504866
-0.505022
-0.505492
-0.505962
-0.506275
-0.506588
-0.506901
-0.507057
-0.507214
-0.507449
-0.507918
-0.507918
-0.508545
-0.508623
-0.509171
-0.509640
-0.509953
-0.510110
-0.510345
-0.510501
-0.511049
-0.511206
-0.511519
-0.511597
-0.511910
-0.512380
-0.513084
-0.513241
-0.513084
-0.513554
-0.513867
-0.514336
-0.514336
-0.514650
-0.514806
-0.515119
-0.515589
-0.515745
-0.516058
-0.516293
-0.516841
-0.517154
-0.517389
-0.517780
-0.517859
-0.518093
-0.518641
-0.518641
-0.518876
-0.519346
-0.519581
-0.519659
-0.520207
-0.521302
-0.520911
-0.521068
-0.521302
-0.522085
-0.522320
-0.522790
-0.522868
-0.523181
-0.523259
-0.523337
-0.524042
-0.524120
-0.524668
-0.524668
-0.525294
-0.525138
-0.525686
-0.525842
-0.526077
-0.526468
-0.526781
-0.527094
-0.527329
-0.527877
-0.527955
-0.528503
-0.528738
-0.528973
-0.529208
-0.529521
-0.529443
-0.529912
-0.530304
-0.530695
-0.531243
-0.531321
-0.531634
-0.531947
-0.531791
-0.532417
-0.532573
-0.532652
-0.533199
-0.533434
-0.533591
-0.533826
-0.534060
-0.534687
-0.534765
-0.535235
-0.535548
-0.535704
-0.535939
-0.535939
-0.536252
-0.536722
-0.537035
-0.537191
-0.537348
-0.537739
-0.538209
-0.538365
-0.538444
-0.538757
-0.539148
-0.539696
-0.540009
-0.540166
-0.540166
-0.540557
-0.541105
-0.541183
-0.541574
-0.541887
-0.541966
-0.542122
-0.542670
-0.543061
-0.542983
-0.543375
-0.543688
-0.543922
-0.544236
-0.544392
-0.544705
-0.545175
-0.545723
-0.545644
-0.545801
-0.546584
-0.546662
-0.546897
-0.547288
-0.547601
-0.547836
-0.548071
-0.548149
-0.548697
-0.548775
-0.548853
-0.549245
-0.549480
-0.549949
-0.550184
-0.550575
-0.550732
-0.550967
-0.551436
-0.551593
-0.552063
-0.552376
-0.552532
-0.552923
-0.553158
-0.553471
-0.553863
-0.554176
-0.554176
-0.554724
-0.554880
-0.555115
-0.555272
-0.555193
-0.555898
-0.556289
-0.556367
-0.556602
-0.557228
-0.557541
-0.557620
-0.558011
-0.558324
-0.558402
-0.558794
-0.558715
-0.559498
-0.559498
-0.559811
-0.560203
-0.560672
-0.560750
-0.561377
-0.561768
-0.562081
-0.562003
-0.562159
-0.563020
-0.563412
-0.563490
-0.563646
-0.563960
-0.564273
-0.564429
-0.565212
-0.565368
-0.565525
-0.565760
-0.566073
-0.566229
-0.566856
-0.567012
-0.566856
-0.567325
-0.567560
-0.567638
-0.568264
-0.568577
-0.568656
-0.569047
-0.569438
-0.569751
-0.569908
-0.570065
-0.570691
-0.571004
-0.571004
-0.571473
-0.571943
-0.572178
-0.572491
-0.572804
-0.573195
-0.573274
-0.573508
-0.573587
-0.573978
-0.574291
-0.574761
-0.574917
-0.575074
-0.575700
-0.576013
-0.576091
-0.576170
-0.576639
-0.577109
-0.577422
-0.577892
-0.577892
-0.578439
-0.578439
-0.578831
-0.578987
-0.579379
-0.579692
-0.580083
-0.580553
-0.580709
-0.581179
-0.581257
-0.581257
-0.581570
-0.581962
-0.582509
-0.582901
-0.582901
-0.583449
-0.583840
-0.583918
-0.584231
-0.584701
-0.584858
-0.585171
-0.585562
-0.585797
-0.585953
-0.586188
-0.586501
-0.587049
-0.587284
-0.587362
-0.587597
-0.587675
-0.588223
-0.588536
-0.588536
-0.589397
-0.589319
-0.589867
-0.590180
-0.590806
-0.590884
-0.590806
-0.591276
-0.591510
-0.591667
-0.592058
-0.592371
-0.592763
-0.593076
-0.593389
-0.593546
-0.593780
-0.594015
-0.594641
-0.594720
-0.595267
-0.595502
-0.595815
-0.595894
-0.596207
-0.596676
-0.596911
-0.596989
-0.597302
-0.597694
-0.598085
-0.598555
-0.598633
-0.599103
-0.599572
-0.599651
-0.600120
-0.600433
-0.600903
-0.600903
-0.601216
-0.601607
-0.602312
-0.602547
-0.602468
-0.602938
-0.603251
-0.603799
-0.603799
-0.604268
-0.604425
-0.604503
-0.605051
-0.605208
-0.605364
-0.605912
-0.606382
-0.606382
-0.606851
-0.607478
-0.607478
-0.607947
-0.608025
-0.608417
-0.608495
-0.608652
-0.609278
-0.609513
-0.609982
-0.609904
-0.610530
-0.610921
-0.611234
-0.611391
-0.611548
-0.612174
-0.612174
-0.612487
-0.612722
-0.613348
-0.613113
-0.613269
-0.613661
-0.614130
-0.614444
-0.614678
-0.614991
-0.615305
-0.615226
-0.616009
-0.616009
-0.616165
-0.616713
-0.617026
-0.617183
-0.617496
-0.617966
-0.618122
-0.618279
-0.618670
-0.618983
-0.619061
-0.619609
-0.619844
-0.620392
-0.620705
-0.620940
-0.621175
-0.621175
-0.621331
-0.621723
-0.622114
-0.622740
-0.622740
-0.623366
-0.623679
-0.623758
-0.623679
-0.623914
-0.624462
-0.624932
-0.624932
-0.625636
-0.625480
-0.625714
-0.626497
-0.626967
-0.627045
-0.627593
-0.627671
-0.627906
-0.628297
-0.628610
-0.628767
-0.629158
-0.629315
-0.629706
-0.630489
-0.630489
-0.630802
-0.631428
-0.631585
-0.631741
-0.632211
-0.632133
-0.632759
-0.632759
-0.633072
-0.633228
-0.633541
-0.633698
-0.634089
-0.634637
-0.634950
-0.635028
-0.635655
-0.635576
-0.635889
-0.635889
-0.636359
-0.636516
-0.637064
-0.637298
-0.637533
-0.637690
-0.638003
-0.638238
-0.638707
-0.638785
-0.638707
-0.639255
-0.639412
-0.639803
-0.640116
-0.640586
-0.640977
-0.641212
-0.641760
-0.641916
-0.642229
-0.642308
-0.643247
-0.643090
-0.643247
-0.643638
-0.644030
-0.644264
-0.644421
-0.644812
-0.645204
-0.645438
-0.645282
-0.645908
-0.646299
-0.646534
-0.646769
-0.647160
-0.647317
-0.647552
-0.647786
-0.648100
-0.648334
