-0.534921
-0.535235
-0.535626
-0.535548
-0.536095
-0.536487
-0.536956
-0.536878
-0.537504
-0.537661
-0.537817
-0.538365
-0.538522
-0.538757
-0.539070
-0.539226
-0.539539
-0.539852
-0.540166
-0.540322
-0.540870
-0.540948
-0.541026
-0.541418
-0.541887
-0.542201
-0.542435
-0.542670
-0.543061
-0.542905
-0.543296
-0.543766
-0.544001
-0.544236
-0.544940
-0.544940
-0.545097
-0.545644
-0.545723
-0.546271
-0.546349
-0.546662
-0.546975
-0.547288
-0.547445
-0.547836
-0.548227
-0.548306
-0.548619
-0.549167
-0.549323
-0.549558
-0.549949
-0.549793
-0.550419
-0.550732
-0.550654
-0.551123
-0.551280
-0.551515
-0.551906
-0.551906
-0.552689
-0.552845
-0.553080
-0.553315
-0.553471
-0.554019
-0.554098
-0.554254
-0.554645
-0.554802
-0.555037
-0.555428
-0.555819
-0.556289
-0.556524
-0.556680
-0.557150
-0.557541
-0.557620
-0.557698
-0.558168
-0.558481
-0.558950
-0.559107
-0.559420
-0.559733
-0.560203
-0.560359
-0.560750
-0.560985
-0.560985
-0.561533
-0.561925
-0.562003
-0.562472
-0.562707
-0.562864
-0.563177
-0.563412
-0.563881
-0.564038
-0.564586
-0.564899
-0.564664
-0.565212
-0.565212
-0.565603
-0.565916
-0.566308
-0.566308
-0.566777
-0.567247
-0.567638
-0.567873
-0.568186
-0.568421
-0.568577
-0.568969
-0.569360
-0.569438
-0.569595
-0.570143
-0.570456
-0.570456
-0.570926
-0.571239
-0.571160
-0.571630
-0.571552
-0.572100
-0.572647
-0.572804
-0.573274
-0.573743
-0.573743
-0.574135
-0.574291
-0.574682
-0.575074
-0.575309
-0.575543
-0.575857
-0.576091
-0.576170
-0.576561
-0.576796
-0.577344
-0.577500
-0.577892
-0.577892
-0.578048
-0.578361
-0.578753
-0.579222
-0.579535
-0.579770
-0.579770
-0.580396
-0.580631
-0.580944
-0.581179
-0.581335
-0.582040
-0.582118
-0.582666
-0.582666
-0.583136
-0.583449
-0.583762
-0.583762
-0.584075
-0.584388
-0.584858
-0.584936
-0.585092
-0.585719
-0.585875
-0.586188
-0.586579
-0.586814
-0.586893
-0.587440
-0.587754
-0.587988
-0.588458
-0.588693
-0.589084
-0.589241
-0.589475
-0.589945
-0.590258
-0.590650
-0.590963
-0.591041
-0.591510
-0.591824
-0.592293
-0.592293
-0.592841
-0.592919
-0.592841
-0.593624
-0.593702
-0.594328
-0.594641
-0.594485
-0.595033
-0.595267
-0.595502
-0.596050
-0.596441
-0.596285
-0.597146
-0.597302
-0.597694
-0.597694
-0.597929
-0.598633
-0.598711
-0.598946
-0.599337
-0.599651
-0.599885
-0.599964
-0.600433
-0.600668
-0.601216
-0.601529
-0.601686
-0.602547
-0.602547
-0.602938
-0.603251
-0.603251
-0.603955
-0.604347
-0.604660
-0.604660
-0.605129
-0.605286
-0.605677
-0.606225
-0.606460
-0.606695
-0.607008
-0.607164
-0.607556
-0.607712
-0.607869
-0.608417
-0.608495
-0.608886
-0.609199
-0.609669
-0.609982
-0.610530
-0.610687
-0.610843
-0.611156
-0.611391
-0.611548
-0.611861
-0.612095
-0.612487
-0.612800
-0.613035
-0.613583
-0.613661
-0.613739
-0.614130
-0.614522
-0.614991
-0.614991
-0.615461
-0.615539
-0.615618
-0.616244
-0.616713
-0.616792
-0.617026
-0.617261
-0.617574
-0.617966
-0.618122
-0.618592
-0.618827
-0.619061
-0.619375
-0.619453
-0.619844
-0.620236
-0.620392
-0.620862
-0.621331
-0.621331
-0.621879
-0.621879
-0.622427
-0.622818
-0.622740
-0.622897
-0.623445
-0.623758
-0.623992
-0.624306
-0.624775
-0.624932
-0.625166
-0.625480
-0.625714
-0.626027
-0.626184
-0.626419
-0.626810
-0.627202
-0.627671
-0.627906
-0.628297
-0.628219
-0.628532
-0.628845
-0.629393
-0.629784
-0.629863
-0.630019
-0.630411
-0.630411
-0.631037
-0.631193
-0.631506
-0.632133
-0.632054
-0.632524
-0.632915
-0.633150
-0.633463
-0.633620
-0.633933
-0.634324
-0.634559
-0.634715
-0.635107
-0.635263
-0.635655
-0.635733
-0.635889
-0.636359
-0.636907
-0.637220
-0.637455
-0.637924
-0.637846
-0.638472
-0.638238
-0.638864
-0.639099
-0.639490
-0.639646
-0.640038
-0.640273
-0.640586
-0.640899
-0.640977
-0.641368
-0.641760
-0.641838
-0.642073
-0.642699
-0.643012
-0.643325
-0.643482
-0.643560
-0.644264
-0.644186
-0.644421
-0.644890
-0.645595
-0.645595
-0.645595
-0.646221
-0.646456
-0.646534
-0.647160
-0.647004
-0.647786
-0.647943
-0.648021
-0.648334
-0.648804
-0.649195
-0.649274
-0.649430
-0.649978
-0.650135
-0.650682
-0.650917
-0.651152
-0.651230
-0.651856
-0.652326
-0.652326
-0.652874
-0.652952
-0.653109
-0.653657
-0.653970
-0.654205
-0.654283
-0.654518
-0.654909
-0.655144
-0.655457
-0.655770
-0.655692
-0.656161
-0.655927
-0.656083
-0.656083
-0.656240
-0.656396
-0.656240
-0.656318
-0.656318
-0.656005
-0.655535
-0.655613
-0.655457
-0.654909
-0.654752
-0.654752
-0.654752
-0.654361
-0.654283
-0.653735
-0.653813
-0.653500
-0.653031
-0.652796
-0.652874
-0.652717
-0.652091
-0.651387
-0.651387
-0.651152
-0.650761
-0.650526
-0.650213
-0.649900
-0.649665
-0.649039
-0.648882
-0.648804
-0.648647
-0.647943
-0.647786
-0.647395
-0.647239
-0.647082
-0.646769
-0.646456
-0.645986
-0.645830
-0.645360
-0.645047
-0.644421
-0.644264
-0.644186
-0.643795
-0.643795
-0.643482
-0.643090
-0.642699
-0.642229
-0.641916
-0.641760
-0.641290
-0.640820
-0.640507
-0.640194
-0.640038
-0.639646
-0.639099
-0.638864
-0.638551
-0.638238
-0.637768
-0.637220
-0.637220
-0.636985
-0.636750
-0.636281
-0.635498
-0.635420
-0.635185
-0.634872
-0.634324
-0.633854
-0.633620
-0.633620
-0.633307
-0.632915
-0.632446
-0.632211
-0.631898
-0.631585
-0.631115
-0.630724
-0.630567
-0.630332
-0.629941
-0.629471
-0.629237
-0.628845
-0.628297
-0.628219
-0.627749
-0.627358
-0.627280
-0.626732
-0.626184
-0.626262
-0.626106
-0.625480
-0.625088
-0.624775
-0.624853
-0.624227
-0.623914
-0.623836
-0.623366
-0.623131
-0.622427
-0.622271
-0.621723
-0.621410
-0.621253
-0.620705
-0.620470
-0.620001
-0.619609
-0.619609
-0.619061
-0.618905
-0.618435
-0.618279
-0.618044
-0.617731
-0.617496
-0.617026
-0.616870
-0.616713
-0.616165
-0.615696
-0.615539
-0.615148
-0.614678
-0.614444
-0.613974
-0.613817
-0.613661
-0.613191
-0.612487
-0.612252
-0.612095
-0.611626
-0.611391
-0.611156
-0.610843
-0.610139
-0.610139
-0.609904
-0.609747
-0.609121
-0.608573
-0.608338
-0.608260
-0.607712
-0.607243
-0.607086
-0.606773
-0.606303
-0.606225
-0.605521
-0.605443
-0.605051
-0.604660
-0.604582
-0.604112
-0.603955
-0.603564
-0.603251
-0.603094
-0.602390
-0.602390
-0.601451
-0.601529
-0.600903
-0.600198
-0.599964
-0.599651
-0.599416
-0.598790
-0.598476
-0.598085
-0.598085
-0.598007
-0.597772
-0.596989
-0.597068
-0.596676
-0.595972
-0.595894
-0.595581
-0.595346
-0.594876
-0.594798
-0.594406
-0.593859
-0.593389
-0.592998
-0.592841
-0.592528
-0.592293
-0.591589
-0.591432
-0.591119
-0.590963
-0.590180
-0.590258
-0.589945
-0.589475
-0.589084
-0.588928
-0.588615
-0.588223
-0.587675
-0.587362
-0.587440
-0.586501
-0.586501
-0.586032
-0.585797
-0.585484
-0.585092
-0.584858
-0.584075
-0.583918
-0.583762
-0.583527
-0.582901
-0.582901
-0.582509
-0.581962
-0.581648
-0.581414
-0.581257
-0.580866
-0.580631
-0.580083
-0.579613
-0.579457
-0.579144
-0.578909
-0.578596
-0.578283
-0.577892
-0.577422
-0.577265
-0.576796
-0.576639
-0.576013
-0.575857
-0.575465
-0.575230
-0.574761
-0.574526
-0.574213
-0.573743
-0.573508
-0.573274
-0.572647
-0.572647
-0.572100
-0.571708
-0.571630
-0.571004
-0.570534
-0.570378
-0.570299
-0.570143
-0.569360
-0.569282
-0.569282
-0.568812
-0.568499
-0.568030
-0.567638
-0.567169
-0.567325
-0.566856
-0.566229
-0.565995
-0.565603
-0.565290
-0.565055
-0.564664
-0.564273
-0.563803
-0.563646
-0.563255
-0.562942
-0.562472
-0.562316
-0.561768
-0.561220
-0.560985
-0.560750
-0.560281
-0.559889
-0.559655
-0.559107
-0.558715
-0.558402
-0.558089
-0.557933
-0.557541
-0.557072
-0.556994
-0.556446
-0.556211
-0.556133
-0.555741
-0.555272
-0.555037
-0.554880
-0.554411
-0.553941
-0.553393
-0.553315
-0.552923
-0.552923
-0.552063
-0.552141
-0.551671
-0.551358
-0.551045
-0.550654
-0.550184
-0.549949
-0.550027
-0.549245
-0.548853
-0.548462
-0.548149
-0.547758
-0.547523
-0.547210
-0.547132
-0.546427
-0.546427
-0.545957
-0.545644
-0.545410
-0.545253
-0.544940
-0.544470
-0.544001
-0.543375
-0.543375
-0.543061
-0.542670
-0.542592
-0.542122
-0.541653
-0.541418
-0.541105
-0.540479
-0.540166
-0.539696
-0.539461
-0.539070
-0.538757
-0.538757
-0.538287
-0.537817
-0.537583
-0.537348
-0.536878
-0.536252
-0.536252
-0.536174
-0.535626
-0.535313
-0.535078
-0.534765
-0.534530
-0.534139
-0.533904
-0.533669
-0.533278
-0.532965
-0.532808
-0.532417
-0.531947
-0.531556
-0.531321
-0.530695
-0.530538
-0.530147
-0.529990
-0.529364
-0.529364
-0.528738
-0.528582
-0.528268
-0.527721
-0.527564
-0.527329
-0.527094
-0.526703
-0.526625
-0.526390
-0.525686
-0.525529
-0.524903
-0.524825
-0.524433
-0.523964
-0.523807
-0.523181
-0.522633
-0.522633
-0.522398
-0.521850
-0.521224
-0.521381
-0.520911
-0.520363
-0.520207
-0.519894
-0.519581
-0.519502
-0.518876
-0.518407
-0.518328
-0.517780
-0.517389
-0.516998
-0.516763
-0.516606
-0.516137
-0.515902
-0.515824
-0.515354
-0.514963
-0.514728
-0.514650
-0.514336
-0.513789
-0.513476
-0.512928
-0.512693
-0.512536
-0.512536
-0.512223
-0.511832
-0.511284
-0.510971
-0.510736
-0.510266
-0.509875
-0.509405
-0.509327
-0.508936
-0.508545
-0.508075
-0.508231
-0.507840
-0.507292
-0.507214
-0.506901
-0.506588
-0.506353
-0.505883
-0.505883
-0.505335
-0.504944
-0.504788
-0.504474
-0.503770
-0.503614
-0.503457
-0.503066
-0.502831
-0.502518
-0.502361
-0.502048
-0.501344
-0.501187
-0.500796
-0.500326
-0.500091
-0.499778
-0.499543
-0.498839
-0.498604
-0.498526
-0.498056
-0.497665
-0.497900
-0.496882
-0.496804
-0.496569
-0.496334
-0.495865
-0.495630
-0.495317
-0.494926
-0.494691
-0.494534
-0.493908
-0.493908
-0.493517
-0.493204
-0.492812
-0.492577
-0.492577
-0.491951
-0.491560
-0.491247
-0.490542
-0.490151
-0.490151
-0.489916
-0.489447
-0.488977
-0.488742
-0.488507
-0.488038
-0.487960
-0.487646
-0.487020
-0.487255
-0.486942
-0.486238
-0.485846
-0.485925
-0.485220
-0.484907
-0.484750
-0.484437
-0.483968
-0.483968
-0.483733
-0.483420
-0.482715
-0.482950
-0.482481
-0.481933
-0.481698
-0.481307
-0.481228
-0.480837
-0.480680
-0.480054
-0.479663
-0.479115
-0.478802
-0.478880
-0.478411
-0.478019
-0.477784
-0.477471
-0.477080
-0.476845
-0.476845
-0.476297
-0.475906
-0.475828
-0.475123
-0.474810
-0.474810
-0.474419
-0.474341
-0.473793
-0.473558
-0.473245
-0.472619
-0.472227
-0.471836
-0.471914
-0.471601
-0.471132
-0.471053
-0.470427
-0.470271
-0.469801
-0.469488
-0.469331
-0.468940
-0.468862
-0.468236
-0.468001
-0.467766
-0.467140
-0.467140
-0.466670
-0.466122
-0.466122
-0.465731
-0.465340
-0.465105
-0.464948
-0.464479
-0.464009
-0.463852
-0.463696
-0.463461
-0.462835
-0.462757
-0.462365
-0.461896
-0.461817
-0.461504
-0.461113
-0.460878
-0.460565
-0.460174
-0.459939
-0.459548
-0.459156
-0.458921
-0.458608
-0.458452
-0.458060
-0.457826
-0.457513
-0.456886
-0.456886
-0.456260
-0.456104
-0.456025
-0.455478
-0.454930
-0.454773
-0.454695
-0.454069
-0.454069
-0.453677
-0.453208
-0.452895
-0.452503
-0.452503
-0.452034
-0.451642
-0.451329
-0.451094
-0.450781
-0.450390
-0.450077
-0.449686
-0.449529
-0.449294
-0.448981
-0.448668
-0.448590
-0.448120
-0.447651
-0.447494
-0.446868
-0.446477
-0.446085
-0.446085
-0.445616
-0.445224
-0.444911
-0.444833
-0.444442
-0.444128
-0.443815
-0.443581
-0.443189
-0.443424
-0.442250
-0.442485
-0.441859
-0.441311
-0.441154
-0.440528
-0.440293
-0.439667
-0.439667
-0.439119
-0.439197
-0.438884
-0.438650
-0.438180
-0.438180
-0.437476
-0.437319
-0.437084
-0.436615
-0.436301
-0.436067
-0.435988
-0.435597
-0.435127
-0.434893
-0.434501
-0.434266
-0.433953
-0.433484
-0.433406
-0.432701
-0.432075
-0.432231
-0.431684
-0.431527
-0.430979
-0.430744
-0.430588
-0.430353
-0.429962
-0.429414
-0.429101
-0.428944
-0.428396
-0.428161
-0.427927
-0.427614
-0.427300
-0.426987
-0.426674
-0.426126
-0.426126
-0.425813
-0.425422
-0.425187
-0.424796
-0.424326
-0.424170
-0.423857
-0.423544
-0.423230
-0.422839
-0.422604
-0.421978
-0.421978
-0.421352
-0.421117
-0.420648
-0.420256
-0.420100
-0.419708
-0.419552
-0.419004
-0.418691
-0.418378
-0.418143
-0.417752
-0.417360
-0.417204
-0.416969
-0.416734
-0.416264
-0.415717
-0.415247
-0.415090
-0.414856
-0.414542
-0.414308
-0.413838
-0.413447
-0.413134
-0.413290
-0.412899
-0.412664
-0.412116
-0.411725
-0.411490
-0.411255
-0.410629
-0.410472
-0.410159
-0.409690
-0.409533
-0.409220
-0.409064
-0.408516
-0.408203
-0.407811
-0.407576
-0.407107
-0.407185
-0.406716
-0.406559
-0.406246
-0.405776
-0.405541
-0.405228
-0.404994
-0.404994
-0.404367
-0.403976
-0.403585
-0.403428
-0.403193
-0.402645
-0.402254
-0.401863
-0.401863
-0.401628
-0.401315
-0.400610
-0.400454
-0.400063
-0.399749
-0.399202
-0.399045
-0.398654
-0.398497
-0.398262
-0.398028
-0.397323
-0.397167
-0.396775
-0.396540
-0.396227
-0.395914
-0.395366
-0.395053
-0.394584
-0.394584
-0.393958
-0.393566
-0.393644
-0.393488
-0.393331
-0.392862
-0.392470
-0.392157
-0.391923
-0.391453
-0.391453
-0.390748
-0.390748
-0.389966
-0.390044
-0.389809
-0.389653
-0.389105
-0.389027
-0.388713
-0.388400
-0.387931
-0.387774
-0.387618
-0.387226
-0.386444
-0.386209
-0.385974
-0.385974
-0.385426
-0.385191
-0.384878
-0.384643
-0.384565
-0.384174
-0.384096
-0.383313
-0.383469
-0.382921
-0.382687
-0.382139
-0.381747
-0.381669
-0.381043
-0.381200
-0.380886
-0.380573
-0.380260
-0.379947
-0.379556
-0.379165
-0.379243
-0.378773
-0.378382
-0.378304
-0.377912
-0.377834
-0.377443
-0.376895
-0.376816
-0.376660
-0.376347
-0.375877
-0.375799
-0.375486
-0.375173
-0.374860
-0.374155
-0.373920
-0.373920
-0.373686
-0.373451
-0.373059
-0.372825
-0.372277
-0.372042
-0.371807
-0.371494
-0.371181
-0.370946
-0.370555
-0.370320
-0.370320
-0.369694
-0.369772
-0.369537
-0.369146
-0.368833
-0.368207
-0.367894
-0.367659
-0.367424
-0.367346
-0.367033
-0.366641
-0.366563
-0.366093
-0.365859
-0.365467
-0.365076
-0.364763
-0.364685
-0.364215
-0.363902
-0.363432
-0.363432
-0.363041
-0.362806
-0.362571
-0.362258
-0.361710
-0.361476
-0.361006
-0.360693
-0.360771
-0.359832
-0.359519
-0.359362
-0.358971
-0.358658
-0.358188
-0.358423
-0.357719
-0.357406
-0.357249
-0.356779
-0.356466
-0.356388
-0.355997
-0.355762
-0.355371
-0.354979
-0.354666
-0.354353
-0.353962
-0.353727
-0.353336
-0.353101
-0.352788
-0.352553
-0.351927
-0.351848
-0.351692
-0.351300
-0.351066
-0.350674
-0.350361
-0.350126
-0.349657
-0.349813
-0.349422
-0.349265
-0.348874
-0.348718
-0.348170
-0.348091
-0.347622
-0.347465
-0.347074
-0.347074
-0.346761
-0.346213
-0.346135
-0.345665
-0.345743
-0.345195
-0.345195
-0.344569
-0.344334
-0.343943
-0.343708
-0.343474
-0.343317
-0.343160
-0.342613
-0.342221
-0.342065
-0.341830
-0.341517
-0.341125
-0.340969
-0.340734
-0.340108
-0.340343
-0.339951
-0.339482
-0.338777
-0.338621
-0.338621
-0.337838
-0.337682
-0.337290
-0.336977
-0.336742
-0.336508
-0.336429
-0.335960
-0.335333
-0.335255
-0.335177
-0.334786
-0.334394
-0.334238
-0.334003
-0.333612
-0.333220
-0.332985
-0.332829
-0.332359
-0.332281
-0.332124
-0.331577
-0.331185
-0.331342
-0.330716
-0.330402
-0.330168
-0.329855
-0.329385
-0.329307
-0.328759
-0.328524
-0.328211
-0.327741
-0.327506
-0.327428
-0.327350
-0.327037
-0.326646
-0.326411
-0.326332
-0.325785
-0.325550
-0.325158
-0.324767
-0.324376
-0.324376
-0.324219
-0.323593
-0.323515
-0.323436
-0.322889
-0.322889
-0.322497
-0.322262
-0.321949
-0.321480
-0.321480
-0.321088
-0.320697
-0.320540
-0.320149
-0.319679
-0.319836
-0.319132
-0.318975
-0.318819
-0.318271
-0.317879
-0.317879
-0.317488
-0.317644
-0.316862
-0.316705
-0.316236
-0.316001
-0.316079
-0.315609
-0.315218
-0.314983
-0.314592
-0.314435
-0.314044
-0.313574
-0.313183
-0.313105
-0.312870
-0.312635
-0.312400
-0.312087
-0.311931
-0.311461
-0.311226
-0.311070
-0.310835
-0.310600
-0.310052
-0.309818
-0.309426
-0.309191
-0.309035
-0.308643
-0.308409
-0.308017
-0.307782
-0.307548
-0.307469
-0.307313
-0.306922
-0.306374
-0.306530
-0.305982
-0.305747
-0.305513
-0.304965
-0.305121
-0.304652
-0.304182
-0.303869
-0.303712
-0.303399
-0.303243
-0.302930
-0.302851
-0.302695
-0.302225
-0.302069
-0.301756
-0.301443
-0.301208
-0.300895
-0.300269
-0.300034
-0.300034
-0.299642
-0.299329
-0.298860
-0.298938
-0.298547
-0.298390
-0.297999
-0.297373
-0.297216
-0.296825
-0.296512
-0.296746
-0.296120
-0.296199
-0.295964
-0.295572
-0.295025
-0.295103
-0.294555
-0.294242
-0.294085
-0.293537
-0.293616
-0.293459
-0.292911
-0.292755
-0.292520
-0.292442
-0.292442
-0.292129
-0.291815
-0.291346
-0.291268
-0.290720
-0.290094
-0.290172
-0.289546
-0.289702
-0.289624
-0.289389
-0.288919
-0.288763
-0.288372
-0.288215
-0.287902
-0.287667
-0.287276
-0.286963
-0.286963
-0.287041
-0.286415
-0.286180
-0.285945
-0.285554
-0.285554
-0.285084
-0.284849
-0.284536
-0.283988
-0.283910
-0.283910
-0.283675
-0.283362
-0.283128
-0.282971
-0.282501
-0.282423
-0.281953
-0.281327
-0.281014
-0.280701
-0.280153
-0.280075
-0.279840
-0.279292
-0.279057
-0.279136
-0.278744
-0.278510
-0.278431
-0.278118
-0.278040
-0.277883
-0.277257
-0.277336
-0.277022
-0.276866
-0.276553
-0.276318
-0.276083
-0.275614
-0.275614
-0.275301
-0.274909
-0.274596
-0.274283
-0.274048
-0.273970
-0.273970
-0.273266
-0.273344
-0.272874
-0.272796
-0.272718
-0.272326
-0.272013
-0.271622
-0.271465
-0.271387
-0.271230
-0.270839
-0.270683
-0.269822
-0.270213
-0.270370
-0.269900
-0.269195
-0.268726
-0.268726
-0.268569
-0.268569
-0.268021
-0.267787
-0.267630
-0.267395
-0.267082
-0.266926
-0.266613
-0.266534
-0.266456
-0.265752
-0.265673
-0.265517
-0.265125
-0.264812
-0.264499
-0.264343
-0.264108
-0.263717
-0.263638
-0.263325
-0.263012
-0.262934
-0.262464
-0.262386
-0.262621
-0.261995
-0.261447
-0.261525
-0.261368
-0.260664
-0.260429
-0.260508
-0.260351
-0.259803
-0.259412
-0.259177
-0.259099
-0.258629
-0.258473
-0.258473
-0.258081
-0.257846
-0.257612
-0.257298
-0.256985
-0.257064
-0.256516
-0.256516
-0.256203
-0.255890
-0.255811
-0.255263
-0.255029
-0.254950
-0.254637
-0.254246
-0.254324
-0.254011
-0.253855
-0.253698
-0.253228
-0.253072
-0.252759
-0.252681
-0.252524
-0.252446
-0.251976
-0.252054
-0.251272
-0.251272
-0.251037
-0.250802
-0.250332
-0.250176
-0.249941
-0.249550
-0.249393
-0.249315
-0.249315
-0.248845
-0.248532
-0.248611
-0.248219
-0.247984
-0.247750
-0.247671
-0.247436
-0.247202
-0.247202
-0.246889
-0.246732
-0.246184
-0.246184
-0.245793
-0.245793
-0.245480
-0.245401
-0.245010
-0.244932
-0.244697
-0.244540
-0.244462
-0.244149
-0.243758
-0.243680
-0.243601
-0.243288
-0.242975
-0.242740
-0.242584
-0.242192
-0.242036
-0.241958
-0.241801
-0.241253
-0.241253
-0.240627
-0.240627
-0.240314
-0.240157
-0.239844
-0.239531
-0.239453
-0.239218
-0.239296
-0.238905
-0.238670
-0.237966
-0.238201
-0.238044
-0.237731
-0.237574
-0.237496
-0.237105
-0.236948
-0.236870
-0.236635
-0.236322
-0.235931
-0.235931
-0.235853
-0.235618
-0.235461
-0.235383
-0.234835
-0.234522
-0.234444
-0.234209
-0.234052
-0.233739
-0.233896
-0.233583
-0.233426
-0.233426
-0.232957
-0.232957
-0.232565
-0.232565
-0.232565
-0.232252
-0.231861
-0.231939
-0.231391
-0.231156
-0.231235
-0.231078
-0.230687
-0.230608
-0.230139
-0.230061
-0.230061
-0.229826
-0.229121
-0.229278
-0.229121
-0.228887
-0.228730
-0.228417
-0.228495
-0.228339
-0.227947
-0.227399
-0.227243
-0.227086
-0.226773
-0.226773
-0.226695
-0.226773
-0.226460
-0.226460
-0.225834
-0.225677
-0.225521
-0.225364
-0.225364
-0.224738
-0.224973
-0.224660
-0.224347
-0.224582
-0.224347
-0.223799
-0.224112
-0.223564
-0.223486
-0.223329
-0.223095
-0.223173
-0.222860
-0.222860
-0.222703
-0.222390
-0.222312
-0.222234
-0.222077
-0.221529
-0.221373
-0.220981
-0.221216
-0.220903
-0.220590
-0.220668
-0.220512
-0.220199
-0.220199
-0.219807
-0.219964
-0.219729
-0.219181
-0.219181
-0.219181
-0.218790
-0.218477
-0.218790
-0.218477
-0.218398
-0.218398
-0.218164
-0.217772
-0.217694
-0.217537
-0.217224
-0.216990
-0.216990
-0.216755
-0.216990
-0.216598
-0.216520
-0.216207
-0.215894
-0.215659
-0.215659
-0.215737
-0.215268
-0.215268
-0.215502
-0.214876
-0.215111
-0.214798
-0.214955
-0.214485
-0.214094
-0.213937
-0.213780
-0.213937
-0.213389
-0.213311
-0.213389
-0.213154
-0.213311
-0.213154
-0.212685
-0.212528
-0.212450
-0.212372
-0.212215
-0.212450
-0.211980
-0.211980
-0.211902
-0.211745
-0.211824
-0.211589
-0.211354
-0.211119
-0.210884
-0.211041
-0.210963
-0.210728
-0.211041
-0.210415
-0.210728
-0.210337
-0.210415
-0.209867
-0.209632
-0.209710
-0.209789
-0.209319
-0.209476
-0.209319
-0.209241
-0.209319
-0.208849
-0.208928
-0.208615
-0.208536
-0.208536
-0.208458
-0.208302
-0.207832
-0.208223
-0.207989
-0.207832
-0.207989
-0.207832
-0.207362
-0.207519
-0.207284
-0.207128
-0.207128
-0.207049
-0.206893
-0.206658
-0.206814
-0.206893
-0.206814
-0.206736
-0.206501
-0.206423
-0.206423
-0.206267
-0.206110
-0.205719
-0.205797
-0.205875
-0.205953
-0.205953
-0.205953
-0.205797
-0.205797
-0.205406
-0.205093
-0.205249
-0.205171
-0.205093
-0.205249
-0.205093
-0.205249
-0.205093
-0.204936
-0.204623
-0.204545
-0.204545
-0.204310
-0.204466
-0.204545
-0.204075
-0.204153
-0.204388
-0.204232
-0.203762
-0.203997
-0.203918
-0.203762
-0.203292
-0.203605
-0.203605
-0.203605
-0.203684
-0.203762
-0.203371
-0.203605
-0.203527
-0.203371
-0.203214
-0.203371
-0.203449
-0.202979
-0.202901
-0.203292
-0.203292
-0.203058
-0.203214
-0.202901
-0.202744
-0.202666
-0.202666
-0.202510
-0.202823
-0.202666
-0.202588
-0.202353
-0.202510
-0.202588
-0.202510
-0.202510
-0.201962
-0.201883
-0.201962
-0.202197
-0.202118
-0.202118
-0.202118
-0.202353
-0.202353
-0.202353
-0.201805
-0.201570
-0.201649
-0.201805
-0.201883
-0.201962
-0.201883
-0.201727
-0.202197
-0.202197
-0.202197
-0.202040
-0.201883
-0.201414
-0.201805
-0.201805
-0.201962
-0.201805
-0.201805
-0.201727
-0.201883
-0.202197
-0.201727
-0.201805
-0.201883
-0.201962
-0.201805
-0.201883
-0.201805
-0.201727
-0.202275
-0.201962
-0.201883
-0.202040
-0.201962
-0.202040
-0.202040
-0.201649
-0.202040
-0.202040
-0.201883
-0.201883
-0.201805
-0.202040
-0.201962
-0.202040
-0.201883
-0.202197
-0.201727
-0.202040
-0.201805
-0.202040
-0.201805
-0.202118
-0.201883
-0.202118
-0.201883
-0.202353
-0.202197
-0.202040
-0.202040
-0.202275
-0.202275
-0.202040
-0.202197
-0.201962
-0.202510
-0.202431
-0.202197
-0.202353
-0.202510
-0.202353
-0.202118
-0.202431
-0.202510
-0.202510
-0.202666
-0.202353
-0.202588
-0.202510
-0.202431
-0.202901
-0.202744
-0.202666
-0.203292
-0.203292
-0.203214
-0.203136
-0.203214
-0.203214
-0.203371
-0.203058
-0.203371
-0.203058
-0.203214
-0.203527
-0.203527
-0.203605
-0.203527
-0.203527
-0.203527
-0.203840
-0.203762
-0.203684
-0.203214
-0.203449
-0.203918
-0.204232
-0.203918
-0.203840
-0.204075
-0.204232
-0.203997
-0.204388
-0.204075
-0.204153
-0.204388
-0.204701
-0.204779
-0.204153
-0.204623
-0.204623
-0.204858
-0.204858
-0.204701
-0.204779
-0.204858
-0.204701
-0.205014
-0.205249
-0.205327
-0.205249
-0.205249
-0.205327
-0.205406
-0.205327
-0.205249
-0.205406
-0.205562
-0.205875
-0.205953
-0.205797
-0.205953
-0.205719
-0.205875
-0.205875
-0.205953
-0.206032
-0.206110
-0.206032
-0.206501
-0.206423
-0.206267
-0.206267
-0.206423
-0.206345
-0.206423
-0.206814
-0.206658
-0.206814
-0.206501
-0.206971
-0.207128
-0.207206
-0.207206
-0.207441
-0.207128
-0.207362
-0.207519
-0.207441
-0.207519
-0.207441
-0.207910
-0.207910
-0.207832
-0.207754
-0.208458
-0.208302
-0.208067
-0.208067
-0.208223
-0.208145
-0.208302
-0.208693
-0.208693
-0.208928
-0.208458
-0.208693
-0.208771
-0.208693
-0.209006
-0.208693
-0.208928
-0.208928
-0.209476
-0.209710
-0.209789
-0.209476
-0.209319
-0.209554
-0.209476
-0.209476
-0.209319
-0.209476
-0.209710
-0.209789
-0.209867
-0.209789
-0.210024
-0.209554
-0.209945
-0.209867
-0.209945
-0.209789
-0.210024
-0.210102
-0.210102
-0.210650
-0.210337
-0.210415
-0.210258
-0.210258
-0.210258
-0.210180
-0.210258
-0.210102
-0.210180
-0.210258
-0.210493
-0.210493
-0.210180
-0.210180
-0.210258
-0.210258
-0.210102
-0.210102
-0.210258
-0.210180
-0.210337
-0.210650
-0.210337
-0.210415
-0.210258
-0.210180
-0.210258
-0.210337
-0.209945
-0.210102
-0.210258
-0.210337
-0.210415
-0.210258
-0.210258
-0.210102
-0.209789
-0.210102
-0.209789
-0.209632
-0.209632
-0.209710
-0.209632
-0.209789
-0.209867
-0.209632
-0.209397
-0.209163
-0.209163
-0.209163
-0.208928
-0.209084
-0.209006
-0.208693
-0.208771
-0.208849
-0.208536
-0.208536
-0.208536
-0.207989
-0.207910
-0.207989
-0.207989
-0.207989
-0.207675
-0.207675
-0.207910
-0.207441
-0.207206
-0.206971
-0.207049
-0.206893
-0.206658
-0.206736
-0.206580
-0.206501
-0.206345
-0.206423
-0.206188
-0.205719
-0.205562
-0.205327
-0.205327
-0.205249
-0.204858
-0.204858
-0.204623
-0.204623
-0.204388
-0.204153
-0.204075
-0.203371
-0.203449
-0.203214
-0.203136
-0.202744
-0.202666
-0.202431
-0.202588
-0.201962
-0.201962
-0.201492
-0.201336
-0.201179
-0.200709
-0.200475
-0.200162
-0.200083
-0.199535
-0.199379
-0.198987
-0.198831
-0.198518
-0.197735
-0.197892
-0.197657
-0.197422
-0.197187
-0.196561
-0.196796
-0.196483
-0.196170
-0.195544
-0.195152
-0.194917
-0.194604
-0.194056
-0.193900
-0.193900
-0.193352
-0.193196
-0.193039
-0.193039
-0.192021
-0.191630
-0.191474
-0.191239
-0.190613
-0.190613
-0.189986
-0.189439
-0.189517
-0.189204
-0.188656
-0.188030
-0.187873
-0.187482
-0.186934
-0.186308
-0.186073
-0.185682
-0.185447
-0.184977
-0.184899
-0.184116
-0.183412
-0.182942
-0.182786
-0.182551
-0.182081
-0.181690
-0.181142
-0.180829
-0.180281
-0.180046
-0.179263
-0.178481
-0.178168
-0.177855
-0.177542
-0.176602
-0.176759
-0.176211
-0.175898
-0.175585
-0.175272
-0.174019
-0.173315
-0.172689
-0.172611
-0.172297
-0.171437
-0.171123
-0.170732
-0.170262
-0.169636
-0.169010
-0.168149
-0.167758
-0.167132
-0.166506
-0.166349
-0.165645
-0.165097
-0.164940
-0.164549
-0.164001
-0.163140
-0.162435
-0.161809
-0.161653
-0.160714
-0.160322
-0.159539
-0.158992
-0.158365
-0.157896
-0.157113
-0.156330
-0.155939
-0.155548
-0.154922
-0.154217
-0.153591
-0.153121
-0.152573
-0.152260
-0.150930
-0.150460
-0.149678
-0.148973
-0.148817
-0.148034
-0.147329
-0.147095
-0.146390
-0.145999
-0.145216
-0.144042
-0.143416
-0.143103
-0.142633
-0.142085
-0.141068
-0.140676
-0.140285
-0.139894
-0.139189
-0.138015
-0.137154
-0.136685
-0.135980
-0.135745
-0.134806
-0.134102
-0.133397
-0.132771
-0.132145
-0.131597
-0.130345
-0.130188
-0.129249
-0.128779
-0.128075
-0.127449
-0.126901
-0.126353
-0.126118
-0.125414
-0.124475
-0.123692
-0.122909
-0.122518
-0.122048
-0.121422
-0.120561
-0.119700
-0.118917
-0.118604
-0.117743
-0.116804
-0.116021
-0.115474
-0.115082
-0.114613
-0.113830
-0.112891
-0.112265
-0.111873
-0.111247
-0.110151
-0.109134
-0.108742
-0.107960
-0.107725
-0.107099
-0.106238
-0.105612
-0.104829
-0.104281
-0.103498
-0.102324
-0.101776
-0.101385
-0.100759
-0.100211
-0.099350
-0.098646
-0.097863
-0.097080
-0.096454
-0.095671
-0.094810
-0.094262
-0.093480
-0.093088
-0.092697
-0.091758
-0.090819
-0.090114
-0.089410
-0.088471
-0.087296
-0.086749
-0.086201
-0.085418
-0.085105
-0.083774
-0.083070
-0.082757
-0.082131
-0.081270
-0.080096
-0.079313
-0.078609
-0.078061
-0.077591
-0.076887
-0.075947
-0.075243
-0.074617
-0.073834
-0.072895
-0.072269
-0.071956
-0.071329
-0.070625
-0.069842
-0.069060
-0.068199
-0.067886
-0.067338
-0.066477
-0.065303
-0.064755
-0.064050
-0.063502
-0.062798
-0.062250
-0.061154
-0.060528
-0.060059
-0.058963
-0.058024
-0.057319
-0.057163
-0.056693
-0.055832
-0.055362
-0.054110
-0.053406
-0.052701
-0.051997
-0.051214
-0.050275
-0.050197
-0.049649
-0.048709
-0.047770
-0.047457
-0.046283
-0.045579
-0.045109
-0.044092
-0.043544
-0.043152
-0.042604
-0.041665
-0.040961
-0.040022
-0.039317
-0.038300
-0.037830
-0.036812
-0.036030
-0.035560
-0.035091
-0.034543
-0.033838
-0.032977
-0.032508
-0.031881
-0.031412
-0.030316
-0.029533
-0.028516
-0.028281
-0.027968
-0.027342
-0.026168
-0.025620
-0.024837
-0.024054
-0.023663
-0.022959
-0.022176
-0.021706
-0.021237
-0.020298
-0.019515
-0.018497
-0.018028
-0.017245
-0.016541
-0.015914
-0.015132
-0.014819
-0.014584
-0.013801
-0.013175
-0.012079
-0.011531
-0.010905
-0.009888
-0.009340
-0.008714
-0.008166
-0.007383
-0.007148
-0.006444
-0.005583
-0.004957
-0.004409
-0.003626
-0.002765
-0.002139
-0.001748
-0.001278
-0.000808
-0.000104
0.000679
0.001461
0.001853
0.002479
0.002870
0.003653
0.004279
0.004984
0.005297
0.005923
0.006706
0.007801
0.008114
0.008819
0.009680
0.009915
0.010462
0.011167
0.011480
0.012028
0.013124
0.013672
0.014376
0.014924
0.015472
0.016254
0.016411
0.017037
0.017742
0.017898
0.019072
0.019698
0.020559
0.020951
0.021577
0.022281
0.022829
0.023299
0.023768
0.024551
0.025099
0.025803
0.026508
0.027134
0.027604
0.028308
0.028778
0.029169
0.029639
0.030030
0.030421
0.031674
0.032378
0.033161
0.033474
0.034178
0.034961
0.035587
0.035665
0.036213
0.036761
0.037935
0.038561
0.039579
0.039892
0.040518
0.041223
0.041614
0.042083
0.042710
0.043258
0.043884
0.044666
0.045371
0.045919
0.046467
0.047014
0.047406
0.047797
0.048189
0.049050
0.049832
0.050302
0.051163
0.051476
0.052180
0.052415
0.053041
0.053667
0.054215
0.054763
0.055624
0.056250
0.056798
0.057111
0.057972
0.058442
0.058833
0.059381
0.059538
0.060555
0.061494
0.062121
0.062512
0.063216
0.063529
0.063999
0.064547
0.064860
0.065330
0.066034
0.066895
0.067443
0.068069
0.068460
0.069008
0.069400
0.069948
0.070417
0.070809
0.071356
0.072296
0.073000
0.073470
0.074096
0.074487
0.075035
0.075583
0.075974
0.076522
0.076835
0.077540
0.078557
0.079105
0.079340
0.079966
0.080514
0.081531
0.081845
0.082001
0.082549
0.083253
0.084036
0.084427
0.084741
0.085210
0.085680
0.086228
0.086462
0.087010
0.087715
0.088419
0.089124
0.089515
0.089985
0.090454
0.090767
0.091550
0.091785
0.092489
0.092724
0.093585
0.094211
0.094603
0.095229
0.095777
0.096011
0.096638
0.097029
0.097342
0.097812
0.098594
0.099064
0.100003
0.100003
0.100786
0.101334
0.101803
0.102351
0.102743
0.103056
0.103682
0.104073
0.104621
0.105404
0.105560
0.105952
0.106500
0.106891
0.107126
0.107674
0.108535
0.109082
0.109474
0.109943
0.110491
0.110804
0.111352
0.111822
0.112213
0.112761
0.113387
0.113857
0.114170
0.114483
0.115031
0.115501
0.116048
0.116440
0.116831
0.117379
0.118083
0.118553
0.118944
0.119649
0.120118
0.120666
0.120979
0.121449
0.122232
0.122780
0.123406
0.123719
0.123797
0.124423
0.124815
0.125519
0.125832
0.126224
0.126615
0.127084
0.127711
0.128259
0.128415
0.128963
0.129276
0.129902
0.130372
0.131155
0.131233
0.132094
0.132563
0.132876
0.133190
0.133503
0.133894
0.134442
0.135068
0.135381
0.135851
0.136399
0.136946
0.137103
0.137651
0.137807
0.138277
0.139060
0.139295
0.139999
0.140234
0.140703
0.141251
0.141408
0.142269
0.142582
0.143130
0.143521
0.143756
0.144382
0.144617
0.145478
0.145948
0.146261
0.146652
0.146808
0.147356
0.147591
0.148139
0.148609
0.149391
0.149313
0.149861
0.150331
0.150957
0.151113
0.151583
0.152209
0.152444
0.153227
0.153618
0.154166
0.154322
0.154792
0.154870
0.155183
0.155888
0.156514
0.156984
0.157531
0.157923
0.158471
0.158784
0.159019
0.159332
0.159880
0.160506
0.160740
0.161601
0.161523
0.162541
0.162854
0.163245
0.163323
0.164028
0.164419
0.165045
0.165358
0.165906
0.166219
0.166611
0.167159
0.167707
0.167707
0.168254
0.168489
0.169350
0.169585
0.170133
0.170759
0.170916
0.171385
0.171855
0.172246
0.172559
0.173029
0.173498
0.173890
0.174516
0.174359
0.175220
0.175612
0.176003
0.176238
0.176629
0.177177
0.177803
0.178273
0.178429
0.179369
0.179369
0.179682
0.180151
0.180386
0.180856
0.181404
0.182108
0.182578
0.182734
0.183126
0.183517
0.183987
0.184378
0.184769
0.185082
0.185787
0.186413
0.186648
0.187509
0.187587
0.187978
0.188213
0.188448
0.188683
0.189231
0.189935
0.190561
0.190874
0.191187
0.191501
0.191970
0.192283
0.192831
0.193066
0.193379
0.193927
0.194710
0.195023
0.195336
0.195571
0.196118
0.196275
0.196666
0.196979
0.197371
0.197997
0.198310
0.198936
0.199093
0.199875
0.200423
0.200658
0.200971
0.201128
0.201910
0.202537
0.203006
0.203241
0.203476
0.203945
0.204180
0.204572
0.204963
0.205041
0.205589
0.206294
0.206685
0.206920
0.207233
0.207937
0.208015
0.208329
0.208642
0.209033
0.209346
0.210285
0.210755
0.211303
0.211459
0.211772
0.212007
0.212477
0.212712
0.213181
0.214042
0.214277
0.214512
0.215138
0.215764
0.215842
0.215686
0.216312
0.216860
0.217408
0.217564
0.218034
0.218582
0.219051
0.219208
0.219599
0.219834
0.220617
0.220930
0.221243
0.221556
0.222026
0.222339
0.222574
0.222730
0.223200
0.223435
0.223748
0.224139
0.224765
0.225157
0.225470
0.225783
0.226018
0.226331
0.226878
0.227270
0.227583
0.227818
0.228366
0.228679
0.229148
0.229774
0.229931
0.230401
0.231105
0.231105
0.231340
0.231888
0.232357
0.232749
0.232749
0.233375
0.233766
0.234079
0.234627
0.234627
0.235097
0.235801
0.236349
0.236819
0.237132
0.237523
0.237915
0.238071
0.238462
0.238854
0.239245
0.239402
0.240106
0.240576
0.240576
0.240967
0.241437
0.242141
0.242611
0.242689
0.243002
0.243393
0.243472
0.244020
0.244333
0.244959
0.245037
0.245507
0.245507
0.246211
0.246681
0.246837
0.247307
0.247777
0.248090
0.248168
0.248559
0.249029
0.249264
0.249655
0.250046
0.250672
0.250751
0.251220
0.251455
0.251612
0.251925
0.252629
0.252629
0.252942
0.253647
0.254116
0.254429
0.254508
0.254977
0.255212
0.255682
0.256151
0.256386
0.256621
0.257247
0.257560
0.257639
0.257952
0.258578
0.259126
0.258813
0.259439
0.259908
0.260456
0.260769
0.261395
0.261709
0.261787
0.262413
0.262648
0.263196
0.263587
0.264213
0.264291
0.264370
0.264683
0.265231
0.266013
0.266170
0.266483
0.266561
0.266953
0.267266
0.267735
0.267657
0.268205
0.268675
0.268909
0.269457
0.269770
0.270162
0.270318
0.270788
0.271179
0.271492
0.271805
0.272197
0.272745
0.273136
0.273527
0.273840
0.274310
0.274780
0.274780
0.275014
0.275562
0.275797
0.276580
0.276893
0.277049
0.277519
0.277676
0.278302
0.278458
0.278771
0.279084
0.279554
0.280180
0.280728
0.281198
0.281667
0.281980
0.282293
0.282450
0.282763
0.283233
0.283546
0.283702
0.284329
0.284642
0.284798
0.285033
0.285503
0.285894
0.286364
0.286677
0.287146
0.287459
0.287929
0.288242
0.288555
0.288555
0.289025
0.289259
0.290042
0.290512
0.290981
0.291216
0.291451
0.291842
0.292077
0.292469
0.292703
0.293173
0.293330
0.293956
0.294425
0.294817
0.295208
0.295521
0.295678
0.296147
0.296460
0.296773
0.297321
0.297634
0.298182
0.298417
0.298574
0.298808
0.298965
0.299435
0.299669
0.300139
0.300765
0.301000
0.301626
0.302017
0.302017
0.302644
0.302878
0.302800
0.303270
0.303661
0.304444
0.304679
0.304757
0.305383
0.305540
0.305774
0.306166
0.306948
0.306792
0.306948
0.307653
0.308123
0.308201
0.308436
0.308749
0.309140
0.309531
0.309688
0.310236
0.310314
0.310940
0.311253
0.311645
0.311879
0.312271
0.312349
0.312819
0.313210
0.313523
0.314071
0.314462
0.314932
0.314854
0.315089
0.315402
0.315793
0.316028
0.316419
0.317045
0.316967
0.317437
0.317985
0.317985
0.318219
0.318689
0.318845
0.319628
0.319941
0.319941
0.320646
0.320646
0.321115
0.321272
0.321820
0.322289
0.322211
0.322994
0.323150
0.323463
0.324011
0.324090
0.324168
0.324872
0.324951
0.325342
0.325655
0.326359
0.326594
0.326751
0.327220
0.327612
0.327847
0.327847
0.328160
0.328629
0.328864
0.329177
0.329725
0.330195
0.330508
0.330664
0.330977
0.331290
0.331525
0.331995
0.332073
0.332699
0.332934
0.333169
0.333795
0.333873
0.334499
0.334734
0.334499
0.335439
0.335439
0.336065
0.336378
0.336691
0.337161
0.337395
0.337395
0.337865
0.338178
0.338648
0.338961
0.339274
0.339430
0.339744
0.340135
0.340526
0.340839
0.341387
0.341309
0.341700
0.342248
0.342483
0.342561
0.343109
0.343109
0.343735
0.343892
0.344518
0.344361
0.344909
0.345144
0.345770
0.345849
0.346240
0.346553
0.346710
0.347023
0.347257
0.347884
0.347727
0.348118
0.348666
0.348823
0.349214
0.349292
0.349840
0.350153
0.350545
0.350858
0.351093
0.351719
0.351797
0.352188
0.352110
0.352736
0.353284
0.353519
0.353441
0.353832
0.354302
0.354615
0.354771
0.355397
0.355711
0.355867
0.356102
0.356806
0.356963
0.357511
0.357746
0.358215
0.358293
0.358763
0.358998
0.359311
0.359546
0.359781
0.360407
0.360642
0.361268
0.361346
0.361659
0.362207
0.362598
0.362677
0.363068
0.363616
0.363772
0.364085
0.364398
0.364790
0.365338
0.365494
0.365729
0.366199
0.366434
0.366825
0.367294
0.367608
0.367842
0.368547
0.368547
0.368860
0.369251
0.369564
0.370034
0.370269
0.371051
0.371051
0.371365
0.371678
0.372304
0.372460
0.372773
0.373243
0.373165
0.373634
0.374026
0.374260
0.374495
0.374730
0.375435
0.375278
0.375982
0.376139
0.376374
0.376609
0.377156
0.377626
0.377626
0.377939
0.378252
0.378487
0.378565
0.379270
0.379661
0.379974
0.380131
0.380444
0.380835
0.380992
0.381461
0.381696
0.381931
0.382401
0.382948
0.383027
0.383418
0.383888
0.384279
0.384827
0.384670
0.384827
0.385375
0.385844
0.386079
0.386862
0.386862
0.386940
0.387332
0.387566
0.387879
0.388271
0.388584
0.389210
0.389367
0.389445
0.390149
0.389993
0.390306
0.390697
0.390854
0.391245
0.391949
0.392341
0.392654
0.392732
0.392967
0.393202
0.393593
0.393593
0.394063
0.394376
0.394924
0.395237
0.395315
0.395706
0.395941
0.396254
0.396567
0.396724
0.397272
0.397820
0.397898
0.398289
0.398446
0.398837
0.398915
0.399698
0.399698
0.400090
0.400794
0.400872
0.401342
0.401577
0.401733
0.402125
0.402594
0.402594
0.403142
0.403612
0.403690
0.404316
0.404473
0.404629
0.404707
0.405177
0.405334
0.405647
0.405881
0.406273
0.406586
0.406899
0.407290
0.407369
0.407682
0.407995
0.408151
0.408386
0.408934
0.409247
0.409638
0.409795
0.410030
0.410108
0.410656
0.410891
0.411126
0.411595
0.411908
0.412456
0.412691
0.413004
0.413082
0.413317
0.413395
0.414100
0.414178
0.414491
0.414726
0.414961
0.415352
0.415743
0.416057
0.416291
0.416291
0.416761
0.417231
0.417231
0.417700
0.418013
0.418483
0.418326
0.418796
0.419187
0.419266
0.419657
0.419814
0.420283
0.420909
0.421066
0.421301
0.421457
0.421222
0.421927
0.422318
0.422631
0.423023
0.423336
0.423649
0.423962
0.424118
0.424510
0.424901
0.425292
0.425527
0.425605
0.425919
0.426310
0.426388
0.426623
0.426936
0.427327
0.427484
0.427797
0.428110
0.428658
0.428501
0.429128
0.429597
0.429519
0.429989
0.430067
0.430302
0.430536
0.430615
0.431319
0.431945
0.432102
0.432415
0.432493
0.432728
0.432650
0.433119
0.433589
0.433824
0.434450
0.434763
0.434763
0.435076
0.435467
0.435702
0.435781
0.436250
0.436642
0.436955
0.437033
0.437189
0.437502
0.437737
0.438285
0.438442
0.438833
0.439068
0.439538
0.439929
0.440398
0.440790
0.440946
0.440790
0.441416
0.441807
0.441886
0.442277
0.442981
0.443216
0.443294
0.443686
0.443686
0.443999
0.444234
0.444938
0.444782
0.445251
0.445643
0.446034
0.446582
0.446504
0.447051
0.446973
0.447521
0.447756
0.447991
0.448304
0.448773
0.449008
0.449086
0.449556
0.449791
0.450417
0.450495
0.450887
0.450965
0.451435
0.451669
0.452452
0.452609
0.452530
0.453078
0.453235
0.453626
0.453861
0.454252
0.454487
0.454957
0.455113
0.455583
0.456052
0.455818
0.456052
0.456444
0.456835
0.457070
0.457540
0.457774
0.457853
0.458009
0.458322
0.458479
0.458948
0.459183
0.459888
0.460122
0.460357
0.460827
0.460827
0.461453
0.461766
0.462079
0.462157
0.463097
0.463175
0.463332
0.463723
0.464114
0.464114
0.464662
0.464662
0.464975
0.465523
0.465914
0.465993
0.466306
0.466384
0.466697
0.467010
0.467167
0.467323
0.467949
0.468106
0.468341
0.468732
0.468889
0.469358
0.469358
0.469750
0.470219
0.470454
0.470924
0.471158
0.471472
0.471706
0.471706
0.471863
0.472254
0.472567
0.473115
0.473350
0.473194
0.473820
0.474133
0.473976
0.474289
0.474681
0.474837
0.475229
0.475385
0.475933
0.476011
0.476716
0.476481
0.476559
0.477029
0.477498
0.477890
0.478203
0.478516
0.478594
0.479064
0.479533
0.479377
0.479612
0.479846
0.480473
0.480864
0.481334
0.481568
0.481647
0.481960
0.482273
0.482351
0.482586
0.483134
0.483212
0.483682
0.483995
0.484621
0.484543
0.484934
0.485091
0.485325
0.485638
0.486030
0.486030
0.486265
0.486578
0.486812
0.486812
0.487204
0.487752
0.488065
0.488300
0.488926
0.489239
0.489708
0.489708
0.489787
0.490178
0.490491
0.490961
0.491196
0.491196
0.491665
0.491900
0.492057
0.492370
0.492683
0.492761
0.493074
0.493309
0.493465
0.493935
0.494326
0.494796
0.494718
0.495187
0.495500
0.495422
0.495813
0.496205
0.496283
0.496831
0.497066
0.497379
0.497692
0.497848
0.498005
0.498396
0.498631
0.498788
0.499179
0.499414
0.499649
0.500118
0.500510
0.500588
0.500979
0.501527
0.501997
0.501997
0.502232
0.502232
0.502701
0.502936
0.503171
0.503484
0.503562
0.504032
0.504110
0.504188
0.504893
0.505049
0.505128
0.505597
0.505519
0.506145
0.506302
0.506850
0.507163
0.507397
0.507710
0.508102
0.508102
0.508493
0.508728
0.509119
0.509432
0.509589
0.509824
0.510450
0.510606
0.510606
0.510841
0.511311
0.511467
0.511781
0.512094
0.512328
0.512641
0.512798
0.513268
0.513581
0.513972
0.514285
0.514363
0.514990
0.514990
0.515537
0.515694
0.516164
0.516085
0.516242
0.516712
0.517025
0.517416
0.517572
0.517964
0.518042
0.518512
0.518747
0.519060
0.519294
0.519608
0.519842
0.520077
0.520547
0.521173
0.521721
0.521877
0.522190
0.522425
0.522425
0.522738
0.523208
0.523364
0.523678
0.524069
0.524538
0.524617
0.525165
0.525321
0.525399
0.525869
0.526495
0.526652
0.526887
0.527278
0.527748
0.527904
0.528295
0.528609
0.528922
0.529078
0.529313
0.529548
0.530096
0.530017
0.530565
0.530644
0.530957
0.531191
0.531583
0.531818
0.532209
0.532600
0.532600
0.533148
0.533383
0.533696
0.533696
0.534244
0.534400
0.534557
0.535261
0.535261
0.535653
0.536122
0.536514
0.536670
0.536905
0.536905
0.537296
0.537844
0.538001
0.538157
0.538549
0.538940
0.538862
0.539488
0.539566
0.539879
0.540036
0.540662
0.541053
0.541523
0.541680
0.542071
0.542227
0.542306
0.543010
0.543480
0.543480
0.543793
0.544106
0.544262
0.544341
0.544576
0.544889
0.545437
0.545671
0.546141
0.546219
0.546611
0.546611
0.546845
0.546924
0.547158
0.547785
0.548254
0.548411
0.548489
0.548959
0.549115
0.549350
0.549898
0.549820
0.550289
0.551072
0.551228
0.551463
0.551463
0.551698
0.552011
0.552246
0.552637
0.552950
0.553185
0.553577
0.553811
0.554124
0.554359
0.554516
0.554907
0.554829
0.555455
0.555768
0.556159
0.556159
0.556473
0.557020
0.557020
0.557255
0.557568
0.558038
0.558273
0.558664
0.558821
0.559134
0.559134
0.559055
0.559525
0.559916
0.560464
0.560777
0.561090
0.561404
0.561560
0.561560
0.561795
0.562265
0.562578
0.563047
0.563282
0.563830
0.563908
0.564065
0.564143
0.564534
0.564613
0.564769
0.565395
0.565708
0.566021
0.566413
0.566648
0.566804
0.566882
0.566882
0.567430
0.567743
0.568213
0.568526
0.568761
0.568917
0.568917
0.569074
0.569231
0.569544
0.569935
0.570639
0.571109
0.570796
0.571187
0.571500
0.571344
0.571579
0.572127
0.572596
0.572753
0.573144
0.573301
0.573379
0.573535
0.574083
0.574005
0.574553
0.574788
0.575179
0.575414
0.575649
0.576118
0.576197
0.576118
0.576431
0.576979
0.577292
0.577527
0.577684
0.577918
0.578310
0.578232
0.578701
0.578858
0.578936
0.579327
0.579719
0.580188
0.580188
0.580814
0.580971
0.580893
0.581049
0.581441
0.581832
0.582223
0.582380
0.582849
0.583163
0.583084
0.583476
0.583710
0.583945
0.584024
0.584650
0.585041
0.585276
0.585354
0.585745
0.585745
0.586293
0.585980
0.586528
0.586920
0.587311
0.587546
0.587546
0.587780
0.588015
0.588250
0.588563
0.589111
0.589111
0.589659
0.589894
0.590363
0.590442
0.591068
0.591068
0.591303
0.591694
0.592007
0.592164
0.592477
0.592711
0.593025
0.593338
0.593729
0.593494
0.593729
0.594120
0.594512
0.595216
0.595138
0.595451
0.595764
0.595921
0.596234
0.596312
0.596938
0.597251
0.597329
0.597877
0.598112
0.598425
0.598973
0.598817
0.599130
0.599521
0.599834
0.599912
0.600460
0.601086
0.601008
0.601634
0.602182
0.602104
0.602260
0.602417
0.602887
0.603278
0.603434
0.603434
0.604061
0.604295
0.604608
0.604687
0.605000
0.605078
0.605548
0.605783
0.606017
0.606487
0.606878
0.607191
0.607348
0.607348
0.607426
0.607974
0.608522
0.608522
0.608757
0.609070
0.609305
0.609931
0.610009
0.610400
0.610400
0.611261
0.611496
0.611653
0.611731
0.611966
0.612279
0.612357
0.612514
0.612592
0.613140
0.613610
0.613766
0.614001
0.614079
0.614549
0.614627
0.614940
0.614940
0.615331
0.615566
0.615723
0.616192
0.615958
0.616506
0.616506
0.616740
0.617053
0.617680
0.617523
0.617914
0.618384
0.618775
0.618775
0.618932
0.619245
0.619558
0.619793
0.620184
0.620654
0.620576
0.620654
0.620889
0.621358
0.621515
0.621750
0.622689
0.622767
0.623080
0.622845
0.623158
0.623158
0.623550
0.623706
0.623941
0.624411
0.624567
0.625037
0.625193
0.625507
0.625820
0.625428
0.625976
0.626759
0.626837
0.627072
0.627463
0.627698
0.627542
0.628011
0.628324
0.628324
0.628403
0.628794
0.629342
0.629577
0.629890
0.629890
0.630203
0.630438
0.630281
0.630985
0.631533
0.631846
0.632003
0.632238
0.632316
0.632551
0.632707
0.633020
0.633255
0.633960
0.634273
0.634273
0.634664
0.634821
0.634508
0.634742
0.634977
0.635525
0.635760
0.635916
0.636543
0.636543
0.636856
0.636543
0.636777
0.637169
0.637638
0.638030
0.638030
0.638421
0.638812
0.638891
0.638812
0.639047
0.639204
0.639830
0.640300
0.640847
0.640691
0.640926
0.641239
0.641082
0.641474
0.641865
0.642100
0.642726
0.642882
0.643196
0.643587
0.643430
0.643509
0.643743
0.643900
0.644683
0.644604
0.644996
0.644996
0.645074
0.645622
0.645857
0.645935
0.646091
0.646483
0.647109
0.647344
0.647579
0.647735
0.647813
0.647970
0.648127
0.648518
0.648909
0.649222
0.649457
0.649614
0.649927
0.650005
0.650240
0.650396
0.650396
0.651179
0.651727
0.652197
0.652275
0.652275
0.652510
0.652823
0.653057
0.653605
0.653527
0.654232
0.654545
0.654701
0.654858
0.655171
0.655171
0.655406
0.655719
0.656032
0.656580
0.656814
0.657049
0.657519
0.657675
0.657675
0.657988
0.658145
0.658615
0.658849
0.659163
0.659397
0.659789
0.660337
0.660180
0.660258
0.660884
0.661276
0.661902
0.661902
0.662059
0.661980
0.662606
0.662763
0.662763
0.663233
0.663702
0.664172
0.664485
0.664485
0.665111
0.665189
0.665346
0.665581
0.665815
0.666285
0.666520
0.666911
0.667068
0.667537
0.667459
0.667772
0.667929
0.668477
0.668790
0.669103
0.669416
0.669572
0.669807
0.670199
0.670277
0.670825
0.670746
0.671216
0.671294
0.671921
0.672312
0.672468
0.672468
0.672781
0.673486
0.673642
0.674425
0.674503
0.674738
0.674738
0.674895
0.675521
0.675834
0.676147
0.676460
0.676773
0.676930
0.676930
0.677321
0.677399
0.677712
0.677869
0.678104
0.678887
0.679043
0.679278
0.679513
0.680374
0.680608
0.680530
0.681000
0.681469
0.682017
0.682017
0.682643
0.682878
0.683113
0.683661
0.683739
0.683818
0.684365
0.684522
0.684835
0.685070
0.685461
0.685774
0.686166
0.686400
0.686479
0.686792
0.687261
0.687261
0.687653
0.688122
0.688514
0.688749
0.688749
0.689296
0.689218
0.690157
0.690470
0.690470
0.690392
0.690862
0.691410
0.691488
0.692036
0.692427
0.692584
0.693053
0.693210
0.693523
0.693758
0.694306
0.694540
0.694854
0.695010
0.695323
0.695245
0.695636
0.696106
0.696576
0.696654
0.697280
0.697593
0.697906
0.697906
0.698063
0.698454
0.698689
0.698845
0.699237
0.699315
0.699706
0.699941
0.700411
0.700332
0.700880
0.701350
0.701898
0.701976
0.702289
0.702681
0.702915
0.703150
0.703385
0.703698
0.704089
0.704402
0.704716
0.705029
0.705498
0.705655
0.705655
0.706046
0.706359
0.706985
0.707220
0.707220
0.707925
0.708081
0.708159
0.708551
0.708551
0.709099
0.709412
0.709725
0.709881
0.709960
0.710273
0.710194
0.710194
0.709960
0.710273
0.710116
0.710351
0.709960
0.710116
0.710508
0.709960
0.709960
0.709803
0.709803
0.709412
0.708864
0.709333
0.708864
0.708629
0.708316
0.708003
0.708003
0.707846
0.707533
0.706985
0.706907
0.706203
0.705890
0.705733
0.705420
0.705420
0.705029
0.704794
0.704481
0.704011
0.703776
0.703385
0.703150
0.702915
0.702681
0.702211
0.701663
0.701585
0.701115
0.700959
0.700567
0.700176
0.699863
0.699706
0.699628
0.699002
0.698845
0.698532
0.698376
0.697828
0.697671
0.697123
0.696967
0.696497
0.695949
0.695636
0.695401
0.694619
0.694462
0.694071
0.693758
0.693680
0.693366
0.693053
0.692584
0.692271
0.692036
0.692114
0.691488
0.691331
0.690627
0.690470
0.690079
0.689766
0.689531
0.689140
0.688514
0.688201
0.687966
0.687574
0.687261
0.687105
0.686635
0.686479
0.685931
0.685774
0.685383
0.684835
0.684757
0.684522
0.684287
0.683583
0.683035
0.682800
0.682722
0.682330
0.681939
0.681783
0.681156
0.680922
0.680687
0.680139
0.679826
0.679200
0.678887
0.679043
0.678495
0.677791
0.677556
0.676852
0.676695
0.676695
0.676460
0.676382
0.676225
0.675756
0.675286
0.674973
0.674660
0.674503
0.673486
0.673877
0.672938
0.672781
0.672390
0.672468
0.671764
0.671451
0.671294
0.670825
0.670590
0.669807
0.669651
0.669494
0.668946
0.668868
0.668398
0.668007
0.667929
0.667616
0.666990
0.667224
0.666833
0.666285
0.666129
0.665581
0.665424
0.664955
0.664720
0.664250
0.663859
0.663624
0.663389
0.663233
0.662685
0.662606
0.662372
0.662059
0.661589
0.661354
0.660728
0.660337
0.660102
0.660180
0.659319
0.659084
0.658693
0.658302
0.658067
0.657675
0.657754
0.657206
0.657049
0.656814
0.656423
0.655640
0.655562
0.655171
0.655093
0.654779
0.654466
0.654075
0.653605
0.653136
0.652901
0.652275
0.652118
0.651727
0.651179
0.651179
0.650866
0.650475
0.650240
0.650005
0.649301
0.648987
0.648596
0.648440
0.648205
0.647657
0.647344
0.647031
0.646874
0.646405
0.646483
0.645700
0.645231
0.645231
0.644761
0.644839
0.644370
0.643743
0.643352
0.643117
0.642882
0.642569
0.642178
0.641708
0.641160
0.641160
0.640847
0.640456
0.640300
0.639830
0.639517
0.639360
0.638891
0.638656
0.638108
0.637873
0.637482
0.637012
0.637090
0.636621
0.636229
0.635760
0.635369
0.635212
0.635055
0.634586
0.634273
0.633803
0.633568
0.633255
0.633099
0.632864
0.632238
0.632159
0.631612
0.631377
0.631064
0.630672
0.630438
0.629890
0.629890
0.629420
0.629029
0.628794
0.628246
0.628089
0.627933
0.627776
0.626994
0.626837
0.626289
0.626054
0.625663
0.625507
0.625193
0.624880
0.624489
0.624489
0.624098
0.623706
0.623002
0.622845
0.622297
0.622219
0.621984
0.621437
0.621202
0.621123
0.620810
0.620497
0.619871
0.619636
0.619323
0.618854
0.618775
0.618619
0.618149
0.617836
0.617523
0.617523
0.616740
0.616114
0.616036
0.615723
0.615410
0.615018
0.614862
0.614470
0.614001
0.614001
0.613766
0.613453
0.613218
0.612592
0.612357
0.611966
0.611888
0.611183
0.611027
0.610792
0.610166
0.609774
0.609696
0.609305
0.608757
0.608444
0.608287
0.608209
0.607896
0.607661
0.607504
0.606957
0.606878
0.606487
0.605861
0.605469
0.605000
0.605078
0.605000
0.604608
0.604295
0.603748
0.603513
0.603434
0.603121
0.602573
0.602026
0.601634
0.601713
0.601556
0.601008
0.600617
0.600304
0.600147
0.599286
0.598817
0.598582
0.598425
0.598112
0.597877
0.597642
0.597095
0.597095
0.596782
0.596547
0.596077
0.595764
0.595294
0.594981
0.594590
0.594590
0.594277
0.593964
0.593886
0.593416
0.592868
0.592633
0.592555
0.592320
0.591694
0.591537
0.591381
0.591459
0.590911
0.590598
0.589972
0.589659
0.589111
0.589033
0.588955
0.588485
0.588250
0.587937
0.587937
0.587546
0.587233
0.586685
0.586293
0.586215
0.585745
0.585902
0.585589
0.585354
0.585119
0.584650
0.584337
0.583789
0.583241
0.583319
0.582928
0.582849
0.582928
0.582536
0.581910
0.582067
0.581441
0.580814
0.580658
0.580345
0.580345
0.579954
0.579875
0.579484
0.579014
0.578779
0.578623
0.578310
0.577997
0.577527
0.577371
0.577371
0.577292
0.576979
0.576510
0.576431
0.575883
0.575492
0.575492
0.574631
0.574475
0.574240
0.574318
0.574005
0.573770
0.573535
0.573379
0.572674
0.572205
0.572361
0.571892
0.571970
0.571657
0.571187
0.570718
0.570796
0.570326
0.570013
0.569387
0.569152
0.568917
0.568761
0.568526
0.568370
0.567900
0.567822
0.567352
0.567039
0.566882
0.566413
0.566100
0.565943
0.565787
0.565630
0.565082
0.565004
0.564456
0.564221
0.563986
0.563673
0.563517
0.563282
0.563047
0.562578
0.562186
0.562030
0.561638
0.561090
0.560464
0.560308
0.559916
0.559760
0.559525
0.559369
0.559290
0.558664
0.558116
0.558038
0.557725
0.557490
0.557334
0.557099
0.556629
0.556473
0.555768
0.555690
0.555377
0.554829
0.554672
0.554359
0.553968
0.553811
0.553498
0.553264
0.553185
0.552950
0.552481
0.552246
0.551855
0.551542
0.551385
0.551072
0.550994
0.550759
0.550211
0.550368
0.549663
0.549428
0.548959
0.548646
0.548489
0.548019
0.547941
0.547158
0.547237
0.546924
0.546767
0.546454
0.545984
0.545750
0.545280
0.544732
0.544732
0.544419
0.544184
0.543793
0.543480
0.543323
0.542854
0.542619
0.542462
0.542462
0.542149
0.541680
0.541053
0.540740
0.540506
0.539645
0.539879
0.539410
0.539018
0.538549
0.538314
0.537766
0.537688
0.537610
0.537062
0.537062
0.536514
0.536201
0.536122
0.535496
0.534948
0.534870
0.534557
0.534557
0.534009
0.533696
0.533383
0.533540
0.532992
0.532913
0.532209
0.532052
0.531896
0.531426
0.531035
0.530722
0.530330
0.530330
0.530096
0.529313
0.529078
0.528843
0.528687
0.528217
0.527748
0.527591
0.527121
0.527043
0.526808
0.526417
0.525713
0.525634
0.525165
0.525243
0.524695
0.524382
0.523991
0.523912
0.523678
0.523443
0.523208
0.522660
0.522190
0.521956
0.521877
0.521408
0.521016
0.520782
0.520390
0.519686
0.519686
0.519138
0.518668
0.518668
0.518355
0.518199
0.517729
0.517572
0.517338
0.516946
0.516477
0.516320
0.516007
0.515929
0.515616
0.515224
0.514755
0.514442
0.514129
0.513737
0.513424
0.512955
0.512876
0.512407
0.512172
0.512015
0.511859
0.511546
0.510920
0.510841
0.510215
0.509824
0.509824
0.509511
0.509432
0.508963
0.508728
0.508102
0.507945
0.507710
0.507006
0.506771
0.506693
0.506771
0.506380
0.505675
0.505832
0.505519
0.504815
0.504580
0.504423
0.504267
0.503954
0.503562
0.503327
0.502779
0.502701
0.502388
0.501997
0.501292
0.501449
0.500744
0.500666
0.500353
0.500275
0.499649
0.499492
0.499257
0.498631
0.498475
0.498240
0.498005
0.497692
0.497535
0.497301
0.496909
0.496674
0.496361
0.495813
0.495657
0.495187
0.494953
0.494953
0.494483
0.494405
0.493857
0.493465
0.493309
0.492996
0.492761
0.492213
0.492213
0.491978
0.491822
0.491430
0.491039
0.490726
0.490256
0.490100
0.489630
0.489865
0.489239
0.489474
0.489082
0.488691
0.488300
0.487987
0.487204
0.487047
0.487204
0.486656
0.486343
0.486186
0.485873
0.485795
0.485091
0.484464
0.484151
0.484151
0.483916
0.483760
0.483369
0.483134
0.482899
0.482586
0.481960
0.481960
0.481412
0.481020
0.481177
0.480707
0.480786
0.480160
0.479612
0.479299
0.478516
0.478359
0.478046
0.477811
0.477420
0.477420
0.477264
0.476872
0.476794
0.476559
0.475933
0.475150
0.475385
0.475072
0.474915
0.474446
0.474368
0.473898
0.473976
0.473507
0.472880
0.472333
0.472019
0.471785
0.471393
0.471393
0.471002
0.471002
0.470298
0.469984
0.469358
0.469123
0.468967
0.468889
0.468497
0.468341
0.467871
0.467636
0.467480
0.467088
0.466697
0.465993
0.465914
0.465445
0.465210
0.464897
0.464740
0.464427
0.463958
0.463801
0.463410
0.462627
0.462627
0.462392
0.462001
0.461766
0.461766
0.461140
0.460592
0.460201
0.459888
0.459575
0.459340
0.459027
0.458557
0.458401
0.458166
0.457696
0.457540
0.457070
0.456679
0.456522
0.456131
0.455974
0.455505
0.455270
0.454878
0.454487
0.454409
0.454096
0.453626
0.453313
0.453000
0.452687
0.452295
0.452061
0.451904
0.451278
0.450965
0.450652
0.450417
0.449869
0.449713
0.449556
0.448930
0.448852
0.448539
0.448225
0.447912
0.447599
0.447286
0.446973
0.446738
0.446112
0.445799
0.445564
0.445329
0.444703
0.444390
0.443764
0.443999
0.443373
0.443294
0.442903
0.442825
0.442120
0.442120
0.441729
0.441103
0.440712
0.440555
0.440164
0.439538
0.439459
0.438911
0.438833
0.438363
0.438207
0.438050
0.437737
0.437502
0.437111
0.436798
0.436094
0.435937
0.435624
0.435467
0.435154
0.434685
0.434685
0.433902
0.434059
0.433432
0.433198
0.433041
0.432728
0.432337
0.432102
0.431632
0.431241
0.431084
0.430693
0.430458
0.430067
0.429597
0.429519
0.429441
0.428736
0.428736
0.428188
0.427875
0.427484
0.427562
0.427327
0.426780
0.426310
0.426232
0.425919
0.425527
0.425214
0.424823
0.424588
0.424197
0.424040
0.423805
0.423492
0.423336
0.422944
0.422475
0.422240
0.422083
0.421301
0.421066
0.421222
0.421066
0.420596
0.420283
0.420048
0.419500
0.419109
0.418796
0.418483
0.418248
0.417857
0.417857
0.417465
0.417231
0.416839
0.416370
0.415978
0.415822
0.415822
0.415587
0.415196
0.414804
0.414491
0.414413
0.413630
0.413630
0.413317
0.413239
0.412691
0.412300
0.412143
0.411908
0.411595
0.411282
0.410812
0.410265
0.410030
0.409560
0.409560
0.409404
0.409012
0.408856
0.408699
0.408308
0.407917
0.407760
0.407290
0.406742
0.406508
0.406195
0.405960
0.405725
0.405412
0.405255
0.404942
0.404707
0.404160
0.404238
0.403690
0.403377
0.403455
0.402751
0.402907
0.402438
0.402125
0.401733
0.401185
0.401185
0.400637
0.400090
0.400324
0.399933
0.399542
0.399385
0.398837
0.398446
0.398368
0.398055
0.397428
0.397272
0.397115
0.396646
0.395941
0.396176
0.395706
0.395393
0.394845
0.394845
0.394689
0.394532
0.394298
0.394141
0.393593
0.393124
0.392732
0.392341
0.391949
0.391636
0.391480
0.391167
0.390932
0.390619
0.390149
0.389445
0.389132
0.388975
0.388897
0.388662
0.388271
0.387801
0.387488
0.387332
0.387018
0.386314
0.386236
0.386236
0.385688
0.385453
0.385140
0.384670
0.384357
0.383966
0.383575
0.383418
0.383105
0.382948
0.382714
0.382322
0.382244
0.382009
0.381461
0.380835
0.380757
0.380209
0.380209
0.379505
0.379505
0.379270
0.378644
0.378565
0.378174
0.377783
0.377391
0.377078
0.376452
0.376765
0.376217
0.376061
0.375435
0.375200
0.374808
0.374495
0.374104
0.374026
0.373869
0.373478
0.373086
0.373165
0.372695
0.372147
0.371991
0.371521
0.371678
0.371051
0.370425
0.370112
0.369877
0.369799
0.369173
0.368860
0.368390
0.368077
0.367764
0.367373
0.367216
0.366981
0.366747
0.366512
0.365729
0.365416
0.365103
0.364633
0.364633
0.364242
0.363459
0.363224
0.363068
0.362677
0.362207
0.361894
0.361268
0.361189
0.360876
0.360798
0.360250
0.360015
0.359624
0.359389
0.358841
0.358450
0.358059
0.357824
0.357511
0.356885
0.356650
0.356415
0.355945
0.355711
0.355163
0.354928
0.354458
0.354458
0.353989
0.353832
0.353441
0.353206
0.352815
0.352345
0.351797
0.351641
0.351249
0.351014
0.350858
0.350701
0.350388
0.349997
0.349762
0.349136
0.348823
0.348431
0.348353
0.347727
0.347336
0.347336
0.346866
0.346631
0.346240
0.345927
0.345692
0.345144
0.345066
0.344518
0.344127
0.344048
0.343579
0.343657
0.343187
0.342561
0.342639
0.342092
0.341622
0.341231
0.341231
0.340761
0.340291
0.340213
0.339744
0.339509
0.339196
0.338726
0.338178
0.338022
0.337709
0.337709
0.337239
0.336926
0.336613
0.336065
0.335908
0.335204
0.334969
0.334656
0.334343
0.334343
0.334030
0.333873
0.333482
0.333091
0.332856
0.332543
0.332230
0.331917
0.331917
0.331134
0.330977
0.330742
0.330429
0.329882
0.329568
0.329255
0.328707
0.328707
0.328316
0.328238
0.327925
0.327612
0.327220
0.327064
0.326516
0.326125
0.326203
0.325342
0.325498
0.324951
0.324559
0.324559
0.324324
0.323698
0.323542
0.323072
0.322837
0.322602
0.322368
0.321976
0.321507
0.321115
0.320724
0.320567
0.320020
0.319393
0.319393
0.319080
0.318767
0.318532
0.318376
0.317828
0.317124
0.317124
0.316654
0.316654
0.315949
0.315949
0.315871
0.315402
0.315245
0.314854
0.314462
0.314071
0.313680
0.313523
0.313210
0.312819
0.312662
0.312271
0.311958
0.311723
0.311488
0.310705
0.311019
0.310549
0.310236
0.309844
0.309688
0.309062
0.308670
0.308436
0.307966
0.307966
0.307575
0.307262
0.306714
0.306792
0.306322
0.305696
0.305774
0.305070
0.304679
0.304522
0.304366
0.303818
0.303739
0.303113
0.302878
0.302331
0.302252
0.301783
0.301704
0.300843
0.300687
0.300374
0.300217
0.299904
0.299591
0.298965
0.298965
0.298495
0.298026
0.297791
0.297478
0.297008
0.296695
0.296695
0.296069
0.295912
0.295756
0.295365
0.294895
0.294660
0.294347
0.294034
0.293486
0.293251
0.293095
0.292547
0.292312
0.291999
0.291451
0.291216
0.290668
0.290277
0.290120
0.289964
0.289494
0.289025
0.288790
0.288320
0.287851
0.287538
0.287538
0.286990
0.286598
0.286129
0.286285
0.285737
0.285346
0.285033
0.285033
0.284407
0.284015
0.283937
0.283546
0.283311
0.282685
0.282450
0.281980
0.281746
0.281276
0.280650
0.280728
0.279867
0.279632
0.279163
0.278850
0.278615
0.277832
0.277519
0.277206
0.277284
0.276736
0.276815
0.276345
0.275875
0.275562
0.275014
0.274780
0.274388
0.274075
0.273840
0.273214
0.272979
0.272588
0.272118
0.271649
0.271336
0.271257
0.270788
0.270396
0.270083
0.269770
0.269614
0.269379
0.268831
0.268127
0.267970
0.267422
0.267187
0.266874
0.266405
0.266405
0.265857
0.265387
0.265231
0.264839
0.264448
0.264135
0.263587
0.263430
0.263117
0.262726
0.262100
0.262022
0.261630
0.261239
0.260769
0.260848
0.260300
0.260221
0.259360
0.259126
0.258578
0.258265
0.258186
0.257873
0.257404
0.257091
0.256621
0.256621
0.256151
0.255838
0.255290
0.255056
0.254508
0.253960
0.253725
0.253412
0.253099
0.252786
0.252551
0.252394
0.251847
0.251690
0.251142
0.250907
0.250829
0.250516
0.250125
0.249577
0.249342
0.249029
0.248794
0.248403
0.248011
0.247620
0.247229
0.246759
0.246524
0.246133
0.246055
0.245663
0.245194
0.244881
0.244724
0.244098
0.243785
0.243472
0.243080
0.242689
0.242611
0.241906
0.241906
0.241515
0.240967
0.240889
0.240497
0.239636
0.239715
0.239323
0.239323
0.238619
0.238149
0.237836
0.237836
0.237210
0.237132
0.236349
0.236193
0.235879
0.235723
0.235410
0.234784
0.234627
0.234314
0.234079
0.233688
0.233610
0.233062
0.232984
0.232749
0.232436
0.231966
0.231809
0.231496
0.231027
0.230557
0.230009
0.229696
0.229461
0.229227
0.228757
0.228366
0.228131
0.227739
0.227270
0.226957
0.226878
0.226331
0.226487
0.225861
0.225626
0.225078
0.224687
0.224609
0.224217
0.223748
0.223513
0.223200
0.223043
0.222652
0.222104
0.221869
0.221634
0.221243
0.220930
0.220382
0.220304
0.220069
0.219521
0.219286
0.218425
0.218504
0.217877
0.217643
0.217016
0.216782
0.216469
0.216469
0.216077
0.215842
0.215295
0.215295
0.214825
0.214042
0.213573
0.213181
0.213025
0.212868
0.212242
0.212164
0.212085
0.211616
0.210755
0.210755
0.210285
0.210050
0.209424
0.209189
0.209033
0.208563
0.208485
0.208094
0.207702
0.207311
0.207076
0.206372
0.206294
0.205902
0.205589
0.205041
0.204963
0.204806
0.204259
0.203789
0.203319
0.202928
0.202693
0.202615
0.202223
0.201989
0.201676
0.200893
0.200580
0.199875
0.199954
0.199719
0.199093
0.198701
0.198545
0.198232
0.197919
0.197606
0.196979
0.196745
0.196432
0.196353
0.195649
0.195179
0.194944
0.194475
0.194083
0.193692
0.192988
0.192753
0.192361
0.192127
0.191970
0.191501
0.191344
0.190874
0.190483
0.189700
0.189387
0.188605
0.188683
0.188213
0.187978
0.187509
0.187196
0.186883
0.186491
0.186256
0.185552
0.185395
0.184926
0.184300
0.184221
0.183908
0.183439
0.183047
0.182656
0.182343
0.181717
0.181639
0.181404
0.180621
0.180386
0.180073
0.179604
0.179212
0.178821
0.178664
0.178351
0.178116
0.177647
0.177099
0.177099
0.176473
0.176003
0.175690
0.175299
0.174829
0.174516
0.174046
0.173812
0.173498
0.173107
0.173029
0.172403
0.172090
0.171698
0.171072
0.170994
0.170524
0.170133
0.169898
0.169507
0.169194
0.168959
0.168724
0.167941
0.167628
0.167080
0.167002
0.166767
0.166689
0.166063
0.165671
0.165124
0.165045
0.164654
0.164106
0.163793
0.163715
0.163245
0.162697
0.162462
0.161915
0.161680
0.161445
0.160584
0.160193
0.160114
0.159645
0.159332
0.159019
0.158549
0.157845
0.157453
0.157531
0.157140
0.156436
0.156201
0.155888
0.155653
0.154949
0.154557
0.154401
0.154166
0.153618
0.153305
0.153148
0.152679
0.152366
0.152209
0.151661
0.151348
0.150879
0.150644
0.149783
0.149626
0.149470
0.149000
0.148530
0.148061
0.147904
0.147356
0.146887
0.146652
0.146339
0.145713
0.145400
0.145321
0.144930
0.144695
0.144069
0.143521
0.143599
0.142973
0.142582
0.142034
0.141721
0.141095
0.140703
0.140390
0.140156
0.139842
0.139373
0.138981
0.138434
0.138121
0.138042
0.137338
0.137181
0.136633
0.136164
0.136086
0.135303
0.134990
0.134598
0.134364
0.133894
0.133424
0.133346
0.132798
0.132642
0.132563
0.131937
0.131468
0.131233
0.130998
0.130372
0.130450
0.129667
0.129041
0.128572
0.128337
0.128259
0.127867
0.127241
0.127319
0.126850
0.126458
0.125754
0.125363
0.125363
0.124971
0.124736
0.124032
0.123719
0.123484
0.123014
0.122780
0.122153
0.121684
0.121606
0.121214
0.120588
0.120275
0.119884
0.119414
0.119101
0.118631
0.118083
0.117770
0.117379
0.117222
0.117066
0.116518
0.115970
0.115344
0.115579
0.115187
0.114248
0.113700
0.113700
0.113152
0.113074
0.112605
0.112448
0.111900
0.111509
0.111117
0.110491
0.110335
0.109943
0.109709
0.109239
0.108848
0.108535
0.108221
0.107517
0.107126
0.106656
0.106186
0.105795
0.105560
0.105247
0.105012
0.104621
0.104308
0.103995
0.103212
0.102899
0.102351
0.101960
0.101490
0.101490
0.101177
0.100708
0.100081
0.099612
0.099299
0.098516
0.098203
0.097733
0.097342
0.097342
0.097029
0.096559
0.096246
0.096011
0.095542
0.094603
0.094446
0.093663
0.093350
0.093272
0.092646
0.092176
0.092176
0.091550
0.091159
0.090454
0.090219
0.089828
0.089437
0.088967
0.088419
0.088106
0.087950
0.087480
0.086854
0.086306
0.085993
0.085836
0.085367
0.084819
0.084271
0.083723
0.083566
0.083253
0.082784
0.082549
0.082001
0.081766
0.080984
0.080749
0.080592
0.079888
0.079262
0.078792
0.078166
0.077618
0.077305
0.077070
0.076914
0.076600
0.075818
0.075740
0.075270
0.074800
0.074096
0.073939
0.073548
0.072687
0.072452
0.072296
0.071904
0.071278
0.070965
0.070261
0.069634
0.069243
0.068695
0.068382
0.068226
0.067913
0.067599
0.067208
0.066817
0.066269
0.065564
0.065017
0.064860
0.064390
0.064156
0.064077
0.063295
0.062825
0.062668
0.062277
0.061494
0.061025
0.060555
0.060242
0.060007
0.059538
0.059146
0.058755
0.058207
0.057659
0.056955
0.056876
0.056329
0.055859
0.055468
0.055076
0.054685
0.054215
0.053511
0.053198
0.052806
0.052259
0.051789
0.051398
0.051398
0.050771
0.050224
0.049832
0.049206
0.048580
0.048345
0.047797
0.047484
0.047328
0.046858
0.046388
0.046154
0.045527
0.045136
0.044510
0.044040
0.043492
0.043101
0.042788
0.042710
0.041927
0.041379
0.041301
0.040753
0.039579
0.039031
0.039109
0.038640
0.038013
0.037779
0.037074
0.036839
0.036292
0.035900
0.035352
0.034804
0.034413
0.034257
0.033630
0.033239
0.032769
0.032535
0.032221
0.031674
0.031047
0.030421
0.029952
0.029482
0.029169
0.028621
0.028151
0.027604
0.027290
0.026899
0.026195
0.026038
0.025569
0.025177
0.024551
0.024003
0.023612
0.023299
0.022907
0.022438
0.021890
0.021499
0.020951
0.020559
0.020011
0.019698
0.019464
0.018837
0.018055
0.017585
0.017194
0.016724
0.016254
0.015863
0.015550
0.014846
0.014454
0.013985
0.013358
0.013045
0.012184
0.012028
0.011558
0.011402
0.010776
0.010541
0.009836
0.009367
0.008662
0.008427
0.007723
0.007253
0.006940
0.006549
0.006471
0.005610
0.005140
0.004592
0.004123
0.003731
0.003105
0.002870
0.002557
0.002009
0.001618
0.001070
0.000679
0.000287
-0.000026
-0.000339
-0.001200
-0.001435
-0.001748
-0.002452
-0.002530
-0.003235
-0.003548
-0.004174
-0.004644
-0.005426
-0.005739
-0.006522
-0.006835
-0.006992
-0.007774
-0.008087
-0.008635
-0.009340
-0.010122
-0.010279
-0.010749
-0.011375
-0.011766
-0.012236
-0.012471
-0.013097
-0.013723
-0.014271
-0.014975
-0.015367
-0.015758
-0.016541
-0.016932
-0.017323
-0.017480
-0.018184
-0.018654
-0.019280
-0.019828
-0.020454
-0.020689
-0.021315
-0.021706
-0.022724
-0.022489
-0.023115
-0.023428
-0.024289
-0.024994
-0.025620
-0.026246
-0.026559
-0.026950
-0.027498
-0.028203
-0.028359
-0.029220
-0.030003
-0.030551
-0.030942
-0.031412
-0.031960
-0.032351
-0.032899
-0.033056
-0.033916
-0.034386
-0.035091
-0.035560
-0.036030
-0.036891
-0.037360
-0.037830
-0.038300
-0.038847
-0.039708
-0.040022
-0.041352
-0.041978
-0.042526
-0.042918
-0.043309
-0.043935
-0.044170
-0.044874
-0.045109
-0.045735
-0.046753
-0.047066
-0.047535
-0.047692
-0.048553
-0.049179
-0.049805
-0.050744
-0.051136
-0.051371
-0.052388
-0.053327
-0.053562
-0.054188
-0.054580
-0.055441
-0.055754
-0.056145
-0.056771
-0.057789
-0.058337
-0.059041
-0.059902
-0.060215
-0.060606
-0.061467
-0.061624
-0.062015
-0.062720
-0.063502
-0.064285
-0.064911
-0.065303
-0.065772
-0.066085
-0.066633
-0.067259
-0.067886
-0.068277
-0.069373
-0.070155
-0.070703
-0.071095
-0.071564
-0.071799
-0.072582
-0.073364
-0.073834
-0.074304
-0.075086
-0.075791
-0.076574
-0.076965
-0.077434
-0.077982
-0.078452
-0.079078
-0.079704
-0.080487
-0.081191
-0.082287
-0.082992
-0.083540
-0.083931
-0.084557
-0.085105
-0.085653
-0.086044
-0.086749
-0.087062
-0.087923
-0.088784
-0.089645
-0.090427
-0.090506
-0.091288
-0.091836
-0.092384
-0.093010
-0.093323
-0.094497
-0.095123
-0.095750
-0.096219
-0.096845
-0.097002
-0.097785
-0.098646
-0.099115
-0.099741
-0.100602
-0.101542
-0.102324
-0.102716
-0.103185
-0.103342
-0.104124
-0.104594
-0.105533
-0.106159
-0.106786
-0.107490
-0.107960
-0.108664
-0.109134
-0.109838
-0.110464
-0.111012
-0.111951
-0.112343
-0.113204
-0.113986
-0.114613
-0.115239
-0.115630
-0.116100
-0.116804
-0.117509
-0.117978
-0.118526
-0.119935
-0.120952
-0.121579
-0.122283
-0.122674
-0.123222
-0.123770
-0.124553
-0.125257
-0.126197
-0.126510
-0.127605
-0.128310
-0.128779
-0.129249
-0.129719
-0.130501
-0.131128
-0.131754
-0.132536
-0.133006
-0.133945
-0.134650
-0.135276
-0.135902
-0.136215
-0.136372
-0.137154
-0.138172
-0.138798
-0.139502
-0.139972
-0.140833
-0.142085
-0.142477
-0.142868
-0.143416
-0.143886
-0.144590
-0.145529
-0.145999
-0.146782
-0.147877
-0.148582
-0.148817
-0.149286
-0.149912
-0.150382
-0.151321
-0.151947
-0.152730
-0.153669
-0.154139
-0.155156
-0.156096
-0.156644
-0.156800
-0.157348
-0.157974
-0.159305
-0.159774
-0.160400
-0.161575
-0.162592
-0.163140
-0.163610
-0.164236
-0.164784
-0.165566
-0.166506
-0.166975
-0.167445
-0.168149
-0.169167
-0.169871
-0.170576
-0.170654
-0.171280
-0.172063
-0.172845
-0.173628
-0.173863
-0.174880
-0.175428
-0.176054
-0.176915
-0.177620
-0.178011
-0.178324
-0.179342
-0.180281
-0.180985
-0.181533
-0.182316
-0.183255
-0.183881
-0.184273
-0.185055
-0.185447
-0.186386
-0.187325
-0.188030
-0.188656
-0.189204
-0.190143
-0.190926
-0.191317
-0.192021
-0.192413
-0.192804
-0.193900
-0.194683
-0.195309
-0.195857
-0.196326
-0.197422
-0.197735
-0.198440
-0.199222
-0.199770
-0.200944
-0.201883
-0.202510
-0.202823
-0.203918
-0.204545
-0.205093
-0.205406
-0.206267
-0.206736
-0.207519
-0.208380
-0.209084
-0.209476
-0.210650
-0.211119
-0.211745
-0.212372
-0.212763
-0.213154
-0.213937
-0.215033
-0.215972
-0.216676
-0.217146
-0.217772
-0.218164
-0.219259
-0.219494
-0.220277
-0.220746
-0.221764
-0.222938
-0.223486
-0.223877
-0.224503
-0.225286
-0.225756
-0.226382
-0.227008
-0.227008
-0.228182
-0.229043
-0.229748
-0.230217
-0.231000
-0.231626
-0.232252
-0.232878
-0.233270
-0.233661
-0.234365
-0.235539
-0.236244
-0.236635
-0.237261
-0.237653
-0.238749
-0.239140
-0.239453
-0.240157
-0.240784
-0.241958
-0.242662
-0.243366
-0.243680
-0.244071
-0.244619
-0.245245
-0.246262
-0.246341
-0.247202
-0.247750
-0.248611
-0.249393
-0.249706
-0.249941
-0.250724
-0.251037
-0.251585
-0.252211
-0.252524
-0.253228
-0.253620
-0.254794
-0.255185
-0.255577
-0.256438
-0.256829
-0.257455
-0.257925
-0.258316
-0.258786
-0.259333
-0.260038
-0.260742
-0.261682
-0.261995
-0.262308
-0.262777
-0.263090
-0.263795
-0.264186
-0.264734
-0.265204
-0.266065
-0.266847
-0.267082
-0.267787
-0.268178
-0.268491
-0.269039
-0.269509
-0.270135
-0.270604
-0.270996
-0.272170
-0.272639
-0.272639
-0.273187
-0.273657
-0.274126
-0.274440
-0.275222
-0.275614
-0.276005
-0.276788
-0.277257
-0.277414
-0.277962
-0.278353
-0.278431
-0.278901
-0.279762
-0.279762
-0.280075
-0.280936
-0.281640
-0.282423
-0.282580
-0.283049
-0.283362
-0.283754
-0.284380
-0.284693
-0.284849
-0.285241
-0.286415
-0.286415
-0.287119
-0.287276
-0.287589
-0.287667
-0.288450
-0.288763
-0.288998
-0.289311
-0.289702
-0.290250
-0.290407
-0.290798
-0.291111
-0.291659
-0.291581
-0.292207
-0.292363
-0.292833
-0.293068
-0.293537
-0.294242
-0.294085
-0.294555
-0.294868
-0.294790
-0.295025
-0.295416
-0.295651
-0.295964
-0.296277
-0.296590
-0.296903
-0.297529
-0.297764
-0.297764
-0.298312
-0.298312
-0.298703
-0.298938
-0.299329
-0.299251
-0.299956
-0.300112
-0.300503
-0.300738
-0.301051
-0.300895
-0.301443
-0.301443
-0.302225
-0.302069
-0.302538
-0.302617
-0.302851
-0.303399
-0.303478
-0.303399
-0.303556
-0.303869
-0.304026
-0.304182
-0.304652
-0.304965
-0.304965
-0.305043
-0.305669
-0.305747
-0.305591
-0.305747
-0.305669
-0.305904
-0.306139
-0.306295
-0.306530
-0.306843
-0.306765
-0.307000
-0.307156
-0.307156
-0.307626
-0.307235
-0.307469
-0.307156
-0.307391
-0.307626
-0.308174
-0.308017
-0.308252
-0.308330
-0.308096
-0.308409
-0.308330
-0.308409
-0.308409
-0.308409
-0.308878
-0.308878
-0.309191
-0.309035
-0.309113
-0.308722
-0.309113
-0.309035
-0.309191
-0.309270
-0.309270
-0.309504
-0.309583
-0.309739
-0.309896
-0.309896
-0.309739
-0.309661
-0.309974
-0.309896
-0.309818
-0.310052
-0.309739
-0.310052
-0.310052
-0.310209
-0.310209
-0.309896
-0.310052
-0.310052
-0.309974
-0.309896
-0.310052
-0.310287
-0.310052
-0.309974
-0.310052
-0.310209
-0.310052
-0.309896
-0.309739
-0.309504
-0.309583
-0.309739
-0.310052
-0.309974
-0.310209
-0.310287
-0.309974
-0.309818
-0.309504
-0.309348
-0.309739
-0.309348
-0.309348
-0.309113
-0.309035
-0.309583
-0.309661
-0.309426
-0.309426
-0.309113
-0.308878
-0.309035
-0.308957
-0.308800
-0.308722
-0.309035
-0.308878
-0.308957
-0.308878
-0.308800
-0.308643
-0.308722
-0.308643
-0.308565
-0.308487
-0.308487
-0.308643
-0.308643
-0.308643
-0.308565
-0.308643
-0.308252
-0.308017
-0.307782
-0.307861
-0.307861
-0.307939
-0.308017
-0.308252
-0.308017
-0.308096
-0.308017
-0.307469
-0.307391
-0.307313
-0.307391
-0.307313
-0.307235
-0.307078
-0.307391
-0.307313
-0.307313
-0.307235
-0.306922
-0.306687
-0.306608
-0.306530
-0.306608
-0.306374
-0.306452
-0.306139
-0.306530
-0.306374
-0.306374
-0.306295
-0.306061
-0.305982
-0.305826
-0.305747
-0.305747
-0.305904
-0.305747
-0.305747
-0.305904
-0.305591
-0.305826
-0.305826
-0.304965
-0.305356
-0.305278
-0.305356
-0.305200
-0.304887
-0.305278
-0.305356
-0.305356
-0.304965
-0.304808
-0.304808
-0.304730
-0.304808
-0.304573
-0.304339
-0.304573
-0.304573
-0.304260
-0.304417
-0.303869
-0.303869
-0.304026
-0.304026
-0.304182
-0.304104
-0.303791
-0.303947
-0.303634
-0.303712
-0.303634
-0.303165
-0.303399
-0.303165
-0.303321
-0.303478
-0.303321
-0.303243
-0.303243
-0.303243
-0.303165
-0.302773
-0.303008
-0.302930
-0.302851
-0.302617
-0.302695
-0.302773
-0.302538
-0.302304
-0.302617
-0.302617
-0.302382
-0.302382
-0.302069
-0.301991
-0.302069
-0.301912
-0.302069
-0.302069
-0.302304
-0.302147
-0.301756
-0.301834
-0.301521
-0.301599
-0.301756
-0.301756
-0.301677
-0.301599
-0.301599
-0.301599
-0.301677
-0.301521
-0.301756
-0.301286
-0.301521
-0.301521
-0.301521
-0.301286
-0.301130
-0.300973
-0.300973
-0.301130
-0.301051
-0.300973
-0.301051
-0.300973
-0.300895
-0.301051
-0.300738
-0.300738
-0.300660
-0.300895
-0.300895
-0.301051
-0.300582
-0.300738
-0.300582
-0.300738
-0.300738
-0.300503
-0.300660
-0.300034
-0.300269
-0.300425
-0.300503
-0.300738
-0.300503
-0.300582
-0.300738
-0.300425
-0.300660
-0.300503
-0.300112
-0.300347
-0.300269
-0.300269
-0.300269
-0.300347
-0.300503
-0.300347
-0.300190
-0.300269
-0.300190
-0.300738
-0.300582
-0.300425
-0.300660
-0.300425
-0.300582
-0.300347
-0.300269
-0.300660
-0.300895
-0.300816
-0.300738
-0.300895
-0.300503
-0.300503
-0.300582
-0.300582
-0.300660
-0.300347
-0.300738
-0.300895
-0.300973
-0.300816
-0.301130
-0.300503
-0.300973
-0.301130
-0.300895
-0.300973
-0.300973
-0.301286
-0.300895
-0.300895
-0.301051
-0.301443
-0.301130
-0.300973
-0.301364
-0.301208
-0.301208
-0.301208
-0.301286
-0.301599
-0.301599
-0.301834
-0.301521
-0.301677
-0.301599
-0.301756
-0.301677
-0.301834
-0.301912
-0.301834
-0.302069
-0.302304
-0.302147
-0.301834
-0.301991
-0.302304
-0.302147
-0.301991
-0.302460
-0.302304
-0.302851
-0.302773
-0.302773
-0.302930
-0.303086
-0.302851
-0.302930
-0.302695
-0.303399
-0.302851
-0.302930
-0.303008
-0.303478
-0.303321
-0.303556
-0.303712
-0.303634
-0.303634
-0.303712
-0.303712
-0.303556
-0.303791
-0.303791
-0.304182
-0.304182
-0.304260
-0.304495
-0.304104
-0.304260
-0.304260
-0.304339
-0.304652
-0.304417
-0.304808
-0.304965
-0.305278
-0.305200
-0.305591
-0.305278
-0.305200
-0.305513
-0.305747
-0.305747
-0.305434
-0.305747
-0.305982
-0.306374
-0.306530
-0.306374
-0.306139
-0.306061
-0.306374
-0.306061
-0.306374
-0.306295
-0.306530
-0.306843
-0.307000
-0.307078
-0.307078
-0.307313
-0.307626
-0.307391
-0.307704
-0.307704
-0.307626
-0.307704
-0.308017
-0.308252
-0.308487
-0.308487
-0.308409
-0.308409
-0.308565
-0.308878
-0.308565
-0.308722
-0.309113
-0.309191
-0.309191
-0.309191
-0.309426
-0.309739
-0.309818
-0.309974
-0.309974
-0.310209
-0.309818
-0.309896
-0.310131
-0.310287
-0.310522
-0.310835
-0.310913
-0.311148
-0.311070
-0.311226
-0.311148
-0.311461
-0.311774
-0.311931
-0.311774
-0.312400
-0.312322
-0.312400
-0.312635
-0.312870
-0.312713
-0.312635
-0.312870
-0.313027
-0.313340
-0.313496
-0.313574
-0.313653
-0.313574
-0.313888
-0.313809
-0.314122
-0.314044
-0.314357
-0.314435
-0.314592
-0.314514
-0.314983
-0.315140
-0.315531
-0.315766
-0.315453
-0.315609
-0.315766
-0.315688
-0.315923
-0.316001
-0.316314
-0.316236
-0.316784
-0.316940
-0.317175
-0.317175
-0.317410
-0.317723
-0.317644
-0.317879
-0.317958
-0.317958
-0.318271
-0.318271
-0.318584
-0.318897
-0.319210
-0.318975
-0.319210
-0.319053
-0.319366
-0.319601
-0.319523
-0.319914
-0.319758
-0.320306
-0.320697
-0.320619
-0.320619
-0.320932
-0.321088
-0.321245
-0.321480
-0.321871
-0.321793
-0.322184
-0.322654
-0.322654
-0.322575
-0.323123
-0.323280
-0.323593
-0.323436
-0.323671
-0.323750
-0.323828
-0.324454
-0.324610
-0.324376
-0.324689
-0.324845
-0.324924
-0.324924
-0.325393
-0.325315
-0.325706
-0.325550
-0.325785
-0.326098
-0.326489
-0.326802
-0.326802
-0.326959
-0.327115
-0.327115
-0.327350
-0.327741
-0.327898
-0.327898
-0.328054
-0.328211
-0.328524
-0.328602
-0.328994
-0.329072
-0.329385
-0.329307
-0.329620
-0.329620
-0.329855
-0.329855
-0.330089
-0.330168
-0.330481
-0.331029
-0.331185
-0.331420
-0.331263
-0.331420
-0.331342
-0.331890
-0.331968
-0.332124
-0.332281
-0.332751
-0.333064
-0.333220
-0.333298
-0.333377
-0.333533
-0.334003
-0.334081
-0.334316
-0.334472
-0.334629
-0.334942
-0.335333
-0.335412
-0.335803
-0.335803
-0.336038
-0.336429
-0.336429
-0.336429
-0.336742
-0.336899
-0.336821
-0.337055
-0.337447
-0.337368
-0.337916
-0.338151
-0.338073
-0.338229
-0.338621
-0.338856
-0.338934
-0.339169
-0.339638
-0.339482
-0.340264
-0.340108
-0.340734
-0.340264
-0.340734
-0.340969
-0.341047
-0.340969
-0.341360
-0.341752
-0.341830
-0.342143
-0.342378
-0.342691
-0.342691
-0.342926
-0.342926
-0.343317
-0.343630
-0.343708
-0.344100
-0.344021
-0.344334
-0.344491
-0.344804
-0.345039
-0.345430
-0.345743
-0.345743
-0.346213
-0.346369
-0.346604
-0.346761
-0.347152
-0.347152
-0.347544
-0.347778
-0.348170
-0.348248
-0.348405
-0.348718
-0.348796
-0.348952
-0.349187
-0.349657
-0.349657
-0.349892
-0.350283
-0.350674
-0.350596
-0.350831
-0.351222
-0.351535
-0.351692
-0.351535
-0.352161
-0.352240
-0.352553
-0.352553
-0.352866
-0.352866
-0.353414
-0.353570
-0.353883
-0.353962
-0.354118
-0.354353
-0.354666
-0.354823
-0.354979
-0.355292
-0.355527
-0.355684
-0.355527
-0.356231
-0.356310
-0.356545
-0.356545
-0.356936
-0.357327
-0.357406
-0.357719
-0.357797
-0.357953
-0.358110
-0.358501
-0.358814
-0.359284
-0.359127
-0.359519
-0.359597
-0.360302
-0.360145
-0.360536
-0.361084
-0.361397
-0.361319
-0.361867
-0.362102
-0.362337
-0.362571
-0.362884
-0.363041
-0.363276
-0.363745
-0.363824
-0.364137
-0.364372
-0.364137
-0.364528
-0.364998
-0.365233
-0.365233
-0.365780
-0.366015
-0.366015
-0.366328
-0.366407
-0.366485
-0.366876
-0.367111
-0.367424
-0.367659
-0.368128
-0.368207
-0.368363
-0.368755
-0.368833
-0.368989
-0.369303
-0.369381
-0.369694
-0.370242
-0.370398
-0.370711
-0.370555
-0.370946
-0.371259
-0.371338
-0.371807
-0.372042
-0.372277
-0.372433
-0.372825
-0.372903
-0.373059
-0.373373
-0.373686
-0.373999
-0.374155
-0.374312
-0.374468
-0.374938
-0.374781
-0.375329
-0.375564
-0.375486
-0.375955
-0.376112
-0.376738
-0.376738
-0.376738
-0.376895
-0.377208
-0.377208
-0.377521
-0.377912
-0.378304
-0.378538
-0.378617
-0.379086
-0.379712
-0.379712
-0.379634
-0.380026
-0.380260
-0.380573
-0.380495
-0.381121
-0.381278
-0.381747
-0.381826
-0.382217
-0.382530
-0.382921
-0.383078
-0.383313
-0.383391
-0.383548
-0.384017
-0.384252
-0.384487
-0.384722
-0.384957
-0.385504
-0.385583
-0.385583
-0.386287
-0.385974
-0.386444
-0.386678
-0.387070
-0.387070
-0.387305
-0.387774
-0.388166
-0.388009
-0.388713
-0.388870
-0.389418
-0.389105
-0.389496
-0.389888
-0.389731
-0.390044
-0.390279
-0.390514
-0.390905
-0.391140
-0.391844
-0.391923
-0.392001
-0.392314
-0.392470
-0.392549
-0.392940
-0.393097
-0.393331
-0.393723
-0.394036
-0.394349
-0.394505
-0.394740
-0.395210
-0.395132
-0.395914
-0.395758
-0.396384
-0.396775
-0.397010
-0.396854
-0.397088
-0.397636
-0.397323
-0.398106
-0.398184
-0.398575
-0.398654
-0.399045
-0.399280
-0.399671
-0.400063
-0.400532
-0.400610
-0.400767
-0.400924
-0.401393
-0.402098
-0.402176
-0.402254
-0.402489
-0.402959
-0.403193
-0.403428
-0.403741
-0.403820
-0.404446
-0.404367
-0.404446
-0.404837
-0.405385
-0.405620
-0.405541
-0.405776
-0.406168
-0.406559
-0.406716
-0.407029
-0.407263
-0.407498
-0.407733
-0.408046
-0.407968
-0.408359
-0.408829
-0.408829
-0.409142
-0.409298
-0.409768
-0.410238
-0.410551
-0.410707
-0.411099
-0.410942
-0.411568
-0.411803
-0.411881
-0.412194
-0.412429
-0.412586
-0.412821
-0.413290
-0.413682
-0.413916
-0.413838
-0.414308
-0.414621
-0.414856
-0.415169
-0.415560
-0.415795
-0.415951
-0.416343
-0.416577
-0.416656
-0.417360
-0.417517
-0.417438
-0.417752
-0.417830
-0.418534
-0.418691
-0.418926
-0.419082
-0.419473
-0.419865
-0.420100
-0.420256
-0.420413
-0.421352
-0.421195
-0.421743
-0.421508
-0.422056
-0.422213
-0.422526
-0.422761
-0.423074
-0.423387
-0.423387
-0.423935
-0.424248
-0.424091
-0.424561
-0.424718
-0.425031
-0.425344
-0.425735
-0.425970
-0.426361
-0.426596
-0.426909
-0.426909
-0.426987
-0.427379
-0.427379
-0.427927
-0.428318
-0.428788
-0.428709
-0.429101
-0.429335
-0.429962
-0.430040
-0.430431
-0.430744
-0.430666
-0.431214
-0.431527
-0.431527
-0.432231
-0.432466
-0.432858
-0.432858
-0.433014
-0.433327
-0.433797
-0.433875
-0.434188
-0.434580
-0.434736
-0.435049
-0.435127
-0.435597
-0.435754
-0.436145
-0.436536
-0.436771
-0.436771
-0.437084
-0.437554
-0.437789
-0.438180
-0.438258
-0.438571
-0.438884
-0.439276
-0.439511
-0.439589
-0.439980
-0.440215
-0.440606
-0.440919
-0.441232
-0.441389
-0.442328
-0.442172
-0.442485
-0.442641
-0.442876
-0.443502
-0.443737
-0.443659
-0.444050
-0.444363
-0.444363
-0.445068
-0.445303
-0.445224
-0.445850
-0.445929
-0.446477
-0.446790
-0.446790
-0.447338
-0.447572
-0.447651
-0.448042
-0.448433
-0.448512
-0.448903
-0.448903
-0.449373
-0.449529
-0.449842
-0.450077
-0.450077
-0.450625
-0.450703
-0.451329
-0.451564
-0.451955
-0.452034
-0.452190
-0.452660
-0.453051
-0.453129
-0.453364
-0.453521
-0.453677
-0.454147
-0.454304
-0.454617
-0.455008
-0.455243
-0.455478
-0.455791
-0.456104
-0.456417
-0.456808
-0.457043
-0.457278
-0.457669
-0.458139
-0.458374
-0.458530
-0.458765
-0.459235
-0.459235
-0.459548
-0.460096
-0.460409
-0.460487
-0.461035
-0.461191
-0.461817
-0.461739
-0.462365
-0.462287
-0.462600
-0.462835
-0.463305
-0.463461
-0.463696
-0.464166
-0.464244
-0.464635
-0.464792
-0.465183
-0.465418
-0.465731
-0.465809
-0.466122
-0.466357
-0.466514
-0.466748
-0.467140
-0.467609
-0.467766
-0.468001
-0.468079
-0.468470
-0.468783
-0.469018
-0.469018
-0.469410
-0.469801
-0.469801
-0.470271
-0.470349
-0.470505
-0.471210
-0.471053
-0.471679
-0.471993
-0.472306
-0.472853
-0.472932
-0.473245
-0.473636
-0.473949
-0.473871
-0.474419
-0.474575
-0.474497
-0.475280
-0.475515
-0.475828
-0.475984
-0.476219
-0.476376
-0.476767
-0.477080
-0.477393
-0.477706
-0.478098
-0.478411
-0.478332
-0.478724
-0.479272
-0.479428
-0.479819
-0.480289
-0.480211
-0.480367
-0.480837
-0.481385
-0.481698
-0.481620
-0.482324
-0.482637
-0.482950
-0.483420
-0.483342
-0.483811
-0.484046
-0.484281
-0.484594
-0.484672
-0.484907
-0.485220
-0.485846
-0.485925
-0.486394
-0.486864
-0.487020
-0.487255
-0.487333
-0.487568
-0.487803
-0.488116
-0.488429
-0.488977
-0.488977
-0.489290
-0.489681
-0.489995
-0.490542
-0.490934
-0.490542
-0.491012
-0.491169
-0.491482
-0.491873
-0.492108
-0.492421
-0.492734
-0.493282
-0.493282
-0.493752
-0.493908
-0.494143
-0.494299
-0.494534
-0.495004
-0.495082
-0.495630
-0.496021
-0.496178
-0.496647
-0.496882
-0.497117
-0.497430
-0.497900
-0.497978
-0.498604
-0.498761
-0.498996
-0.499309
-0.499387
-0.499935
-0.499857
-0.500561
-0.500561
-0.500952
-0.501344
-0.501892
-0.501970
-0.502361
-0.502753
-0.503066
-0.503066
-0.503300
-0.503770
-0.504005
-0.504318
-0.504709
-0.505179
-0.505257
-0.505805
-0.505727
-0.506040
-0.506588
-0.506509
-0.506979
-0.506979
-0.507370
-0.507762
-0.508075
-0.508310
-0.508701
-0.509171
-0.509327
-0.509640
-0.509719
-0.509719
-0.510032
-0.510580
-0.510893
-0.511362
-0.511597
-0.511832
-0.512223
-0.512771
-0.513006
-0.513006
-0.513241
-0.513632
-0.513710
-0.514023
-0.514415
-0.514650
-0.515276
-0.515354
-0.515667
-0.515745
-0.516215
-0.516450
-0.516919
-0.516998
-0.517232
-0.517311
-0.517624
-0.518172
-0.518250
-0.518641
-0.518798
-0.519033
-0.519502
-0.519502
-0.520207
-0.520363
-0.520755
-0.520676
-0.521224
-0.521459
-0.521929
-0.522320
-0.522633
-0.523024
-0.523259
-0.523416
-0.523964
-0.524198
-0.524512
-0.524512
-0.525059
-0.525294
-0.525373
-0.525686
-0.526233
-0.526390
-0.526625
-0.526938
-0.527486
-0.527486
-0.528112
-0.528503
-0.528347
-0.528816
-0.529051
-0.529521
-0.529599
-0.530069
-0.530304
-0.530773
-0.530930
-0.531243
-0.531712
-0.531869
-0.532182
-0.532339
-0.532573
-0.532886
-0.533121
-0.533278
-0.533747
-0.533904
-0.534217
-0.534452
-0.534687
-0.535235
-0.535548
-0.535548
-0.535548
-0.535704
-0.536487
-0.536956
-0.536956
-0.537270
-0.537817
-0.538287
-0.538209
-0.538600
-0.538600
-0.539148
-0.539774
-0.539852
-0.540322
-0.540400
-0.540948
-0.541105
-0.541653
-0.541653
-0.542044
-0.542201
-0.542279
-0.542514
-0.542748
-0.542983
-0.543688
-0.543766
-0.544079
-0.544236
-0.544627
-0.544940
-0.545097
-0.545801
-0.545879
-0.546271
-0.546427
-0.546662
-0.547053
-0.547210
-0.547445
-0.547836
-0.548071
-0.548384
-0.548462
-0.549167
-0.549245
-0.549480
-0.549636
-0.550027
-0.550262
-0.550419
-0.550810
-0.550967
-0.551515
-0.551593
-0.552063
-0.552219
-0.552532
-0.552923
-0.553080
-0.553158
-0.553784
-0.554019
-0.554254
-0.554489
-0.554880
-0.555272
-0.555350
-0.555898
-0.555976
-0.556446
-0.556446
-0.556837
-0.557072
-0.557150
-0.557698
-0.558089
-0.558168
-0.558324
-0.558715
-0.558950
-0.559263
-0.559420
-0.560046
-0.560124
-0.560672
-0.560516
-0.561377
-0.561298
-0.561690
-0.561925
-0.562472
-0.562785
-0.563255
-0.563255
-0.563490
-0.563881
-0.564038
-0.564351
-0.564586
-0.565055
-0.565368
-0.565681
-0.565447
-0.566151
-0.566542
-0.566699
-0.566934
-0.567403
-0.567795
-0.568186
-0.568186
-0.568343
-0.568577
-0.568969
-0.568891
-0.569360
-0.569751
-0.569751
-0.570221
-0.570456
-0.571082
-0.571160
-0.571082
-0.571473
-0.571787
-0.572491
-0.572178
-0.572647
-0.572961
-0.573274
-0.573508
-0.573978
-0.574135
-0.574291
-0.574682
-0.574917
-0.575465
-0.575465
-0.575778
-0.576326
-0.576874
-0.576717
-0.577031
-0.577109
-0.577735
-0.577892
-0.578361
-0.578283
-0.578674
-0.579144
-0.579379
-0.579770
-0.579927
-0.580083
-0.580553
-0.580474
-0.580788
-0.581022
-0.581492
-0.582118
-0.582431
-0.582744
-0.582901
-0.583214
-0.583527
-0.583762
-0.584075
-0.584153
-0.584466
-0.584936
-0.585327
-0.585562
-0.585953
-0.586423
-0.586579
-0.587127
-0.587206
-0.587597
-0.587832
-0.587988
-0.588301
-0.588615
-0.588928
-0.589006
-0.589319
-0.589710
-0.589945
-0.590415
-0.590336
-0.591041
-0.591510
-0.591667
-0.591667
-0.591824
-0.591980
-0.592685
-0.592998
-0.593389
-0.593624
-0.593937
-0.594328
-0.594641
-0.594641
-0.595502
-0.595581
-0.595659
-0.596207
-0.596598
-0.596676
-0.597068
-0.597302
-0.597537
-0.597929
-0.598085
-0.598242
-0.598868
-0.599103
-0.599729
-0.599729
-0.600198
-0.600512
-0.600668
-0.601529
-0.601764
-0.602390
-0.602233
-0.602703
-0.603016
-0.603251
-0.603486
-0.603799
-0.604034
-0.604034
-0.604582
-0.604816
-0.605129
-0.605443
-0.605521
-0.606147
-0.606303
-0.606460
-0.607008
-0.607478
-0.607634
-0.608025
-0.608417
-0.608730
-0.608965
-0.609434
-0.609826
-0.609747
-0.609982
-0.610608
-0.610765
-0.610921
-0.611626
-0.611548
-0.612252
-0.612174
-0.612252
-0.612878
-0.612956
-0.613504
-0.613739
-0.613896
-0.614209
-0.614757
-0.614835
-0.615070
-0.615383
-0.615852
-0.616322
-0.616244
-0.616635
-0.617026
-0.617026
-0.617653
-0.617731
-0.617887
-0.618357
-0.618748
-0.618435
-0.618905
-0.619061
-0.619453
-0.619688
-0.619844
-0.620157
-0.620627
-0.620470
-0.621096
-0.622036
-0.621879
-0.622349
-0.623053
-0.622975
-0.623288
-0.623679
-0.623758
-0.624149
-0.624384
-0.625010
-0.625088
-0.625245
-0.625558
-0.626262
-0.626027
-0.626419
-0.626810
-0.627045
-0.627436
-0.627671
-0.628062
-0.628141
-0.628532
-0.629080
-0.629158
-0.629393
-0.629550
-0.629941
-0.629941
-0.630645
-0.630724
-0.631193
-0.631350
-0.631585
-0.632367
-0.632524
-0.632915
-0.633072
-0.633385
-0.633541
-0.633854
-0.634168
-0.634715
-0.634950
-0.635107
-0.635420
-0.635576
-0.635968
-0.636437
-0.636672
-0.636907
-0.637377
-0.637690
-0.637611
-0.638003
-0.638316
-0.638551
-0.638629
-0.639099
-0.639490
-0.639412
-0.639568
-0.640116
-0.640429
-0.640899
-0.641212
-0.641368
-0.641760
-0.641995
-0.642542
-0.642464
-0.642855
-0.643169
-0.643403
-0.643716
-0.644108
-0.644186
-0.644499
-0.644890
-0.645047
-0.645517
-0.645986
-0.646221
-0.646299
-0.646612
-0.646926
-0.647239
-0.647160
-0.647473
-0.648100
-0.648491
