-0.533434
-0.533904
-0.534217
-0.534217
-0.534765
-0.535000
-0.535235
-0.535548
-0.535704
-0.536095
-0.536409
-0.536565
-0.536878
-0.536956
-0.537270
-0.537504
-0.537817
-0.538052
-0.538287
-0.538835
-0.539070
-0.539148
-0.539696
-0.539774
-0.540087
-0.540557
-0.540792
-0.541105
-0.541183
-0.541418
-0.541966
-0.542435
-0.542592
-0.543140
-0.543375
-0.543609
-0.544079
-0.544314
-0.544157
-0.544627
-0.544862
-0.545018
-0.545097
-0.545879
-0.545801
-0.546114
-0.546427
-0.546818
-0.547132
-0.547366
-0.547914
-0.548149
-0.547992
-0.548540
-0.548540
-0.549167
-0.549167
-0.549480
-0.549949
-0.550497
-0.550810
-0.550888
-0.551123
-0.551280
-0.551515
-0.551984
-0.552219
-0.552610
-0.552610
-0.553002
-0.553237
-0.553393
-0.553863
-0.554254
-0.554567
-0.554958
-0.555350
-0.555193
-0.555350
-0.555976
-0.556054
-0.556446
-0.556759
-0.556759
-0.557228
-0.557698
-0.557776
-0.558324
-0.558481
-0.558715
-0.559029
-0.559576
-0.559968
-0.559968
-0.560594
-0.560907
-0.561298
-0.561846
-0.561690
-0.562316
-0.562707
-0.562864
-0.562864
-0.563412
-0.563568
-0.564038
-0.564351
-0.564351
-0.564742
-0.565290
-0.565368
-0.565603
-0.565760
-0.566151
-0.566386
-0.566777
-0.566934
-0.567247
-0.567638
-0.567795
-0.567951
-0.568264
-0.568656
-0.568656
-0.569204
-0.569282
-0.569751
-0.570065
-0.570065
-0.570299
-0.570769
-0.571239
-0.571473
-0.571865
-0.572413
-0.572413
-0.572726
-0.573195
-0.573508
-0.573508
-0.573900
-0.574056
-0.574682
-0.574761
-0.575074
-0.575465
-0.575857
-0.575935
-0.576248
-0.576170
-0.576483
-0.577109
-0.577344
-0.577657
-0.577892
-0.578205
-0.578518
-0.578987
-0.579144
-0.579300
-0.579613
-0.579927
-0.580161
-0.580474
-0.581022
-0.581257
-0.581492
-0.581727
-0.582040
-0.582275
-0.582509
-0.583057
-0.582901
-0.583370
-0.583997
-0.584310
-0.584388
-0.584779
-0.584858
-0.585405
-0.585640
-0.586032
-0.586345
-0.586658
-0.587127
-0.587206
-0.587910
-0.587832
-0.588145
-0.588380
-0.589006
-0.589084
-0.589162
-0.589632
-0.589945
-0.590180
-0.590415
-0.590728
-0.591041
-0.591510
-0.591902
-0.591980
-0.592371
-0.592841
-0.592919
-0.593389
-0.593702
-0.593937
-0.594093
-0.594563
-0.594954
-0.594798
-0.595346
-0.595659
-0.596050
-0.596520
-0.596598
-0.596755
-0.597381
-0.597537
-0.597929
-0.598007
-0.598555
-0.598476
-0.598711
-0.599337
-0.599494
-0.600120
-0.600590
-0.600668
-0.601294
-0.601059
-0.601920
-0.602233
-0.602547
-0.602938
-0.603173
-0.603329
-0.603564
-0.603877
-0.604112
-0.604425
-0.604660
-0.604816
-0.605286
-0.605834
-0.605990
-0.605990
-0.606695
-0.606851
-0.607164
-0.607399
-0.607478
-0.608104
-0.608182
-0.608573
-0.609121
-0.609121
-0.609513
-0.609826
-0.609904
-0.610295
-0.610452
-0.611078
-0.611313
-0.611626
-0.612095
-0.612095
-0.612409
-0.612800
-0.613113
-0.613504
-0.613739
-0.613661
-0.614287
-0.614522
-0.614991
-0.615070
-0.615539
-0.615931
-0.616009
-0.616322
-0.616322
-0.617026
-0.617105
-0.617026
-0.617496
-0.617653
-0.618279
-0.618435
-0.618592
-0.619061
-0.619453
-0.619766
-0.620314
-0.620392
-0.620236
-0.620549
-0.620862
-0.621331
-0.621253
-0.622036
-0.622427
-0.622740
-0.622818
-0.623679
-0.623445
-0.623836
-0.624462
-0.624619
-0.624853
-0.624932
-0.625558
-0.625714
-0.625871
-0.626262
-0.626654
-0.627045
-0.627280
-0.627671
-0.627749
-0.628297
-0.628297
-0.628689
-0.628845
-0.629158
-0.629237
-0.629706
-0.630097
-0.630097
-0.630489
-0.630724
-0.631115
-0.631428
-0.631506
-0.631898
-0.632446
-0.632289
-0.632602
-0.633307
-0.633463
-0.634011
-0.634011
-0.634481
-0.634637
-0.635028
-0.635498
-0.635655
-0.636046
-0.636124
-0.636594
-0.636750
-0.636985
-0.637220
-0.637298
-0.637846
-0.638238
-0.638238
-0.638629
-0.638864
-0.639412
-0.639412
-0.639881
-0.639881
-0.640273
-0.640586
-0.640977
-0.641212
-0.641681
-0.641760
-0.642229
-0.642464
-0.642777
-0.643012
-0.643247
-0.643560
-0.643638
-0.644186
-0.644264
-0.644343
-0.644656
-0.645047
-0.645282
-0.645595
-0.645673
-0.646299
-0.646534
-0.646769
-0.647004
-0.647552
-0.647630
-0.647943
-0.648178
-0.648413
-0.648569
-0.648961
-0.649508
-0.649665
-0.650056
-0.650291
-0.650604
-0.650917
-0.651152
-0.651543
-0.651700
-0.652013
-0.652404
-0.652796
-0.653031
-0.653344
-0.653657
-0.653657
-0.653970
-0.654439
-0.654518
-0.654909
-0.654987
-0.655222
-0.655379
-0.655457
-0.656083
-0.656631
-0.656787
-0.656866
-0.657022
-0.657570
-0.657805
-0.657727
-0.657962
-0.657962
-0.657962
-0.658118
-0.657727
-0.657727
-0.657883
-0.657648
-0.657414
-0.657492
-0.656944
-0.657022
-0.657022
-0.656396
-0.656396
-0.656396
-0.656240
-0.655692
-0.655692
-0.655692
-0.654909
-0.654674
-0.654439
-0.654283
-0.653813
-0.653500
-0.653500
-0.653109
-0.652404
-0.652404
-0.652013
-0.651622
-0.651465
-0.651230
-0.650917
-0.650526
-0.650213
-0.650291
-0.649821
-0.649039
-0.649274
-0.648647
-0.648334
-0.648100
-0.647708
-0.647395
-0.647082
-0.646769
-0.646612
-0.646221
-0.646221
-0.645595
-0.645282
-0.645047
-0.644890
-0.644421
-0.644030
-0.643560
-0.643638
-0.643247
-0.642855
-0.642621
-0.642386
-0.641603
-0.640899
-0.641134
-0.640820
-0.640351
-0.640273
-0.639725
-0.639020
-0.638942
-0.638629
-0.638238
-0.638003
-0.637768
-0.637690
-0.637064
-0.636907
-0.636437
-0.636203
-0.635889
-0.635420
-0.634872
-0.634481
-0.634559
-0.634011
-0.633463
-0.633307
-0.633072
-0.632759
-0.632289
-0.631898
-0.631428
-0.631350
-0.631193
-0.630567
-0.630332
-0.630019
-0.629550
-0.629471
-0.629080
-0.628689
-0.628376
-0.628062
-0.627906
-0.627671
-0.626888
-0.626810
-0.626575
-0.626027
-0.625558
-0.625245
-0.625010
-0.624775
-0.624384
-0.624149
-0.623758
-0.623601
-0.623053
-0.622740
-0.622349
-0.621879
-0.621410
-0.621253
-0.621018
-0.620549
-0.620392
-0.620001
-0.619688
-0.619453
-0.618983
-0.618670
-0.618200
-0.618044
-0.617809
-0.617183
-0.617026
-0.616948
-0.616479
-0.616322
-0.616244
-0.615696
-0.615383
-0.614991
-0.614522
-0.614130
-0.613739
-0.613583
-0.612956
-0.612722
-0.612722
-0.612409
-0.612095
-0.611782
-0.611391
-0.610843
-0.610921
-0.610295
-0.609982
-0.609513
-0.609434
-0.608965
-0.608886
-0.608182
-0.608182
-0.607634
-0.607399
-0.607008
-0.606695
-0.606382
-0.605756
-0.605521
-0.605286
-0.605129
-0.604425
-0.604582
-0.604034
-0.603799
-0.603564
-0.603251
-0.603016
-0.602468
-0.601999
-0.601999
-0.601607
-0.600981
-0.600355
-0.600042
-0.599572
-0.599103
-0.598946
-0.598398
-0.598242
-0.598085
-0.597616
-0.597459
-0.597146
-0.596676
-0.596520
-0.596050
-0.595815
-0.595111
-0.595111
-0.594485
-0.594485
-0.594093
-0.593937
-0.593076
-0.592841
-0.592606
-0.592215
-0.592058
-0.591745
-0.591276
-0.591197
-0.590884
-0.590884
-0.590258
-0.589789
-0.589397
-0.589084
-0.588928
-0.588380
-0.587832
-0.587754
-0.587127
-0.586893
-0.586658
-0.586501
-0.586188
-0.585797
-0.585719
-0.585249
-0.584936
-0.584779
-0.584310
-0.583997
-0.584075
-0.583449
-0.583057
-0.582744
-0.582901
-0.582196
-0.581962
-0.581570
-0.580944
-0.580709
-0.580396
-0.580005
-0.579848
-0.579379
-0.579222
-0.578596
-0.578518
-0.578126
-0.577735
-0.577500
-0.577109
-0.576874
-0.576483
-0.576091
-0.575935
-0.575700
-0.575230
-0.574996
-0.574682
-0.574291
-0.573900
-0.573508
-0.573274
-0.573117
-0.572647
-0.572100
-0.572021
-0.571865
-0.570926
-0.570534
-0.570299
-0.570065
-0.569830
-0.569438
-0.569282
-0.568969
-0.568499
-0.568186
-0.568030
-0.567482
-0.567012
-0.566856
-0.566308
-0.566073
-0.565760
-0.565134
-0.565134
-0.564742
-0.564429
-0.564194
-0.563646
-0.563568
-0.563099
-0.562707
-0.562551
-0.561846
-0.561533
-0.561611
-0.560907
-0.560672
-0.560437
-0.559733
-0.559655
-0.559185
-0.558872
-0.558168
-0.558324
-0.558011
-0.557463
-0.557385
-0.556837
-0.556680
-0.556367
-0.555976
-0.555506
-0.555350
-0.554802
-0.554411
-0.554411
-0.553941
-0.553784
-0.553393
-0.553237
-0.552845
-0.552297
-0.552297
-0.552219
-0.551280
-0.550888
-0.550654
-0.550419
-0.549793
-0.549871
-0.549245
-0.549010
-0.548697
-0.548462
-0.548149
-0.547836
-0.547523
-0.547366
-0.547132
-0.546427
-0.546427
-0.545801
-0.545566
-0.545331
-0.544705
-0.544470
-0.544392
-0.544079
-0.543531
-0.543296
-0.543061
-0.542983
-0.542357
-0.542044
-0.541574
-0.541496
-0.541026
-0.540713
-0.540322
-0.540087
-0.539696
-0.538991
-0.538991
-0.538365
-0.538287
-0.538052
-0.537661
-0.537504
-0.536956
-0.536409
-0.536017
-0.535939
-0.535704
-0.535156
-0.534921
-0.534452
-0.534295
-0.533826
-0.533591
-0.533121
-0.532808
-0.532730
-0.532339
-0.532104
-0.531791
-0.531321
-0.530930
-0.530460
-0.530225
-0.529756
-0.529286
-0.528973
-0.528816
-0.528112
-0.528268
-0.527721
-0.527564
-0.527016
-0.526468
-0.526233
-0.525920
-0.525920
-0.525373
-0.525138
-0.524668
-0.524355
-0.524355
-0.523729
-0.523494
-0.523259
-0.522790
-0.522477
-0.521929
-0.521850
-0.521302
-0.520598
-0.520598
-0.519894
-0.519502
-0.519267
-0.518876
-0.518563
-0.518093
-0.518093
-0.518015
-0.517389
-0.516919
-0.516763
-0.516606
-0.516293
-0.515980
-0.515511
-0.515119
-0.515119
-0.514728
-0.514258
-0.513945
-0.513710
-0.513397
-0.513162
-0.512693
-0.512380
-0.512380
-0.511754
-0.511440
-0.510736
-0.510736
-0.510501
-0.509719
-0.509249
-0.509640
-0.508936
-0.508936
-0.508701
-0.508310
-0.507762
-0.507449
-0.507449
-0.506744
-0.506431
-0.506196
-0.505962
-0.505649
-0.505257
-0.504709
-0.504553
-0.504161
-0.503614
-0.503457
-0.503066
-0.503066
-0.502674
-0.502283
-0.502283
-0.501970
-0.501265
-0.500796
-0.500561
-0.500091
-0.499778
-0.499622
-0.499152
-0.498761
-0.498761
-0.498448
-0.498213
-0.497900
-0.497508
-0.497195
-0.496882
-0.496413
-0.495943
-0.495787
-0.495552
-0.495473
-0.495004
-0.494847
-0.494299
-0.494065
-0.493830
-0.493517
-0.493282
-0.492812
-0.492421
-0.492343
-0.491873
-0.491560
-0.491247
-0.490934
-0.490699
-0.490151
-0.489760
-0.489290
-0.489290
-0.488742
-0.488507
-0.488194
-0.487803
-0.487646
-0.487099
-0.486786
-0.486394
-0.486238
-0.485611
-0.485377
-0.485298
-0.484985
-0.484672
-0.484437
-0.484046
-0.483733
-0.483185
-0.483029
-0.482794
-0.482402
-0.481933
-0.481698
-0.481150
-0.480994
-0.480680
-0.480054
-0.480211
-0.479898
-0.479506
-0.479272
-0.478645
-0.478489
-0.478098
-0.477941
-0.477706
-0.477002
-0.476924
-0.476376
-0.476532
-0.475749
-0.475671
-0.475436
-0.474888
-0.474732
-0.474497
-0.473871
-0.473636
-0.473401
-0.472697
-0.472619
-0.472540
-0.472227
-0.471758
-0.471445
-0.471288
-0.471053
-0.470427
-0.470036
-0.470036
-0.469879
-0.469410
-0.468783
-0.468783
-0.468157
-0.467922
-0.467766
-0.467296
-0.467062
-0.466748
-0.466201
-0.466044
-0.465887
-0.465653
-0.465496
-0.465027
-0.464713
-0.464244
-0.464087
-0.463696
-0.463618
-0.462991
-0.462678
-0.462757
-0.462365
-0.462131
-0.461504
-0.461426
-0.460565
-0.460565
-0.460409
-0.459861
-0.459548
-0.459469
-0.458843
-0.458295
-0.458217
-0.457982
-0.457669
-0.457591
-0.457200
-0.456965
-0.456417
-0.456260
-0.455947
-0.455791
-0.455165
-0.454851
-0.454617
-0.454304
-0.453912
-0.453756
-0.453364
-0.453051
-0.452738
-0.452503
-0.452112
-0.451799
-0.451486
-0.451329
-0.450625
-0.450468
-0.449920
-0.449764
-0.449451
-0.449373
-0.449059
-0.449059
-0.448277
-0.448198
-0.447964
-0.447494
-0.447259
-0.447024
-0.446633
-0.446398
-0.445694
-0.445694
-0.445381
-0.445224
-0.444989
-0.444520
-0.444285
-0.443894
-0.443659
-0.442876
-0.442720
-0.442641
-0.442250
-0.441937
-0.441702
-0.441154
-0.440919
-0.440528
-0.440293
-0.439745
-0.439197
-0.438806
-0.438571
-0.438023
-0.438023
-0.437710
-0.437162
-0.437162
-0.436615
-0.436380
-0.435597
-0.435597
-0.435519
-0.435127
-0.434814
-0.434266
-0.434266
-0.433875
-0.433875
-0.433327
-0.433014
-0.432701
-0.432466
-0.432153
-0.431840
-0.431762
-0.431214
-0.430823
-0.430431
-0.430118
-0.429805
-0.429257
-0.429179
-0.428944
-0.428553
-0.428475
-0.427848
-0.427457
-0.427144
-0.426987
-0.426596
-0.426439
-0.425970
-0.425735
-0.425422
-0.425031
-0.424483
-0.424404
-0.424013
-0.423465
-0.423544
-0.422996
-0.422761
-0.422369
-0.422056
-0.421665
-0.421743
-0.421352
-0.421039
-0.420100
-0.420100
-0.419865
-0.419630
-0.419317
-0.418613
-0.418613
-0.418143
-0.417752
-0.417517
-0.417282
-0.416969
-0.416499
-0.416264
-0.415795
-0.415717
-0.415325
-0.414856
-0.414621
-0.414151
-0.413838
-0.413682
-0.413368
-0.412899
-0.412586
-0.412116
-0.411881
-0.411647
-0.411333
-0.410707
-0.410551
-0.410394
-0.410238
-0.409533
-0.409220
-0.408907
-0.408672
-0.408516
-0.408203
-0.407576
-0.407498
-0.407185
-0.406637
-0.406402
-0.406402
-0.405698
-0.405541
-0.405463
-0.405072
-0.404759
-0.404446
-0.404054
-0.403741
-0.403272
-0.403350
-0.402802
-0.402645
-0.402254
-0.401628
-0.401471
-0.401315
-0.400924
-0.400219
-0.399906
-0.399671
-0.399515
-0.398889
-0.398810
-0.398419
-0.397949
-0.397636
-0.397636
-0.397401
-0.397010
-0.396462
-0.396227
-0.395836
-0.395601
-0.395210
-0.394818
-0.394505
-0.394427
-0.394036
-0.394036
-0.393488
-0.393331
-0.392862
-0.392314
-0.392236
-0.391923
-0.391844
-0.391296
-0.390748
-0.390592
-0.390044
-0.390201
-0.389809
-0.389496
-0.389183
-0.388870
-0.388870
-0.388400
-0.388322
-0.388009
-0.387461
-0.386992
-0.387226
-0.386600
-0.386365
-0.385974
-0.385974
-0.385504
-0.385270
-0.384643
-0.384487
-0.384174
-0.384017
-0.383626
-0.383156
-0.382687
-0.382374
-0.381982
-0.381747
-0.381826
-0.381434
-0.381043
-0.380886
-0.380495
-0.380026
-0.379712
-0.379321
-0.378851
-0.378382
-0.378225
-0.378225
-0.378069
-0.377756
-0.377521
-0.376973
-0.376973
-0.376660
-0.376347
-0.376347
-0.375642
-0.375408
-0.375095
-0.375016
-0.374468
-0.374390
-0.374077
-0.373842
-0.373529
-0.373138
-0.372746
-0.372590
-0.372277
-0.371729
-0.371416
-0.371103
-0.370790
-0.370555
-0.370164
-0.370007
-0.369850
-0.369381
-0.369146
-0.368755
-0.368442
-0.368285
-0.368128
-0.367502
-0.367346
-0.367111
-0.366720
-0.366720
-0.366328
-0.366328
-0.365937
-0.365467
-0.364919
-0.364841
-0.364450
-0.363980
-0.363902
-0.363667
-0.363354
-0.362963
-0.362963
-0.362337
-0.362415
-0.361867
-0.361554
-0.361319
-0.360536
-0.360380
-0.359832
-0.359675
-0.359362
-0.358971
-0.358814
-0.358501
-0.358188
-0.357953
-0.357719
-0.357171
-0.357327
-0.356936
-0.356466
-0.355918
-0.355449
-0.355371
-0.355136
-0.354588
-0.354666
-0.354196
-0.354353
-0.353570
-0.353414
-0.353101
-0.352709
-0.352631
-0.352083
-0.352005
-0.351535
-0.351379
-0.350987
-0.350987
-0.350361
-0.350205
-0.350048
-0.349813
-0.349422
-0.349265
-0.348718
-0.348561
-0.348170
-0.347778
-0.347857
-0.347387
-0.347230
-0.346839
-0.346526
-0.346213
-0.345900
-0.345822
-0.345274
-0.345117
-0.344491
-0.344256
-0.344100
-0.343474
-0.343474
-0.343004
-0.343239
-0.343004
-0.342534
-0.342221
-0.342065
-0.341517
-0.341517
-0.341204
-0.340969
-0.340343
-0.340108
-0.339638
-0.339482
-0.339090
-0.339090
-0.338543
-0.338621
-0.337995
-0.337603
-0.337447
-0.337368
-0.336742
-0.336508
-0.336429
-0.336116
-0.335803
-0.335490
-0.335490
-0.335020
-0.335020
-0.334551
-0.334003
-0.333612
-0.333142
-0.333298
-0.332985
-0.332594
-0.332359
-0.332124
-0.331968
-0.331577
-0.331733
-0.331107
-0.330637
-0.330324
-0.329776
-0.329463
-0.329463
-0.329072
-0.328837
-0.328524
-0.328367
-0.328211
-0.327898
-0.327585
-0.327037
-0.326724
-0.326646
-0.326098
-0.325863
-0.325550
-0.325315
-0.324924
-0.324610
-0.324610
-0.324454
-0.324219
-0.323358
-0.323358
-0.322889
-0.322967
-0.322419
-0.322184
-0.321871
-0.321558
-0.321401
-0.321167
-0.320775
-0.320306
-0.320384
-0.319758
-0.319758
-0.319288
-0.318819
-0.318349
-0.318349
-0.317879
-0.317644
-0.317566
-0.317018
-0.316940
-0.316705
-0.316314
-0.316157
-0.315844
-0.315609
-0.315375
-0.315140
-0.314827
-0.314592
-0.314514
-0.314279
-0.313888
-0.313809
-0.313496
-0.313027
-0.312870
-0.312792
-0.312244
-0.311618
-0.311383
-0.311226
-0.311070
-0.310835
-0.310287
-0.310052
-0.309583
-0.309583
-0.308957
-0.308722
-0.308722
-0.308330
-0.308330
-0.307626
-0.307469
-0.307078
-0.307000
-0.306765
-0.306687
-0.306217
-0.305904
-0.305591
-0.305434
-0.305121
-0.304965
-0.304495
-0.304026
-0.303869
-0.303556
-0.303321
-0.302930
-0.302617
-0.302538
-0.301991
-0.301756
-0.301599
-0.301364
-0.300738
-0.300347
-0.300269
-0.299956
-0.299877
-0.299408
-0.299173
-0.299095
-0.298390
-0.297999
-0.297920
-0.297764
-0.297529
-0.297138
-0.296746
-0.296668
-0.296512
-0.296120
-0.296277
-0.295807
-0.295338
-0.295103
-0.294868
-0.294868
-0.294477
-0.293929
-0.293850
-0.293381
-0.293146
-0.292833
-0.292363
-0.292442
-0.291815
-0.291815
-0.291659
-0.291189
-0.290876
-0.290876
-0.290641
-0.290094
-0.289859
-0.289233
-0.289233
-0.289154
-0.288606
-0.288528
-0.288137
-0.288058
-0.287902
-0.287589
-0.287432
-0.286884
-0.287041
-0.286571
-0.285867
-0.285632
-0.285476
-0.285163
-0.284849
-0.284693
-0.284380
-0.284458
-0.284067
-0.283675
-0.283284
-0.283441
-0.282893
-0.282893
-0.282814
-0.282188
-0.281953
-0.281562
-0.281249
-0.281092
-0.280701
-0.280545
-0.280232
-0.279840
-0.279840
-0.279684
-0.279136
-0.278744
-0.278510
-0.278275
-0.277805
-0.277962
-0.277414
-0.277257
-0.276944
-0.276709
-0.276631
-0.276240
-0.275927
-0.275770
-0.275692
-0.275222
-0.274831
-0.274674
-0.274361
-0.274283
-0.273970
-0.273500
-0.273344
-0.273187
-0.272796
-0.272561
-0.272248
-0.272013
-0.271778
-0.271700
-0.271544
-0.271074
-0.270917
-0.270448
-0.270526
-0.269978
-0.269587
-0.269352
-0.269352
-0.269039
-0.268648
-0.268569
-0.268178
-0.267943
-0.267865
-0.267630
-0.267317
-0.267004
-0.266769
-0.266847
-0.266847
-0.266769
-0.266143
-0.265830
-0.265908
-0.265204
-0.264891
-0.264812
-0.264421
-0.263795
-0.263717
-0.263482
-0.263717
-0.263325
-0.263169
-0.262543
-0.262464
-0.262464
-0.262073
-0.261838
-0.261603
-0.261212
-0.261134
-0.261055
-0.260351
-0.260508
-0.260351
-0.259803
-0.259255
-0.259099
-0.258707
-0.258786
-0.258473
-0.258238
-0.257925
-0.257612
-0.257925
-0.257612
-0.256985
-0.256829
-0.256672
-0.256203
-0.256046
-0.255733
-0.255733
-0.255263
-0.255185
-0.254872
-0.255029
-0.254637
-0.254481
-0.254168
-0.253542
-0.253228
-0.253072
-0.252915
-0.253228
-0.252602
-0.252211
-0.252289
-0.252289
-0.251820
-0.251663
-0.251115
-0.251037
-0.250724
-0.250489
-0.250176
-0.249785
-0.249785
-0.249471
-0.249315
-0.249158
-0.249237
-0.248689
-0.248219
-0.247984
-0.247750
-0.247436
-0.247123
-0.247280
-0.247045
-0.246889
-0.246576
-0.246419
-0.246106
-0.245871
-0.245401
-0.245323
-0.245088
-0.245167
-0.244932
-0.244540
-0.244227
-0.244227
-0.244306
-0.243993
-0.243601
-0.243680
-0.243132
-0.243053
-0.242819
-0.242271
-0.241958
-0.241801
-0.241410
-0.241645
-0.241566
-0.241253
-0.240940
-0.240784
-0.240627
-0.240001
-0.240001
-0.239844
-0.239609
-0.239531
-0.239062
-0.238905
-0.238905
-0.238749
-0.238592
-0.238279
-0.237888
-0.237653
-0.237809
-0.237261
-0.236948
-0.236557
-0.236479
-0.236635
-0.236009
-0.235931
-0.235618
-0.235305
-0.235148
-0.234913
-0.234678
-0.234757
-0.234522
-0.234209
-0.234365
-0.233974
-0.233974
-0.233661
-0.233426
-0.233113
-0.232722
-0.232643
-0.232565
-0.232330
-0.232096
-0.231704
-0.231783
-0.231704
-0.231313
-0.231313
-0.231078
-0.230765
-0.230374
-0.230295
-0.229904
-0.229826
-0.229513
-0.229591
-0.229121
-0.229121
-0.228887
-0.228808
-0.228417
-0.228260
-0.228104
-0.227634
-0.227791
-0.227556
-0.227243
-0.227243
-0.227086
-0.227008
-0.226538
-0.226460
-0.226147
-0.225991
-0.225756
-0.225521
-0.225443
-0.225443
-0.225130
-0.224973
-0.225130
-0.224817
-0.224738
-0.224269
-0.224347
-0.224034
-0.223564
-0.223329
-0.223408
-0.223173
-0.222938
-0.222938
-0.222547
-0.222938
-0.222390
-0.222234
-0.221686
-0.221764
-0.221529
-0.221138
-0.221216
-0.221138
-0.220981
-0.220746
-0.220668
-0.220512
-0.220277
-0.220199
-0.219651
-0.219572
-0.219494
-0.219416
-0.219103
-0.219181
-0.218711
-0.218868
-0.218555
-0.218242
-0.218007
-0.217929
-0.217929
-0.217694
-0.217616
-0.217303
-0.216990
-0.217068
-0.217068
-0.216990
-0.216755
-0.216598
-0.216442
-0.216207
-0.215815
-0.215737
-0.215346
-0.215268
-0.215424
-0.215189
-0.215189
-0.214955
-0.214641
-0.214485
-0.214563
-0.214407
-0.213937
-0.213937
-0.213937
-0.213859
-0.213467
-0.213467
-0.213546
-0.213233
-0.212998
-0.212841
-0.212919
-0.212841
-0.212528
-0.212450
-0.212215
-0.211980
-0.211745
-0.211432
-0.211589
-0.211824
-0.211354
-0.211511
-0.211276
-0.211041
-0.211119
-0.210728
-0.210728
-0.210571
-0.210415
-0.210258
-0.210258
-0.209710
-0.209789
-0.209632
-0.209710
-0.209476
-0.209241
-0.209241
-0.208928
-0.208928
-0.208693
-0.208693
-0.208536
-0.208067
-0.208380
-0.208458
-0.207832
-0.208145
-0.207910
-0.207832
-0.207754
-0.207441
-0.207362
-0.207519
-0.207284
-0.207206
-0.206971
-0.207128
-0.206971
-0.207206
-0.206580
-0.206658
-0.206345
-0.206188
-0.206267
-0.206110
-0.206032
-0.206110
-0.205797
-0.205640
-0.205640
-0.205484
-0.205406
-0.205171
-0.205249
-0.205093
-0.205093
-0.204936
-0.204779
-0.204936
-0.204779
-0.204936
-0.204545
-0.204545
-0.204466
-0.204310
-0.204310
-0.203918
-0.203840
-0.203997
-0.203918
-0.204310
-0.203997
-0.203840
-0.203605
-0.203762
-0.203527
-0.203371
-0.203292
-0.203292
-0.203136
-0.203058
-0.203292
-0.203449
-0.203058
-0.203058
-0.202823
-0.202901
-0.202744
-0.202666
-0.202744
-0.202588
-0.202510
-0.202510
-0.202666
-0.202823
-0.202510
-0.202353
-0.202197
-0.202275
-0.202197
-0.201962
-0.202040
-0.201727
-0.202040
-0.202275
-0.202040
-0.201805
-0.201649
-0.201179
-0.201649
-0.201727
-0.201727
-0.201257
-0.201414
-0.201570
-0.201414
-0.201649
-0.201414
-0.201649
-0.201414
-0.201336
-0.201179
-0.201179
-0.201257
-0.201022
-0.200788
-0.201492
-0.201257
-0.201336
-0.200709
-0.200631
-0.200553
-0.200631
-0.200553
-0.200788
-0.200475
-0.200318
-0.200318
-0.200709
-0.200866
-0.200475
-0.200709
-0.200709
-0.200162
-0.200318
-0.200318
-0.200553
-0.200318
-0.200709
-0.200944
-0.200553
-0.200788
-0.200475
-0.200709
-0.200788
-0.200631
-0.200709
-0.200475
-0.200475
-0.200709
-0.200788
-0.201022
-0.201022
-0.201101
-0.200866
-0.200944
-0.200788
-0.200709
-0.200631
-0.200788
-0.200709
-0.200396
-0.201101
-0.201179
-0.201101
-0.201022
-0.201179
-0.201257
-0.200866
-0.200631
-0.200396
-0.200709
-0.201179
-0.201336
-0.201257
-0.201570
-0.201179
-0.201336
-0.201022
-0.200944
-0.201257
-0.200866
-0.200788
-0.201101
-0.200944
-0.201257
-0.201570
-0.201570
-0.201805
-0.201570
-0.201570
-0.201336
-0.201570
-0.201336
-0.201492
-0.201257
-0.201492
-0.201883
-0.202040
-0.201805
-0.201570
-0.201414
-0.201649
-0.201336
-0.201414
-0.201805
-0.201805
-0.201570
-0.202040
-0.202275
-0.202040
-0.202040
-0.201883
-0.202040
-0.202197
-0.202353
-0.202431
-0.202197
-0.202510
-0.202666
-0.202666
-0.202431
-0.202666
-0.202431
-0.202666
-0.202744
-0.202744
-0.202979
-0.202823
-0.202823
-0.203058
-0.203058
-0.203214
-0.203058
-0.203058
-0.203214
-0.203214
-0.203214
-0.203292
-0.203527
-0.203527
-0.203840
-0.203605
-0.203762
-0.203684
-0.203918
-0.203762
-0.203762
-0.203918
-0.204232
-0.204153
-0.204075
-0.204388
-0.204623
-0.204545
-0.204388
-0.204232
-0.204388
-0.204388
-0.204545
-0.204545
-0.204701
-0.204779
-0.204936
-0.204858
-0.205171
-0.205093
-0.204779
-0.205014
-0.205093
-0.204936
-0.205327
-0.205406
-0.205249
-0.205484
-0.205640
-0.205484
-0.205484
-0.205640
-0.205562
-0.205562
-0.205640
-0.206188
-0.205875
-0.205875
-0.206267
-0.206423
-0.206423
-0.206501
-0.206345
-0.206580
-0.206345
-0.206814
-0.206658
-0.206814
-0.206501
-0.206736
-0.206736
-0.206893
-0.207049
-0.207128
-0.206971
-0.207128
-0.207441
-0.207284
-0.206893
-0.207284
-0.207206
-0.207362
-0.207441
-0.207754
-0.207441
-0.207519
-0.207675
-0.207519
-0.207754
-0.207675
-0.207675
-0.207675
-0.207754
-0.207284
-0.207675
-0.207754
-0.207597
-0.207910
-0.207754
-0.207910
-0.208380
-0.207989
-0.207989
-0.208145
-0.208145
-0.208223
-0.207989
-0.208223
-0.207989
-0.208067
-0.208380
-0.208302
-0.208145
-0.208302
-0.208380
-0.208067
-0.208145
-0.208302
-0.208223
-0.208302
-0.208302
-0.208223
-0.208302
-0.208067
-0.208223
-0.208615
-0.208223
-0.208145
-0.208145
-0.207989
-0.207989
-0.208145
-0.208302
-0.208223
-0.208145
-0.208223
-0.207989
-0.208067
-0.207910
-0.207989
-0.207910
-0.207989
-0.207989
-0.207910
-0.207754
-0.207832
-0.207519
-0.207519
-0.207675
-0.207519
-0.207362
-0.207284
-0.207362
-0.207441
-0.207206
-0.207284
-0.207049
-0.206814
-0.206893
-0.206814
-0.206345
-0.206188
-0.206345
-0.206501
-0.206345
-0.206032
-0.206110
-0.205719
-0.205640
-0.205640
-0.205953
-0.205719
-0.205327
-0.205406
-0.205327
-0.205171
-0.205093
-0.205014
-0.205093
-0.204623
-0.204466
-0.204310
-0.204153
-0.204075
-0.203840
-0.203918
-0.203605
-0.203527
-0.203214
-0.203214
-0.202901
-0.202510
-0.202431
-0.202118
-0.202353
-0.201727
-0.201570
-0.201649
-0.201649
-0.201257
-0.200866
-0.200631
-0.200083
-0.200318
-0.200162
-0.199692
-0.199614
-0.199222
-0.198987
-0.198909
-0.198518
-0.198048
-0.197813
-0.197735
-0.197109
-0.197266
-0.196796
-0.196639
-0.196326
-0.196170
-0.195778
-0.195387
-0.195309
-0.195074
-0.194761
-0.194213
-0.194135
-0.193587
-0.193509
-0.193274
-0.193039
-0.192726
-0.192413
-0.192100
-0.191708
-0.191630
-0.191317
-0.190769
-0.190613
-0.189986
-0.189908
-0.189282
-0.188969
-0.188578
-0.188421
-0.188108
-0.187638
-0.187247
-0.186699
-0.186777
-0.186308
-0.185838
-0.185447
-0.185134
-0.184821
-0.184194
-0.183725
-0.183412
-0.183177
-0.182629
-0.182159
-0.182081
-0.181533
-0.180985
-0.180516
-0.179811
-0.179420
-0.178716
-0.178637
-0.177855
-0.177698
-0.176915
-0.176837
-0.176602
-0.176133
-0.175741
-0.175115
-0.174646
-0.174254
-0.173628
-0.173158
-0.173158
-0.172297
-0.171906
-0.171593
-0.171123
-0.170732
-0.169871
-0.169480
-0.168775
-0.168306
-0.167758
-0.167288
-0.167053
-0.166584
-0.166349
-0.165723
-0.164862
-0.164392
-0.163844
-0.163218
-0.162827
-0.162357
-0.161888
-0.160948
-0.160870
-0.160166
-0.159383
-0.158444
-0.157896
-0.157191
-0.156644
-0.155861
-0.155235
-0.155078
-0.154922
-0.154452
-0.153826
-0.152573
-0.152104
-0.151556
-0.151008
-0.150304
-0.149599
-0.149130
-0.148660
-0.148425
-0.147408
-0.146547
-0.145921
-0.145373
-0.144590
-0.143964
-0.143338
-0.142946
-0.142320
-0.142085
-0.141459
-0.140442
-0.139816
-0.139111
-0.138563
-0.137624
-0.136841
-0.136372
-0.135824
-0.135354
-0.135354
-0.134337
-0.133319
-0.132615
-0.132302
-0.131597
-0.130736
-0.130032
-0.129797
-0.128936
-0.128545
-0.128545
-0.127605
-0.126588
-0.125805
-0.124944
-0.124475
-0.123692
-0.123222
-0.122518
-0.122361
-0.121892
-0.121031
-0.120013
-0.118917
-0.118370
-0.117509
-0.116882
-0.116335
-0.115630
-0.115161
-0.114691
-0.114065
-0.113360
-0.112343
-0.111482
-0.111090
-0.110308
-0.109290
-0.108821
-0.108273
-0.107568
-0.107255
-0.106473
-0.105220
-0.104438
-0.103577
-0.102950
-0.102403
-0.101698
-0.101229
-0.100759
-0.100289
-0.099428
-0.098646
-0.097472
-0.096845
-0.096376
-0.095750
-0.094967
-0.094262
-0.093793
-0.093402
-0.092697
-0.092071
-0.090740
-0.089801
-0.089410
-0.088705
-0.087923
-0.087062
-0.086436
-0.085809
-0.085340
-0.084479
-0.083383
-0.082444
-0.082052
-0.081113
-0.080487
-0.079391
-0.078843
-0.078374
-0.077748
-0.076965
-0.075869
-0.074617
-0.074069
-0.073678
-0.072817
-0.072269
-0.071564
-0.071173
-0.070547
-0.069921
-0.068120
-0.067416
-0.067103
-0.066633
-0.066164
-0.065068
-0.064442
-0.064050
-0.063581
-0.062955
-0.061467
-0.060215
-0.059667
-0.059354
-0.058728
-0.057945
-0.057084
-0.056771
-0.056145
-0.055754
-0.054580
-0.053562
-0.053014
-0.052388
-0.051997
-0.051371
-0.050431
-0.049884
-0.049257
-0.048553
-0.047849
-0.046909
-0.046205
-0.045422
-0.044874
-0.044483
-0.043387
-0.042839
-0.042135
-0.041978
-0.041509
-0.040100
-0.039161
-0.038534
-0.037673
-0.037126
-0.036265
-0.035717
-0.035169
-0.034543
-0.033760
-0.032821
-0.031881
-0.031412
-0.031099
-0.030316
-0.029846
-0.028907
-0.028438
-0.027968
-0.027342
-0.026403
-0.025463
-0.024524
-0.024054
-0.023428
-0.023037
-0.022333
-0.021706
-0.021237
-0.020532
-0.019515
-0.018263
-0.017715
-0.017245
-0.016619
-0.016071
-0.015523
-0.014975
-0.014114
-0.013488
-0.012627
-0.011844
-0.011375
-0.010827
-0.010279
-0.009496
-0.008948
-0.008244
-0.007696
-0.006992
-0.006366
-0.005191
-0.004878
-0.004174
-0.004017
-0.003313
-0.002687
-0.001748
-0.001356
-0.001200
-0.000182
0.000366
0.001070
0.001383
0.001931
0.002557
0.003027
0.003966
0.004671
0.005140
0.005766
0.006392
0.007488
0.007801
0.008271
0.008975
0.009445
0.010462
0.011010
0.011402
0.011950
0.012811
0.013593
0.014063
0.014533
0.015159
0.015707
0.016333
0.017037
0.017429
0.018133
0.018681
0.019542
0.020168
0.020559
0.020872
0.021577
0.022516
0.022907
0.023377
0.024081
0.024942
0.025490
0.026273
0.026821
0.027056
0.027604
0.028308
0.029012
0.029952
0.030421
0.030891
0.031908
0.032065
0.032535
0.032926
0.033709
0.034257
0.034883
0.035274
0.035900
0.036605
0.037387
0.037700
0.038170
0.038718
0.039344
0.040518
0.041301
0.041849
0.042710
0.043336
0.043727
0.044197
0.044432
0.045136
0.045293
0.046232
0.046780
0.047406
0.048032
0.048658
0.049676
0.049910
0.050380
0.050615
0.051398
0.051945
0.052493
0.053041
0.053824
0.054372
0.054998
0.055937
0.056016
0.056642
0.056955
0.057424
0.058129
0.058833
0.059459
0.059851
0.060790
0.061025
0.061807
0.062199
0.062434
0.063138
0.063921
0.064469
0.065330
0.065643
0.066504
0.066738
0.067365
0.067834
0.068382
0.069165
0.069478
0.070182
0.070730
0.071200
0.071826
0.072296
0.072687
0.073078
0.073704
0.074487
0.075035
0.075583
0.076287
0.076679
0.077227
0.077618
0.078166
0.078557
0.078792
0.079418
0.080044
0.080984
0.081610
0.082392
0.082627
0.083019
0.083488
0.084114
0.084506
0.085054
0.085915
0.086462
0.087245
0.087637
0.088106
0.088576
0.089358
0.089672
0.090219
0.091002
0.091628
0.092176
0.092568
0.093037
0.093585
0.094289
0.094759
0.094837
0.095307
0.095777
0.096794
0.097185
0.097264
0.097968
0.098594
0.099064
0.099534
0.099925
0.100629
0.100942
0.101569
0.102116
0.102586
0.103212
0.103682
0.104308
0.104778
0.105012
0.105325
0.105717
0.106734
0.107204
0.107595
0.107987
0.108456
0.109239
0.109474
0.109865
0.110022
0.110883
0.111744
0.112291
0.112918
0.112996
0.113231
0.114013
0.114483
0.114561
0.115031
0.115501
0.116596
0.116909
0.117301
0.117692
0.118240
0.118475
0.118788
0.119101
0.119649
0.120275
0.121214
0.121762
0.122232
0.122936
0.123249
0.123641
0.123797
0.124502
0.124736
0.125206
0.126302
0.126615
0.127006
0.127398
0.127554
0.128102
0.128337
0.128572
0.129041
0.129589
0.130450
0.130998
0.131389
0.131389
0.131937
0.132563
0.133111
0.133424
0.133972
0.134207
0.135068
0.135694
0.136164
0.136242
0.136790
0.137338
0.137573
0.137729
0.138121
0.139060
0.139451
0.139842
0.140234
0.140860
0.141251
0.141799
0.141956
0.142504
0.142895
0.143599
0.143991
0.144695
0.145008
0.145400
0.145948
0.145869
0.146730
0.146808
0.147356
0.147591
0.148139
0.148609
0.148922
0.149313
0.149626
0.150331
0.150644
0.150957
0.151426
0.151974
0.152366
0.153070
0.153618
0.153853
0.154088
0.154401
0.154792
0.155418
0.155731
0.156592
0.156827
0.157140
0.157531
0.158079
0.158471
0.159097
0.159253
0.159566
0.160114
0.160584
0.160975
0.161758
0.161993
0.162384
0.162854
0.163010
0.163793
0.164028
0.164341
0.164889
0.165515
0.165906
0.166063
0.166376
0.166924
0.167393
0.167628
0.168098
0.168489
0.168881
0.169428
0.170055
0.169976
0.170602
0.170916
0.171385
0.171620
0.171855
0.172481
0.172951
0.173342
0.173655
0.174046
0.174673
0.174829
0.175533
0.175768
0.176160
0.176629
0.177099
0.177490
0.177647
0.178038
0.178586
0.179056
0.179682
0.179838
0.180543
0.180778
0.181404
0.181560
0.182030
0.182421
0.183126
0.183439
0.183674
0.184535
0.184535
0.185082
0.185474
0.185943
0.186570
0.186726
0.187352
0.187744
0.188135
0.188448
0.188918
0.189309
0.189700
0.189935
0.190405
0.190326
0.191109
0.191579
0.191970
0.192518
0.192988
0.193457
0.193770
0.193927
0.194553
0.194944
0.195023
0.195884
0.196118
0.196745
0.196745
0.197371
0.197840
0.197762
0.198545
0.198780
0.199249
0.199954
0.200345
0.200736
0.201206
0.201597
0.202223
0.202380
0.202771
0.203084
0.203945
0.204102
0.204415
0.205041
0.205276
0.205667
0.205980
0.206372
0.206450
0.206841
0.207311
0.207781
0.208329
0.208876
0.209033
0.209346
0.210050
0.210285
0.210598
0.211068
0.211616
0.212399
0.212477
0.213025
0.213181
0.213494
0.213807
0.213886
0.214590
0.215216
0.215216
0.215842
0.216156
0.216625
0.217173
0.217173
0.217643
0.218034
0.218269
0.218817
0.219678
0.219991
0.220304
0.220930
0.221243
0.221321
0.222026
0.222339
0.222730
0.223043
0.223748
0.223982
0.224452
0.224765
0.225235
0.225470
0.226018
0.225939
0.226722
0.227113
0.227348
0.227896
0.228287
0.228600
0.228913
0.229070
0.229383
0.229774
0.230401
0.230714
0.231575
0.231575
0.232279
0.232279
0.232749
0.232905
0.233297
0.233453
0.234236
0.234784
0.234940
0.235332
0.235801
0.236114
0.236506
0.236662
0.237054
0.237601
0.237836
0.238775
0.238854
0.239245
0.239558
0.240106
0.240497
0.240732
0.240889
0.241593
0.241671
0.242219
0.242611
0.242767
0.243080
0.243393
0.243628
0.243941
0.244567
0.245115
0.245115
0.245820
0.246133
0.246446
0.246759
0.247229
0.247463
0.247855
0.248246
0.248559
0.248951
0.249185
0.249577
0.250046
0.250359
0.250438
0.250829
0.251455
0.251925
0.252551
0.253021
0.253255
0.253177
0.253725
0.254195
0.254195
0.254664
0.255056
0.255760
0.256308
0.256699
0.256699
0.257012
0.257560
0.257325
0.257795
0.258030
0.258656
0.259126
0.259439
0.259987
0.260143
0.260378
0.260691
0.261082
0.261239
0.261552
0.262335
0.262413
0.262961
0.263196
0.263978
0.264135
0.264135
0.264683
0.264996
0.265309
0.265857
0.266405
0.266326
0.267109
0.267187
0.267422
0.267579
0.268048
0.268283
0.268753
0.268988
0.269770
0.270240
0.270162
0.270631
0.271023
0.271023
0.271571
0.271884
0.272353
0.272823
0.273292
0.273606
0.273684
0.273997
0.274388
0.274701
0.275093
0.275641
0.276188
0.276267
0.276815
0.277049
0.277049
0.277441
0.277910
0.278223
0.278928
0.278928
0.279319
0.279867
0.280024
0.280728
0.281198
0.281354
0.281511
0.281667
0.282293
0.282920
0.283154
0.283389
0.283859
0.284407
0.284485
0.284876
0.285189
0.285737
0.285972
0.286285
0.286598
0.286833
0.287303
0.287694
0.288164
0.288320
0.289025
0.289494
0.289729
0.290199
0.290199
0.290668
0.290981
0.291608
0.291608
0.292312
0.292547
0.292938
0.293330
0.293643
0.294034
0.294034
0.294973
0.295051
0.295365
0.295756
0.296226
0.296617
0.297165
0.297556
0.297713
0.298182
0.298574
0.298808
0.299043
0.299513
0.299904
0.299982
0.300530
0.300843
0.301391
0.301939
0.302096
0.302644
0.302800
0.303035
0.303661
0.303974
0.304287
0.304679
0.304679
0.305070
0.305070
0.305774
0.306322
0.306557
0.306948
0.307418
0.307575
0.308044
0.308670
0.308827
0.308983
0.309688
0.310079
0.310314
0.310627
0.310940
0.311019
0.311410
0.312114
0.312036
0.312506
0.312819
0.313367
0.313523
0.313836
0.313993
0.314462
0.314697
0.315245
0.315402
0.316028
0.316106
0.316497
0.316654
0.317202
0.317515
0.317750
0.318219
0.318611
0.318845
0.319237
0.319628
0.320020
0.320254
0.320646
0.321194
0.321585
0.322055
0.322368
0.322681
0.322837
0.323150
0.323463
0.323620
0.324246
0.324637
0.324716
0.325342
0.325577
0.325811
0.326359
0.326594
0.326829
0.327142
0.327533
0.328081
0.328238
0.328707
0.328786
0.329099
0.329568
0.329725
0.330116
0.330586
0.331134
0.331603
0.331917
0.331995
0.332464
0.332778
0.332934
0.333012
0.333482
0.333795
0.334499
0.334578
0.334813
0.335047
0.335673
0.335830
0.335987
0.336378
0.336613
0.336926
0.337161
0.337709
0.337943
0.338022
0.338491
0.338726
0.339039
0.339352
0.339978
0.339900
0.340604
0.341074
0.341387
0.341544
0.341700
0.342326
0.342483
0.342874
0.343187
0.343422
0.343814
0.344440
0.344753
0.344596
0.345301
0.345144
0.345614
0.346005
0.346318
0.346631
0.347101
0.347414
0.347727
0.347884
0.348040
0.348431
0.348901
0.348979
0.349527
0.349762
0.349997
0.350466
0.350780
0.350780
0.350936
0.351641
0.352032
0.352188
0.352501
0.353128
0.353049
0.353597
0.353754
0.354067
0.354067
0.354615
0.354928
0.355163
0.355476
0.355711
0.356337
0.356493
0.356650
0.356885
0.357589
0.357824
0.358137
0.358450
0.358920
0.358998
0.359233
0.359389
0.359624
0.360250
0.360798
0.361189
0.361503
0.361894
0.362050
0.362285
0.362833
0.363224
0.363459
0.363381
0.363929
0.364477
0.364712
0.365181
0.365338
0.365573
0.365807
0.366042
0.366355
0.366747
0.367060
0.367373
0.367842
0.368234
0.368390
0.368782
0.369095
0.369329
0.369408
0.369956
0.370347
0.370738
0.371286
0.371521
0.371756
0.371991
0.372382
0.372617
0.373165
0.373400
0.373869
0.373947
0.374182
0.374574
0.374965
0.375200
0.375435
0.375982
0.376217
0.376687
0.376843
0.377391
0.377626
0.378096
0.378252
0.378409
0.378800
0.379113
0.378878
0.379426
0.379974
0.380757
0.380835
0.381148
0.381618
0.381461
0.382009
0.382479
0.382557
0.382870
0.383340
0.383731
0.384044
0.384279
0.384749
0.384827
0.385218
0.386001
0.386079
0.386314
0.386705
0.387175
0.387253
0.387801
0.387958
0.388193
0.388584
0.389053
0.389288
0.389601
0.390149
0.390775
0.390697
0.390932
0.391480
0.391402
0.392028
0.392341
0.392810
0.393124
0.393358
0.393280
0.394141
0.394141
0.394454
0.394767
0.394924
0.395159
0.395706
0.395863
0.396333
0.396646
0.396646
0.397428
0.397976
0.398133
0.398446
0.398602
0.399229
0.399307
0.399776
0.400011
0.400168
0.400716
0.401029
0.401264
0.401890
0.402281
0.402751
0.402986
0.403064
0.403455
0.404003
0.404160
0.404160
0.404629
0.405099
0.405568
0.405725
0.406038
0.406273
0.406508
0.406899
0.407212
0.407447
0.407917
0.408386
0.408699
0.408621
0.408777
0.409325
0.409482
0.409638
0.409952
0.410421
0.410656
0.410734
0.411282
0.411595
0.411830
0.412221
0.412613
0.412691
0.412926
0.413317
0.413865
0.414100
0.414569
0.414648
0.415039
0.415117
0.415430
0.415509
0.416135
0.416448
0.416761
0.416918
0.417152
0.417309
0.417857
0.418092
0.418326
0.418483
0.419109
0.419344
0.419892
0.419892
0.420361
0.420361
0.420518
0.420988
0.421457
0.421770
0.422083
0.422318
0.422788
0.422866
0.423101
0.423257
0.423649
0.424040
0.424431
0.424666
0.425292
0.425449
0.425527
0.426232
0.426153
0.426310
0.426545
0.427014
0.427562
0.427640
0.427954
0.428032
0.428188
0.428423
0.428658
0.429049
0.429441
0.429676
0.430380
0.430145
0.430615
0.430928
0.431241
0.431319
0.431632
0.432258
0.432258
0.432963
0.433041
0.433276
0.433589
0.433511
0.433902
0.434137
0.434528
0.434920
0.435233
0.435233
0.435624
0.435781
0.436172
0.436485
0.436642
0.436876
0.437268
0.437972
0.437972
0.438129
0.438598
0.438833
0.438990
0.439146
0.439381
0.439616
0.440164
0.440790
0.441181
0.441416
0.441807
0.442120
0.442433
0.442355
0.442825
0.443138
0.443686
0.443842
0.444155
0.444468
0.444547
0.444782
0.444860
0.445329
0.445408
0.445956
0.446190
0.446660
0.446817
0.447286
0.447130
0.447834
0.448069
0.448147
0.448539
0.448852
0.449243
0.449399
0.449791
0.450104
0.450495
0.450417
0.450574
0.451043
0.451513
0.451669
0.451904
0.452530
0.452687
0.453156
0.453235
0.453861
0.454096
0.454565
0.454565
0.455113
0.455113
0.455583
0.455739
0.456209
0.456366
0.456522
0.457148
0.457540
0.457696
0.458401
0.458401
0.458401
0.458714
0.458714
0.459653
0.459809
0.460044
0.460436
0.460827
0.460983
0.461140
0.461531
0.461531
0.461923
0.462549
0.462940
0.463018
0.463488
0.463879
0.463879
0.464349
0.464506
0.465053
0.465053
0.465288
0.465680
0.466228
0.466071
0.466384
0.466619
0.467167
0.467558
0.467949
0.468184
0.468576
0.468810
0.469280
0.469358
0.469671
0.469906
0.470298
0.470454
0.471237
0.471237
0.471550
0.471706
0.471706
0.472176
0.472254
0.472802
0.473037
0.473585
0.473507
0.474054
0.474211
0.474681
0.475229
0.475385
0.475776
0.476011
0.476168
0.476324
0.476637
0.476872
0.477029
0.477342
0.477890
0.478046
0.478359
0.478985
0.479142
0.479220
0.479768
0.479768
0.480394
0.480629
0.480707
0.481099
0.481568
0.481647
0.482116
0.482429
0.482899
0.483212
0.483525
0.483760
0.484151
0.484151
0.484543
0.484777
0.485169
0.485482
0.485482
0.486030
0.486499
0.486734
0.486969
0.486891
0.487439
0.487673
0.487752
0.488221
0.488613
0.488769
0.489082
0.489317
0.489317
0.489943
0.490100
0.490256
0.490569
0.491196
0.491352
0.491665
0.491900
0.491900
0.492291
0.492448
0.492683
0.493465
0.493309
0.493857
0.493935
0.494248
0.494483
0.494796
0.495187
0.495422
0.495657
0.496048
0.496518
0.496831
0.496909
0.497535
0.497535
0.497535
0.497692
0.497927
0.498318
0.499101
0.499492
0.499336
0.499649
0.499962
0.499962
0.500510
0.500431
0.501136
0.501684
0.501919
0.502388
0.502545
0.502779
0.503014
0.502936
0.503484
0.503562
0.504110
0.504345
0.504736
0.504971
0.504971
0.505128
0.505597
0.505754
0.506380
0.506693
0.506928
0.507319
0.507163
0.507789
0.507554
0.508180
0.508415
0.508493
0.508963
0.509511
0.509667
0.510059
0.510137
0.510293
0.510528
0.510920
0.511233
0.511781
0.512015
0.512250
0.512250
0.512328
0.512720
0.513033
0.513033
0.513502
0.513972
0.514050
0.514442
0.514520
0.514755
0.514990
0.515068
0.515303
0.515851
0.516320
0.516555
0.516868
0.517025
0.517338
0.517494
0.517807
0.517964
0.518355
0.518433
0.518825
0.519451
0.519529
0.519764
0.519764
0.520155
0.520468
0.521016
0.521095
0.521721
0.522112
0.522347
0.522817
0.523286
0.523208
0.523286
0.523599
0.523991
0.524382
0.524773
0.525165
0.525321
0.525556
0.525634
0.526026
0.526026
0.526260
0.526887
0.527278
0.527513
0.527748
0.527982
0.528139
0.528765
0.528843
0.529078
0.529548
0.529704
0.530174
0.530096
0.530252
0.530878
0.531191
0.531348
0.531739
0.531974
0.532522
0.532679
0.532835
0.533070
0.533618
0.534009
0.534009
0.534322
0.534557
0.535105
0.535183
0.535496
0.535966
0.536201
0.536592
0.536749
0.536905
0.537296
0.537844
0.538001
0.538549
0.538784
0.538627
0.539410
0.539331
0.539488
0.539879
0.540192
0.540506
0.540584
0.540897
0.541210
0.541914
0.542071
0.542462
0.542775
0.543010
0.543088
0.543480
0.543636
0.543871
0.544341
0.544654
0.544810
0.545045
0.545358
0.545750
0.545750
0.546141
0.546611
0.547002
0.547472
0.547237
0.547941
0.548176
0.548333
0.548489
0.548880
0.549350
0.549741
0.549898
0.549976
0.550289
0.550602
0.551463
0.551620
0.551933
0.552089
0.552481
0.552716
0.553107
0.553029
0.553264
0.553890
0.553890
0.554124
0.554594
0.555064
0.555377
0.555142
0.555690
0.556316
0.556629
0.556707
0.556707
0.557255
0.557490
0.557803
0.558038
0.558429
0.558664
0.559055
0.559134
0.559525
0.559682
0.559760
0.559916
0.560230
0.560699
0.561012
0.561482
0.561873
0.561873
0.562499
0.563126
0.563204
0.563282
0.563595
0.563908
0.564221
0.564378
0.564613
0.564847
0.565317
0.565630
0.565865
0.566021
0.566100
0.566648
0.566648
0.566804
0.567274
0.567665
0.567665
0.567665
0.568213
0.568761
0.568839
0.569074
0.569309
0.569778
0.570013
0.570248
0.570796
0.570561
0.570952
0.571266
0.571500
0.571500
0.571735
0.572283
0.572596
0.573066
0.572987
0.573379
0.573692
0.573614
0.574005
0.574396
0.574788
0.575179
0.575179
0.575570
0.575962
0.576275
0.576275
0.576588
0.576588
0.576979
0.577527
0.577840
0.578153
0.578466
0.578075
0.578545
0.578701
0.578936
0.579406
0.579640
0.579875
0.580267
0.580814
0.580971
0.581362
0.581362
0.581441
0.582145
0.582693
0.583006
0.583006
0.583319
0.583710
0.583632
0.583867
0.584258
0.584180
0.584885
0.584963
0.585198
0.585589
0.585902
0.585902
0.585902
0.586528
0.586841
0.587154
0.587859
0.587702
0.587702
0.588485
0.588172
0.588328
0.588250
0.588955
0.589268
0.589659
0.589816
0.589972
0.590442
0.590520
0.590755
0.590676
0.591146
0.591694
0.592085
0.592242
0.592477
0.592790
0.593181
0.593494
0.593572
0.593807
0.593964
0.594512
0.594433
0.594825
0.595060
0.595373
0.595216
0.595451
0.595999
0.596234
0.596703
0.597251
0.597251
0.597642
0.597721
0.597564
0.597799
0.598269
0.598503
0.599130
0.599364
0.599834
0.599912
0.599991
0.600147
0.600460
0.600773
0.600930
0.601478
0.601791
0.602182
0.602260
0.602573
0.602652
0.602652
0.603200
0.603748
0.604061
0.604374
0.604765
0.604530
0.604765
0.605078
0.605469
0.605548
0.606096
0.606722
0.607035
0.607035
0.607348
0.607348
0.607661
0.607818
0.608052
0.608522
0.608757
0.609226
0.609305
0.609696
0.610244
0.610322
0.610557
0.610792
0.611340
0.611575
0.611966
0.612201
0.612357
0.612749
0.612749
0.612905
0.613375
0.613923
0.613923
0.614392
0.614784
0.614705
0.615097
0.615253
0.615175
0.615566
0.616271
0.616506
0.616662
0.616897
0.617210
0.617445
0.617523
0.617758
0.617993
0.618541
0.618619
0.618932
0.619167
0.619558
0.619871
0.620028
0.620028
0.620497
0.620732
0.621358
0.621437
0.621828
0.622063
0.621984
0.622376
0.623080
0.623002
0.623393
0.623785
0.624019
0.624098
0.624411
0.624489
0.624880
0.625193
0.625585
0.625741
0.625976
0.626367
0.626524
0.626837
0.627072
0.627385
0.627620
0.627776
0.628168
0.628403
0.628481
0.628794
0.628950
0.629498
0.629655
0.629733
0.629968
0.630594
0.630672
0.631064
0.631612
0.631925
0.631846
0.632238
0.632081
0.632707
0.633099
0.633020
0.633255
0.633647
0.633960
0.633803
0.634116
0.634273
0.634586
0.635134
0.635369
0.635916
0.635760
0.636308
0.636386
0.636621
0.636934
0.637090
0.637717
0.637638
0.637873
0.638186
0.638578
0.638812
0.638969
0.639282
0.639360
0.639908
0.640143
0.640143
0.640378
0.640691
0.641004
0.641395
0.641395
0.641865
0.642021
0.642256
0.642804
0.642882
0.642882
0.643274
0.643665
0.643665
0.643822
0.643978
0.643978
0.644448
0.644761
0.645152
0.645778
0.645857
0.646248
0.646639
0.646405
0.646874
0.647422
0.647344
0.647970
0.647892
0.648283
0.648361
0.648674
0.648831
0.649144
0.649379
0.649535
0.649848
0.650162
0.650709
0.650709
0.650866
0.651101
0.651336
0.651727
0.651727
0.652197
0.652666
0.652979
0.652979
0.653136
0.653214
0.653371
0.653684
0.654310
0.654701
0.654779
0.655014
0.655406
0.655406
0.655640
0.656110
0.656501
0.656501
0.656736
0.656971
0.657206
0.657441
0.657832
0.657910
0.657988
0.658536
0.658928
0.659084
0.659163
0.659554
0.659632
0.659632
0.660180
0.660493
0.660728
0.661119
0.662059
0.661980
0.662372
0.662293
0.662372
0.662450
0.663076
0.663076
0.663702
0.664015
0.664250
0.664485
0.664485
0.664641
0.665189
0.665268
0.665737
0.666520
0.666520
0.666520
0.667146
0.667303
0.667303
0.667459
0.668007
0.668164
0.668477
0.668946
0.669259
0.669572
0.669651
0.669572
0.669729
0.669964
0.670512
0.671138
0.671607
0.671764
0.671764
0.672234
0.672312
0.672390
0.672860
0.673251
0.673642
0.674347
0.674503
0.674817
0.674738
0.675286
0.675051
0.675443
0.675756
0.676304
0.676773
0.676773
0.677165
0.677321
0.677478
0.677712
0.677947
0.678260
0.679043
0.679513
0.679747
0.679513
0.680061
0.680061
0.680530
0.680843
0.681235
0.681626
0.682096
0.682565
0.682643
0.683113
0.683348
0.683348
0.683583
0.683974
0.684757
0.685070
0.685226
0.685305
0.685618
0.686087
0.686244
0.686714
0.687105
0.687418
0.687574
0.688044
0.688592
0.688983
0.688827
0.689062
0.689453
0.690001
0.690236
0.690705
0.690940
0.691175
0.691175
0.691097
0.691488
0.692427
0.693053
0.693053
0.693288
0.693914
0.694149
0.694227
0.694462
0.694697
0.695323
0.695871
0.696106
0.696341
0.696262
0.696732
0.696810
0.696967
0.697436
0.698063
0.698063
0.698689
0.698845
0.699080
0.699158
0.699471
0.699706
0.700254
0.701115
0.701115
0.701585
0.702367
0.702211
0.702289
0.702367
0.702837
0.702994
0.703463
0.704089
0.704402
0.704481
0.704794
0.704950
0.705029
0.705420
0.706281
0.706516
0.706985
0.707298
0.707690
0.707846
0.707768
0.708159
0.708942
0.709099
0.709412
0.709412
0.709725
0.709960
0.710351
0.710508
0.710586
0.711290
0.711760
0.711916
0.712151
0.712308
0.712699
0.712856
0.712621
0.712621
0.713012
0.712856
0.712934
0.712934
0.713012
0.713090
0.712934
0.713012
0.712543
0.711995
0.711916
0.711995
0.711447
0.711368
0.710899
0.710977
0.710586
0.710273
0.709960
0.709647
0.709568
0.709020
0.709099
0.708707
0.708316
0.707925
0.707768
0.707455
0.707298
0.706751
0.706281
0.706281
0.706124
0.705811
0.705420
0.705107
0.704872
0.704246
0.704089
0.703620
0.703542
0.702915
0.702994
0.702524
0.702054
0.701976
0.701428
0.701507
0.701193
0.700724
0.700254
0.699863
0.699628
0.699080
0.698611
0.698376
0.697828
0.697828
0.697671
0.697202
0.696654
0.696419
0.695871
0.695636
0.695245
0.695088
0.694932
0.694697
0.694071
0.693836
0.693601
0.693053
0.692897
0.692662
0.692271
0.691879
0.691958
0.691958
0.691097
0.690705
0.689766
0.689688
0.689531
0.689375
0.688905
0.688514
0.688201
0.688044
0.687496
0.687027
0.686792
0.686635
0.686322
0.685931
0.685774
0.685226
0.684600
0.684522
0.684052
0.683974
0.683818
0.683504
0.683348
0.683191
0.682957
0.682330
0.681626
0.681548
0.681000
0.680608
0.680374
0.679434
0.679043
0.678808
0.678339
0.678182
0.677791
0.677556
0.677321
0.677165
0.676773
0.676460
0.676069
0.675756
0.675521
0.674738
0.674425
0.674112
0.673564
0.673721
0.673173
0.672938
0.672390
0.672155
0.671921
0.671607
0.671451
0.670981
0.670668
0.670120
0.669416
0.669181
0.669181
0.668868
0.668320
0.668320
0.667929
0.667616
0.667772
0.667303
0.666990
0.666442
0.665894
0.665346
0.665268
0.664563
0.664250
0.663859
0.663546
0.663467
0.663076
0.663076
0.662450
0.662293
0.661745
0.661667
0.660963
0.660415
0.659867
0.659632
0.659554
0.659319
0.658849
0.658536
0.657910
0.657832
0.657519
0.657441
0.656971
0.656501
0.656267
0.655953
0.655640
0.655249
0.654779
0.654701
0.654545
0.654075
0.653840
0.653918
0.653449
0.652744
0.652275
0.652040
0.651805
0.651414
0.650866
0.650709
0.650475
0.650162
0.649770
0.649301
0.648987
0.648596
0.647813
0.647579
0.647657
0.647187
0.646874
0.646874
0.646561
0.646326
0.645622
0.645544
0.645074
0.644526
0.643978
0.643587
0.643509
0.643352
0.642882
0.642569
0.642569
0.641943
0.641708
0.641239
0.640847
0.640691
0.640065
0.639752
0.639673
0.639204
0.639282
0.638812
0.638265
0.637951
0.637873
0.637404
0.637012
0.636621
0.636229
0.635682
0.635525
0.635212
0.635212
0.634821
0.634742
0.634116
0.633803
0.633490
0.632942
0.632473
0.632003
0.631690
0.631533
0.631220
0.630751
0.630672
0.630203
0.629811
0.629185
0.629029
0.628637
0.628403
0.628089
0.627855
0.627542
0.627542
0.626994
0.627072
0.626367
0.626054
0.625585
0.625350
0.624959
0.624646
0.624411
0.624019
0.623550
0.623550
0.623237
0.622924
0.622611
0.622219
0.621828
0.621280
0.620889
0.620810
0.620497
0.620419
0.619871
0.619636
0.619480
0.618697
0.618384
0.618071
0.617914
0.617601
0.617210
0.617132
0.617053
0.616740
0.616036
0.616192
0.615410
0.615097
0.614940
0.614705
0.614470
0.614001
0.614079
0.613688
0.613296
0.613140
0.612670
0.612044
0.611653
0.611575
0.611183
0.611027
0.611027
0.610635
0.610009
0.609696
0.609461
0.609305
0.608913
0.608522
0.608131
0.607896
0.607739
0.607661
0.607504
0.607191
0.606644
0.606409
0.605861
0.605783
0.605235
0.605313
0.604922
0.604765
0.604530
0.603982
0.603904
0.603513
0.603043
0.602730
0.602260
0.602104
0.601556
0.601634
0.601008
0.600773
0.600460
0.599912
0.599834
0.599286
0.599051
0.598817
0.598817
0.598425
0.598190
0.597721
0.597564
0.597486
0.597016
0.596860
0.596077
0.595999
0.595607
0.595607
0.595373
0.594981
0.594512
0.594277
0.594199
0.593729
0.593338
0.593103
0.592398
0.592320
0.592398
0.591851
0.591616
0.591224
0.591146
0.590911
0.590755
0.590129
0.590129
0.589424
0.589502
0.589111
0.588955
0.588563
0.588172
0.588015
0.587859
0.587389
0.587311
0.586998
0.586685
0.586137
0.586137
0.585667
0.585276
0.585276
0.584963
0.584650
0.584024
0.584024
0.583867
0.583241
0.583163
0.582536
0.582145
0.582145
0.581754
0.581597
0.581049
0.580971
0.580893
0.580345
0.579797
0.579719
0.579327
0.579249
0.579093
0.578388
0.578153
0.577840
0.577527
0.577292
0.576901
0.576431
0.576040
0.576118
0.575883
0.575570
0.575023
0.574709
0.574318
0.574318
0.574005
0.573457
0.572987
0.572753
0.572831
0.572753
0.572361
0.571813
0.571657
0.571266
0.570639
0.570483
0.570092
0.569935
0.569857
0.569544
0.569309
0.569074
0.568683
0.568213
0.567822
0.567509
0.567352
0.566882
0.566961
0.566804
0.566569
0.566256
0.565865
0.565943
0.565474
0.565082
0.564613
0.564378
0.563752
0.563595
0.563360
0.562969
0.562969
0.562499
0.562030
0.561325
0.561404
0.561247
0.560543
0.560230
0.560073
0.559682
0.559447
0.559134
0.558899
0.557960
0.557881
0.557881
0.557412
0.557177
0.556942
0.556864
0.556394
0.556003
0.555768
0.555064
0.554516
0.554516
0.554516
0.554124
0.554046
0.553811
0.553577
0.552950
0.552716
0.552403
0.551620
0.551620
0.551385
0.551150
0.550915
0.550759
0.550446
0.549898
0.549350
0.548959
0.548333
0.548567
0.547785
0.547863
0.547628
0.547158
0.547315
0.546845
0.545984
0.545750
0.545123
0.545045
0.544889
0.544497
0.544576
0.544106
0.544028
0.543558
0.543010
0.543010
0.542462
0.542149
0.541914
0.541836
0.541758
0.541445
0.540975
0.540662
0.540192
0.539488
0.539018
0.539175
0.538862
0.539018
0.538471
0.538314
0.538001
0.537610
0.537140
0.536827
0.536592
0.536044
0.535809
0.535731
0.535731
0.535261
0.534870
0.534479
0.534400
0.533618
0.533383
0.533383
0.533148
0.532992
0.532679
0.532287
0.532209
0.531818
0.531191
0.530878
0.530409
0.530409
0.530174
0.529861
0.529548
0.529313
0.529313
0.528687
0.528295
0.527669
0.527591
0.527043
0.526965
0.526652
0.526574
0.526417
0.525947
0.525321
0.525086
0.524617
0.524460
0.524147
0.523912
0.523912
0.523443
0.523208
0.522973
0.522425
0.521956
0.521799
0.521408
0.521173
0.520860
0.520860
0.520155
0.520155
0.519686
0.519138
0.518747
0.518355
0.518277
0.518120
0.517964
0.517572
0.517181
0.517338
0.516555
0.516242
0.516007
0.515537
0.515537
0.515303
0.514833
0.514285
0.513972
0.513816
0.513502
0.512798
0.512563
0.512172
0.512172
0.512094
0.511546
0.511389
0.511233
0.510998
0.510215
0.510137
0.509667
0.509354
0.509354
0.509276
0.508963
0.508806
0.508258
0.507945
0.507867
0.507241
0.507006
0.506458
0.506380
0.506067
0.505832
0.505284
0.504971
0.504815
0.504501
0.503954
0.503875
0.503875
0.503562
0.503249
0.503093
0.502466
0.502701
0.501997
0.501605
0.501214
0.501136
0.500588
0.500118
0.499884
0.499727
0.499962
0.499414
0.498944
0.498318
0.498083
0.498005
0.497614
0.497535
0.497144
0.497066
0.496753
0.496440
0.496127
0.495813
0.495109
0.495031
0.494796
0.494639
0.494092
0.493700
0.493700
0.493309
0.492683
0.492526
0.492057
0.492213
0.491587
0.491352
0.491039
0.490726
0.490648
0.490335
0.489943
0.489474
0.489239
0.488926
0.488769
0.488378
0.488065
0.487908
0.487360
0.487047
0.486734
0.486343
0.486186
0.485873
0.485482
0.485247
0.484777
0.484777
0.484230
0.483838
0.483447
0.483290
0.482664
0.482586
0.482273
0.481960
0.481881
0.481568
0.481177
0.480864
0.480316
0.480003
0.479925
0.479377
0.479220
0.478594
0.478594
0.478125
0.477890
0.477577
0.477029
0.476872
0.476637
0.476011
0.476011
0.475620
0.475542
0.475307
0.474759
0.474681
0.474211
0.474133
0.473663
0.472959
0.472724
0.472254
0.472254
0.471863
0.471472
0.471002
0.470924
0.470454
0.470219
0.469828
0.469280
0.469358
0.468576
0.468810
0.468341
0.468263
0.467793
0.467402
0.467088
0.467088
0.466384
0.465836
0.465445
0.465288
0.465053
0.464740
0.464506
0.464192
0.463723
0.463723
0.463253
0.463097
0.462705
0.462549
0.462001
0.461844
0.461297
0.460905
0.460279
0.460122
0.459966
0.459418
0.458870
0.459027
0.458401
0.458166
0.457618
0.457383
0.457226
0.457070
0.456522
0.456287
0.455818
0.455818
0.455661
0.455113
0.454565
0.454409
0.454409
0.453626
0.453548
0.453156
0.452843
0.452609
0.452374
0.451982
0.451513
0.450965
0.451043
0.450730
0.450417
0.449947
0.449713
0.449399
0.449086
0.448695
0.448069
0.447912
0.447364
0.447364
0.446973
0.446660
0.446347
0.446269
0.445956
0.445329
0.444938
0.444703
0.444782
0.444234
0.443608
0.443294
0.443451
0.442903
0.442512
0.442199
0.441807
0.441416
0.441338
0.441025
0.440242
0.440164
0.440164
0.439694
0.438911
0.438442
0.438207
0.438050
0.437659
0.437502
0.437268
0.436798
0.436720
0.436407
0.436172
0.435233
0.435154
0.435076
0.434685
0.434372
0.434372
0.433980
0.433667
0.433354
0.432963
0.432415
0.432337
0.432024
0.431711
0.431554
0.431241
0.431006
0.430302
0.430223
0.429910
0.429519
0.429128
0.429206
0.428893
0.428501
0.428423
0.428345
0.427954
0.427327
0.427093
0.426780
0.426310
0.426310
0.426153
0.425762
0.425371
0.425371
0.424901
0.424666
0.424040
0.423727
0.423570
0.423492
0.423179
0.423023
0.422709
0.422318
0.422083
0.421614
0.421301
0.420831
0.420596
0.420518
0.420048
0.419657
0.419579
0.419187
0.418718
0.418326
0.418013
0.418092
0.417622
0.417309
0.417152
0.416526
0.416135
0.416057
0.415900
0.415430
0.415196
0.414961
0.414569
0.414413
0.414335
0.413787
0.414022
0.413630
0.412848
0.413082
0.412221
0.412065
0.411987
0.411830
0.411439
0.410812
0.410656
0.410108
0.409560
0.409638
0.409169
0.408777
0.408308
0.408464
0.408151
0.407760
0.407447
0.407212
0.406899
0.406351
0.406038
0.406195
0.405647
0.405412
0.404786
0.404473
0.404238
0.403846
0.403690
0.403142
0.403064
0.402986
0.402516
0.402359
0.401811
0.401420
0.401185
0.400716
0.400011
0.399933
0.399385
0.399463
0.398915
0.398681
0.398602
0.398211
0.397663
0.397428
0.397428
0.396802
0.396567
0.396411
0.395863
0.395785
0.395393
0.395159
0.394845
0.394376
0.393984
0.393750
0.393358
0.393280
0.392810
0.392889
0.392419
0.392028
0.391715
0.391402
0.391245
0.390854
0.389993
0.389993
0.389680
0.389210
0.388975
0.388506
0.388271
0.387879
0.387566
0.387410
0.386940
0.386862
0.386314
0.386236
0.385766
0.385218
0.385375
0.384827
0.384122
0.384122
0.383731
0.383340
0.383496
0.383105
0.382792
0.382244
0.381774
0.381696
0.381383
0.380835
0.380679
0.380366
0.379896
0.379426
0.379035
0.378800
0.378487
0.377939
0.377939
0.377783
0.377391
0.377078
0.376452
0.376217
0.375982
0.375904
0.375278
0.375043
0.374808
0.374339
0.374104
0.373791
0.373400
0.373165
0.372930
0.372695
0.372304
0.371756
0.371365
0.371130
0.370895
0.370582
0.370112
0.369799
0.369643
0.369408
0.368938
0.368547
0.368077
0.367842
0.367764
0.367216
0.366825
0.366668
0.366277
0.365964
0.365494
0.365259
0.364712
0.364398
0.363929
0.363694
0.363694
0.363224
0.362677
0.362598
0.362363
0.361894
0.361424
0.361268
0.360798
0.360485
0.360172
0.359781
0.359624
0.359154
0.358685
0.358059
0.357824
0.357511
0.357667
0.356963
0.356572
0.356650
0.356337
0.355789
0.355476
0.355476
0.354771
0.354537
0.354380
0.353989
0.353989
0.353362
0.353128
0.352736
0.352501
0.351954
0.351641
0.351484
0.351093
0.350936
0.350466
0.350232
0.349762
0.349527
0.349058
0.348588
0.348588
0.348197
0.347962
0.347570
0.347179
0.346788
0.346475
0.346083
0.345614
0.345457
0.344988
0.344831
0.344596
0.344440
0.343970
0.343657
0.343031
0.343187
0.342561
0.342248
0.341935
0.341622
0.341622
0.340839
0.340683
0.340291
0.340135
0.339587
0.339274
0.339117
0.338883
0.338569
0.338335
0.337787
0.337630
0.337474
0.336848
0.336534
0.336613
0.336378
0.335830
0.335673
0.335126
0.335126
0.334421
0.333952
0.333795
0.333482
0.333325
0.333247
0.332699
0.332308
0.331760
0.331682
0.331212
0.331134
0.330821
0.330273
0.330273
0.329725
0.329725
0.329412
0.328942
0.328473
0.328081
0.327690
0.327455
0.327377
0.327142
0.326751
0.326281
0.326046
0.325811
0.325107
0.324951
0.324637
0.324246
0.324090
0.324090
0.323463
0.323150
0.322994
0.322524
0.322133
0.321820
0.321428
0.320959
0.320567
0.320724
0.320254
0.319941
0.319472
0.319237
0.318845
0.318924
0.318219
0.317985
0.317985
0.317671
0.317280
0.316810
0.316497
0.316028
0.315793
0.315558
0.315089
0.314697
0.314541
0.314149
0.313836
0.313601
0.313367
0.313132
0.312584
0.312193
0.311723
0.311410
0.311097
0.310705
0.310471
0.310158
0.309923
0.309375
0.309140
0.308749
0.308670
0.308044
0.307731
0.307575
0.307183
0.306714
0.306401
0.306322
0.305696
0.305383
0.304992
0.304600
0.304600
0.304209
0.303739
0.303270
0.302957
0.302644
0.302331
0.302017
0.301704
0.301391
0.301000
0.300374
0.300296
0.299513
0.299748
0.299435
0.298808
0.298417
0.297869
0.297634
0.297478
0.297400
0.296852
0.296226
0.296304
0.295834
0.295599
0.295208
0.294895
0.294738
0.294347
0.294034
0.293408
0.293251
0.292782
0.292625
0.292469
0.291764
0.291373
0.291373
0.291060
0.290747
0.290120
0.289651
0.289651
0.289181
0.288790
0.288320
0.287772
0.287694
0.287303
0.286911
0.286833
0.286285
0.285816
0.285424
0.285189
0.284876
0.284329
0.284250
0.284015
0.283624
0.283233
0.283154
0.282841
0.282137
0.281824
0.281354
0.281119
0.281041
0.279945
0.279711
0.279319
0.279319
0.278458
0.278067
0.277989
0.277441
0.277441
0.277128
0.276658
0.276267
0.275875
0.275797
0.275484
0.274936
0.274780
0.274153
0.273919
0.273449
0.273449
0.272979
0.272666
0.272275
0.272040
0.271492
0.270944
0.270631
0.270318
0.269770
0.269770
0.269222
0.268831
0.268596
0.268127
0.267970
0.267344
0.267031
0.266874
0.266405
0.266092
0.265700
0.265700
0.265231
0.264526
0.264213
0.263978
0.263822
0.263274
0.263117
0.262883
0.262569
0.262256
0.261552
0.261161
0.260848
0.260378
0.260456
0.260143
0.259674
0.259204
0.258969
0.258656
0.258343
0.257795
0.257717
0.257247
0.256934
0.256621
0.256464
0.255995
0.255838
0.255056
0.254821
0.254508
0.254273
0.253960
0.253725
0.253334
0.252942
0.252551
0.252316
0.252081
0.251612
0.251377
0.250829
0.250594
0.250359
0.249968
0.249498
0.249420
0.248951
0.248481
0.248168
0.247933
0.247542
0.247307
0.247150
0.246837
0.246524
0.246289
0.245585
0.245272
0.245272
0.244802
0.244411
0.244254
0.243863
0.243550
0.243472
0.243080
0.242689
0.242063
0.241750
0.241671
0.241358
0.240967
0.240654
0.240184
0.240028
0.239480
0.238775
0.238541
0.238228
0.237915
0.237445
0.237523
0.236897
0.236897
0.236427
0.236271
0.235410
0.235566
0.235175
0.235019
0.234549
0.234236
0.233688
0.233453
0.233062
0.232514
0.232123
0.232201
0.232044
0.231418
0.231027
0.230870
0.230557
0.230401
0.229618
0.229305
0.229070
0.228444
0.228366
0.228209
0.227896
0.227348
0.227113
0.226800
0.226644
0.225939
0.225704
0.225235
0.225235
0.224765
0.224452
0.224296
0.223982
0.223278
0.222965
0.222417
0.222261
0.221791
0.221634
0.221400
0.221087
0.220695
0.220226
0.220069
0.219599
0.219051
0.218738
0.218504
0.218269
0.217721
0.217564
0.217330
0.216703
0.216547
0.216156
0.215373
0.215138
0.215060
0.214434
0.214355
0.213886
0.213729
0.213260
0.212790
0.212320
0.212085
0.211694
0.211068
0.211068
0.210598
0.209972
0.209659
0.209581
0.209033
0.208563
0.208250
0.207859
0.207389
0.207389
0.206998
0.206528
0.206294
0.205589
0.205433
0.204885
0.204885
0.204415
0.203945
0.203554
0.203163
0.202850
0.202458
0.202223
0.201676
0.201441
0.200580
0.200188
0.199954
0.199641
0.199093
0.199093
0.198388
0.198232
0.197449
0.197527
0.196979
0.196432
0.196432
0.195884
0.195414
0.195257
0.194866
0.194397
0.194005
0.193927
0.193457
0.192988
0.192831
0.192283
0.191892
0.191501
0.191344
0.190796
0.190405
0.190092
0.189700
0.189309
0.188761
0.188291
0.188057
0.187509
0.187352
0.186804
0.186413
0.186335
0.185943
0.185552
0.184926
0.184613
0.184221
0.183908
0.183360
0.182969
0.182578
0.182343
0.181952
0.181325
0.181012
0.180543
0.180151
0.180073
0.179604
0.179056
0.178664
0.178508
0.177725
0.177803
0.177255
0.177099
0.176942
0.175925
0.175612
0.175533
0.175220
0.174751
0.174281
0.173968
0.173655
0.173342
0.172951
0.172794
0.172481
0.172168
0.171777
0.171307
0.170524
0.170289
0.169976
0.169742
0.169428
0.169272
0.168802
0.168333
0.168020
0.167863
0.167393
0.166846
0.166454
0.166219
0.165985
0.165828
0.165358
0.164889
0.164811
0.164341
0.163636
0.163245
0.162854
0.162619
0.162149
0.162228
0.161680
0.161523
0.161210
0.160975
0.160271
0.159645
0.159566
0.159019
0.158627
0.158705
0.158001
0.157453
0.157297
0.157062
0.156514
0.156044
0.155653
0.155340
0.155183
0.154714
0.154557
0.154166
0.153774
0.153383
0.152914
0.152209
0.152131
0.151661
0.151661
0.151192
0.150957
0.150409
0.150409
0.149470
0.148922
0.148843
0.148452
0.147983
0.147591
0.147356
0.147122
0.147043
0.146730
0.146182
0.145713
0.145321
0.145008
0.145165
0.144539
0.144304
0.143678
0.143678
0.143052
0.142504
0.141877
0.141564
0.141408
0.141251
0.140547
0.140156
0.139842
0.139138
0.138825
0.138668
0.138042
0.137651
0.137729
0.137181
0.136790
0.136320
0.136086
0.135772
0.135225
0.134207
0.134442
0.134050
0.133737
0.133581
0.133190
0.132642
0.132720
0.131937
0.131624
0.131233
0.130998
0.130920
0.130294
0.130137
0.129746
0.128885
0.128963
0.128493
0.127867
0.127398
0.127241
0.126850
0.126693
0.126302
0.126067
0.125597
0.125206
0.124893
0.124502
0.123875
0.123562
0.123014
0.123014
0.122701
0.122310
0.121606
0.121371
0.120666
0.120275
0.119649
0.119336
0.118788
0.118475
0.118005
0.117536
0.117457
0.116988
0.116205
0.115970
0.115657
0.115187
0.114953
0.114483
0.114013
0.113622
0.113231
0.112839
0.112213
0.111978
0.111509
0.111274
0.110961
0.110961
0.110335
0.109787
0.109630
0.108926
0.108535
0.108065
0.107674
0.107126
0.107047
0.106421
0.106343
0.105795
0.105404
0.105091
0.104621
0.104308
0.103760
0.103369
0.102899
0.102743
0.102351
0.101882
0.101412
0.100629
0.100160
0.099925
0.099455
0.099377
0.098673
0.098359
0.098046
0.097655
0.097342
0.096638
0.096011
0.095698
0.095620
0.095385
0.094837
0.094133
0.093898
0.093350
0.092881
0.092489
0.092411
0.091785
0.091393
0.090846
0.090454
0.090063
0.089672
0.089124
0.088811
0.088419
0.087871
0.087558
0.087089
0.086854
0.086462
0.086071
0.085601
0.085132
0.084897
0.084427
0.083801
0.083410
0.083175
0.083019
0.082392
0.081923
0.081453
0.080984
0.080514
0.080279
0.079340
0.078949
0.078714
0.078166
0.077540
0.077305
0.077070
0.076679
0.076131
0.075818
0.075192
0.074800
0.074644
0.074252
0.074096
0.073470
0.073157
0.072217
0.072139
0.071513
0.071122
0.070730
0.070339
0.069791
0.069556
0.069008
0.068695
0.068069
0.067913
0.067052
0.066895
0.066425
0.066191
0.065564
0.065095
0.064703
0.064234
0.063842
0.063373
0.063060
0.062747
0.062434
0.062277
0.061807
0.060868
0.060790
0.060555
0.060164
0.059303
0.058755
0.058598
0.058442
0.057816
0.057503
0.057033
0.056642
0.056094
0.055702
0.055781
0.054998
0.054528
0.054294
0.053589
0.053433
0.052963
0.052415
0.052180
0.051554
0.050928
0.050615
0.050145
0.050067
0.049676
0.049128
0.048658
0.048267
0.047875
0.047328
0.047093
0.046467
0.046075
0.045449
0.045371
0.044745
0.044275
0.043727
0.043258
0.042631
0.042788
0.042083
0.041692
0.041379
0.041223
0.040596
0.039892
0.039266
0.038874
0.038483
0.037857
0.037387
0.036996
0.036761
0.036292
0.035978
0.035274
0.034961
0.034491
0.034178
0.033787
0.033396
0.032926
0.032300
0.032065
0.031595
0.030969
0.030421
0.029795
0.029639
0.029326
0.028778
0.028308
0.027838
0.027525
0.026743
0.026430
0.025803
0.025255
0.024864
0.024786
0.024081
0.023847
0.023377
0.022829
0.022438
0.021733
0.021342
0.020872
0.020559
0.020168
0.019777
0.018916
0.018603
0.018524
0.018055
0.017429
0.016568
0.016176
0.015707
0.015472
0.015002
0.014454
0.014141
0.013828
0.013280
0.012811
0.012028
0.011480
0.011167
0.010697
0.010384
0.009836
0.009445
0.009210
0.008584
0.007880
0.007410
0.006784
0.006706
0.006236
0.005845
0.005531
0.004827
0.004279
0.003966
0.003496
0.002714
0.002166
0.001540
0.001618
0.001148
0.000757
0.000287
-0.000026
-0.000574
-0.000887
-0.001826
-0.002217
-0.002452
-0.003000
-0.003313
-0.003391
-0.004096
-0.004409
-0.005270
-0.005661
-0.006366
-0.006757
-0.007148
-0.007461
-0.007931
-0.008557
-0.009027
-0.009809
-0.010122
-0.010670
-0.011531
-0.011844
-0.012471
-0.012862
-0.013488
-0.013645
-0.014192
-0.014740
-0.015132
-0.015836
-0.016697
-0.017167
-0.017558
-0.018263
-0.019045
-0.019202
-0.019515
-0.019828
-0.020767
-0.021393
-0.022176
-0.022724
-0.022959
-0.023663
-0.023976
-0.024837
-0.024994
-0.025620
-0.026090
-0.026559
-0.027498
-0.027811
-0.028438
-0.028907
-0.029220
-0.029846
-0.030238
-0.031099
-0.031412
-0.032351
-0.032977
-0.033369
-0.033995
-0.034386
-0.034856
-0.035247
-0.035795
-0.036656
-0.037282
-0.037987
-0.038691
-0.039004
-0.039630
-0.040100
-0.040648
-0.040961
-0.041587
-0.042213
-0.042526
-0.043387
-0.044170
-0.045031
-0.045266
-0.045579
-0.045970
-0.046440
-0.046988
-0.047692
-0.048005
-0.048709
-0.049492
-0.050275
-0.051058
-0.051136
-0.051840
-0.052232
-0.053093
-0.053640
-0.054345
-0.055049
-0.055989
-0.056458
-0.057163
-0.057476
-0.057554
-0.058024
-0.059041
-0.059667
-0.060293
-0.061076
-0.061702
-0.062407
-0.063033
-0.062955
-0.063502
-0.064050
-0.064990
-0.065459
-0.066085
-0.066477
-0.067181
-0.067807
-0.068512
-0.068903
-0.069529
-0.070077
-0.070782
-0.071408
-0.071956
-0.072660
-0.073443
-0.073678
-0.074382
-0.074695
-0.075086
-0.075556
-0.076339
-0.077121
-0.077669
-0.078217
-0.079235
-0.079861
-0.080644
-0.080800
-0.081348
-0.082052
-0.082679
-0.083383
-0.083853
-0.084479
-0.084948
-0.085340
-0.086279
-0.086827
-0.087296
-0.087610
-0.088157
-0.089175
-0.089488
-0.089879
-0.090662
-0.091367
-0.091993
-0.092462
-0.093010
-0.093323
-0.093949
-0.094889
-0.095750
-0.096219
-0.096689
-0.097393
-0.098019
-0.098489
-0.099115
-0.099663
-0.100133
-0.101150
-0.102089
-0.102716
-0.102950
-0.103811
-0.104672
-0.104829
-0.105455
-0.105768
-0.106394
-0.107568
-0.108038
-0.108977
-0.109212
-0.109916
-0.110856
-0.111169
-0.111951
-0.112343
-0.112969
-0.113908
-0.114769
-0.115082
-0.115630
-0.116100
-0.116882
-0.117665
-0.117900
-0.118683
-0.118839
-0.120013
-0.121266
-0.122048
-0.122361
-0.122988
-0.123457
-0.124005
-0.124553
-0.125023
-0.125883
-0.126431
-0.127527
-0.128153
-0.128466
-0.129014
-0.129797
-0.130345
-0.131206
-0.131597
-0.131989
-0.132771
-0.134180
-0.134728
-0.135354
-0.135511
-0.136137
-0.137076
-0.137624
-0.138407
-0.138563
-0.139268
-0.140598
-0.141772
-0.142398
-0.142711
-0.143181
-0.144042
-0.144590
-0.145373
-0.145529
-0.146155
-0.147251
-0.148034
-0.148660
-0.149130
-0.150069
-0.150460
-0.151478
-0.152182
-0.152495
-0.153043
-0.153982
-0.155235
-0.155783
-0.156096
-0.156878
-0.157504
-0.158209
-0.158679
-0.159383
-0.160009
-0.161261
-0.162201
-0.162827
-0.163375
-0.163844
-0.164157
-0.165018
-0.165566
-0.166192
-0.166427
-0.167132
-0.168541
-0.169010
-0.169558
-0.170106
-0.170810
-0.171593
-0.172141
-0.172845
-0.173315
-0.173941
-0.174880
-0.176211
-0.176602
-0.177150
-0.177385
-0.178089
-0.178637
-0.179342
-0.179968
-0.180203
-0.181142
-0.182473
-0.183334
-0.184116
-0.184273
-0.185055
-0.185838
-0.186308
-0.186856
-0.187560
-0.188186
-0.189360
-0.190143
-0.190926
-0.191395
-0.191865
-0.192569
-0.192961
-0.193900
-0.194291
-0.195231
-0.195857
-0.196874
-0.197735
-0.198361
-0.198518
-0.198987
-0.199535
-0.200396
-0.201101
-0.201649
-0.202588
-0.203762
-0.204623
-0.204858
-0.205484
-0.206032
-0.206423
-0.207206
-0.208145
-0.208458
-0.209006
-0.210180
-0.211198
-0.211980
-0.212528
-0.212919
-0.213389
-0.213780
-0.214641
-0.215659
-0.216129
-0.216598
-0.217929
-0.218555
-0.218868
-0.219651
-0.220120
-0.221060
-0.221686
-0.222468
-0.222938
-0.223408
-0.224190
-0.225286
-0.226069
-0.226382
-0.226930
-0.227478
-0.227869
-0.228495
-0.229121
-0.229748
-0.230374
-0.231313
-0.232096
-0.233113
-0.233113
-0.233583
-0.234052
-0.234678
-0.235539
-0.236244
-0.236479
-0.237418
-0.238435
-0.238827
-0.239296
-0.240001
-0.240157
-0.240940
-0.241801
-0.242584
-0.242897
-0.243210
-0.244306
-0.245401
-0.245715
-0.246341
-0.246810
-0.247280
-0.247828
-0.248297
-0.248845
-0.249315
-0.250489
-0.251428
-0.251585
-0.252367
-0.252915
-0.253072
-0.253385
-0.254011
-0.254637
-0.255577
-0.255968
-0.256594
-0.257533
-0.258159
-0.258238
-0.258786
-0.259099
-0.259803
-0.260194
-0.261055
-0.261447
-0.262229
-0.263169
-0.263638
-0.263717
-0.264499
-0.264812
-0.265517
-0.266065
-0.266456
-0.266769
-0.267552
-0.268021
-0.268569
-0.269274
-0.269352
-0.269665
-0.270370
-0.270917
-0.271387
-0.271544
-0.272170
-0.272483
-0.273187
-0.273422
-0.274048
-0.274753
-0.274909
-0.275379
-0.275692
-0.276005
-0.276396
-0.277022
-0.277492
-0.278275
-0.278588
-0.278979
-0.279371
-0.279840
-0.279997
-0.280623
-0.280936
-0.281640
-0.282110
-0.282658
-0.283206
-0.283441
-0.283910
-0.284302
-0.284771
-0.285084
-0.285554
-0.285867
-0.286180
-0.286806
-0.286884
-0.287432
-0.287745
-0.287980
-0.288372
-0.288606
-0.288528
-0.289154
-0.289233
-0.289702
-0.290407
-0.290641
-0.291033
-0.291346
-0.291659
-0.292207
-0.292285
-0.292285
-0.292911
-0.292911
-0.293303
-0.293694
-0.294164
-0.294398
-0.294711
-0.294711
-0.294790
-0.295259
-0.295651
-0.295885
-0.296199
-0.296277
-0.296512
-0.297060
-0.297686
-0.297607
-0.297842
-0.297999
-0.298234
-0.298547
-0.298625
-0.299095
-0.299173
-0.299095
-0.299721
-0.300034
-0.299799
-0.300425
-0.300816
-0.300660
-0.301130
-0.301443
-0.301677
-0.301834
-0.301756
-0.301991
-0.302304
-0.302460
-0.302538
-0.302851
-0.303008
-0.303165
-0.303399
-0.303399
-0.303399
-0.303869
-0.304026
-0.304104
-0.304104
-0.304417
-0.304730
-0.304573
-0.304730
-0.304887
-0.305121
-0.305278
-0.305513
-0.305434
-0.305434
-0.305591
-0.305982
-0.305669
-0.305904
-0.305904
-0.305904
-0.306295
-0.306217
-0.306452
-0.306374
-0.306843
-0.306687
-0.306922
-0.307078
-0.306922
-0.306843
-0.307156
-0.307156
-0.307000
-0.307235
-0.307078
-0.307235
-0.307626
-0.307548
-0.307626
-0.307704
-0.307861
-0.307782
-0.307782
-0.307704
-0.307626
-0.307782
-0.308017
-0.307939
-0.307548
-0.307939
-0.307939
-0.308017
-0.308017
-0.307861
-0.308096
-0.308174
-0.308252
-0.308252
-0.308174
-0.307939
-0.307861
-0.307939
-0.308174
-0.307861
-0.307782
-0.307861
-0.307782
-0.307704
-0.308096
-0.307782
-0.308017
-0.308017
-0.307782
-0.307782
-0.308017
-0.307861
-0.307939
-0.307782
-0.307626
-0.307939
-0.307861
-0.307626
-0.307313
-0.307626
-0.307704
-0.307704
-0.307548
-0.307469
-0.307704
-0.307313
-0.307391
-0.307469
-0.307313
-0.307156
-0.306922
-0.307156
-0.307078
-0.307469
-0.307000
-0.307078
-0.307000
-0.307313
-0.307313
-0.307235
-0.306922
-0.306922
-0.307156
-0.306843
-0.307000
-0.306843
-0.306843
-0.306843
-0.306765
-0.306922
-0.306687
-0.306452
-0.306452
-0.306452
-0.306374
-0.306374
-0.306374
-0.306217
-0.306139
-0.306061
-0.306139
-0.306452
-0.305982
-0.305747
-0.305826
-0.305982
-0.305982
-0.305826
-0.305591
-0.305591
-0.305669
-0.305434
-0.305200
-0.305278
-0.305278
-0.305513
-0.305278
-0.305121
-0.305043
-0.304887
-0.304808
-0.304730
-0.304965
-0.304573
-0.304652
-0.304495
-0.304339
-0.304730
-0.304495
-0.304573
-0.304104
-0.304026
-0.303869
-0.304104
-0.303947
-0.303791
-0.303556
-0.303556
-0.303478
-0.303399
-0.303634
-0.303478
-0.303399
-0.303243
-0.303165
-0.303165
-0.302930
-0.302851
-0.302773
-0.303165
-0.303165
-0.302851
-0.303008
-0.302930
-0.302851
-0.302695
-0.302460
-0.302382
-0.302304
-0.302382
-0.302460
-0.302460
-0.302695
-0.302460
-0.301991
-0.302147
-0.301991
-0.301991
-0.301912
-0.301912
-0.301912
-0.301912
-0.301912
-0.302069
-0.301912
-0.301756
-0.301599
-0.301364
-0.301599
-0.301364
-0.301364
-0.301364
-0.301443
-0.301443
-0.301521
-0.301208
-0.301130
-0.300816
-0.300973
-0.301051
-0.300973
-0.300895
-0.300582
-0.300895
-0.300973
-0.301286
-0.300973
-0.300582
-0.300660
-0.300582
-0.300347
-0.300503
-0.300503
-0.300269
-0.300660
-0.300582
-0.300582
-0.300269
-0.300347
-0.300112
-0.300034
-0.299799
-0.300034
-0.300347
-0.300269
-0.300190
-0.300582
-0.300425
-0.300034
-0.299799
-0.299721
-0.299642
-0.299799
-0.299721
-0.299799
-0.299564
-0.300034
-0.300112
-0.299956
-0.299877
-0.299877
-0.299408
-0.299486
-0.299486
-0.299642
-0.299486
-0.299408
-0.299642
-0.299721
-0.299956
-0.299877
-0.299799
-0.299486
-0.299642
-0.299408
-0.299486
-0.299564
-0.299642
-0.299877
-0.299956
-0.300034
-0.299721
-0.299721
-0.299408
-0.299408
-0.299408
-0.299251
-0.299173
-0.299564
-0.299486
-0.299721
-0.299486
-0.299721
-0.299486
-0.299564
-0.299642
-0.299721
-0.299408
-0.299564
-0.299642
-0.299799
-0.300112
-0.300112
-0.300112
-0.299956
-0.299564
-0.299799
-0.299877
-0.299877
-0.300034
-0.300112
-0.300112
-0.300425
-0.300582
-0.300269
-0.300269
-0.300190
-0.300503
-0.300269
-0.300425
-0.300582
-0.300503
-0.300660
-0.300660
-0.301051
-0.301130
-0.300582
-0.300425
-0.300816
-0.300425
-0.300738
-0.300425
-0.300738
-0.300816
-0.300973
-0.300973
-0.300816
-0.300973
-0.301130
-0.300895
-0.301286
-0.301286
-0.301130
-0.301443
-0.301521
-0.301756
-0.301834
-0.302147
-0.302147
-0.301912
-0.301991
-0.302069
-0.302069
-0.302147
-0.302225
-0.302225
-0.302538
-0.302773
-0.302695
-0.302460
-0.302382
-0.302460
-0.302695
-0.302538
-0.302617
-0.302851
-0.303008
-0.303086
-0.303321
-0.303478
-0.303399
-0.303791
-0.303321
-0.303399
-0.303556
-0.303634
-0.303634
-0.303712
-0.304026
-0.304260
-0.304182
-0.304495
-0.304260
-0.304260
-0.304182
-0.304652
-0.304573
-0.304730
-0.304339
-0.304965
-0.305121
-0.305043
-0.305278
-0.305278
-0.305513
-0.305513
-0.305513
-0.305669
-0.305826
-0.305826
-0.305982
-0.306374
-0.306295
-0.306687
-0.306452
-0.306687
-0.306687
-0.306843
-0.306765
-0.307078
-0.307000
-0.307469
-0.307313
-0.307626
-0.307548
-0.307704
-0.307782
-0.307939
-0.307861
-0.307939
-0.308174
-0.308330
-0.308330
-0.308330
-0.308565
-0.308722
-0.308957
-0.308957
-0.308878
-0.309191
-0.309426
-0.309191
-0.309348
-0.309583
-0.309504
-0.309739
-0.309974
-0.310209
-0.310052
-0.310365
-0.310365
-0.310992
-0.311148
-0.311070
-0.311305
-0.311383
-0.311696
-0.311931
-0.312009
-0.311931
-0.311853
-0.312009
-0.312244
-0.312557
-0.312792
-0.313183
-0.313027
-0.313105
-0.313105
-0.313496
-0.313496
-0.313574
-0.313653
-0.313653
-0.313888
-0.314279
-0.314279
-0.314201
-0.314592
-0.314435
-0.314827
-0.314592
-0.315296
-0.315062
-0.315453
-0.315609
-0.315688
-0.315766
-0.315766
-0.316079
-0.316236
-0.316470
-0.316549
-0.316940
-0.316784
-0.317253
-0.317410
-0.317723
-0.317566
-0.317644
-0.318036
-0.317958
-0.318036
-0.318505
-0.318662
-0.318897
-0.318662
-0.318975
-0.319210
-0.319210
-0.319445
-0.319601
-0.319523
-0.319993
-0.320071
-0.320306
-0.320462
-0.320697
-0.320854
-0.321323
-0.321245
-0.321480
-0.321871
-0.321793
-0.321871
-0.322341
-0.322497
-0.322184
-0.322654
-0.322732
-0.322810
-0.323280
-0.323436
-0.323671
-0.323750
-0.323750
-0.323984
-0.324297
-0.324376
-0.324376
-0.324845
-0.324924
-0.325237
-0.325550
-0.325550
-0.325706
-0.325941
-0.326254
-0.326098
-0.326254
-0.326959
-0.326880
-0.326959
-0.327037
-0.327193
-0.327428
-0.327663
-0.327820
-0.328211
-0.328289
-0.328133
-0.328759
-0.329228
-0.329150
-0.329463
-0.329620
-0.329541
-0.329855
-0.330011
-0.330168
-0.330559
-0.330637
-0.331029
-0.330872
-0.331029
-0.331342
-0.331498
-0.331890
-0.332046
-0.332203
-0.332281
-0.332281
-0.332437
-0.332907
-0.332985
-0.333220
-0.333298
-0.333846
-0.333925
-0.334316
-0.334472
-0.334707
-0.334786
-0.334786
-0.334864
-0.335490
-0.335490
-0.335803
-0.335803
-0.336038
-0.336351
-0.336586
-0.336821
-0.336899
-0.337134
-0.337368
-0.337603
-0.337603
-0.337916
-0.337916
-0.338229
-0.338543
-0.338856
-0.339247
-0.339247
-0.339325
-0.339482
-0.339717
-0.339795
-0.340186
-0.340186
-0.340499
-0.340969
-0.341204
-0.341673
-0.341986
-0.341986
-0.342299
-0.342143
-0.342456
-0.342456
-0.342847
-0.342926
-0.343474
-0.343474
-0.343787
-0.343865
-0.344334
-0.344334
-0.344491
-0.344961
-0.344961
-0.345195
-0.345195
-0.345509
-0.345900
-0.346135
-0.346135
-0.346526
-0.346683
-0.346683
-0.346996
-0.346761
-0.347309
-0.347230
-0.347544
-0.348248
-0.348248
-0.348248
-0.348483
-0.348796
-0.348952
-0.348874
-0.349344
-0.349579
-0.349500
-0.349500
-0.350126
-0.350518
-0.350753
-0.350909
-0.351144
-0.351379
-0.351457
-0.351848
-0.352005
-0.352083
-0.352631
-0.352475
-0.353022
-0.353257
-0.353492
-0.353805
-0.354118
-0.354118
-0.354275
-0.354431
-0.354744
-0.355136
-0.355292
-0.355371
-0.355762
-0.356075
-0.356231
-0.356310
-0.356388
-0.357014
-0.357014
-0.357249
-0.357484
-0.357406
-0.357719
-0.358032
-0.358110
-0.358658
-0.358971
-0.359675
-0.359754
-0.359988
-0.359832
-0.359910
-0.360458
-0.360536
-0.361006
-0.361162
-0.361554
-0.362023
-0.362415
-0.362337
-0.362728
-0.362963
-0.363276
-0.363432
-0.363589
-0.363902
-0.363980
-0.364372
-0.364841
-0.364998
-0.365154
-0.365467
-0.366015
-0.365859
-0.365859
-0.366172
-0.366328
-0.366563
-0.366485
-0.367268
-0.367581
-0.367972
-0.368050
-0.368442
-0.368442
-0.368598
-0.368755
-0.369303
-0.369616
-0.369929
-0.369694
-0.370085
-0.370398
-0.370633
-0.370711
-0.371259
-0.371259
-0.371494
-0.371885
-0.371964
-0.372277
-0.372355
-0.372825
-0.373138
-0.373294
-0.373451
-0.373607
-0.374234
-0.374077
-0.374312
-0.374468
-0.374625
-0.375095
-0.375173
-0.375095
-0.375642
-0.376112
-0.376112
-0.376425
-0.376973
-0.377130
-0.377051
-0.377443
-0.377834
-0.378069
-0.378225
-0.378460
-0.378617
-0.378930
-0.379086
-0.379321
-0.379712
-0.380026
-0.380339
-0.380652
-0.380652
-0.380730
-0.381356
-0.381826
-0.382061
-0.382374
-0.382452
-0.383000
-0.382921
-0.383078
-0.383548
-0.383626
-0.383782
-0.384174
-0.384330
-0.384409
-0.384800
-0.384722
-0.385191
-0.385504
-0.385817
-0.386052
-0.386287
-0.386287
-0.386757
-0.386992
-0.387305
-0.387774
-0.387774
-0.388087
-0.388322
-0.388557
-0.388792
-0.389261
-0.389183
-0.389653
-0.389888
-0.390514
-0.390279
-0.390983
-0.391062
-0.391062
-0.391531
-0.391766
-0.392001
-0.392236
-0.392783
-0.392783
-0.393331
-0.393410
-0.393644
-0.393958
-0.394505
-0.394427
-0.394740
-0.395210
-0.395288
-0.395679
-0.395914
-0.396227
-0.396462
-0.396384
-0.397088
-0.397245
-0.397480
-0.397793
-0.398106
-0.398341
-0.398341
-0.398732
-0.398654
-0.398889
-0.399358
-0.399515
-0.399906
-0.400141
-0.400376
-0.400689
-0.400924
-0.401393
-0.402019
-0.402332
-0.402332
-0.402802
-0.403115
-0.403193
-0.403506
-0.404054
-0.404133
-0.404133
-0.404524
-0.404915
-0.404915
-0.405150
-0.405307
-0.405463
-0.405855
-0.406089
-0.406402
-0.406637
-0.407107
-0.407263
-0.407185
-0.407890
-0.408124
-0.408281
-0.408672
-0.408985
-0.409220
-0.409611
-0.409768
-0.409925
-0.409925
-0.410238
-0.410472
-0.411099
-0.411255
-0.411803
-0.412038
-0.412194
-0.412507
-0.412742
-0.412977
-0.413134
-0.413682
-0.413838
-0.413760
-0.414229
-0.414621
-0.414699
-0.415090
-0.415482
-0.415951
-0.415951
-0.416108
-0.416499
-0.416812
-0.417047
-0.417438
-0.417595
-0.417830
-0.418065
-0.418221
-0.418691
-0.418847
-0.419160
-0.419552
-0.419708
-0.419708
-0.420100
-0.420491
-0.420413
-0.421195
-0.421508
-0.421587
-0.421978
-0.422448
-0.422526
-0.422761
-0.422996
-0.423152
-0.423309
-0.423857
-0.424013
-0.424404
-0.424561
-0.425109
-0.425109
-0.425344
-0.425657
-0.425735
-0.426205
-0.426361
-0.426674
-0.426831
-0.427379
-0.427692
-0.427927
-0.428005
-0.428318
-0.428631
-0.428944
-0.429101
-0.429414
-0.429727
-0.429805
-0.430275
-0.430275
-0.430744
-0.431136
-0.431449
-0.431762
-0.431840
-0.432388
-0.432545
-0.432701
-0.433014
-0.433171
-0.433327
-0.433719
-0.433953
-0.434345
-0.434423
-0.434893
-0.435127
-0.435206
-0.435362
-0.435441
-0.435988
-0.435988
-0.436693
-0.436928
-0.437162
-0.437554
-0.437867
-0.438180
-0.438493
-0.438650
-0.438650
-0.438728
-0.439197
-0.439824
-0.439745
-0.440137
-0.440372
-0.440685
-0.441546
-0.442015
-0.442328
-0.442641
-0.442563
-0.443033
-0.443033
-0.443581
-0.443581
-0.443894
-0.444128
-0.444363
-0.444833
-0.444833
-0.444989
-0.445381
-0.445616
-0.445850
-0.446242
-0.446790
-0.446790
-0.446868
-0.447103
-0.447494
-0.447494
-0.448042
-0.448198
-0.448825
-0.448668
-0.448981
-0.449373
-0.449607
-0.449764
-0.449999
-0.450155
-0.450390
-0.450938
-0.451408
-0.451799
-0.451799
-0.452190
-0.452425
-0.452738
-0.452660
-0.453051
-0.453364
-0.453521
-0.453912
-0.454225
-0.454460
-0.454773
-0.455086
-0.455556
-0.455634
-0.455791
-0.456104
-0.456417
-0.456495
-0.456965
-0.457356
-0.457591
-0.457904
-0.458452
-0.458608
-0.458921
-0.458921
-0.459235
-0.459469
-0.459782
-0.459939
-0.460487
-0.460409
-0.461113
-0.461191
-0.461504
-0.461974
-0.462365
-0.462522
-0.462600
-0.463226
-0.463383
-0.463461
-0.463852
-0.464087
-0.464713
-0.464713
-0.465105
-0.465261
-0.465418
-0.465418
-0.466201
-0.466279
-0.466514
-0.466905
-0.467218
-0.467531
-0.467609
-0.468001
-0.468549
-0.468627
-0.469018
-0.469331
-0.469410
-0.469879
-0.470271
-0.470349
-0.470662
-0.471053
-0.471132
-0.471445
-0.472149
-0.471993
-0.472540
-0.472619
-0.473558
-0.473480
-0.473636
-0.473871
-0.474262
-0.474575
-0.474810
-0.475123
-0.475906
-0.475515
-0.475828
-0.476219
-0.476532
-0.476610
-0.477002
-0.477393
-0.477471
-0.477628
-0.478176
-0.478098
-0.478802
-0.479272
-0.479585
-0.479663
-0.480289
-0.480367
-0.480524
-0.480837
-0.481541
-0.481541
-0.482246
-0.482324
-0.482481
-0.482872
-0.483029
-0.483498
-0.483968
-0.484124
-0.484437
-0.484594
-0.484829
-0.485142
-0.485533
-0.486081
-0.486159
-0.486316
-0.486786
-0.487099
-0.487099
-0.487803
-0.487803
-0.487960
-0.488273
-0.488742
-0.488977
-0.489134
-0.489368
-0.490073
-0.490229
-0.490386
-0.490856
-0.491169
-0.491482
-0.492108
-0.492186
-0.492421
-0.492656
-0.493047
-0.493204
-0.493595
-0.493986
-0.494065
-0.494456
-0.494847
-0.495473
-0.495473
-0.495865
-0.496413
-0.496334
-0.496726
-0.497117
-0.497117
-0.497743
-0.497900
-0.498291
-0.498369
-0.498604
-0.498996
-0.499309
-0.499465
-0.499700
-0.500326
-0.500561
-0.501031
-0.501031
-0.501500
-0.501578
-0.502126
-0.502596
-0.502596
-0.502831
-0.503144
-0.503535
-0.503848
-0.504005
-0.504318
-0.504396
-0.504788
-0.504866
-0.505022
-0.505570
-0.505805
-0.506353
-0.506666
-0.506979
-0.507136
-0.507605
-0.507684
-0.508231
-0.508231
-0.508701
-0.508779
-0.508936
-0.509249
-0.509640
-0.509797
-0.510266
-0.510501
-0.510658
-0.510971
-0.511440
-0.511519
-0.512145
-0.512301
-0.512771
-0.513162
-0.513319
-0.513632
-0.513867
-0.514571
-0.514728
-0.514650
-0.515354
-0.515276
-0.515511
-0.515745
-0.516137
-0.516137
-0.516763
-0.516763
-0.517232
-0.517467
-0.517624
-0.517937
-0.518093
-0.518407
-0.518407
-0.519111
-0.519346
-0.519737
-0.520207
-0.520520
-0.521068
-0.520911
-0.521537
-0.521772
-0.521616
-0.522320
-0.522398
-0.523103
-0.523181
-0.523729
-0.523807
-0.523964
-0.524433
-0.524512
-0.524825
-0.525216
-0.525294
-0.525999
-0.526077
-0.526468
-0.526781
-0.526860
-0.527329
-0.527564
-0.527877
-0.527799
-0.528190
-0.528582
-0.529051
-0.529364
-0.529286
-0.529677
-0.529834
-0.529912
-0.530382
-0.530695
-0.531086
-0.531556
-0.531712
-0.531791
-0.532339
-0.532573
-0.532730
-0.533121
-0.533513
-0.533826
-0.533669
-0.533982
-0.534687
-0.534687
-0.535078
-0.535078
-0.535548
-0.535939
-0.536252
-0.536409
-0.536800
-0.536878
-0.537191
-0.537583
-0.537504
-0.537896
-0.538209
-0.538678
-0.538991
-0.538991
-0.539461
-0.539852
-0.540009
-0.540322
-0.540400
-0.540870
-0.541183
-0.541574
-0.541809
-0.541966
-0.542592
-0.542748
-0.543061
-0.543296
-0.543531
-0.543688
-0.544001
-0.544079
-0.544470
-0.544705
-0.545410
-0.545723
-0.545801
-0.546427
-0.546505
-0.546740
-0.546975
-0.547445
-0.547366
-0.547836
-0.548306
-0.548227
-0.548540
-0.548932
-0.549088
-0.549245
-0.549714
-0.550027
-0.550262
-0.550654
-0.550810
-0.551358
-0.551358
-0.551671
-0.552297
-0.552454
-0.552689
-0.552767
-0.553315
-0.553393
-0.553471
-0.554019
-0.553941
-0.554489
-0.554880
-0.555272
-0.555193
-0.555741
-0.555898
-0.555976
-0.556289
-0.556680
-0.556915
-0.556915
-0.557541
-0.557463
-0.558011
-0.558246
-0.558481
-0.558794
-0.559029
-0.559342
-0.559655
-0.560124
-0.560203
-0.560594
-0.560907
-0.561298
-0.561768
-0.561846
-0.562159
-0.562707
-0.562629
-0.563255
-0.563412
-0.563960
-0.563960
-0.564507
-0.564742
-0.565290
-0.565368
-0.565447
-0.565916
-0.566308
-0.566386
-0.566542
-0.567012
-0.567325
-0.567560
-0.568030
-0.568186
-0.568264
-0.568577
-0.569047
-0.569908
-0.569830
-0.570065
-0.570534
-0.570534
-0.570769
-0.571004
-0.571630
-0.571787
-0.571865
-0.572491
-0.572882
-0.573117
-0.573430
-0.573665
-0.573743
-0.574056
-0.574526
-0.574526
-0.574917
-0.575152
-0.575465
-0.575935
-0.576248
-0.576404
-0.576796
-0.577109
-0.577500
-0.577735
-0.577892
-0.578283
-0.578596
-0.579144
-0.579379
-0.579457
-0.579535
-0.580005
-0.580318
-0.580788
-0.581335
-0.581414
-0.581414
-0.582040
-0.582275
-0.582509
-0.582666
-0.582979
-0.583214
-0.583997
-0.584153
-0.584388
-0.584623
-0.585092
-0.585092
-0.585249
-0.585640
-0.586266
-0.586032
-0.586579
-0.586893
-0.587127
-0.587675
-0.587910
-0.588145
-0.588536
-0.588928
-0.588928
-0.589241
-0.589475
-0.589789
-0.590180
-0.590493
-0.590806
-0.591119
-0.591197
-0.591510
-0.592058
-0.592450
-0.592685
-0.592763
-0.593154
-0.593389
-0.593937
-0.594093
-0.594328
-0.594798
-0.595111
-0.595111
-0.595737
-0.596207
-0.596598
-0.596833
-0.596989
-0.597068
-0.597381
-0.597459
-0.598007
-0.598555
-0.598711
-0.598868
-0.599572
-0.599651
-0.600198
-0.600668
-0.600668
-0.601059
-0.600903
-0.601607
-0.601686
-0.601999
-0.602468
-0.602703
-0.603173
-0.603486
-0.603955
-0.604268
-0.604660
-0.604738
-0.605129
-0.605129
-0.605521
-0.605677
-0.606303
-0.606225
-0.606460
-0.607008
-0.607321
-0.607869
-0.608104
-0.608417
-0.608730
-0.608886
-0.609591
-0.609591
-0.609826
-0.610295
-0.610060
-0.610687
-0.610765
-0.611156
-0.611391
-0.611861
-0.612174
-0.612565
-0.612800
-0.613113
-0.612956
-0.613348
-0.613739
-0.614130
-0.614600
-0.614991
-0.615148
-0.615305
-0.615774
-0.616244
-0.616400
-0.616792
-0.616870
-0.617105
-0.617496
-0.617653
-0.617574
-0.618279
-0.618827
-0.618983
-0.619375
-0.619531
-0.619844
-0.620001
-0.620470
-0.620862
-0.621175
-0.621331
-0.621644
-0.622192
-0.622271
-0.622740
-0.622818
-0.623210
-0.623601
-0.623758
-0.623758
-0.624306
-0.624462
-0.625010
-0.625323
-0.625558
-0.625558
-0.626106
-0.626497
-0.626419
-0.626732
-0.627123
-0.627436
-0.627906
-0.628376
-0.628376
-0.628767
-0.629002
-0.629158
-0.629628
-0.630019
-0.630254
-0.630724
-0.630724
-0.631037
-0.631193
-0.631272
-0.632054
-0.631898
-0.632289
-0.632524
-0.632993
-0.633150
-0.633463
-0.633854
-0.634168
-0.634168
-0.634481
-0.634794
-0.635107
-0.635576
-0.635811
-0.636203
-0.636437
-0.636594
-0.637220
-0.637220
-0.637455
-0.638003
-0.638003
-0.638472
-0.638864
-0.639177
-0.639333
-0.639412
-0.639725
-0.640038
-0.640429
-0.640664
-0.641212
-0.641603
-0.641838
-0.642073
-0.642229
-0.642621
-0.642699
-0.643090
-0.643403
-0.643638
-0.644030
-0.644264
-0.644499
-0.644890
-0.644969
-0.645517
-0.645751
-0.645908
-0.646299
-0.646691
-0.646769
-0.647317
-0.647317
-0.647786
