-0.535626
-0.535939
-0.536252
-0.536722
-0.537113
-0.537270
-0.537426
-0.537426
-0.537896
-0.538209
-0.538444
-0.538991
-0.539070
-0.539618
-0.539696
-0.540244
-0.540713
-0.540870
-0.540948
-0.541183
-0.541340
-0.541731
-0.542122
-0.542514
-0.542827
-0.543296
-0.543296
-0.543688
-0.544001
-0.544157
-0.544314
-0.544705
-0.544705
-0.544940
-0.545018
-0.545644
-0.545879
-0.546192
-0.546740
-0.547132
-0.547366
-0.547288
-0.547679
-0.548462
-0.548384
-0.548540
-0.549167
-0.549245
-0.549323
-0.549714
-0.549949
-0.550419
-0.550341
-0.551123
-0.551358
-0.551436
-0.551984
-0.552454
-0.552376
-0.552845
-0.553158
-0.553158
-0.553471
-0.553784
-0.554411
-0.554489
-0.554724
-0.554802
-0.555115
-0.555741
-0.555819
-0.555898
-0.555976
-0.556759
-0.556915
-0.556915
-0.557541
-0.557854
-0.558402
-0.558794
-0.558872
-0.559029
-0.559420
-0.559498
-0.560046
-0.560750
-0.560907
-0.561298
-0.561690
-0.562003
-0.562238
-0.562472
-0.562707
-0.562942
-0.563099
-0.563646
-0.563960
-0.564194
-0.564429
-0.564586
-0.565134
-0.565603
-0.565525
-0.566073
-0.566308
-0.566308
-0.566934
-0.566856
-0.567325
-0.567482
-0.567951
-0.567951
-0.568264
-0.568812
-0.568969
-0.569204
-0.569282
-0.569986
-0.569830
-0.570299
-0.570534
-0.570769
-0.571395
-0.571473
-0.571787
-0.572178
-0.572491
-0.572804
-0.573039
-0.573508
-0.573822
-0.574213
-0.574369
-0.574604
-0.574996
-0.575152
-0.575543
-0.575935
-0.575935
-0.576248
-0.576483
-0.577109
-0.577109
-0.577422
-0.577735
-0.578205
-0.578518
-0.578596
-0.578909
-0.579066
-0.579222
-0.579692
-0.579770
-0.580318
-0.580788
-0.580944
-0.581492
-0.581492
-0.581805
-0.582196
-0.582588
-0.582823
-0.583136
-0.582979
-0.583762
-0.583840
-0.584153
-0.584466
-0.584779
-0.585249
-0.585719
-0.585797
-0.586345
-0.586266
-0.586736
-0.587049
-0.587206
-0.587519
-0.587754
-0.588223
-0.588536
-0.588928
-0.589397
-0.589554
-0.589710
-0.589945
-0.590415
-0.590415
-0.590728
-0.591041
-0.591432
-0.591667
-0.592215
-0.592371
-0.592763
-0.593076
-0.593546
-0.593937
-0.594093
-0.594328
-0.594563
-0.594798
-0.595346
-0.595502
-0.595815
-0.595894
-0.596207
-0.596989
-0.597068
-0.597224
-0.597537
-0.597929
-0.598085
-0.598555
-0.598868
-0.599181
-0.599259
-0.599651
-0.600198
-0.600198
-0.600825
-0.601138
-0.601764
-0.601999
-0.602077
-0.602077
-0.602468
-0.602938
-0.603407
-0.603407
-0.603407
-0.604268
-0.604503
-0.604816
-0.605208
-0.605599
-0.605756
-0.605912
-0.606303
-0.606538
-0.606930
-0.607321
-0.607634
-0.607712
-0.608338
-0.608417
-0.608886
-0.608965
-0.609199
-0.609747
-0.609669
-0.610139
-0.610374
-0.610608
-0.611156
-0.611156
-0.611548
-0.611704
-0.612174
-0.612409
-0.613035
-0.612956
-0.613426
-0.613583
-0.613974
-0.614287
-0.614600
-0.614835
-0.615226
-0.615539
-0.615696
-0.616087
-0.616322
-0.616792
-0.617105
-0.617105
-0.617574
-0.617809
-0.617809
-0.618044
-0.618279
-0.618592
-0.618670
-0.619140
-0.619609
-0.619766
-0.620079
-0.620314
-0.620783
-0.620862
-0.621879
-0.621801
-0.622114
-0.622192
-0.622427
-0.622897
-0.623366
-0.623758
-0.623679
-0.624149
-0.624462
-0.624775
-0.624932
-0.625558
-0.625558
-0.625871
-0.626497
-0.626419
-0.627045
-0.627515
-0.627984
-0.628062
-0.628376
-0.628610
-0.628923
-0.629393
-0.629706
-0.629706
-0.629941
-0.630254
-0.630567
-0.630489
-0.631115
-0.631193
-0.631663
-0.632054
-0.632446
-0.632602
-0.632993
-0.633307
-0.633463
-0.633776
-0.633933
-0.634324
-0.634559
-0.634715
-0.635263
-0.635263
-0.635576
-0.636046
-0.636281
-0.636437
-0.636907
-0.637142
-0.637377
-0.637611
-0.638003
-0.638316
-0.638159
-0.638629
-0.638551
-0.639020
-0.639177
-0.639725
-0.640194
-0.640507
-0.640820
-0.640820
-0.641134
-0.641525
-0.642229
-0.642386
-0.642464
-0.643090
-0.643325
-0.643716
-0.644108
-0.644343
-0.644264
-0.644656
-0.645517
-0.645360
-0.645204
-0.645908
-0.645986
-0.646378
-0.646456
-0.646926
-0.647239
-0.647395
-0.647786
-0.648100
-0.648413
-0.648647
-0.648726
-0.649274
-0.649665
-0.649900
-0.649978
-0.650291
-0.650682
-0.650761
-0.651230
-0.651387
-0.651778
-0.652170
-0.652561
-0.652796
-0.653031
-0.653187
-0.653657
-0.653813
-0.654205
-0.654439
-0.654674
-0.654909
-0.655144
-0.655300
-0.655613
-0.656161
-0.656083
-0.656240
-0.656787
-0.657101
-0.657805
-0.657414
-0.657883
-0.657962
-0.657883
-0.658196
-0.658118
-0.657648
-0.657727
-0.657805
-0.657805
-0.657570
-0.657414
-0.657257
-0.657101
-0.657101
-0.656944
-0.656709
-0.656396
-0.656083
-0.655770
-0.655692
-0.655379
-0.655222
-0.654831
-0.654596
-0.654439
-0.654126
-0.653813
-0.653500
-0.653187
-0.652796
-0.652561
-0.652483
-0.652170
-0.651700
-0.651387
-0.651152
-0.651074
-0.650682
-0.650213
-0.649978
-0.649430
-0.649195
-0.648961
-0.648491
-0.648413
-0.647630
-0.647630
-0.647317
-0.646769
-0.646769
-0.646534
-0.646143
-0.645986
-0.645517
-0.645204
-0.644969
-0.644577
-0.644421
-0.644108
-0.643716
-0.643403
-0.643325
-0.642777
-0.642464
-0.642308
-0.642073
-0.641290
-0.641055
-0.640586
-0.640351
-0.640194
-0.639725
-0.639490
-0.639099
-0.638472
-0.638159
-0.637533
-0.637142
-0.637064
-0.636750
-0.636437
-0.636046
-0.635889
-0.635498
-0.634950
-0.634637
-0.634481
-0.633854
-0.633463
-0.633228
-0.632759
-0.632837
-0.632289
-0.631976
-0.631663
-0.631272
-0.630724
-0.630645
-0.629941
-0.629706
-0.629471
-0.629002
-0.628689
-0.628454
-0.628219
-0.628062
-0.627749
-0.627436
-0.627045
-0.626575
-0.626184
-0.625949
-0.625714
-0.625245
-0.624775
-0.624853
-0.624149
-0.623836
-0.623523
-0.623366
-0.622897
-0.622662
-0.622662
-0.621879
-0.621801
-0.621410
-0.620940
-0.620862
-0.620549
-0.620001
-0.619844
-0.619296
-0.619140
-0.618827
-0.618435
-0.617966
-0.617574
-0.617261
-0.616870
-0.616557
-0.616479
-0.615931
-0.615618
-0.615539
-0.615070
-0.614835
-0.614835
-0.614130
-0.614130
-0.613583
-0.613113
-0.612878
-0.612409
-0.612409
-0.612409
-0.612017
-0.611469
-0.611000
-0.610452
-0.610295
-0.609826
-0.609904
-0.609513
-0.609121
-0.608495
-0.608417
-0.608104
-0.607947
-0.607399
-0.606773
-0.606851
-0.606382
-0.606303
-0.605677
-0.605599
-0.605286
-0.604816
-0.604268
-0.604034
-0.603877
-0.603564
-0.603251
-0.602938
-0.602312
-0.601999
-0.601764
-0.601059
-0.600825
-0.600512
-0.600042
-0.599572
-0.599416
-0.598946
-0.598633
-0.598398
-0.597929
-0.597850
-0.597302
-0.597068
-0.596833
-0.596598
-0.596128
-0.595659
-0.595502
-0.595111
-0.594954
-0.594641
-0.594172
-0.593624
-0.593702
-0.593232
-0.592998
-0.592371
-0.592137
-0.591667
-0.591667
-0.591432
-0.590728
-0.590493
-0.590415
-0.589789
-0.589632
-0.589475
-0.589084
-0.588536
-0.588145
-0.588067
-0.587440
-0.587206
-0.586893
-0.586501
-0.586188
-0.586110
-0.585797
-0.585249
-0.584858
-0.584623
-0.584388
-0.583918
-0.583840
-0.583449
-0.583057
-0.582901
-0.582353
-0.582040
-0.581805
-0.581179
-0.581022
-0.580709
-0.580318
-0.579848
-0.579535
-0.579379
-0.578753
-0.578518
-0.578439
-0.577970
-0.577813
-0.577265
-0.576796
-0.576639
-0.576248
-0.576170
-0.576013
-0.575622
-0.575230
-0.574839
-0.574682
-0.574056
-0.573743
-0.573822
-0.573039
-0.572804
-0.572491
-0.572256
-0.571865
-0.571787
-0.571082
-0.570847
-0.570612
-0.570143
-0.569751
-0.569282
-0.568812
-0.568891
-0.568343
-0.568186
-0.567795
-0.567325
-0.567012
-0.566621
-0.566386
-0.565916
-0.566151
-0.565290
-0.565447
-0.564664
-0.564507
-0.564116
-0.563803
-0.563803
-0.563412
-0.563020
-0.562707
-0.562394
-0.561846
-0.561768
-0.560985
-0.560829
-0.560281
-0.559968
-0.559811
-0.559576
-0.559342
-0.559029
-0.558402
-0.557933
-0.557620
-0.557150
-0.556994
-0.556837
-0.556446
-0.555898
-0.555585
-0.555585
-0.555193
-0.555037
-0.554724
-0.554176
-0.553706
-0.553315
-0.553158
-0.552689
-0.552454
-0.552141
-0.551828
-0.551515
-0.551202
-0.550732
-0.550341
-0.550262
-0.549871
-0.549636
-0.549245
-0.549088
-0.548775
-0.548306
-0.547914
-0.547445
-0.547445
-0.547210
-0.546662
-0.546114
-0.546036
-0.545410
-0.545097
-0.545018
-0.544549
-0.544470
-0.544236
-0.543922
-0.543453
-0.543140
-0.542748
-0.542514
-0.542279
-0.541887
-0.541105
-0.540713
-0.540244
-0.539852
-0.539774
-0.539461
-0.539226
-0.538757
-0.538913
-0.538365
-0.538052
-0.537504
-0.537426
-0.536800
-0.536565
-0.536252
-0.536095
-0.535469
-0.535156
-0.535156
-0.534765
-0.534217
-0.534139
-0.533982
-0.533591
-0.533121
-0.532886
-0.532339
-0.532260
-0.531556
-0.531478
-0.531086
-0.530538
-0.530382
-0.529912
-0.529677
-0.529286
-0.529129
-0.528816
-0.528112
-0.528034
-0.527642
-0.527094
-0.526860
-0.526938
-0.526390
-0.525920
-0.525529
-0.525216
-0.524981
-0.524746
-0.524198
-0.524120
-0.523729
-0.523572
-0.522946
-0.522477
-0.522242
-0.521929
-0.521459
-0.521146
-0.520755
-0.520050
-0.520207
-0.519894
-0.519346
-0.519267
-0.518641
-0.518250
-0.518093
-0.517937
-0.517467
-0.517232
-0.516685
-0.516371
-0.516137
-0.515511
-0.515197
-0.515041
-0.514728
-0.514102
-0.514180
-0.514023
-0.513710
-0.513241
-0.512771
-0.512693
-0.512536
-0.511910
-0.511754
-0.511597
-0.510971
-0.510501
-0.510266
-0.509953
-0.509405
-0.509249
-0.509014
-0.508466
-0.507997
-0.507762
-0.507684
-0.507214
-0.507214
-0.506666
-0.506509
-0.506118
-0.505492
-0.505335
-0.505022
-0.504866
-0.504474
-0.503927
-0.503927
-0.503770
-0.503300
-0.502987
-0.502439
-0.502283
-0.502048
-0.501735
-0.501187
-0.500874
-0.500796
-0.500404
-0.499700
-0.499622
-0.499309
-0.498839
-0.498448
-0.498291
-0.497743
-0.497430
-0.497117
-0.496804
-0.496569
-0.496021
-0.495630
-0.495630
-0.494926
-0.494691
-0.494378
-0.494299
-0.493830
-0.493517
-0.493438
-0.493047
-0.492734
-0.492186
-0.492108
-0.491795
-0.491247
-0.491012
-0.490621
-0.490229
-0.489995
-0.489995
-0.489525
-0.489212
-0.488977
-0.488664
-0.488273
-0.487881
-0.487490
-0.487255
-0.487177
-0.486472
-0.486316
-0.486238
-0.486003
-0.485533
-0.485298
-0.484829
-0.484359
-0.484359
-0.483733
-0.483342
-0.482950
-0.482950
-0.482481
-0.481855
-0.481698
-0.481307
-0.480994
-0.480837
-0.480133
-0.479898
-0.479663
-0.479428
-0.478959
-0.478567
-0.478567
-0.478411
-0.477863
-0.477550
-0.477158
-0.477237
-0.476532
-0.476454
-0.475515
-0.475515
-0.475358
-0.474967
-0.474497
-0.474184
-0.473949
-0.473636
-0.473323
-0.472775
-0.472540
-0.472227
-0.472227
-0.471601
-0.471210
-0.470662
-0.470662
-0.470662
-0.470114
-0.469879
-0.469801
-0.469175
-0.468940
-0.468314
-0.468079
-0.467688
-0.467531
-0.467062
-0.466983
-0.466592
-0.466435
-0.465653
-0.465731
-0.465496
-0.464948
-0.464870
-0.464792
-0.464244
-0.464087
-0.463774
-0.463383
-0.462991
-0.462835
-0.462131
-0.462131
-0.461739
-0.461348
-0.460878
-0.460800
-0.460330
-0.460174
-0.459861
-0.459469
-0.459313
-0.459078
-0.458374
-0.458452
-0.457904
-0.457669
-0.457200
-0.457200
-0.456730
-0.456495
-0.455712
-0.455791
-0.455321
-0.454773
-0.454695
-0.454225
-0.453990
-0.453599
-0.453521
-0.453208
-0.452738
-0.452347
-0.452034
-0.451955
-0.451877
-0.451642
-0.451094
-0.450860
-0.450468
-0.450468
-0.450077
-0.449451
-0.449216
-0.448903
-0.448746
-0.448355
-0.448042
-0.447964
-0.447416
-0.447416
-0.446868
-0.446555
-0.446398
-0.446085
-0.445694
-0.445459
-0.445146
-0.444911
-0.444285
-0.444128
-0.443659
-0.443346
-0.443189
-0.443033
-0.442720
-0.442485
-0.441937
-0.441702
-0.441232
-0.440058
-0.439980
-0.440137
-0.439824
-0.439354
-0.438884
-0.438806
-0.438415
-0.438415
-0.438180
-0.437789
-0.437319
-0.437162
-0.436693
-0.436301
-0.436067
-0.435519
-0.435284
-0.435049
-0.434736
-0.434423
-0.434032
-0.433953
-0.433406
-0.433092
-0.432936
-0.432466
-0.432153
-0.431997
-0.431605
-0.431136
-0.430823
-0.430275
-0.430040
-0.430040
-0.429649
-0.429257
-0.429101
-0.428475
-0.428475
-0.428083
-0.427692
-0.427379
-0.427144
-0.426987
-0.426596
-0.426205
-0.425735
-0.425579
-0.425187
-0.425265
-0.424718
-0.424170
-0.424091
-0.423700
-0.423230
-0.422917
-0.422604
-0.421978
-0.421822
-0.421352
-0.421195
-0.420882
-0.420334
-0.420100
-0.419943
-0.419473
-0.419160
-0.418847
-0.418378
-0.418299
-0.417908
-0.417125
-0.417125
-0.416891
-0.416499
-0.416108
-0.416108
-0.415482
-0.415247
-0.414934
-0.414542
-0.414621
-0.414073
-0.413995
-0.413447
-0.413368
-0.412664
-0.412586
-0.412273
-0.412116
-0.411960
-0.411412
-0.411412
-0.410707
-0.410551
-0.410238
-0.409533
-0.409377
-0.408907
-0.408437
-0.408281
-0.408281
-0.408046
-0.407420
-0.407185
-0.406950
-0.406481
-0.406324
-0.405933
-0.405776
-0.405776
-0.404994
-0.404759
-0.404367
-0.404211
-0.403898
-0.403585
-0.402802
-0.402959
-0.402489
-0.402489
-0.401941
-0.401628
-0.400767
-0.400141
-0.399828
-0.399515
-0.399515
-0.399045
-0.398967
-0.398262
-0.398028
-0.397793
-0.397636
-0.397167
-0.396932
-0.396227
-0.396462
-0.396071
-0.395758
-0.395679
-0.395053
-0.394584
-0.394662
-0.394271
-0.393879
-0.393097
-0.393331
-0.392705
-0.392470
-0.392001
-0.391923
-0.391609
-0.391140
-0.391375
-0.390827
-0.390514
-0.390357
-0.389888
-0.389418
-0.389261
-0.389183
-0.388792
-0.388322
-0.387852
-0.387618
-0.387461
-0.387383
-0.386913
-0.386444
-0.386444
-0.386131
-0.385896
-0.385113
-0.384957
-0.384330
-0.384330
-0.384017
-0.383782
-0.383469
-0.383156
-0.383156
-0.382608
-0.382452
-0.382061
-0.381904
-0.381826
-0.381200
-0.380730
-0.380495
-0.379869
-0.379399
-0.379321
-0.379008
-0.378538
-0.378460
-0.378695
-0.377756
-0.377443
-0.377286
-0.377051
-0.376582
-0.376347
-0.376112
-0.375721
-0.375877
-0.375251
-0.374860
-0.374390
-0.374312
-0.373999
-0.373764
-0.373294
-0.372981
-0.372512
-0.372433
-0.372277
-0.371729
-0.371572
-0.371181
-0.370868
-0.370711
-0.370555
-0.370007
-0.369929
-0.369303
-0.369146
-0.368911
-0.368520
-0.368207
-0.368207
-0.367659
-0.367189
-0.367268
-0.367111
-0.367111
-0.365937
-0.366172
-0.365624
-0.365154
-0.364685
-0.364606
-0.364293
-0.363980
-0.363745
-0.363511
-0.363276
-0.362963
-0.362728
-0.362650
-0.362258
-0.362180
-0.361554
-0.361162
-0.360693
-0.359832
-0.360380
-0.359597
-0.359362
-0.359284
-0.359127
-0.358267
-0.358267
-0.358110
-0.357719
-0.357249
-0.357249
-0.356858
-0.356623
-0.356310
-0.356153
-0.355684
-0.355684
-0.355214
-0.355057
-0.354823
-0.354666
-0.354118
-0.353727
-0.353257
-0.353257
-0.352866
-0.352553
-0.352318
-0.352396
-0.351614
-0.351379
-0.351300
-0.350753
-0.350674
-0.350361
-0.349813
-0.349579
-0.349187
-0.348952
-0.348718
-0.348639
-0.348718
-0.348248
-0.348091
-0.347465
-0.347152
-0.347074
-0.346839
-0.346213
-0.345978
-0.345978
-0.345352
-0.345039
-0.344804
-0.344491
-0.344334
-0.343943
-0.343552
-0.343552
-0.343160
-0.343004
-0.342534
-0.342378
-0.341908
-0.341517
-0.341282
-0.340812
-0.340812
-0.340656
-0.340499
-0.340264
-0.339873
-0.339403
-0.338934
-0.338308
-0.338073
-0.337838
-0.337682
-0.337525
-0.337212
-0.336977
-0.336742
-0.336429
-0.336194
-0.335803
-0.335412
-0.334786
-0.334472
-0.334472
-0.334316
-0.334081
-0.333690
-0.333612
-0.333064
-0.332672
-0.332359
-0.332203
-0.331890
-0.331733
-0.331185
-0.330794
-0.330794
-0.330402
-0.330402
-0.330011
-0.329463
-0.329698
-0.329072
-0.328915
-0.328524
-0.328133
-0.328054
-0.327663
-0.327506
-0.326959
-0.326802
-0.326489
-0.326332
-0.325941
-0.325785
-0.325393
-0.325315
-0.324767
-0.324610
-0.324376
-0.323671
-0.323671
-0.323515
-0.322732
-0.322654
-0.322341
-0.322262
-0.321793
-0.321871
-0.321323
-0.321167
-0.320854
-0.320227
-0.319836
-0.319836
-0.319366
-0.319445
-0.318897
-0.318505
-0.318505
-0.318114
-0.317566
-0.317331
-0.316940
-0.316862
-0.316392
-0.316001
-0.315923
-0.315531
-0.315453
-0.314905
-0.314983
-0.314514
-0.314435
-0.313809
-0.313496
-0.312870
-0.312713
-0.312635
-0.312244
-0.312244
-0.312009
-0.311774
-0.311618
-0.311226
-0.310913
-0.310600
-0.310131
-0.310209
-0.309583
-0.309191
-0.308722
-0.308487
-0.308252
-0.307782
-0.307939
-0.307704
-0.307078
-0.307156
-0.306374
-0.306139
-0.306139
-0.305669
-0.305591
-0.304887
-0.305043
-0.304495
-0.304260
-0.304026
-0.303869
-0.303556
-0.303243
-0.302773
-0.302930
-0.302460
-0.302304
-0.302069
-0.301677
-0.301756
-0.300973
-0.301051
-0.300503
-0.300112
-0.300034
-0.299721
-0.299173
-0.299173
-0.298860
-0.298625
-0.298312
-0.298312
-0.297607
-0.297529
-0.297294
-0.297138
-0.296746
-0.296433
-0.295807
-0.295729
-0.295416
-0.295103
-0.294946
-0.294711
-0.294320
-0.294242
-0.293616
-0.293459
-0.293303
-0.292911
-0.292833
-0.292676
-0.292363
-0.291972
-0.291737
-0.291502
-0.291111
-0.291033
-0.290876
-0.290563
-0.289937
-0.289389
-0.289389
-0.289154
-0.288998
-0.288528
-0.288293
-0.287902
-0.287902
-0.287432
-0.287432
-0.286571
-0.286415
-0.286102
-0.286023
-0.285710
-0.285554
-0.285397
-0.285006
-0.284849
-0.284380
-0.283988
-0.283597
-0.283675
-0.283754
-0.283128
-0.283049
-0.282658
-0.282580
-0.282267
-0.281953
-0.281719
-0.281249
-0.280858
-0.280388
-0.280232
-0.279840
-0.279605
-0.279292
-0.279292
-0.278901
-0.278510
-0.278431
-0.278118
-0.277883
-0.277727
-0.277414
-0.277101
-0.276788
-0.276553
-0.276083
-0.276161
-0.275927
-0.275770
-0.275457
-0.275457
-0.275144
-0.274831
-0.274361
-0.273970
-0.273500
-0.273422
-0.273109
-0.273109
-0.272952
-0.272796
-0.272561
-0.272013
-0.271700
-0.271622
-0.271309
-0.271230
-0.270761
-0.270604
-0.270213
-0.269978
-0.269743
-0.269430
-0.269039
-0.269039
-0.268648
-0.268569
-0.268335
-0.267943
-0.267787
-0.267630
-0.267474
-0.267082
-0.266847
-0.266456
-0.266221
-0.266065
-0.265830
-0.265517
-0.265595
-0.265125
-0.264969
-0.264656
-0.264499
-0.264421
-0.263951
-0.263873
-0.263951
-0.263169
-0.262621
-0.262621
-0.262386
-0.261995
-0.261603
-0.261447
-0.261290
-0.261212
-0.260821
-0.260664
-0.260429
-0.260038
-0.259647
-0.259568
-0.259412
-0.259177
-0.258942
-0.258316
-0.258473
-0.258159
-0.258003
-0.257690
-0.257455
-0.257298
-0.256751
-0.256438
-0.256124
-0.256203
-0.255733
-0.255890
-0.255420
-0.255263
-0.255107
-0.254794
-0.254716
-0.254246
-0.254011
-0.253698
-0.253620
-0.253463
-0.253072
-0.252994
-0.252681
-0.252289
-0.252289
-0.252211
-0.251585
-0.251350
-0.251193
-0.250880
-0.250646
-0.250567
-0.250332
-0.250098
-0.249628
-0.249628
-0.249315
-0.249237
-0.249158
-0.248845
-0.248454
-0.248376
-0.248141
-0.247984
-0.247750
-0.247515
-0.247202
-0.247045
-0.246967
-0.246810
-0.246497
-0.246262
-0.245949
-0.245558
-0.245245
-0.244932
-0.244932
-0.244540
-0.244384
-0.244697
-0.244462
-0.244306
-0.243836
-0.243758
-0.243210
-0.243210
-0.242897
-0.242740
-0.242271
-0.242192
-0.241723
-0.242036
-0.241645
-0.241175
-0.241018
-0.240627
-0.240392
-0.240079
-0.239923
-0.239140
-0.239296
-0.239062
-0.238827
-0.238905
-0.238983
-0.238827
-0.238435
-0.237966
-0.237809
-0.237731
-0.237496
-0.237261
-0.236870
-0.236635
-0.236792
-0.236322
-0.236244
-0.236009
-0.235774
-0.235539
-0.235070
-0.234992
-0.234835
-0.234522
-0.234522
-0.234131
-0.233974
-0.234052
-0.233739
-0.233583
-0.233426
-0.233113
-0.232800
-0.232565
-0.232487
-0.232174
-0.231861
-0.232096
-0.231469
-0.231391
-0.231156
-0.231078
-0.230765
-0.230452
-0.230061
-0.229982
-0.230139
-0.229669
-0.229669
-0.229434
-0.229043
-0.229043
-0.228887
-0.228808
-0.228573
-0.227869
-0.227869
-0.227478
-0.227243
-0.227008
-0.227008
-0.226852
-0.226538
-0.226695
-0.226382
-0.226225
-0.225834
-0.225991
-0.225599
-0.225286
-0.225051
-0.224973
-0.224660
-0.224503
-0.224582
-0.224269
-0.224347
-0.223956
-0.223799
-0.223329
-0.223016
-0.222938
-0.222860
-0.222703
-0.222625
-0.222625
-0.222468
-0.222312
-0.222077
-0.221686
-0.221607
-0.221294
-0.221216
-0.221216
-0.220903
-0.220512
-0.220512
-0.220277
-0.220355
-0.220277
-0.219729
-0.219651
-0.219572
-0.219416
-0.218946
-0.218946
-0.218477
-0.218555
-0.218398
-0.218242
-0.218007
-0.217850
-0.217459
-0.217537
-0.217303
-0.217068
-0.216990
-0.216598
-0.216207
-0.216442
-0.216442
-0.216363
-0.215972
-0.215894
-0.215581
-0.215346
-0.215268
-0.214955
-0.214876
-0.214955
-0.214485
-0.214563
-0.214407
-0.214485
-0.214015
-0.213702
-0.213702
-0.213780
-0.213624
-0.213311
-0.213389
-0.213076
-0.212685
-0.212919
-0.212450
-0.212528
-0.212450
-0.212137
-0.212293
-0.211902
-0.211980
-0.211824
-0.211432
-0.211119
-0.211198
-0.211198
-0.210806
-0.210650
-0.210650
-0.210337
-0.210258
-0.210102
-0.210180
-0.209789
-0.209476
-0.209632
-0.209476
-0.209319
-0.209241
-0.209163
-0.208849
-0.209006
-0.208771
-0.208771
-0.208458
-0.208302
-0.208223
-0.208067
-0.207910
-0.208067
-0.207597
-0.207675
-0.207597
-0.207362
-0.207049
-0.206971
-0.206893
-0.206580
-0.206658
-0.206345
-0.206423
-0.206032
-0.205797
-0.206032
-0.206188
-0.205953
-0.205953
-0.205562
-0.205171
-0.205171
-0.205249
-0.205171
-0.205093
-0.205014
-0.204936
-0.204779
-0.204858
-0.204779
-0.204466
-0.204075
-0.204310
-0.203762
-0.203840
-0.203997
-0.203684
-0.203527
-0.203371
-0.203605
-0.203371
-0.203449
-0.203058
-0.202901
-0.202823
-0.202588
-0.202823
-0.202744
-0.202744
-0.202823
-0.202588
-0.202431
-0.202431
-0.202353
-0.202275
-0.201962
-0.202040
-0.201962
-0.201649
-0.201727
-0.201570
-0.201727
-0.201492
-0.201336
-0.201101
-0.201101
-0.200709
-0.200944
-0.201022
-0.200631
-0.200709
-0.200709
-0.200631
-0.200631
-0.200709
-0.200475
-0.200475
-0.200083
-0.200083
-0.199927
-0.200318
-0.200083
-0.199770
-0.199614
-0.200005
-0.200083
-0.200083
-0.199457
-0.199535
-0.199535
-0.199222
-0.199301
-0.199222
-0.199066
-0.198831
-0.199144
-0.198831
-0.198909
-0.198909
-0.198674
-0.198596
-0.198674
-0.198753
-0.198831
-0.198440
-0.198674
-0.198283
-0.198205
-0.198909
-0.198518
-0.198361
-0.198518
-0.198361
-0.197970
-0.197735
-0.197892
-0.197892
-0.198048
-0.198205
-0.197970
-0.198127
-0.197813
-0.197970
-0.197813
-0.198048
-0.197735
-0.198048
-0.197892
-0.197970
-0.198048
-0.198048
-0.198127
-0.198205
-0.198205
-0.197970
-0.198048
-0.197892
-0.198048
-0.197813
-0.198127
-0.197970
-0.198283
-0.198205
-0.198048
-0.198283
-0.197970
-0.197657
-0.197657
-0.197500
-0.197970
-0.197735
-0.198127
-0.197970
-0.198205
-0.198283
-0.198048
-0.197892
-0.197813
-0.197892
-0.197657
-0.197735
-0.197892
-0.198048
-0.197892
-0.197892
-0.198205
-0.198048
-0.198127
-0.197970
-0.197892
-0.197500
-0.197657
-0.197657
-0.197579
-0.198127
-0.198283
-0.198440
-0.198440
-0.198205
-0.197970
-0.197892
-0.197735
-0.197892
-0.198283
-0.197892
-0.198048
-0.198127
-0.198753
-0.198361
-0.198753
-0.198205
-0.198205
-0.198361
-0.198361
-0.198440
-0.198596
-0.198596
-0.198753
-0.198596
-0.198753
-0.198987
-0.198753
-0.198831
-0.198753
-0.198596
-0.198831
-0.198831
-0.198909
-0.198909
-0.199222
-0.199144
-0.199614
-0.199379
-0.199222
-0.199066
-0.199379
-0.199457
-0.199379
-0.199614
-0.199692
-0.200083
-0.199848
-0.200083
-0.200005
-0.199457
-0.199535
-0.199770
-0.200005
-0.200083
-0.199770
-0.200240
-0.200318
-0.200396
-0.200475
-0.200396
-0.200240
-0.200005
-0.200162
-0.200475
-0.200866
-0.200944
-0.200788
-0.200631
-0.201022
-0.200788
-0.200866
-0.201022
-0.201101
-0.200709
-0.201179
-0.201022
-0.201414
-0.201336
-0.201805
-0.201336
-0.201805
-0.201883
-0.201649
-0.201492
-0.201805
-0.201883
-0.201883
-0.202197
-0.202275
-0.201962
-0.202275
-0.202040
-0.202353
-0.202197
-0.202275
-0.202431
-0.202431
-0.202431
-0.202431
-0.202510
-0.202588
-0.202901
-0.202588
-0.202823
-0.202901
-0.202979
-0.202901
-0.203058
-0.203136
-0.203136
-0.202901
-0.203214
-0.203136
-0.203292
-0.203292
-0.203136
-0.203292
-0.203449
-0.203605
-0.203527
-0.203527
-0.203371
-0.203371
-0.203449
-0.203527
-0.203762
-0.203527
-0.203762
-0.203762
-0.203840
-0.203918
-0.204153
-0.203840
-0.204075
-0.203762
-0.203840
-0.203918
-0.203997
-0.204075
-0.204232
-0.204310
-0.204153
-0.204075
-0.203997
-0.204466
-0.204232
-0.203997
-0.204232
-0.204232
-0.204153
-0.204466
-0.204466
-0.204779
-0.204310
-0.204466
-0.204623
-0.204623
-0.204545
-0.204545
-0.204388
-0.204545
-0.204623
-0.204388
-0.204545
-0.204388
-0.204388
-0.204232
-0.204232
-0.204153
-0.204310
-0.204466
-0.204232
-0.204310
-0.203997
-0.204153
-0.204153
-0.204232
-0.204232
-0.203918
-0.203918
-0.204075
-0.203684
-0.203918
-0.203684
-0.204075
-0.203840
-0.203684
-0.203449
-0.203527
-0.203684
-0.203527
-0.203449
-0.203527
-0.203214
-0.203684
-0.203371
-0.203605
-0.203292
-0.203292
-0.203136
-0.202901
-0.202901
-0.202901
-0.202666
-0.202666
-0.202431
-0.202510
-0.202744
-0.202118
-0.202275
-0.202040
-0.202040
-0.201805
-0.201727
-0.201414
-0.201492
-0.201101
-0.201101
-0.200866
-0.200866
-0.200788
-0.200631
-0.200475
-0.199927
-0.200240
-0.199692
-0.200005
-0.199457
-0.199535
-0.199222
-0.199066
-0.198674
-0.198440
-0.198283
-0.198440
-0.198283
-0.198283
-0.198048
-0.197579
-0.197657
-0.197187
-0.197266
-0.197031
-0.196405
-0.196561
-0.196405
-0.196091
-0.195935
-0.195935
-0.195622
-0.195544
-0.195309
-0.195152
-0.194683
-0.194370
-0.194291
-0.193900
-0.193900
-0.193587
-0.193430
-0.193117
-0.192961
-0.192882
-0.192413
-0.192100
-0.191787
-0.191787
-0.191630
-0.191160
-0.190926
-0.190691
-0.190221
-0.190143
-0.189752
-0.189360
-0.188891
-0.188656
-0.187951
-0.187873
-0.187638
-0.187325
-0.186934
-0.186464
-0.186386
-0.185916
-0.185447
-0.185212
-0.184508
-0.184742
-0.184273
-0.183881
-0.183490
-0.183334
-0.183177
-0.182629
-0.182629
-0.182159
-0.181612
-0.180985
-0.180907
-0.180281
-0.179655
-0.179498
-0.179263
-0.178403
-0.178089
-0.178011
-0.177542
-0.176994
-0.176602
-0.176368
-0.175898
-0.175585
-0.175037
-0.174646
-0.174254
-0.173706
-0.173237
-0.172611
-0.172454
-0.171906
-0.171671
-0.171123
-0.170262
-0.170106
-0.169558
-0.169010
-0.169010
-0.168306
-0.167680
-0.167210
-0.166662
-0.166349
-0.165645
-0.165097
-0.164940
-0.164236
-0.163923
-0.163531
-0.162827
-0.162044
-0.161888
-0.161340
-0.160557
-0.159539
-0.159070
-0.158835
-0.158444
-0.157739
-0.156878
-0.156330
-0.155783
-0.155391
-0.154687
-0.154217
-0.153591
-0.153200
-0.152652
-0.152495
-0.151713
-0.150852
-0.149991
-0.149834
-0.148895
-0.148503
-0.147956
-0.147486
-0.147095
-0.146938
-0.146077
-0.145294
-0.144277
-0.144120
-0.143494
-0.143025
-0.142085
-0.141616
-0.141068
-0.140598
-0.140207
-0.139346
-0.138720
-0.137624
-0.137076
-0.136528
-0.135667
-0.135198
-0.134885
-0.134571
-0.133945
-0.133476
-0.132693
-0.131597
-0.131049
-0.130580
-0.129719
-0.129014
-0.128310
-0.127919
-0.127605
-0.126979
-0.126744
-0.125570
-0.124788
-0.124005
-0.123301
-0.122674
-0.122205
-0.121422
-0.120952
-0.120405
-0.119857
-0.118448
-0.117430
-0.117039
-0.116413
-0.116021
-0.115004
-0.114691
-0.113908
-0.113439
-0.112969
-0.112265
-0.111404
-0.110543
-0.109916
-0.109134
-0.108586
-0.108038
-0.107334
-0.106786
-0.106473
-0.106003
-0.104985
-0.104203
-0.103107
-0.102872
-0.102011
-0.101385
-0.100524
-0.100289
-0.099820
-0.099585
-0.098802
-0.097706
-0.096689
-0.095906
-0.095280
-0.094654
-0.094028
-0.093480
-0.093010
-0.092227
-0.092071
-0.090819
-0.089958
-0.088940
-0.088627
-0.087688
-0.087140
-0.086436
-0.085966
-0.085340
-0.084870
-0.084009
-0.082600
-0.081818
-0.081035
-0.080487
-0.079391
-0.078609
-0.077982
-0.077200
-0.076808
-0.076026
-0.074852
-0.073756
-0.073364
-0.072817
-0.072112
-0.071329
-0.070547
-0.070077
-0.069451
-0.068747
-0.067494
-0.066868
-0.066007
-0.065616
-0.064990
-0.064207
-0.063816
-0.063189
-0.062641
-0.061624
-0.060606
-0.059980
-0.059198
-0.058493
-0.057710
-0.056928
-0.056771
-0.056145
-0.055362
-0.054658
-0.053406
-0.052858
-0.052232
-0.051840
-0.051058
-0.050353
-0.049649
-0.049023
-0.048318
-0.047770
-0.046753
-0.045970
-0.045031
-0.044561
-0.044405
-0.043465
-0.043074
-0.042526
-0.041665
-0.041196
-0.040022
-0.038847
-0.038456
-0.037673
-0.037204
-0.036421
-0.035560
-0.035404
-0.034699
-0.033995
-0.032977
-0.031803
-0.031490
-0.031099
-0.030551
-0.029690
-0.028751
-0.028281
-0.027811
-0.027342
-0.026324
-0.025385
-0.024837
-0.024368
-0.023820
-0.023037
-0.022567
-0.021863
-0.021315
-0.020454
-0.019828
-0.018732
-0.017949
-0.017323
-0.017245
-0.016384
-0.015758
-0.014897
-0.014584
-0.014036
-0.013410
-0.012471
-0.011766
-0.011218
-0.010670
-0.010044
-0.009261
-0.008792
-0.007931
-0.007853
-0.007226
-0.006209
-0.005505
-0.004722
-0.004409
-0.004096
-0.003156
-0.002452
-0.002217
-0.001513
-0.000730
-0.000260
0.000444
0.001305
0.001618
0.002088
0.002479
0.003340
0.003810
0.004279
0.004984
0.005845
0.006471
0.007019
0.007488
0.008036
0.008741
0.009132
0.009915
0.010384
0.011010
0.011871
0.012341
0.013515
0.013672
0.014298
0.014376
0.015315
0.016098
0.016646
0.017115
0.017507
0.018524
0.019385
0.019620
0.020090
0.020638
0.021342
0.022281
0.022594
0.022986
0.023612
0.024238
0.025177
0.025803
0.025882
0.026508
0.027134
0.027995
0.028621
0.028856
0.029639
0.030500
0.031204
0.031752
0.032065
0.032691
0.033396
0.034022
0.034648
0.035117
0.036135
0.036448
0.036996
0.037309
0.037935
0.038405
0.039266
0.040127
0.040988
0.041536
0.041927
0.042710
0.043414
0.043727
0.044275
0.044275
0.045058
0.045997
0.046780
0.047093
0.047719
0.048110
0.048736
0.049284
0.049754
0.050224
0.050850
0.051632
0.052337
0.052728
0.053354
0.053824
0.054528
0.054920
0.055702
0.055937
0.056563
0.057111
0.057816
0.058520
0.058990
0.059616
0.060164
0.060712
0.061025
0.061494
0.062042
0.062590
0.063451
0.063842
0.064390
0.064938
0.065799
0.066112
0.066425
0.066660
0.067365
0.067991
0.068617
0.069556
0.069869
0.070182
0.071200
0.071591
0.071826
0.072452
0.073000
0.073548
0.074252
0.074800
0.075818
0.075974
0.076600
0.077461
0.077227
0.077931
0.078166
0.079105
0.079575
0.080436
0.080984
0.081531
0.082079
0.082158
0.083097
0.083097
0.083723
0.084427
0.084975
0.085601
0.086306
0.086697
0.087167
0.087715
0.088184
0.088497
0.089124
0.089593
0.090063
0.091002
0.091550
0.092254
0.092646
0.093115
0.093507
0.093742
0.094289
0.094916
0.095777
0.096168
0.096872
0.097264
0.097890
0.098438
0.098438
0.099142
0.099377
0.099847
0.100629
0.101334
0.101803
0.102195
0.102821
0.103212
0.103447
0.103682
0.104230
0.104778
0.105482
0.106343
0.106421
0.107047
0.107360
0.107987
0.108300
0.108848
0.108926
0.109709
0.110648
0.110961
0.111352
0.112057
0.112135
0.112761
0.112839
0.113622
0.114013
0.114953
0.115501
0.116048
0.116518
0.116675
0.117144
0.117457
0.117849
0.118397
0.118788
0.119414
0.120040
0.120510
0.120901
0.121606
0.121919
0.122467
0.122936
0.123014
0.123171
0.123954
0.124658
0.125128
0.125363
0.125989
0.126145
0.126693
0.127241
0.127789
0.128102
0.128728
0.129667
0.130215
0.130607
0.130841
0.131233
0.131546
0.131624
0.132094
0.132642
0.133346
0.133737
0.134129
0.134755
0.134990
0.135538
0.135851
0.136164
0.136712
0.136946
0.137807
0.138277
0.138668
0.139060
0.139608
0.140077
0.140547
0.140547
0.141251
0.141956
0.142191
0.142738
0.143365
0.143756
0.144147
0.144382
0.144930
0.145165
0.145634
0.145869
0.146261
0.146887
0.147435
0.147669
0.148217
0.148687
0.148922
0.149078
0.149783
0.150096
0.150722
0.151192
0.151583
0.152053
0.152444
0.152757
0.153227
0.153461
0.153696
0.154557
0.155418
0.155809
0.156123
0.156279
0.156670
0.157297
0.157610
0.157688
0.158392
0.158784
0.159566
0.159645
0.160036
0.160584
0.161210
0.161445
0.161680
0.161836
0.162384
0.163402
0.164028
0.164341
0.164497
0.165202
0.165358
0.165515
0.165906
0.166454
0.167080
0.167550
0.167628
0.168020
0.168176
0.168724
0.169194
0.169663
0.170368
0.170524
0.170994
0.171385
0.172090
0.172403
0.172794
0.173185
0.173342
0.174046
0.174203
0.175142
0.174986
0.175847
0.175847
0.176473
0.177021
0.177334
0.177647
0.178038
0.178351
0.178664
0.179290
0.179525
0.179917
0.180230
0.180934
0.181169
0.181873
0.182265
0.182499
0.182891
0.183439
0.183987
0.184221
0.184300
0.184691
0.185474
0.185630
0.186178
0.186491
0.186961
0.187352
0.187587
0.188135
0.188370
0.188683
0.189231
0.189857
0.189779
0.189935
0.190953
0.191266
0.191892
0.192205
0.192518
0.192988
0.193144
0.193692
0.194162
0.194553
0.194866
0.195336
0.195727
0.195727
0.196510
0.196510
0.197058
0.197762
0.198153
0.198388
0.199014
0.199406
0.199954
0.200267
0.200971
0.201519
0.201754
0.202145
0.202693
0.203084
0.203476
0.203711
0.204180
0.204572
0.204650
0.205354
0.205746
0.206137
0.206372
0.206998
0.207389
0.207468
0.207702
0.208172
0.208407
0.208798
0.209503
0.210050
0.210285
0.210755
0.211068
0.211459
0.211694
0.212164
0.212320
0.213025
0.213729
0.214120
0.214277
0.214512
0.215295
0.215529
0.215529
0.216156
0.216390
0.216782
0.217486
0.217721
0.218425
0.218582
0.218738
0.219286
0.219521
0.219991
0.220460
0.221087
0.221165
0.221478
0.222182
0.222730
0.222730
0.223278
0.223748
0.224139
0.224452
0.225078
0.225391
0.225861
0.226096
0.226409
0.226722
0.227035
0.227426
0.227739
0.228131
0.228600
0.229070
0.229305
0.229618
0.230009
0.230244
0.230635
0.231105
0.231262
0.232123
0.232436
0.232905
0.233062
0.233531
0.233688
0.234314
0.234471
0.234784
0.235175
0.235801
0.236271
0.236506
0.236584
0.237210
0.237367
0.237680
0.238071
0.238619
0.239089
0.239715
0.240028
0.240497
0.240889
0.241124
0.241437
0.241906
0.242219
0.242611
0.243002
0.243550
0.243628
0.244098
0.244020
0.244724
0.244959
0.245507
0.245585
0.245898
0.246759
0.246994
0.247229
0.247933
0.248246
0.248403
0.248168
0.248637
0.249342
0.249655
0.249968
0.250359
0.250829
0.250829
0.251064
0.251533
0.251925
0.252394
0.253021
0.253412
0.253568
0.253960
0.254351
0.254899
0.254899
0.254977
0.255290
0.255682
0.256151
0.256386
0.256934
0.257091
0.257404
0.257873
0.258108
0.258499
0.258578
0.258813
0.259517
0.259908
0.260534
0.260926
0.261082
0.261474
0.262100
0.262256
0.262178
0.262648
0.263117
0.263352
0.263978
0.264291
0.264683
0.264683
0.265152
0.265544
0.265779
0.266248
0.266405
0.267109
0.267266
0.267500
0.267735
0.268440
0.268675
0.268518
0.268988
0.269614
0.269849
0.270318
0.270944
0.271257
0.271571
0.271649
0.271884
0.272431
0.272666
0.273058
0.273214
0.273840
0.274310
0.274701
0.275014
0.275014
0.275875
0.276032
0.276423
0.276736
0.277128
0.277206
0.277676
0.278067
0.278380
0.278458
0.278771
0.279398
0.279554
0.280650
0.280650
0.280963
0.281354
0.282137
0.282137
0.282685
0.283076
0.283468
0.283624
0.284015
0.284407
0.284720
0.285033
0.285346
0.285894
0.285972
0.286285
0.286911
0.287068
0.287616
0.287929
0.288085
0.288633
0.288712
0.289025
0.289573
0.289964
0.290512
0.290903
0.291138
0.291608
0.292077
0.292155
0.292782
0.293173
0.293330
0.293956
0.294269
0.294504
0.295051
0.295365
0.295678
0.296147
0.296226
0.296617
0.296773
0.297478
0.297478
0.297791
0.298339
0.298652
0.298887
0.299278
0.299513
0.300139
0.300139
0.300922
0.301157
0.301704
0.302252
0.302409
0.303035
0.303348
0.304052
0.304052
0.304287
0.304913
0.304913
0.305305
0.305618
0.305774
0.306322
0.306635
0.307027
0.307183
0.307575
0.307809
0.308514
0.308749
0.309375
0.309610
0.309766
0.310236
0.310471
0.310940
0.311097
0.311410
0.312036
0.312193
0.312584
0.312975
0.313288
0.313523
0.313680
0.314071
0.314306
0.314619
0.315167
0.315402
0.315636
0.316263
0.316497
0.316654
0.317045
0.317750
0.318141
0.317985
0.318767
0.319080
0.319472
0.319550
0.319863
0.320724
0.320567
0.320959
0.321037
0.321428
0.321976
0.322681
0.322837
0.323072
0.323542
0.323698
0.324090
0.324168
0.324559
0.324951
0.325029
0.325577
0.325968
0.326438
0.326516
0.327142
0.327220
0.327533
0.327925
0.328160
0.328629
0.329177
0.329334
0.329960
0.330195
0.330116
0.330351
0.330664
0.331290
0.331682
0.331917
0.332308
0.332543
0.332543
0.333012
0.333247
0.333638
0.333873
0.334343
0.334813
0.334969
0.335282
0.335517
0.336143
0.336065
0.336300
0.336613
0.337317
0.337552
0.338178
0.338256
0.338178
0.338178
0.338804
0.339039
0.339352
0.339509
0.340057
0.340683
0.341074
0.341465
0.341465
0.341779
0.341857
0.342639
0.343031
0.343422
0.343814
0.343814
0.344283
0.344518
0.344909
0.344988
0.344988
0.345614
0.346083
0.346475
0.346631
0.347101
0.347179
0.347179
0.347649
0.347805
0.348275
0.348275
0.348901
0.349371
0.349762
0.349919
0.349997
0.350466
0.351014
0.351249
0.351327
0.351719
0.352267
0.352423
0.352658
0.353206
0.353441
0.353519
0.353754
0.354067
0.354693
0.354771
0.355711
0.355711
0.355789
0.356258
0.356572
0.356885
0.357276
0.357119
0.357824
0.358372
0.358372
0.358841
0.358841
0.359154
0.359389
0.359781
0.359859
0.360563
0.360955
0.361268
0.361737
0.362050
0.362677
0.362677
0.362677
0.363224
0.363459
0.363616
0.364085
0.364712
0.365025
0.365259
0.365573
0.365729
0.365729
0.366042
0.366512
0.366903
0.367216
0.367373
0.367686
0.367999
0.368234
0.368547
0.368938
0.369329
0.369721
0.369799
0.370269
0.370973
0.370895
0.371599
0.371365
0.372225
0.372460
0.372304
0.372773
0.373243
0.373478
0.373869
0.374182
0.374417
0.374495
0.374808
0.375278
0.375669
0.375904
0.376296
0.376687
0.376922
0.377470
0.377626
0.377861
0.378252
0.378565
0.378878
0.379113
0.379270
0.379661
0.379974
0.380444
0.380992
0.381070
0.381618
0.381931
0.382401
0.382714
0.382870
0.383496
0.383575
0.384044
0.384201
0.384670
0.384905
0.385375
0.385688
0.385766
0.386549
0.386862
0.386940
0.387566
0.387566
0.388036
0.388193
0.388114
0.388897
0.389053
0.389132
0.389680
0.390228
0.390149
0.390697
0.390854
0.391245
0.391636
0.392419
0.392419
0.392889
0.393202
0.393358
0.393671
0.393984
0.394219
0.394532
0.395080
0.395315
0.395706
0.395863
0.396254
0.396333
0.396880
0.397194
0.397428
0.397820
0.398055
0.398211
0.398994
0.399229
0.399307
0.399855
0.400168
0.400403
0.400716
0.401264
0.401733
0.401811
0.402281
0.402672
0.402829
0.402986
0.403299
0.403690
0.403690
0.404316
0.404786
0.405021
0.405490
0.405725
0.405960
0.406351
0.406429
0.406742
0.407134
0.407525
0.407917
0.408151
0.408230
0.408699
0.408934
0.409169
0.409795
0.409873
0.410108
0.410578
0.410578
0.411360
0.411360
0.411830
0.411987
0.412143
0.412691
0.412769
0.413395
0.413787
0.413708
0.414100
0.414335
0.415039
0.415196
0.415352
0.415665
0.416213
0.416683
0.416761
0.416918
0.417309
0.417309
0.417700
0.418170
0.418639
0.418718
0.418953
0.419500
0.419500
0.419892
0.420048
0.420283
0.420518
0.420909
0.421379
0.422083
0.422083
0.422396
0.422709
0.422553
0.423023
0.423336
0.423336
0.423884
0.424118
0.424588
0.424745
0.424901
0.425292
0.425605
0.425605
0.425997
0.426388
0.426780
0.427327
0.427640
0.427562
0.427875
0.428032
0.428032
0.428423
0.428815
0.428893
0.429362
0.429597
0.429989
0.430145
0.430145
0.430615
0.430928
0.431163
0.431319
0.431632
0.432337
0.432493
0.432728
0.433119
0.433511
0.433354
0.433824
0.433902
0.434137
0.434607
0.434920
0.435311
0.435311
0.435624
0.435937
0.436172
0.436407
0.436876
0.436955
0.437424
0.437502
0.437816
0.438050
0.438129
0.438833
0.438833
0.438990
0.439929
0.440242
0.440320
0.440712
0.441103
0.441494
0.441416
0.441729
0.442199
0.442747
0.442981
0.443373
0.443686
0.443451
0.443764
0.443842
0.444312
0.444625
0.445173
0.445486
0.445643
0.446034
0.446112
0.446425
0.446582
0.447130
0.447286
0.447599
0.447991
0.447991
0.448304
0.448617
0.448852
0.449321
0.449399
0.449634
0.450104
0.450339
0.450730
0.450887
0.451356
0.451669
0.451748
0.452374
0.452452
0.452687
0.453078
0.453548
0.453861
0.454174
0.454330
0.454878
0.454878
0.455348
0.455505
0.455974
0.456131
0.456522
0.456992
0.457383
0.457540
0.457931
0.458009
0.458322
0.458401
0.459105
0.459340
0.459575
0.459966
0.460122
0.460514
0.460827
0.461297
0.461140
0.462001
0.462236
0.462157
0.462705
0.463175
0.463566
0.463801
0.463879
0.464192
0.464584
0.465132
0.464975
0.464975
0.465523
0.466149
0.466228
0.466306
0.466462
0.467323
0.467245
0.467558
0.467871
0.468341
0.468654
0.468810
0.469123
0.469202
0.469671
0.470141
0.470532
0.470611
0.470924
0.471158
0.471550
0.471941
0.472333
0.472489
0.472880
0.473037
0.473350
0.473898
0.474289
0.474446
0.474446
0.474837
0.474994
0.475229
0.475542
0.475698
0.476168
0.476481
0.476794
0.477107
0.477342
0.477498
0.477890
0.478359
0.478359
0.478438
0.478985
0.479768
0.479925
0.480003
0.480786
0.480629
0.481334
0.481803
0.482273
0.482351
0.482351
0.482899
0.483056
0.483134
0.483603
0.483760
0.484308
0.484230
0.484699
0.485247
0.485091
0.485482
0.485795
0.486030
0.486343
0.486812
0.486969
0.487517
0.487752
0.488065
0.487830
0.488221
0.488613
0.489004
0.489004
0.489630
0.489787
0.490100
0.490491
0.490882
0.490961
0.491039
0.491509
0.491822
0.492213
0.492683
0.492996
0.492996
0.493387
0.493622
0.493700
0.493935
0.494092
0.494796
0.494796
0.494953
0.495579
0.495657
0.495813
0.496361
0.496674
0.496909
0.496831
0.497066
0.497692
0.498005
0.498240
0.498396
0.498709
0.498788
0.499023
0.499336
0.499492
0.499884
0.500197
0.500588
0.500823
0.500979
0.501371
0.501136
0.501684
0.502466
0.502466
0.503014
0.503327
0.503406
0.503954
0.504345
0.504345
0.504345
0.504658
0.505049
0.505597
0.506145
0.506145
0.506458
0.506615
0.506693
0.506850
0.507241
0.507554
0.507789
0.507945
0.508258
0.508806
0.508963
0.509432
0.509276
0.509589
0.509746
0.510059
0.510528
0.510763
0.511233
0.511389
0.511702
0.512015
0.512015
0.512328
0.512798
0.513189
0.513659
0.513894
0.513972
0.514285
0.514598
0.514677
0.514911
0.515303
0.515537
0.515851
0.516085
0.516555
0.516633
0.517025
0.517025
0.517259
0.517651
0.518042
0.518199
0.518668
0.518747
0.518981
0.519451
0.519764
0.519921
0.520155
0.520860
0.521251
0.521643
0.521643
0.522034
0.522190
0.522425
0.522582
0.522817
0.523443
0.523756
0.523991
0.524460
0.524538
0.524930
0.524773
0.525243
0.525165
0.526026
0.526495
0.526965
0.526965
0.527591
0.527669
0.527591
0.527982
0.527904
0.528374
0.529313
0.529235
0.529469
0.529783
0.530174
0.530252
0.530800
0.530800
0.531035
0.531426
0.531818
0.532209
0.532209
0.532600
0.532757
0.532913
0.533305
0.533853
0.534009
0.534244
0.534635
0.535027
0.535183
0.535418
0.535575
0.535731
0.536436
0.536749
0.536905
0.537375
0.537531
0.537923
0.538471
0.538314
0.539018
0.538784
0.539331
0.539566
0.539801
0.540114
0.540349
0.540819
0.541132
0.541445
0.541523
0.541758
0.542541
0.542541
0.543088
0.543558
0.543636
0.543636
0.544028
0.544184
0.544341
0.545202
0.545280
0.545437
0.545515
0.546063
0.546141
0.546767
0.546689
0.547237
0.547628
0.547393
0.548411
0.548489
0.548880
0.548959
0.549193
0.549193
0.549898
0.550054
0.550368
0.550602
0.550759
0.551463
0.551698
0.551933
0.552168
0.552481
0.553029
0.553185
0.553342
0.553498
0.553968
0.554046
0.554438
0.554829
0.554907
0.554829
0.555377
0.555925
0.556238
0.556786
0.556786
0.557177
0.557099
0.557334
0.557960
0.558429
0.558508
0.558664
0.558899
0.559212
0.559290
0.559682
0.559916
0.560308
0.560543
0.560699
0.561404
0.561638
0.562030
0.562421
0.562343
0.562656
0.562656
0.562969
0.563360
0.563830
0.564143
0.564691
0.564769
0.564926
0.565630
0.565787
0.565787
0.566256
0.566256
0.566648
0.566726
0.566961
0.567352
0.567822
0.568213
0.568213
0.568213
0.568604
0.569231
0.569152
0.569231
0.569622
0.569778
0.570248
0.570874
0.570952
0.571266
0.571579
0.572127
0.572283
0.572440
0.572831
0.572987
0.572987
0.573144
0.573379
0.573927
0.574162
0.574709
0.574788
0.574944
0.575492
0.575492
0.575257
0.575805
0.576197
0.576823
0.577058
0.577058
0.577214
0.577292
0.577684
0.577840
0.578153
0.578545
0.578858
0.579406
0.579562
0.579797
0.579797
0.579954
0.580345
0.580736
0.581284
0.581441
0.581989
0.582223
0.582615
0.582615
0.582771
0.582849
0.583006
0.583632
0.583945
0.584180
0.584571
0.584963
0.585041
0.585041
0.584885
0.585354
0.585824
0.586215
0.586372
0.586685
0.586920
0.586998
0.586920
0.587311
0.587624
0.588172
0.588798
0.589033
0.588955
0.589111
0.589502
0.589268
0.589659
0.590285
0.590598
0.590833
0.591303
0.591381
0.591537
0.591616
0.592007
0.592164
0.592007
0.592790
0.593025
0.593181
0.593729
0.593807
0.593964
0.593807
0.594199
0.594355
0.594747
0.594903
0.595607
0.595764
0.595999
0.596155
0.596234
0.596312
0.596782
0.597095
0.597564
0.597877
0.598269
0.598347
0.598660
0.598582
0.598660
0.598817
0.599521
0.599834
0.600304
0.600773
0.600930
0.601165
0.601243
0.601321
0.601165
0.602104
0.602495
0.602887
0.603121
0.602887
0.603356
0.603591
0.603904
0.604295
0.604452
0.604922
0.605313
0.605704
0.605861
0.606174
0.606252
0.606174
0.606565
0.606722
0.607270
0.607583
0.607896
0.608287
0.608522
0.608365
0.608835
0.609070
0.609461
0.609931
0.610009
0.610087
0.610557
0.610557
0.610870
0.610870
0.611340
0.611496
0.612279
0.612435
0.612670
0.613062
0.612983
0.613218
0.613531
0.613844
0.614001
0.614784
0.614862
0.615097
0.615331
0.615645
0.616036
0.616192
0.616271
0.616740
0.616975
0.617132
0.617523
0.617758
0.617993
0.618306
0.618384
0.618619
0.619088
0.619636
0.619401
0.619949
0.620262
0.620497
0.620810
0.620889
0.621123
0.621358
0.621984
0.622376
0.622611
0.622845
0.623080
0.623315
0.623237
0.623550
0.623785
0.624176
0.624802
0.625037
0.625193
0.625507
0.625507
0.625820
0.626211
0.626367
0.626915
0.626994
0.627542
0.628011
0.628089
0.628168
0.628246
0.628559
0.629107
0.629342
0.629498
0.629263
0.629890
0.630359
0.630594
0.630594
0.630985
0.631220
0.631298
0.631768
0.632081
0.632316
0.633020
0.633020
0.633647
0.633568
0.633881
0.634116
0.634273
0.634664
0.634821
0.635134
0.635682
0.635369
0.635916
0.636073
0.636386
0.636464
0.636699
0.637090
0.637560
0.637638
0.637638
0.638186
0.638265
0.638499
0.638812
0.639047
0.639360
0.639752
0.640221
0.640378
0.640456
0.640847
0.641160
0.641239
0.641865
0.642100
0.642100
0.642178
0.642804
0.643117
0.643117
0.643665
0.643587
0.643822
0.644135
0.644135
0.644761
0.644996
0.645152
0.645465
0.645857
0.645857
0.646091
0.646561
0.646874
0.646952
0.647109
0.647735
0.647735
0.647970
0.648127
0.648283
0.648440
0.648753
0.648987
0.649144
0.649457
0.649614
0.649457
0.649614
0.650005
0.650631
0.650944
0.651022
0.651649
0.651962
0.651962
0.652118
0.652431
0.652901
0.653136
0.653292
0.653684
0.653684
0.654232
0.654232
0.654545
0.654466
0.655014
0.655327
0.655953
0.656188
0.656423
0.656580
0.656501
0.656893
0.657049
0.657362
0.657597
0.658223
0.658536
0.658693
0.658849
0.659006
0.659006
0.659397
0.659632
0.660258
0.660571
0.660963
0.661198
0.661198
0.661432
0.661432
0.661824
0.662528
0.662763
0.663076
0.663546
0.663624
0.663546
0.663937
0.663702
0.664250
0.664563
0.664955
0.665502
0.665737
0.665972
0.666129
0.666050
0.666285
0.666520
0.666911
0.667224
0.667459
0.667694
0.668007
0.668085
0.668555
0.668711
0.668555
0.669025
0.669729
0.669729
0.670042
0.670668
0.670825
0.670903
0.670825
0.671373
0.671764
0.672155
0.672468
0.673016
0.673408
0.673642
0.673564
0.673721
0.674347
0.674817
0.675130
0.675286
0.675364
0.675834
0.675912
0.676225
0.676304
0.676852
0.677165
0.677478
0.677947
0.678026
0.678495
0.678417
0.678730
0.678730
0.679356
0.679904
0.680530
0.680452
0.680922
0.681156
0.681548
0.681626
0.681704
0.682565
0.683191
0.683270
0.683739
0.683818
0.684209
0.684522
0.684835
0.684992
0.685461
0.685931
0.686322
0.686635
0.687027
0.686948
0.687105
0.687261
0.687574
0.688044
0.688514
0.688670
0.689140
0.689453
0.689531
0.689375
0.689923
0.690157
0.691018
0.691175
0.691488
0.691645
0.691958
0.692192
0.692349
0.692662
0.693210
0.693366
0.693836
0.693914
0.694462
0.694854
0.695167
0.694854
0.695088
0.695636
0.696341
0.696654
0.696732
0.697436
0.697515
0.697750
0.697906
0.698063
0.698924
0.699080
0.699863
0.699863
0.699863
0.700567
0.700724
0.700959
0.701193
0.701898
0.702446
0.702446
0.702915
0.702994
0.703542
0.703698
0.703933
0.704089
0.704637
0.704872
0.705263
0.705655
0.705968
0.706124
0.706437
0.706437
0.707064
0.707612
0.708159
0.708159
0.708864
0.708942
0.708864
0.708942
0.709177
0.709490
0.709881
0.709960
0.709725
0.709568
0.709803
0.709412
0.709490
0.709490
0.709725
0.709255
0.708942
0.708707
0.708473
0.708316
0.708081
0.707925
0.707846
0.707455
0.707377
0.707064
0.706751
0.706985
0.706672
0.706281
0.706046
0.705498
0.705577
0.705107
0.704716
0.704559
0.704089
0.704011
0.703620
0.703463
0.703150
0.702994
0.702759
0.702211
0.702054
0.701820
0.701193
0.701115
0.700724
0.700489
0.700098
0.699785
0.699471
0.699393
0.698845
0.698689
0.698454
0.698063
0.697358
0.696889
0.696732
0.696497
0.696262
0.695793
0.695480
0.694932
0.695088
0.694697
0.694306
0.693680
0.693601
0.692975
0.692897
0.692505
0.691958
0.691645
0.691331
0.691097
0.690549
0.690001
0.689531
0.689296
0.689062
0.688827
0.688749
0.688357
0.688279
0.688357
0.687731
0.687418
0.686479
0.686635
0.686322
0.686009
0.685461
0.685070
0.684287
0.684131
0.684052
0.683504
0.683113
0.683113
0.682957
0.682565
0.682174
0.681939
0.681626
0.681078
0.680687
0.680452
0.679904
0.679043
0.678887
0.678417
0.678182
0.677947
0.677556
0.677086
0.677086
0.676773
0.676382
0.675912
0.675521
0.675443
0.674973
0.674503
0.674034
0.673799
0.673251
0.673251
0.672781
0.672547
0.672390
0.671842
0.671764
0.671373
0.670746
0.670746
0.670433
0.669729
0.669025
0.669025
0.668555
0.668398
0.667929
0.667616
0.668085
0.667303
0.667146
0.666520
0.666520
0.665894
0.665346
0.665189
0.664641
0.664172
0.664015
0.663624
0.663546
0.663311
0.662919
0.662450
0.662137
0.661902
0.661745
0.661276
0.660571
0.659710
0.659554
0.659476
0.659006
0.658693
0.658380
0.658380
0.657910
0.657754
0.657128
0.657206
0.656658
0.656501
0.655875
0.655640
0.655249
0.655171
0.654858
0.654701
0.654232
0.653605
0.653527
0.653292
0.652823
0.652510
0.651649
0.651022
0.650553
0.650631
0.650162
0.649927
0.649614
0.649535
0.649379
0.649222
0.648909
0.648127
0.647970
0.647579
0.647266
0.646483
0.646483
0.646405
0.645857
0.645544
0.645309
0.644917
0.644526
0.644213
0.643822
0.643196
0.643117
0.642804
0.642178
0.642100
0.641708
0.641708
0.641082
0.641004
0.640300
0.640221
0.639360
0.638734
0.638656
0.638578
0.638265
0.637951
0.637873
0.637951
0.637482
0.637012
0.636699
0.636386
0.635603
0.635525
0.635055
0.634742
0.634586
0.634508
0.634194
0.633960
0.633725
0.633255
0.632473
0.631925
0.631768
0.631377
0.631220
0.631064
0.630672
0.630438
0.630124
0.629890
0.629498
0.629577
0.628794
0.628246
0.627698
0.627542
0.627385
0.627463
0.627307
0.626994
0.626602
0.626211
0.625820
0.625585
0.624959
0.624567
0.624332
0.623785
0.623863
0.623785
0.623393
0.622924
0.622924
0.622219
0.621828
0.621515
0.621045
0.620732
0.620419
0.620341
0.620028
0.619715
0.619480
0.619088
0.619088
0.618384
0.617758
0.617288
0.617053
0.616975
0.617132
0.616662
0.616506
0.615879
0.615879
0.615723
0.615018
0.614862
0.614470
0.614157
0.614001
0.614079
0.613844
0.613375
0.613218
0.613062
0.612201
0.612044
0.611575
0.611183
0.610557
0.610479
0.610479
0.609931
0.610009
0.609618
0.609383
0.609070
0.608600
0.607974
0.608287
0.607818
0.607348
0.607035
0.606878
0.606644
0.606644
0.606017
0.605626
0.605313
0.605000
0.604922
0.604687
0.604452
0.604061
0.603748
0.603434
0.603278
0.602808
0.602182
0.601869
0.601478
0.601008
0.601008
0.600930
0.600695
0.600147
0.599991
0.599599
0.599443
0.598582
0.598817
0.598425
0.597956
0.598190
0.597721
0.597408
0.597173
0.596468
0.596547
0.596077
0.595686
0.595138
0.594981
0.594590
0.594433
0.594277
0.593886
0.593729
0.593651
0.593338
0.592868
0.592633
0.592007
0.592164
0.591694
0.591381
0.591303
0.590598
0.590833
0.589894
0.589502
0.589189
0.589111
0.588955
0.588328
0.588328
0.588015
0.587546
0.587467
0.587076
0.586606
0.586215
0.586137
0.585824
0.585354
0.585276
0.584963
0.584493
0.584571
0.584024
0.583789
0.583397
0.583241
0.582693
0.582693
0.582380
0.581832
0.581675
0.581284
0.580971
0.580814
0.580501
0.580110
0.579640
0.579640
0.579406
0.578701
0.578545
0.578388
0.577997
0.577762
0.577527
0.577058
0.576823
0.576431
0.575805
0.575649
0.575101
0.575101
0.574788
0.574240
0.574240
0.574005
0.573927
0.573770
0.573066
0.572674
0.572283
0.572127
0.571970
0.571657
0.571344
0.571187
0.570874
0.570561
0.570170
0.569544
0.569231
0.568917
0.569074
0.568526
0.568370
0.567978
0.567822
0.567274
0.567196
0.566804
0.566256
0.566021
0.565865
0.565787
0.565552
0.565082
0.564691
0.564534
0.564221
0.563908
0.563360
0.563204
0.562734
0.562421
0.562343
0.561951
0.561325
0.561247
0.560777
0.560151
0.559916
0.559682
0.559290
0.559212
0.558821
0.558821
0.558429
0.558195
0.557647
0.556864
0.556707
0.556473
0.556707
0.556394
0.556238
0.555612
0.555299
0.554985
0.554594
0.554046
0.553655
0.553577
0.553264
0.552950
0.552950
0.552794
0.552481
0.552168
0.551776
0.551307
0.550602
0.550524
0.550368
0.549976
0.549663
0.549898
0.549272
0.548880
0.548880
0.548176
0.547628
0.547237
0.546924
0.547237
0.546532
0.546454
0.546297
0.545984
0.545515
0.545280
0.544732
0.544654
0.544576
0.544184
0.544028
0.543558
0.543245
0.543245
0.542384
0.542071
0.541836
0.541288
0.540975
0.541053
0.540740
0.540506
0.540036
0.540036
0.539410
0.538627
0.538862
0.538392
0.538314
0.538001
0.537844
0.537140
0.537062
0.536827
0.536279
0.535731
0.535496
0.535418
0.535027
0.534948
0.534635
0.534322
0.534322
0.533774
0.533305
0.532992
0.532835
0.532444
0.532131
0.532365
0.531896
0.531739
0.531270
0.531035
0.530487
0.530252
0.529548
0.529469
0.529156
0.529391
0.528922
0.528609
0.528609
0.527982
0.527669
0.527043
0.526652
0.526574
0.526260
0.526026
0.525947
0.525399
0.525165
0.524852
0.524069
0.524069
0.523678
0.523286
0.523364
0.523051
0.522817
0.522738
0.522347
0.521877
0.521408
0.520860
0.520390
0.520155
0.520312
0.520155
0.519529
0.519373
0.518825
0.518590
0.518120
0.517886
0.517807
0.517572
0.517338
0.516946
0.516633
0.516712
0.516242
0.515537
0.515381
0.514990
0.514677
0.514598
0.514442
0.514207
0.513894
0.513502
0.513033
0.512407
0.512328
0.511937
0.511937
0.511781
0.511389
0.511154
0.510606
0.510450
0.510059
0.509746
0.509198
0.509041
0.509041
0.508806
0.508415
0.508337
0.507789
0.507945
0.507319
0.506850
0.506380
0.505989
0.505832
0.505832
0.505675
0.505206
0.504971
0.504815
0.504501
0.503719
0.503797
0.503640
0.503249
0.503093
0.502858
0.502466
0.501919
0.501762
0.501136
0.501058
0.500353
0.500197
0.499649
0.499414
0.499179
0.499023
0.498553
0.498318
0.498005
0.497535
0.497457
0.497222
0.496988
0.496440
0.496361
0.495813
0.495579
0.495187
0.495109
0.494405
0.494483
0.494170
0.493778
0.493622
0.492918
0.492918
0.492761
0.492213
0.492135
0.491665
0.491430
0.491274
0.490961
0.490648
0.490256
0.489943
0.489552
0.488926
0.488847
0.488534
0.488456
0.488065
0.487830
0.487517
0.486969
0.486891
0.486499
0.485873
0.485717
0.485482
0.485247
0.484777
0.484777
0.484308
0.484230
0.483603
0.483290
0.482899
0.482586
0.482351
0.481881
0.481412
0.481255
0.480942
0.480786
0.480160
0.479846
0.479455
0.479142
0.478829
0.478594
0.477968
0.477655
0.477420
0.477577
0.477107
0.476637
0.476559
0.476324
0.475855
0.475385
0.475307
0.474915
0.474446
0.474211
0.473976
0.473428
0.473428
0.473194
0.472802
0.472567
0.472098
0.471941
0.471628
0.471237
0.470767
0.470611
0.469906
0.469984
0.469437
0.469123
0.468576
0.468732
0.468184
0.467871
0.467793
0.467402
0.466932
0.466384
0.466149
0.466071
0.465445
0.465445
0.464975
0.464975
0.464506
0.464114
0.464192
0.463566
0.463253
0.463018
0.462549
0.462392
0.461923
0.461844
0.461218
0.460749
0.460436
0.459888
0.459496
0.459261
0.458714
0.458714
0.458714
0.458087
0.458244
0.457853
0.457383
0.457148
0.456522
0.456052
0.456131
0.455974
0.455426
0.455191
0.454878
0.454644
0.454409
0.453704
0.453548
0.453156
0.453078
0.452530
0.452295
0.452139
0.451669
0.451826
0.451121
0.450808
0.450339
0.450182
0.450026
0.449556
0.449321
0.449086
0.449008
0.448617
0.448304
0.447912
0.447599
0.447286
0.447130
0.446504
0.446582
0.446425
0.445643
0.445486
0.444703
0.444703
0.444234
0.443842
0.443529
0.443608
0.443373
0.443060
0.442903
0.442199
0.441886
0.441416
0.441025
0.440946
0.440868
0.440242
0.440007
0.439224
0.438833
0.438598
0.438520
0.437972
0.437737
0.437346
0.436955
0.436955
0.437033
0.436250
0.435859
0.435546
0.435233
0.434920
0.434685
0.434607
0.434372
0.433824
0.433902
0.433511
0.433119
0.432258
0.432102
0.432024
0.432102
0.431476
0.431397
0.430928
0.430771
0.430380
0.429754
0.429362
0.429362
0.428893
0.428736
0.428423
0.428501
0.428110
0.427875
0.427484
0.427093
0.426545
0.426466
0.426075
0.426075
0.425919
0.425605
0.425214
0.424901
0.424431
0.424040
0.424040
0.423570
0.423023
0.423101
0.423023
0.422553
0.422475
0.421770
0.421379
0.421144
0.420674
0.420361
0.420361
0.420127
0.419657
0.419422
0.419187
0.418874
0.418248
0.418170
0.417778
0.417387
0.417309
0.417074
0.416761
0.416526
0.416213
0.415978
0.415352
0.414961
0.414569
0.414569
0.414413
0.414256
0.413865
0.413474
0.413239
0.413004
0.412300
0.412534
0.412065
0.411517
0.411047
0.410734
0.410656
0.410499
0.410265
0.409795
0.409404
0.409091
0.408699
0.408543
0.408308
0.407838
0.407682
0.407056
0.406821
0.406586
0.406508
0.406195
0.405881
0.405177
0.405412
0.404473
0.404551
0.404003
0.403690
0.403299
0.403064
0.402829
0.402751
0.402125
0.401890
0.402125
0.401264
0.400716
0.400481
0.399855
0.399463
0.399542
0.399150
0.398915
0.398681
0.398602
0.397898
0.397585
0.397194
0.397037
0.396802
0.396646
0.396254
0.395863
0.395550
0.395393
0.395002
0.394689
0.394063
0.394298
0.393828
0.393358
0.393124
0.393045
0.392654
0.392263
0.392106
0.391402
0.391167
0.390697
0.390619
0.390384
0.390071
0.389367
0.389132
0.389132
0.388819
0.388584
0.388271
0.387801
0.387253
0.387018
0.386784
0.386392
0.386158
0.385688
0.385297
0.385062
0.384749
0.384514
0.383888
0.383575
0.383340
0.382948
0.382870
0.382479
0.381931
0.381227
0.381383
0.381070
0.380522
0.380366
0.379974
0.379974
0.379348
0.378878
0.378644
0.378409
0.378017
0.377783
0.377704
0.377391
0.376843
0.376687
0.376452
0.376061
0.375435
0.375200
0.374887
0.374417
0.374339
0.373713
0.373791
0.373400
0.373321
0.373008
0.372382
0.372382
0.372147
0.371599
0.371130
0.370660
0.370347
0.370112
0.369877
0.369643
0.369251
0.368625
0.368390
0.368077
0.367529
0.367451
0.367060
0.366512
0.366434
0.366355
0.365573
0.365651
0.365259
0.364946
0.364555
0.364242
0.363851
0.363772
0.363303
0.362990
0.362442
0.362207
0.361894
0.361346
0.360876
0.360642
0.360328
0.359781
0.359468
0.359389
0.359076
0.358372
0.358215
0.357902
0.357746
0.357589
0.357041
0.356885
0.356337
0.356180
0.355554
0.355241
0.355084
0.354693
0.354537
0.354223
0.353910
0.353597
0.353284
0.353049
0.352736
0.352267
0.351954
0.351719
0.351093
0.351093
0.350936
0.350153
0.350232
0.349527
0.349371
0.348979
0.348823
0.348510
0.348275
0.347884
0.347805
0.347336
0.347023
0.346710
0.346475
0.346240
0.346005
0.345379
0.345066
0.344909
0.344518
0.343970
0.343735
0.343500
0.343187
0.343031
0.342639
0.342405
0.341935
0.341935
0.341387
0.341309
0.340761
0.340291
0.340057
0.339978
0.339587
0.339196
0.338726
0.338804
0.338335
0.338022
0.337395
0.337395
0.336848
0.336926
0.336300
0.336065
0.335752
0.335517
0.335204
0.335047
0.334265
0.333873
0.333873
0.333325
0.333169
0.332778
0.332386
0.332230
0.331995
0.331603
0.331056
0.330821
0.330429
0.330116
0.330195
0.329803
0.329412
0.329334
0.328864
0.328238
0.328160
0.327847
0.327612
0.327299
0.326986
0.326751
0.326516
0.326125
0.325655
0.325420
0.325029
0.324481
0.324246
0.324011
0.324090
0.323855
0.323229
0.323150
0.322837
0.322211
0.321898
0.321350
0.321428
0.320959
0.320489
0.320020
0.320020
0.319628
0.319159
0.319002
0.318454
0.318298
0.317828
0.317828
0.317358
0.316967
0.316967
0.316341
0.316184
0.315793
0.314932
0.314932
0.314854
0.314384
0.314149
0.314149
0.313836
0.313210
0.312975
0.312584
0.312271
0.312114
0.311801
0.311253
0.311019
0.310862
0.310549
0.310314
0.309688
0.309218
0.308905
0.308357
0.308201
0.308201
0.307653
0.307105
0.307105
0.306635
0.306166
0.305774
0.305774
0.305305
0.304679
0.304679
0.304131
0.303818
0.303348
0.303113
0.302800
0.302252
0.302174
0.301626
0.301313
0.301157
0.301078
0.300296
0.300061
0.299748
0.299435
0.299121
0.298730
0.298495
0.297634
0.297791
0.297400
0.297086
0.296773
0.296539
0.295756
0.295365
0.295365
0.294895
0.294738
0.294504
0.293877
0.293643
0.293173
0.293016
0.292469
0.291921
0.291764
0.291608
0.291216
0.290903
0.290590
0.290355
0.289573
0.289338
0.288868
0.288790
0.288242
0.288085
0.288007
0.287459
0.287303
0.286911
0.286598
0.286285
0.285894
0.285346
0.284876
0.284642
0.284329
0.284172
0.283624
0.283389
0.282998
0.282450
0.282059
0.281667
0.281433
0.281041
0.280885
0.280337
0.280024
0.279319
0.279163
0.278850
0.278145
0.277910
0.277676
0.277284
0.277206
0.276893
0.276423
0.276188
0.275641
0.275327
0.274858
0.274467
0.274310
0.273840
0.273919
0.273214
0.272901
0.272666
0.272510
0.271884
0.271571
0.271257
0.270866
0.270553
0.270162
0.269692
0.269692
0.269066
0.268596
0.268361
0.267814
0.267579
0.267187
0.267187
0.266483
0.266718
0.266170
0.266013
0.265465
0.265309
0.264839
0.264526
0.264135
0.263822
0.263430
0.263117
0.262726
0.262569
0.262335
0.261943
0.261552
0.261474
0.260848
0.260848
0.260221
0.259830
0.259439
0.258969
0.258734
0.258578
0.258186
0.257795
0.257325
0.257091
0.256856
0.256621
0.255995
0.255682
0.255290
0.255290
0.254977
0.254429
0.254273
0.253960
0.253882
0.253334
0.253099
0.252629
0.252473
0.252081
0.251847
0.251612
0.251220
0.250672
0.250829
0.250359
0.249655
0.249264
0.249342
0.248794
0.248559
0.248090
0.247698
0.247620
0.247385
0.246916
0.246368
0.246055
0.245898
0.245350
0.245037
0.244802
0.244724
0.244254
0.243706
0.243315
0.243237
0.243002
0.242298
0.242298
0.241906
0.241593
0.241124
0.240889
0.240654
0.240263
0.239793
0.239323
0.239010
0.238775
0.238541
0.238306
0.237993
0.237680
0.237210
0.236897
0.236662
0.236193
0.235723
0.235332
0.235410
0.235019
0.234392
0.234314
0.234001
0.233766
0.233453
0.232905
0.232592
0.232514
0.232123
0.231888
0.231262
0.230870
0.230635
0.230322
0.230009
0.229540
0.229227
0.228679
0.228600
0.228287
0.228053
0.227270
0.227348
0.226487
0.226565
0.226487
0.225704
0.225704
0.225235
0.224765
0.224530
0.224217
0.223904
0.223435
0.223200
0.223043
0.222808
0.222026
0.222026
0.221634
0.221243
0.221087
0.220460
0.219991
0.219756
0.219208
0.218973
0.218817
0.218034
0.217799
0.217564
0.217251
0.216860
0.216547
0.216077
0.215921
0.215373
0.215373
0.214747
0.214434
0.214120
0.213807
0.213338
0.213103
0.212633
0.212477
0.212164
0.211616
0.210990
0.210833
0.210207
0.210207
0.209816
0.209503
0.208955
0.208485
0.208329
0.207937
0.207546
0.207311
0.206920
0.206294
0.206137
0.205433
0.205198
0.204885
0.204415
0.204102
0.203945
0.203554
0.203241
0.203006
0.202693
0.202302
0.201754
0.201441
0.200893
0.200345
0.200188
0.199797
0.199406
0.198623
0.198467
0.198075
0.197919
0.197371
0.196666
0.196979
0.196275
0.195805
0.195571
0.195023
0.194866
0.194553
0.194318
0.193614
0.193222
0.192909
0.192440
0.192283
0.191814
0.191657
0.191187
0.190561
0.190092
0.189700
0.189309
0.188918
0.188918
0.188370
0.187744
0.187352
0.187430
0.186961
0.186491
0.185943
0.185630
0.185317
0.185239
0.184613
0.184065
0.183674
0.183517
0.183360
0.182734
0.182265
0.182030
0.182030
0.181247
0.181169
0.180778
0.180543
0.180073
0.179604
0.179212
0.178664
0.178351
0.177960
0.177725
0.177569
0.176786
0.176629
0.176081
0.175847
0.175377
0.175064
0.174829
0.174359
0.174046
0.173812
0.173342
0.173029
0.172638
0.172246
0.171933
0.171777
0.171229
0.170916
0.170681
0.170524
0.169663
0.169428
0.169037
0.168646
0.168254
0.168020
0.167707
0.167472
0.166846
0.166846
0.166219
0.165750
0.165515
0.165280
0.164889
0.164576
0.163950
0.163871
0.163636
0.163480
0.162854
0.162776
0.162071
0.161758
0.161445
0.160897
0.160740
0.160349
0.160114
0.159801
0.159410
0.159019
0.158784
0.157766
0.157531
0.157297
0.157062
0.156592
0.155966
0.155731
0.155731
0.155262
0.154870
0.154322
0.154166
0.153853
0.153540
0.153383
0.152992
0.152914
0.151974
0.151739
0.151661
0.150957
0.150565
0.150331
0.150018
0.149548
0.149235
0.148922
0.148687
0.148061
0.147435
0.147043
0.146730
0.146574
0.146495
0.146026
0.145791
0.145321
0.144852
0.144539
0.143991
0.143521
0.143130
0.142738
0.142973
0.142269
0.142034
0.141721
0.141643
0.140860
0.140390
0.140156
0.139842
0.139608
0.139138
0.138668
0.138668
0.138199
0.137651
0.137103
0.136946
0.136477
0.136007
0.135851
0.135616
0.135303
0.134755
0.134598
0.134285
0.133972
0.133033
0.132720
0.132485
0.132329
0.131859
0.131389
0.131233
0.130685
0.130294
0.129902
0.129354
0.128963
0.128572
0.128180
0.127945
0.127398
0.127241
0.126850
0.126458
0.125676
0.125597
0.125128
0.125049
0.124658
0.124345
0.123797
0.123562
0.123249
0.122858
0.122153
0.121840
0.121606
0.121058
0.120510
0.120353
0.119805
0.119571
0.119492
0.118631
0.118083
0.117692
0.117379
0.116909
0.117066
0.116283
0.115814
0.115422
0.115266
0.115109
0.114327
0.113700
0.113387
0.113231
0.112918
0.112448
0.112135
0.111900
0.111587
0.111117
0.110335
0.109943
0.109630
0.109161
0.108848
0.108378
0.107987
0.107517
0.107439
0.106578
0.106108
0.105560
0.105482
0.105169
0.105169
0.104699
0.104151
0.103917
0.103447
0.102977
0.102508
0.101960
0.101412
0.101334
0.101099
0.100708
0.100316
0.099534
0.099220
0.098751
0.098281
0.097812
0.097420
0.097264
0.096872
0.096559
0.096090
0.095698
0.095229
0.094446
0.094211
0.094055
0.093585
0.093115
0.092959
0.092176
0.091863
0.091472
0.091002
0.090532
0.090141
0.089672
0.089358
0.089124
0.088732
0.088341
0.088184
0.087480
0.086932
0.086306
0.086149
0.085758
0.085523
0.085054
0.084584
0.083880
0.084036
0.083332
0.082862
0.082314
0.081845
0.081688
0.081453
0.080749
0.080123
0.079731
0.079262
0.078870
0.078401
0.077853
0.077540
0.077383
0.076757
0.076522
0.076131
0.075583
0.074957
0.074879
0.074487
0.073861
0.073704
0.073157
0.072844
0.072530
0.072061
0.071591
0.071043
0.070495
0.070574
0.069869
0.069634
0.069400
0.069087
0.068460
0.068226
0.067365
0.066660
0.066895
0.066191
0.065956
0.065017
0.064938
0.064625
0.064625
0.063999
0.063295
0.062825
0.062512
0.062042
0.061729
0.061416
0.060947
0.060712
0.059772
0.059459
0.058990
0.058364
0.057972
0.057737
0.057503
0.056955
0.056250
0.055937
0.055624
0.055311
0.054841
0.054294
0.054294
0.053589
0.053120
0.052728
0.052650
0.052102
0.051711
0.050850
0.050537
0.050067
0.049910
0.049363
0.048893
0.048893
0.048502
0.047954
0.047954
0.047093
0.046623
0.046232
0.045919
0.045214
0.044666
0.044666
0.044040
0.043805
0.043258
0.042866
0.042475
0.042005
0.041849
0.040675
0.040596
0.040283
0.039735
0.039344
0.038640
0.038092
0.037857
0.037309
0.036839
0.036526
0.036057
0.035509
0.035352
0.035196
0.034726
0.033943
0.033474
0.032926
0.032769
0.032535
0.031987
0.031361
0.031126
0.030813
0.029873
0.029482
0.029012
0.028308
0.027995
0.027838
0.027290
0.026977
0.026743
0.026273
0.025803
0.025177
0.024551
0.024395
0.024003
0.023847
0.023299
0.022907
0.022438
0.022281
0.021577
0.020872
0.020481
0.019855
0.019464
0.019150
0.018837
0.018211
0.017585
0.017429
0.016802
0.016176
0.015707
0.015472
0.015002
0.014533
0.014063
0.013437
0.013202
0.012967
0.012419
0.011402
0.010932
0.010462
0.010149
0.009445
0.008897
0.008897
0.008427
0.008271
0.007723
0.007097
0.006549
0.005845
0.005923
0.005140
0.004749
0.004357
0.003810
0.003418
0.002870
0.002088
0.001461
0.001383
0.000914
0.000600
0.000287
-0.000104
-0.000417
-0.001043
-0.001591
-0.001904
-0.002765
-0.003156
-0.003235
-0.004017
-0.004330
-0.004644
-0.005191
-0.005426
-0.005896
-0.006913
-0.007226
-0.008009
-0.008322
-0.008635
-0.009183
-0.009575
-0.010279
-0.010749
-0.011453
-0.011923
-0.012549
-0.013097
-0.013410
-0.013723
-0.014192
-0.014740
-0.015132
-0.015680
-0.016071
-0.016932
-0.017636
-0.018106
-0.018263
-0.018967
-0.019202
-0.019828
-0.020611
-0.021080
-0.021315
-0.022489
-0.023272
-0.023350
-0.023820
-0.024211
-0.024524
-0.024837
-0.025385
-0.026090
-0.026559
-0.027185
-0.028281
-0.028672
-0.029142
-0.029533
-0.030081
-0.030707
-0.031255
-0.031412
-0.032116
-0.032664
-0.033525
-0.034230
-0.034543
-0.034856
-0.035638
-0.036030
-0.036499
-0.037204
-0.037439
-0.038065
-0.038926
-0.039395
-0.039708
-0.040022
-0.040804
-0.041665
-0.041900
-0.042839
-0.043465
-0.043935
-0.044639
-0.045266
-0.045579
-0.045892
-0.046596
-0.047222
-0.047614
-0.048318
-0.049101
-0.049570
-0.050353
-0.050979
-0.051762
-0.051997
-0.052388
-0.052858
-0.053797
-0.054267
-0.054815
-0.055441
-0.056145
-0.056615
-0.057084
-0.057710
-0.058415
-0.058571
-0.059667
-0.060215
-0.060606
-0.060920
-0.061546
-0.062328
-0.062720
-0.063268
-0.064050
-0.064755
-0.065224
-0.065929
-0.066868
-0.067338
-0.068042
-0.068512
-0.069138
-0.069294
-0.069686
-0.070468
-0.071564
-0.072190
-0.072269
-0.073286
-0.073756
-0.074304
-0.074617
-0.074930
-0.075556
-0.076182
-0.077043
-0.077434
-0.078295
-0.079000
-0.079939
-0.080644
-0.080957
-0.081035
-0.081974
-0.082600
-0.083226
-0.084009
-0.084557
-0.085340
-0.085496
-0.086122
-0.086827
-0.086905
-0.087844
-0.088236
-0.089253
-0.089645
-0.090506
-0.090975
-0.091367
-0.091993
-0.092541
-0.092932
-0.093480
-0.093949
-0.094732
-0.095437
-0.096141
-0.096611
-0.097158
-0.097706
-0.098333
-0.098880
-0.099350
-0.099820
-0.100133
-0.100915
-0.101776
-0.102481
-0.102716
-0.103655
-0.104281
-0.104751
-0.105299
-0.105846
-0.106394
-0.107568
-0.108038
-0.108742
-0.109055
-0.109603
-0.110308
-0.110777
-0.111090
-0.111951
-0.112343
-0.113595
-0.114065
-0.114534
-0.115004
-0.115787
-0.116256
-0.117117
-0.117430
-0.117900
-0.118448
-0.119465
-0.120718
-0.121266
-0.121892
-0.122596
-0.123066
-0.124005
-0.124318
-0.124709
-0.125101
-0.126353
-0.127136
-0.127762
-0.128466
-0.129249
-0.129640
-0.130267
-0.130814
-0.131284
-0.131597
-0.132928
-0.133945
-0.134650
-0.135198
-0.135667
-0.136059
-0.136841
-0.137467
-0.138250
-0.138641
-0.139816
-0.140755
-0.141459
-0.141851
-0.142242
-0.142790
-0.143416
-0.144199
-0.144355
-0.144903
-0.145842
-0.146938
-0.147721
-0.148112
-0.148582
-0.148895
-0.149834
-0.150538
-0.151165
-0.151713
-0.152495
-0.153434
-0.154139
-0.154922
-0.155626
-0.155861
-0.156722
-0.157348
-0.157818
-0.158365
-0.158913
-0.160244
-0.161496
-0.162044
-0.162514
-0.163062
-0.163531
-0.164392
-0.164862
-0.165331
-0.166271
-0.167053
-0.168071
-0.168619
-0.169167
-0.169558
-0.170419
-0.170810
-0.171358
-0.172141
-0.172845
-0.173706
-0.174802
-0.175507
-0.175976
-0.176759
-0.176994
-0.177620
-0.178246
-0.178716
-0.179420
-0.179968
-0.181142
-0.182081
-0.182707
-0.183334
-0.183647
-0.184273
-0.184977
-0.185369
-0.186308
-0.186621
-0.187951
-0.188969
-0.189908
-0.190221
-0.190769
-0.191630
-0.192021
-0.192413
-0.193196
-0.193900
-0.194839
-0.195778
-0.196483
-0.196874
-0.197579
-0.197892
-0.198283
-0.199222
-0.200240
-0.200553
-0.201727
-0.202744
-0.203214
-0.203918
-0.204466
-0.204545
-0.205093
-0.205953
-0.206267
-0.207049
-0.207519
-0.208849
-0.209789
-0.210571
-0.211041
-0.211667
-0.212215
-0.212763
-0.213546
-0.214094
-0.214328
-0.215033
-0.216129
-0.216755
-0.217616
-0.217850
-0.218555
-0.218868
-0.219259
-0.220512
-0.220903
-0.221529
-0.222547
-0.223095
-0.223956
-0.224269
-0.224817
-0.225130
-0.225677
-0.226147
-0.227165
-0.227478
-0.228182
-0.229121
-0.230061
-0.230922
-0.231000
-0.231313
-0.232017
-0.232487
-0.233035
-0.233818
-0.234522
-0.234992
-0.236087
-0.236870
-0.237261
-0.237809
-0.238122
-0.238749
-0.239609
-0.240314
-0.240705
-0.241723
-0.242271
-0.243210
-0.243836
-0.244071
-0.244462
-0.245167
-0.245715
-0.246184
-0.246497
-0.247123
-0.247906
-0.248924
-0.249550
-0.249706
-0.250411
-0.250567
-0.251115
-0.251898
-0.252446
-0.253150
-0.253463
-0.254089
-0.254637
-0.255263
-0.255890
-0.256281
-0.256907
-0.257455
-0.258003
-0.258473
-0.259020
-0.259412
-0.259881
-0.260742
-0.260899
-0.261760
-0.262151
-0.262464
-0.262777
-0.263404
-0.264264
-0.265047
-0.265360
-0.265908
-0.266456
-0.266926
-0.267082
-0.267395
-0.267787
-0.268256
-0.268726
-0.269195
-0.269822
-0.270448
-0.270917
-0.271230
-0.271700
-0.272091
-0.272483
-0.273187
-0.273266
-0.273813
-0.273892
-0.274518
-0.275144
-0.275457
-0.275927
-0.276240
-0.276631
-0.276944
-0.277336
-0.277727
-0.278275
-0.278588
-0.279292
-0.279605
-0.279840
-0.280623
-0.280701
-0.281092
-0.281719
-0.281953
-0.282501
-0.282736
-0.282971
-0.283519
-0.283988
-0.284145
-0.284458
-0.284693
-0.285163
-0.285397
-0.285789
-0.286102
-0.286415
-0.286806
-0.287119
-0.287432
-0.287824
-0.288137
-0.288215
-0.288606
-0.289076
-0.289311
-0.289624
-0.289546
-0.290094
-0.290172
-0.290954
-0.291033
-0.291346
-0.291737
-0.291659
-0.292129
-0.292520
-0.292598
-0.293146
-0.293146
-0.293694
-0.293929
-0.293929
-0.294164
-0.294320
-0.294320
-0.294633
-0.295025
-0.295338
-0.295729
-0.295807
-0.295885
-0.296277
-0.296355
-0.296746
-0.296825
-0.297294
-0.297138
-0.297607
-0.297451
-0.297999
-0.297999
-0.298390
-0.298077
-0.298468
-0.298703
-0.298938
-0.298860
-0.299173
-0.299486
-0.299329
-0.299564
-0.300269
-0.300112
-0.300425
-0.300503
-0.300190
-0.300660
-0.300738
-0.300816
-0.301051
-0.301208
-0.301443
-0.301443
-0.302069
-0.301756
-0.301912
-0.301912
-0.302147
-0.301834
-0.302147
-0.302304
-0.302147
-0.302382
-0.302695
-0.302617
-0.302460
-0.303008
-0.303008
-0.303008
-0.303008
-0.302851
-0.303243
-0.303165
-0.303321
-0.303321
-0.303399
-0.303634
-0.303478
-0.303556
-0.303634
-0.303556
-0.303791
-0.303712
-0.304104
-0.303869
-0.303947
-0.303869
-0.304026
-0.303869
-0.304026
-0.303712
-0.303634
-0.303869
-0.304182
-0.304104
-0.304339
-0.304104
-0.304182
-0.304026
-0.304026
-0.303947
-0.303869
-0.303712
-0.303869
-0.303712
-0.303791
-0.304026
-0.303869
-0.303947
-0.303791
-0.303947
-0.303634
-0.303712
-0.303556
-0.303634
-0.303556
-0.303556
-0.303791
-0.303478
-0.303712
-0.303712
-0.303712
-0.303791
-0.303712
-0.303556
-0.303791
-0.303712
-0.303478
-0.303556
-0.303399
-0.303634
-0.303556
-0.303712
-0.303399
-0.303478
-0.303243
-0.303086
-0.303399
-0.303712
-0.303478
-0.303399
-0.303556
-0.303556
-0.303399
-0.303165
-0.303086
-0.303086
-0.303086
-0.303008
-0.303243
-0.302851
-0.302617
-0.303008
-0.302851
-0.302773
-0.302617
-0.302851
-0.302460
-0.302460
-0.302538
-0.302538
-0.302460
-0.302695
-0.302382
-0.302460
-0.302382
-0.302304
-0.301991
-0.302069
-0.302304
-0.302225
-0.302069
-0.302069
-0.301991
-0.301912
-0.301756
-0.301834
-0.301599
-0.301599
-0.301834
-0.301286
-0.301443
-0.301521
-0.301443
-0.301521
-0.301443
-0.301286
-0.301130
-0.300660
-0.301130
-0.300973
-0.300816
-0.300895
-0.300973
-0.300973
-0.300503
-0.300973
-0.300738
-0.300347
-0.300112
-0.300269
-0.300269
-0.300034
-0.300112
-0.300347
-0.300425
-0.300034
-0.299799
-0.299721
-0.299799
-0.299799
-0.299564
-0.299564
-0.299799
-0.299877
-0.299799
-0.299564
-0.299251
-0.299329
-0.299329
-0.299173
-0.299095
-0.299329
-0.299173
-0.299251
-0.299016
-0.299329
-0.299095
-0.299016
-0.298625
-0.298547
-0.298860
-0.298312
-0.298468
-0.298703
-0.298625
-0.298625
-0.298703
-0.298703
-0.298312
-0.298468
-0.298312
-0.298234
-0.298234
-0.297999
-0.298390
-0.298234
-0.298155
-0.298312
-0.298312
-0.298155
-0.298155
-0.297920
-0.297999
-0.297607
-0.297842
-0.297764
-0.297999
-0.297764
-0.297920
-0.297842
-0.297764
-0.297607
-0.297451
-0.297373
-0.297294
-0.297060
-0.297060
-0.297529
-0.297607
-0.297529
-0.297373
-0.297686
-0.297373
-0.297451
-0.297216
-0.297216
-0.297216
-0.297060
-0.296903
-0.297294
-0.297138
-0.297216
-0.297216
-0.296903
-0.296903
-0.296903
-0.297138
-0.296981
-0.296825
-0.296903
-0.297451
-0.297451
-0.297294
-0.296981
-0.297138
-0.296746
-0.297060
-0.296981
-0.296981
-0.297060
-0.297138
-0.297451
-0.297451
-0.297529
-0.297529
-0.297216
-0.297216
-0.297294
-0.297294
-0.296903
-0.297216
-0.297294
-0.297294
-0.297529
-0.297529
-0.297529
-0.296903
-0.297060
-0.297451
-0.297294
-0.297138
-0.297216
-0.297138
-0.297451
-0.297607
-0.297686
-0.297373
-0.297529
-0.297294
-0.297138
-0.297294
-0.297373
-0.297529
-0.297529
-0.297607
-0.297686
-0.297764
-0.297607
-0.297607
-0.297529
-0.297920
-0.297764
-0.297920
-0.297999
-0.297920
-0.297999
-0.298077
-0.298077
-0.298077
-0.298077
-0.298312
-0.298077
-0.298234
-0.298312
-0.298547
-0.298312
-0.298468
-0.298547
-0.298860
-0.298547
-0.298860
-0.298547
-0.298860
-0.298938
-0.298547
-0.298781
-0.298860
-0.299173
-0.299173
-0.299564
-0.299251
-0.299173
-0.299095
-0.299564
-0.299642
-0.299642
-0.299564
-0.299408
-0.300034
-0.299877
-0.300034
-0.300112
-0.299877
-0.300034
-0.300112
-0.300190
-0.300112
-0.300425
-0.300816
-0.301051
-0.300895
-0.301286
-0.300816
-0.300973
-0.301286
-0.301286
-0.301521
-0.301130
-0.301286
-0.301364
-0.301599
-0.301599
-0.301912
-0.301991
-0.302225
-0.301912
-0.301991
-0.301991
-0.302225
-0.302304
-0.302225
-0.302304
-0.302382
-0.302695
-0.303008
-0.303165
-0.303165
-0.303165
-0.302851
-0.303321
-0.303321
-0.303399
-0.303634
-0.303712
-0.303947
-0.304026
-0.303869
-0.303869
-0.304104
-0.304182
-0.304339
-0.304573
-0.304573
-0.304808
-0.304730
-0.305121
-0.304965
-0.305356
-0.305278
-0.305434
-0.305434
-0.305669
-0.305826
-0.306217
-0.305982
-0.306374
-0.306295
-0.306530
-0.306608
-0.307000
-0.306843
-0.306765
-0.306922
-0.307313
-0.307469
-0.307313
-0.307626
-0.307704
-0.307704
-0.307704
-0.308330
-0.308330
-0.308174
-0.308565
-0.308722
-0.308800
-0.308722
-0.309035
-0.308957
-0.309270
-0.309426
-0.309583
-0.309504
-0.309739
-0.309661
-0.309974
-0.309818
-0.310287
-0.310444
-0.310444
-0.311070
-0.310992
-0.310913
-0.311148
-0.311070
-0.311774
-0.311618
-0.311774
-0.311853
-0.311931
-0.312009
-0.312166
-0.312557
-0.312635
-0.312870
-0.312713
-0.312948
-0.313027
-0.313261
-0.313496
-0.313574
-0.313574
-0.313653
-0.313809
-0.314201
-0.314592
-0.314435
-0.314592
-0.314748
-0.315140
-0.314905
-0.315609
-0.315531
-0.315688
-0.315688
-0.315923
-0.316314
-0.316157
-0.316314
-0.316627
-0.316784
-0.316862
-0.316784
-0.317253
-0.317488
-0.317331
-0.317410
-0.317644
-0.317879
-0.318271
-0.318192
-0.318427
-0.318897
-0.318975
-0.318975
-0.319053
-0.319210
-0.319523
-0.319523
-0.319993
-0.320071
-0.320306
-0.320619
-0.320775
-0.320854
-0.321088
-0.321401
-0.321480
-0.321636
-0.321871
-0.322028
-0.322262
-0.322184
-0.322497
-0.322967
-0.323045
-0.322967
-0.323358
-0.323202
-0.323515
-0.323828
-0.323984
-0.324219
-0.324063
-0.324297
-0.324610
-0.324924
-0.325237
-0.325393
-0.325471
-0.325471
-0.325863
-0.326332
-0.326098
-0.326254
-0.326411
-0.326567
-0.326802
-0.327272
-0.327350
-0.327741
-0.327820
-0.327976
-0.327663
-0.328133
-0.328289
-0.328446
-0.328602
-0.328915
-0.329072
-0.329228
-0.329228
-0.329620
-0.329933
-0.329698
-0.329776
-0.330246
-0.330559
-0.330872
-0.331185
-0.331342
-0.331577
-0.331733
-0.332046
-0.331811
-0.332203
-0.332281
-0.332359
-0.332751
-0.332516
-0.333064
-0.333220
-0.333612
-0.333768
-0.333925
-0.334003
-0.334159
-0.334316
-0.334707
-0.334786
-0.334629
-0.335099
-0.335490
-0.335490
-0.335960
-0.336038
-0.336664
-0.336821
-0.336586
-0.336977
-0.337290
-0.337212
-0.337760
-0.337760
-0.338308
-0.338308
-0.338386
-0.338777
-0.338934
-0.339247
-0.339403
-0.339560
-0.339795
-0.340186
-0.340499
-0.340656
-0.340812
-0.340891
-0.341438
-0.341673
-0.341908
-0.341908
-0.341986
-0.342221
-0.342378
-0.342613
-0.342769
-0.343160
-0.343239
-0.343630
-0.343943
-0.343943
-0.344178
-0.344256
-0.344569
-0.344804
-0.345039
-0.345195
-0.345195
-0.345743
-0.345978
-0.346291
-0.346526
-0.346917
-0.346604
-0.346839
-0.346996
-0.347544
-0.347387
-0.347700
-0.347857
-0.348170
-0.348405
-0.348483
-0.348874
-0.349109
-0.348952
-0.349422
-0.349657
-0.349813
-0.350126
-0.350518
-0.350361
-0.350831
-0.351222
-0.351535
-0.351535
-0.351848
-0.352083
-0.352396
-0.352553
-0.352788
-0.353022
-0.352866
-0.353492
-0.353649
-0.353805
-0.354353
-0.354275
-0.354275
-0.354588
-0.355057
-0.355136
-0.355292
-0.355371
-0.356075
-0.355762
-0.356466
-0.356858
-0.357014
-0.356858
-0.357249
-0.357406
-0.357484
-0.358032
-0.358345
-0.358580
-0.358893
-0.358893
-0.359362
-0.359441
-0.359675
-0.359988
-0.360536
-0.360693
-0.361162
-0.361710
-0.361632
-0.361867
-0.362258
-0.362415
-0.362415
-0.362728
-0.362963
-0.363276
-0.363198
-0.363667
-0.364293
-0.364293
-0.364293
-0.364450
-0.364841
-0.364998
-0.365546
-0.365937
-0.366172
-0.366015
-0.366407
-0.366485
-0.366720
-0.366954
-0.367268
-0.367346
-0.367424
-0.368050
-0.368676
-0.368520
-0.368833
-0.368989
-0.369224
-0.369537
-0.369772
-0.369929
-0.370398
-0.370555
-0.370711
-0.371024
-0.371181
-0.371651
-0.371494
-0.372199
-0.372042
-0.372199
-0.372433
-0.372981
-0.373373
-0.373294
-0.373999
-0.373999
-0.374234
-0.374390
-0.374781
-0.374860
-0.375016
-0.375251
-0.375721
-0.375877
-0.376034
-0.376269
-0.376503
-0.376738
-0.376895
-0.377208
-0.377443
-0.377521
-0.378069
-0.378147
-0.378538
-0.378617
-0.379086
-0.379634
-0.379869
-0.379869
-0.380104
-0.380417
-0.380417
-0.380573
-0.381121
-0.381356
-0.381904
-0.381904
-0.382139
-0.382608
-0.382921
-0.382765
-0.383235
-0.383469
-0.383782
-0.383782
-0.384017
-0.384409
-0.384409
-0.384722
-0.385191
-0.385583
-0.385583
-0.385974
-0.386052
-0.386287
-0.386678
-0.387148
-0.387539
-0.387618
-0.387774
-0.388087
-0.388400
-0.388635
-0.388635
-0.388948
-0.389183
-0.389261
-0.390044
-0.390279
-0.390514
-0.390670
-0.391218
-0.391453
-0.391688
-0.392079
-0.391923
-0.392236
-0.392627
-0.393018
-0.393253
-0.393488
-0.393879
-0.393879
-0.393958
-0.394505
-0.394818
-0.394662
-0.395053
-0.395288
-0.395758
-0.395836
-0.396306
-0.396462
-0.396697
-0.396932
-0.397245
-0.397167
-0.397401
-0.398106
-0.398106
-0.398184
-0.398654
-0.399202
-0.399358
-0.399671
-0.400141
-0.400376
-0.400689
-0.400924
-0.401315
-0.401628
-0.401785
-0.402489
-0.402724
-0.402489
-0.403115
-0.403350
-0.403350
-0.403663
-0.404289
-0.404367
-0.404367
-0.404915
-0.405150
-0.405150
-0.405385
-0.405933
-0.406089
-0.406402
-0.406637
-0.406794
-0.407185
-0.407498
-0.407576
-0.407811
-0.408046
-0.408594
-0.408672
-0.408751
-0.409220
-0.409611
-0.410081
-0.410159
-0.410159
-0.410472
-0.410864
-0.411177
-0.411568
-0.411803
-0.412038
-0.412821
-0.412664
-0.412821
-0.413212
-0.413368
-0.413525
-0.413838
-0.414073
-0.414073
-0.414542
-0.414856
-0.415247
-0.415403
-0.415717
-0.416030
-0.416421
-0.416421
-0.416656
-0.416969
-0.417438
-0.417517
-0.417595
-0.417673
-0.418221
-0.418534
-0.418847
-0.419317
-0.419317
-0.419787
-0.420178
-0.420178
-0.420491
-0.420882
-0.421274
-0.421274
-0.421822
-0.422135
-0.422291
-0.422604
-0.422917
-0.423074
-0.423465
-0.423700
-0.423935
-0.424013
-0.424170
-0.424483
-0.424718
-0.425031
-0.425422
-0.425735
-0.425579
-0.426205
-0.426361
-0.426831
-0.426909
-0.427144
-0.427457
-0.427535
-0.427848
-0.428240
-0.428161
-0.428944
-0.429101
-0.429414
-0.430040
-0.430040
-0.430040
-0.430196
-0.430431
-0.431057
-0.431370
-0.431605
-0.431997
-0.432623
-0.432545
-0.433014
-0.433092
-0.433327
-0.433640
-0.433797
-0.434032
-0.434266
-0.434658
-0.435206
-0.435441
-0.435441
-0.435832
-0.436301
-0.436458
-0.436615
-0.436928
-0.437084
-0.437397
-0.437789
-0.437867
-0.437945
-0.438571
-0.438728
-0.438884
-0.439119
-0.439589
-0.439980
-0.440137
-0.440372
-0.440685
-0.440763
-0.441232
-0.441624
-0.441702
-0.442328
-0.442641
-0.442798
-0.442798
-0.443267
-0.443659
-0.444050
-0.444128
-0.444442
-0.444285
-0.444676
-0.445068
-0.445459
-0.445537
-0.445850
-0.446320
-0.446477
-0.446946
-0.446790
-0.447181
-0.447572
-0.447885
-0.448355
-0.448512
-0.448746
-0.448981
-0.449373
-0.449373
-0.449373
-0.449999
-0.450077
-0.450625
-0.450625
-0.451016
-0.451486
-0.451877
-0.452190
-0.452582
-0.452738
-0.453051
-0.453051
-0.453364
-0.453756
-0.453834
-0.454069
-0.454460
-0.454851
-0.455165
-0.455243
-0.455556
-0.455947
-0.456339
-0.456025
-0.456417
-0.456965
-0.457200
-0.457434
-0.457826
-0.458060
-0.458374
-0.458687
-0.458843
-0.459156
-0.459391
-0.459861
-0.460017
-0.460096
-0.460643
-0.460643
-0.461113
-0.461504
-0.461739
-0.462131
-0.462444
-0.462522
-0.463305
-0.463383
-0.463774
-0.463774
-0.464166
-0.464322
-0.464948
-0.465183
-0.465261
-0.465809
-0.466122
-0.466357
-0.466670
-0.466748
-0.467140
-0.467531
-0.467688
-0.467922
-0.468157
-0.468392
-0.468549
-0.468705
-0.469175
-0.469566
-0.469957
-0.470036
-0.470662
-0.470584
-0.470975
-0.471445
-0.471523
-0.471993
-0.472227
-0.472462
-0.473010
-0.473401
-0.473558
-0.473714
-0.474106
-0.474497
-0.474575
-0.475045
-0.475280
-0.475515
-0.475436
-0.475749
-0.476063
-0.476376
-0.476767
-0.477237
-0.477315
-0.477784
-0.478019
-0.478332
-0.478645
-0.478724
-0.479037
-0.479350
-0.479506
-0.480054
-0.480211
-0.480680
-0.480837
-0.481620
-0.481620
-0.482089
-0.482402
-0.482637
-0.482794
-0.482950
-0.483263
-0.483576
-0.483811
-0.484046
-0.484437
-0.484750
-0.485064
-0.485611
-0.485690
-0.485925
-0.486316
-0.486786
-0.486786
-0.486864
-0.487255
-0.487881
-0.488116
-0.488586
-0.488742
-0.488977
-0.489290
-0.489525
-0.489681
-0.489995
-0.490386
-0.490464
-0.490699
-0.491638
-0.491403
-0.491717
-0.492577
-0.492421
-0.492891
-0.493204
-0.493282
-0.493438
-0.493673
-0.494143
-0.494534
-0.495004
-0.494847
-0.495160
-0.495473
-0.495708
-0.496100
-0.496569
-0.497039
-0.497039
-0.497195
-0.497508
-0.497822
-0.498135
-0.498526
-0.498917
-0.499074
-0.499778
-0.500013
-0.500326
-0.500170
-0.500561
-0.501031
-0.501500
-0.501500
-0.501657
-0.502439
-0.502439
-0.502909
-0.503066
-0.503222
-0.503927
-0.504318
-0.504553
-0.504631
-0.504866
-0.505179
-0.505570
-0.505962
-0.506040
-0.506353
-0.506588
-0.506979
-0.507292
-0.507449
-0.507684
-0.508310
-0.508388
-0.508701
-0.509092
-0.509327
-0.509327
-0.509797
-0.510188
-0.510110
-0.510580
-0.511206
-0.511206
-0.511597
-0.511988
-0.512693
-0.512536
-0.512771
-0.513084
-0.513476
-0.513710
-0.514336
-0.514415
-0.514806
-0.514963
-0.515197
-0.515667
-0.515589
-0.515745
-0.515745
-0.516293
-0.516528
-0.516998
-0.517311
-0.517780
-0.517859
-0.518328
-0.518641
-0.519033
-0.519267
-0.519424
-0.519659
-0.520050
-0.520833
-0.520989
-0.521302
-0.521459
-0.521694
-0.521929
-0.522398
-0.522555
-0.522477
-0.523024
-0.523259
-0.523572
-0.524042
-0.524042
-0.524512
-0.524668
-0.525138
-0.525216
-0.525764
-0.525920
-0.526077
-0.526625
-0.526703
-0.527173
-0.527408
-0.527486
-0.528034
-0.528112
-0.528660
-0.528816
-0.529129
-0.529443
-0.529677
-0.529834
-0.530225
-0.530460
-0.530695
-0.531243
-0.531399
-0.531399
-0.531712
-0.532260
-0.532339
-0.532965
-0.532965
-0.533199
-0.533747
-0.533904
-0.534452
-0.534295
-0.534608
-0.534921
-0.535078
-0.535391
-0.535469
-0.535939
-0.536252
-0.536330
-0.536800
-0.537270
-0.537426
-0.537583
-0.537739
-0.537974
-0.538522
-0.538835
-0.539070
-0.539226
-0.539539
-0.540009
-0.540400
-0.540635
-0.540948
-0.541105
-0.541340
-0.541966
-0.542201
-0.542435
-0.542592
-0.542670
-0.543218
-0.543531
-0.543766
-0.544079
-0.544470
-0.544549
-0.544940
-0.545175
-0.545410
-0.545410
-0.545957
-0.546192
-0.546349
-0.546975
-0.547132
-0.547288
-0.547679
-0.547914
-0.548384
-0.548384
-0.548540
-0.549010
-0.549323
-0.549401
-0.549793
-0.550027
-0.550184
-0.550732
-0.550888
-0.551045
-0.551436
-0.551436
-0.552063
-0.552063
-0.552376
-0.553002
-0.553237
-0.553471
-0.553863
-0.554019
-0.554254
-0.554645
-0.554958
-0.555037
-0.555428
-0.555819
-0.556133
-0.555898
-0.556680
-0.557228
-0.557228
-0.557620
-0.557854
-0.557854
-0.558324
-0.558324
-0.558715
-0.559185
-0.559420
-0.559811
-0.560046
-0.560437
-0.560907
-0.561064
-0.561377
-0.561768
-0.562003
-0.562316
-0.562551
-0.563255
-0.563255
-0.563412
-0.563803
-0.563960
-0.564273
-0.564429
-0.564820
-0.565290
-0.565760
-0.565916
-0.565995
-0.566308
-0.566621
-0.566934
-0.567247
-0.567325
-0.567873
-0.568264
-0.568577
-0.568969
-0.569282
-0.569360
-0.569673
-0.570378
-0.570299
-0.570769
-0.571004
-0.571004
-0.571082
-0.571630
-0.572178
-0.572334
-0.572569
-0.572961
-0.573117
-0.573352
-0.573978
-0.574448
-0.574682
-0.574761
-0.575074
-0.575309
-0.575622
-0.575857
-0.576170
-0.576483
-0.576717
-0.577187
-0.577344
-0.577813
-0.577892
-0.578439
-0.578518
-0.578596
-0.579300
-0.579300
-0.580083
-0.580083
-0.580709
-0.580709
-0.580944
-0.581414
-0.581492
-0.582431
-0.582509
-0.582666
-0.583136
-0.583370
-0.583605
-0.583684
-0.584153
-0.584466
-0.584858
-0.584936
-0.585171
-0.585797
-0.586032
-0.586345
-0.586658
-0.586893
-0.587049
-0.587597
-0.587754
-0.588380
-0.588615
-0.588928
-0.589241
-0.589397
-0.589554
-0.590023
-0.590336
-0.590415
-0.590493
-0.591041
-0.591354
-0.591980
-0.591745
-0.592293
-0.592293
-0.592685
-0.593154
-0.593232
-0.593624
-0.594172
-0.594172
-0.594485
-0.594798
-0.595346
-0.595815
-0.595894
-0.596207
-0.596441
-0.596989
-0.597224
-0.597302
-0.597929
-0.598163
-0.598242
-0.598633
-0.598633
-0.599181
-0.599337
-0.599807
-0.599807
-0.600433
-0.600981
-0.601451
-0.601529
-0.602077
-0.602390
-0.602547
-0.603094
-0.603329
-0.603721
-0.604034
-0.604268
-0.604503
-0.604895
-0.605286
-0.605364
-0.605677
-0.606147
-0.606382
-0.606382
-0.606460
-0.607008
-0.607164
-0.607556
-0.607712
-0.608025
-0.608338
-0.608573
-0.609043
-0.609278
-0.609669
-0.610139
-0.610374
-0.610608
-0.610374
-0.610921
-0.611391
-0.611548
-0.612095
-0.612252
-0.612643
-0.612878
-0.613269
-0.613426
-0.613504
-0.614052
-0.614287
-0.614600
-0.614913
-0.615070
-0.615148
-0.615774
-0.615931
-0.616479
-0.616479
-0.616713
-0.617183
-0.617653
-0.617653
-0.617887
-0.618122
-0.618279
-0.618357
-0.618983
-0.619296
-0.619688
-0.619844
-0.620392
-0.620549
-0.620940
-0.621253
-0.621801
-0.621644
-0.622271
-0.622505
-0.622818
-0.623131
-0.623445
-0.623679
-0.623836
-0.624384
-0.624462
-0.624619
-0.625166
-0.625480
-0.625480
-0.625871
-0.626262
-0.626654
-0.626497
-0.626967
-0.627280
-0.627593
-0.628141
-0.628454
-0.628532
-0.629158
-0.628767
-0.629237
-0.629628
-0.629941
-0.630176
-0.630724
-0.631037
-0.631115
-0.631741
-0.632054
-0.632211
-0.632524
-0.632915
-0.633385
-0.633541
-0.633620
-0.633854
-0.634089
-0.634872
-0.634715
-0.635028
-0.635498
-0.635655
-0.636046
-0.636203
-0.636594
-0.636907
-0.637142
-0.637142
-0.637690
-0.637924
-0.638003
-0.638472
-0.638785
-0.639099
-0.639333
-0.639490
-0.639725
-0.640038
-0.640507
-0.640664
-0.641055
-0.641212
-0.641760
-0.642073
-0.642229
-0.642464
-0.642855
-0.643560
-0.643403
-0.643795
-0.643951
-0.644343
-0.644890
-0.645047
-0.645204
-0.645047
-0.645517
-0.645751
-0.646221
-0.646612
-0.647004
-0.647473
-0.647473
-0.647786
-0.648100
-0.648100
-0.648647
-0.648961
-0.648726
-0.649039
-0.649587
-0.649900
-0.650135
-0.650917
