-0.543688
-0.543688
-0.543922
-0.544236
-0.544627
-0.545253
-0.545331
-0.545723
-0.546114
-0.546427
-0.546505
-0.546897
-0.547053
-0.547601
-0.547914
-0.548071
-0.548306
-0.548619
-0.548775
-0.549167
-0.549480
-0.549949
-0.550106
-0.550341
-0.550810
-0.550967
-0.551358
-0.551593
-0.552141
-0.552141
-0.552689
-0.552845
-0.552845
-0.553471
-0.554019
-0.554332
-0.554254
-0.554880
-0.555037
-0.555037
-0.555272
-0.555585
-0.556054
-0.556367
-0.556602
-0.556994
-0.557228
-0.557620
-0.557933
-0.558168
-0.558637
-0.558950
-0.558872
-0.559263
-0.559889
-0.560124
-0.560359
-0.560829
-0.560985
-0.561690
-0.562003
-0.562316
-0.562551
-0.562864
-0.563020
-0.563020
-0.563568
-0.563881
-0.564194
-0.564507
-0.564742
-0.564977
-0.565368
-0.565603
-0.565681
-0.565995
-0.566229
-0.566699
-0.567012
-0.567012
-0.567482
-0.567873
-0.568186
-0.568421
-0.568656
-0.569047
-0.568969
-0.569282
-0.569595
-0.570221
-0.570299
-0.570612
-0.571004
-0.571317
-0.571630
-0.571787
-0.572178
-0.572413
-0.572804
-0.573430
-0.573352
-0.573508
-0.573665
-0.574213
-0.574369
-0.574604
-0.574839
-0.575387
-0.575622
-0.576013
-0.576404
-0.576639
-0.576561
-0.576874
-0.577187
-0.577657
-0.577344
-0.577813
-0.578283
-0.578596
-0.578831
-0.579144
-0.579457
-0.579770
-0.580161
-0.580631
-0.580709
-0.581492
-0.581570
-0.581335
-0.582196
-0.582353
-0.582744
-0.583057
-0.583370
-0.583684
-0.583918
-0.583918
-0.584231
-0.584388
-0.585014
-0.584936
-0.585249
-0.585640
-0.585953
-0.586032
-0.586345
-0.586814
-0.587284
-0.587519
-0.587597
-0.588067
-0.588536
-0.588615
-0.589084
-0.589162
-0.589475
-0.589632
-0.590102
-0.590493
-0.590728
-0.591432
-0.591354
-0.591902
-0.592371
-0.592293
-0.592763
-0.593076
-0.593389
-0.593546
-0.593624
-0.593937
-0.594406
-0.594563
-0.594876
-0.595267
-0.595424
-0.595737
-0.595894
-0.596285
-0.596441
-0.596520
-0.596833
-0.597146
-0.597459
-0.597850
-0.598085
-0.598163
-0.598711
-0.598868
-0.599337
-0.599651
-0.599885
-0.600120
-0.600433
-0.600746
-0.601216
-0.601451
-0.601842
-0.602155
-0.602547
-0.602938
-0.603564
-0.603721
-0.603955
-0.604112
-0.604503
-0.604660
-0.605051
-0.605051
-0.605677
-0.605756
-0.606147
-0.606382
-0.606695
-0.606851
-0.607399
-0.607399
-0.607634
-0.607947
-0.608730
-0.608808
-0.609121
-0.609434
-0.609278
-0.609982
-0.610139
-0.610374
-0.610452
-0.610843
-0.611156
-0.611469
-0.612330
-0.612565
-0.612643
-0.612956
-0.613191
-0.613504
-0.613583
-0.614130
-0.614052
-0.614600
-0.615070
-0.615226
-0.615461
-0.615774
-0.615931
-0.616244
-0.616322
-0.616557
-0.617340
-0.617574
-0.617496
-0.617887
-0.618357
-0.618983
-0.618592
-0.619140
-0.619453
-0.619688
-0.619609
-0.620079
-0.620236
-0.620549
-0.620862
-0.621566
-0.621957
-0.622036
-0.622349
-0.622897
-0.622975
-0.623445
-0.623288
-0.623523
-0.623992
-0.624540
-0.624619
-0.624619
-0.625010
-0.625558
-0.625714
-0.626419
-0.626419
-0.626575
-0.626967
-0.627593
-0.627671
-0.627906
-0.628219
-0.628610
-0.629080
-0.629315
-0.629628
-0.629863
-0.630254
-0.630567
-0.631350
-0.631350
-0.631819
-0.631898
-0.632054
-0.632446
-0.632837
-0.633072
-0.633228
-0.633541
-0.634011
-0.634246
-0.634481
-0.634872
-0.635107
-0.635498
-0.635889
-0.636124
-0.636046
-0.636750
-0.636985
-0.637142
-0.637377
-0.637611
-0.638081
-0.638316
-0.638394
-0.638864
-0.639255
-0.639490
-0.639881
-0.640038
-0.640742
-0.640664
-0.641134
-0.641212
-0.641760
-0.641838
-0.642151
-0.642386
-0.642777
-0.643403
-0.643325
-0.643716
-0.643951
-0.644343
-0.644734
-0.644969
-0.645125
-0.645517
-0.645751
-0.646221
-0.646378
-0.646769
-0.647317
-0.647473
-0.647630
-0.647943
-0.648256
-0.648882
-0.648804
-0.648882
-0.649430
-0.649743
-0.649821
-0.650526
-0.650839
-0.650604
-0.651074
-0.651387
-0.651622
-0.651935
-0.652404
-0.652952
-0.652796
-0.653187
-0.653892
-0.653970
-0.653970
-0.654205
-0.654752
-0.654909
-0.655457
-0.655770
-0.655927
-0.656396
-0.656631
-0.656787
-0.657257
-0.657492
-0.657805
-0.658353
-0.658509
-0.658666
-0.658979
-0.659136
-0.659370
-0.659762
-0.660075
-0.660466
-0.660701
-0.661249
-0.661484
-0.661640
-0.662110
-0.662266
-0.662501
-0.662814
-0.663127
-0.663127
-0.663597
-0.663519
-0.663754
-0.663519
-0.663519
-0.663832
-0.663519
-0.663440
-0.663206
-0.663049
-0.662893
-0.662893
-0.663127
-0.663049
-0.662658
-0.662814
-0.662345
-0.662032
-0.661797
-0.661405
-0.661327
-0.660779
-0.660544
-0.660623
-0.660310
-0.659918
-0.659918
-0.659292
-0.659214
-0.659057
-0.658901
-0.658353
-0.658040
-0.657570
-0.657414
-0.657257
-0.656631
-0.656474
-0.656083
-0.655457
-0.655222
-0.655066
-0.654831
-0.654518
-0.654361
-0.653735
-0.653578
-0.653109
-0.652952
-0.652404
-0.652248
-0.651935
-0.651622
-0.651387
-0.650917
-0.650604
-0.650448
-0.650526
-0.649821
-0.649352
-0.648961
-0.648647
-0.648413
-0.648100
-0.647630
-0.647082
-0.647082
-0.646691
-0.646534
-0.646221
-0.645908
-0.645595
-0.645360
-0.645204
-0.644656
-0.644030
-0.643795
-0.643638
-0.643090
-0.642777
-0.642777
-0.641916
-0.642073
-0.641760
-0.641290
-0.640586
-0.640586
-0.640116
-0.639725
-0.639020
-0.638864
-0.638472
-0.638159
-0.637768
-0.637768
-0.637142
-0.636907
-0.636672
-0.636046
-0.635968
-0.635576
-0.635498
-0.635342
-0.634715
-0.634168
-0.633933
-0.633854
-0.633385
-0.633072
-0.632602
-0.632211
-0.631819
-0.631428
-0.631506
-0.630958
-0.630489
-0.630332
-0.629941
-0.629706
-0.629237
-0.629080
-0.628610
-0.628219
-0.627906
-0.627515
-0.627358
-0.627123
-0.626810
-0.626106
-0.625871
-0.625558
-0.625323
-0.625010
-0.624462
-0.624149
-0.624071
-0.623758
-0.623366
-0.623131
-0.622818
-0.622584
-0.622192
-0.621801
-0.621096
-0.620862
-0.620392
-0.620236
-0.620157
-0.619531
-0.619140
-0.618905
-0.618435
-0.617809
-0.617887
-0.617574
-0.617183
-0.616713
-0.616322
-0.616009
-0.615931
-0.615461
-0.615070
-0.614600
-0.614209
-0.613974
-0.614052
-0.613739
-0.613426
-0.612878
-0.612487
-0.612095
-0.611861
-0.611391
-0.611078
-0.610530
-0.610374
-0.610139
-0.609826
-0.609121
-0.608965
-0.608573
-0.608573
-0.608260
-0.607712
-0.607321
-0.606773
-0.606460
-0.606147
-0.605990
-0.605364
-0.605364
-0.605129
-0.604738
-0.604425
-0.604268
-0.604034
-0.603799
-0.603407
-0.602860
-0.602390
-0.602077
-0.601372
-0.601216
-0.600825
-0.600668
-0.599964
-0.599572
-0.599416
-0.599103
-0.598868
-0.598320
-0.598163
-0.597850
-0.597302
-0.597068
-0.596441
-0.595815
-0.595972
-0.595502
-0.595111
-0.594798
-0.594406
-0.594172
-0.593780
-0.593546
-0.592763
-0.592841
-0.592528
-0.592137
-0.591667
-0.591354
-0.591119
-0.590571
-0.590336
-0.590023
-0.589397
-0.589397
-0.589006
-0.588615
-0.588536
-0.588145
-0.587832
-0.587519
-0.587049
-0.586893
-0.586266
-0.586345
-0.585640
-0.585092
-0.585014
-0.584466
-0.584153
-0.583762
-0.583449
-0.583057
-0.582666
-0.582588
-0.582118
-0.581962
-0.582040
-0.581570
-0.580631
-0.580318
-0.580005
-0.579770
-0.579457
-0.579066
-0.578596
-0.578283
-0.578283
-0.577657
-0.577500
-0.577344
-0.577109
-0.576639
-0.576091
-0.575622
-0.575543
-0.575465
-0.575074
-0.574369
-0.574213
-0.573978
-0.573508
-0.573195
-0.573117
-0.572647
-0.572491
-0.572021
-0.571787
-0.571473
-0.571395
-0.570769
-0.570299
-0.569986
-0.569830
-0.569595
-0.568969
-0.568969
-0.568108
-0.567795
-0.567325
-0.567169
-0.567090
-0.566621
-0.566308
-0.565995
-0.565681
-0.565290
-0.564977
-0.564664
-0.564429
-0.564429
-0.563881
-0.563099
-0.563099
-0.562707
-0.562551
-0.562159
-0.561768
-0.561298
-0.560750
-0.560516
-0.560046
-0.559968
-0.559263
-0.559263
-0.558559
-0.558637
-0.558402
-0.557698
-0.557698
-0.557307
-0.556915
-0.556759
-0.556602
-0.556289
-0.555976
-0.555428
-0.555193
-0.554724
-0.554567
-0.554176
-0.553941
-0.553471
-0.553393
-0.552845
-0.552923
-0.552297
-0.552219
-0.551906
-0.551280
-0.550967
-0.550732
-0.550027
-0.549636
-0.549401
-0.549245
-0.549167
-0.548775
-0.548384
-0.547992
-0.547445
-0.547445
-0.547288
-0.546740
-0.546271
-0.546114
-0.545723
-0.545253
-0.544862
-0.544627
-0.544157
-0.543922
-0.543609
-0.543140
-0.542827
-0.542905
-0.542357
-0.541887
-0.541887
-0.541418
-0.540792
-0.540713
-0.540479
-0.539931
-0.539618
-0.539148
-0.539226
-0.538678
-0.538522
-0.538130
-0.537583
-0.537035
-0.536956
-0.536722
-0.536330
-0.536095
-0.535939
-0.535469
-0.535078
-0.534921
-0.534921
-0.534374
-0.534374
-0.533982
-0.533669
-0.533356
-0.533121
-0.532808
-0.532417
-0.532025
-0.531791
-0.531321
-0.531008
-0.530695
-0.530617
-0.530225
-0.529756
-0.529364
-0.529286
-0.528738
-0.528660
-0.528425
-0.528034
-0.527408
-0.527486
-0.526860
-0.526781
-0.526390
-0.525999
-0.525920
-0.525373
-0.524903
-0.524668
-0.524198
-0.523964
-0.523729
-0.523337
-0.522946
-0.522868
-0.522555
-0.522007
-0.521537
-0.521146
-0.520755
-0.520363
-0.519894
-0.519659
-0.519346
-0.518720
-0.518798
-0.518485
-0.518172
-0.517780
-0.517624
-0.517154
-0.516919
-0.516685
-0.516293
-0.515902
-0.515511
-0.515511
-0.515119
-0.515119
-0.514336
-0.514258
-0.513476
-0.513397
-0.513162
-0.512849
-0.512693
-0.512145
-0.511910
-0.511675
-0.511362
-0.510893
-0.510345
-0.510188
-0.509875
-0.509640
-0.509484
-0.509014
-0.508623
-0.508153
-0.507762
-0.507762
-0.507370
-0.507214
-0.506901
-0.506588
-0.506040
-0.506118
-0.505492
-0.505335
-0.505179
-0.504788
-0.504161
-0.503848
-0.503770
-0.503379
-0.502753
-0.502439
-0.502283
-0.502048
-0.502048
-0.501187
-0.500874
-0.500718
-0.500561
-0.500170
-0.499935
-0.499309
-0.498917
-0.498917
-0.498604
-0.498291
-0.497900
-0.497352
-0.497039
-0.496647
-0.496726
-0.495865
-0.495943
-0.495473
-0.495160
-0.494769
-0.494612
-0.494534
-0.493986
-0.493830
-0.493517
-0.493438
-0.492969
-0.492812
-0.492343
-0.492030
-0.491873
-0.491560
-0.490934
-0.490621
-0.490308
-0.489916
-0.489681
-0.489368
-0.488899
-0.488742
-0.488429
-0.488038
-0.487490
-0.487255
-0.487020
-0.486551
-0.486081
-0.485925
-0.485377
-0.485142
-0.485064
-0.484516
-0.484281
-0.484281
-0.483733
-0.483420
-0.483107
-0.482794
-0.482402
-0.482011
-0.481541
-0.480994
-0.480367
-0.480289
-0.480133
-0.479741
-0.479585
-0.478880
-0.478567
-0.478489
-0.478019
-0.477471
-0.477002
-0.476924
-0.476297
-0.476063
-0.476063
-0.475515
-0.475202
-0.474810
-0.474419
-0.474262
-0.473871
-0.473949
-0.473558
-0.473010
-0.472697
-0.472071
-0.471758
-0.471210
-0.470818
-0.470584
-0.470505
-0.470349
-0.470114
-0.469488
-0.469097
-0.468627
-0.468392
-0.468079
-0.468079
-0.467609
-0.467140
-0.467218
-0.466670
-0.466435
-0.465809
-0.466044
-0.465340
-0.465105
-0.464948
-0.464400
-0.464087
-0.463774
-0.463539
-0.463148
-0.462678
-0.462365
-0.461896
-0.461896
-0.461270
-0.461035
-0.460956
-0.460330
-0.460096
-0.459704
-0.459391
-0.458921
-0.458843
-0.458530
-0.458217
-0.457747
-0.457356
-0.457356
-0.456886
-0.456808
-0.456339
-0.456339
-0.456025
-0.455712
-0.455086
-0.454851
-0.454460
-0.453990
-0.453756
-0.453521
-0.453286
-0.452738
-0.452582
-0.452425
-0.451799
-0.451721
-0.451486
-0.451094
-0.450703
-0.450390
-0.450234
-0.449842
-0.449138
-0.449059
-0.448825
-0.448277
-0.448198
-0.447651
-0.447338
-0.447259
-0.447181
-0.446555
-0.446398
-0.446163
-0.445537
-0.445381
-0.445224
-0.444911
-0.444442
-0.444050
-0.443737
-0.443659
-0.443267
-0.442876
-0.442563
-0.442250
-0.441937
-0.441702
-0.440841
-0.440685
-0.440215
-0.439824
-0.439432
-0.439354
-0.438884
-0.438806
-0.438415
-0.438023
-0.437867
-0.437397
-0.437006
-0.436771
-0.436615
-0.436145
-0.435597
-0.435284
-0.435362
-0.434580
-0.434580
-0.434266
-0.433797
-0.433327
-0.433092
-0.433014
-0.432466
-0.432075
-0.431840
-0.431449
-0.431136
-0.430666
-0.430510
-0.430040
-0.429962
-0.429805
-0.429179
-0.428709
-0.428553
-0.428240
-0.427927
-0.427535
-0.427457
-0.427457
-0.426987
-0.426518
-0.426283
-0.425657
-0.425813
-0.425579
-0.424952
-0.424639
-0.424404
-0.423857
-0.423544
-0.423309
-0.422839
-0.422839
-0.422526
-0.422369
-0.421978
-0.421665
-0.421352
-0.420961
-0.420334
-0.420021
-0.419630
-0.419395
-0.419004
-0.418613
-0.418378
-0.417986
-0.417595
-0.417517
-0.417204
-0.416891
-0.416421
-0.415795
-0.415638
-0.415403
-0.415169
-0.415090
-0.414386
-0.414229
-0.414073
-0.413760
-0.413290
-0.413368
-0.412821
-0.412507
-0.412351
-0.412038
-0.411490
-0.411255
-0.411020
-0.410629
-0.410551
-0.409846
-0.410238
-0.409690
-0.409220
-0.408985
-0.408594
-0.408516
-0.408281
-0.407733
-0.407342
-0.407107
-0.406402
-0.406402
-0.406089
-0.405698
-0.405385
-0.405228
-0.404915
-0.404367
-0.404367
-0.404211
-0.403820
-0.403428
-0.403428
-0.402959
-0.402411
-0.402254
-0.402098
-0.401628
-0.401393
-0.400845
-0.400532
-0.400454
-0.400063
-0.399202
-0.399045
-0.398967
-0.398654
-0.398262
-0.397871
-0.397558
-0.397323
-0.397088
-0.396854
-0.396540
-0.396149
-0.396227
-0.395679
-0.395288
-0.395132
-0.394897
-0.394271
-0.393801
-0.393801
-0.393488
-0.393175
-0.392940
-0.392549
-0.392236
-0.392157
-0.391766
-0.391453
-0.391140
-0.390435
-0.390279
-0.390122
-0.389653
-0.389653
-0.389105
-0.388792
-0.388635
-0.388087
-0.388087
-0.387931
-0.387618
-0.387070
-0.386757
-0.386522
-0.386131
-0.385896
-0.385426
-0.385191
-0.385113
-0.384487
-0.384330
-0.383939
-0.383626
-0.383313
-0.383156
-0.382843
-0.382374
-0.382217
-0.381826
-0.381669
-0.381591
-0.380652
-0.380339
-0.380339
-0.380026
-0.379712
-0.379243
-0.379008
-0.378460
-0.378538
-0.378225
-0.377599
-0.377364
-0.376973
-0.377130
-0.376738
-0.376190
-0.376112
-0.375799
-0.375486
-0.375173
-0.374938
-0.374468
-0.374155
-0.373920
-0.373764
-0.373451
-0.372746
-0.372668
-0.372355
-0.372433
-0.371885
-0.371651
-0.371572
-0.370711
-0.370711
-0.370633
-0.370320
-0.369850
-0.369850
-0.369146
-0.368833
-0.368755
-0.368442
-0.368128
-0.367894
-0.367268
-0.366954
-0.366798
-0.366563
-0.366093
-0.365467
-0.365311
-0.364998
-0.364685
-0.364528
-0.364372
-0.363902
-0.363511
-0.363511
-0.362806
-0.362493
-0.362258
-0.362023
-0.361632
-0.361084
-0.360693
-0.360302
-0.360302
-0.359754
-0.359597
-0.359206
-0.358814
-0.358501
-0.357953
-0.357953
-0.357640
-0.357406
-0.357249
-0.356701
-0.356388
-0.355997
-0.355840
-0.355762
-0.355449
-0.354901
-0.354666
-0.354353
-0.354040
-0.353649
-0.353336
-0.353257
-0.352944
-0.352944
-0.352318
-0.351848
-0.351614
-0.351535
-0.351300
-0.350753
-0.350831
-0.350126
-0.349813
-0.349422
-0.349109
-0.348796
-0.348718
-0.348326
-0.347935
-0.347857
-0.347309
-0.347230
-0.347152
-0.346526
-0.346056
-0.345822
-0.345430
-0.344882
-0.344726
-0.344569
-0.344334
-0.344178
-0.343865
-0.343474
-0.342847
-0.342926
-0.342456
-0.342065
-0.341830
-0.341360
-0.341125
-0.340812
-0.340891
-0.340812
-0.339951
-0.339873
-0.339169
-0.338777
-0.338621
-0.337995
-0.338151
-0.337525
-0.337290
-0.337134
-0.336977
-0.336429
-0.336194
-0.335960
-0.335490
-0.335412
-0.335177
-0.334707
-0.334629
-0.334159
-0.333846
-0.333768
-0.333455
-0.333220
-0.332751
-0.332359
-0.332046
-0.331733
-0.331263
-0.331107
-0.330559
-0.330402
-0.329855
-0.329776
-0.329541
-0.329307
-0.329072
-0.328681
-0.328367
-0.327976
-0.327741
-0.327663
-0.327272
-0.327115
-0.326724
-0.326489
-0.325941
-0.325941
-0.325550
-0.325471
-0.324924
-0.325002
-0.324610
-0.324063
-0.323750
-0.323280
-0.323436
-0.322732
-0.322497
-0.322419
-0.322341
-0.321793
-0.321793
-0.321480
-0.320932
-0.320697
-0.320697
-0.319914
-0.319523
-0.319445
-0.319210
-0.318819
-0.318740
-0.318584
-0.318114
-0.318036
-0.317410
-0.317331
-0.316784
-0.316705
-0.316157
-0.315844
-0.315766
-0.315453
-0.315218
-0.314905
-0.314905
-0.314435
-0.314201
-0.313809
-0.313653
-0.313418
-0.312870
-0.312557
-0.312244
-0.312087
-0.311931
-0.311461
-0.311226
-0.311226
-0.310835
-0.310600
-0.310600
-0.310052
-0.309739
-0.309270
-0.309035
-0.309191
-0.308565
-0.308096
-0.308017
-0.307782
-0.307704
-0.307548
-0.307313
-0.306922
-0.306530
-0.306295
-0.305904
-0.305591
-0.305513
-0.305434
-0.305121
-0.304652
-0.304339
-0.303947
-0.304026
-0.303478
-0.303243
-0.302617
-0.302538
-0.302304
-0.301991
-0.301677
-0.301521
-0.301286
-0.301208
-0.300503
-0.300347
-0.299956
-0.299721
-0.299016
-0.298938
-0.299016
-0.298625
-0.298234
-0.297999
-0.297529
-0.297451
-0.297216
-0.296825
-0.296825
-0.296355
-0.296199
-0.295807
-0.295416
-0.295181
-0.294711
-0.294633
-0.294398
-0.294007
-0.293929
-0.293537
-0.293303
-0.293068
-0.292676
-0.292442
-0.292207
-0.291815
-0.291815
-0.291581
-0.291111
-0.290876
-0.290720
-0.290407
-0.290015
-0.289546
-0.289389
-0.288998
-0.288919
-0.288372
-0.288372
-0.287824
-0.287980
-0.287745
-0.287276
-0.287041
-0.286650
-0.286728
-0.286180
-0.286180
-0.286023
-0.285241
-0.285084
-0.284615
-0.284615
-0.284223
-0.284067
-0.283519
-0.283362
-0.282971
-0.282893
-0.282658
-0.282345
-0.281640
-0.282110
-0.281797
-0.281249
-0.281014
-0.280545
-0.280623
-0.280388
-0.280075
-0.279684
-0.279057
-0.279057
-0.278823
-0.278353
-0.278353
-0.278118
-0.277805
-0.277336
-0.276709
-0.276788
-0.276709
-0.276318
-0.275770
-0.275692
-0.275144
-0.275144
-0.274831
-0.274831
-0.274361
-0.274126
-0.274048
-0.273579
-0.273422
-0.273187
-0.273031
-0.272796
-0.272483
-0.272248
-0.271778
-0.271935
-0.271387
-0.271074
-0.270996
-0.270761
-0.270370
-0.270056
-0.269743
-0.269430
-0.269195
-0.269039
-0.268726
-0.268804
-0.268491
-0.268335
-0.268021
-0.267630
-0.267239
-0.267160
-0.266691
-0.266221
-0.266221
-0.265908
-0.265517
-0.265204
-0.264891
-0.264812
-0.264734
-0.264421
-0.263873
-0.263795
-0.263482
-0.263325
-0.262934
-0.262777
-0.262543
-0.262073
-0.261838
-0.261760
-0.261682
-0.261368
-0.260742
-0.260821
-0.260508
-0.260194
-0.259725
-0.259333
-0.259020
-0.258864
-0.258473
-0.258316
-0.258238
-0.257925
-0.257612
-0.257298
-0.257142
-0.256907
-0.256594
-0.256281
-0.256046
-0.255811
-0.255498
-0.255263
-0.255263
-0.254872
-0.254324
-0.254324
-0.254011
-0.253776
-0.253776
-0.253463
-0.252915
-0.252759
-0.252524
-0.252367
-0.252054
-0.251820
-0.251585
-0.251193
-0.251037
-0.251037
-0.250724
-0.250489
-0.250489
-0.249941
-0.249237
-0.249237
-0.249315
-0.248924
-0.248611
-0.248297
-0.248297
-0.247828
-0.247671
-0.247436
-0.247202
-0.246810
-0.246576
-0.246576
-0.246106
-0.245949
-0.245871
-0.245558
-0.245558
-0.245323
-0.244775
-0.244619
-0.244384
-0.243836
-0.243601
-0.243445
-0.243053
-0.243132
-0.243053
-0.242819
-0.242427
-0.242271
-0.241801
-0.241723
-0.241331
-0.241018
-0.240940
-0.240549
-0.240236
-0.239844
-0.239766
-0.239766
-0.239609
-0.239218
-0.239062
-0.238435
-0.238122
-0.238122
-0.237809
-0.237731
-0.237340
-0.237183
-0.237261
-0.236792
-0.236635
-0.236635
-0.236087
-0.235931
-0.235853
-0.235383
-0.235305
-0.234835
-0.234522
-0.234365
-0.234444
-0.234209
-0.234052
-0.233896
-0.233661
-0.233583
-0.233113
-0.232800
-0.232643
-0.232330
-0.232330
-0.231783
-0.231861
-0.231469
-0.231548
-0.231235
-0.230687
-0.230843
-0.230765
-0.230295
-0.230139
-0.229982
-0.229748
-0.229434
-0.229121
-0.229200
-0.228887
-0.228965
-0.228573
-0.228260
-0.228182
-0.228026
-0.227634
-0.227243
-0.227008
-0.226852
-0.226617
-0.226773
-0.226147
-0.225912
-0.225834
-0.225521
-0.225286
-0.225051
-0.224895
-0.224817
-0.224660
-0.224582
-0.224347
-0.224269
-0.223799
-0.223721
-0.223564
-0.223564
-0.223408
-0.223095
-0.223016
-0.222703
-0.222155
-0.221999
-0.222077
-0.222077
-0.221686
-0.221294
-0.221138
-0.220825
-0.220668
-0.220590
-0.220746
-0.220512
-0.220042
-0.219964
-0.219964
-0.219651
-0.219651
-0.219416
-0.218946
-0.218555
-0.218398
-0.218242
-0.217929
-0.217929
-0.217537
-0.217616
-0.217537
-0.217303
-0.217146
-0.216990
-0.216520
-0.216442
-0.216285
-0.216129
-0.215972
-0.215894
-0.215111
-0.215111
-0.215189
-0.215033
-0.215033
-0.214798
-0.214407
-0.214328
-0.214250
-0.214328
-0.213702
-0.213702
-0.213624
-0.213624
-0.213389
-0.212919
-0.213154
-0.212606
-0.212372
-0.212293
-0.211980
-0.211980
-0.211824
-0.211745
-0.211745
-0.211354
-0.211432
-0.211119
-0.211119
-0.210884
-0.210258
-0.210258
-0.210102
-0.210024
-0.209867
-0.209867
-0.209710
-0.209397
-0.209397
-0.209006
-0.208615
-0.208145
-0.208536
-0.208458
-0.208145
-0.207910
-0.208145
-0.207832
-0.207754
-0.207675
-0.207597
-0.207519
-0.207128
-0.207206
-0.206971
-0.206893
-0.206501
-0.206423
-0.206267
-0.206110
-0.205953
-0.205953
-0.205640
-0.205484
-0.205484
-0.205484
-0.205014
-0.205014
-0.204623
-0.204858
-0.204858
-0.204232
-0.203918
-0.204153
-0.203918
-0.203605
-0.203527
-0.203449
-0.203292
-0.203058
-0.203136
-0.203136
-0.203058
-0.202823
-0.202744
-0.202510
-0.202275
-0.202118
-0.202040
-0.201805
-0.201649
-0.201492
-0.201570
-0.201179
-0.201336
-0.201257
-0.200788
-0.200396
-0.200240
-0.200083
-0.199927
-0.199848
-0.199848
-0.199770
-0.199692
-0.199379
-0.199535
-0.198987
-0.198987
-0.198987
-0.198674
-0.198361
-0.198440
-0.198518
-0.198283
-0.198518
-0.198283
-0.197970
-0.197735
-0.197579
-0.197344
-0.197579
-0.197187
-0.197187
-0.196952
-0.196796
-0.197031
-0.196718
-0.196639
-0.196483
-0.196483
-0.196248
-0.196483
-0.196326
-0.196405
-0.195857
-0.195778
-0.196013
-0.195778
-0.195857
-0.195622
-0.195622
-0.195465
-0.195309
-0.195231
-0.195152
-0.195074
-0.195074
-0.194996
-0.194604
-0.194917
-0.194839
-0.194604
-0.194370
-0.194370
-0.194526
-0.194213
-0.194448
-0.194135
-0.193743
-0.193822
-0.193743
-0.193743
-0.193509
-0.193587
-0.193352
-0.193352
-0.193274
-0.193039
-0.193039
-0.192726
-0.192882
-0.192882
-0.192882
-0.192491
-0.192413
-0.192569
-0.192335
-0.192726
-0.192726
-0.192491
-0.192491
-0.192335
-0.192256
-0.192335
-0.192100
-0.192100
-0.192256
-0.191865
-0.192021
-0.191943
-0.191943
-0.192021
-0.192021
-0.191787
-0.191630
-0.191630
-0.191943
-0.191865
-0.191787
-0.191552
-0.191552
-0.191630
-0.191630
-0.191474
-0.191474
-0.191474
-0.191395
-0.190926
-0.191160
-0.191082
-0.191395
-0.191160
-0.190847
-0.191160
-0.191160
-0.191004
-0.191004
-0.190926
-0.190534
-0.190769
-0.190769
-0.190456
-0.190300
-0.190456
-0.190534
-0.190613
-0.191004
-0.190613
-0.190300
-0.190456
-0.190300
-0.190613
-0.190378
-0.190378
-0.190300
-0.190769
-0.190534
-0.190378
-0.190378
-0.190300
-0.190065
-0.190143
-0.189986
-0.189986
-0.189830
-0.190456
-0.190300
-0.190613
-0.190143
-0.190221
-0.190065
-0.189439
-0.189752
-0.189752
-0.189595
-0.189986
-0.189752
-0.189752
-0.190143
-0.189830
-0.190143
-0.189908
-0.189673
-0.189830
-0.189986
-0.189830
-0.189908
-0.189595
-0.190065
-0.189752
-0.189752
-0.189986
-0.189908
-0.189517
-0.189830
-0.189752
-0.189673
-0.189673
-0.189752
-0.189673
-0.189908
-0.189752
-0.189752
-0.189830
-0.189908
-0.189517
-0.189595
-0.189986
-0.189752
-0.189830
-0.189752
-0.189830
-0.190300
-0.190065
-0.190065
-0.189830
-0.189595
-0.189673
-0.189595
-0.189830
-0.190143
-0.190143
-0.190300
-0.190456
-0.190613
-0.190065
-0.189986
-0.189830
-0.189752
-0.190065
-0.190221
-0.190300
-0.190065
-0.190769
-0.190769
-0.190534
-0.190613
-0.190221
-0.190456
-0.190300
-0.190378
-0.190534
-0.190456
-0.190534
-0.190534
-0.190926
-0.190769
-0.190613
-0.190534
-0.190613
-0.190534
-0.190691
-0.190534
-0.190769
-0.191082
-0.190769
-0.191082
-0.191004
-0.190926
-0.190769
-0.190847
-0.190926
-0.190926
-0.190769
-0.190769
-0.191160
-0.191160
-0.191160
-0.191004
-0.190847
-0.190691
-0.190847
-0.190847
-0.191004
-0.190926
-0.191160
-0.191082
-0.191004
-0.191239
-0.191160
-0.191004
-0.191004
-0.191552
-0.190847
-0.191239
-0.191239
-0.191317
-0.191552
-0.191474
-0.191317
-0.191395
-0.191630
-0.191317
-0.191239
-0.191239
-0.191160
-0.191160
-0.191239
-0.191239
-0.191317
-0.191630
-0.191395
-0.191004
-0.191160
-0.190926
-0.191160
-0.191317
-0.191239
-0.191317
-0.191160
-0.191239
-0.191474
-0.191395
-0.191082
-0.191082
-0.191004
-0.191395
-0.190926
-0.191082
-0.190926
-0.191082
-0.191004
-0.190769
-0.190769
-0.190691
-0.190456
-0.190769
-0.190534
-0.190613
-0.190221
-0.190613
-0.190613
-0.190221
-0.190378
-0.190300
-0.190065
-0.190143
-0.189752
-0.189908
-0.189908
-0.189908
-0.190065
-0.189595
-0.189595
-0.189752
-0.189595
-0.189439
-0.189047
-0.189204
-0.188812
-0.188812
-0.188578
-0.188578
-0.188656
-0.188656
-0.188656
-0.188578
-0.188499
-0.188343
-0.188421
-0.188030
-0.187717
-0.187482
-0.187638
-0.187482
-0.187325
-0.187404
-0.187169
-0.187090
-0.186934
-0.186777
-0.186464
-0.186464
-0.186229
-0.186229
-0.185995
-0.185916
-0.185838
-0.185603
-0.185682
-0.185603
-0.185055
-0.184977
-0.184664
-0.184508
-0.184429
-0.184351
-0.184194
-0.183960
-0.183725
-0.183568
-0.183412
-0.183020
-0.183020
-0.182707
-0.182473
-0.182394
-0.182159
-0.181846
-0.181768
-0.181612
-0.181142
-0.180672
-0.180672
-0.180359
-0.179811
-0.179811
-0.179420
-0.179107
-0.179029
-0.178872
-0.178716
-0.178403
-0.177776
-0.177776
-0.177307
-0.177072
-0.176915
-0.176759
-0.176289
-0.175976
-0.175898
-0.175585
-0.175193
-0.174724
-0.174567
-0.174332
-0.174332
-0.173785
-0.173472
-0.173080
-0.172689
-0.172611
-0.172297
-0.171984
-0.171515
-0.171045
-0.170497
-0.170497
-0.170262
-0.169715
-0.169480
-0.169245
-0.168775
-0.168306
-0.167758
-0.167523
-0.167366
-0.167132
-0.166506
-0.166192
-0.165879
-0.165801
-0.165253
-0.164862
-0.164236
-0.163923
-0.163531
-0.163140
-0.162749
-0.162279
-0.161809
-0.161496
-0.161105
-0.160635
-0.160244
-0.159696
-0.158679
-0.158679
-0.158052
-0.157583
-0.157113
-0.156800
-0.156409
-0.156017
-0.155548
-0.155078
-0.154452
-0.154217
-0.153748
-0.153121
-0.152652
-0.152573
-0.151634
-0.151399
-0.150695
-0.150460
-0.149599
-0.149208
-0.148660
-0.148190
-0.147877
-0.147251
-0.146703
-0.146312
-0.146155
-0.145529
-0.144590
-0.143964
-0.143494
-0.143025
-0.142711
-0.142320
-0.141694
-0.141068
-0.140911
-0.140129
-0.139502
-0.138798
-0.138094
-0.137780
-0.137311
-0.136763
-0.136215
-0.135824
-0.135511
-0.134650
-0.134024
-0.133163
-0.132771
-0.132615
-0.131754
-0.131597
-0.131049
-0.130032
-0.129406
-0.129171
-0.128466
-0.127684
-0.127058
-0.126197
-0.126118
-0.125336
-0.124866
-0.124396
-0.123457
-0.123066
-0.122753
-0.121579
-0.121109
-0.120561
-0.120013
-0.119231
-0.118917
-0.118057
-0.117430
-0.116648
-0.116335
-0.115552
-0.114691
-0.114065
-0.113830
-0.113282
-0.112812
-0.111951
-0.111169
-0.110621
-0.109995
-0.109369
-0.108899
-0.107960
-0.107725
-0.107177
-0.106942
-0.106316
-0.105377
-0.104594
-0.104124
-0.103420
-0.102872
-0.102168
-0.101385
-0.100915
-0.099976
-0.099741
-0.099037
-0.098098
-0.097863
-0.097002
-0.096532
-0.095515
-0.095045
-0.094419
-0.093949
-0.093402
-0.092854
-0.092071
-0.091680
-0.090897
-0.090271
-0.089410
-0.088471
-0.088001
-0.087610
-0.087218
-0.086983
-0.086279
-0.085340
-0.084400
-0.083774
-0.083305
-0.082287
-0.081661
-0.081113
-0.080487
-0.080252
-0.079391
-0.078295
-0.077434
-0.076730
-0.076182
-0.075478
-0.074695
-0.074225
-0.073756
-0.073208
-0.073051
-0.072034
-0.071095
-0.070155
-0.069451
-0.068825
-0.067886
-0.067181
-0.066633
-0.066164
-0.065537
-0.065068
-0.063816
-0.063111
-0.062172
-0.061781
-0.061154
-0.060137
-0.059511
-0.059432
-0.058337
-0.057710
-0.057084
-0.056145
-0.055519
-0.054893
-0.054110
-0.053562
-0.052936
-0.053014
-0.052388
-0.051605
-0.050666
-0.049805
-0.049023
-0.048553
-0.047692
-0.047144
-0.046518
-0.046127
-0.045735
-0.044796
-0.044092
-0.043074
-0.042683
-0.041900
-0.041587
-0.040648
-0.040100
-0.039317
-0.038847
-0.038143
-0.037517
-0.036343
-0.035795
-0.035325
-0.034386
-0.033838
-0.033056
-0.032586
-0.032273
-0.031647
-0.030864
-0.029846
-0.028829
-0.028672
-0.027811
-0.026950
-0.026246
-0.025698
-0.025542
-0.025385
-0.024368
-0.023350
-0.022411
-0.021941
-0.021159
-0.020376
-0.019671
-0.019123
-0.018889
-0.018497
-0.017245
-0.016619
-0.015914
-0.015367
-0.014897
-0.014349
-0.013410
-0.013253
-0.012549
-0.012236
-0.011923
-0.010905
-0.010044
-0.009340
-0.008635
-0.007774
-0.007461
-0.006757
-0.006209
-0.005818
-0.005035
-0.004487
-0.003626
-0.002922
-0.002452
-0.001982
-0.001200
-0.000965
-0.000026
-0.000182
0.000522
0.001305
0.002244
0.002714
0.003105
0.003575
0.004514
0.005218
0.005688
0.006236
0.006549
0.007410
0.008506
0.009132
0.009602
0.010071
0.010541
0.011402
0.011793
0.012184
0.012732
0.013358
0.014219
0.014767
0.015472
0.016020
0.016411
0.017272
0.017350
0.018055
0.018524
0.019150
0.020011
0.020794
0.021342
0.022281
0.022438
0.023142
0.023534
0.023768
0.024160
0.025021
0.025647
0.026508
0.027134
0.027369
0.027917
0.028230
0.029169
0.029560
0.030108
0.030734
0.031282
0.032143
0.032769
0.033239
0.033630
0.034257
0.034726
0.035196
0.035665
0.036057
0.036761
0.037622
0.038483
0.039109
0.039344
0.039892
0.040831
0.041223
0.041770
0.041927
0.042710
0.043336
0.044197
0.044666
0.045058
0.045527
0.046232
0.046701
0.047093
0.047406
0.048189
0.049128
0.049519
0.050067
0.050615
0.051319
0.051632
0.052415
0.052885
0.053276
0.053746
0.054372
0.055076
0.055624
0.056016
0.056642
0.056955
0.057346
0.057894
0.058364
0.058911
0.059225
0.060242
0.060790
0.061416
0.061807
0.062121
0.062668
0.063138
0.063686
0.064077
0.064547
0.065173
0.065564
0.066191
0.066582
0.067365
0.067913
0.068382
0.068852
0.069321
0.069713
0.070261
0.070809
0.071278
0.071356
0.072217
0.072374
0.073078
0.073704
0.073939
0.074565
0.075113
0.075661
0.076131
0.076522
0.076757
0.077148
0.078088
0.078401
0.079105
0.079418
0.080357
0.081297
0.081453
0.081766
0.082627
0.083175
0.083801
0.084193
0.084662
0.084819
0.085680
0.086071
0.086384
0.086854
0.087167
0.088106
0.088419
0.088811
0.089515
0.089985
0.090454
0.091080
0.091237
0.091707
0.092176
0.092646
0.093428
0.093428
0.094133
0.094837
0.095229
0.095385
0.096168
0.096246
0.096638
0.097342
0.097733
0.098438
0.098907
0.099455
0.100003
0.100316
0.100942
0.101725
0.101803
0.102273
0.102899
0.103604
0.103917
0.104543
0.104778
0.105169
0.105795
0.106343
0.106656
0.107360
0.107908
0.108378
0.108769
0.109474
0.109787
0.110256
0.110804
0.110883
0.111431
0.111900
0.112135
0.112918
0.113309
0.113935
0.114483
0.115031
0.115344
0.115344
0.116048
0.116362
0.116909
0.117222
0.117692
0.118083
0.118866
0.119258
0.120118
0.120040
0.120588
0.121214
0.121919
0.122310
0.122936
0.123249
0.123719
0.124110
0.124502
0.125128
0.125363
0.125989
0.126537
0.127084
0.127241
0.127632
0.128024
0.128259
0.129041
0.129041
0.129589
0.130450
0.130998
0.131546
0.131859
0.132563
0.132720
0.133033
0.133424
0.133972
0.134442
0.134990
0.135851
0.136007
0.136633
0.137181
0.137181
0.137494
0.138121
0.138434
0.138903
0.139608
0.139999
0.140625
0.140938
0.141330
0.141956
0.142269
0.142582
0.143130
0.143912
0.144539
0.144852
0.145008
0.145713
0.146104
0.146261
0.146730
0.146808
0.147748
0.148139
0.148765
0.149000
0.149391
0.150096
0.150331
0.150174
0.151035
0.151348
0.151505
0.152209
0.152835
0.153383
0.153540
0.153774
0.154479
0.154792
0.155262
0.155418
0.155809
0.156436
0.157297
0.157453
0.157923
0.158314
0.158784
0.159097
0.159332
0.160114
0.160427
0.161054
0.161288
0.162071
0.162384
0.162854
0.163167
0.163167
0.163558
0.164497
0.165124
0.165280
0.165750
0.166141
0.166376
0.166924
0.167002
0.167393
0.167707
0.168333
0.168881
0.169194
0.169585
0.170055
0.170446
0.170916
0.171150
0.171463
0.171933
0.172168
0.173029
0.173342
0.173498
0.174046
0.174438
0.174829
0.175064
0.175220
0.175925
0.176473
0.176864
0.177255
0.177647
0.177725
0.178195
0.178586
0.178899
0.179290
0.179447
0.180308
0.180778
0.181325
0.181325
0.181560
0.181795
0.182343
0.182578
0.182813
0.183204
0.183987
0.184691
0.184769
0.185395
0.185552
0.186335
0.186256
0.186804
0.186961
0.187587
0.188135
0.188135
0.188683
0.189309
0.189466
0.189935
0.190092
0.190561
0.190796
0.191266
0.192127
0.192440
0.192518
0.193144
0.193614
0.193927
0.194162
0.194475
0.194944
0.195414
0.195571
0.196040
0.196510
0.196666
0.197371
0.197371
0.197840
0.198310
0.198388
0.199014
0.199406
0.199719
0.199954
0.200423
0.201128
0.201128
0.201597
0.201910
0.202302
0.202771
0.203163
0.203711
0.204024
0.204337
0.204728
0.204963
0.205511
0.205746
0.206372
0.206607
0.207154
0.207546
0.207624
0.207859
0.208172
0.208798
0.209346
0.209346
0.209581
0.210207
0.210677
0.210990
0.211381
0.211772
0.212320
0.212712
0.213181
0.213338
0.213729
0.214120
0.214277
0.214825
0.214825
0.215373
0.215921
0.215999
0.216390
0.217173
0.217173
0.217643
0.217956
0.218425
0.218738
0.219208
0.219756
0.219756
0.220460
0.220930
0.221243
0.221634
0.222026
0.222339
0.222887
0.223043
0.223826
0.223982
0.223982
0.224530
0.224843
0.225313
0.225626
0.226096
0.226331
0.226722
0.227192
0.227505
0.227974
0.228209
0.228600
0.228913
0.228992
0.229618
0.229853
0.230166
0.230479
0.230949
0.231418
0.231262
0.232123
0.232436
0.232827
0.233218
0.233375
0.233766
0.234236
0.234784
0.234705
0.235332
0.235801
0.236114
0.236271
0.236662
0.237210
0.237523
0.237836
0.238228
0.238619
0.238697
0.239245
0.239636
0.240028
0.240576
0.241280
0.241202
0.242063
0.241985
0.242532
0.242767
0.243315
0.243393
0.243706
0.244176
0.244489
0.245272
0.245428
0.245820
0.246368
0.246211
0.246994
0.246994
0.247385
0.247777
0.248168
0.248794
0.249264
0.249655
0.249890
0.250125
0.250594
0.250751
0.251377
0.251925
0.251925
0.252394
0.252942
0.253021
0.253725
0.254038
0.254429
0.254508
0.255056
0.255682
0.256230
0.256230
0.256778
0.256934
0.257247
0.257325
0.257795
0.257952
0.258578
0.259126
0.259439
0.259752
0.260221
0.260691
0.260769
0.261239
0.261552
0.262178
0.262569
0.262804
0.263274
0.263430
0.263744
0.264213
0.264135
0.264448
0.264839
0.265465
0.265935
0.266248
0.266640
0.267109
0.267500
0.267814
0.267970
0.268283
0.268675
0.268831
0.269536
0.269849
0.270162
0.270396
0.270788
0.271101
0.271336
0.271884
0.272197
0.272823
0.272979
0.273214
0.273449
0.273919
0.274153
0.274467
0.274623
0.275249
0.275641
0.275875
0.276423
0.276658
0.277128
0.277519
0.277597
0.277832
0.278145
0.278850
0.279163
0.279241
0.280102
0.280493
0.280728
0.280885
0.281433
0.281511
0.282059
0.282450
0.282763
0.283154
0.283702
0.283937
0.284329
0.284563
0.284720
0.285189
0.285737
0.285972
0.286207
0.286598
0.286990
0.287303
0.288085
0.288085
0.288555
0.288868
0.289103
0.289651
0.289964
0.290277
0.290512
0.291060
0.291373
0.291451
0.291842
0.292469
0.293016
0.292938
0.293251
0.293564
0.293799
0.294504
0.294582
0.295051
0.295365
0.295678
0.296069
0.296382
0.296460
0.297008
0.297165
0.297400
0.297478
0.297713
0.298339
0.298965
0.298887
0.299356
0.299513
0.299748
0.300217
0.300452
0.300922
0.301626
0.301939
0.302017
0.302565
0.302722
0.303113
0.303818
0.303818
0.303896
0.304052
0.304679
0.305070
0.305383
0.305774
0.305931
0.306635
0.306557
0.306870
0.307262
0.307418
0.307888
0.308357
0.308905
0.309062
0.309766
0.310001
0.310001
0.310314
0.310784
0.311019
0.311410
0.311801
0.312036
0.312506
0.312662
0.313054
0.313210
0.313445
0.313836
0.313993
0.314384
0.314854
0.314932
0.315636
0.315636
0.316263
0.316263
0.316497
0.316810
0.317280
0.317437
0.317750
0.318298
0.318454
0.318845
0.319080
0.319159
0.319785
0.319941
0.320489
0.320959
0.321194
0.321194
0.322055
0.322133
0.322602
0.322759
0.323307
0.323933
0.323855
0.324403
0.324481
0.325029
0.325185
0.325577
0.325811
0.326281
0.326516
0.326907
0.327220
0.327612
0.327847
0.328160
0.328942
0.329021
0.329568
0.329647
0.330351
0.330429
0.330899
0.331290
0.331682
0.331995
0.332230
0.332464
0.332699
0.332856
0.333247
0.333795
0.333717
0.334343
0.334891
0.335204
0.335595
0.335517
0.336221
0.336300
0.336769
0.336848
0.337161
0.337787
0.338022
0.338178
0.338726
0.338883
0.339352
0.339665
0.339822
0.340448
0.340683
0.340996
0.341309
0.341465
0.341700
0.342092
0.342483
0.343031
0.342718
0.343344
0.343735
0.344205
0.344361
0.344909
0.344909
0.345301
0.345457
0.345614
0.345927
0.346944
0.347023
0.347336
0.347570
0.348040
0.348353
0.348510
0.348353
0.348979
0.349214
0.349997
0.350153
0.350780
0.350780
0.351171
0.351797
0.351719
0.352188
0.352345
0.352580
0.353128
0.353597
0.353910
0.353989
0.354380
0.354458
0.354615
0.355006
0.355319
0.356102
0.356258
0.356493
0.356806
0.356885
0.357667
0.357902
0.357902
0.358372
0.358528
0.358763
0.359468
0.359937
0.360172
0.360642
0.360955
0.360798
0.361737
0.362129
0.362363
0.362990
0.363303
0.363538
0.363381
0.363694
0.364242
0.364320
0.364790
0.365338
0.365729
0.366042
0.366120
0.366512
0.366825
0.367294
0.367451
0.367608
0.368077
0.368234
0.368390
0.369095
0.368938
0.369408
0.369877
0.369877
0.370112
0.370973
0.371521
0.371678
0.371756
0.372225
0.372539
0.373008
0.373086
0.373321
0.373713
0.373869
0.374417
0.374808
0.374965
0.375200
0.375435
0.375669
0.375591
0.376217
0.376530
0.377235
0.377391
0.377704
0.377939
0.378096
0.378331
0.378565
0.378800
0.379113
0.379661
0.380209
0.380287
0.380913
0.380835
0.381070
0.381696
0.381853
0.381853
0.382401
0.382948
0.382948
0.383418
0.383809
0.384122
0.384436
0.384749
0.384983
0.385453
0.385766
0.386236
0.386314
0.386627
0.386862
0.387253
0.387410
0.387253
0.387801
0.388427
0.388662
0.388740
0.388975
0.389523
0.389601
0.389914
0.390306
0.390228
0.391010
0.390932
0.391558
0.392263
0.392419
0.392654
0.392810
0.393280
0.392967
0.393671
0.394063
0.394219
0.394532
0.394689
0.395159
0.395550
0.395785
0.395941
0.396333
0.396489
0.397272
0.397428
0.397585
0.397976
0.398133
0.398289
0.398602
0.398681
0.399307
0.399542
0.399855
0.400168
0.400637
0.400950
0.401420
0.401577
0.401811
0.401890
0.402751
0.402907
0.403064
0.403377
0.404003
0.404238
0.404316
0.404551
0.405021
0.405412
0.405568
0.406038
0.406038
0.406273
0.406977
0.406664
0.407447
0.407603
0.408073
0.408230
0.408699
0.408934
0.409169
0.409560
0.410030
0.409952
0.410343
0.410734
0.411126
0.411204
0.411595
0.411908
0.412065
0.412613
0.412926
0.413161
0.413474
0.413630
0.413787
0.414256
0.414413
0.414726
0.415117
0.415743
0.415743
0.416057
0.416448
0.416604
0.416761
0.417152
0.417857
0.418013
0.418326
0.418248
0.418718
0.418874
0.419422
0.419657
0.420048
0.420283
0.420674
0.420988
0.421535
0.421770
0.422083
0.422240
0.422553
0.423023
0.423179
0.423492
0.423805
0.424353
0.424353
0.424979
0.425371
0.425840
0.425605
0.426075
0.426466
0.426701
0.427327
0.427406
0.427484
0.427719
0.427875
0.428267
0.428345
0.428423
0.429284
0.429519
0.429754
0.430302
0.430536
0.430458
0.431163
0.431632
0.431632
0.432024
0.432258
0.432885
0.432963
0.433198
0.433354
0.433589
0.433824
0.434137
0.434607
0.434841
0.435389
0.435546
0.435781
0.435937
0.436328
0.436407
0.436876
0.437033
0.437581
0.437659
0.438285
0.438442
0.438911
0.439068
0.438911
0.439303
0.439929
0.440477
0.440712
0.441025
0.441416
0.441416
0.441651
0.441964
0.442355
0.442277
0.442903
0.443294
0.443529
0.443842
0.443999
0.444390
0.444782
0.445173
0.445329
0.445486
0.445956
0.446582
0.446504
0.447051
0.447521
0.447364
0.447991
0.447834
0.448382
0.448539
0.449008
0.449243
0.449713
0.449791
0.450339
0.450417
0.450495
0.450808
0.451121
0.451513
0.451982
0.452452
0.452609
0.452765
0.453391
0.453313
0.453861
0.453861
0.454252
0.454565
0.454565
0.454800
0.455191
0.455583
0.455896
0.456131
0.456444
0.456757
0.457070
0.457383
0.457618
0.458087
0.458244
0.458244
0.458714
0.458792
0.459418
0.459653
0.460122
0.460357
0.460749
0.460983
0.461218
0.461218
0.461531
0.461923
0.462471
0.462549
0.462627
0.463175
0.463410
0.463566
0.463958
0.464271
0.464584
0.464740
0.465210
0.465132
0.465601
0.466228
0.465914
0.466384
0.466775
0.467167
0.467480
0.467871
0.467715
0.468028
0.468341
0.468497
0.468576
0.468967
0.469280
0.470141
0.469906
0.470611
0.470924
0.470767
0.471393
0.471628
0.472098
0.471863
0.472567
0.472880
0.473115
0.473272
0.473585
0.473898
0.473976
0.473976
0.474446
0.474915
0.475229
0.475620
0.475776
0.475776
0.476324
0.476716
0.476794
0.476950
0.477029
0.477577
0.477890
0.477968
0.478594
0.478594
0.478751
0.478829
0.479612
0.479768
0.480003
0.479846
0.480629
0.480786
0.481334
0.481490
0.482038
0.481881
0.482508
0.482586
0.482742
0.483212
0.483134
0.483525
0.483760
0.483838
0.484386
0.484699
0.484934
0.485325
0.485325
0.485873
0.486499
0.486656
0.486499
0.487047
0.487517
0.487360
0.487752
0.488221
0.488456
0.488613
0.489004
0.489239
0.489317
0.489787
0.490100
0.490491
0.490569
0.490961
0.491274
0.491430
0.491978
0.492291
0.492213
0.492604
0.492839
0.493309
0.493387
0.493700
0.494170
0.494405
0.494796
0.495109
0.495422
0.495657
0.495970
0.496518
0.496518
0.496753
0.496909
0.497301
0.497379
0.497927
0.498083
0.498475
0.498788
0.499179
0.499414
0.499649
0.500118
0.500353
0.500118
0.500901
0.500823
0.501527
0.501605
0.502153
0.502388
0.502936
0.503093
0.503562
0.503562
0.503562
0.503875
0.504345
0.504658
0.505206
0.505675
0.506067
0.506223
0.506380
0.506380
0.506771
0.507084
0.507397
0.507789
0.507789
0.508180
0.508258
0.509041
0.509119
0.509511
0.509667
0.510137
0.510215
0.510606
0.511154
0.510998
0.511467
0.511624
0.511937
0.512328
0.512641
0.513111
0.513424
0.513659
0.513972
0.514363
0.514442
0.514755
0.515068
0.515303
0.516007
0.516242
0.516242
0.516477
0.516946
0.516946
0.516868
0.517416
0.517729
0.518042
0.518433
0.518512
0.518825
0.519138
0.519529
0.519764
0.520155
0.520155
0.520860
0.521329
0.521486
0.521721
0.522269
0.522269
0.522738
0.523286
0.523286
0.523443
0.523912
0.524147
0.524304
0.524695
0.525165
0.525165
0.525399
0.525478
0.526260
0.526574
0.526887
0.527356
0.527200
0.527434
0.527748
0.527826
0.528139
0.528530
0.528843
0.529313
0.529939
0.529861
0.530017
0.530409
0.530644
0.530565
0.531270
0.531191
0.531974
0.532131
0.532444
0.532913
0.533148
0.533070
0.533383
0.533461
0.534009
0.534322
0.534792
0.535418
0.535575
0.535575
0.535653
0.535809
0.536122
0.536592
0.536905
0.537296
0.537453
0.538079
0.538079
0.537923
0.538471
0.538471
0.538862
0.539723
0.539801
0.539958
0.540427
0.540819
0.540819
0.541053
0.541210
0.541680
0.541836
0.542775
0.542697
0.543010
0.543088
0.543088
0.543558
0.543636
0.543871
0.544419
0.544497
0.544810
0.545437
0.545750
0.545671
0.545984
0.546063
0.546376
0.546767
0.547315
0.547550
0.547550
0.547706
0.548019
0.548411
0.548333
0.549115
0.549272
0.550054
0.549663
0.550289
0.550289
0.550915
0.550602
0.551228
0.551542
0.551776
0.552011
0.552481
0.552481
0.552794
0.553107
0.553029
0.553264
0.553890
0.554203
0.554594
0.554751
0.555377
0.555455
0.555455
0.555925
0.556394
0.556238
0.556786
0.557099
0.557490
0.557725
0.557881
0.558116
0.558273
0.558586
0.558899
0.559369
0.559682
0.559838
0.560151
0.560386
0.560777
0.560856
0.560621
0.561404
0.561873
0.562108
0.562343
0.562734
0.562812
0.563360
0.563595
0.563908
0.564143
0.564769
0.565082
0.565239
0.565552
0.565474
0.565474
0.565943
0.566100
0.566413
0.567039
0.567274
0.567509
0.567978
0.567900
0.568291
0.568604
0.568761
0.569231
0.569622
0.570013
0.569857
0.570170
0.570248
0.570796
0.570874
0.571344
0.571735
0.572283
0.572440
0.572518
0.572753
0.573066
0.573144
0.573692
0.573535
0.573927
0.574553
0.574631
0.574866
0.575179
0.575570
0.575805
0.576197
0.576118
0.576666
0.576510
0.577214
0.577684
0.578153
0.578310
0.578153
0.578858
0.578858
0.579327
0.579484
0.579954
0.580267
0.580267
0.580971
0.581049
0.581206
0.581597
0.581754
0.582380
0.582615
0.583084
0.582849
0.583554
0.583789
0.583945
0.584337
0.584415
0.584885
0.584885
0.585119
0.585276
0.585745
0.586293
0.586450
0.586606
0.586841
0.587389
0.587624
0.587546
0.587859
0.588094
0.588407
0.588798
0.589111
0.589424
0.589659
0.589737
0.589816
0.590442
0.590598
0.591146
0.591694
0.592007
0.592398
0.592711
0.592477
0.592790
0.593025
0.593494
0.593964
0.594277
0.594042
0.594590
0.594825
0.594747
0.595373
0.595529
0.595764
0.596155
0.596312
0.596468
0.596938
0.597408
0.597251
0.597721
0.597956
0.598347
0.598582
0.598895
0.599130
0.599443
0.599991
0.600069
0.600382
0.600460
0.600773
0.600852
0.601243
0.601791
0.601791
0.602182
0.602260
0.602339
0.602730
0.603200
0.603591
0.604061
0.604374
0.604374
0.604608
0.604922
0.604843
0.605078
0.605548
0.605626
0.606252
0.606487
0.606644
0.606878
0.606644
0.606957
0.607426
0.607583
0.608365
0.608365
0.608365
0.608757
0.608757
0.609070
0.609148
0.609461
0.609696
0.610087
0.610400
0.610557
0.611183
0.611183
0.611340
0.611575
0.611888
0.612201
0.612514
0.613140
0.613296
0.613610
0.613766
0.613610
0.613923
0.614314
0.614470
0.614784
0.615175
0.615410
0.615488
0.615879
0.615879
0.616114
0.616114
0.616271
0.617132
0.617445
0.617993
0.618071
0.618227
0.618071
0.618619
0.618541
0.619323
0.619167
0.619949
0.619871
0.620341
0.620419
0.620654
0.620654
0.620654
0.621593
0.621671
0.621984
0.622297
0.622219
0.622611
0.622689
0.623080
0.623158
0.623785
0.624019
0.624332
0.624646
0.624646
0.624959
0.625037
0.625115
0.625663
0.626054
0.626211
0.626681
0.626681
0.627072
0.627072
0.627385
0.627463
0.628011
0.628481
0.628950
0.628950
0.629263
0.629577
0.629655
0.629655
0.629968
0.630281
0.630672
0.631220
0.631768
0.631298
0.631768
0.632394
0.632394
0.632473
0.632786
0.633177
0.633725
0.633803
0.634116
0.634508
0.634508
0.634429
0.634742
0.634899
0.635447
0.635838
0.635995
0.636621
0.637012
0.636934
0.637090
0.637325
0.637560
0.638186
0.638108
0.638656
0.638734
0.639204
0.639125
0.639517
0.639830
0.639986
0.640456
0.640769
0.641082
0.641004
0.641630
0.641865
0.642021
0.642413
0.642804
0.643196
0.643509
0.643509
0.643822
0.644370
0.644291
0.644683
0.644996
0.645309
0.645778
0.645857
0.646091
0.646874
0.646561
0.646718
0.647031
0.647500
0.647813
0.648205
0.648596
0.648831
0.648909
0.649144
0.649144
0.649535
0.649927
0.650318
0.650631
0.650866
0.651179
0.651414
0.651727
0.651962
0.651962
0.652431
0.652431
0.652901
0.653449
0.653449
0.653762
0.653997
0.653840
0.654232
0.654623
0.655171
0.655406
0.655562
0.656032
0.656267
0.656658
0.657362
0.657284
0.657754
0.657675
0.657832
0.658458
0.658067
0.658693
0.659084
0.659241
0.659632
0.659867
0.660180
0.660337
0.660806
0.661041
0.661432
0.661432
0.661745
0.662293
0.662685
0.662606
0.662998
0.662998
0.663154
0.663859
0.664094
0.664328
0.664563
0.664798
0.665033
0.665268
0.665424
0.665581
0.666207
0.666520
0.666598
0.667068
0.667303
0.667694
0.667850
0.668007
0.668398
0.668711
0.668946
0.669181
0.669181
0.669729
0.669651
0.669807
0.670120
0.670590
0.670746
0.671138
0.671294
0.671529
0.672077
0.672155
0.672312
0.672625
0.673095
0.673564
0.673486
0.673799
0.673956
0.674269
0.674425
0.675130
0.675051
0.675208
0.675912
0.676460
0.676460
0.676773
0.676852
0.677165
0.676773
0.677008
0.677399
0.678026
0.678339
0.678652
0.679121
0.679356
0.679513
0.679747
0.680061
0.680530
0.681000
0.681235
0.681704
0.682096
0.682017
0.681939
0.682409
0.682878
0.683270
0.683739
0.684209
0.684365
0.684444
0.684444
0.684757
0.684913
0.685148
0.686166
0.686557
0.686400
0.686635
0.687105
0.687574
0.687653
0.687888
0.687653
0.688435
0.688905
0.688905
0.689688
0.689688
0.689766
0.690001
0.690001
0.690392
0.691018
0.691566
0.691488
0.692114
0.692349
0.692427
0.692505
0.693366
0.693601
0.694227
0.694384
0.694540
0.695088
0.694932
0.695010
0.694854
0.695636
0.695949
0.696576
0.696654
0.696967
0.697436
0.697750
0.697828
0.697984
0.698376
0.698689
0.699315
0.699706
0.699863
0.700567
0.700411
0.700802
0.701193
0.701272
0.702367
0.702524
0.702837
0.702837
0.703307
0.703228
0.703385
0.704011
0.704402
0.704637
0.704950
0.705420
0.705577
0.705811
0.705890
0.705968
0.706437
0.706829
0.707298
0.707298
0.707690
0.707925
0.707690
0.707768
0.707690
0.707533
0.707298
0.707298
0.707377
0.707142
0.707142
0.706751
0.706594
0.706516
0.706281
0.706124
0.705811
0.705655
0.705498
0.705263
0.705029
0.704872
0.704716
0.704402
0.704246
0.704011
0.703463
0.703307
0.703072
0.702681
0.702289
0.702289
0.701976
0.701507
0.700880
0.700959
0.700646
0.700019
0.700019
0.699315
0.698924
0.698924
0.698532
0.698376
0.698063
0.697671
0.697671
0.697280
0.696654
0.696419
0.696262
0.695871
0.695558
0.695245
0.694697
0.694149
0.693914
0.693601
0.693366
0.692819
0.692427
0.692114
0.691645
0.691723
0.691253
0.691018
0.690470
0.690314
0.689766
0.689688
0.689218
0.688983
0.688827
0.688514
0.688122
0.687261
0.686870
0.686714
0.686244
0.685774
0.685931
0.685461
0.685070
0.684913
0.684835
0.684365
0.683974
0.683661
0.683504
0.682957
0.682330
0.681783
0.681626
0.681000
0.680765
0.680374
0.679982
0.679826
0.679356
0.679200
0.678495
0.678260
0.678026
0.677791
0.677712
0.677243
0.677086
0.676538
0.676069
0.675599
0.674973
0.674738
0.674817
0.674190
0.673877
0.673721
0.673173
0.672860
0.672312
0.672547
0.671999
0.671373
0.670668
0.670433
0.670042
0.669651
0.669729
0.669416
0.669025
0.668946
0.668555
0.668398
0.667850
0.667537
0.666990
0.666598
0.666050
0.665737
0.665581
0.665189
0.665111
0.664720
0.664563
0.664250
0.664172
0.663467
0.663389
0.663154
0.662606
0.662059
0.661745
0.661198
0.660650
0.660571
0.660571
0.660337
0.660024
0.659867
0.659163
0.658849
0.658615
0.658067
0.657675
0.657284
0.656971
0.656814
0.656267
0.656188
0.655719
0.655640
0.655484
0.655093
0.654858
0.654701
0.654310
0.653918
0.653449
0.652823
0.652431
0.652275
0.652118
0.651727
0.651962
0.651336
0.650709
0.650709
0.650162
0.649614
0.649457
0.648987
0.648674
0.648361
0.648048
0.648283
0.647892
0.647500
0.647344
0.646874
0.646561
0.646248
0.645857
0.645309
0.645309
0.644526
0.644526
0.644370
0.643978
0.643430
0.643274
0.642804
0.642413
0.642178
0.641552
0.641239
0.641160
0.641004
0.640613
0.640378
0.640143
0.639673
0.639360
0.639047
0.638734
0.638343
0.638108
0.637560
0.637404
0.637090
0.636934
0.636308
0.636151
0.636229
0.635525
0.635525
0.635290
0.634351
0.634273
0.634038
0.633803
0.633490
0.633412
0.632942
0.632786
0.632629
0.632316
0.631690
0.631377
0.630907
0.630124
0.630203
0.629890
0.629811
0.629498
0.629342
0.628716
0.628559
0.628324
0.627933
0.627463
0.627150
0.626681
0.626446
0.626446
0.626133
0.625820
0.625507
0.625115
0.624802
0.624411
0.624332
0.623628
0.623315
0.622767
0.622924
0.622297
0.622063
0.621828
0.621593
0.620967
0.620341
0.620341
0.619949
0.619480
0.619558
0.619793
0.618932
0.618541
0.618384
0.617914
0.617680
0.617366
0.617053
0.616584
0.616349
0.616192
0.615958
0.615175
0.615410
0.614940
0.614862
0.614392
0.613923
0.613375
0.613218
0.613218
0.612827
0.612514
0.612201
0.611888
0.611575
0.611183
0.610792
0.610009
0.610166
0.609618
0.609618
0.609383
0.608913
0.608522
0.608365
0.607974
0.607583
0.607270
0.606644
0.606409
0.606330
0.605939
0.605626
0.605469
0.605156
0.604608
0.604295
0.604217
0.603826
0.603669
0.603121
0.602730
0.602182
0.601947
0.601713
0.601008
0.600852
0.600930
0.600304
0.600069
0.599834
0.599208
0.598895
0.598738
0.598425
0.598112
0.597956
0.598034
0.597486
0.597016
0.596468
0.596625
0.596077
0.595842
0.595216
0.595060
0.594433
0.594199
0.594199
0.593886
0.593416
0.593259
0.593025
0.592790
0.592398
0.592007
0.591772
0.591381
0.591224
0.590833
0.590598
0.590363
0.589894
0.589659
0.589268
0.588798
0.588485
0.588094
0.588172
0.587702
0.587389
0.587233
0.586920
0.586920
0.586450
0.585980
0.585276
0.585119
0.584806
0.584571
0.584571
0.584024
0.584102
0.583710
0.583241
0.582928
0.582302
0.581832
0.581284
0.581284
0.581049
0.580893
0.580736
0.580345
0.579954
0.579406
0.579093
0.578779
0.578232
0.578153
0.578075
0.578075
0.577371
0.577214
0.577136
0.576275
0.576040
0.575805
0.575179
0.574866
0.574788
0.574709
0.574162
0.574240
0.573927
0.573535
0.572987
0.572674
0.572753
0.572205
0.572048
0.571813
0.571735
0.571109
0.570796
0.570718
0.569935
0.569544
0.569387
0.569074
0.568917
0.568839
0.568683
0.568213
0.568213
0.567743
0.567509
0.566961
0.566648
0.566648
0.566021
0.566100
0.565708
0.565630
0.565474
0.565161
0.564691
0.564456
0.563830
0.563830
0.563830
0.563439
0.563204
0.563047
0.562343
0.562108
0.561795
0.561012
0.560621
0.560699
0.560308
0.559916
0.559682
0.559682
0.559212
0.558899
0.558821
0.558273
0.557960
0.557490
0.557490
0.557412
0.557020
0.556864
0.556394
0.556238
0.555925
0.555377
0.555142
0.554751
0.554594
0.554516
0.554281
0.553890
0.553577
0.553185
0.553107
0.552559
0.552168
0.552089
0.551776
0.551620
0.551307
0.550915
0.550915
0.550524
0.550054
0.549585
0.549037
0.548724
0.548567
0.548489
0.548254
0.547941
0.547941
0.547550
0.547237
0.546767
0.546611
0.546063
0.545750
0.545750
0.545515
0.545202
0.544889
0.544497
0.544262
0.543558
0.543245
0.543088
0.543167
0.542775
0.542854
0.542384
0.542384
0.541914
0.541445
0.540975
0.540506
0.540192
0.539645
0.539801
0.539018
0.539175
0.538784
0.538471
0.538471
0.537766
0.537610
0.537218
0.537062
0.536905
0.536749
0.536279
0.536201
0.535575
0.535183
0.534792
0.534322
0.534087
0.534009
0.533774
0.533618
0.533383
0.533226
0.532835
0.532209
0.532052
0.531661
0.531191
0.531035
0.531035
0.530330
0.530174
0.529704
0.529469
0.529000
0.528843
0.528530
0.528139
0.527982
0.527748
0.527591
0.527356
0.527278
0.526574
0.525791
0.525713
0.525478
0.525165
0.525008
0.524460
0.524304
0.524147
0.523756
0.523364
0.522817
0.522503
0.522190
0.521877
0.521721
0.521408
0.520860
0.520312
0.520155
0.519686
0.519451
0.518903
0.518433
0.518277
0.518120
0.517886
0.517729
0.517259
0.517181
0.516712
0.516164
0.515772
0.515616
0.515616
0.515146
0.514833
0.514442
0.514207
0.513659
0.513581
0.513189
0.512720
0.512563
0.512328
0.511859
0.511389
0.510998
0.510920
0.510372
0.510137
0.509667
0.509432
0.509041
0.508806
0.508493
0.508102
0.508024
0.507476
0.507241
0.506850
0.506536
0.506223
0.506067
0.505597
0.505206
0.504893
0.504658
0.504423
0.503875
0.503562
0.503406
0.502936
0.502701
0.502701
0.502545
0.501997
0.501684
0.501605
0.500901
0.500823
0.500588
0.500197
0.499884
0.499023
0.498788
0.498631
0.498240
0.497927
0.497770
0.497379
0.497222
0.497066
0.496518
0.496205
0.495892
0.495500
0.495579
0.494953
0.494483
0.494248
0.493857
0.493622
0.493465
0.493152
0.492448
0.492448
0.492448
0.491978
0.491430
0.491196
0.490882
0.490804
0.490256
0.489787
0.489552
0.489239
0.489004
0.489082
0.488769
0.488143
0.488065
0.487752
0.487282
0.486891
0.486812
0.486265
0.486030
0.485873
0.485638
0.485325
0.485012
0.484543
0.484073
0.484073
0.483760
0.483682
0.483290
0.483134
0.482664
0.482351
0.481881
0.481020
0.481255
0.480316
0.480629
0.480160
0.480160
0.479299
0.479455
0.479377
0.478594
0.478438
0.477733
0.477498
0.477342
0.477185
0.477107
0.476794
0.476872
0.476403
0.476168
0.475463
0.475229
0.474994
0.474759
0.474524
0.474054
0.473663
0.473663
0.473350
0.472880
0.472333
0.472019
0.472019
0.471706
0.471393
0.471002
0.470924
0.470611
0.470219
0.469984
0.469437
0.469358
0.469045
0.468889
0.468341
0.467793
0.467871
0.467402
0.467402
0.466775
0.466619
0.465993
0.465445
0.465680
0.465367
0.464975
0.464506
0.464427
0.463958
0.464036
0.463566
0.463175
0.462940
0.462549
0.462705
0.462314
0.461923
0.461610
0.461062
0.460122
0.460122
0.459966
0.459496
0.459575
0.459183
0.458948
0.458792
0.458401
0.457774
0.457618
0.456992
0.456992
0.456522
0.456600
0.456366
0.455974
0.455739
0.455113
0.454957
0.454565
0.454252
0.454096
0.453704
0.453548
0.453078
0.452843
0.452217
0.451826
0.451591
0.451356
0.450808
0.450652
0.450260
0.449869
0.449869
0.449869
0.449086
0.449086
0.448460
0.448539
0.448225
0.448225
0.447991
0.447286
0.447286
0.446895
0.446425
0.445799
0.445408
0.445251
0.444938
0.444703
0.444312
0.443999
0.443999
0.443529
0.443216
0.442590
0.442120
0.441964
0.441964
0.441494
0.441259
0.440868
0.440633
0.439929
0.439616
0.439224
0.438520
0.438363
0.437972
0.437894
0.437816
0.437502
0.437033
0.436642
0.436250
0.435781
0.435702
0.435546
0.435546
0.434998
0.434763
0.434137
0.433824
0.433824
0.433276
0.433041
0.432493
0.432493
0.431711
0.431632
0.431632
0.430928
0.430615
0.430067
0.429832
0.429754
0.429128
0.429049
0.428815
0.428423
0.428345
0.427954
0.427719
0.427327
0.427093
0.426623
0.426466
0.426310
0.425840
0.425449
0.425292
0.424666
0.424118
0.424118
0.423884
0.423257
0.422866
0.423179
0.422631
0.422162
0.421770
0.421770
0.421379
0.420988
0.420831
0.420283
0.420127
0.419892
0.419500
0.419266
0.419187
0.418796
0.418405
0.418170
0.417544
0.417074
0.416839
0.416526
0.416291
0.416135
0.415665
0.415352
0.414726
0.414569
0.414413
0.414491
0.413865
0.413474
0.413395
0.412848
0.412456
0.412221
0.411908
0.411595
0.411439
0.411047
0.410343
0.410186
0.409795
0.409795
0.409325
0.409012
0.408777
0.408308
0.408230
0.407995
0.407603
0.407369
0.407056
0.406821
0.406351
0.406038
0.406038
0.405412
0.405177
0.404942
0.404707
0.404238
0.404160
0.403690
0.403299
0.402907
0.402438
0.402594
0.401890
0.401498
0.401733
0.400950
0.400950
0.400637
0.400168
0.399620
0.399542
0.399307
0.398994
0.398133
0.398211
0.397898
0.397663
0.397115
0.397037
0.396646
0.396254
0.396019
0.395393
0.395315
0.395002
0.394845
0.394689
0.394141
0.393828
0.393671
0.393124
0.393045
0.392732
0.392732
0.392341
0.392184
0.391871
0.391480
0.391245
0.391010
0.390775
0.390306
0.389836
0.389758
0.389367
0.388819
0.388662
0.388584
0.388114
0.387958
0.387410
0.387332
0.387018
0.386627
0.386627
0.386079
0.386001
0.385688
0.385453
0.385062
0.384905
0.384279
0.383809
0.383496
0.383575
0.383340
0.383105
0.382714
0.382166
0.382009
0.381461
0.380992
0.381148
0.380757
0.380131
0.379974
0.379583
0.379270
0.379348
0.378800
0.378252
0.378096
0.377548
0.377391
0.377235
0.376843
0.376296
0.376374
0.376061
0.375513
0.375278
0.374887
0.374652
0.374026
0.374026
0.373791
0.373400
0.373165
0.372773
0.372382
0.371834
0.371834
0.371599
0.371365
0.371130
0.371130
0.370347
0.369877
0.369486
0.369173
0.369016
0.368469
0.368234
0.368077
0.367686
0.367373
0.367373
0.366512
0.366042
0.365494
0.365338
0.365181
0.364946
0.364633
0.364320
0.364398
0.364007
0.363303
0.362990
0.362442
0.362363
0.362050
0.361816
0.361346
0.361346
0.360798
0.360407
0.360250
0.359702
0.359311
0.358920
0.359154
0.358450
0.358215
0.358137
0.357824
0.357119
0.357119
0.356415
0.356180
0.356024
0.355789
0.355476
0.355084
0.354850
0.354615
0.354223
0.353832
0.353441
0.352971
0.352736
0.352580
0.352501
0.352032
0.351719
0.351171
0.350701
0.350310
0.350232
0.349762
0.349606
0.349136
0.348823
0.348588
0.348118
0.347805
0.347492
0.346944
0.346866
0.346553
0.346005
0.346162
0.345770
0.345379
0.344909
0.344596
0.344127
0.343892
0.343579
0.343344
0.342796
0.342483
0.342405
0.342248
0.341700
0.341465
0.340683
0.340448
0.340057
0.339744
0.339587
0.339039
0.339196
0.338726
0.338256
0.337709
0.337474
0.337239
0.336691
0.336300
0.336221
0.335752
0.335360
0.334969
0.334656
0.334265
0.333873
0.333717
0.333560
0.333091
0.332934
0.332464
0.332308
0.331838
0.331525
0.331290
0.330821
0.330586
0.330195
0.329882
0.329490
0.329177
0.328394
0.328394
0.327925
0.327690
0.327377
0.327142
0.326516
0.326359
0.326281
0.325811
0.325498
0.325107
0.325029
0.324403
0.324246
0.324011
0.323776
0.323385
0.322916
0.322446
0.322133
0.321898
0.321272
0.321115
0.320646
0.320489
0.320098
0.319628
0.319315
0.319159
0.318924
0.318689
0.318141
0.317671
0.317515
0.317124
0.316967
0.316654
0.316419
0.316106
0.315871
0.315480
0.315089
0.314775
0.314306
0.314071
0.313680
0.313758
0.313210
0.312819
0.312740
0.312349
0.312114
0.311410
0.311097
0.310471
0.310549
0.310471
0.310079
0.309766
0.309375
0.308827
0.308514
0.308279
0.307966
0.307496
0.307183
0.307262
0.306635
0.306322
0.306009
0.305305
0.305227
0.305070
0.304679
0.304052
0.304209
0.303818
0.303661
0.303113
0.302957
0.302722
0.302565
0.302096
0.301235
0.301000
0.301078
0.300374
0.300530
0.299748
0.299669
0.298965
0.298808
0.298652
0.298495
0.298026
0.297713
0.297400
0.297008
0.296617
0.296226
0.295912
0.295756
0.295365
0.295051
0.295130
0.294582
0.294190
0.293956
0.293721
0.293408
0.292938
0.292390
0.292234
0.291921
0.291686
0.291138
0.290747
0.290590
0.290277
0.290042
0.289494
0.289025
0.288633
0.288633
0.288477
0.287929
0.287851
0.287538
0.286911
0.286677
0.286364
0.285894
0.285972
0.285503
0.285268
0.284876
0.284563
0.284329
0.283859
0.283937
0.283389
0.282998
0.282685
0.282215
0.281980
0.281198
0.281041
0.280885
0.280180
0.279711
0.279398
0.278928
0.278693
0.278380
0.278145
0.278145
0.277441
0.277519
0.276893
0.276580
0.276267
0.275875
0.275797
0.275327
0.275014
0.274780
0.274388
0.273997
0.273762
0.273214
0.272745
0.272275
0.272118
0.272040
0.271571
0.271492
0.270866
0.270710
0.270162
0.269849
0.269457
0.269144
0.268675
0.268361
0.268048
0.267892
0.267422
0.267109
0.266405
0.266326
0.266170
0.265700
0.265857
0.265387
0.264996
0.264761
0.264370
0.263587
0.263196
0.263117
0.262883
0.262569
0.262100
0.261709
0.261787
0.261395
0.260848
0.260691
0.260300
0.259674
0.259752
0.259439
0.259126
0.258656
0.258186
0.257717
0.257482
0.257169
0.256699
0.256464
0.256073
0.255995
0.255369
0.254899
0.254743
0.254351
0.253960
0.253803
0.253412
0.252942
0.252394
0.252473
0.252003
0.251847
0.251455
0.250829
0.250751
0.249968
0.249968
0.249812
0.249185
0.248951
0.248872
0.248637
0.248090
0.247777
0.247150
0.246759
0.246368
0.246055
0.245898
0.245428
0.244881
0.244724
0.244254
0.244098
0.243472
0.243393
0.242767
0.242689
0.242376
0.241906
0.241985
0.241358
0.240810
0.240419
0.240497
0.239871
0.239323
0.239089
0.239010
0.238384
0.238071
0.237915
0.237523
0.236975
0.236662
0.236114
0.235801
0.235645
0.235332
0.234940
0.234784
0.234705
0.233923
0.233610
0.233218
0.232905
0.232514
0.232279
0.231809
0.231809
0.231418
0.231105
0.230714
0.230401
0.229931
0.229461
0.229148
0.228679
0.228444
0.228209
0.227739
0.227426
0.227270
0.226800
0.226565
0.226174
0.225939
0.225470
0.225078
0.224530
0.224452
0.223904
0.223591
0.223278
0.222965
0.222887
0.222574
0.222026
0.221634
0.221243
0.220930
0.220460
0.220147
0.219834
0.219678
0.219051
0.218660
0.218425
0.217799
0.217799
0.217408
0.217095
0.216860
0.216625
0.216234
0.215764
0.215295
0.214981
0.214903
0.214825
0.214355
0.213886
0.213416
0.213260
0.212868
0.212555
0.212085
0.211459
0.211772
0.211303
0.211068
0.210598
0.210364
0.209816
0.209346
0.209111
0.208720
0.208485
0.208407
0.208172
0.207624
0.207468
0.206920
0.206607
0.206372
0.205746
0.205746
0.205433
0.204728
0.204806
0.204337
0.203945
0.203711
0.203241
0.203006
0.202615
0.202145
0.201989
0.201597
0.201519
0.200893
0.200188
0.199954
0.199641
0.199014
0.198780
0.198467
0.197997
0.197840
0.197997
0.197371
0.196666
0.196432
0.196197
0.195571
0.195414
0.194944
0.194710
0.194318
0.193849
0.194083
0.193536
0.193066
0.192831
0.192127
0.191735
0.191266
0.191266
0.190874
0.190405
0.190013
0.189935
0.189466
0.189074
0.188526
0.188291
0.188135
0.187978
0.187587
0.187117
0.186961
0.186804
0.185865
0.185395
0.185161
0.185004
0.184535
0.184378
0.183830
0.183517
0.183282
0.182734
0.182421
0.181952
0.181873
0.181639
0.181169
0.180856
0.180464
0.179995
0.179604
0.179369
0.178821
0.178195
0.177882
0.177725
0.177490
0.176786
0.176708
0.176551
0.176160
0.175768
0.175064
0.174751
0.174438
0.174438
0.173890
0.173342
0.173264
0.173029
0.172481
0.172168
0.171777
0.171229
0.170759
0.170602
0.170133
0.170133
0.169663
0.169350
0.169194
0.168646
0.168176
0.168020
0.167550
0.167159
0.167002
0.166689
0.166376
0.165593
0.165828
0.165045
0.164497
0.164184
0.164106
0.163480
0.163167
0.163010
0.162619
0.162306
0.162149
0.161836
0.161210
0.160427
0.160427
0.160114
0.159488
0.159332
0.159097
0.158314
0.158314
0.157610
0.157375
0.156905
0.156592
0.156592
0.155966
0.155731
0.155496
0.154949
0.154166
0.153853
0.153618
0.153383
0.153070
0.152757
0.152522
0.151896
0.151818
0.151348
0.150800
0.150331
0.149861
0.149704
0.149391
0.148843
0.148609
0.148061
0.147591
0.147591
0.146965
0.146104
0.145791
0.145634
0.145243
0.144852
0.144852
0.143912
0.143834
0.143521
0.143286
0.142582
0.142191
0.142269
0.141877
0.141408
0.140938
0.140469
0.140077
0.139842
0.139451
0.138747
0.138590
0.138355
0.137964
0.137651
0.137260
0.137025
0.136477
0.135851
0.135772
0.135381
0.135068
0.134833
0.134364
0.134285
0.133972
0.133424
0.132876
0.132563
0.132172
0.131546
0.131468
0.131311
0.130528
0.130215
0.129980
0.129433
0.129120
0.128650
0.127945
0.127711
0.127476
0.127163
0.126850
0.126537
0.126067
0.125754
0.125441
0.124815
0.124658
0.124345
0.124032
0.123641
0.123406
0.122780
0.122545
0.121762
0.121762
0.121214
0.120745
0.120353
0.119649
0.119492
0.119101
0.118631
0.118240
0.117770
0.117614
0.117222
0.116831
0.116283
0.116127
0.115657
0.115031
0.114561
0.114483
0.114405
0.113622
0.113544
0.113074
0.112605
0.112135
0.111900
0.111665
0.111196
0.110726
0.110100
0.109787
0.109552
0.109474
0.108769
0.108613
0.108221
0.107517
0.107282
0.107126
0.106813
0.106186
0.105795
0.105404
0.105325
0.104856
0.104465
0.103917
0.103525
0.103290
0.102664
0.102351
0.102038
0.101569
0.101177
0.100786
0.100316
0.099768
0.099455
0.099142
0.098907
0.098829
0.098203
0.097968
0.097577
0.097342
0.096872
0.096481
0.095777
0.095698
0.095542
0.094916
0.094681
0.093976
0.093742
0.093428
0.092881
0.092489
0.092254
0.091707
0.091472
0.091237
0.090767
0.090298
0.089985
0.089437
0.089280
0.088497
0.088184
0.088028
0.087637
0.087245
0.087089
0.086306
0.086228
0.085523
0.084897
0.084584
0.084114
0.083645
0.083410
0.082940
0.082706
0.082706
0.082001
0.081688
0.081140
0.080592
0.080201
0.079731
0.079262
0.078635
0.078557
0.078088
0.077696
0.077461
0.076679
0.076366
0.076131
0.075740
0.075426
0.075113
0.074644
0.074331
0.073939
0.073157
0.072922
0.072374
0.072061
0.072061
0.071591
0.071278
0.070887
0.070261
0.070104
0.069478
0.068852
0.068539
0.067834
0.067365
0.067130
0.066817
0.066191
0.066269
0.065486
0.065017
0.064703
0.064390
0.064156
0.063921
0.063451
0.063060
0.062590
0.062199
0.061807
0.061494
0.060633
0.060242
0.059772
0.059381
0.059381
0.058677
0.058207
0.057972
0.057503
0.056955
0.056250
0.056407
0.055859
0.055155
0.054920
0.054685
0.054528
0.053980
0.053433
0.052650
0.052337
0.051711
0.051241
0.051085
0.050928
0.050458
0.050067
0.049597
0.049206
0.048736
0.048423
0.047719
0.047406
0.046780
0.046623
0.046232
0.045684
0.045527
0.044901
0.044040
0.043884
0.043492
0.043101
0.042710
0.042475
0.042162
0.041536
0.041066
0.040909
0.039657
0.039501
0.038953
0.038405
0.038327
0.038013
0.037231
0.036839
0.036448
0.036292
0.035665
0.034961
0.034726
0.034413
0.033865
0.033787
0.033239
0.032535
0.032143
0.031517
0.031204
0.030500
0.030186
0.029795
0.029560
0.028778
0.028543
0.028465
0.027760
0.027212
0.026586
0.026273
0.025490
0.025412
0.025021
0.024864
0.024160
0.023925
0.023299
0.022751
0.022281
0.021733
0.021420
0.020872
0.020559
0.020168
0.019698
0.019464
0.019072
0.018368
0.017820
0.017194
0.016568
0.016098
0.015941
0.015785
0.015237
0.014689
0.014298
0.014063
0.013437
0.012654
0.012263
0.012028
0.011480
0.011089
0.010619
0.010149
0.009758
0.009054
0.008584
0.007880
0.007801
0.007253
0.006784
0.006392
0.006236
0.005688
0.005297
0.004827
0.004279
0.003575
0.003262
0.002870
0.002322
0.002088
0.001618
0.001070
0.000914
0.000366
-0.000339
-0.000495
-0.000887
-0.001513
-0.001748
-0.001748
-0.002452
-0.003078
-0.003313
-0.003704
-0.004330
-0.005113
-0.005348
-0.005661
-0.006209
-0.006444
-0.007148
-0.007226
-0.007774
-0.008479
-0.008870
-0.009809
-0.010279
-0.010514
-0.010905
-0.011218
-0.011766
-0.012549
-0.012784
-0.013175
-0.013645
-0.014427
-0.014584
-0.015367
-0.015680
-0.016149
-0.016384
-0.016854
-0.017480
-0.017636
-0.018106
-0.019280
-0.019593
-0.019984
-0.020298
-0.020767
-0.021159
-0.021785
-0.022411
-0.022959
-0.023507
-0.023976
-0.024446
-0.024759
-0.025150
-0.025776
-0.026246
-0.026637
-0.027264
-0.027577
-0.028359
-0.028907
-0.029533
-0.030160
-0.030629
-0.030629
-0.031803
-0.032116
-0.032664
-0.033134
-0.033603
-0.034073
-0.034621
-0.034699
-0.035404
-0.035638
-0.036343
-0.037282
-0.037752
-0.037987
-0.038691
-0.039161
-0.039787
-0.040100
-0.041274
-0.041196
-0.041665
-0.042839
-0.043309
-0.043778
-0.044170
-0.044561
-0.045500
-0.046127
-0.046283
-0.046674
-0.047457
-0.048083
-0.048553
-0.048944
-0.049179
-0.050275
-0.050588
-0.050979
-0.051684
-0.052075
-0.052858
-0.053797
-0.054032
-0.054423
-0.054815
-0.055597
-0.055989
-0.056771
-0.056771
-0.057632
-0.058415
-0.059119
-0.059432
-0.059902
-0.060528
-0.060841
-0.061624
-0.062250
-0.062407
-0.062955
-0.063581
-0.064442
-0.064833
-0.065459
-0.065616
-0.066477
-0.067103
-0.067416
-0.068120
-0.068512
-0.069294
-0.070390
-0.070703
-0.071251
-0.071877
-0.072425
-0.072503
-0.073286
-0.073756
-0.074225
-0.074695
-0.075478
-0.076182
-0.076808
-0.077043
-0.077669
-0.078217
-0.078843
-0.079391
-0.080096
-0.080800
-0.081583
-0.082365
-0.082679
-0.083383
-0.083774
-0.084244
-0.084635
-0.085340
-0.085888
-0.086514
-0.087531
-0.088079
-0.088471
-0.088784
-0.089645
-0.090192
-0.090662
-0.091367
-0.091758
-0.092384
-0.093245
-0.094028
-0.094341
-0.094576
-0.095358
-0.095984
-0.096767
-0.097080
-0.097706
-0.098098
-0.099115
-0.099898
-0.100602
-0.100759
-0.101385
-0.101855
-0.102324
-0.102950
-0.103577
-0.104124
-0.104985
-0.105612
-0.106473
-0.107099
-0.107412
-0.107960
-0.108273
-0.108899
-0.109290
-0.110073
-0.110464
-0.111482
-0.112265
-0.113126
-0.113282
-0.113830
-0.114378
-0.114847
-0.115474
-0.116021
-0.116882
-0.117587
-0.118213
-0.118683
-0.119387
-0.119857
-0.120718
-0.121422
-0.122048
-0.122753
-0.123614
-0.124318
-0.125101
-0.125962
-0.126197
-0.126901
-0.127136
-0.127762
-0.128310
-0.128623
-0.129640
-0.130501
-0.131206
-0.131832
-0.132771
-0.132693
-0.133397
-0.134180
-0.134728
-0.135276
-0.135902
-0.136841
-0.137467
-0.138407
-0.139111
-0.139502
-0.140129
-0.140911
-0.141537
-0.142085
-0.142633
-0.143181
-0.144277
-0.144981
-0.145451
-0.145999
-0.146782
-0.146938
-0.147799
-0.148503
-0.148817
-0.149756
-0.150382
-0.151399
-0.151791
-0.152573
-0.152965
-0.153356
-0.154061
-0.155078
-0.155704
-0.156096
-0.156800
-0.157739
-0.158287
-0.158913
-0.159070
-0.159853
-0.160557
-0.161340
-0.161966
-0.162670
-0.163218
-0.163844
-0.164784
-0.165018
-0.165645
-0.166036
-0.166819
-0.167523
-0.168071
-0.168854
-0.169401
-0.170262
-0.170967
-0.171671
-0.172063
-0.172845
-0.173002
-0.173550
-0.174176
-0.175193
-0.175741
-0.176211
-0.176994
-0.177855
-0.178481
-0.178950
-0.179498
-0.179890
-0.180672
-0.181455
-0.182159
-0.182629
-0.183334
-0.184194
-0.184742
-0.185369
-0.186151
-0.186386
-0.187090
-0.187951
-0.188421
-0.189204
-0.189752
-0.190456
-0.191004
-0.191708
-0.192178
-0.192648
-0.193117
-0.193743
-0.194683
-0.195074
-0.195622
-0.196326
-0.197031
-0.197735
-0.198596
-0.199066
-0.199457
-0.200162
-0.201022
-0.201883
-0.202588
-0.203214
-0.204153
-0.204779
-0.205093
-0.205562
-0.206110
-0.206423
-0.207441
-0.207989
-0.208615
-0.209163
-0.209945
-0.210571
-0.211354
-0.211745
-0.212372
-0.212841
-0.213311
-0.214250
-0.214641
-0.215424
-0.215972
-0.216676
-0.217224
-0.217772
-0.218242
-0.218633
-0.219103
-0.219886
-0.220433
-0.221216
-0.221686
-0.222547
-0.222781
-0.223486
-0.223877
-0.224269
-0.224582
-0.225286
-0.226225
-0.226852
-0.227008
-0.227947
-0.228417
-0.228965
-0.229826
-0.230452
-0.230530
-0.231078
-0.232017
-0.232643
-0.232878
-0.233504
-0.234131
-0.234913
-0.235148
-0.235618
-0.235696
-0.236557
-0.237418
-0.238044
-0.238279
-0.238827
-0.239609
-0.240392
-0.240784
-0.241097
-0.241801
-0.242114
-0.242505
-0.243366
-0.244227
-0.244540
-0.244775
-0.245558
-0.246184
-0.246654
-0.246889
-0.247436
-0.247906
-0.248297
-0.248924
-0.249550
-0.249706
-0.250489
-0.250724
-0.251272
-0.251820
-0.252133
-0.252367
-0.252837
-0.253463
-0.253776
-0.254559
-0.254716
-0.255107
-0.255655
-0.255811
-0.256516
-0.256751
-0.257377
-0.257612
-0.258316
-0.258786
-0.259020
-0.259490
-0.259881
-0.260038
-0.260977
-0.261134
-0.261447
-0.261760
-0.262308
-0.262777
-0.263247
-0.263795
-0.264030
-0.264421
-0.264734
-0.265125
-0.265673
-0.266065
-0.266221
-0.266847
-0.267474
-0.267552
-0.267708
-0.268413
-0.268569
-0.269195
-0.269274
-0.269587
-0.269900
-0.270370
-0.270683
-0.271152
-0.271230
-0.271778
-0.272170
-0.272483
-0.272718
-0.273031
-0.273109
-0.273500
-0.273892
-0.274048
-0.274518
-0.274674
-0.274909
-0.275066
-0.275379
-0.276005
-0.276240
-0.276553
-0.276788
-0.277179
-0.277179
-0.277727
-0.277805
-0.278040
-0.278353
-0.278666
-0.278979
-0.279136
-0.279371
-0.279684
-0.280310
-0.280466
-0.280545
-0.280858
-0.281249
-0.281327
-0.281406
-0.281797
-0.281797
-0.282188
-0.282580
-0.282814
-0.283284
-0.283206
-0.283284
-0.283362
-0.283910
-0.284067
-0.284223
-0.284302
-0.284615
-0.284693
-0.285241
-0.285163
-0.285163
-0.285163
-0.285632
-0.285554
-0.285632
-0.285945
-0.286102
-0.286258
-0.286258
-0.286571
-0.286728
-0.286806
-0.286884
-0.287276
-0.287511
-0.287432
-0.287589
-0.287432
-0.287824
-0.287980
-0.287902
-0.288058
-0.288606
-0.288293
-0.288450
-0.288606
-0.288841
-0.288998
-0.288998
-0.288841
-0.289154
-0.289389
-0.289311
-0.289624
-0.289546
-0.289780
-0.289702
-0.289859
-0.290094
-0.290094
-0.290328
-0.290172
-0.290485
-0.290720
-0.290485
-0.290720
-0.290876
-0.290954
-0.290720
-0.291111
-0.290954
-0.291268
-0.291111
-0.291189
-0.291346
-0.291268
-0.291424
-0.291581
-0.291424
-0.291346
-0.291268
-0.291268
-0.291268
-0.291268
-0.291424
-0.291581
-0.291424
-0.291424
-0.291815
-0.291581
-0.291268
-0.291111
-0.291581
-0.291189
-0.290876
-0.291581
-0.291815
-0.291581
-0.291815
-0.291346
-0.291502
-0.291424
-0.291424
-0.291581
-0.291502
-0.291424
-0.291737
-0.291659
-0.291815
-0.291737
-0.291815
-0.291424
-0.291502
-0.291737
-0.291659
-0.291581
-0.291502
-0.291346
-0.291346
-0.291581
-0.291737
-0.291815
-0.291581
-0.291502
-0.291424
-0.291346
-0.291581
-0.291346
-0.291659
-0.291346
-0.291659
-0.291815
-0.291815
-0.291033
-0.291346
-0.291189
-0.291268
-0.291424
-0.291033
-0.291111
-0.290876
-0.291189
-0.291581
-0.291189
-0.291111
-0.291424
-0.291111
-0.291189
-0.290876
-0.290954
-0.290954
-0.291346
-0.291502
-0.291502
-0.291268
-0.291346
-0.291189
-0.290720
-0.290720
-0.290876
-0.290563
-0.290720
-0.290563
-0.290798
-0.291033
-0.291033
-0.291111
-0.290641
-0.290563
-0.290407
-0.290720
-0.290641
-0.290720
-0.290720
-0.290720
-0.290798
-0.290720
-0.290798
-0.290641
-0.290563
-0.290563
-0.290172
-0.290015
-0.290015
-0.290094
-0.290563
-0.290328
-0.290407
-0.290094
-0.289937
-0.290250
-0.290407
-0.290172
-0.289937
-0.289937
-0.289859
-0.289937
-0.290328
-0.290250
-0.290250
-0.289780
-0.289859
-0.289937
-0.289780
-0.289780
-0.289624
-0.289780
-0.289859
-0.290094
-0.290094
-0.289859
-0.289702
-0.289546
-0.289389
-0.289780
-0.289624
-0.289467
-0.289702
-0.289859
-0.290094
-0.289937
-0.289546
-0.289467
-0.289624
-0.289859
-0.289780
-0.289467
-0.289546
-0.289546
-0.289546
-0.290015
-0.290250
-0.289937
-0.289624
-0.289780
-0.289780
-0.289780
-0.289859
-0.289702
-0.289937
-0.290015
-0.290172
-0.289702
-0.289937
-0.289467
-0.289859
-0.289467
-0.289546
-0.289624
-0.289467
-0.289859
-0.289937
-0.289702
-0.289780
-0.289937
-0.289702
-0.289624
-0.289937
-0.289702
-0.290015
-0.290094
-0.290015
-0.289937
-0.290094
-0.290250
-0.289937
-0.290015
-0.290015
-0.290094
-0.290094
-0.289702
-0.290172
-0.290172
-0.290407
-0.290328
-0.290407
-0.290641
-0.289937
-0.290172
-0.290407
-0.290485
-0.290407
-0.290563
-0.290720
-0.290798
-0.290876
-0.290876
-0.290876
-0.290720
-0.290798
-0.290876
-0.291346
-0.290954
-0.290954
-0.291111
-0.291424
-0.291502
-0.291346
-0.291424
-0.291268
-0.291502
-0.291581
-0.291424
-0.291268
-0.291502
-0.291659
-0.291659
-0.291737
-0.292207
-0.292050
-0.291972
-0.291972
-0.291972
-0.292520
-0.292207
-0.292442
-0.292520
-0.292520
-0.292833
-0.292755
-0.292833
-0.292598
-0.292989
-0.292989
-0.293146
-0.293224
-0.292989
-0.293381
-0.293381
-0.293224
-0.293381
-0.293850
-0.293850
-0.293929
-0.294007
-0.294007
-0.294164
-0.294085
-0.294320
-0.294555
-0.294555
-0.294711
-0.294711
-0.294555
-0.294868
-0.294711
-0.295103
-0.295103
-0.294946
-0.295494
-0.295338
-0.295338
-0.295259
-0.295494
-0.295651
-0.295729
-0.295807
-0.296277
-0.296120
-0.296042
-0.296120
-0.296277
-0.296355
-0.296668
-0.296746
-0.296981
-0.296590
-0.297138
-0.297216
-0.297138
-0.297138
-0.297373
-0.297686
-0.297607
-0.297920
-0.297842
-0.297842
-0.297999
-0.298312
-0.298390
-0.298547
-0.298781
-0.298547
-0.298860
-0.298938
-0.299173
-0.299095
-0.299251
-0.299251
-0.299486
-0.299721
-0.299799
-0.299956
-0.299877
-0.299956
-0.300034
-0.300347
-0.300503
-0.300895
-0.300816
-0.300582
-0.300895
-0.301130
-0.301208
-0.301599
-0.301521
-0.301677
-0.301912
-0.301912
-0.301834
-0.302304
-0.302460
-0.302538
-0.302617
-0.302773
-0.302773
-0.302930
-0.303008
-0.303008
-0.303165
-0.303399
-0.303556
-0.303634
-0.303869
-0.304026
-0.303791
-0.304026
-0.304339
-0.304339
-0.304495
-0.304652
-0.304965
-0.304808
-0.304887
-0.305434
-0.305434
-0.305121
-0.306061
-0.305982
-0.305982
-0.305982
-0.306295
-0.306452
-0.306608
-0.306530
-0.306765
-0.306922
-0.307078
-0.307469
-0.307704
-0.307704
-0.307704
-0.307626
-0.307626
-0.307939
-0.308252
-0.308330
-0.308409
-0.308957
-0.308800
-0.308800
-0.309113
-0.309191
-0.309270
-0.309583
-0.309583
-0.309818
-0.310052
-0.310209
-0.310365
-0.310757
-0.310913
-0.310992
-0.311226
-0.311461
-0.311148
-0.311696
-0.311853
-0.312166
-0.312009
-0.312244
-0.312635
-0.312870
-0.313105
-0.312948
-0.313105
-0.313340
-0.313340
-0.313731
-0.313731
-0.314201
-0.314201
-0.314279
-0.314435
-0.314905
-0.314983
-0.314983
-0.315296
-0.315296
-0.315453
-0.315375
-0.315688
-0.316236
-0.316549
-0.316784
-0.317018
-0.316862
-0.317175
-0.317253
-0.317253
-0.317410
-0.317566
-0.317723
-0.317879
-0.318271
-0.318505
-0.318740
-0.318740
-0.319053
-0.319288
-0.319132
-0.319445
-0.319601
-0.319914
-0.320071
-0.320384
-0.320619
-0.320854
-0.321167
-0.321088
-0.321088
-0.321636
-0.321636
-0.321793
-0.322184
-0.322184
-0.322419
-0.322654
-0.323202
-0.322732
-0.323436
-0.323593
-0.323671
-0.323671
-0.323671
-0.324063
-0.324454
-0.324610
-0.324767
-0.325080
-0.325315
-0.325471
-0.325706
-0.325941
-0.325863
-0.326019
-0.326332
-0.326254
-0.326724
-0.327037
-0.327193
-0.327037
-0.327663
-0.327741
-0.327898
-0.328054
-0.328367
-0.328211
-0.328602
-0.328602
-0.328837
-0.329072
-0.329463
-0.329620
-0.329541
-0.329776
-0.330011
-0.330089
-0.330168
-0.330794
-0.331107
-0.331263
-0.331185
-0.331733
-0.332124
-0.332437
-0.332672
-0.332516
-0.332829
-0.332907
-0.333533
-0.333533
-0.333377
-0.333846
-0.334081
-0.334472
-0.334629
-0.334786
-0.335255
-0.335412
-0.335490
-0.335647
-0.335803
-0.335960
-0.335960
-0.336429
-0.336508
-0.336977
-0.337368
-0.337525
-0.337760
-0.337916
-0.338308
-0.338229
-0.338308
-0.339012
-0.338934
-0.338934
-0.339560
-0.339717
-0.340186
-0.340499
-0.340499
-0.340656
-0.341047
-0.341125
-0.341282
-0.341595
-0.341830
-0.342143
-0.342299
-0.342847
-0.342847
-0.343004
-0.343004
-0.343552
-0.343787
-0.344021
-0.344100
-0.344334
-0.344961
-0.344726
-0.345117
-0.345509
-0.345509
-0.345587
-0.345978
-0.346604
-0.346839
-0.346761
-0.347152
-0.347152
-0.347465
-0.347778
-0.348013
-0.348170
-0.348405
-0.348483
-0.348718
-0.349031
-0.348952
-0.348952
-0.349657
-0.349735
-0.350205
-0.350596
-0.350753
-0.350909
-0.351300
-0.351144
-0.351770
-0.351927
-0.352396
-0.352475
-0.352553
-0.352866
-0.353101
-0.353649
-0.353727
-0.354040
-0.353727
-0.354118
-0.354666
-0.354588
-0.354823
-0.355292
-0.355449
-0.355527
-0.355840
-0.356153
-0.356153
-0.356545
-0.356858
-0.356936
-0.357171
-0.357797
-0.357875
-0.357875
-0.357953
-0.358423
-0.358580
-0.359127
-0.359206
-0.359441
-0.359754
-0.360145
-0.360380
-0.360615
-0.361162
-0.361241
-0.361554
-0.361789
-0.362258
-0.362180
-0.362806
-0.362728
-0.363432
-0.363432
-0.363589
-0.363745
-0.364058
-0.364606
-0.364763
-0.365076
-0.365311
-0.364998
-0.365780
-0.365859
-0.366250
-0.366641
-0.366798
-0.367268
-0.367111
-0.367268
-0.367815
-0.367894
-0.368050
-0.368128
-0.368520
-0.368989
-0.369381
-0.369381
-0.369850
-0.370085
-0.370320
-0.370633
-0.370790
-0.371024
-0.371416
-0.371572
-0.371964
-0.372199
-0.372590
-0.372590
-0.373059
-0.372903
-0.373138
-0.373451
-0.373764
-0.373999
-0.374155
-0.374312
-0.374860
-0.374860
-0.374938
-0.375408
-0.375877
-0.376034
-0.376034
-0.376503
-0.376660
-0.376895
-0.377130
-0.377286
-0.377599
-0.377521
-0.378225
-0.378304
-0.378695
-0.378930
-0.379008
-0.379399
-0.379634
-0.379791
-0.380104
-0.380417
-0.380965
-0.381200
-0.381434
-0.381591
-0.381904
-0.382295
-0.382608
-0.382608
-0.382765
-0.383000
-0.383469
-0.383548
-0.383861
-0.384096
-0.384487
-0.384800
-0.384722
-0.384957
-0.385270
-0.385426
-0.385583
-0.385817
-0.386052
-0.386287
-0.386757
-0.387226
-0.387461
-0.387696
-0.388087
-0.388087
-0.388479
-0.388479
-0.388792
-0.389340
-0.389261
-0.389809
-0.390044
-0.390357
-0.390670
-0.390983
-0.391218
-0.391453
-0.391844
-0.391766
-0.392236
-0.392549
-0.392783
-0.393097
-0.393097
-0.393488
-0.393958
-0.394192
-0.394427
-0.394584
-0.394897
-0.395210
-0.395366
-0.395601
-0.395758
-0.396071
-0.396384
-0.396775
-0.396932
-0.397323
-0.397558
-0.397636
-0.397949
-0.398184
-0.398419
-0.398575
-0.398889
-0.399123
-0.399045
-0.399515
-0.400219
-0.400141
-0.400610
-0.401393
-0.401471
-0.401550
-0.401785
-0.402019
-0.402567
-0.402724
-0.403037
-0.403350
-0.403663
-0.404054
-0.404133
-0.404289
-0.404367
-0.404837
-0.404837
-0.405307
-0.405385
-0.405698
-0.406402
-0.406324
-0.406481
-0.406716
-0.407342
-0.407342
-0.407576
-0.407968
-0.407968
-0.408046
-0.408594
-0.408829
-0.408985
-0.409298
-0.409533
-0.409455
-0.410081
-0.410394
-0.410786
-0.410551
-0.411099
-0.411647
-0.411725
-0.411881
-0.412116
-0.412586
-0.412664
-0.413055
-0.413290
-0.413447
-0.413760
-0.414073
-0.414073
-0.414386
-0.414934
-0.415169
-0.415247
-0.415482
-0.415873
-0.416264
-0.416499
-0.417047
-0.416734
-0.417360
-0.417125
-0.417438
-0.418143
-0.418299
-0.418456
-0.418691
-0.419082
-0.419395
-0.419865
-0.420256
-0.420413
-0.420491
-0.420804
-0.421274
-0.421665
-0.421822
-0.422135
-0.422369
-0.422917
-0.423074
-0.423465
-0.423622
-0.423857
-0.424091
-0.424404
-0.424639
-0.425031
-0.425422
-0.425500
-0.425970
-0.426283
-0.426518
-0.426674
-0.427144
-0.427300
-0.427457
-0.427535
-0.428005
-0.428318
-0.428318
-0.428631
-0.429022
-0.429257
-0.429570
-0.429883
-0.430118
-0.430666
-0.431057
-0.431057
-0.431449
-0.431762
-0.431840
-0.432153
-0.432623
-0.432779
-0.433014
-0.433406
-0.433484
-0.433797
-0.434032
-0.434266
-0.434501
-0.434736
-0.435127
-0.435127
-0.435910
-0.436223
-0.436458
-0.437084
-0.437319
-0.437397
-0.437867
-0.438023
-0.438415
-0.438650
-0.438571
-0.438963
-0.439276
-0.439589
-0.440058
-0.440450
-0.440450
-0.440998
-0.441311
-0.441859
-0.441937
-0.442407
-0.442641
-0.442876
-0.443111
-0.443502
-0.444285
-0.444363
-0.444442
-0.445068
-0.445068
-0.445459
-0.445537
-0.446007
-0.446398
-0.446633
-0.446790
-0.447338
-0.447494
-0.447651
-0.448042
-0.448120
-0.448277
-0.448590
-0.449059
-0.449373
-0.449451
-0.449764
-0.450234
-0.450390
-0.450781
-0.451173
-0.451408
-0.451877
-0.452112
-0.452503
-0.452347
-0.452973
-0.452895
-0.453051
-0.453677
-0.453912
-0.454304
-0.454617
-0.454695
-0.455165
-0.455243
-0.455634
-0.455869
-0.455947
-0.456260
-0.456573
-0.456965
-0.457121
-0.457513
-0.457904
-0.458060
-0.458374
-0.458921
-0.459000
-0.459391
-0.459469
-0.459782
-0.460409
-0.460800
-0.461113
-0.461113
-0.461426
-0.462052
-0.462052
-0.462444
-0.462913
-0.463148
-0.463070
-0.463461
-0.463696
-0.464322
-0.464166
-0.464792
-0.465183
-0.465574
-0.465653
-0.465809
-0.466435
-0.466514
-0.466748
-0.466983
-0.467218
-0.467453
-0.467922
-0.468001
-0.468549
-0.468627
-0.468705
-0.469253
-0.469566
-0.469723
-0.470036
-0.470114
-0.470505
-0.470975
-0.471366
-0.471210
-0.471836
-0.471836
-0.472384
-0.472540
-0.472853
-0.473323
-0.473558
-0.474028
-0.474028
-0.474341
-0.474262
-0.474654
-0.474967
-0.475123
-0.475593
-0.475671
-0.476297
-0.476297
-0.476924
-0.476924
-0.477315
-0.477550
-0.477941
-0.478332
-0.478567
-0.478959
-0.478959
-0.478880
-0.479585
-0.479506
-0.480289
-0.480680
-0.480837
-0.480837
-0.481698
-0.481933
-0.481933
-0.482246
-0.482637
-0.483107
-0.483342
-0.483576
-0.483968
-0.484046
-0.484437
-0.484672
-0.484829
-0.484985
-0.485455
-0.485455
-0.485768
-0.486159
-0.486394
-0.486942
-0.487020
-0.487255
-0.487568
-0.488116
-0.488116
-0.488507
-0.488977
-0.489212
-0.489447
-0.489603
-0.489838
-0.490464
-0.490934
-0.490934
-0.491247
-0.491560
-0.492186
-0.492186
-0.492264
-0.492577
-0.492891
-0.493282
-0.493517
-0.493673
-0.493986
-0.494378
-0.494769
-0.495004
-0.495473
-0.495395
-0.495708
-0.495865
-0.496647
-0.496882
-0.497039
-0.497352
-0.497900
-0.498056
-0.498056
-0.498448
-0.498839
-0.498996
-0.498839
-0.499465
-0.499700
-0.499700
-0.500091
-0.500561
-0.501187
-0.501344
-0.501422
-0.501657
-0.502126
-0.502205
-0.502753
-0.502753
-0.503066
-0.503535
-0.503692
-0.503692
-0.504083
-0.504396
-0.504944
-0.505335
-0.505570
-0.505883
-0.505962
-0.506666
-0.506588
-0.506901
-0.507292
-0.507449
-0.507605
-0.508153
-0.508153
-0.508623
-0.509014
-0.509249
-0.509484
-0.509797
-0.509719
-0.510580
-0.510736
-0.510971
-0.511440
-0.511754
-0.511832
-0.512067
-0.512693
-0.512928
-0.513162
-0.513084
-0.513397
-0.514023
-0.514180
-0.514336
-0.514806
-0.515041
-0.515511
-0.515824
-0.516371
-0.516293
-0.516685
-0.516919
-0.517311
-0.517624
-0.517780
-0.518015
-0.518250
-0.518954
-0.519033
-0.519346
-0.519815
-0.520207
-0.520363
-0.520598
-0.521224
-0.521537
-0.521772
-0.522163
-0.522242
-0.522477
-0.522946
-0.523103
-0.523416
-0.523729
-0.523964
-0.524198
-0.524355
-0.525216
-0.525373
-0.525607
-0.525529
-0.526312
-0.526468
-0.526547
-0.526860
-0.527329
-0.527564
-0.527799
-0.528190
-0.528425
-0.528660
-0.529208
-0.529364
-0.529443
-0.529834
-0.530147
-0.530695
-0.530617
-0.531164
-0.531712
-0.531791
-0.531869
-0.532182
-0.532808
-0.532965
-0.533043
-0.533513
-0.533826
-0.533982
-0.534687
-0.534687
-0.535078
-0.535156
-0.535391
-0.536017
-0.535939
-0.536330
-0.536643
-0.536722
-0.537191
-0.537504
-0.537896
-0.537974
-0.538600
-0.538835
-0.539148
-0.539226
-0.539383
-0.540244
-0.540166
-0.540635
-0.540792
-0.541105
-0.541731
-0.541653
-0.541809
-0.542122
-0.542514
-0.542827
-0.542983
-0.543453
-0.543531
-0.544157
-0.544079
-0.544705
-0.544783
-0.545097
-0.545331
-0.545723
-0.546114
-0.546505
-0.546818
-0.547053
-0.547445
-0.547523
-0.548071
-0.547992
-0.548306
-0.548540
-0.548932
-0.549480
-0.549636
-0.550027
-0.550575
-0.550575
-0.550810
-0.551202
-0.551593
-0.551593
-0.552141
-0.552610
-0.552689
-0.552923
-0.553002
-0.553393
-0.553784
-0.554019
-0.554254
-0.554567
-0.554645
-0.555350
-0.555193
-0.555506
-0.555898
-0.556133
-0.556524
-0.556994
-0.557463
-0.557150
-0.557385
-0.558011
-0.558324
-0.558481
-0.558715
-0.559107
-0.559655
-0.559968
-0.560124
-0.560672
-0.560594
-0.561298
-0.561455
-0.561768
-0.562003
-0.562394
-0.562785
-0.562942
-0.563020
-0.563490
-0.563881
-0.564038
-0.564351
-0.564429
-0.564899
-0.565134
-0.565368
-0.565760
-0.566151
-0.566308
-0.566777
-0.566777
-0.567012
-0.567325
-0.567873
-0.568030
-0.568186
-0.568421
-0.568734
-0.569125
-0.569438
-0.569438
-0.569908
-0.570456
-0.570612
-0.570847
-0.571395
-0.571552
-0.571787
-0.572334
-0.572647
-0.572647
-0.572726
-0.573195
-0.573430
-0.573508
-0.573978
-0.574291
-0.574604
-0.574917
-0.575309
-0.575622
-0.575543
-0.576013
-0.576170
-0.576561
-0.576874
-0.577187
-0.577422
-0.577735
-0.578205
-0.578361
-0.578518
-0.579144
-0.579457
-0.579379
-0.579848
-0.580318
-0.580318
-0.580631
-0.581179
-0.581335
-0.581414
-0.581727
-0.582275
-0.582509
-0.582979
-0.583136
-0.583370
-0.583762
-0.583918
-0.584231
-0.584623
-0.584779
-0.585014
-0.585484
-0.585797
-0.586032
-0.586345
-0.586501
-0.586658
-0.587049
-0.587519
-0.587832
-0.588067
-0.588380
-0.588615
-0.588693
-0.589006
-0.589397
-0.589945
-0.590180
-0.590493
-0.590806
-0.590963
-0.591589
-0.591824
-0.591745
-0.591980
-0.592528
-0.592919
-0.593232
-0.593311
-0.593389
-0.593624
-0.594093
-0.594563
-0.594798
-0.594876
-0.595267
-0.595737
-0.595894
-0.596207
-0.596207
-0.596676
-0.597068
-0.597381
-0.597459
-0.597929
-0.598242
-0.598320
-0.598398
-0.599103
-0.599337
-0.599807
-0.599964
-0.599964
-0.600198
-0.600903
-0.600668
-0.601216
-0.601999
-0.602155
-0.602625
-0.602781
-0.603173
-0.603407
-0.603955
-0.604425
-0.604112
-0.604503
-0.604816
-0.605051
-0.605521
-0.605912
-0.606147
-0.606147
-0.606851
-0.606695
-0.607243
-0.607556
-0.607634
-0.607634
-0.608182
-0.608886
-0.608886
-0.609043
-0.609434
-0.609747
-0.610060
-0.609826
-0.610608
-0.611000
-0.611156
-0.611704
-0.611939
-0.612330
-0.612487
-0.612800
-0.613035
-0.613348
-0.613583
-0.613896
-0.614052
-0.614678
-0.614757
-0.614757
-0.615305
-0.615539
-0.615774
-0.616009
-0.616322
-0.616870
-0.617105
-0.617183
-0.617731
-0.618044
-0.618435
-0.618748
-0.618983
-0.619296
-0.619453
-0.619766
-0.620157
-0.620392
-0.620627
-0.620940
-0.621096
-0.621566
-0.621879
-0.622271
-0.622427
-0.622662
-0.623131
-0.623366
-0.623445
-0.623914
-0.624462
-0.624462
-0.624697
-0.624932
-0.625480
-0.625636
-0.625871
-0.625949
-0.626341
-0.626654
-0.627123
-0.627358
-0.627436
-0.627828
-0.628219
-0.628454
-0.628689
-0.629158
-0.629315
-0.629471
-0.629941
-0.630489
-0.630567
-0.630567
-0.631272
-0.631898
-0.631741
-0.632211
-0.632524
-0.632915
-0.633072
-0.633620
-0.633620
-0.634089
-0.634011
-0.634402
-0.634559
-0.635107
-0.635498
-0.635420
-0.636124
-0.636516
-0.636907
-0.637220
-0.637768
-0.637846
-0.638003
-0.638394
-0.638707
-0.639020
-0.639333
-0.639490
-0.639725
-0.640194
-0.640507
-0.640742
-0.640742
-0.641447
-0.641760
-0.642073
-0.642386
-0.642308
-0.642777
-0.643169
-0.643403
-0.643951
-0.644030
-0.644343
-0.644499
-0.644812
-0.645204
-0.645517
-0.645517
-0.645986
-0.646299
-0.646612
-0.646769
-0.647473
-0.647630
-0.647943
-0.648021
-0.648334
-0.648413
-0.648804
-0.648961
-0.649665
-0.649978
-0.650056
-0.650448
-0.650604
-0.651152
-0.651543
-0.651543
-0.651778
-0.652483
-0.652639
-0.653187
-0.653109
-0.653657
-0.653970
-0.654205
-0.653970
-0.654205
-0.654909
-0.655222
-0.655535
-0.655535
-0.656083
-0.656474
-0.656787
-0.657101
-0.657257
-0.657570
-0.657962
-0.658196
-0.658588
