-0.533513
-0.533826
-0.534139
-0.534452
-0.534765
-0.535235
-0.535156
-0.535548
-0.535704
-0.536095
-0.536409
-0.537035
-0.537113
-0.537348
-0.537661
-0.537896
-0.538130
-0.538287
-0.538600
-0.538913
-0.538835
-0.539226
-0.539852
-0.540087
-0.540400
-0.540713
-0.540870
-0.541418
-0.541653
-0.542044
-0.542122
-0.542514
-0.542827
-0.542748
-0.543296
-0.543375
-0.543844
-0.544236
-0.544392
-0.544549
-0.544862
-0.545018
-0.545488
-0.545566
-0.545723
-0.546192
-0.546427
-0.546818
-0.546975
-0.547288
-0.547679
-0.547914
-0.548306
-0.548619
-0.548697
-0.548932
-0.549323
-0.549480
-0.549871
-0.550419
-0.550654
-0.550654
-0.550967
-0.551202
-0.551515
-0.551906
-0.552376
-0.552454
-0.552610
-0.553080
-0.553393
-0.553550
-0.553706
-0.554176
-0.554176
-0.554489
-0.555037
-0.555350
-0.555428
-0.555976
-0.556289
-0.556367
-0.556680
-0.556994
-0.557307
-0.557307
-0.557620
-0.557776
-0.558168
-0.558402
-0.558872
-0.559185
-0.559889
-0.560124
-0.560046
-0.560046
-0.560985
-0.561298
-0.561533
-0.561768
-0.562472
-0.562629
-0.562942
-0.563333
-0.563412
-0.563881
-0.563881
-0.564351
-0.564116
-0.564586
-0.564742
-0.565212
-0.565447
-0.565916
-0.566386
-0.566699
-0.566621
-0.567012
-0.567403
-0.567638
-0.568108
-0.568186
-0.568499
-0.568812
-0.569204
-0.569595
-0.569673
-0.569751
-0.569986
-0.570299
-0.570456
-0.571160
-0.571317
-0.571317
-0.571787
-0.571943
-0.572100
-0.572647
-0.572804
-0.573117
-0.573743
-0.573743
-0.574213
-0.574291
-0.574604
-0.574917
-0.575152
-0.575309
-0.575622
-0.576170
-0.576483
-0.576483
-0.576483
-0.576874
-0.577344
-0.577657
-0.577735
-0.578205
-0.578596
-0.578753
-0.579222
-0.579535
-0.579927
-0.580161
-0.580631
-0.581179
-0.581179
-0.581257
-0.581727
-0.581805
-0.582666
-0.582744
-0.583057
-0.583605
-0.583527
-0.584231
-0.584075
-0.584544
-0.584858
-0.585014
-0.585327
-0.585719
-0.586032
-0.586110
-0.586658
-0.587362
-0.587362
-0.587440
-0.587910
-0.588223
-0.588615
-0.588849
-0.589006
-0.589397
-0.589710
-0.589867
-0.590180
-0.590650
-0.590806
-0.590884
-0.591354
-0.591902
-0.592058
-0.592371
-0.592528
-0.593076
-0.593311
-0.593624
-0.593780
-0.594093
-0.594798
-0.594798
-0.595033
-0.595424
-0.595659
-0.595972
-0.596363
-0.596520
-0.596676
-0.597302
-0.597381
-0.597772
-0.597929
-0.598398
-0.598398
-0.598946
-0.599181
-0.599337
-0.599964
-0.600433
-0.600355
-0.600668
-0.601216
-0.601529
-0.601999
-0.602468
-0.602703
-0.603251
-0.603407
-0.603642
-0.603955
-0.604190
-0.604425
-0.604973
-0.605129
-0.605443
-0.606147
-0.606225
-0.606851
-0.606773
-0.607008
-0.607399
-0.608025
-0.608104
-0.608417
-0.608573
-0.608808
-0.609121
-0.609513
-0.609669
-0.609747
-0.610217
-0.610765
-0.610921
-0.611469
-0.611782
-0.611861
-0.611861
-0.612409
-0.612878
-0.612878
-0.613269
-0.613504
-0.613817
-0.613974
-0.614444
-0.614522
-0.614835
-0.615618
-0.615461
-0.615852
-0.616165
-0.616479
-0.616713
-0.617026
-0.617340
-0.617574
-0.618122
-0.618279
-0.618514
-0.618748
-0.619061
-0.619375
-0.619688
-0.620079
-0.620079
-0.620392
-0.620549
-0.620940
-0.621488
-0.621723
-0.622114
-0.622192
-0.622584
-0.622818
-0.623131
-0.623445
-0.623679
-0.623758
-0.624227
-0.624619
-0.624853
-0.625401
-0.625323
-0.625480
-0.625871
-0.626262
-0.626419
-0.626888
-0.627045
-0.627593
-0.627984
-0.627906
-0.628610
-0.628845
-0.629080
-0.629550
-0.629784
-0.629941
-0.630176
-0.630567
-0.630802
-0.631193
-0.631428
-0.631741
-0.631741
-0.632289
-0.632524
-0.632993
-0.632915
-0.633385
-0.633620
-0.634168
-0.634402
-0.634637
-0.634794
-0.635107
-0.635420
-0.635811
-0.635968
-0.636203
-0.636594
-0.637064
-0.637142
-0.637455
-0.637846
-0.637924
-0.638159
-0.638551
-0.639020
-0.639490
-0.639568
-0.639881
-0.640351
-0.640116
-0.640664
-0.641055
-0.641290
-0.641681
-0.641995
-0.642151
-0.642699
-0.642777
-0.643247
-0.643403
-0.643638
-0.643795
-0.644186
-0.644499
-0.644656
-0.644812
-0.645204
-0.645751
-0.645908
-0.646456
-0.646299
-0.646926
-0.647004
-0.647317
-0.647395
-0.647943
-0.648100
-0.648334
-0.648804
-0.649195
-0.649195
-0.649821
-0.649821
-0.650135
-0.650213
-0.650761
-0.650996
-0.651700
-0.651778
-0.652091
-0.652561
-0.652796
-0.653109
-0.653109
-0.653500
-0.653813
-0.653970
-0.654361
-0.654361
-0.654831
-0.654909
-0.655222
-0.656005
-0.656318
-0.656396
-0.656553
-0.656944
-0.657101
-0.657335
-0.657648
-0.657962
-0.658196
-0.658509
-0.658666
-0.658979
-0.659057
-0.658901
-0.659370
-0.659449
-0.659840
-0.659527
-0.659527
-0.659370
-0.659449
-0.659136
-0.659214
-0.658901
-0.658823
-0.658823
-0.658588
-0.658666
-0.658431
-0.658040
-0.657805
-0.657727
-0.657335
-0.657257
-0.656866
-0.656866
-0.656474
-0.656005
-0.655770
-0.655535
-0.654909
-0.654596
-0.654518
-0.654126
-0.653892
-0.653657
-0.653344
-0.652952
-0.652483
-0.652248
-0.652170
-0.651465
-0.651309
-0.651074
-0.650917
-0.650604
-0.650291
-0.649900
-0.649665
-0.649274
-0.648726
-0.648491
-0.648334
-0.647865
-0.647708
-0.647473
-0.647004
-0.646769
-0.646378
-0.645830
-0.645830
-0.645517
-0.644969
-0.644812
-0.644656
-0.644108
-0.643716
-0.643325
-0.643169
-0.642621
-0.642386
-0.642229
-0.641760
-0.641760
-0.641525
-0.640586
-0.640664
-0.640194
-0.639725
-0.639177
-0.638942
-0.638942
-0.638629
-0.638081
-0.637768
-0.637611
-0.636985
-0.636750
-0.636672
-0.636203
-0.635811
-0.635733
-0.635107
-0.634794
-0.634011
-0.634168
-0.633620
-0.633385
-0.633072
-0.632524
-0.632289
-0.631976
-0.631898
-0.631428
-0.631037
-0.630489
-0.630332
-0.629628
-0.629393
-0.629628
-0.629002
-0.628454
-0.628141
-0.628141
-0.627749
-0.627123
-0.626888
-0.626341
-0.626497
-0.625793
-0.625480
-0.625401
-0.625010
-0.624853
-0.624149
-0.623679
-0.623836
-0.623366
-0.623131
-0.622505
-0.622584
-0.621801
-0.621410
-0.620940
-0.621018
-0.620549
-0.620236
-0.619844
-0.619609
-0.619375
-0.618905
-0.618514
-0.618279
-0.617966
-0.617731
-0.617261
-0.617261
-0.616948
-0.616400
-0.616244
-0.615931
-0.615383
-0.614991
-0.614913
-0.614600
-0.613974
-0.613817
-0.613583
-0.613661
-0.612878
-0.612409
-0.612252
-0.612095
-0.611704
-0.611548
-0.611078
-0.610765
-0.610295
-0.610060
-0.609513
-0.609278
-0.609121
-0.608808
-0.608260
-0.607712
-0.607634
-0.607321
-0.606851
-0.606695
-0.606382
-0.606147
-0.605677
-0.605286
-0.604895
-0.604660
-0.604268
-0.603877
-0.603721
-0.603407
-0.603251
-0.602938
-0.602155
-0.601842
-0.601686
-0.601059
-0.600746
-0.600512
-0.600042
-0.599885
-0.599259
-0.599024
-0.598946
-0.598711
-0.598242
-0.597772
-0.597694
-0.597302
-0.597302
-0.596676
-0.596520
-0.596050
-0.595659
-0.595346
-0.595033
-0.594954
-0.594250
-0.594328
-0.593702
-0.593546
-0.592919
-0.592841
-0.592528
-0.592137
-0.591902
-0.591824
-0.591276
-0.590571
-0.590728
-0.590258
-0.589710
-0.589397
-0.589241
-0.589084
-0.588458
-0.588145
-0.587910
-0.587519
-0.587127
-0.586736
-0.586188
-0.586188
-0.585875
-0.585640
-0.585249
-0.584936
-0.584388
-0.583997
-0.583840
-0.583449
-0.583057
-0.582901
-0.582588
-0.582509
-0.581805
-0.581648
-0.581335
-0.581179
-0.580709
-0.580161
-0.579927
-0.579692
-0.579222
-0.578753
-0.578283
-0.578126
-0.577578
-0.577422
-0.576874
-0.576561
-0.576796
-0.576561
-0.575857
-0.575465
-0.575309
-0.575074
-0.574682
-0.573900
-0.573822
-0.573508
-0.573195
-0.572882
-0.572569
-0.572178
-0.571787
-0.571395
-0.571082
-0.570534
-0.570065
-0.569986
-0.569595
-0.569204
-0.569204
-0.568577
-0.568421
-0.568030
-0.567873
-0.567716
-0.567012
-0.566934
-0.566542
-0.566151
-0.565838
-0.565760
-0.565447
-0.564742
-0.564664
-0.564194
-0.564194
-0.563725
-0.563255
-0.563099
-0.562629
-0.562238
-0.561768
-0.561455
-0.561298
-0.560829
-0.560046
-0.560437
-0.559733
-0.558872
-0.558794
-0.558559
-0.558011
-0.557933
-0.557307
-0.557150
-0.556680
-0.556602
-0.556289
-0.555898
-0.555741
-0.555350
-0.554880
-0.554567
-0.554332
-0.554176
-0.553706
-0.553471
-0.553158
-0.553002
-0.552376
-0.552297
-0.551749
-0.551515
-0.551045
-0.551045
-0.550027
-0.550106
-0.549793
-0.549167
-0.549010
-0.548540
-0.548462
-0.548071
-0.547758
-0.547366
-0.546897
-0.546740
-0.546114
-0.545957
-0.545879
-0.545331
-0.544783
-0.544549
-0.544001
-0.543844
-0.543375
-0.542827
-0.542983
-0.542748
-0.542122
-0.541809
-0.541418
-0.541183
-0.540557
-0.540322
-0.540009
-0.539539
-0.539305
-0.538991
-0.538678
-0.538522
-0.538052
-0.537739
-0.537661
-0.536956
-0.536878
-0.536565
-0.536095
-0.535548
-0.535313
-0.535313
-0.534843
-0.534530
-0.534217
-0.533982
-0.533356
-0.533278
-0.532965
-0.532339
-0.532104
-0.531869
-0.531399
-0.531243
-0.530773
-0.530538
-0.530147
-0.529521
-0.529521
-0.528973
-0.528738
-0.528660
-0.527955
-0.527642
-0.527564
-0.527016
-0.526781
-0.526468
-0.525999
-0.525607
-0.525294
-0.525216
-0.524903
-0.524746
-0.524512
-0.523964
-0.523807
-0.523259
-0.522946
-0.522790
-0.522320
-0.521381
-0.521381
-0.521146
-0.520520
-0.520442
-0.519894
-0.519502
-0.519267
-0.519033
-0.518641
-0.518093
-0.517702
-0.517389
-0.516998
-0.516919
-0.516450
-0.516371
-0.516058
-0.515667
-0.515119
-0.514728
-0.514728
-0.514336
-0.514023
-0.513867
-0.513632
-0.512928
-0.512771
-0.512380
-0.511988
-0.511675
-0.511206
-0.511049
-0.510736
-0.510580
-0.509875
-0.510032
-0.509562
-0.509171
-0.508701
-0.508623
-0.508231
-0.507918
-0.507527
-0.507292
-0.506979
-0.506588
-0.506275
-0.506040
-0.505570
-0.505414
-0.505179
-0.504788
-0.504631
-0.504318
-0.503770
-0.503379
-0.503535
-0.502909
-0.502361
-0.502283
-0.501735
-0.501344
-0.501187
-0.500874
-0.500639
-0.500091
-0.499778
-0.499465
-0.498996
-0.498996
-0.498369
-0.498135
-0.497743
-0.497430
-0.497274
-0.497117
-0.496804
-0.496334
-0.496100
-0.495630
-0.495160
-0.494847
-0.494769
-0.494691
-0.494456
-0.493752
-0.493438
-0.493438
-0.493047
-0.492812
-0.492499
-0.492108
-0.491560
-0.491169
-0.491169
-0.490542
-0.490229
-0.489525
-0.489603
-0.489447
-0.489290
-0.488821
-0.488429
-0.488116
-0.487646
-0.487412
-0.487177
-0.486864
-0.486551
-0.486394
-0.485925
-0.485455
-0.485064
-0.484985
-0.484437
-0.484281
-0.483655
-0.483420
-0.483107
-0.482794
-0.482715
-0.482637
-0.481855
-0.481620
-0.480994
-0.480759
-0.480367
-0.480289
-0.480133
-0.479741
-0.479428
-0.479037
-0.478645
-0.478176
-0.478176
-0.477550
-0.477628
-0.477315
-0.476454
-0.476376
-0.476219
-0.475749
-0.475358
-0.475202
-0.474810
-0.474732
-0.474262
-0.473949
-0.473793
-0.473401
-0.473245
-0.473088
-0.472697
-0.472306
-0.472149
-0.471914
-0.471445
-0.471132
-0.470584
-0.470271
-0.470114
-0.469957
-0.469097
-0.469018
-0.468627
-0.468314
-0.468157
-0.468236
-0.467922
-0.467062
-0.467062
-0.466748
-0.466592
-0.466044
-0.465887
-0.465731
-0.465183
-0.464870
-0.464635
-0.464087
-0.464244
-0.463931
-0.463461
-0.462835
-0.462678
-0.462365
-0.462052
-0.461504
-0.461270
-0.460800
-0.460565
-0.460330
-0.459861
-0.459704
-0.459313
-0.459391
-0.458843
-0.458687
-0.458295
-0.457904
-0.457513
-0.457121
-0.456965
-0.456573
-0.456182
-0.456104
-0.455634
-0.455086
-0.455008
-0.454617
-0.454382
-0.453912
-0.453677
-0.453834
-0.453129
-0.453051
-0.452738
-0.452034
-0.451799
-0.451642
-0.451408
-0.451329
-0.450625
-0.450468
-0.450077
-0.449842
-0.449294
-0.449059
-0.448746
-0.448590
-0.448042
-0.447729
-0.447181
-0.447259
-0.446946
-0.446711
-0.446477
-0.446085
-0.446163
-0.445381
-0.445303
-0.444598
-0.444520
-0.443894
-0.444050
-0.443894
-0.443267
-0.443111
-0.442876
-0.442720
-0.441780
-0.441859
-0.441389
-0.440919
-0.440450
-0.440215
-0.439667
-0.439589
-0.439197
-0.438806
-0.438571
-0.438180
-0.438102
-0.437632
-0.437397
-0.437162
-0.436849
-0.436458
-0.435832
-0.435675
-0.435675
-0.435049
-0.434501
-0.434188
-0.434110
-0.433562
-0.433249
-0.432936
-0.432701
-0.432310
-0.432075
-0.431684
-0.431527
-0.430901
-0.430901
-0.430431
-0.429649
-0.429805
-0.429335
-0.429022
-0.428709
-0.428631
-0.427927
-0.427770
-0.427535
-0.427066
-0.427066
-0.426596
-0.425970
-0.425735
-0.425579
-0.424952
-0.425031
-0.424326
-0.424483
-0.423778
-0.423465
-0.423230
-0.422917
-0.422448
-0.422213
-0.421978
-0.421665
-0.421352
-0.420726
-0.420804
-0.420413
-0.419708
-0.419865
-0.419160
-0.419239
-0.418534
-0.418143
-0.417908
-0.417830
-0.417517
-0.417125
-0.416969
-0.416577
-0.416421
-0.416108
-0.415873
-0.415403
-0.414621
-0.414151
-0.414151
-0.413760
-0.413290
-0.413055
-0.412742
-0.412429
-0.411881
-0.412038
-0.411490
-0.411177
-0.411099
-0.410707
-0.410707
-0.409690
-0.409533
-0.409377
-0.408985
-0.408829
-0.408203
-0.407968
-0.407733
-0.407342
-0.407342
-0.406872
-0.406559
-0.406168
-0.405855
-0.405463
-0.405072
-0.405228
-0.404602
-0.404289
-0.404211
-0.403741
-0.403350
-0.403193
-0.403193
-0.402802
-0.402411
-0.401863
-0.401785
-0.401315
-0.400845
-0.400063
-0.399749
-0.399515
-0.399202
-0.398810
-0.398654
-0.398184
-0.397949
-0.397793
-0.397480
-0.397245
-0.396775
-0.396697
-0.396306
-0.396071
-0.395288
-0.395366
-0.394897
-0.394505
-0.394036
-0.394036
-0.393801
-0.393331
-0.393097
-0.393018
-0.392627
-0.391923
-0.391923
-0.391453
-0.391140
-0.390748
-0.390670
-0.390044
-0.389809
-0.389653
-0.389418
-0.388948
-0.388792
-0.388557
-0.388166
-0.388087
-0.387696
-0.387461
-0.387070
-0.387226
-0.386600
-0.385974
-0.386131
-0.385739
-0.385113
-0.385113
-0.384722
-0.384565
-0.384096
-0.383782
-0.383704
-0.383313
-0.383078
-0.382843
-0.382452
-0.382295
-0.381826
-0.381513
-0.381043
-0.380886
-0.380260
-0.379869
-0.379712
-0.379556
-0.379165
-0.378695
-0.378460
-0.378225
-0.377756
-0.377756
-0.377599
-0.377208
-0.376738
-0.376582
-0.376425
-0.376034
-0.375721
-0.375408
-0.375251
-0.375173
-0.374781
-0.374625
-0.374155
-0.373607
-0.373216
-0.373138
-0.372903
-0.372590
-0.372199
-0.371807
-0.371494
-0.371181
-0.371103
-0.370633
-0.370790
-0.370164
-0.370007
-0.369772
-0.369459
-0.368598
-0.368598
-0.367972
-0.368050
-0.367659
-0.367268
-0.367189
-0.366798
-0.366563
-0.366093
-0.366015
-0.365389
-0.364998
-0.364450
-0.364293
-0.364058
-0.363824
-0.363432
-0.363198
-0.362963
-0.362884
-0.362728
-0.362415
-0.362102
-0.361397
-0.361084
-0.361006
-0.360693
-0.360223
-0.359519
-0.359675
-0.359206
-0.358814
-0.358423
-0.358345
-0.357953
-0.357640
-0.357249
-0.356936
-0.356466
-0.356388
-0.356388
-0.356075
-0.355371
-0.355214
-0.354979
-0.354744
-0.354588
-0.354040
-0.353805
-0.353805
-0.353336
-0.352709
-0.352709
-0.352240
-0.351927
-0.351457
-0.351300
-0.351222
-0.350987
-0.350674
-0.350283
-0.349892
-0.349892
-0.349265
-0.349265
-0.348874
-0.348561
-0.348405
-0.348013
-0.347857
-0.347465
-0.347230
-0.347074
-0.346526
-0.346369
-0.345900
-0.345665
-0.345195
-0.345274
-0.344882
-0.344413
-0.344256
-0.344100
-0.343708
-0.343552
-0.343239
-0.343004
-0.342534
-0.342221
-0.341986
-0.341517
-0.340969
-0.341204
-0.340812
-0.340812
-0.340264
-0.340108
-0.339482
-0.339012
-0.339090
-0.338464
-0.338151
-0.338229
-0.337838
-0.337760
-0.337055
-0.336899
-0.336508
-0.336116
-0.336038
-0.335881
-0.335333
-0.335020
-0.334629
-0.334316
-0.334081
-0.333925
-0.333533
-0.333377
-0.333377
-0.333220
-0.332516
-0.332203
-0.331811
-0.331498
-0.331185
-0.330872
-0.330559
-0.330402
-0.330089
-0.329776
-0.329620
-0.329228
-0.329072
-0.328759
-0.328211
-0.327820
-0.327663
-0.327663
-0.327115
-0.326646
-0.326411
-0.326254
-0.326489
-0.325628
-0.325628
-0.325550
-0.325080
-0.324845
-0.324610
-0.324219
-0.323906
-0.323515
-0.323123
-0.322810
-0.322732
-0.322419
-0.322028
-0.322028
-0.321558
-0.321010
-0.321010
-0.320306
-0.320227
-0.320227
-0.319758
-0.319366
-0.319210
-0.318584
-0.318740
-0.318114
-0.317958
-0.317488
-0.317566
-0.317331
-0.317097
-0.316392
-0.316079
-0.315923
-0.315766
-0.315296
-0.315062
-0.314827
-0.314748
-0.314435
-0.314279
-0.313809
-0.313574
-0.313340
-0.313027
-0.312479
-0.312244
-0.311853
-0.311853
-0.311226
-0.310913
-0.310913
-0.310522
-0.310131
-0.309896
-0.309818
-0.309348
-0.308643
-0.308800
-0.308487
-0.308017
-0.307704
-0.307704
-0.307313
-0.306922
-0.307000
-0.306765
-0.306217
-0.305591
-0.305278
-0.305356
-0.305043
-0.305278
-0.304965
-0.304495
-0.304182
-0.304026
-0.303791
-0.303478
-0.303321
-0.302851
-0.302538
-0.302147
-0.301834
-0.301677
-0.301130
-0.301208
-0.300738
-0.300425
-0.300112
-0.299877
-0.299486
-0.299173
-0.299016
-0.298703
-0.298390
-0.297999
-0.297686
-0.297686
-0.297451
-0.297294
-0.296825
-0.296355
-0.296042
-0.295807
-0.295416
-0.294946
-0.295103
-0.294868
-0.294711
-0.294320
-0.294242
-0.294007
-0.293616
-0.293537
-0.292833
-0.292755
-0.292442
-0.292520
-0.291894
-0.291581
-0.291189
-0.290954
-0.290876
-0.290563
-0.290172
-0.290094
-0.289702
-0.289467
-0.288841
-0.288841
-0.288450
-0.288372
-0.288058
-0.287745
-0.287589
-0.287667
-0.287276
-0.287041
-0.286806
-0.286415
-0.286102
-0.285867
-0.285476
-0.285554
-0.285006
-0.284536
-0.284458
-0.284380
-0.284145
-0.283597
-0.283519
-0.282971
-0.283049
-0.282501
-0.282501
-0.282267
-0.281875
-0.281484
-0.281327
-0.281014
-0.280779
-0.280936
-0.280388
-0.280075
-0.279684
-0.279371
-0.279371
-0.278979
-0.278588
-0.278118
-0.278353
-0.277883
-0.277649
-0.277492
-0.277414
-0.277101
-0.276631
-0.276475
-0.276318
-0.276083
-0.275614
-0.275222
-0.274831
-0.274753
-0.274518
-0.274126
-0.274048
-0.273657
-0.273109
-0.273109
-0.272639
-0.272796
-0.272248
-0.272326
-0.272013
-0.271778
-0.271622
-0.271387
-0.271074
-0.270996
-0.270604
-0.270213
-0.270056
-0.269822
-0.269509
-0.269039
-0.269195
-0.268726
-0.268256
-0.268100
-0.267865
-0.267630
-0.267395
-0.267082
-0.266847
-0.266769
-0.266378
-0.266221
-0.265908
-0.265752
-0.265204
-0.265047
-0.264656
-0.264812
-0.264578
-0.264264
-0.264108
-0.263951
-0.263482
-0.263404
-0.263012
-0.263090
-0.262777
-0.262699
-0.262229
-0.261995
-0.262151
-0.261525
-0.261447
-0.260899
-0.260742
-0.260508
-0.260273
-0.259960
-0.260273
-0.259568
-0.259255
-0.259255
-0.258864
-0.258707
-0.258316
-0.258081
-0.258081
-0.257925
-0.257298
-0.257220
-0.257064
-0.256751
-0.256672
-0.256281
-0.256046
-0.256046
-0.255811
-0.255577
-0.255107
-0.254716
-0.254481
-0.254168
-0.254246
-0.254168
-0.253698
-0.253620
-0.253463
-0.253307
-0.253072
-0.252759
-0.252211
-0.252367
-0.251898
-0.251663
-0.251585
-0.251350
-0.250880
-0.250724
-0.251037
-0.250567
-0.250098
-0.249863
-0.249550
-0.249471
-0.249002
-0.248845
-0.248611
-0.248297
-0.248063
-0.247906
-0.247750
-0.247750
-0.247280
-0.247280
-0.247045
-0.246967
-0.246419
-0.245949
-0.246028
-0.245715
-0.245558
-0.245480
-0.245323
-0.245167
-0.244619
-0.244619
-0.244462
-0.244149
-0.243836
-0.243836
-0.243445
-0.243288
-0.243132
-0.242897
-0.242584
-0.242036
-0.242036
-0.241801
-0.241645
-0.241331
-0.240705
-0.240705
-0.240392
-0.240314
-0.240001
-0.239844
-0.239766
-0.239453
-0.239140
-0.238749
-0.238749
-0.238435
-0.237888
-0.237888
-0.238044
-0.237966
-0.237496
-0.237496
-0.237261
-0.237105
-0.236714
-0.236557
-0.236322
-0.235774
-0.235853
-0.235696
-0.235461
-0.235305
-0.234992
-0.234992
-0.234444
-0.234678
-0.234522
-0.234287
-0.233818
-0.233739
-0.233739
-0.233348
-0.233113
-0.232878
-0.232878
-0.233113
-0.232565
-0.232174
-0.232096
-0.231939
-0.231704
-0.231313
-0.231548
-0.231000
-0.231078
-0.230687
-0.230452
-0.230452
-0.229982
-0.230295
-0.229513
-0.229356
-0.229200
-0.229200
-0.228887
-0.228730
-0.228573
-0.228495
-0.228260
-0.227947
-0.228104
-0.227791
-0.227478
-0.227243
-0.227165
-0.226852
-0.226538
-0.226460
-0.225912
-0.225991
-0.226147
-0.225991
-0.225677
-0.225599
-0.225130
-0.225051
-0.224660
-0.224425
-0.224425
-0.224425
-0.223956
-0.224112
-0.223721
-0.223408
-0.223329
-0.223173
-0.222938
-0.222703
-0.222547
-0.222312
-0.222547
-0.222312
-0.221999
-0.221842
-0.221607
-0.221373
-0.221138
-0.220981
-0.220355
-0.220433
-0.220590
-0.219964
-0.219964
-0.219964
-0.219886
-0.219572
-0.219338
-0.218946
-0.218790
-0.218946
-0.218790
-0.218320
-0.218242
-0.218085
-0.218164
-0.218007
-0.217694
-0.217694
-0.217694
-0.217694
-0.217224
-0.216990
-0.216911
-0.217068
-0.216676
-0.216676
-0.216442
-0.216520
-0.216363
-0.216207
-0.216285
-0.215815
-0.215581
-0.215659
-0.215424
-0.215033
-0.214955
-0.214798
-0.214485
-0.214798
-0.214563
-0.214720
-0.214328
-0.214094
-0.213624
-0.213467
-0.213546
-0.213624
-0.213389
-0.212919
-0.212998
-0.212998
-0.213076
-0.212763
-0.212450
-0.212528
-0.212215
-0.212137
-0.211824
-0.211667
-0.211589
-0.211432
-0.211432
-0.211354
-0.211354
-0.211041
-0.210728
-0.210493
-0.210571
-0.210571
-0.210571
-0.210102
-0.210024
-0.209867
-0.209632
-0.209789
-0.209476
-0.209319
-0.209319
-0.209319
-0.209397
-0.209084
-0.209163
-0.208849
-0.208771
-0.208849
-0.208458
-0.208223
-0.208380
-0.207910
-0.207910
-0.207597
-0.207519
-0.207441
-0.207519
-0.207675
-0.207597
-0.207675
-0.207519
-0.207049
-0.207206
-0.206971
-0.206658
-0.206658
-0.206501
-0.206580
-0.206501
-0.206580
-0.206736
-0.206110
-0.206423
-0.206110
-0.206032
-0.206032
-0.206188
-0.205953
-0.205640
-0.205640
-0.205484
-0.205719
-0.205484
-0.205171
-0.205171
-0.205093
-0.204936
-0.204858
-0.204701
-0.204623
-0.204623
-0.204466
-0.204779
-0.204701
-0.204701
-0.204310
-0.204545
-0.204232
-0.204153
-0.204232
-0.203997
-0.204075
-0.203918
-0.204075
-0.203762
-0.203605
-0.204075
-0.203527
-0.203684
-0.203840
-0.203684
-0.203762
-0.203527
-0.203684
-0.203605
-0.203684
-0.203684
-0.203449
-0.203371
-0.203136
-0.203214
-0.203292
-0.202901
-0.202979
-0.203136
-0.202979
-0.202979
-0.202823
-0.202666
-0.202901
-0.202823
-0.202901
-0.203136
-0.202979
-0.202744
-0.202353
-0.202510
-0.202744
-0.202823
-0.202431
-0.202510
-0.202510
-0.202588
-0.202744
-0.202431
-0.202431
-0.202744
-0.202040
-0.202275
-0.202275
-0.202431
-0.202353
-0.202197
-0.202197
-0.202431
-0.202275
-0.202275
-0.202040
-0.202197
-0.202353
-0.202197
-0.202353
-0.202353
-0.202510
-0.202353
-0.202275
-0.202431
-0.202510
-0.202353
-0.202510
-0.202588
-0.202197
-0.202197
-0.202431
-0.202431
-0.202431
-0.202275
-0.202588
-0.202979
-0.202744
-0.202666
-0.202197
-0.202197
-0.202353
-0.202275
-0.202040
-0.202353
-0.202040
-0.202588
-0.202510
-0.202666
-0.202666
-0.202197
-0.202510
-0.202510
-0.202588
-0.202197
-0.202510
-0.202275
-0.202510
-0.202431
-0.202744
-0.202979
-0.202588
-0.202666
-0.202510
-0.202823
-0.202823
-0.202901
-0.202588
-0.202744
-0.203214
-0.203214
-0.203371
-0.203214
-0.203292
-0.202901
-0.202744
-0.202901
-0.203371
-0.202901
-0.202979
-0.202901
-0.203371
-0.203371
-0.203136
-0.203371
-0.203292
-0.203292
-0.203214
-0.203527
-0.203214
-0.203214
-0.203371
-0.203527
-0.203918
-0.203762
-0.203449
-0.203918
-0.203605
-0.203605
-0.203840
-0.203840
-0.203840
-0.204232
-0.204232
-0.204388
-0.204388
-0.204310
-0.204310
-0.204545
-0.204232
-0.204545
-0.204623
-0.204466
-0.204388
-0.204936
-0.205014
-0.205014
-0.205014
-0.205014
-0.204701
-0.204936
-0.205093
-0.204936
-0.205093
-0.205249
-0.205093
-0.205484
-0.205327
-0.205327
-0.205327
-0.205327
-0.205093
-0.205249
-0.205640
-0.205640
-0.205953
-0.205875
-0.205953
-0.206188
-0.205875
-0.206110
-0.205953
-0.205953
-0.206345
-0.206110
-0.206032
-0.206501
-0.206658
-0.206658
-0.206423
-0.206658
-0.206658
-0.206658
-0.206814
-0.206580
-0.206736
-0.206658
-0.207206
-0.206971
-0.207441
-0.207441
-0.207597
-0.207284
-0.207362
-0.207284
-0.207206
-0.207441
-0.207754
-0.207675
-0.207910
-0.208067
-0.208302
-0.208223
-0.208223
-0.207989
-0.207989
-0.207910
-0.208145
-0.208223
-0.208223
-0.208145
-0.208693
-0.208693
-0.208771
-0.208536
-0.208615
-0.208536
-0.208615
-0.208771
-0.208615
-0.209006
-0.208928
-0.208928
-0.209163
-0.209006
-0.209084
-0.209084
-0.209084
-0.209084
-0.209476
-0.208928
-0.209319
-0.209476
-0.209632
-0.209789
-0.209789
-0.209554
-0.209476
-0.209397
-0.209476
-0.209554
-0.209632
-0.209632
-0.209945
-0.209867
-0.209710
-0.209789
-0.209945
-0.209632
-0.209397
-0.209867
-0.209945
-0.209632
-0.209789
-0.209867
-0.210102
-0.209945
-0.209945
-0.209867
-0.210102
-0.210024
-0.209867
-0.209945
-0.210180
-0.209789
-0.210024
-0.210102
-0.210180
-0.209632
-0.209710
-0.209867
-0.209945
-0.209867
-0.209789
-0.209710
-0.209632
-0.209554
-0.209710
-0.209867
-0.209867
-0.209632
-0.209397
-0.209632
-0.209241
-0.209319
-0.209241
-0.208928
-0.209476
-0.209241
-0.209163
-0.209241
-0.209163
-0.208771
-0.208771
-0.208458
-0.208615
-0.208458
-0.208536
-0.208458
-0.208536
-0.208223
-0.208458
-0.208145
-0.207910
-0.207832
-0.207989
-0.207754
-0.207754
-0.207519
-0.207441
-0.207441
-0.207284
-0.207206
-0.207128
-0.206814
-0.206658
-0.206814
-0.206658
-0.206658
-0.206345
-0.206188
-0.206188
-0.206032
-0.205640
-0.205484
-0.205562
-0.205249
-0.205093
-0.204936
-0.204701
-0.204545
-0.204545
-0.204388
-0.204075
-0.203997
-0.203527
-0.203527
-0.203214
-0.203136
-0.202744
-0.202744
-0.202588
-0.202040
-0.202040
-0.202040
-0.201727
-0.201492
-0.201179
-0.200866
-0.200318
-0.200240
-0.199692
-0.199692
-0.199301
-0.199379
-0.198909
-0.198596
-0.198440
-0.198283
-0.197735
-0.197657
-0.197187
-0.197266
-0.196952
-0.196718
-0.196483
-0.196639
-0.196091
-0.195544
-0.195231
-0.195074
-0.194761
-0.194370
-0.194135
-0.193430
-0.193274
-0.193039
-0.192726
-0.192178
-0.192256
-0.191630
-0.191239
-0.190926
-0.190691
-0.190221
-0.189986
-0.189439
-0.189282
-0.188499
-0.188186
-0.187482
-0.187404
-0.187247
-0.186777
-0.186386
-0.186151
-0.185525
-0.185369
-0.184899
-0.184664
-0.184116
-0.183490
-0.183020
-0.183020
-0.182316
-0.182238
-0.181533
-0.180907
-0.180672
-0.180046
-0.180046
-0.178872
-0.178559
-0.178324
-0.178011
-0.177542
-0.176994
-0.176602
-0.175976
-0.175507
-0.175115
-0.174646
-0.174098
-0.173550
-0.173002
-0.172219
-0.171984
-0.171280
-0.170732
-0.170184
-0.169793
-0.169401
-0.168697
-0.167914
-0.167445
-0.166662
-0.166584
-0.165566
-0.165253
-0.164705
-0.164549
-0.163688
-0.163140
-0.162435
-0.161888
-0.161966
-0.161027
-0.160244
-0.159226
-0.158757
-0.158444
-0.157818
-0.157113
-0.156487
-0.156096
-0.155704
-0.155313
-0.154452
-0.153513
-0.153200
-0.152260
-0.152417
-0.151634
-0.150695
-0.149991
-0.149443
-0.148895
-0.148347
-0.147721
-0.147016
-0.146625
-0.146155
-0.145373
-0.144512
-0.143494
-0.143338
-0.142790
-0.142477
-0.141851
-0.141146
-0.140442
-0.139581
-0.139189
-0.138485
-0.137311
-0.136998
-0.136372
-0.135902
-0.135824
-0.135119
-0.134415
-0.133710
-0.133163
-0.132380
-0.131441
-0.130893
-0.130032
-0.129327
-0.128858
-0.128232
-0.127684
-0.126823
-0.126118
-0.125727
-0.124866
-0.124083
-0.122988
-0.122988
-0.122596
-0.121970
-0.121344
-0.120170
-0.119231
-0.118448
-0.117822
-0.116961
-0.116021
-0.115708
-0.115082
-0.114691
-0.114065
-0.113282
-0.112421
-0.111325
-0.111012
-0.110308
-0.109134
-0.108508
-0.107960
-0.107334
-0.106864
-0.106473
-0.105455
-0.104672
-0.103890
-0.103420
-0.102794
-0.102011
-0.101229
-0.100837
-0.100133
-0.099898
-0.098880
-0.097785
-0.097393
-0.096611
-0.095906
-0.094889
-0.094654
-0.093949
-0.093402
-0.092854
-0.092306
-0.091210
-0.090427
-0.089723
-0.089253
-0.088549
-0.087375
-0.086905
-0.086357
-0.085496
-0.084870
-0.083931
-0.082992
-0.082052
-0.081896
-0.081035
-0.079783
-0.079000
-0.078452
-0.078217
-0.077434
-0.076339
-0.075556
-0.074773
-0.074225
-0.073521
-0.072582
-0.072190
-0.071408
-0.071251
-0.070625
-0.069373
-0.068433
-0.067807
-0.067181
-0.066477
-0.065459
-0.064833
-0.064207
-0.063816
-0.063189
-0.062328
-0.061546
-0.060450
-0.060059
-0.059276
-0.058180
-0.057632
-0.056928
-0.056536
-0.056458
-0.055519
-0.054267
-0.053406
-0.053093
-0.052153
-0.051292
-0.050510
-0.050040
-0.049570
-0.049101
-0.048162
-0.046909
-0.046440
-0.045892
-0.044953
-0.044248
-0.043700
-0.043074
-0.042683
-0.042057
-0.041509
-0.040491
-0.039239
-0.038534
-0.037830
-0.037126
-0.036265
-0.035482
-0.035091
-0.034699
-0.034308
-0.033447
-0.032195
-0.031647
-0.030864
-0.030473
-0.029533
-0.028907
-0.028672
-0.027890
-0.027655
-0.026481
-0.025463
-0.024915
-0.024368
-0.023350
-0.022646
-0.022333
-0.021785
-0.021315
-0.020924
-0.019750
-0.018810
-0.018184
-0.017480
-0.016697
-0.016228
-0.015288
-0.014662
-0.014427
-0.014036
-0.013175
-0.012157
-0.011218
-0.010905
-0.010436
-0.009496
-0.008714
-0.008244
-0.007774
-0.007226
-0.006757
-0.005739
-0.004644
-0.004409
-0.003939
-0.003313
-0.002609
-0.002374
-0.001591
-0.001200
-0.000339
0.000444
0.001148
0.001696
0.001931
0.002636
0.003340
0.003653
0.004201
0.004827
0.005923
0.006627
0.007175
0.007801
0.008114
0.009367
0.009445
0.010306
0.010541
0.011245
0.011637
0.012576
0.013593
0.014141
0.014611
0.014924
0.015707
0.016333
0.016802
0.017037
0.017742
0.018446
0.019542
0.020246
0.020951
0.021107
0.021655
0.022360
0.022986
0.023142
0.023534
0.024629
0.025334
0.025803
0.026743
0.027134
0.027760
0.028151
0.028699
0.029326
0.029952
0.030500
0.031126
0.032065
0.032691
0.033396
0.033787
0.034413
0.034883
0.035352
0.035900
0.036605
0.037309
0.037857
0.038561
0.039031
0.039970
0.040675
0.041144
0.041692
0.042162
0.042631
0.043571
0.044353
0.044666
0.045449
0.045919
0.046623
0.047249
0.047641
0.047797
0.048580
0.049284
0.049832
0.050537
0.051241
0.051554
0.052180
0.052650
0.053120
0.053198
0.054372
0.054998
0.055781
0.056329
0.056563
0.057033
0.057659
0.058051
0.058755
0.059146
0.059694
0.060477
0.061416
0.061807
0.062277
0.062590
0.063216
0.063764
0.064469
0.064860
0.065330
0.065643
0.066738
0.067443
0.067834
0.068147
0.068695
0.068773
0.069713
0.070339
0.070965
0.071356
0.072296
0.072687
0.073548
0.073391
0.074252
0.074644
0.075348
0.076287
0.076679
0.077148
0.078166
0.078401
0.078792
0.079418
0.079731
0.080592
0.081218
0.081610
0.082236
0.082706
0.083488
0.083958
0.084506
0.084741
0.085445
0.085915
0.086384
0.087167
0.087245
0.088263
0.088889
0.089202
0.089750
0.090141
0.090689
0.091002
0.091785
0.092489
0.092802
0.093350
0.094055
0.094446
0.094759
0.095463
0.095855
0.096559
0.096951
0.097420
0.098125
0.098359
0.098986
0.099690
0.099768
0.100473
0.100786
0.101490
0.101960
0.102508
0.102977
0.103760
0.104386
0.104778
0.105169
0.105639
0.106030
0.106578
0.107047
0.107674
0.108300
0.108456
0.109082
0.109787
0.110256
0.110413
0.110883
0.111274
0.111900
0.112370
0.113231
0.113779
0.114092
0.114327
0.115031
0.115344
0.115657
0.116440
0.116909
0.117379
0.117927
0.118631
0.118944
0.119258
0.119336
0.120040
0.120510
0.121058
0.122232
0.122623
0.122623
0.123249
0.123797
0.123954
0.124423
0.124971
0.125049
0.125676
0.126302
0.127006
0.127241
0.127945
0.128102
0.128572
0.129276
0.129120
0.129746
0.130294
0.130763
0.131546
0.132172
0.132329
0.132955
0.133111
0.133503
0.133581
0.134364
0.135146
0.135303
0.135851
0.136242
0.136790
0.137025
0.137416
0.138042
0.138121
0.138668
0.139373
0.139686
0.140469
0.140469
0.141017
0.141330
0.142112
0.142347
0.142660
0.142973
0.143991
0.144304
0.145008
0.145243
0.145634
0.146182
0.146417
0.146574
0.146965
0.147435
0.148061
0.148609
0.149157
0.149235
0.149939
0.150409
0.150565
0.150722
0.151505
0.151896
0.152522
0.153148
0.153383
0.154009
0.153931
0.154557
0.154792
0.155183
0.155496
0.155966
0.156984
0.157453
0.157688
0.158079
0.158784
0.159253
0.159097
0.159488
0.160036
0.160740
0.161445
0.161993
0.162306
0.162697
0.163167
0.163636
0.163793
0.164419
0.164497
0.165045
0.165593
0.166219
0.166924
0.167002
0.167393
0.167628
0.168254
0.168333
0.168881
0.169820
0.169742
0.170524
0.170837
0.171229
0.171620
0.171933
0.172403
0.172872
0.173342
0.173577
0.174281
0.174751
0.174829
0.175377
0.175533
0.175847
0.176629
0.176786
0.177569
0.177960
0.178351
0.178899
0.178977
0.179682
0.179838
0.180308
0.180543
0.181012
0.181560
0.181952
0.182578
0.182969
0.183126
0.183830
0.183908
0.184300
0.184848
0.185474
0.185943
0.186256
0.186648
0.187274
0.187196
0.187587
0.188213
0.188605
0.188996
0.189387
0.189935
0.190483
0.190718
0.191187
0.191657
0.191892
0.192283
0.192988
0.193144
0.193614
0.194318
0.194866
0.194788
0.195414
0.195884
0.196040
0.196666
0.196823
0.197214
0.197997
0.198153
0.198701
0.199171
0.199484
0.199875
0.200423
0.201049
0.201363
0.201832
0.202145
0.202693
0.203006
0.203398
0.203632
0.204024
0.204415
0.204963
0.205119
0.205746
0.206059
0.206372
0.206763
0.207468
0.207781
0.208172
0.208329
0.208563
0.209189
0.209972
0.210129
0.210442
0.211068
0.211381
0.211694
0.212399
0.212555
0.213025
0.213729
0.213886
0.214434
0.215060
0.215295
0.215608
0.216156
0.216547
0.216703
0.217173
0.217251
0.217643
0.218191
0.218582
0.218582
0.218895
0.219599
0.219912
0.220304
0.221165
0.221400
0.221478
0.221869
0.222339
0.222730
0.223356
0.223513
0.223904
0.224139
0.224609
0.224843
0.225704
0.225861
0.226409
0.226487
0.227035
0.227583
0.227739
0.227974
0.228522
0.228992
0.229070
0.229461
0.230088
0.230322
0.230557
0.231183
0.231496
0.232044
0.232201
0.232749
0.233140
0.233218
0.233688
0.234236
0.234627
0.235097
0.235097
0.235801
0.235958
0.236506
0.236819
0.237210
0.237288
0.237915
0.238228
0.238619
0.238932
0.239558
0.239715
0.239950
0.240419
0.240810
0.241124
0.241828
0.242063
0.242454
0.242689
0.243002
0.243315
0.243628
0.243785
0.244333
0.244724
0.245194
0.245741
0.246211
0.246368
0.246759
0.247229
0.247463
0.247855
0.248090
0.248559
0.248794
0.249264
0.249890
0.250203
0.250594
0.251064
0.251299
0.251533
0.251925
0.252316
0.252786
0.253021
0.253647
0.254195
0.254195
0.254273
0.254586
0.255447
0.255369
0.255917
0.256073
0.256621
0.256778
0.257482
0.257482
0.257482
0.258030
0.258421
0.258578
0.259204
0.259674
0.259752
0.260456
0.260926
0.261004
0.261552
0.261552
0.262022
0.262335
0.262726
0.263117
0.263430
0.263665
0.264135
0.264526
0.264683
0.264996
0.265309
0.265622
0.266170
0.266405
0.267031
0.267187
0.267422
0.268127
0.268283
0.268675
0.268831
0.269849
0.270240
0.270396
0.270475
0.270944
0.271023
0.271884
0.271884
0.272197
0.272823
0.273136
0.273606
0.273606
0.274310
0.274388
0.274936
0.275327
0.275484
0.275641
0.276423
0.276658
0.277049
0.277362
0.277597
0.277832
0.277910
0.278380
0.278693
0.279476
0.279711
0.280337
0.280493
0.281119
0.281354
0.281589
0.282059
0.282372
0.282685
0.283154
0.283624
0.283859
0.284329
0.284876
0.285189
0.285424
0.285816
0.285972
0.286364
0.286598
0.287303
0.287538
0.288007
0.288555
0.288477
0.288946
0.289494
0.289651
0.289964
0.290434
0.291138
0.291216
0.291451
0.291921
0.292312
0.292938
0.292860
0.293095
0.293564
0.294190
0.294582
0.294895
0.295365
0.295599
0.296069
0.296226
0.296617
0.296852
0.297400
0.297634
0.297947
0.298182
0.298652
0.298965
0.299121
0.299591
0.299904
0.300452
0.301000
0.301313
0.301626
0.302017
0.302487
0.302722
0.303270
0.303113
0.303661
0.303896
0.304600
0.304913
0.305148
0.305696
0.306009
0.306088
0.306479
0.306792
0.307262
0.307809
0.307731
0.308201
0.308123
0.308827
0.309297
0.309375
0.309531
0.310001
0.310705
0.310940
0.311645
0.311958
0.312114
0.312349
0.312819
0.313210
0.313210
0.313758
0.314306
0.314306
0.314697
0.314932
0.315402
0.315871
0.315949
0.316419
0.316889
0.316967
0.317202
0.317828
0.318219
0.318689
0.319002
0.319159
0.319628
0.319706
0.320098
0.320802
0.321115
0.321428
0.321820
0.322211
0.322524
0.322916
0.323229
0.323698
0.324090
0.324324
0.324324
0.324951
0.325107
0.325342
0.325655
0.326125
0.326281
0.326594
0.327220
0.327455
0.327768
0.327847
0.328473
0.328786
0.328864
0.329177
0.329568
0.329725
0.330273
0.330429
0.330899
0.331056
0.331447
0.331447
0.331995
0.332308
0.332699
0.332934
0.333169
0.333404
0.333873
0.334108
0.334421
0.334734
0.335204
0.335204
0.335908
0.336221
0.336769
0.336769
0.337161
0.337474
0.337865
0.338022
0.338569
0.338883
0.339117
0.339274
0.339744
0.339900
0.340604
0.340839
0.341074
0.341152
0.341700
0.342092
0.342483
0.342718
0.342796
0.343266
0.343657
0.344048
0.344283
0.344675
0.344831
0.345301
0.344988
0.346083
0.346005
0.346396
0.346788
0.347101
0.347101
0.347414
0.347570
0.348353
0.348588
0.348979
0.349214
0.349606
0.349919
0.349919
0.350545
0.350780
0.351327
0.351406
0.351641
0.351954
0.352188
0.352736
0.352971
0.353441
0.353832
0.353832
0.354067
0.354458
0.354771
0.355319
0.355476
0.355789
0.356258
0.356650
0.356963
0.357119
0.357354
0.357824
0.358137
0.358450
0.358607
0.359311
0.359311
0.359546
0.360328
0.360250
0.360720
0.360955
0.361581
0.362207
0.362285
0.362833
0.363068
0.363068
0.363459
0.363851
0.364007
0.364320
0.364868
0.365259
0.365416
0.365729
0.366355
0.366277
0.366747
0.366903
0.367529
0.367686
0.367842
0.368390
0.368703
0.369016
0.369251
0.369799
0.369799
0.370190
0.370582
0.370817
0.371521
0.371756
0.372069
0.372460
0.372617
0.373008
0.373478
0.373713
0.374260
0.374260
0.374730
0.375121
0.375513
0.375826
0.376139
0.376609
0.376530
0.377078
0.377548
0.377861
0.378096
0.378487
0.378644
0.379035
0.379191
0.379661
0.379974
0.380835
0.380835
0.381070
0.381540
0.381618
0.382009
0.382009
0.382479
0.382557
0.383105
0.383653
0.383966
0.383888
0.384592
0.384670
0.384749
0.385140
0.385453
0.385844
0.386236
0.386784
0.387018
0.387332
0.387566
0.388193
0.388349
0.388662
0.388975
0.389210
0.389758
0.390228
0.390228
0.390854
0.391010
0.391245
0.391636
0.392263
0.392184
0.392497
0.393280
0.392967
0.393593
0.393906
0.394063
0.394376
0.394376
0.394454
0.395237
0.395550
0.396019
0.396254
0.396646
0.396959
0.397741
0.397428
0.397976
0.398681
0.398837
0.399229
0.399620
0.399620
0.400090
0.400403
0.400246
0.401029
0.401029
0.401655
0.401890
0.402438
0.402751
0.403299
0.403299
0.403690
0.403768
0.404003
0.404394
0.404629
0.404707
0.405490
0.405960
0.406351
0.406351
0.406586
0.406821
0.407056
0.407447
0.407995
0.408386
0.408386
0.409169
0.409325
0.409560
0.409560
0.409952
0.410734
0.410812
0.410969
0.411360
0.411595
0.412378
0.412456
0.412769
0.412769
0.413082
0.413317
0.413787
0.414022
0.414413
0.414648
0.415196
0.415430
0.415274
0.415978
0.416135
0.416604
0.417152
0.417152
0.417465
0.417465
0.417857
0.418326
0.418483
0.418639
0.419187
0.419735
0.419970
0.420361
0.420596
0.420440
0.420753
0.420988
0.421614
0.421770
0.422162
0.422162
0.422788
0.423023
0.423336
0.423492
0.423727
0.424118
0.424510
0.424510
0.425058
0.425449
0.425527
0.425762
0.426310
0.426623
0.426858
0.427093
0.427249
0.427562
0.427797
0.427954
0.428345
0.428658
0.428736
0.428971
0.429519
0.429597
0.430067
0.430380
0.430771
0.431084
0.431319
0.431476
0.431789
0.431632
0.432102
0.432571
0.432963
0.433276
0.433432
0.433824
0.433902
0.434137
0.434450
0.434841
0.435154
0.435389
0.435937
0.436094
0.436328
0.436642
0.436563
0.436955
0.437189
0.437659
0.437816
0.438442
0.438520
0.438363
0.438911
0.439459
0.440007
0.439772
0.440477
0.440712
0.440946
0.441181
0.441729
0.442355
0.442355
0.442903
0.442825
0.443216
0.443216
0.443451
0.443921
0.444234
0.444312
0.444468
0.444860
0.445251
0.445408
0.445564
0.446034
0.446425
0.447051
0.447208
0.447599
0.447678
0.447678
0.448304
0.448539
0.448695
0.449243
0.449634
0.450026
0.450260
0.450339
0.450574
0.450887
0.451278
0.451982
0.451904
0.452374
0.452687
0.452922
0.453391
0.453548
0.453939
0.454096
0.454409
0.454330
0.454644
0.455035
0.455818
0.455739
0.456052
0.456366
0.456444
0.456992
0.456992
0.457148
0.457461
0.458244
0.458635
0.458635
0.458792
0.459027
0.459183
0.459888
0.460122
0.460592
0.461062
0.461062
0.461688
0.461688
0.462157
0.462392
0.462705
0.463097
0.463645
0.463723
0.463566
0.464192
0.464584
0.464584
0.464740
0.465132
0.465680
0.466149
0.466619
0.466854
0.467010
0.467402
0.467793
0.467949
0.468263
0.468576
0.468889
0.469358
0.469358
0.469984
0.470141
0.470298
0.470376
0.471002
0.471315
0.471628
0.472019
0.472567
0.472333
0.472724
0.473037
0.473428
0.473272
0.474054
0.474524
0.474759
0.474915
0.475463
0.475307
0.475776
0.475933
0.476481
0.476637
0.476872
0.477029
0.477498
0.477968
0.478203
0.478359
0.478594
0.478907
0.479220
0.479455
0.479846
0.480081
0.481020
0.480786
0.481334
0.481725
0.481881
0.481881
0.482273
0.482742
0.482899
0.483290
0.483603
0.483916
0.483838
0.484230
0.484308
0.484621
0.484934
0.485169
0.485638
0.485560
0.486108
0.486656
0.486656
0.486969
0.487126
0.487360
0.488065
0.488221
0.488378
0.488691
0.488847
0.489395
0.489787
0.489630
0.489943
0.490413
0.490726
0.490648
0.491352
0.491509
0.491978
0.492213
0.492370
0.492526
0.493152
0.493231
0.493622
0.493544
0.494170
0.494248
0.494326
0.494874
0.495266
0.495187
0.495579
0.496048
0.496205
0.496674
0.496518
0.496988
0.497144
0.497614
0.497848
0.497692
0.498553
0.498631
0.498866
0.499023
0.499257
0.499962
0.499962
0.500431
0.500823
0.500901
0.501214
0.501527
0.501919
0.502232
0.502623
0.502545
0.502936
0.502936
0.503484
0.503719
0.503954
0.504345
0.504501
0.504736
0.505049
0.505206
0.505441
0.505832
0.505754
0.506380
0.506693
0.507006
0.507241
0.507476
0.507945
0.508258
0.508493
0.508415
0.508728
0.509041
0.509276
0.509980
0.509980
0.510372
0.510293
0.510998
0.510841
0.511233
0.511467
0.511937
0.512328
0.512720
0.512720
0.513033
0.513189
0.513502
0.513581
0.514050
0.514442
0.514755
0.514755
0.515224
0.515537
0.516007
0.516164
0.516085
0.516398
0.516633
0.517494
0.517494
0.517964
0.518433
0.518433
0.518433
0.518903
0.519060
0.519294
0.519999
0.519999
0.519921
0.520468
0.521016
0.520938
0.521564
0.521721
0.522582
0.522973
0.523130
0.523521
0.523834
0.524147
0.524147
0.524382
0.524695
0.524852
0.525165
0.525634
0.525634
0.526026
0.526260
0.526808
0.526808
0.527356
0.527356
0.528061
0.528374
0.528687
0.529000
0.529235
0.529235
0.530017
0.530096
0.530565
0.531035
0.531583
0.531739
0.532209
0.532131
0.532287
0.532600
0.532757
0.533070
0.533540
0.534009
0.534479
0.534557
0.534714
0.534948
0.535183
0.535418
0.535966
0.536279
0.536749
0.536749
0.536905
0.537531
0.537610
0.537923
0.538079
0.538627
0.538784
0.539253
0.539645
0.539879
0.540192
0.540192
0.540584
0.540975
0.541210
0.541601
0.541993
0.542541
0.542462
0.543088
0.542854
0.543167
0.543480
0.543793
0.544028
0.544576
0.544967
0.544967
0.545358
0.545593
0.545593
0.545828
0.546219
0.546532
0.546689
0.547237
0.547706
0.548019
0.548724
0.548411
0.548646
0.548802
0.549115
0.549350
0.550054
0.550133
0.550524
0.550837
0.551307
0.551698
0.551776
0.551776
0.552246
0.552403
0.553029
0.553185
0.553498
0.553420
0.553655
0.554281
0.554203
0.554751
0.555768
0.555690
0.555768
0.556081
0.556238
0.556238
0.556786
0.556942
0.557490
0.557960
0.558195
0.558508
0.558821
0.559134
0.559212
0.559369
0.559838
0.560073
0.560464
0.560777
0.560934
0.561325
0.561247
0.561482
0.562030
0.562499
0.563126
0.563204
0.563204
0.563830
0.563908
0.564221
0.564691
0.564613
0.564769
0.565395
0.565943
0.565943
0.566335
0.566413
0.566648
0.566804
0.567430
0.567509
0.567978
0.568213
0.568370
0.568683
0.568839
0.569152
0.569309
0.569622
0.569857
0.570483
0.570718
0.570796
0.571031
0.571500
0.571657
0.571735
0.572048
0.572518
0.572361
0.572674
0.573144
0.573457
0.573535
0.573848
0.574083
0.574083
0.574553
0.575023
0.575023
0.575336
0.575883
0.575649
0.576431
0.576431
0.576510
0.576901
0.577449
0.577605
0.577997
0.578153
0.578545
0.578858
0.579014
0.579014
0.579014
0.579640
0.579875
0.579954
0.580110
0.580501
0.580736
0.580658
0.581049
0.581832
0.582223
0.582302
0.582771
0.582928
0.583241
0.583084
0.583554
0.584102
0.584415
0.584415
0.584885
0.584885
0.584963
0.585511
0.585667
0.585745
0.585745
0.586293
0.586685
0.586372
0.586763
0.587154
0.587546
0.588172
0.588407
0.588485
0.588563
0.589033
0.589268
0.589581
0.589502
0.589972
0.590442
0.590442
0.590833
0.591303
0.591381
0.591537
0.591851
0.591851
0.592320
0.592555
0.592868
0.593338
0.593729
0.593729
0.594042
0.593886
0.594120
0.594903
0.594825
0.594903
0.595294
0.595607
0.595842
0.595842
0.596234
0.596625
0.596938
0.597251
0.597721
0.597956
0.598190
0.598347
0.598660
0.598582
0.599130
0.599443
0.599521
0.600069
0.600069
0.600617
0.600617
0.601165
0.601478
0.601947
0.601947
0.602339
0.602887
0.603043
0.603356
0.603356
0.603904
0.603904
0.604061
0.604295
0.604843
0.605156
0.605626
0.605783
0.606174
0.606409
0.606565
0.606800
0.607191
0.607191
0.607896
0.608444
0.608365
0.608679
0.608600
0.609226
0.609461
0.609696
0.609696
0.610322
0.610948
0.610635
0.611340
0.611418
0.611575
0.611966
0.612592
0.613062
0.613062
0.613531
0.613688
0.614236
0.614236
0.614157
0.614627
0.614705
0.615175
0.615488
0.615801
0.616506
0.616192
0.616506
0.616427
0.616897
0.616897
0.617366
0.617680
0.617993
0.618384
0.618619
0.618932
0.619010
0.619088
0.619480
0.619949
0.620341
0.620497
0.620732
0.621045
0.621358
0.621437
0.622063
0.622376
0.622611
0.623158
0.623237
0.623472
0.623941
0.623785
0.623941
0.623863
0.624567
0.624959
0.625193
0.625350
0.625898
0.626054
0.625898
0.625976
0.626211
0.626837
0.627228
0.627698
0.627933
0.628089
0.628481
0.628089
0.628559
0.628324
0.628872
0.629185
0.629890
0.630124
0.630046
0.630203
0.630359
0.630751
0.630907
0.631142
0.631612
0.632003
0.632316
0.632551
0.632551
0.632786
0.633099
0.633099
0.633490
0.633803
0.634351
0.634351
0.634586
0.634899
0.635290
0.635212
0.635290
0.635995
0.636151
0.636386
0.636934
0.636856
0.637247
0.637247
0.637795
0.637873
0.638108
0.638578
0.638969
0.639125
0.639439
0.639752
0.639830
0.639986
0.640300
0.640847
0.641004
0.641004
0.641239
0.641630
0.642100
0.642178
0.642413
0.642413
0.642726
0.643039
0.643509
0.643822
0.644135
0.644604
0.644448
0.644526
0.644683
0.645074
0.645544
0.645857
0.646248
0.646326
0.646248
0.646561
0.646874
0.647187
0.647422
0.647892
0.647735
0.647892
0.648205
0.648440
0.648753
0.649144
0.649301
0.649535
0.650005
0.650162
0.650475
0.650709
0.650631
0.650866
0.651101
0.651649
0.651962
0.651962
0.652510
0.652744
0.653214
0.653371
0.653214
0.653449
0.653840
0.653997
0.654701
0.654858
0.654936
0.655249
0.655406
0.655640
0.655719
0.655875
0.656893
0.657128
0.656814
0.657049
0.657284
0.657519
0.657910
0.657832
0.658380
0.658693
0.659163
0.659476
0.659710
0.659945
0.660337
0.660415
0.660728
0.660650
0.661198
0.661589
0.661902
0.662293
0.662685
0.662763
0.663154
0.663467
0.663546
0.664172
0.664250
0.664407
0.664720
0.664876
0.665268
0.665581
0.665894
0.666285
0.666285
0.666755
0.666833
0.667303
0.667381
0.667772
0.668007
0.668085
0.668711
0.668868
0.669025
0.669416
0.669494
0.669729
0.669964
0.670512
0.670825
0.671060
0.670903
0.671607
0.671607
0.672155
0.672468
0.672860
0.673016
0.673329
0.673721
0.674034
0.674112
0.674503
0.674817
0.675599
0.675756
0.675912
0.676147
0.676617
0.676930
0.677086
0.677165
0.677791
0.678182
0.678652
0.679043
0.678887
0.679356
0.679513
0.679826
0.680217
0.680452
0.681000
0.681313
0.682096
0.682330
0.682643
0.682565
0.682800
0.683270
0.683504
0.683974
0.684052
0.684600
0.684992
0.685070
0.685383
0.685696
0.685696
0.686087
0.686400
0.686948
0.687183
0.687496
0.687653
0.687653
0.688044
0.688279
0.688983
0.689453
0.689531
0.689844
0.690079
0.690470
0.690314
0.690705
0.691253
0.691723
0.692036
0.692505
0.692897
0.693132
0.692975
0.693445
0.693445
0.693914
0.694462
0.695088
0.695088
0.695558
0.695715
0.695715
0.695793
0.696262
0.696654
0.697280
0.697358
0.697828
0.697828
0.698063
0.698219
0.698219
0.698689
0.699628
0.699941
0.700098
0.700646
0.700959
0.700959
0.701350
0.701350
0.701663
0.702289
0.702602
0.702837
0.703385
0.703542
0.703542
0.703855
0.704089
0.704402
0.705029
0.705420
0.705811
0.706124
0.706437
0.706516
0.706829
0.706985
0.707533
0.708003
0.708473
0.708551
0.708786
0.709099
0.708864
0.708942
0.709412
0.710038
0.710429
0.710821
0.711134
0.711603
0.711290
0.711603
0.711995
0.712308
0.713012
0.713090
0.713404
0.713560
0.714108
0.714108
0.714108
0.713873
0.714108
0.713951
0.714343
0.714656
0.714578
0.714343
0.714343
0.714264
0.714108
0.714108
0.713873
0.713560
0.713325
0.712777
0.712934
0.712308
0.712308
0.712308
0.712073
0.711682
0.711290
0.711134
0.710742
0.710429
0.710116
0.710038
0.709960
0.709568
0.709099
0.708864
0.708551
0.708159
0.708159
0.707768
0.707377
0.707142
0.706516
0.706516
0.706203
0.706203
0.705263
0.705029
0.704716
0.704089
0.703855
0.703385
0.703385
0.702915
0.702837
0.702681
0.702289
0.701820
0.701585
0.701428
0.700959
0.700959
0.700411
0.700176
0.699393
0.699080
0.698845
0.698611
0.698063
0.697515
0.697123
0.697123
0.696654
0.696262
0.696106
0.695480
0.695245
0.694932
0.694932
0.694462
0.694306
0.694227
0.693445
0.693288
0.692975
0.692505
0.692114
0.691488
0.690940
0.690549
0.689844
0.689609
0.689453
0.689375
0.689140
0.688749
0.688357
0.688201
0.687888
0.687496
0.687340
0.686714
0.686166
0.685305
0.685226
0.685070
0.684600
0.684522
0.684131
0.683739
0.683818
0.683504
0.683270
0.682565
0.682487
0.682174
0.681783
0.681313
0.680608
0.680295
0.679904
0.679513
0.679434
0.678887
0.678808
0.678495
0.678339
0.677791
0.677556
0.677321
0.677008
0.676773
0.676225
0.675521
0.675286
0.674738
0.674738
0.674347
0.674347
0.674190
0.673486
0.673173
0.672938
0.672781
0.672390
0.671764
0.671138
0.671060
0.670590
0.670355
0.670042
0.669729
0.669494
0.669338
0.669103
0.668868
0.668398
0.668085
0.667929
0.667694
0.667146
0.666520
0.666050
0.665581
0.665189
0.665424
0.665111
0.664955
0.664485
0.663859
0.663937
0.663389
0.663233
0.662450
0.662372
0.661745
0.661432
0.660963
0.660728
0.660493
0.660180
0.660024
0.659476
0.659006
0.658380
0.657832
0.657441
0.657284
0.657206
0.656814
0.656423
0.656580
0.656110
0.655484
0.655406
0.655406
0.654701
0.654232
0.653918
0.653605
0.653214
0.652901
0.652979
0.652118
0.651962
0.651570
0.651336
0.650788
0.650788
0.650083
0.649770
0.649614
0.649379
0.648831
0.648596
0.648440
0.648048
0.647892
0.647422
0.647266
0.646952
0.646091
0.645935
0.645778
0.645152
0.644996
0.644761
0.644448
0.644291
0.643665
0.643274
0.643117
0.642726
0.642178
0.641865
0.641317
0.641317
0.640613
0.640534
0.640300
0.639830
0.639439
0.639282
0.638812
0.638265
0.638108
0.637482
0.637325
0.636934
0.637012
0.636543
0.636386
0.635995
0.635447
0.635369
0.634899
0.634351
0.633960
0.633881
0.633177
0.633334
0.633177
0.633020
0.632551
0.632551
0.631377
0.631064
0.630672
0.630438
0.629968
0.629420
0.629107
0.629107
0.628794
0.628481
0.628403
0.627698
0.627307
0.627150
0.626681
0.626367
0.626133
0.625741
0.625428
0.624959
0.624802
0.624646
0.624098
0.623785
0.623628
0.623393
0.623002
0.622689
0.622297
0.622063
0.621358
0.621515
0.620967
0.620497
0.620341
0.619793
0.619636
0.619323
0.619010
0.618932
0.618775
0.618541
0.617993
0.617445
0.617288
0.617288
0.616740
0.616271
0.616036
0.615723
0.615488
0.615175
0.614940
0.614314
0.614470
0.614236
0.613923
0.613375
0.613218
0.612905
0.612514
0.612201
0.611731
0.611418
0.611340
0.610792
0.610400
0.610087
0.609618
0.609461
0.608913
0.608679
0.608757
0.608444
0.608131
0.607504
0.607818
0.607191
0.607035
0.606644
0.606487
0.606017
0.605861
0.605704
0.605156
0.604687
0.604687
0.604374
0.603826
0.603669
0.602887
0.602887
0.602652
0.602104
0.601869
0.601713
0.601086
0.600695
0.600617
0.600225
0.599834
0.599834
0.599286
0.599051
0.598895
0.598582
0.597956
0.598034
0.597877
0.597486
0.597329
0.597251
0.596390
0.596468
0.595921
0.595686
0.595216
0.594981
0.594747
0.594825
0.594277
0.594042
0.593886
0.593416
0.593338
0.592711
0.592398
0.592164
0.591694
0.591459
0.591537
0.591146
0.590755
0.590676
0.590129
0.589894
0.589424
0.589111
0.589268
0.588720
0.588485
0.588250
0.588250
0.587780
0.587624
0.587311
0.586528
0.586215
0.586215
0.585745
0.585824
0.585276
0.585198
0.584885
0.584728
0.583945
0.583632
0.583241
0.583084
0.582928
0.582849
0.582928
0.582380
0.581989
0.581675
0.581519
0.581128
0.580345
0.580267
0.579875
0.579719
0.579640
0.579406
0.579014
0.578936
0.578466
0.577997
0.577684
0.577371
0.577136
0.576510
0.576666
0.576197
0.575649
0.575570
0.575179
0.574553
0.574240
0.574240
0.574240
0.573927
0.573848
0.573301
0.573144
0.572909
0.572205
0.571970
0.571657
0.571109
0.570952
0.570796
0.571031
0.570092
0.569935
0.569857
0.569387
0.569231
0.568683
0.568526
0.568135
0.568213
0.567978
0.567665
0.567117
0.567039
0.566335
0.566178
0.565865
0.565395
0.565239
0.565082
0.565004
0.564847
0.564378
0.564065
0.563830
0.563517
0.562734
0.562499
0.562265
0.562108
0.561638
0.561325
0.561482
0.560699
0.560777
0.559995
0.559525
0.559212
0.558742
0.558586
0.558742
0.558116
0.557960
0.557803
0.557334
0.556864
0.556629
0.556081
0.555925
0.555455
0.555533
0.554985
0.554985
0.554516
0.554046
0.553733
0.553342
0.553107
0.552794
0.552794
0.552403
0.552089
0.551698
0.551463
0.550915
0.550602
0.550289
0.549898
0.549428
0.549193
0.549115
0.548802
0.548019
0.548019
0.547785
0.547393
0.546924
0.546532
0.546297
0.546297
0.545984
0.545828
0.545437
0.544889
0.544654
0.543793
0.543949
0.543480
0.543245
0.543088
0.542619
0.542619
0.542071
0.542149
0.541445
0.541523
0.540897
0.540506
0.540271
0.539958
0.539410
0.539097
0.539331
0.538549
0.538236
0.537766
0.537375
0.537453
0.536905
0.536357
0.536514
0.535966
0.536201
0.535731
0.535183
0.534870
0.534479
0.534244
0.533774
0.533618
0.533540
0.533305
0.533070
0.532522
0.532287
0.531896
0.531583
0.531583
0.531113
0.530957
0.530644
0.530174
0.530017
0.529861
0.529313
0.529156
0.528609
0.528217
0.528295
0.528061
0.527434
0.527200
0.527043
0.526574
0.526260
0.526026
0.525478
0.525478
0.525086
0.524773
0.524617
0.524617
0.524147
0.523443
0.523364
0.522738
0.522503
0.522269
0.521799
0.521956
0.521564
0.521329
0.521016
0.520312
0.520155
0.519686
0.519060
0.519216
0.519138
0.518355
0.518120
0.518120
0.517572
0.517494
0.517103
0.516633
0.516242
0.516085
0.515694
0.515146
0.514990
0.514755
0.514755
0.514285
0.513972
0.513581
0.513424
0.513111
0.512563
0.512563
0.512407
0.512250
0.511859
0.510998
0.511076
0.511076
0.510685
0.510293
0.510059
0.509511
0.509119
0.509041
0.508650
0.508650
0.508337
0.508180
0.507789
0.507163
0.506850
0.506536
0.506458
0.506458
0.505989
0.505832
0.505206
0.504971
0.504971
0.504423
0.504267
0.503875
0.503640
0.503327
0.503249
0.503014
0.502701
0.502310
0.501997
0.501684
0.501527
0.500979
0.500901
0.500666
0.499727
0.499727
0.499414
0.499179
0.498866
0.498475
0.498240
0.497770
0.497535
0.497457
0.497144
0.496753
0.496440
0.496361
0.496048
0.495657
0.495031
0.494874
0.494326
0.494170
0.494092
0.493544
0.493387
0.493152
0.492918
0.492057
0.491822
0.491743
0.491509
0.491587
0.490961
0.490648
0.490491
0.490100
0.489787
0.489161
0.488847
0.488691
0.488300
0.488378
0.487830
0.487673
0.487360
0.486812
0.486578
0.485951
0.485873
0.485091
0.485325
0.485169
0.484856
0.484699
0.484308
0.483760
0.483447
0.483290
0.482664
0.482742
0.482664
0.482195
0.481568
0.481177
0.481020
0.480316
0.480081
0.479846
0.479612
0.479220
0.479064
0.478672
0.478203
0.478046
0.477498
0.477029
0.476637
0.476794
0.476168
0.475855
0.475620
0.475463
0.475150
0.475150
0.474602
0.474054
0.473741
0.473428
0.473194
0.472880
0.472646
0.472333
0.472098
0.471315
0.471158
0.470611
0.470454
0.469984
0.469828
0.469593
0.469280
0.468967
0.468576
0.467871
0.467871
0.467323
0.467010
0.466697
0.466619
0.466071
0.465758
0.465288
0.464897
0.464506
0.464192
0.464114
0.463645
0.463645
0.463253
0.463410
0.463018
0.462392
0.462001
0.461531
0.461140
0.461375
0.460749
0.460122
0.459966
0.459966
0.459575
0.459105
0.458714
0.458479
0.458322
0.458009
0.457461
0.457226
0.457148
0.456835
0.456522
0.456052
0.455505
0.455348
0.454722
0.454644
0.454409
0.454096
0.454017
0.453391
0.453313
0.453156
0.452295
0.451982
0.451826
0.451435
0.451278
0.450574
0.450574
0.450260
0.449869
0.449713
0.449165
0.448539
0.448069
0.448147
0.448069
0.447521
0.447521
0.446895
0.446582
0.446425
0.445721
0.445408
0.445329
0.445251
0.444938
0.444703
0.444155
0.443842
0.443529
0.442981
0.442668
0.442355
0.442042
0.441573
0.441807
0.441259
0.441181
0.440555
0.440164
0.439459
0.439146
0.438833
0.438442
0.438520
0.438285
0.437816
0.437502
0.437111
0.437111
0.436250
0.436094
0.435937
0.435389
0.435546
0.434998
0.434685
0.434293
0.434059
0.433511
0.433276
0.432963
0.432885
0.432650
0.432337
0.432024
0.431711
0.431163
0.430693
0.430693
0.430536
0.429910
0.429754
0.429754
0.429206
0.428658
0.428815
0.428423
0.427954
0.427640
0.427562
0.427171
0.426936
0.426466
0.426388
0.426310
0.425762
0.425371
0.424979
0.424901
0.424510
0.424197
0.423962
0.423570
0.423649
0.422866
0.422788
0.422709
0.422162
0.421849
0.421614
0.421301
0.420988
0.420518
0.420361
0.420283
0.419657
0.419266
0.419187
0.418561
0.418561
0.418248
0.417778
0.417622
0.417074
0.416918
0.416683
0.416135
0.416213
0.415509
0.415039
0.415039
0.414804
0.414491
0.414178
0.414022
0.413787
0.413317
0.413317
0.412926
0.412769
0.412534
0.412143
0.411595
0.411517
0.411439
0.410578
0.410265
0.410108
0.409482
0.409482
0.409169
0.408934
0.408699
0.408151
0.407995
0.407603
0.407369
0.407134
0.406821
0.406586
0.406195
0.405881
0.405568
0.405412
0.405334
0.405021
0.404707
0.403925
0.403846
0.403455
0.403377
0.402907
0.402829
0.402438
0.401811
0.401811
0.401029
0.400872
0.400559
0.400168
0.400090
0.399620
0.399229
0.399150
0.398759
0.398368
0.398133
0.397663
0.397272
0.396959
0.396880
0.396489
0.396254
0.395785
0.395628
0.395159
0.394767
0.394611
0.394219
0.393828
0.393750
0.393358
0.393202
0.392967
0.392810
0.392341
0.391949
0.391480
0.391088
0.390541
0.390384
0.389993
0.389836
0.389445
0.388975
0.388897
0.388114
0.387801
0.387488
0.387018
0.386940
0.386940
0.386705
0.386079
0.386001
0.385766
0.385140
0.384749
0.384436
0.384122
0.383888
0.383731
0.383262
0.383027
0.382714
0.382557
0.382009
0.381853
0.381461
0.381305
0.380992
0.380366
0.380209
0.379739
0.379661
0.379113
0.378800
0.378096
0.378096
0.377861
0.377313
0.377156
0.377078
0.376843
0.376530
0.375826
0.375748
0.375356
0.374965
0.374574
0.374339
0.373869
0.373556
0.373478
0.373165
0.372695
0.372382
0.371991
0.371443
0.371051
0.370817
0.370660
0.370504
0.369799
0.369564
0.369173
0.369095
0.368625
0.368312
0.367764
0.367842
0.367529
0.366981
0.366668
0.366199
0.366042
0.365338
0.365103
0.365025
0.364790
0.364320
0.364085
0.363851
0.363224
0.363068
0.362598
0.362207
0.361659
0.361816
0.361346
0.360642
0.360642
0.360094
0.359311
0.359389
0.358920
0.358607
0.358215
0.358059
0.357432
0.357354
0.357119
0.356650
0.356180
0.355554
0.355241
0.355084
0.354615
0.354380
0.354380
0.353754
0.353754
0.353284
0.352658
0.352501
0.352032
0.351875
0.351641
0.351327
0.351171
0.350936
0.350623
0.350153
0.349684
0.349371
0.348823
0.348745
0.348431
0.348275
0.348197
0.347962
0.347023
0.346944
0.346475
0.346318
0.345927
0.345692
0.345301
0.344988
0.344988
0.344361
0.344127
0.343579
0.343422
0.342953
0.342953
0.342561
0.342092
0.341857
0.341465
0.341074
0.340604
0.340291
0.339900
0.339744
0.339744
0.338883
0.339117
0.338569
0.338256
0.337865
0.337474
0.337161
0.336691
0.336456
0.336143
0.335987
0.335595
0.335282
0.335047
0.334891
0.334656
0.333795
0.333560
0.333247
0.333482
0.332934
0.332621
0.332308
0.331995
0.331603
0.331056
0.331134
0.330664
0.330195
0.329803
0.330116
0.329647
0.329490
0.329021
0.328394
0.328238
0.327847
0.327690
0.327299
0.327064
0.326594
0.326203
0.326281
0.325733
0.325264
0.324951
0.324559
0.324481
0.324011
0.323776
0.323698
0.323385
0.323229
0.322602
0.322446
0.321741
0.321741
0.320959
0.320959
0.320724
0.319941
0.320098
0.319785
0.319393
0.319080
0.318532
0.318141
0.317985
0.317593
0.317358
0.317045
0.316810
0.316106
0.315793
0.315558
0.315089
0.314775
0.314462
0.314306
0.314306
0.314228
0.313680
0.313367
0.312897
0.312506
0.312114
0.311801
0.311332
0.311332
0.311019
0.310471
0.310079
0.309766
0.309218
0.308905
0.308905
0.308514
0.307966
0.308044
0.307496
0.307105
0.306792
0.306792
0.306479
0.305618
0.305540
0.305070
0.304679
0.304679
0.304209
0.303974
0.303739
0.303426
0.303192
0.302487
0.302017
0.301704
0.301626
0.301235
0.300687
0.300609
0.300061
0.299591
0.299591
0.299121
0.298808
0.298495
0.298026
0.297791
0.297478
0.297165
0.296930
0.296226
0.295834
0.295678
0.295208
0.294973
0.294582
0.294347
0.293799
0.293408
0.293173
0.293095
0.292234
0.292234
0.291921
0.291451
0.290825
0.290747
0.290512
0.290199
0.289964
0.289416
0.289025
0.288399
0.288320
0.288164
0.287381
0.287538
0.287146
0.286833
0.286364
0.285972
0.285424
0.285268
0.285111
0.284798
0.284329
0.284094
0.283702
0.283468
0.282998
0.282607
0.282059
0.281824
0.281433
0.281198
0.280728
0.280180
0.279867
0.279711
0.279163
0.278380
0.278145
0.277754
0.277754
0.277362
0.277284
0.277049
0.276736
0.276423
0.275875
0.275484
0.275014
0.274780
0.274701
0.274075
0.273840
0.273136
0.272979
0.272979
0.272275
0.271649
0.271414
0.270944
0.270553
0.270631
0.270318
0.270162
0.269457
0.269301
0.268909
0.268283
0.268361
0.267892
0.267344
0.267266
0.266718
0.266483
0.266092
0.265857
0.265622
0.265074
0.264918
0.264526
0.263822
0.264057
0.263430
0.263274
0.262804
0.262726
0.262178
0.262100
0.261552
0.261161
0.260926
0.260613
0.260143
0.259908
0.259517
0.258969
0.258578
0.258186
0.258108
0.257639
0.257404
0.256856
0.256699
0.255917
0.256073
0.255369
0.255212
0.254899
0.254664
0.254116
0.253882
0.253647
0.253177
0.253021
0.252473
0.252473
0.252081
0.251768
0.251690
0.251142
0.250594
0.249968
0.249812
0.249655
0.249342
0.248872
0.248794
0.248246
0.247855
0.247542
0.247150
0.246759
0.246524
0.246133
0.245820
0.245663
0.245037
0.245115
0.244646
0.244176
0.243628
0.243472
0.243159
0.243002
0.242689
0.242219
0.241985
0.241750
0.241045
0.240967
0.240576
0.240341
0.239950
0.239636
0.238854
0.238775
0.238462
0.238228
0.237680
0.237132
0.237288
0.236662
0.236506
0.235958
0.235488
0.235488
0.234940
0.234627
0.234158
0.234079
0.233923
0.233844
0.233140
0.232749
0.232592
0.232044
0.231888
0.231496
0.231183
0.230949
0.230635
0.230322
0.229853
0.229461
0.229227
0.228679
0.228366
0.228053
0.227818
0.227505
0.227035
0.227192
0.226878
0.226487
0.226018
0.225626
0.225157
0.224843
0.224374
0.224061
0.223826
0.223435
0.223356
0.222887
0.222495
0.222495
0.222182
0.221713
0.221243
0.221165
0.220773
0.220382
0.219834
0.219443
0.219130
0.218973
0.218347
0.218112
0.217721
0.217643
0.217173
0.217016
0.216625
0.216234
0.215686
0.215529
0.214981
0.214590
0.214434
0.213886
0.213651
0.213416
0.213181
0.213025
0.212477
0.211772
0.211381
0.210990
0.210520
0.210207
0.210129
0.210050
0.209503
0.209111
0.208798
0.208094
0.207859
0.207624
0.207076
0.206841
0.206294
0.206137
0.205746
0.205511
0.205198
0.204728
0.204415
0.203711
0.203398
0.202928
0.203163
0.202693
0.202223
0.201832
0.201284
0.200971
0.200267
0.200188
0.199562
0.199093
0.198623
0.198623
0.197997
0.197527
0.197292
0.196979
0.196510
0.195884
0.195962
0.195571
0.194788
0.194553
0.194162
0.193770
0.193770
0.193222
0.192753
0.192283
0.192127
0.191814
0.191422
0.190874
0.190796
0.190326
0.189622
0.189387
0.189074
0.188448
0.188526
0.188213
0.187978
0.187352
0.186883
0.186413
0.186100
0.185474
0.184926
0.184926
0.184535
0.184691
0.184065
0.183674
0.183126
0.182813
0.182030
0.181952
0.181560
0.181012
0.180778
0.180856
0.180230
0.179604
0.179369
0.178821
0.178351
0.178038
0.177647
0.177490
0.177177
0.176708
0.176394
0.175690
0.175533
0.175455
0.174751
0.174594
0.174046
0.173968
0.173342
0.173107
0.172716
0.172716
0.172324
0.171855
0.171385
0.170916
0.170524
0.170368
0.169976
0.169194
0.169194
0.168802
0.168176
0.167941
0.167707
0.167315
0.166846
0.166689
0.166298
0.165750
0.165515
0.165280
0.164889
0.164497
0.163871
0.163480
0.163558
0.163167
0.162541
0.162384
0.162228
0.161758
0.161445
0.160819
0.160036
0.160036
0.159566
0.158862
0.158784
0.158471
0.158158
0.157688
0.157140
0.156592
0.156436
0.156044
0.155809
0.155262
0.155027
0.154792
0.154322
0.153931
0.153696
0.152914
0.152679
0.152444
0.152131
0.151896
0.151583
0.150800
0.150409
0.150018
0.149470
0.149235
0.148843
0.148530
0.148296
0.148139
0.147278
0.147200
0.146887
0.146495
0.146182
0.145791
0.145478
0.145087
0.144617
0.144382
0.143756
0.143678
0.143443
0.142895
0.142425
0.142112
0.141956
0.141486
0.140938
0.140625
0.140312
0.139999
0.139686
0.139138
0.138512
0.138434
0.137886
0.137729
0.137103
0.137338
0.136477
0.136399
0.136007
0.135616
0.135068
0.134598
0.134598
0.133972
0.133972
0.133424
0.132876
0.132720
0.132563
0.131781
0.131311
0.130998
0.130294
0.130215
0.129902
0.129511
0.128963
0.128885
0.128572
0.128024
0.127476
0.127398
0.126850
0.126615
0.126615
0.125910
0.125519
0.125128
0.124971
0.124110
0.123797
0.123641
0.123014
0.122936
0.122545
0.121919
0.121762
0.121293
0.120979
0.120197
0.119727
0.119336
0.118866
0.118553
0.118162
0.117927
0.117770
0.117066
0.116596
0.116362
0.115892
0.115501
0.115344
0.114483
0.114170
0.113935
0.113309
0.112918
0.112918
0.112526
0.111900
0.111900
0.111352
0.110883
0.110570
0.109865
0.109709
0.109161
0.108613
0.108378
0.107752
0.107517
0.106891
0.106813
0.106343
0.105952
0.105717
0.105325
0.104778
0.103917
0.104073
0.103447
0.103369
0.102664
0.102508
0.101960
0.101725
0.101177
0.100629
0.100160
0.099847
0.099220
0.099220
0.098281
0.098046
0.097577
0.097342
0.097342
0.096559
0.096403
0.095620
0.095777
0.095150
0.094603
0.094368
0.093976
0.093428
0.093272
0.092568
0.092411
0.092020
0.091863
0.091315
0.090924
0.090298
0.089985
0.089593
0.088889
0.088654
0.088341
0.087871
0.087245
0.087245
0.086462
0.085993
0.085680
0.085288
0.084819
0.084349
0.083801
0.083723
0.083332
0.082706
0.082471
0.081610
0.081610
0.080827
0.080436
0.079966
0.079340
0.078949
0.078322
0.078088
0.077775
0.077227
0.076679
0.076522
0.076131
0.075740
0.075348
0.074800
0.074409
0.073939
0.073391
0.073157
0.072844
0.072687
0.072296
0.071669
0.071122
0.070730
0.070417
0.069791
0.069321
0.068695
0.068382
0.068147
0.067678
0.067208
0.066817
0.066504
0.066112
0.065643
0.065095
0.064547
0.064234
0.064077
0.063608
0.063216
0.062982
0.062355
0.062199
0.060947
0.060868
0.060242
0.059772
0.059694
0.059068
0.058677
0.058129
0.057816
0.057503
0.057033
0.056563
0.056094
0.055781
0.055546
0.055311
0.054685
0.054372
0.054059
0.053120
0.052650
0.052102
0.051554
0.051476
0.051085
0.050693
0.050380
0.049989
0.049519
0.049128
0.048345
0.047875
0.047328
0.047171
0.046780
0.046310
0.045684
0.045527
0.045214
0.044666
0.043805
0.043414
0.043101
0.042475
0.042397
0.042083
0.041536
0.041457
0.040675
0.040048
0.039344
0.038796
0.038092
0.037700
0.037622
0.036918
0.036918
0.036448
0.035978
0.035431
0.034570
0.034178
0.034100
0.033630
0.033161
0.033161
0.032769
0.032300
0.031517
0.031361
0.030813
0.030500
0.029560
0.029326
0.029091
0.028778
0.028308
0.027838
0.027447
0.026743
0.026351
0.025569
0.025490
0.025099
0.024786
0.024160
0.023847
0.023377
0.022907
0.022594
0.021968
0.021655
0.021107
0.020559
0.019855
0.019542
0.019229
0.018446
0.018133
0.017429
0.016959
0.016333
0.016020
0.015707
0.015159
0.014846
0.014533
0.014219
0.013672
0.013280
0.012811
0.012341
0.011637
0.011323
0.011010
0.010384
0.009915
0.009288
0.009054
0.008662
0.007723
0.007175
0.006627
0.006236
0.005845
0.005610
0.005218
0.004749
0.004279
0.003966
0.003340
0.002557
0.002166
0.001853
0.001461
0.001070
0.000679
0.000209
-0.000730
-0.000574
-0.001278
-0.001904
-0.002374
-0.002530
-0.003000
-0.003470
-0.003861
-0.004096
-0.004565
-0.005191
-0.005583
-0.006209
-0.006913
-0.007461
-0.008087
-0.008009
-0.008557
-0.009261
-0.009888
-0.010044
-0.010670
-0.011531
-0.011766
-0.012471
-0.012705
-0.013097
-0.013410
-0.014114
-0.014819
-0.015288
-0.016149
-0.016541
-0.017010
-0.017402
-0.017793
-0.018106
-0.018732
-0.019202
-0.019906
-0.020532
-0.020845
-0.021628
-0.022176
-0.022411
-0.023194
-0.023663
-0.023898
-0.024368
-0.025463
-0.025698
-0.026403
-0.026637
-0.027498
-0.028125
-0.028594
-0.028829
-0.029455
-0.030160
-0.030551
-0.031255
-0.031881
-0.032195
-0.033212
-0.033056
-0.033838
-0.034073
-0.034699
-0.035560
-0.036421
-0.036891
-0.037360
-0.037830
-0.038456
-0.039161
-0.039395
-0.040100
-0.040804
-0.041509
-0.042213
-0.042604
-0.042996
-0.043700
-0.044405
-0.044405
-0.045266
-0.045500
-0.045813
-0.046909
-0.047457
-0.047770
-0.048475
-0.049023
-0.049805
-0.050510
-0.050979
-0.051449
-0.051840
-0.052701
-0.053406
-0.053797
-0.054345
-0.055049
-0.055910
-0.056145
-0.056850
-0.057163
-0.057867
-0.058571
-0.059667
-0.060059
-0.060293
-0.060998
-0.061937
-0.062250
-0.062641
-0.063424
-0.063737
-0.064755
-0.065616
-0.065929
-0.066555
-0.067025
-0.067494
-0.067964
-0.068199
-0.069060
-0.069529
-0.070234
-0.071016
-0.071721
-0.072190
-0.072347
-0.073130
-0.073599
-0.074225
-0.074695
-0.075321
-0.076260
-0.076808
-0.077434
-0.078139
-0.078374
-0.079391
-0.080096
-0.080565
-0.081113
-0.081739
-0.082679
-0.083226
-0.084087
-0.084635
-0.084948
-0.085496
-0.086122
-0.086514
-0.086827
-0.087531
-0.088549
-0.089097
-0.089879
-0.090349
-0.091132
-0.091445
-0.092149
-0.092854
-0.093245
-0.093793
-0.094889
-0.095515
-0.096298
-0.096845
-0.097237
-0.097863
-0.098411
-0.098959
-0.099507
-0.099820
-0.100681
-0.101698
-0.102403
-0.102872
-0.103342
-0.103811
-0.104203
-0.104907
-0.105533
-0.106159
-0.106864
-0.107960
-0.108508
-0.108821
-0.109525
-0.110151
-0.110621
-0.111169
-0.111951
-0.112656
-0.113047
-0.114065
-0.114926
-0.115474
-0.115865
-0.116648
-0.117117
-0.117665
-0.118370
-0.118917
-0.119387
-0.121109
-0.122205
-0.122440
-0.122909
-0.123301
-0.124005
-0.124944
-0.125492
-0.126118
-0.126431
-0.127449
-0.128388
-0.128858
-0.129327
-0.130110
-0.130501
-0.131362
-0.132145
-0.132380
-0.133397
-0.134415
-0.134806
-0.135745
-0.136372
-0.136685
-0.137076
-0.137859
-0.138485
-0.139189
-0.139659
-0.140755
-0.141616
-0.142477
-0.142711
-0.143181
-0.143807
-0.144277
-0.145294
-0.145921
-0.146390
-0.146938
-0.148112
-0.148895
-0.149443
-0.149912
-0.150225
-0.151165
-0.151713
-0.152339
-0.153043
-0.153513
-0.154609
-0.155469
-0.155939
-0.156565
-0.156957
-0.157348
-0.158287
-0.158679
-0.159853
-0.160792
-0.161653
-0.162357
-0.163296
-0.163688
-0.164236
-0.164470
-0.165253
-0.166114
-0.166662
-0.167445
-0.167836
-0.169010
-0.169715
-0.170497
-0.170967
-0.171202
-0.171984
-0.172689
-0.173158
-0.173863
-0.174880
-0.175350
-0.176289
-0.177228
-0.177776
-0.177698
-0.178324
-0.179029
-0.179811
-0.180751
-0.181455
-0.182238
-0.183412
-0.184038
-0.184273
-0.185055
-0.185369
-0.185995
-0.186856
-0.187404
-0.188108
-0.188812
-0.189673
-0.190534
-0.191317
-0.191708
-0.192100
-0.192804
-0.193587
-0.194448
-0.195231
-0.195700
-0.196639
-0.197657
-0.198127
-0.198518
-0.199379
-0.199927
-0.201179
-0.202040
-0.202431
-0.202979
-0.203605
-0.204701
-0.205327
-0.206345
-0.206658
-0.207049
-0.207832
-0.208458
-0.209006
-0.209632
-0.210180
-0.211354
-0.211902
-0.212763
-0.213389
-0.213546
-0.214094
-0.214641
-0.215581
-0.216363
-0.216833
-0.217850
-0.218790
-0.219259
-0.219964
-0.219964
-0.220825
-0.221451
-0.222547
-0.223251
-0.223486
-0.224190
-0.225130
-0.225834
-0.226304
-0.226773
-0.227243
-0.227712
-0.228573
-0.229434
-0.230452
-0.231000
-0.231469
-0.232487
-0.232878
-0.233504
-0.234131
-0.234444
-0.235148
-0.236087
-0.236714
-0.237340
-0.238044
-0.238749
-0.239453
-0.240001
-0.240705
-0.241331
-0.241645
-0.242897
-0.243523
-0.243993
-0.244462
-0.245480
-0.245871
-0.246497
-0.246732
-0.247280
-0.247671
-0.248297
-0.249237
-0.249785
-0.250254
-0.250489
-0.251428
-0.252211
-0.252602
-0.252994
-0.253855
-0.254011
-0.254637
-0.255811
-0.256203
-0.256672
-0.257533
-0.258159
-0.258786
-0.259020
-0.259490
-0.260038
-0.260429
-0.261290
-0.261995
-0.262621
-0.263012
-0.263717
-0.264186
-0.264734
-0.265204
-0.265282
-0.265673
-0.266456
-0.267317
-0.267552
-0.267787
-0.268569
-0.269117
-0.269822
-0.269978
-0.270370
-0.270996
-0.271700
-0.272013
-0.272952
-0.273422
-0.273500
-0.273970
-0.274518
-0.275066
-0.275379
-0.275692
-0.276083
-0.276631
-0.277336
-0.277649
-0.278197
-0.278431
-0.278979
-0.279840
-0.280310
-0.280779
-0.281092
-0.281406
-0.282501
-0.282658
-0.282971
-0.283519
-0.283675
-0.284145
-0.284849
-0.284928
-0.285163
-0.285476
-0.286102
-0.286650
-0.286963
-0.287276
-0.287432
-0.288058
-0.288215
-0.288763
-0.289076
-0.289233
-0.289702
-0.290250
-0.290563
-0.291033
-0.291659
-0.291659
-0.291972
-0.292363
-0.292833
-0.293146
-0.293537
-0.293850
-0.294242
-0.294555
-0.294790
-0.295181
-0.295338
-0.295416
-0.295885
-0.296042
-0.296433
-0.296825
-0.297060
-0.297138
-0.297686
-0.297999
-0.298234
-0.298468
-0.298860
-0.299095
-0.299173
-0.299408
-0.299956
-0.300425
-0.300738
-0.300738
-0.300973
-0.301130
-0.301208
-0.301677
-0.301912
-0.301991
-0.302069
-0.302382
-0.302851
-0.303008
-0.303321
-0.303478
-0.303478
-0.303791
-0.303556
-0.303947
-0.304495
-0.304260
-0.304495
-0.304808
-0.305121
-0.305200
-0.305200
-0.305434
-0.305669
-0.305591
-0.305826
-0.305747
-0.306139
-0.306452
-0.306608
-0.306765
-0.306608
-0.306765
-0.306922
-0.306765
-0.306922
-0.307000
-0.307548
-0.307469
-0.307704
-0.307704
-0.307861
-0.308017
-0.308330
-0.308017
-0.307939
-0.308174
-0.308409
-0.308096
-0.308017
-0.308565
-0.308643
-0.308643
-0.308878
-0.308878
-0.309035
-0.308878
-0.309113
-0.308878
-0.309270
-0.309348
-0.309348
-0.309426
-0.309426
-0.309661
-0.309818
-0.309896
-0.309896
-0.309896
-0.309974
-0.309974
-0.309739
-0.310052
-0.309974
-0.310131
-0.310365
-0.310131
-0.310131
-0.310131
-0.310131
-0.310287
-0.310052
-0.310131
-0.310287
-0.310052
-0.310052
-0.310209
-0.309818
-0.309739
-0.309896
-0.309896
-0.309661
-0.309583
-0.309504
-0.309583
-0.309739
-0.309583
-0.309974
-0.309818
-0.309739
-0.309504
-0.309896
-0.309661
-0.309583
-0.309426
-0.309348
-0.309818
-0.309896
-0.309583
-0.309739
-0.309739
-0.309426
-0.309504
-0.309191
-0.309191
-0.309035
-0.309270
-0.309348
-0.309583
-0.309191
-0.309270
-0.309426
-0.309035
-0.309035
-0.309348
-0.309191
-0.308957
-0.308878
-0.308878
-0.309035
-0.308957
-0.308957
-0.308565
-0.308409
-0.308409
-0.308330
-0.308722
-0.308252
-0.308487
-0.308252
-0.308409
-0.308330
-0.308487
-0.308174
-0.308409
-0.308096
-0.307939
-0.307782
-0.307861
-0.307469
-0.307626
-0.307704
-0.307548
-0.307704
-0.307548
-0.307469
-0.307235
-0.307156
-0.307391
-0.307156
-0.307078
-0.306765
-0.307156
-0.307156
-0.307235
-0.307313
-0.307000
-0.306765
-0.306452
-0.306530
-0.306217
-0.306530
-0.306295
-0.306608
-0.306217
-0.306530
-0.306374
-0.306217
-0.306217
-0.306061
-0.305982
-0.305747
-0.305747
-0.305904
-0.305904
-0.305826
-0.305669
-0.305669
-0.305669
-0.305200
-0.304887
-0.305200
-0.305434
-0.305043
-0.305356
-0.305200
-0.305278
-0.304887
-0.304808
-0.304495
-0.304573
-0.304495
-0.304573
-0.304182
-0.304260
-0.304182
-0.304260
-0.304417
-0.304339
-0.304339
-0.304026
-0.304026
-0.303869
-0.303399
-0.303634
-0.303634
-0.303791
-0.303712
-0.303712
-0.303712
-0.303243
-0.303634
-0.303399
-0.303243
-0.303165
-0.303008
-0.303086
-0.303165
-0.303086
-0.303165
-0.303243
-0.302773
-0.303008
-0.303008
-0.302851
-0.302930
-0.303008
-0.302617
-0.302538
-0.302773
-0.302851
-0.302851
-0.302617
-0.302851
-0.302460
-0.302304
-0.302460
-0.302538
-0.302069
-0.302147
-0.302225
-0.302460
-0.302225
-0.302147
-0.301991
-0.301991
-0.302147
-0.301756
-0.301912
-0.301756
-0.301756
-0.301599
-0.301756
-0.301834
-0.301912
-0.301521
-0.301443
-0.301599
-0.301521
-0.301521
-0.301599
-0.301130
-0.301599
-0.301756
-0.301599
-0.301521
-0.301677
-0.301521
-0.301286
-0.301364
-0.301286
-0.301364
-0.301286
-0.301286
-0.301599
-0.301991
-0.301677
-0.301756
-0.301130
-0.301364
-0.301208
-0.301599
-0.301677
-0.301521
-0.301443
-0.301521
-0.301756
-0.301443
-0.301364
-0.301130
-0.301051
-0.300973
-0.301521
-0.301443
-0.301208
-0.301051
-0.301443
-0.301521
-0.301443
-0.301443
-0.301286
-0.301130
-0.301521
-0.301443
-0.301364
-0.301286
-0.301677
-0.301599
-0.301756
-0.301834
-0.301521
-0.301521
-0.301521
-0.301443
-0.301756
-0.301834
-0.301521
-0.301599
-0.301677
-0.301991
-0.302225
-0.301677
-0.301834
-0.301756
-0.301991
-0.301991
-0.302147
-0.301991
-0.301991
-0.302069
-0.302225
-0.302225
-0.301912
-0.301912
-0.302147
-0.302382
-0.302382
-0.302617
-0.302538
-0.302538
-0.302617
-0.302851
-0.303008
-0.302617
-0.302538
-0.302851
-0.302930
-0.303008
-0.303008
-0.302773
-0.303086
-0.303165
-0.303165
-0.303243
-0.303086
-0.303321
-0.303478
-0.303634
-0.303712
-0.303712
-0.303556
-0.303791
-0.303634
-0.304104
-0.303712
-0.303947
-0.303947
-0.304182
-0.304182
-0.304339
-0.304417
-0.304260
-0.304339
-0.304573
-0.304730
-0.304965
-0.304808
-0.305121
-0.304965
-0.305043
-0.305200
-0.305434
-0.305278
-0.305200
-0.305356
-0.305356
-0.305356
-0.305747
-0.305826
-0.305669
-0.305826
-0.305904
-0.306295
-0.306452
-0.306295
-0.306217
-0.306217
-0.306687
-0.306765
-0.306530
-0.307078
-0.306765
-0.307078
-0.307235
-0.307313
-0.307235
-0.307548
-0.307391
-0.307469
-0.307469
-0.307626
-0.307704
-0.307782
-0.307861
-0.308252
-0.308330
-0.308409
-0.308330
-0.308409
-0.308565
-0.308800
-0.308722
-0.309035
-0.309035
-0.309348
-0.309583
-0.309504
-0.309739
-0.309739
-0.309739
-0.309896
-0.309896
-0.310287
-0.310209
-0.310365
-0.310522
-0.310600
-0.310600
-0.310992
-0.311148
-0.311305
-0.311148
-0.311383
-0.311305
-0.311618
-0.311539
-0.311383
-0.311853
-0.311931
-0.312322
-0.312322
-0.312322
-0.312479
-0.312557
-0.312635
-0.312948
-0.312870
-0.313105
-0.313027
-0.313496
-0.313574
-0.313731
-0.313966
-0.314279
-0.314044
-0.314357
-0.314201
-0.314514
-0.314435
-0.314905
-0.315218
-0.315296
-0.315218
-0.315531
-0.315688
-0.315609
-0.315609
-0.315923
-0.316079
-0.316314
-0.316314
-0.316705
-0.316862
-0.316862
-0.317018
-0.317331
-0.317410
-0.317410
-0.317566
-0.317566
-0.317801
-0.318036
-0.318192
-0.318505
-0.318584
-0.318740
-0.318819
-0.319053
-0.318819
-0.319210
-0.319210
-0.319601
-0.319758
-0.320227
-0.320306
-0.320384
-0.321088
-0.320854
-0.321167
-0.321010
-0.320932
-0.321323
-0.321245
-0.321558
-0.321871
-0.322028
-0.322106
-0.322654
-0.322654
-0.322967
-0.322654
-0.323123
-0.323123
-0.323202
-0.323515
-0.323515
-0.323828
-0.323984
-0.324297
-0.324610
-0.324767
-0.325158
-0.325158
-0.325315
-0.325785
-0.325941
-0.326332
-0.326332
-0.326098
-0.326646
-0.327037
-0.326959
-0.327037
-0.327193
-0.327350
-0.327506
-0.327350
-0.327741
-0.327976
-0.327898
-0.328524
-0.328446
-0.328681
-0.328759
-0.328837
-0.329228
-0.329228
-0.329541
-0.329776
-0.329855
-0.330011
-0.330168
-0.330481
-0.330559
-0.330794
-0.331029
-0.331185
-0.331498
-0.331420
-0.331498
-0.331733
-0.332046
-0.332437
-0.332437
-0.332594
-0.333142
-0.333377
-0.333377
-0.333455
-0.333690
-0.333612
-0.333925
-0.334394
-0.334394
-0.335099
-0.334942
-0.335255
-0.335333
-0.335647
-0.335881
-0.336038
-0.336194
-0.336194
-0.336351
-0.336742
-0.336977
-0.337055
-0.337368
-0.337368
-0.337760
-0.337682
-0.338229
-0.337916
-0.338386
-0.338386
-0.338777
-0.338934
-0.339169
-0.339403
-0.339560
-0.339873
-0.340343
-0.340343
-0.340969
-0.340812
-0.340812
-0.341047
-0.341360
-0.341438
-0.341752
-0.342378
-0.342378
-0.342534
-0.342613
-0.342926
-0.343160
-0.343004
-0.343552
-0.343630
-0.343943
-0.344256
-0.344491
-0.344413
-0.344804
-0.345274
-0.344882
-0.345274
-0.345509
-0.345665
-0.345509
-0.346056
-0.346213
-0.346526
-0.346761
-0.346996
-0.347074
-0.347309
-0.347465
-0.347857
-0.347857
-0.348248
-0.348405
-0.348796
-0.349109
-0.349109
-0.349422
-0.349500
-0.349735
-0.349892
-0.350126
-0.350283
-0.350753
-0.350753
-0.351066
-0.351300
-0.351614
-0.352161
-0.352240
-0.352396
-0.352553
-0.352866
-0.352944
-0.353257
-0.353492
-0.353727
-0.353883
-0.353805
-0.354118
-0.354431
-0.354823
-0.354979
-0.355136
-0.355605
-0.355605
-0.355605
-0.355918
-0.356153
-0.356545
-0.356466
-0.356858
-0.357092
-0.357484
-0.357797
-0.358032
-0.357953
-0.358423
-0.358736
-0.358893
-0.358814
-0.359049
-0.359597
-0.359988
-0.360380
-0.360302
-0.360223
-0.360458
-0.361162
-0.361554
-0.361554
-0.361710
-0.362102
-0.362258
-0.362806
-0.362884
-0.362963
-0.363276
-0.363589
-0.363745
-0.363980
-0.364372
-0.364606
-0.364841
-0.364998
-0.365154
-0.365702
-0.365859
-0.366015
-0.366172
-0.366250
-0.366876
-0.366876
-0.367111
-0.367581
-0.367815
-0.367894
-0.368285
-0.368285
-0.368598
-0.368676
-0.368833
-0.369068
-0.369381
-0.369772
-0.369616
-0.370085
-0.370320
-0.370320
-0.370946
-0.371103
-0.371181
-0.371494
-0.371807
-0.372277
-0.372512
-0.372746
-0.372903
-0.372981
-0.373451
-0.373529
-0.373764
-0.374312
-0.374234
-0.374703
-0.374860
-0.375329
-0.375564
-0.375799
-0.376190
-0.376190
-0.376347
-0.376503
-0.376582
-0.376895
-0.377364
-0.377443
-0.377912
-0.377756
-0.378147
-0.378538
-0.378460
-0.378930
-0.379243
-0.379399
-0.379791
-0.380104
-0.380339
-0.380495
-0.381200
-0.380886
-0.381434
-0.381669
-0.382139
-0.382139
-0.382452
-0.382530
-0.383078
-0.383156
-0.383391
-0.383548
-0.383626
-0.384017
-0.384252
-0.384722
-0.384643
-0.385035
-0.385191
-0.385348
-0.385661
-0.385817
-0.386131
-0.386365
-0.386992
-0.387226
-0.387461
-0.387696
-0.387931
-0.387931
-0.388479
-0.388635
-0.388948
-0.388948
-0.389261
-0.389496
-0.389966
-0.390592
-0.390670
-0.390748
-0.391218
-0.391375
-0.391688
-0.391766
-0.392236
-0.392314
-0.392470
-0.392862
-0.393253
-0.393410
-0.393723
-0.394114
-0.394114
-0.394036
-0.394584
-0.394584
-0.394897
-0.395210
-0.395210
-0.395523
-0.395914
-0.395993
-0.396306
-0.396932
-0.397323
-0.397558
-0.397558
-0.397871
-0.398106
-0.398341
-0.398575
-0.398967
-0.399280
-0.399593
-0.399906
-0.400063
-0.400532
-0.400610
-0.400689
-0.401393
-0.401550
-0.402176
-0.402254
-0.402567
-0.402724
-0.402959
-0.403272
-0.403663
-0.403820
-0.403976
-0.404054
-0.404602
-0.404759
-0.404837
-0.405228
-0.405541
-0.405776
-0.406168
-0.406324
-0.406637
-0.406950
-0.407498
-0.407498
-0.407811
-0.408124
-0.408359
-0.408829
-0.408751
-0.409064
-0.409455
-0.409611
-0.410238
-0.410316
-0.410472
-0.410551
-0.411020
-0.411412
-0.411803
-0.411960
-0.412351
-0.412664
-0.412742
-0.413134
-0.413447
-0.413525
-0.413995
-0.414229
-0.414229
-0.414308
-0.414856
-0.415012
-0.415325
-0.415717
-0.415873
-0.416264
-0.416656
-0.416812
-0.417047
-0.417360
-0.417517
-0.417595
-0.418065
-0.418299
-0.418691
-0.418847
-0.419004
-0.419317
-0.419787
-0.420100
-0.420334
-0.420648
-0.420726
-0.421117
-0.421508
-0.421743
-0.421978
-0.422291
-0.422448
-0.422683
-0.422683
-0.423309
-0.423544
-0.423778
-0.424013
-0.424248
-0.424404
-0.424796
-0.425031
-0.425187
-0.425579
-0.425813
-0.426518
-0.426518
-0.426831
-0.427222
-0.427300
-0.427535
-0.427770
-0.428240
-0.428396
-0.428631
-0.429101
-0.429257
-0.429414
-0.429883
-0.430118
-0.430588
-0.430901
-0.430431
-0.430979
-0.431605
-0.431605
-0.432153
-0.432388
-0.432779
-0.432701
-0.432858
-0.433171
-0.433406
-0.433640
-0.433953
-0.434266
-0.434580
-0.434736
-0.435362
-0.435441
-0.435832
-0.436067
-0.436301
-0.436693
-0.436693
-0.436928
-0.437162
-0.437554
-0.437789
-0.437945
-0.438415
-0.438571
-0.439119
-0.439276
-0.439511
-0.439824
-0.439902
-0.440528
-0.440763
-0.440998
-0.441467
-0.441624
-0.442328
-0.442093
-0.442720
-0.442798
-0.443189
-0.443346
-0.443659
-0.443737
-0.443972
-0.444050
-0.444520
-0.444755
-0.445068
-0.445459
-0.445459
-0.445850
-0.446320
-0.446242
-0.446790
-0.447103
-0.447181
-0.447572
-0.447651
-0.448198
-0.448277
-0.448825
-0.449059
-0.449138
-0.449451
-0.449529
-0.449999
-0.450155
-0.450781
-0.451016
-0.451251
-0.451486
-0.451642
-0.451564
-0.452425
-0.452347
-0.452503
-0.452895
-0.453208
-0.453521
-0.453834
-0.453990
-0.454225
-0.454304
-0.455243
-0.454930
-0.455399
-0.455869
-0.456025
-0.456025
-0.456573
-0.456886
-0.457278
-0.457591
-0.457904
-0.457982
-0.458139
-0.458295
-0.458608
-0.459078
-0.459078
-0.459626
-0.459782
-0.459939
-0.460252
-0.460643
-0.460800
-0.461348
-0.461426
-0.461817
-0.461974
-0.462287
-0.462600
-0.463148
-0.463383
-0.463461
-0.463774
-0.464009
-0.464479
-0.464635
-0.465027
-0.465261
-0.465496
-0.465653
-0.466122
-0.466435
-0.466435
-0.466670
-0.466983
-0.467453
-0.467453
-0.468001
-0.468079
-0.468627
-0.468627
-0.469253
-0.469410
-0.469644
-0.470114
-0.470114
-0.470271
-0.470427
-0.470897
-0.471366
-0.471679
-0.472071
-0.472462
-0.472384
-0.472775
-0.473245
-0.473401
-0.474028
-0.474184
-0.474106
-0.474888
-0.474888
-0.475280
-0.475515
-0.475593
-0.475906
-0.476297
-0.476845
-0.477002
-0.477315
-0.477628
-0.477941
-0.478098
-0.478724
-0.478645
-0.479115
-0.479506
-0.479506
-0.479663
-0.479819
-0.480524
-0.480602
-0.480915
-0.481620
-0.482011
-0.482481
-0.482715
-0.482950
-0.482950
-0.483029
-0.483576
-0.483890
-0.484359
-0.484516
-0.484829
-0.485298
-0.485220
-0.485533
-0.485846
-0.486472
-0.486472
-0.486472
-0.487020
-0.487412
-0.487646
-0.487725
-0.488194
-0.488586
-0.488977
-0.489134
-0.488899
-0.489603
-0.489916
-0.490308
-0.490229
-0.490699
-0.490856
-0.491169
-0.491403
-0.491951
-0.492108
-0.492734
-0.493047
-0.493125
-0.493517
-0.493673
-0.494065
-0.494221
-0.494378
-0.494769
-0.495004
-0.495082
-0.495708
-0.495865
-0.496178
-0.496413
-0.496882
-0.497117
-0.497430
-0.497822
-0.497900
-0.498448
-0.498369
-0.498917
-0.499230
-0.499309
-0.499935
-0.499935
-0.500483
-0.500561
-0.500874
-0.501265
-0.501500
-0.501735
-0.501970
-0.502126
-0.502596
-0.503144
-0.503535
-0.503614
-0.504240
-0.504240
-0.504474
-0.504788
-0.505335
-0.505414
-0.505962
-0.506196
-0.506588
-0.506901
-0.506901
-0.507527
-0.507762
-0.507918
-0.508231
-0.508388
-0.508858
-0.508936
-0.509327
-0.509405
-0.509875
-0.510345
-0.510501
-0.510658
-0.511127
-0.511675
-0.511910
-0.512301
-0.512380
-0.512771
-0.512849
-0.513084
-0.513632
-0.513632
-0.514023
-0.514336
-0.514884
-0.514806
-0.515119
-0.515432
-0.515667
-0.516137
-0.516371
-0.516606
-0.516841
-0.517076
-0.517311
-0.518015
-0.518015
-0.518485
-0.518407
-0.519033
-0.519189
-0.519502
-0.519894
-0.520285
-0.520285
-0.520989
-0.521224
-0.521381
-0.521694
-0.522398
-0.522477
-0.522868
-0.523259
-0.523337
-0.523651
-0.524198
-0.524355
-0.524825
-0.525138
-0.525138
-0.525607
-0.525920
-0.526312
-0.526703
-0.526781
-0.527329
-0.527408
-0.527799
-0.528112
-0.528190
-0.528190
-0.528503
-0.529051
-0.529051
-0.529286
-0.529677
-0.530147
-0.530225
-0.530617
-0.531086
-0.531008
-0.531634
-0.531712
-0.531869
-0.532260
-0.532417
-0.533043
-0.533043
-0.533356
-0.533982
-0.534060
-0.534217
-0.534530
-0.534843
-0.535000
-0.535469
-0.535704
-0.536017
-0.536017
-0.536722
-0.536800
-0.537035
-0.537426
-0.537739
-0.537817
-0.538052
-0.538444
-0.538678
-0.538913
-0.538991
-0.539618
-0.539931
-0.540400
-0.540479
-0.541026
-0.541496
-0.541496
-0.541887
-0.542357
-0.541966
-0.542435
-0.542748
-0.543296
-0.543375
-0.543609
-0.544079
-0.544079
-0.544470
-0.544783
-0.544862
-0.544940
-0.545097
-0.545644
-0.545801
-0.546427
-0.546584
-0.546897
-0.547366
-0.547445
-0.547758
-0.548306
-0.548306
-0.548775
-0.549010
-0.549010
-0.549480
-0.549793
-0.550027
-0.550106
-0.550575
-0.550732
-0.551280
-0.551358
-0.551515
-0.551984
-0.552297
-0.552376
-0.553158
-0.553002
-0.553315
-0.553550
-0.553863
-0.554176
-0.554254
-0.554880
-0.555428
-0.555428
-0.555898
-0.555976
-0.555898
-0.556289
-0.556680
-0.556915
-0.557150
-0.557307
-0.557776
-0.558168
-0.558481
-0.558402
-0.559263
-0.559029
-0.559342
-0.559733
-0.560046
-0.560359
-0.560985
-0.561298
-0.561690
-0.561611
-0.562081
-0.562394
-0.562707
-0.562785
-0.563099
-0.563568
-0.563803
-0.563960
-0.564742
-0.564820
-0.564977
-0.564977
-0.565447
-0.565995
-0.566308
-0.566386
-0.566856
-0.567247
-0.567325
-0.567795
-0.567873
-0.568186
-0.568812
-0.568421
-0.569047
-0.569204
-0.569830
-0.570065
-0.569751
-0.570221
-0.570612
-0.571239
-0.571082
-0.571552
-0.571865
-0.572178
-0.572491
-0.572647
-0.573039
-0.573274
-0.573508
-0.573822
-0.574291
-0.574917
-0.574917
-0.575465
-0.575700
-0.576013
-0.576248
-0.576091
-0.576717
-0.576874
-0.576874
-0.577578
-0.577735
-0.578048
-0.578283
-0.578596
-0.578987
-0.578753
-0.579222
-0.579457
-0.579848
-0.580318
-0.580474
-0.581179
-0.581492
-0.581805
-0.582040
-0.582353
-0.582744
-0.582666
-0.583057
-0.583449
-0.583449
-0.583997
-0.584310
-0.584779
-0.585014
-0.584936
-0.585171
-0.585562
-0.586110
-0.586266
-0.586345
-0.586971
-0.587362
-0.587754
-0.587910
-0.588223
-0.588380
-0.588615
-0.589162
-0.589397
-0.589475
-0.589945
-0.590493
-0.590493
-0.590728
-0.590806
-0.591041
-0.591510
-0.591902
-0.592215
-0.592450
-0.592919
-0.593076
-0.593389
-0.593702
-0.594015
-0.594250
-0.594328
-0.594798
-0.595346
-0.595659
-0.596050
-0.595894
-0.596441
-0.596833
-0.596989
-0.597224
-0.597537
-0.598242
-0.598398
-0.598790
-0.598946
-0.599259
-0.599572
-0.599651
-0.599807
-0.600590
-0.600825
-0.601451
-0.601764
-0.602390
-0.602312
-0.602781
-0.603016
-0.603407
-0.603407
-0.603564
-0.603955
-0.604347
-0.604660
-0.605129
-0.605443
-0.605521
-0.605990
-0.606303
-0.606538
-0.606617
-0.607243
-0.607086
-0.607712
-0.607869
-0.608338
-0.608730
-0.609043
-0.609513
-0.609669
-0.609982
-0.610217
-0.610608
-0.610765
-0.611234
-0.611548
-0.611548
-0.611939
-0.612252
-0.612643
-0.612878
-0.612956
-0.613504
-0.613896
-0.614052
-0.614287
-0.614913
-0.615148
-0.615383
-0.615618
-0.616009
-0.616400
-0.616713
-0.617026
-0.617026
-0.617418
-0.617340
-0.617731
-0.618122
-0.618279
-0.618748
-0.618748
-0.619140
-0.619453
-0.619688
-0.620079
-0.620392
-0.620940
-0.621018
-0.621253
-0.621723
-0.622114
-0.622114
-0.622662
-0.622975
-0.623288
-0.623288
-0.623523
-0.623992
-0.624462
-0.624775
-0.625010
-0.625245
-0.625558
-0.626184
-0.626184
-0.626654
-0.626967
-0.627045
-0.627202
-0.627828
-0.628297
-0.628532
-0.628767
-0.629315
-0.629002
-0.629628
-0.629550
-0.629941
-0.630176
-0.630567
-0.630724
-0.631585
-0.631506
-0.631898
-0.632054
-0.632289
-0.632524
-0.632915
-0.633228
-0.633620
-0.633854
-0.634011
-0.634481
-0.634872
-0.635028
-0.635263
-0.635498
-0.636046
-0.636281
-0.636437
-0.636750
-0.637220
-0.637377
-0.637846
-0.637846
-0.638238
-0.638394
-0.638707
-0.639099
-0.639333
-0.639725
-0.639725
-0.640194
-0.640507
-0.640742
-0.641525
-0.641525
-0.641681
-0.641995
-0.642073
-0.642308
-0.642621
-0.643012
-0.643403
-0.643482
-0.643951
-0.644421
-0.644734
-0.644890
-0.645204
-0.645673
-0.645751
-0.646221
-0.646456
-0.646534
-0.646847
-0.647473
-0.647865
