-0.539383
-0.539461
-0.539774
-0.540009
-0.540635
-0.540792
-0.541261
-0.541418
-0.541574
-0.542122
-0.542279
-0.542670
-0.542827
-0.543061
-0.543296
-0.543531
-0.543844
-0.544470
-0.544783
-0.545175
-0.545488
-0.545644
-0.545723
-0.546192
-0.546271
-0.546505
-0.546897
-0.547210
-0.547523
-0.547914
-0.547758
-0.548540
-0.548697
-0.548932
-0.549245
-0.549793
-0.549871
-0.550106
-0.550575
-0.550967
-0.551202
-0.551202
-0.551984
-0.552376
-0.552454
-0.552689
-0.553080
-0.553315
-0.553471
-0.553941
-0.554176
-0.554645
-0.554958
-0.555193
-0.555506
-0.555976
-0.556133
-0.556133
-0.556680
-0.556837
-0.557307
-0.557541
-0.557698
-0.558011
-0.558168
-0.558559
-0.558715
-0.559342
-0.559263
-0.559576
-0.560203
-0.560672
-0.560672
-0.560907
-0.561298
-0.561611
-0.562081
-0.562316
-0.562472
-0.563020
-0.563333
-0.563490
-0.563725
-0.564429
-0.564586
-0.564742
-0.564899
-0.565134
-0.565681
-0.565525
-0.565995
-0.566308
-0.566777
-0.566856
-0.566856
-0.567325
-0.567873
-0.568030
-0.568343
-0.568891
-0.569047
-0.569282
-0.569204
-0.569673
-0.570065
-0.569986
-0.570612
-0.570691
-0.570926
-0.571473
-0.571865
-0.572021
-0.572334
-0.572726
-0.572647
-0.572882
-0.573274
-0.573587
-0.574056
-0.574291
-0.574369
-0.574996
-0.575230
-0.575543
-0.575700
-0.576091
-0.576483
-0.576483
-0.576639
-0.576874
-0.577344
-0.577657
-0.578126
-0.578361
-0.578518
-0.579066
-0.579457
-0.579692
-0.579848
-0.580083
-0.580474
-0.580866
-0.580944
-0.581414
-0.581727
-0.581883
-0.582040
-0.582588
-0.582901
-0.583449
-0.583684
-0.583605
-0.584153
-0.584231
-0.584466
-0.584623
-0.584701
-0.585327
-0.585640
-0.586110
-0.586110
-0.586579
-0.586658
-0.587049
-0.587127
-0.587675
-0.587754
-0.588145
-0.588536
-0.588536
-0.589084
-0.589710
-0.589789
-0.590023
-0.590493
-0.590728
-0.590963
-0.591119
-0.591510
-0.591667
-0.592137
-0.592450
-0.592763
-0.592998
-0.593232
-0.593467
-0.593937
-0.594172
-0.594328
-0.594641
-0.594954
-0.595267
-0.595581
-0.595815
-0.596050
-0.596363
-0.596676
-0.596911
-0.597381
-0.597694
-0.598007
-0.598320
-0.598633
-0.598555
-0.599103
-0.599259
-0.599572
-0.600120
-0.600355
-0.600825
-0.601059
-0.601607
-0.602233
-0.602312
-0.602547
-0.602860
-0.603094
-0.603407
-0.603955
-0.604347
-0.604347
-0.604347
-0.605051
-0.605443
-0.605364
-0.605521
-0.606147
-0.606538
-0.606695
-0.606851
-0.607478
-0.607791
-0.607556
-0.607947
-0.608417
-0.608886
-0.609199
-0.609278
-0.609669
-0.609982
-0.610139
-0.610452
-0.611078
-0.611000
-0.611391
-0.611313
-0.612095
-0.612409
-0.612487
-0.612565
-0.613191
-0.612956
-0.613426
-0.613661
-0.613896
-0.614130
-0.614600
-0.614678
-0.615305
-0.615539
-0.615696
-0.615852
-0.616322
-0.616713
-0.617183
-0.617340
-0.617809
-0.617887
-0.618514
-0.618435
-0.618748
-0.618905
-0.619296
-0.619218
-0.619844
-0.620079
-0.620470
-0.620862
-0.620940
-0.621723
-0.621566
-0.621879
-0.622192
-0.622662
-0.622584
-0.622897
-0.623131
-0.623679
-0.624071
-0.624227
-0.624619
-0.624853
-0.625323
-0.625871
-0.626027
-0.626184
-0.626419
-0.626967
-0.627202
-0.627436
-0.627593
-0.628062
-0.627984
-0.628376
-0.628923
-0.629237
-0.629315
-0.629863
-0.629941
-0.630411
-0.630724
-0.630880
-0.631506
-0.631506
-0.631663
-0.632054
-0.632289
-0.632367
-0.632915
-0.633307
-0.633776
-0.633854
-0.634324
-0.634559
-0.635028
-0.635342
-0.634950
-0.635420
-0.635733
-0.636359
-0.636907
-0.637533
-0.637142
-0.637377
-0.637768
-0.638238
-0.638472
-0.638864
-0.639020
-0.639333
-0.639490
-0.640038
-0.640351
-0.640664
-0.640899
-0.640899
-0.641760
-0.642073
-0.642229
-0.642464
-0.642934
-0.643169
-0.643325
-0.643560
-0.643873
-0.644108
-0.644421
-0.644499
-0.644969
-0.645282
-0.645360
-0.645908
-0.645986
-0.646456
-0.646456
-0.646926
-0.647395
-0.647317
-0.647552
-0.647943
-0.648647
-0.648334
-0.648961
-0.649195
-0.649508
-0.649900
-0.650213
-0.650291
-0.650761
-0.650996
-0.651387
-0.651622
-0.652013
-0.652874
-0.652796
-0.652874
-0.653031
-0.653344
-0.653892
-0.654205
-0.654439
-0.654831
-0.654909
-0.655066
-0.655535
-0.656396
-0.656318
-0.656631
-0.656944
-0.657257
-0.657414
-0.657805
-0.658118
-0.658353
-0.658744
-0.659214
-0.659527
-0.659527
-0.659918
-0.660231
-0.660388
-0.661327
-0.661249
-0.661484
-0.661953
-0.661953
-0.662032
-0.662032
-0.662501
-0.662423
-0.662110
-0.662266
-0.662110
-0.662266
-0.661875
-0.661953
-0.662110
-0.661640
-0.661718
-0.661249
-0.661249
-0.660858
-0.660936
-0.660623
-0.660544
-0.660153
-0.659918
-0.659605
-0.659370
-0.659214
-0.658744
-0.658823
-0.658353
-0.657962
-0.657492
-0.657257
-0.657022
-0.656866
-0.656161
-0.656396
-0.655927
-0.655379
-0.655379
-0.654752
-0.654439
-0.654205
-0.653813
-0.653813
-0.653344
-0.653187
-0.652717
-0.652248
-0.651778
-0.651465
-0.651387
-0.650761
-0.650604
-0.649978
-0.649821
-0.649430
-0.649117
-0.648961
-0.648726
-0.648100
-0.647630
-0.647317
-0.647239
-0.646847
-0.646769
-0.646299
-0.645986
-0.645517
-0.645360
-0.644812
-0.644577
-0.644030
-0.643873
-0.643560
-0.643247
-0.642934
-0.642777
-0.642308
-0.641995
-0.641525
-0.641290
-0.640899
-0.640742
-0.640038
-0.639725
-0.639333
-0.639255
-0.638707
-0.638629
-0.638316
-0.637846
-0.637455
-0.637064
-0.636359
-0.636437
-0.636437
-0.635811
-0.635576
-0.634950
-0.634481
-0.634402
-0.634324
-0.633933
-0.633541
-0.632837
-0.632993
-0.632446
-0.632133
-0.631585
-0.631193
-0.631037
-0.630724
-0.630176
-0.629941
-0.629628
-0.629080
-0.628923
-0.628689
-0.628610
-0.627828
-0.627436
-0.627280
-0.626967
-0.626497
-0.626184
-0.626027
-0.625636
-0.625245
-0.624619
-0.624619
-0.624306
-0.623992
-0.623758
-0.623366
-0.623288
-0.622818
-0.622271
-0.621723
-0.621253
-0.621175
-0.620940
-0.620470
-0.620079
-0.620001
-0.619453
-0.619140
-0.618748
-0.618514
-0.617966
-0.617731
-0.617653
-0.616870
-0.617026
-0.616557
-0.616244
-0.615852
-0.615383
-0.615461
-0.614913
-0.614600
-0.614757
-0.614052
-0.613739
-0.613504
-0.613113
-0.612878
-0.612174
-0.612017
-0.611626
-0.611861
-0.611156
-0.610765
-0.610530
-0.609982
-0.609826
-0.609356
-0.609121
-0.608730
-0.608652
-0.608104
-0.607712
-0.607321
-0.607086
-0.606695
-0.606695
-0.606303
-0.606069
-0.605834
-0.605286
-0.604973
-0.604582
-0.604503
-0.604190
-0.603877
-0.603251
-0.602938
-0.602703
-0.602077
-0.601764
-0.601138
-0.600825
-0.600433
-0.600042
-0.599807
-0.599494
-0.599181
-0.598790
-0.598320
-0.597850
-0.597850
-0.597459
-0.597068
-0.596676
-0.596128
-0.595815
-0.595737
-0.595267
-0.594954
-0.594250
-0.594093
-0.594015
-0.593389
-0.593076
-0.592998
-0.592763
-0.591902
-0.591745
-0.591589
-0.591667
-0.590650
-0.590180
-0.589945
-0.589632
-0.589162
-0.589084
-0.588693
-0.588223
-0.588067
-0.587362
-0.587127
-0.587127
-0.586736
-0.586188
-0.585953
-0.585640
-0.585327
-0.584779
-0.584466
-0.584388
-0.583997
-0.583370
-0.583057
-0.582744
-0.582431
-0.582118
-0.582118
-0.581335
-0.581179
-0.581022
-0.580553
-0.580161
-0.579848
-0.579300
-0.578987
-0.578909
-0.578596
-0.578205
-0.577892
-0.577500
-0.577578
-0.577031
-0.576717
-0.576404
-0.576091
-0.575778
-0.575230
-0.575152
-0.574604
-0.574369
-0.574056
-0.573587
-0.573430
-0.573195
-0.572726
-0.572256
-0.571943
-0.571630
-0.571082
-0.571082
-0.570769
-0.570378
-0.569908
-0.569438
-0.569517
-0.568969
-0.568812
-0.568343
-0.568108
-0.567403
-0.567247
-0.566934
-0.566542
-0.566151
-0.565916
-0.565838
-0.565212
-0.565055
-0.564507
-0.564351
-0.564194
-0.563725
-0.563412
-0.562942
-0.562785
-0.562472
-0.562159
-0.561611
-0.561455
-0.560750
-0.560516
-0.560359
-0.559889
-0.559889
-0.559029
-0.558794
-0.558168
-0.558089
-0.558011
-0.557698
-0.557150
-0.556837
-0.556446
-0.555976
-0.555506
-0.555741
-0.555115
-0.554724
-0.554802
-0.554332
-0.553941
-0.553471
-0.553315
-0.552689
-0.552532
-0.552141
-0.551984
-0.551828
-0.551045
-0.550732
-0.550341
-0.550184
-0.549793
-0.549558
-0.549323
-0.549088
-0.548697
-0.548384
-0.548384
-0.547992
-0.547679
-0.547132
-0.546897
-0.546740
-0.546271
-0.545723
-0.545644
-0.545644
-0.544783
-0.544705
-0.544470
-0.544079
-0.543688
-0.543688
-0.543140
-0.542905
-0.542357
-0.541966
-0.541809
-0.541496
-0.541418
-0.540792
-0.540557
-0.540166
-0.539696
-0.539461
-0.539461
-0.538991
-0.538678
-0.538287
-0.537739
-0.537896
-0.537270
-0.536956
-0.536643
-0.535939
-0.535939
-0.535782
-0.535391
-0.534921
-0.534687
-0.534530
-0.534139
-0.533982
-0.533513
-0.533121
-0.533043
-0.532573
-0.532573
-0.531947
-0.531791
-0.531634
-0.531164
-0.530460
-0.530069
-0.529912
-0.529599
-0.529286
-0.529051
-0.528738
-0.528425
-0.528034
-0.527799
-0.527329
-0.527016
-0.526625
-0.526233
-0.526077
-0.525451
-0.525059
-0.524981
-0.524512
-0.524512
-0.524198
-0.524120
-0.523494
-0.523181
-0.522946
-0.522711
-0.522242
-0.521537
-0.521381
-0.521224
-0.520520
-0.520520
-0.520207
-0.520050
-0.519659
-0.519346
-0.518563
-0.518485
-0.518250
-0.517467
-0.517232
-0.516763
-0.516685
-0.516293
-0.516058
-0.515511
-0.515276
-0.515041
-0.514884
-0.514884
-0.514415
-0.514180
-0.513710
-0.513241
-0.513006
-0.512693
-0.512301
-0.511988
-0.511597
-0.511597
-0.511127
-0.510580
-0.510658
-0.510188
-0.509797
-0.509484
-0.509171
-0.508779
-0.508388
-0.507762
-0.507605
-0.507449
-0.507527
-0.506979
-0.506509
-0.506353
-0.506275
-0.505883
-0.505570
-0.505101
-0.505022
-0.504709
-0.503848
-0.503692
-0.503614
-0.503144
-0.502987
-0.502283
-0.502283
-0.501892
-0.501422
-0.501031
-0.500718
-0.500170
-0.499857
-0.499622
-0.499387
-0.498996
-0.498448
-0.498291
-0.498213
-0.497665
-0.497274
-0.497039
-0.496726
-0.496569
-0.496021
-0.495787
-0.495317
-0.495004
-0.494691
-0.494612
-0.494143
-0.493673
-0.493438
-0.492891
-0.493125
-0.492577
-0.492343
-0.491873
-0.491717
-0.491325
-0.490856
-0.490621
-0.490308
-0.489916
-0.489681
-0.489290
-0.489055
-0.488821
-0.488429
-0.487803
-0.487803
-0.487568
-0.487490
-0.486864
-0.486707
-0.486316
-0.485846
-0.485533
-0.485298
-0.484907
-0.484203
-0.484046
-0.483655
-0.483107
-0.482872
-0.482872
-0.482402
-0.482324
-0.482246
-0.481463
-0.481150
-0.480994
-0.480524
-0.479898
-0.479428
-0.479115
-0.479037
-0.478489
-0.478254
-0.477941
-0.477706
-0.477471
-0.477080
-0.476845
-0.476297
-0.475828
-0.475515
-0.475280
-0.474967
-0.474654
-0.474497
-0.474184
-0.473871
-0.473323
-0.473323
-0.472462
-0.472384
-0.472227
-0.471366
-0.471053
-0.470897
-0.470349
-0.470114
-0.469801
-0.469566
-0.469488
-0.469097
-0.468627
-0.468627
-0.468392
-0.468001
-0.467531
-0.467140
-0.467140
-0.466670
-0.466201
-0.465966
-0.465731
-0.465105
-0.465105
-0.464557
-0.464479
-0.464009
-0.463618
-0.463618
-0.463070
-0.462678
-0.462209
-0.462287
-0.461974
-0.461739
-0.461191
-0.460800
-0.460330
-0.460252
-0.459626
-0.459548
-0.459078
-0.458687
-0.458139
-0.457904
-0.457747
-0.457669
-0.457043
-0.456808
-0.456339
-0.456260
-0.456104
-0.455556
-0.455478
-0.454930
-0.454460
-0.454304
-0.454069
-0.453599
-0.453443
-0.453051
-0.452816
-0.452582
-0.452269
-0.451721
-0.451486
-0.451408
-0.450860
-0.450312
-0.450312
-0.449686
-0.449216
-0.449216
-0.448512
-0.448355
-0.447885
-0.447885
-0.447181
-0.447024
-0.447103
-0.446946
-0.446477
-0.445929
-0.445772
-0.445459
-0.444911
-0.444598
-0.444207
-0.444050
-0.443972
-0.443659
-0.443346
-0.442641
-0.442407
-0.442328
-0.441546
-0.441232
-0.440998
-0.440528
-0.439980
-0.439667
-0.439511
-0.439354
-0.439041
-0.438650
-0.438415
-0.438102
-0.437945
-0.437632
-0.437006
-0.436771
-0.436380
-0.436067
-0.435754
-0.435441
-0.435049
-0.434736
-0.434658
-0.434423
-0.433953
-0.433406
-0.433327
-0.433014
-0.432623
-0.432388
-0.432153
-0.431840
-0.431605
-0.431214
-0.430901
-0.430275
-0.430196
-0.430118
-0.429805
-0.429335
-0.429022
-0.428866
-0.428396
-0.428240
-0.427927
-0.427457
-0.427379
-0.426987
-0.426596
-0.426439
-0.426205
-0.425579
-0.425579
-0.425109
-0.424718
-0.424483
-0.424170
-0.423857
-0.423700
-0.423074
-0.422526
-0.422369
-0.421978
-0.421743
-0.421195
-0.421117
-0.421039
-0.420569
-0.419865
-0.419787
-0.419082
-0.419160
-0.418847
-0.418378
-0.417908
-0.417986
-0.417517
-0.417125
-0.417047
-0.416656
-0.416499
-0.415795
-0.415873
-0.415403
-0.414777
-0.414699
-0.414542
-0.414073
-0.413838
-0.413603
-0.413212
-0.412977
-0.412664
-0.412194
-0.411803
-0.411490
-0.411255
-0.411099
-0.410551
-0.410081
-0.410003
-0.409611
-0.409455
-0.409142
-0.408985
-0.408594
-0.408437
-0.408046
-0.407655
-0.407263
-0.407420
-0.407029
-0.406402
-0.406481
-0.405855
-0.405776
-0.405228
-0.404994
-0.404915
-0.404289
-0.403898
-0.403820
-0.403585
-0.402959
-0.402880
-0.402567
-0.402254
-0.401941
-0.401785
-0.401237
-0.400454
-0.400532
-0.400063
-0.399749
-0.399202
-0.398967
-0.398889
-0.398497
-0.398106
-0.397871
-0.397793
-0.397323
-0.397088
-0.396619
-0.396697
-0.396306
-0.396071
-0.395288
-0.395210
-0.394975
-0.394818
-0.394505
-0.394114
-0.393723
-0.393488
-0.393097
-0.393018
-0.392236
-0.392549
-0.392392
-0.391923
-0.391375
-0.391218
-0.391062
-0.390670
-0.390357
-0.389888
-0.389340
-0.389027
-0.389027
-0.388713
-0.388322
-0.388087
-0.387774
-0.387539
-0.387148
-0.386835
-0.386365
-0.386052
-0.385583
-0.385583
-0.385035
-0.384643
-0.384565
-0.384252
-0.383939
-0.383391
-0.383313
-0.383000
-0.382608
-0.382452
-0.382295
-0.381747
-0.381591
-0.381200
-0.380495
-0.380182
-0.380026
-0.379869
-0.379556
-0.379243
-0.378773
-0.378617
-0.378382
-0.378069
-0.377756
-0.377599
-0.377130
-0.376895
-0.376503
-0.376269
-0.376112
-0.375799
-0.375408
-0.374703
-0.374938
-0.374468
-0.374234
-0.373607
-0.373607
-0.373294
-0.373059
-0.372668
-0.372277
-0.372277
-0.371651
-0.371181
-0.370868
-0.370633
-0.370398
-0.369850
-0.369850
-0.369303
-0.368989
-0.368676
-0.368598
-0.368363
-0.368050
-0.367737
-0.367189
-0.366798
-0.366407
-0.366328
-0.366093
-0.366172
-0.365467
-0.365233
-0.364841
-0.364450
-0.363902
-0.363824
-0.363667
-0.363041
-0.363041
-0.362571
-0.362493
-0.362102
-0.361632
-0.361084
-0.360849
-0.360458
-0.359910
-0.359754
-0.359597
-0.359127
-0.358971
-0.358580
-0.358345
-0.357875
-0.357797
-0.357327
-0.356858
-0.357014
-0.356623
-0.356388
-0.355918
-0.355684
-0.355527
-0.355214
-0.354823
-0.354431
-0.354196
-0.354040
-0.353492
-0.353179
-0.353022
-0.352788
-0.352553
-0.352318
-0.351770
-0.351770
-0.351379
-0.351066
-0.350674
-0.350126
-0.349892
-0.349657
-0.349031
-0.349109
-0.348796
-0.348248
-0.347857
-0.348091
-0.347387
-0.347152
-0.347074
-0.346839
-0.346526
-0.345978
-0.345509
-0.345665
-0.345039
-0.344804
-0.344569
-0.344413
-0.344021
-0.343630
-0.343630
-0.343082
-0.342534
-0.342378
-0.342221
-0.341595
-0.341360
-0.341360
-0.340891
-0.340812
-0.340343
-0.339638
-0.339482
-0.339247
-0.338856
-0.338621
-0.338386
-0.337760
-0.337682
-0.337447
-0.336977
-0.336742
-0.336508
-0.336116
-0.335803
-0.335803
-0.335490
-0.335647
-0.334864
-0.334238
-0.334003
-0.333690
-0.333533
-0.333142
-0.332985
-0.332751
-0.332751
-0.332203
-0.332203
-0.331811
-0.331263
-0.331029
-0.330481
-0.330246
-0.330168
-0.329620
-0.329307
-0.329150
-0.329072
-0.328759
-0.328446
-0.328289
-0.328054
-0.327741
-0.327272
-0.327272
-0.326567
-0.326332
-0.326098
-0.325941
-0.325628
-0.325158
-0.325237
-0.325080
-0.324845
-0.324454
-0.324063
-0.323984
-0.323593
-0.323045
-0.322810
-0.322732
-0.322497
-0.321793
-0.321793
-0.321558
-0.321401
-0.321010
-0.320619
-0.320384
-0.319914
-0.319679
-0.319366
-0.318662
-0.318975
-0.318349
-0.318114
-0.317879
-0.317488
-0.317175
-0.316784
-0.316862
-0.316157
-0.316157
-0.315688
-0.315140
-0.315218
-0.315140
-0.314592
-0.314357
-0.314201
-0.313888
-0.313496
-0.313183
-0.312870
-0.312713
-0.312557
-0.312166
-0.311931
-0.311618
-0.311383
-0.310757
-0.310600
-0.310522
-0.310209
-0.309583
-0.309191
-0.309191
-0.308800
-0.308565
-0.308409
-0.308330
-0.307861
-0.307704
-0.307626
-0.307391
-0.307000
-0.306608
-0.306530
-0.305904
-0.305591
-0.305591
-0.305356
-0.305121
-0.304730
-0.304652
-0.304182
-0.303947
-0.303947
-0.303321
-0.303321
-0.302930
-0.302538
-0.302304
-0.301991
-0.301834
-0.301443
-0.301130
-0.300973
-0.300738
-0.300190
-0.299956
-0.299642
-0.299251
-0.298781
-0.298938
-0.298547
-0.298468
-0.298312
-0.297686
-0.297686
-0.297060
-0.297294
-0.296746
-0.296199
-0.296042
-0.295807
-0.295416
-0.295259
-0.295259
-0.294711
-0.294477
-0.294320
-0.294320
-0.293850
-0.293616
-0.293303
-0.292989
-0.292755
-0.292520
-0.292363
-0.291815
-0.291659
-0.291268
-0.290954
-0.290720
-0.290407
-0.290250
-0.289702
-0.289311
-0.289389
-0.288841
-0.288919
-0.288763
-0.288215
-0.287745
-0.287824
-0.287511
-0.287119
-0.286806
-0.286806
-0.286258
-0.286415
-0.285710
-0.285632
-0.285476
-0.285084
-0.284693
-0.284693
-0.284302
-0.283754
-0.283441
-0.283206
-0.282893
-0.283049
-0.282658
-0.282501
-0.282110
-0.281797
-0.281406
-0.280936
-0.280623
-0.280466
-0.280153
-0.280232
-0.279684
-0.279527
-0.278744
-0.278666
-0.278431
-0.278431
-0.277962
-0.277649
-0.277570
-0.277257
-0.276866
-0.276709
-0.276396
-0.276240
-0.276240
-0.275614
-0.275222
-0.274987
-0.275066
-0.274831
-0.274361
-0.274440
-0.273970
-0.273579
-0.273422
-0.273579
-0.273187
-0.272874
-0.272483
-0.272248
-0.272013
-0.271778
-0.271700
-0.271544
-0.271152
-0.270683
-0.270448
-0.270056
-0.269822
-0.269509
-0.269117
-0.268726
-0.268569
-0.268178
-0.268021
-0.268021
-0.267474
-0.267395
-0.267160
-0.266926
-0.266378
-0.266299
-0.266221
-0.265830
-0.265673
-0.265360
-0.265204
-0.264969
-0.264734
-0.264578
-0.264421
-0.263717
-0.263795
-0.263482
-0.263169
-0.262699
-0.262308
-0.262464
-0.262229
-0.262073
-0.261760
-0.261682
-0.261603
-0.261212
-0.260821
-0.260508
-0.260194
-0.259960
-0.259647
-0.259412
-0.258942
-0.258786
-0.258551
-0.258159
-0.258238
-0.258003
-0.257298
-0.257533
-0.257142
-0.256594
-0.256281
-0.256046
-0.255968
-0.255655
-0.255811
-0.255185
-0.254794
-0.254716
-0.254402
-0.254089
-0.253855
-0.253698
-0.253307
-0.253150
-0.252994
-0.252602
-0.252211
-0.252367
-0.252211
-0.251976
-0.251350
-0.251037
-0.250880
-0.250646
-0.250332
-0.250254
-0.249863
-0.249706
-0.249471
-0.249158
-0.248845
-0.248767
-0.248767
-0.248376
-0.248219
-0.247436
-0.247671
-0.247123
-0.247045
-0.247045
-0.246654
-0.246341
-0.246262
-0.245871
-0.245558
-0.245480
-0.245323
-0.245010
-0.244697
-0.244619
-0.244462
-0.244071
-0.243836
-0.243758
-0.243601
-0.243366
-0.243132
-0.242975
-0.242427
-0.241801
-0.242036
-0.241879
-0.241253
-0.241566
-0.241253
-0.241018
-0.240627
-0.240392
-0.240157
-0.240001
-0.239453
-0.238983
-0.238983
-0.238592
-0.238514
-0.238201
-0.237809
-0.237966
-0.237731
-0.237574
-0.237496
-0.237105
-0.236635
-0.236400
-0.236322
-0.235853
-0.235774
-0.235383
-0.235539
-0.235305
-0.235226
-0.234835
-0.234835
-0.234444
-0.234209
-0.233583
-0.233504
-0.233504
-0.233348
-0.233191
-0.233035
-0.232800
-0.232565
-0.232409
-0.231939
-0.232252
-0.231548
-0.231469
-0.231235
-0.231156
-0.230687
-0.230530
-0.230687
-0.230295
-0.230374
-0.229982
-0.229669
-0.229278
-0.229121
-0.228887
-0.229043
-0.229121
-0.228808
-0.228573
-0.228260
-0.228104
-0.228026
-0.227791
-0.227478
-0.227008
-0.226930
-0.226382
-0.226382
-0.225991
-0.226069
-0.225834
-0.225521
-0.225286
-0.225443
-0.225286
-0.225130
-0.224582
-0.224425
-0.224269
-0.224269
-0.224034
-0.223956
-0.223799
-0.223721
-0.223251
-0.223095
-0.223016
-0.222703
-0.222468
-0.222547
-0.222390
-0.222390
-0.221686
-0.221686
-0.221373
-0.221529
-0.221138
-0.220903
-0.220590
-0.220042
-0.220120
-0.220120
-0.219494
-0.219572
-0.219338
-0.219103
-0.219103
-0.218711
-0.218790
-0.218477
-0.218320
-0.218085
-0.217929
-0.217772
-0.217537
-0.217381
-0.217303
-0.217381
-0.217224
-0.217068
-0.217068
-0.216833
-0.216363
-0.216129
-0.216050
-0.215815
-0.215502
-0.215502
-0.215268
-0.215189
-0.215346
-0.214876
-0.214720
-0.214485
-0.214328
-0.214172
-0.214172
-0.214015
-0.213859
-0.213467
-0.213389
-0.213546
-0.212919
-0.212919
-0.212685
-0.212685
-0.212528
-0.212293
-0.212215
-0.212372
-0.212059
-0.211745
-0.211980
-0.211589
-0.211432
-0.210963
-0.211041
-0.210728
-0.210728
-0.210493
-0.210258
-0.209867
-0.209710
-0.209945
-0.210024
-0.209632
-0.209397
-0.209163
-0.208849
-0.208771
-0.208693
-0.208693
-0.208380
-0.208223
-0.208302
-0.207989
-0.208067
-0.207910
-0.207206
-0.207519
-0.207284
-0.207128
-0.206814
-0.206971
-0.206893
-0.206814
-0.206423
-0.206658
-0.206345
-0.206188
-0.206032
-0.205953
-0.206110
-0.205875
-0.206032
-0.205484
-0.205249
-0.205327
-0.205640
-0.205171
-0.205093
-0.204779
-0.204701
-0.204701
-0.204701
-0.204388
-0.204310
-0.203997
-0.203997
-0.203762
-0.203527
-0.203371
-0.203214
-0.203136
-0.203214
-0.203527
-0.203214
-0.202979
-0.202901
-0.202744
-0.202275
-0.202431
-0.202353
-0.202040
-0.202040
-0.202040
-0.201883
-0.201727
-0.201805
-0.201649
-0.201570
-0.201257
-0.201022
-0.201257
-0.201022
-0.200944
-0.200240
-0.200475
-0.200318
-0.200240
-0.200318
-0.199927
-0.200240
-0.200318
-0.199848
-0.199457
-0.199535
-0.199535
-0.199066
-0.198909
-0.199222
-0.199222
-0.198987
-0.198753
-0.198518
-0.198518
-0.198674
-0.198440
-0.198361
-0.198205
-0.198127
-0.197892
-0.198127
-0.197970
-0.197813
-0.197500
-0.197579
-0.197657
-0.197657
-0.197422
-0.197344
-0.197266
-0.197344
-0.197109
-0.197109
-0.196639
-0.196796
-0.196874
-0.196718
-0.196639
-0.196639
-0.196718
-0.196326
-0.196639
-0.196326
-0.196326
-0.196326
-0.196013
-0.196091
-0.195935
-0.195935
-0.195778
-0.196013
-0.196013
-0.196091
-0.195935
-0.195935
-0.195857
-0.195935
-0.195700
-0.195465
-0.195465
-0.195152
-0.195465
-0.195231
-0.195387
-0.195544
-0.195387
-0.195309
-0.195152
-0.195152
-0.195074
-0.194996
-0.195152
-0.194917
-0.194761
-0.194917
-0.194996
-0.195231
-0.195152
-0.195309
-0.195309
-0.195074
-0.194604
-0.194683
-0.194761
-0.194761
-0.194917
-0.194917
-0.195074
-0.194839
-0.194917
-0.194448
-0.194761
-0.194526
-0.194448
-0.194683
-0.194448
-0.194526
-0.194448
-0.194291
-0.194526
-0.194526
-0.194291
-0.194448
-0.194448
-0.194604
-0.194370
-0.194604
-0.194448
-0.193978
-0.194213
-0.194683
-0.194526
-0.194761
-0.194448
-0.194370
-0.194291
-0.194526
-0.194135
-0.194291
-0.194056
-0.194213
-0.194291
-0.194604
-0.194448
-0.194370
-0.193900
-0.194370
-0.194291
-0.194135
-0.194448
-0.194370
-0.194291
-0.194291
-0.194917
-0.195152
-0.194761
-0.194448
-0.194448
-0.194526
-0.194370
-0.194604
-0.194683
-0.194683
-0.194761
-0.194839
-0.195074
-0.195152
-0.194761
-0.194839
-0.194526
-0.194996
-0.194917
-0.194917
-0.194996
-0.195152
-0.195231
-0.194917
-0.194996
-0.194839
-0.194917
-0.194917
-0.195074
-0.194996
-0.195152
-0.195231
-0.195309
-0.195074
-0.195152
-0.195231
-0.195387
-0.195465
-0.195231
-0.195465
-0.195387
-0.195544
-0.195544
-0.195622
-0.195544
-0.195622
-0.195778
-0.195778
-0.195700
-0.195857
-0.195231
-0.195622
-0.195935
-0.195778
-0.196013
-0.196013
-0.196013
-0.196483
-0.196091
-0.196091
-0.195935
-0.195778
-0.195857
-0.196170
-0.196483
-0.196326
-0.196483
-0.196796
-0.196483
-0.196561
-0.196483
-0.196561
-0.196326
-0.196874
-0.196561
-0.196874
-0.196796
-0.197109
-0.197109
-0.197344
-0.197109
-0.197187
-0.196874
-0.197266
-0.197266
-0.197266
-0.197266
-0.197187
-0.197579
-0.197657
-0.197735
-0.197579
-0.197500
-0.197344
-0.197657
-0.197657
-0.197735
-0.197892
-0.197813
-0.197892
-0.197970
-0.198205
-0.197892
-0.197892
-0.197735
-0.198048
-0.198048
-0.197813
-0.197892
-0.198048
-0.197892
-0.198205
-0.198361
-0.198283
-0.197892
-0.198205
-0.198048
-0.198048
-0.198283
-0.198361
-0.198361
-0.198440
-0.198518
-0.198596
-0.198518
-0.198440
-0.198205
-0.198048
-0.198440
-0.198518
-0.198205
-0.198361
-0.198440
-0.198440
-0.198361
-0.198361
-0.198361
-0.198361
-0.198205
-0.198205
-0.198361
-0.198048
-0.198361
-0.198361
-0.198127
-0.198440
-0.198205
-0.198205
-0.198127
-0.198283
-0.198283
-0.198127
-0.197892
-0.197970
-0.197892
-0.197970
-0.197735
-0.197813
-0.197735
-0.197735
-0.197657
-0.197735
-0.197579
-0.197500
-0.197579
-0.197422
-0.197500
-0.197344
-0.197344
-0.197187
-0.197187
-0.197344
-0.197109
-0.197031
-0.197266
-0.196796
-0.196952
-0.196718
-0.196796
-0.196718
-0.196561
-0.196483
-0.196561
-0.196326
-0.196248
-0.196170
-0.196091
-0.195935
-0.195778
-0.195778
-0.195700
-0.195622
-0.195544
-0.195387
-0.195074
-0.194917
-0.194917
-0.194604
-0.194135
-0.194213
-0.194448
-0.194370
-0.194213
-0.193978
-0.194056
-0.193587
-0.193509
-0.193117
-0.192961
-0.192726
-0.192882
-0.192882
-0.192648
-0.192178
-0.192100
-0.192021
-0.191787
-0.191787
-0.191552
-0.191160
-0.191004
-0.190769
-0.190847
-0.190456
-0.190378
-0.189752
-0.189752
-0.189595
-0.189282
-0.189047
-0.188891
-0.188734
-0.188578
-0.188265
-0.188030
-0.187795
-0.187404
-0.187247
-0.186934
-0.186621
-0.186308
-0.186229
-0.185916
-0.185447
-0.185603
-0.185290
-0.185055
-0.184821
-0.184586
-0.184273
-0.183803
-0.183881
-0.183334
-0.183020
-0.182864
-0.182473
-0.182081
-0.182003
-0.181612
-0.181455
-0.180985
-0.180516
-0.179968
-0.179655
-0.179420
-0.178950
-0.178481
-0.178168
-0.178168
-0.177698
-0.177463
-0.177072
-0.176681
-0.176446
-0.175898
-0.175507
-0.175350
-0.175037
-0.174567
-0.174254
-0.173785
-0.173393
-0.173080
-0.172454
-0.172063
-0.171828
-0.171202
-0.170889
-0.170732
-0.169871
-0.169715
-0.169401
-0.168932
-0.168932
-0.168071
-0.167758
-0.167288
-0.166662
-0.166427
-0.165801
-0.165410
-0.165253
-0.164862
-0.164314
-0.163844
-0.163140
-0.162592
-0.162122
-0.161888
-0.161105
-0.160557
-0.160009
-0.159461
-0.158757
-0.158679
-0.158131
-0.157583
-0.157113
-0.156722
-0.156174
-0.155469
-0.155548
-0.154765
-0.154061
-0.153826
-0.153356
-0.152573
-0.151869
-0.151791
-0.151008
-0.150617
-0.149521
-0.149208
-0.148738
-0.148425
-0.147956
-0.147329
-0.146860
-0.146077
-0.145529
-0.144981
-0.144433
-0.143729
-0.143259
-0.142868
-0.142320
-0.141929
-0.141381
-0.140285
-0.139972
-0.139268
-0.138407
-0.138094
-0.137389
-0.136998
-0.136528
-0.135902
-0.135041
-0.134415
-0.133945
-0.133476
-0.132536
-0.132145
-0.131675
-0.130893
-0.130736
-0.130188
-0.129484
-0.128779
-0.128153
-0.127684
-0.127292
-0.126431
-0.125570
-0.125023
-0.124709
-0.124318
-0.123770
-0.123144
-0.121970
-0.121579
-0.120874
-0.120092
-0.118996
-0.118526
-0.117978
-0.117743
-0.117274
-0.116569
-0.115708
-0.115004
-0.114378
-0.113908
-0.113047
-0.112421
-0.111795
-0.111325
-0.110934
-0.110308
-0.109212
-0.108273
-0.107725
-0.107020
-0.106551
-0.105846
-0.105064
-0.104907
-0.104124
-0.103577
-0.102872
-0.102168
-0.100994
-0.100759
-0.099820
-0.099037
-0.098489
-0.097941
-0.097393
-0.097080
-0.096532
-0.095593
-0.094889
-0.094106
-0.093245
-0.092854
-0.091993
-0.091210
-0.090740
-0.090819
-0.090114
-0.089331
-0.088001
-0.087375
-0.086749
-0.086357
-0.085261
-0.084714
-0.084244
-0.083696
-0.083461
-0.082679
-0.081818
-0.080644
-0.080017
-0.079156
-0.078217
-0.077434
-0.076808
-0.076104
-0.075791
-0.074852
-0.073912
-0.072895
-0.072112
-0.071799
-0.071095
-0.070234
-0.069451
-0.069373
-0.068903
-0.068433
-0.067494
-0.066555
-0.065772
-0.065146
-0.064285
-0.063894
-0.062955
-0.062485
-0.062015
-0.061076
-0.060137
-0.059119
-0.058180
-0.058102
-0.057319
-0.056380
-0.055754
-0.055049
-0.054893
-0.054188
-0.053562
-0.052466
-0.051605
-0.050979
-0.050588
-0.049649
-0.049179
-0.048475
-0.048083
-0.047379
-0.046988
-0.045735
-0.044874
-0.044561
-0.043857
-0.042996
-0.042291
-0.041822
-0.041274
-0.040491
-0.039943
-0.039004
-0.037908
-0.037047
-0.036656
-0.036343
-0.035717
-0.035091
-0.034464
-0.033760
-0.033134
-0.032664
-0.031412
-0.030551
-0.029925
-0.029220
-0.028516
-0.028046
-0.027342
-0.026794
-0.026324
-0.025542
-0.024446
-0.024054
-0.023428
-0.022802
-0.022176
-0.021315
-0.020767
-0.019828
-0.019437
-0.018419
-0.017558
-0.016932
-0.016384
-0.015836
-0.015053
-0.014740
-0.014036
-0.013410
-0.012940
-0.012001
-0.011610
-0.010592
-0.010122
-0.009183
-0.008792
-0.008009
-0.007540
-0.007226
-0.006444
-0.005896
-0.005270
-0.004252
-0.003783
-0.003235
-0.002452
-0.002217
-0.001513
-0.000808
-0.000339
-0.000026
0.000835
0.001696
0.002479
0.002870
0.003105
0.003966
0.004592
0.005297
0.005845
0.006314
0.007175
0.007958
0.008584
0.008819
0.009758
0.010149
0.010854
0.011402
0.012028
0.012732
0.013280
0.014454
0.014689
0.015080
0.015550
0.016176
0.016724
0.017507
0.017820
0.018524
0.019229
0.020403
0.020872
0.021264
0.021577
0.022751
0.023064
0.023455
0.024160
0.024629
0.025412
0.026195
0.026899
0.027212
0.027604
0.028386
0.028856
0.029404
0.029795
0.030186
0.031126
0.031830
0.032848
0.033161
0.033630
0.033943
0.034726
0.035352
0.035744
0.035900
0.036605
0.037466
0.038013
0.038640
0.039109
0.039735
0.040362
0.041301
0.041770
0.042083
0.042788
0.043571
0.044275
0.044510
0.045136
0.045527
0.046154
0.046936
0.047328
0.047797
0.048502
0.049284
0.049910
0.050224
0.050771
0.051085
0.051632
0.052259
0.052806
0.053433
0.054059
0.054763
0.055155
0.055624
0.056250
0.056798
0.057268
0.057659
0.058285
0.058833
0.059538
0.060086
0.060947
0.061181
0.061807
0.062121
0.062747
0.063216
0.063842
0.064234
0.064703
0.065486
0.065878
0.066425
0.066895
0.067521
0.067913
0.068539
0.069008
0.069791
0.070104
0.070574
0.071435
0.071904
0.072296
0.072687
0.073470
0.073704
0.074174
0.074957
0.075348
0.075896
0.076287
0.076914
0.077070
0.077696
0.078088
0.078870
0.079653
0.080201
0.081140
0.081453
0.081923
0.082549
0.082784
0.083019
0.083723
0.084349
0.084975
0.085523
0.085993
0.086462
0.087323
0.087871
0.087715
0.088263
0.088732
0.089515
0.090063
0.090767
0.091472
0.091863
0.092020
0.092333
0.092724
0.093272
0.093898
0.094211
0.095229
0.095150
0.096090
0.096481
0.097107
0.097655
0.097577
0.098281
0.098594
0.098907
0.100316
0.100629
0.100942
0.101647
0.101960
0.102351
0.102821
0.103134
0.103525
0.104230
0.104934
0.105482
0.105952
0.106500
0.106734
0.107204
0.107360
0.107987
0.108221
0.109082
0.109552
0.110100
0.110335
0.110726
0.111117
0.111744
0.112057
0.112605
0.112996
0.113779
0.114561
0.114874
0.115501
0.115579
0.116362
0.116675
0.117144
0.116988
0.117849
0.118788
0.119101
0.119805
0.120040
0.120901
0.121058
0.121606
0.122153
0.122388
0.122780
0.123406
0.123954
0.124580
0.124658
0.125363
0.125441
0.126067
0.126067
0.126693
0.127084
0.127945
0.128415
0.129041
0.129198
0.129902
0.130215
0.130685
0.131076
0.131311
0.131624
0.132094
0.132876
0.133111
0.133816
0.134207
0.134911
0.134911
0.135303
0.135538
0.136164
0.136790
0.137494
0.138042
0.138434
0.138747
0.139373
0.139529
0.139686
0.140390
0.140860
0.141564
0.141877
0.142112
0.143130
0.143130
0.144069
0.144304
0.144460
0.144852
0.145713
0.146104
0.146808
0.147043
0.147435
0.147591
0.148139
0.148609
0.148687
0.149313
0.149783
0.150644
0.151035
0.151192
0.151739
0.152444
0.152914
0.153148
0.153148
0.153461
0.154009
0.154949
0.155183
0.155575
0.155731
0.156357
0.156749
0.157375
0.157610
0.157845
0.158471
0.158862
0.159566
0.160193
0.160427
0.161132
0.161288
0.161836
0.161993
0.162619
0.163089
0.163715
0.164106
0.164341
0.164889
0.165202
0.165750
0.166219
0.166532
0.166924
0.167628
0.167941
0.168254
0.168411
0.168881
0.169428
0.169742
0.170289
0.170446
0.170916
0.171229
0.172011
0.172246
0.172481
0.172872
0.173264
0.173342
0.173577
0.173968
0.174673
0.175299
0.175455
0.175612
0.176238
0.176473
0.177099
0.177412
0.177803
0.178195
0.178429
0.179369
0.179369
0.179682
0.180308
0.180621
0.180778
0.181091
0.181717
0.182265
0.182578
0.183282
0.183360
0.183830
0.184456
0.184691
0.185317
0.185630
0.186100
0.186100
0.186883
0.187039
0.187352
0.187900
0.188291
0.188839
0.189309
0.189544
0.189857
0.190640
0.190796
0.191266
0.191422
0.192205
0.192361
0.192988
0.193222
0.193379
0.193692
0.194083
0.194553
0.195101
0.195336
0.195649
0.195962
0.196432
0.197058
0.197136
0.197292
0.197997
0.198388
0.198858
0.199171
0.199171
0.199875
0.200423
0.201049
0.201284
0.201676
0.202067
0.202693
0.202850
0.203084
0.203711
0.204024
0.204650
0.205041
0.205433
0.205746
0.206372
0.206528
0.206607
0.207076
0.207311
0.208015
0.208250
0.208563
0.208720
0.209503
0.209816
0.210285
0.210364
0.210911
0.211381
0.211929
0.212164
0.212712
0.213260
0.213416
0.213573
0.213886
0.214277
0.214512
0.215295
0.215295
0.215842
0.216077
0.216234
0.216625
0.217016
0.217721
0.217564
0.218191
0.218582
0.218817
0.219365
0.220304
0.220226
0.220617
0.220773
0.221321
0.221713
0.222182
0.222339
0.223200
0.223200
0.223748
0.223904
0.224296
0.224687
0.225157
0.225235
0.225783
0.226565
0.226722
0.227035
0.227896
0.227896
0.228522
0.228522
0.229070
0.229461
0.229618
0.230009
0.230714
0.231027
0.231418
0.231731
0.232044
0.232357
0.232670
0.233140
0.233453
0.233766
0.234079
0.234549
0.234549
0.235019
0.235488
0.236114
0.236271
0.236506
0.237054
0.237601
0.237836
0.238228
0.238619
0.239245
0.239480
0.239480
0.239950
0.240889
0.241358
0.241437
0.242141
0.242532
0.242611
0.243237
0.243393
0.243550
0.243941
0.244254
0.244959
0.245037
0.245663
0.246055
0.246289
0.246759
0.246994
0.247385
0.247385
0.248090
0.248716
0.249107
0.249264
0.249733
0.250203
0.250125
0.250359
0.250829
0.251220
0.251847
0.252394
0.252316
0.252864
0.253177
0.253803
0.254038
0.254351
0.254743
0.254821
0.255447
0.255917
0.256151
0.256621
0.256856
0.257247
0.257325
0.257717
0.258108
0.258499
0.258813
0.259360
0.259908
0.259830
0.260534
0.260926
0.261395
0.261709
0.261865
0.262491
0.262883
0.262961
0.263352
0.263744
0.264135
0.264448
0.264683
0.264839
0.265231
0.265622
0.266013
0.266561
0.266796
0.267266
0.267579
0.267735
0.268127
0.268518
0.269222
0.269457
0.269927
0.270162
0.270553
0.270866
0.271257
0.271649
0.271727
0.272197
0.272745
0.273214
0.273449
0.273606
0.274075
0.274232
0.274623
0.275014
0.275014
0.275562
0.276110
0.276423
0.276423
0.277049
0.277284
0.277754
0.277989
0.278302
0.278537
0.279084
0.279398
0.280024
0.280102
0.280806
0.281354
0.281276
0.281511
0.282293
0.282528
0.283076
0.283389
0.283624
0.284015
0.284407
0.284485
0.284876
0.285268
0.285424
0.285894
0.286364
0.286598
0.287068
0.287303
0.287616
0.287851
0.288320
0.288477
0.289025
0.289651
0.289886
0.290120
0.290512
0.290825
0.291060
0.291529
0.291921
0.292390
0.292625
0.293095
0.293486
0.293721
0.293877
0.294347
0.294504
0.294895
0.295130
0.295521
0.296226
0.296539
0.296539
0.297008
0.297478
0.297791
0.298026
0.298495
0.298652
0.298808
0.299356
0.299591
0.300217
0.300609
0.300922
0.301313
0.301470
0.301626
0.302252
0.302565
0.302722
0.303192
0.303818
0.304052
0.304131
0.304052
0.304600
0.304913
0.305383
0.305696
0.306088
0.306479
0.306792
0.307027
0.307105
0.307809
0.308123
0.308436
0.308905
0.308905
0.309375
0.310079
0.310392
0.310627
0.310940
0.311175
0.311566
0.311723
0.312114
0.312114
0.312819
0.313132
0.313445
0.313758
0.314071
0.314306
0.314775
0.315167
0.315480
0.315636
0.315949
0.316654
0.316810
0.317202
0.317280
0.317593
0.318063
0.318298
0.319002
0.319237
0.319393
0.319706
0.320020
0.320333
0.320646
0.320959
0.321507
0.321976
0.322055
0.322524
0.323072
0.323620
0.323542
0.324011
0.324246
0.324637
0.324794
0.325107
0.325420
0.325890
0.326203
0.326438
0.326594
0.326986
0.327455
0.327768
0.328081
0.328473
0.328707
0.329021
0.329334
0.329412
0.330273
0.330429
0.330586
0.330977
0.331212
0.331682
0.331995
0.332308
0.332778
0.333169
0.333560
0.333873
0.334030
0.334343
0.334656
0.335047
0.335439
0.335752
0.335987
0.336456
0.336848
0.337161
0.337552
0.337787
0.338022
0.338335
0.338569
0.339117
0.339274
0.339430
0.339978
0.340448
0.340761
0.340839
0.341309
0.341857
0.342013
0.342326
0.342874
0.343500
0.343422
0.343970
0.344127
0.344440
0.344596
0.345379
0.345614
0.346083
0.346396
0.346318
0.346788
0.346944
0.347257
0.347570
0.348118
0.348275
0.348745
0.349136
0.349214
0.349684
0.350153
0.350623
0.350466
0.351249
0.351641
0.351875
0.352032
0.352267
0.352580
0.352815
0.353206
0.353519
0.353676
0.353910
0.354771
0.354693
0.355163
0.355319
0.355867
0.355945
0.356493
0.356572
0.357119
0.357354
0.357746
0.358293
0.358450
0.358528
0.358763
0.358920
0.359311
0.359702
0.359937
0.360642
0.360485
0.361346
0.361816
0.362050
0.362207
0.362442
0.363303
0.363381
0.363694
0.364320
0.364555
0.364868
0.365025
0.365338
0.365416
0.365964
0.366434
0.366199
0.366747
0.367060
0.367529
0.367921
0.367608
0.368234
0.368234
0.368938
0.369251
0.369486
0.369877
0.370190
0.370504
0.371208
0.371599
0.371599
0.371521
0.371991
0.372695
0.372695
0.373165
0.373478
0.373869
0.374104
0.374182
0.374495
0.374965
0.375200
0.375748
0.375982
0.376296
0.376765
0.376687
0.377235
0.377548
0.377391
0.377939
0.378252
0.378800
0.378722
0.379348
0.379426
0.379974
0.380131
0.379974
0.380287
0.380835
0.381227
0.381540
0.381853
0.382244
0.382557
0.382635
0.382948
0.383340
0.383731
0.384044
0.384592
0.384827
0.385375
0.385688
0.385923
0.385923
0.386314
0.386784
0.386862
0.387097
0.387488
0.387801
0.388427
0.388271
0.388584
0.388740
0.389053
0.389523
0.389914
0.390228
0.390384
0.390932
0.390697
0.391245
0.391871
0.391636
0.392341
0.392576
0.392732
0.393124
0.393358
0.393984
0.393906
0.394298
0.394845
0.395159
0.395393
0.395863
0.396254
0.396724
0.396724
0.396959
0.397115
0.397820
0.397820
0.398133
0.398759
0.398994
0.399072
0.399542
0.399698
0.399776
0.400246
0.400559
0.401264
0.401733
0.401655
0.401968
0.402829
0.402829
0.403220
0.403377
0.403612
0.403846
0.404160
0.404629
0.404864
0.405412
0.405568
0.406116
0.406195
0.406508
0.406586
0.407056
0.407056
0.407212
0.407760
0.408621
0.408777
0.408621
0.409012
0.409247
0.409638
0.410108
0.410265
0.410186
0.410891
0.411204
0.411439
0.412221
0.412300
0.412613
0.412769
0.413082
0.413630
0.413865
0.414178
0.414726
0.414726
0.414883
0.415039
0.415352
0.415665
0.416213
0.416604
0.416761
0.417152
0.417231
0.417935
0.418013
0.418092
0.418561
0.419344
0.419187
0.419657
0.419735
0.420048
0.420674
0.420909
0.421222
0.421692
0.421849
0.422396
0.422709
0.422631
0.423179
0.423570
0.423884
0.424197
0.424510
0.424431
0.424979
0.425292
0.425762
0.425840
0.426466
0.426623
0.426936
0.426780
0.427327
0.427484
0.428032
0.428501
0.428658
0.428893
0.429128
0.429362
0.429362
0.429832
0.430067
0.430302
0.430771
0.431241
0.431319
0.431789
0.432337
0.432571
0.432806
0.432806
0.432963
0.433511
0.433667
0.434215
0.434763
0.434998
0.434998
0.435389
0.435624
0.435859
0.436172
0.436642
0.436642
0.437033
0.437346
0.437659
0.438129
0.437972
0.438285
0.438911
0.439146
0.439772
0.440398
0.440164
0.440868
0.441025
0.440868
0.441338
0.441651
0.442120
0.442512
0.443216
0.443138
0.443686
0.443373
0.443999
0.444155
0.444390
0.444782
0.445408
0.445486
0.445721
0.446034
0.446425
0.446660
0.446973
0.446973
0.447521
0.447599
0.447991
0.448304
0.448460
0.448852
0.449008
0.449008
0.449321
0.449713
0.449947
0.450495
0.450652
0.450808
0.451121
0.451669
0.451826
0.451826
0.452061
0.452687
0.452765
0.453000
0.453548
0.454017
0.454017
0.454565
0.454644
0.454878
0.454957
0.455348
0.455896
0.456052
0.456522
0.456679
0.457070
0.457070
0.457540
0.458087
0.458166
0.458244
0.458714
0.459027
0.459183
0.459261
0.459809
0.460122
0.460436
0.460670
0.460749
0.461062
0.461610
0.461688
0.462314
0.462392
0.462471
0.462705
0.463097
0.463332
0.463958
0.463958
0.464271
0.464506
0.464740
0.464975
0.465210
0.465680
0.465993
0.466149
0.466697
0.466854
0.467167
0.467402
0.467715
0.467636
0.467949
0.468263
0.468576
0.469045
0.469280
0.469593
0.469515
0.470141
0.469984
0.470219
0.470298
0.470845
0.471315
0.471550
0.471628
0.472254
0.472489
0.472646
0.472959
0.473350
0.473272
0.473585
0.474446
0.474211
0.474602
0.474837
0.475463
0.475385
0.475776
0.476324
0.476559
0.476481
0.477029
0.477342
0.477655
0.477655
0.478281
0.478203
0.478672
0.478907
0.479142
0.479533
0.480003
0.480160
0.480316
0.480238
0.481255
0.481334
0.481334
0.481647
0.482508
0.482899
0.482977
0.483134
0.483603
0.483838
0.483995
0.484386
0.484699
0.484856
0.485091
0.485325
0.485795
0.485873
0.486030
0.486891
0.487047
0.487204
0.487595
0.488065
0.488300
0.488456
0.488691
0.489004
0.489161
0.489630
0.489474
0.490178
0.490335
0.490882
0.490961
0.491117
0.491743
0.491900
0.492135
0.492370
0.492604
0.493231
0.493309
0.493544
0.494013
0.494248
0.494718
0.494874
0.495187
0.495031
0.495579
0.495970
0.496283
0.496831
0.497144
0.497222
0.497222
0.497770
0.497927
0.498240
0.498709
0.499023
0.499492
0.499805
0.500197
0.500275
0.500353
0.500431
0.500979
0.501214
0.501449
0.501919
0.502310
0.502623
0.502858
0.502858
0.503171
0.503640
0.503719
0.504110
0.504658
0.504815
0.505128
0.505284
0.505519
0.506145
0.505989
0.506223
0.506850
0.507476
0.507710
0.508102
0.508102
0.508337
0.508650
0.508806
0.509276
0.509511
0.509902
0.509980
0.510372
0.510606
0.510841
0.510998
0.511624
0.511702
0.512094
0.512720
0.512798
0.513111
0.513111
0.513502
0.513894
0.514207
0.514285
0.514363
0.514911
0.515616
0.515772
0.515929
0.516164
0.516555
0.516320
0.516712
0.517103
0.517807
0.518042
0.518277
0.518590
0.518590
0.519138
0.519373
0.519608
0.519764
0.520312
0.520625
0.521329
0.521486
0.521877
0.521956
0.522112
0.522582
0.522973
0.523051
0.523599
0.524304
0.524460
0.524304
0.525008
0.524852
0.525008
0.525321
0.525791
0.526026
0.526495
0.526495
0.527043
0.527278
0.527434
0.527513
0.527904
0.528687
0.528922
0.529313
0.529548
0.529469
0.529783
0.530096
0.530330
0.530487
0.530565
0.531035
0.531505
0.531739
0.532209
0.532209
0.532365
0.532835
0.532757
0.533383
0.533540
0.534087
0.534322
0.534557
0.534948
0.534948
0.535183
0.535653
0.535888
0.536357
0.536357
0.536749
0.536983
0.537218
0.537610
0.537610
0.537844
0.537923
0.538392
0.538862
0.539097
0.538940
0.539331
0.539410
0.539723
0.539801
0.540192
0.540740
0.540975
0.541053
0.541680
0.541993
0.542071
0.542462
0.542775
0.542775
0.543245
0.543715
0.543871
0.544028
0.544341
0.544497
0.544654
0.544732
0.545280
0.545593
0.545828
0.546141
0.546219
0.547002
0.547002
0.546924
0.547315
0.547941
0.548254
0.548489
0.548646
0.549193
0.549115
0.549428
0.550054
0.550054
0.550446
0.550681
0.550759
0.551385
0.551463
0.551933
0.552324
0.552481
0.552481
0.552872
0.552794
0.553498
0.553655
0.553890
0.554203
0.554438
0.554985
0.555064
0.555220
0.555455
0.556003
0.556003
0.556473
0.556786
0.557099
0.557177
0.557334
0.557647
0.557803
0.558429
0.558586
0.558899
0.559212
0.559682
0.559760
0.560230
0.560543
0.560856
0.561325
0.561404
0.561560
0.562186
0.562421
0.562656
0.562891
0.563204
0.563673
0.564221
0.564221
0.564534
0.565082
0.565082
0.565474
0.565787
0.565787
0.566335
0.566726
0.566882
0.567117
0.567430
0.567665
0.567822
0.568291
0.568683
0.568604
0.569309
0.569152
0.569387
0.569778
0.570013
0.570013
0.570405
0.570796
0.571266
0.571266
0.571970
0.572283
0.572361
0.572753
0.573222
0.573301
0.573614
0.573692
0.573770
0.574162
0.574631
0.575101
0.575023
0.575414
0.575727
0.576353
0.576040
0.576666
0.576901
0.577214
0.577292
0.577840
0.578075
0.578388
0.578701
0.578858
0.579093
0.579406
0.579562
0.580188
0.580267
0.580736
0.580971
0.581206
0.581362
0.581832
0.582067
0.582458
0.582928
0.583241
0.583554
0.583710
0.584415
0.584180
0.584571
0.584806
0.584806
0.585276
0.585589
0.585902
0.586372
0.586450
0.586606
0.587154
0.587389
0.587624
0.587859
0.588015
0.588563
0.588876
0.588798
0.589189
0.589346
0.589581
0.589581
0.589894
0.590676
0.591068
0.591068
0.591537
0.591851
0.592085
0.592320
0.592790
0.592711
0.593025
0.593259
0.593259
0.593886
0.594042
0.594120
0.594120
0.594668
0.594903
0.595294
0.595294
0.595764
0.595999
0.596155
0.596625
0.596860
0.596703
0.596860
0.597251
0.597721
0.598269
0.598269
0.598660
0.598895
0.598738
0.598895
0.599443
0.599677
0.600460
0.600930
0.600852
0.601478
0.601713
0.601556
0.601399
0.601869
0.602339
0.602573
0.603356
0.603200
0.603904
0.604217
0.603904
0.604061
0.604139
0.604765
0.605078
0.605469
0.605704
0.606017
0.606174
0.606330
0.606487
0.606487
0.606722
0.607426
0.607426
0.607896
0.608052
0.608209
0.608287
0.608444
0.608992
0.609461
0.610009
0.610166
0.610244
0.610479
0.610870
0.610870
0.610635
0.611261
0.611653
0.612357
0.612592
0.612592
0.612749
0.612983
0.613218
0.613375
0.613453
0.613923
0.614079
0.614627
0.614470
0.614627
0.614784
0.615175
0.615331
0.615645
0.616192
0.616271
0.616506
0.617053
0.617288
0.617288
0.617523
0.617836
0.617758
0.618227
0.618619
0.618775
0.619010
0.619401
0.619558
0.619558
0.619715
0.620262
0.620497
0.620810
0.621358
0.621671
0.621828
0.621828
0.621984
0.622454
0.622532
0.623002
0.623550
0.623472
0.623941
0.624254
0.624098
0.624332
0.624489
0.624802
0.625663
0.625663
0.626133
0.626367
0.626602
0.626759
0.626602
0.626915
0.627150
0.627698
0.628089
0.628481
0.628637
0.628637
0.629107
0.629185
0.629498
0.629968
0.630124
0.630359
0.630672
0.630985
0.631220
0.631612
0.631690
0.631925
0.632394
0.632629
0.633020
0.633255
0.633334
0.633647
0.633881
0.634194
0.634429
0.634664
0.635290
0.635603
0.635682
0.636073
0.636386
0.636464
0.636777
0.637090
0.637482
0.637482
0.638030
0.638030
0.638499
0.638812
0.639360
0.639752
0.639595
0.640143
0.640534
0.640613
0.640534
0.641082
0.641552
0.641474
0.641708
0.642100
0.642569
0.642648
0.642804
0.643196
0.643430
0.643978
0.644448
0.644135
0.644683
0.645074
0.645465
0.645700
0.645544
0.646248
0.646561
0.646874
0.646718
0.647187
0.647813
0.648127
0.647892
0.648518
0.648753
0.649066
0.649457
0.649692
0.649692
0.650083
0.650318
0.650553
0.650866
0.651257
0.651492
0.651649
0.652275
0.652431
0.652510
0.653057
0.653136
0.653371
0.653605
0.654153
0.654310
0.654466
0.654779
0.655014
0.655171
0.655406
0.655640
0.655640
0.655953
0.656501
0.656658
0.656893
0.657362
0.657519
0.657754
0.657988
0.658302
0.658771
0.658928
0.659319
0.659476
0.659554
0.659945
0.660102
0.660180
0.660963
0.661198
0.661745
0.661980
0.662215
0.662450
0.662685
0.662528
0.662841
0.663389
0.663311
0.664094
0.664172
0.664485
0.664407
0.664720
0.665111
0.665346
0.665815
0.666050
0.666285
0.666442
0.666676
0.666833
0.666911
0.667068
0.667459
0.667850
0.668164
0.668320
0.668477
0.668868
0.668790
0.668868
0.669181
0.669729
0.669807
0.670199
0.670668
0.670512
0.670668
0.670825
0.670981
0.671686
0.671842
0.672390
0.672625
0.672703
0.673173
0.673486
0.673486
0.673642
0.673956
0.674269
0.674817
0.675364
0.675599
0.675599
0.676069
0.676147
0.676225
0.676617
0.677008
0.677321
0.677634
0.677791
0.678182
0.677947
0.678104
0.678495
0.678730
0.678887
0.679826
0.679904
0.680530
0.680608
0.681156
0.680922
0.681156
0.681861
0.682096
0.682565
0.682722
0.683035
0.683583
0.683348
0.683504
0.683583
0.684052
0.684678
0.685070
0.685305
0.685461
0.685774
0.686009
0.686322
0.686400
0.686400
0.687027
0.687496
0.687888
0.688044
0.688435
0.688435
0.688905
0.688749
0.688905
0.689531
0.689923
0.690079
0.690627
0.691018
0.691175
0.691253
0.691488
0.691723
0.692427
0.692975
0.693210
0.693758
0.693836
0.694306
0.693993
0.694384
0.695010
0.695480
0.695793
0.696184
0.696497
0.696497
0.696576
0.696810
0.697202
0.697671
0.698376
0.698611
0.698767
0.699002
0.699393
0.699550
0.699706
0.700411
0.700646
0.701272
0.701350
0.701976
0.702289
0.702289
0.702681
0.703228
0.703463
0.704089
0.704246
0.704402
0.704794
0.704950
0.705263
0.705342
0.705890
0.706672
0.707064
0.706751
0.707377
0.707690
0.708159
0.708159
0.708629
0.708864
0.709647
0.710116
0.710116
0.710429
0.710351
0.710429
0.710116
0.710351
0.710586
0.710116
0.710429
0.710429
0.710429
0.710351
0.710429
0.710508
0.710038
0.709803
0.709725
0.709647
0.709725
0.709647
0.709412
0.709020
0.708786
0.708551
0.708003
0.707925
0.707455
0.706985
0.706907
0.706516
0.706203
0.705811
0.705655
0.705577
0.705185
0.705029
0.704637
0.704559
0.704324
0.703855
0.703385
0.702994
0.702759
0.702054
0.702054
0.701585
0.701193
0.700802
0.700098
0.700176
0.699863
0.699550
0.699158
0.699002
0.698689
0.698376
0.697828
0.697515
0.697358
0.697045
0.696654
0.696262
0.696341
0.695871
0.695480
0.694775
0.694306
0.693914
0.693445
0.693523
0.693053
0.692427
0.692271
0.691488
0.691801
0.691331
0.690940
0.690549
0.690236
0.689923
0.689766
0.689453
0.688905
0.688201
0.687966
0.687496
0.687340
0.687183
0.686557
0.686400
0.686166
0.686244
0.685696
0.685070
0.684757
0.684365
0.684365
0.683896
0.683661
0.683270
0.682487
0.682252
0.681861
0.681235
0.680687
0.680530
0.680295
0.679669
0.679747
0.679278
0.678652
0.678339
0.678026
0.677712
0.677478
0.676773
0.676382
0.676304
0.675991
0.675599
0.675208
0.675208
0.674738
0.674503
0.674034
0.673721
0.673408
0.672860
0.672468
0.672077
0.671451
0.670903
0.670903
0.670668
0.670433
0.670512
0.669807
0.669572
0.669025
0.668868
0.668868
0.668477
0.667850
0.667303
0.666911
0.666363
0.666442
0.665815
0.665894
0.665502
0.665111
0.664798
0.664485
0.664172
0.664015
0.663389
0.663154
0.662528
0.662137
0.661902
0.661589
0.661119
0.661276
0.661119
0.660884
0.660415
0.660180
0.659554
0.659554
0.659084
0.658615
0.657988
0.657284
0.657597
0.657206
0.657049
0.656971
0.656736
0.656423
0.655797
0.655719
0.655562
0.654936
0.654466
0.653918
0.653684
0.653292
0.653136
0.652901
0.652901
0.652353
0.651962
0.651883
0.651101
0.650709
0.650396
0.650083
0.649535
0.649614
0.649144
0.649066
0.648831
0.648674
0.648440
0.648127
0.647813
0.647344
0.646561
0.646248
0.646091
0.645465
0.645152
0.645231
0.645309
0.644917
0.644370
0.644291
0.643978
0.643352
0.643117
0.642726
0.642256
0.641787
0.641630
0.641474
0.641395
0.640691
0.640534
0.640456
0.639908
0.639439
0.638734
0.638734
0.638108
0.637873
0.637717
0.637795
0.637404
0.637012
0.636621
0.636386
0.636308
0.635682
0.635369
0.635134
0.634664
0.634273
0.634351
0.634429
0.633881
0.633255
0.633334
0.633099
0.632629
0.632003
0.631533
0.631142
0.631064
0.630829
0.630594
0.630203
0.629890
0.629498
0.629420
0.628950
0.628559
0.628324
0.628246
0.627776
0.627463
0.627072
0.627072
0.626759
0.626681
0.625976
0.625820
0.625193
0.624802
0.624332
0.624254
0.624176
0.623863
0.623706
0.623550
0.623002
0.622689
0.622063
0.621515
0.620967
0.620810
0.620341
0.620497
0.620497
0.620106
0.619793
0.619715
0.619323
0.618619
0.618227
0.618071
0.617680
0.617210
0.617132
0.616975
0.616584
0.616271
0.616192
0.616036
0.615253
0.614940
0.614705
0.614784
0.614392
0.614549
0.614157
0.614001
0.613610
0.613296
0.612983
0.612592
0.612122
0.611888
0.611575
0.611261
0.610870
0.610322
0.610009
0.609696
0.609696
0.609226
0.608835
0.608600
0.608444
0.608052
0.608052
0.607348
0.607113
0.607270
0.606722
0.606252
0.605783
0.605548
0.605235
0.604765
0.604295
0.604295
0.603748
0.603669
0.603434
0.602730
0.602495
0.602026
0.601791
0.601478
0.601086
0.600852
0.600460
0.599834
0.599443
0.599364
0.598895
0.598660
0.598425
0.597799
0.597642
0.597564
0.597329
0.596703
0.596312
0.595999
0.595842
0.595686
0.595060
0.594747
0.594433
0.594277
0.593964
0.593416
0.593259
0.593103
0.592868
0.592398
0.591929
0.591772
0.591303
0.590990
0.590911
0.590285
0.590129
0.589581
0.589581
0.588955
0.588720
0.588641
0.588328
0.588172
0.587389
0.587076
0.586528
0.586528
0.586215
0.585980
0.585589
0.585198
0.584963
0.584728
0.584493
0.584102
0.583789
0.583476
0.583163
0.583163
0.582536
0.582302
0.582067
0.581754
0.581049
0.580658
0.580658
0.579954
0.579954
0.579640
0.579562
0.579014
0.578936
0.578232
0.578545
0.577918
0.577371
0.576979
0.576666
0.576510
0.576275
0.576040
0.575649
0.575492
0.575257
0.575101
0.574396
0.573770
0.573614
0.573535
0.573144
0.573144
0.572596
0.572518
0.572283
0.572127
0.571422
0.570874
0.570796
0.570405
0.570013
0.570092
0.569778
0.569152
0.568761
0.568761
0.568135
0.567743
0.567665
0.567352
0.567430
0.567039
0.566804
0.566413
0.566100
0.566178
0.565395
0.565004
0.564769
0.564534
0.564534
0.564300
0.563908
0.563830
0.563517
0.563282
0.562421
0.562186
0.561873
0.561638
0.561482
0.561247
0.560464
0.560230
0.560073
0.559682
0.559369
0.559055
0.558664
0.558351
0.558195
0.558273
0.558038
0.557725
0.557412
0.557099
0.556942
0.556473
0.556081
0.555533
0.555533
0.555377
0.554985
0.554751
0.554516
0.554203
0.553577
0.553342
0.553029
0.552637
0.552481
0.552481
0.552324
0.552011
0.551620
0.551463
0.550994
0.550524
0.550368
0.550211
0.549585
0.549898
0.549507
0.549193
0.548724
0.548411
0.548176
0.547472
0.547158
0.547080
0.546845
0.546845
0.546454
0.545984
0.546141
0.545515
0.544810
0.544576
0.544341
0.544106
0.544028
0.543715
0.543480
0.543245
0.542854
0.543010
0.541993
0.541680
0.541367
0.541288
0.540740
0.540975
0.540662
0.540349
0.540114
0.539879
0.539253
0.538784
0.538471
0.538314
0.538314
0.537923
0.537688
0.537218
0.537296
0.537218
0.536436
0.536279
0.535575
0.535418
0.535183
0.534792
0.534557
0.534166
0.534087
0.533618
0.532913
0.532757
0.532835
0.532131
0.532444
0.532052
0.531739
0.531818
0.531191
0.530644
0.530252
0.530017
0.529548
0.529391
0.529313
0.528843
0.528452
0.528765
0.527982
0.527982
0.527434
0.527121
0.526730
0.526495
0.526260
0.525947
0.525791
0.525321
0.525399
0.524773
0.524382
0.524069
0.523991
0.523599
0.523364
0.523208
0.522738
0.522425
0.522034
0.521564
0.520547
0.520312
0.520234
0.519842
0.519764
0.519686
0.519138
0.518512
0.518590
0.518120
0.517651
0.517416
0.517416
0.517103
0.516790
0.516633
0.516320
0.515694
0.515381
0.514911
0.514755
0.514129
0.513816
0.513816
0.513346
0.513424
0.513111
0.512798
0.512250
0.511937
0.511624
0.511389
0.510841
0.510685
0.510215
0.509902
0.509589
0.509198
0.508806
0.508415
0.508102
0.507945
0.507710
0.507476
0.507163
0.506850
0.506223
0.505910
0.505754
0.505519
0.505049
0.504580
0.504423
0.504110
0.503797
0.503640
0.503797
0.502936
0.502779
0.502466
0.502075
0.501840
0.501684
0.501214
0.500979
0.500588
0.500353
0.499805
0.499257
0.499101
0.498631
0.498553
0.497927
0.497927
0.497379
0.497144
0.496753
0.496283
0.496127
0.495970
0.495579
0.495500
0.495109
0.494953
0.494561
0.494013
0.493622
0.493387
0.493074
0.492604
0.492604
0.492213
0.491822
0.491430
0.491274
0.490882
0.490726
0.490491
0.489943
0.489787
0.489474
0.489317
0.488847
0.488534
0.487987
0.487908
0.487752
0.487517
0.487595
0.486891
0.486734
0.486186
0.486108
0.485638
0.485482
0.485091
0.484777
0.484621
0.484151
0.483916
0.483916
0.483603
0.482821
0.482586
0.482508
0.482038
0.481803
0.481490
0.481177
0.480551
0.480394
0.480003
0.479377
0.478907
0.478907
0.479142
0.478203
0.478125
0.477733
0.477498
0.476950
0.476794
0.476324
0.475776
0.475855
0.475307
0.475307
0.474994
0.474759
0.474446
0.473898
0.473507
0.473194
0.472880
0.472489
0.472567
0.472254
0.471785
0.471472
0.471472
0.470689
0.470141
0.469984
0.470063
0.469750
0.469671
0.469437
0.469045
0.468967
0.468497
0.468028
0.467636
0.467480
0.467088
0.466854
0.466619
0.466306
0.466149
0.466071
0.465445
0.464897
0.464819
0.464427
0.464114
0.463958
0.463801
0.463488
0.463018
0.462705
0.462157
0.461766
0.461453
0.461140
0.461062
0.461062
0.460670
0.460436
0.459809
0.459340
0.459105
0.458792
0.458557
0.458401
0.458322
0.457853
0.457540
0.457226
0.456757
0.456287
0.455896
0.455818
0.455426
0.455583
0.455035
0.455035
0.454487
0.454096
0.453939
0.453470
0.453078
0.452765
0.452530
0.452374
0.452295
0.451748
0.451591
0.450808
0.450808
0.450182
0.449713
0.449556
0.449243
0.449008
0.448539
0.448304
0.448304
0.447912
0.447443
0.447051
0.446817
0.446582
0.446269
0.446034
0.445799
0.445486
0.445095
0.444625
0.444077
0.443921
0.443686
0.443764
0.443216
0.443060
0.442590
0.442433
0.442042
0.441416
0.441259
0.440398
0.440085
0.440398
0.439929
0.439538
0.439538
0.439224
0.438285
0.438050
0.437816
0.437816
0.437111
0.436798
0.436720
0.436485
0.436172
0.435781
0.435389
0.435076
0.434685
0.434372
0.434059
0.434059
0.433824
0.433198
0.433198
0.432885
0.432493
0.431789
0.431554
0.431319
0.430928
0.430615
0.430693
0.430067
0.429597
0.429441
0.429128
0.428580
0.428501
0.428501
0.428188
0.427719
0.427719
0.427249
0.426936
0.426466
0.426153
0.425684
0.425449
0.424979
0.424901
0.424510
0.424353
0.424040
0.423962
0.423492
0.423101
0.422866
0.422162
0.421927
0.421770
0.421535
0.421457
0.420909
0.420518
0.419970
0.419735
0.419500
0.419109
0.418483
0.418561
0.417935
0.418170
0.417387
0.416918
0.416839
0.416370
0.416213
0.415900
0.415587
0.415274
0.415039
0.414726
0.414335
0.413943
0.413708
0.413317
0.413082
0.412456
0.412613
0.412378
0.411908
0.411517
0.410969
0.410578
0.410343
0.410030
0.409717
0.409560
0.409325
0.408777
0.408621
0.408464
0.407917
0.407682
0.407056
0.406586
0.406429
0.406116
0.405960
0.405647
0.405490
0.405177
0.404707
0.404316
0.404081
0.404003
0.403455
0.403142
0.403299
0.402907
0.402516
0.401968
0.401811
0.401185
0.401185
0.400559
0.400168
0.399855
0.399463
0.399229
0.399072
0.398602
0.398446
0.397741
0.397741
0.397585
0.397115
0.396724
0.396724
0.396333
0.396019
0.395472
0.395393
0.395080
0.394454
0.394532
0.393750
0.393593
0.393671
0.393124
0.392967
0.392497
0.392341
0.392028
0.391636
0.391636
0.390932
0.390775
0.389993
0.389993
0.389601
0.389053
0.388819
0.388584
0.388349
0.387801
0.387879
0.387566
0.387097
0.386784
0.386705
0.386549
0.386001
0.385531
0.385140
0.385062
0.384592
0.384122
0.383888
0.383496
0.383105
0.383027
0.382635
0.382401
0.382087
0.381540
0.381618
0.381070
0.380757
0.380522
0.380366
0.380209
0.379505
0.379426
0.378957
0.378800
0.378565
0.378096
0.378174
0.377704
0.377470
0.377235
0.376687
0.376061
0.376061
0.375669
0.375669
0.375121
0.375043
0.374730
0.374339
0.374104
0.374026
0.373634
0.373243
0.372773
0.372617
0.372617
0.372069
0.371834
0.371521
0.371286
0.370817
0.370425
0.370112
0.369643
0.369564
0.369095
0.369173
0.368625
0.368703
0.368155
0.367529
0.367529
0.366825
0.366668
0.366512
0.366199
0.365573
0.365651
0.365494
0.365338
0.364633
0.364477
0.363772
0.363459
0.363538
0.363068
0.362833
0.362285
0.362285
0.361894
0.361424
0.360955
0.360720
0.360250
0.359937
0.359859
0.359624
0.359076
0.358685
0.358372
0.357902
0.357511
0.357511
0.357119
0.357119
0.356650
0.356337
0.356024
0.355554
0.355319
0.355006
0.354693
0.354223
0.353910
0.353910
0.353441
0.353441
0.352815
0.352423
0.351954
0.351641
0.351249
0.351093
0.351014
0.350623
0.349997
0.350075
0.349684
0.348979
0.348823
0.348745
0.348275
0.347884
0.347492
0.347101
0.347023
0.346788
0.346396
0.345770
0.345535
0.345144
0.344988
0.344596
0.344205
0.344048
0.343735
0.343422
0.342953
0.342561
0.341935
0.341622
0.341700
0.341152
0.340761
0.340604
0.339978
0.339822
0.339509
0.338726
0.338569
0.338491
0.338178
0.337865
0.337787
0.337161
0.336926
0.336456
0.336143
0.335908
0.335595
0.335282
0.334499
0.334578
0.334421
0.334108
0.333795
0.333404
0.332856
0.332386
0.332386
0.331760
0.331525
0.331525
0.331056
0.330821
0.330273
0.329882
0.329647
0.329099
0.328786
0.328707
0.328238
0.327847
0.327612
0.327377
0.327142
0.326751
0.326438
0.326046
0.325655
0.325420
0.325107
0.324872
0.324481
0.324090
0.323698
0.323307
0.322994
0.322759
0.322368
0.322211
0.321898
0.321585
0.320802
0.320724
0.320176
0.319785
0.319706
0.319315
0.318689
0.318532
0.318298
0.317750
0.317593
0.317280
0.316732
0.315949
0.315871
0.315793
0.315167
0.315167
0.314854
0.314541
0.314306
0.313836
0.313367
0.312975
0.312662
0.312349
0.312114
0.312036
0.311410
0.311097
0.310705
0.310236
0.310079
0.309766
0.309453
0.309062
0.308670
0.308357
0.308279
0.307653
0.307340
0.307105
0.306792
0.306479
0.305931
0.305931
0.305461
0.305070
0.304992
0.304679
0.304209
0.303896
0.303505
0.303192
0.302878
0.302565
0.302174
0.301704
0.301704
0.301235
0.301000
0.300609
0.300374
0.299748
0.299121
0.299043
0.298808
0.298574
0.298339
0.297869
0.297713
0.297165
0.297086
0.296617
0.296226
0.296069
0.295521
0.295286
0.294973
0.294817
0.294504
0.294269
0.293721
0.293330
0.293016
0.292782
0.292469
0.292469
0.291921
0.291608
0.290981
0.291060
0.290590
0.290199
0.290042
0.289651
0.289338
0.289181
0.288633
0.288477
0.288085
0.287459
0.287303
0.286755
0.286285
0.286285
0.285659
0.285268
0.285346
0.285111
0.284720
0.284407
0.284172
0.283624
0.283546
0.283154
0.282998
0.282607
0.282450
0.281980
0.281119
0.281041
0.280572
0.280258
0.279945
0.279476
0.279319
0.279006
0.278380
0.278145
0.277989
0.277441
0.276971
0.276971
0.276736
0.276580
0.275954
0.275875
0.275406
0.275327
0.274858
0.274467
0.274075
0.273762
0.273606
0.273058
0.272823
0.272588
0.272510
0.271884
0.271414
0.270866
0.270553
0.270240
0.269692
0.270005
0.269614
0.269379
0.269144
0.268831
0.267892
0.267422
0.267266
0.266874
0.266483
0.266248
0.266092
0.266013
0.265465
0.264996
0.264605
0.264057
0.263978
0.263665
0.263352
0.262883
0.262648
0.262413
0.261943
0.261395
0.260926
0.260691
0.260456
0.260143
0.259674
0.259282
0.258969
0.258499
0.258421
0.257717
0.257482
0.257091
0.256778
0.256543
0.256230
0.256151
0.255603
0.255525
0.254977
0.254586
0.254273
0.253803
0.253960
0.253490
0.253099
0.252708
0.252473
0.252003
0.251377
0.251064
0.250516
0.250751
0.249968
0.249655
0.249342
0.248951
0.248716
0.248324
0.247855
0.247542
0.247385
0.246994
0.246681
0.246289
0.246055
0.245585
0.245115
0.244959
0.244646
0.244020
0.244020
0.243785
0.243315
0.242689
0.242767
0.242454
0.242219
0.241593
0.241280
0.241045
0.240889
0.240341
0.239950
0.239636
0.238932
0.238932
0.237915
0.237915
0.237367
0.237132
0.236584
0.236349
0.236349
0.236193
0.235410
0.235332
0.234862
0.234314
0.233844
0.234236
0.233766
0.233218
0.232827
0.232592
0.232357
0.231888
0.231340
0.231105
0.230870
0.230401
0.230244
0.229853
0.229383
0.229070
0.228522
0.228522
0.227974
0.227739
0.227426
0.227113
0.226878
0.226487
0.225939
0.225783
0.225548
0.225078
0.224687
0.224061
0.223826
0.223435
0.223278
0.222652
0.222574
0.222261
0.221947
0.221556
0.221008
0.221008
0.220617
0.220460
0.219991
0.219286
0.218895
0.218347
0.218269
0.217877
0.217564
0.216938
0.216938
0.216390
0.216312
0.215921
0.215373
0.215138
0.214903
0.214747
0.214042
0.213651
0.213494
0.213416
0.212868
0.212555
0.212320
0.212007
0.211459
0.211303
0.210990
0.210598
0.210129
0.209894
0.209346
0.208798
0.208955
0.208172
0.208485
0.207781
0.207389
0.207076
0.206763
0.206372
0.205980
0.205902
0.205433
0.204885
0.204415
0.203711
0.203554
0.203398
0.203084
0.203084
0.202537
0.201989
0.201676
0.201676
0.200971
0.200502
0.200267
0.200032
0.199641
0.198936
0.198623
0.198388
0.197997
0.197449
0.197449
0.196979
0.196745
0.196510
0.195884
0.195571
0.195179
0.195179
0.194866
0.194553
0.194005
0.193614
0.193222
0.193144
0.192909
0.192127
0.191970
0.191422
0.190953
0.191187
0.190640
0.190092
0.189466
0.189231
0.188839
0.188605
0.188370
0.188291
0.187587
0.187274
0.187117
0.186804
0.186413
0.185787
0.185395
0.185082
0.184926
0.184848
0.184221
0.183752
0.183360
0.182813
0.182813
0.182499
0.182108
0.181952
0.181169
0.180856
0.180856
0.180543
0.179995
0.179369
0.179212
0.178508
0.178195
0.178038
0.177882
0.177647
0.177255
0.176864
0.176473
0.176238
0.175612
0.175220
0.174673
0.174281
0.174046
0.173733
0.173655
0.173185
0.172794
0.172403
0.172090
0.171855
0.171385
0.170759
0.170446
0.170524
0.169898
0.169663
0.169272
0.168959
0.168176
0.167863
0.167472
0.167472
0.166846
0.166846
0.166141
0.165906
0.165593
0.165593
0.164967
0.164419
0.164341
0.164263
0.163793
0.163715
0.163245
0.162697
0.162384
0.162149
0.161288
0.161054
0.160584
0.160193
0.159801
0.159488
0.159332
0.158784
0.158236
0.157766
0.157140
0.156905
0.156436
0.156044
0.155888
0.155262
0.154949
0.154870
0.154401
0.153931
0.153461
0.153148
0.152835
0.152600
0.152287
0.151896
0.151583
0.151270
0.150722
0.150487
0.149939
0.149626
0.149235
0.148765
0.148452
0.148061
0.147826
0.147591
0.147435
0.146652
0.146104
0.145791
0.145400
0.145243
0.145008
0.144695
0.144304
0.143991
0.143208
0.142973
0.142425
0.142112
0.141643
0.141330
0.140782
0.140469
0.140077
0.139842
0.139529
0.138903
0.138512
0.138121
0.137886
0.137807
0.137338
0.136946
0.136712
0.136007
0.135772
0.135146
0.134598
0.134364
0.133972
0.133346
0.133424
0.133033
0.132798
0.132329
0.132015
0.131468
0.131076
0.130920
0.130294
0.130294
0.129589
0.129120
0.128885
0.128180
0.127867
0.127476
0.127084
0.127084
0.126693
0.126302
0.125754
0.125441
0.125206
0.125049
0.124502
0.123954
0.123562
0.123328
0.122858
0.122467
0.121840
0.121684
0.121371
0.120823
0.120040
0.119884
0.119101
0.118866
0.118710
0.118083
0.117770
0.117144
0.117222
0.116440
0.115970
0.115579
0.115344
0.115109
0.114640
0.114013
0.113779
0.113309
0.112996
0.112761
0.112213
0.111900
0.111587
0.111117
0.110961
0.110570
0.110100
0.109709
0.109474
0.108926
0.108378
0.108065
0.107595
0.107360
0.106891
0.106500
0.106656
0.106030
0.105482
0.104934
0.104543
0.104308
0.103838
0.103682
0.103212
0.103056
0.102351
0.101960
0.101725
0.101647
0.100864
0.100629
0.100160
0.099690
0.099455
0.099064
0.098516
0.098046
0.097733
0.097342
0.096951
0.096246
0.096168
0.095855
0.095463
0.094916
0.094446
0.093976
0.093820
0.093350
0.092881
0.092254
0.092176
0.092020
0.091707
0.091159
0.090611
0.090219
0.089906
0.089358
0.089045
0.088576
0.088419
0.088106
0.087558
0.086932
0.086462
0.086541
0.086071
0.085210
0.084897
0.084662
0.084427
0.083958
0.083645
0.083175
0.082784
0.082471
0.082392
0.081845
0.081297
0.081062
0.080984
0.080436
0.079418
0.079027
0.078401
0.078401
0.078009
0.077461
0.077148
0.076679
0.076209
0.075974
0.075661
0.075113
0.074565
0.074252
0.073861
0.073470
0.073235
0.072922
0.072374
0.072217
0.071826
0.071200
0.070730
0.070495
0.070026
0.069713
0.069243
0.068930
0.068382
0.067991
0.067286
0.067208
0.066425
0.066191
0.065878
0.065643
0.065173
0.064703
0.064703
0.063999
0.063451
0.063060
0.062747
0.062277
0.061964
0.061651
0.061181
0.060790
0.060320
0.059616
0.058911
0.058364
0.058364
0.057972
0.057737
0.057268
0.057033
0.056876
0.056563
0.055937
0.055155
0.054607
0.054607
0.054294
0.053667
0.053354
0.052963
0.052572
0.052493
0.052102
0.051085
0.050537
0.050380
0.049832
0.049519
0.048893
0.048345
0.048032
0.047875
0.047484
0.046701
0.046232
0.045762
0.045527
0.045371
0.044979
0.044588
0.043962
0.043649
0.043336
0.042710
0.042083
0.041770
0.041457
0.040753
0.040518
0.040048
0.039188
0.038874
0.038405
0.038013
0.037309
0.036605
0.036448
0.035900
0.035587
0.035274
0.035039
0.034491
0.034178
0.033787
0.032926
0.032691
0.031987
0.031908
0.031595
0.030891
0.030500
0.030343
0.029639
0.029326
0.028621
0.027682
0.027917
0.027447
0.027056
0.026351
0.025960
0.025725
0.025177
0.024708
0.023847
0.023534
0.023142
0.022986
0.022673
0.022125
0.021420
0.021499
0.020638
0.020246
0.019542
0.019464
0.018759
0.018289
0.017820
0.017115
0.016724
0.016176
0.015941
0.015472
0.014611
0.014376
0.013750
0.013358
0.013280
0.012967
0.012498
0.012106
0.011402
0.010697
0.009915
0.009367
0.009054
0.008349
0.008193
0.007645
0.007332
0.006940
0.006549
0.005923
0.005297
0.004514
0.004436
0.004201
0.003966
0.003340
0.002792
0.002401
0.001853
0.001383
0.000679
0.000209
0.000053
-0.000339
-0.000808
-0.001278
-0.001669
-0.001982
-0.002374
-0.003391
-0.003861
-0.004330
-0.005191
-0.004878
-0.005505
-0.005739
-0.006287
-0.006679
-0.007226
-0.007696
-0.008244
-0.009027
-0.009340
-0.009809
-0.010279
-0.010905
-0.011218
-0.011766
-0.012236
-0.012862
-0.013488
-0.013801
-0.014662
-0.014740
-0.015132
-0.015680
-0.016228
-0.016541
-0.016932
-0.017793
-0.018497
-0.018967
-0.019437
-0.020141
-0.020219
-0.020767
-0.021237
-0.021785
-0.022098
-0.023115
-0.023507
-0.024054
-0.024681
-0.025072
-0.024915
-0.025698
-0.026559
-0.026794
-0.027420
-0.028203
-0.028594
-0.029299
-0.029533
-0.029846
-0.030081
-0.031020
-0.031647
-0.032116
-0.032821
-0.033212
-0.033760
-0.034543
-0.034856
-0.035091
-0.035795
-0.036108
-0.036734
-0.037360
-0.037987
-0.038456
-0.038926
-0.039865
-0.039943
-0.040648
-0.041117
-0.041665
-0.042135
-0.042604
-0.043074
-0.044013
-0.044874
-0.045266
-0.045579
-0.045657
-0.046518
-0.047144
-0.047614
-0.048240
-0.049023
-0.049649
-0.050275
-0.050666
-0.051371
-0.051684
-0.051919
-0.052545
-0.053171
-0.053719
-0.054345
-0.055128
-0.055754
-0.056302
-0.056771
-0.057241
-0.057476
-0.058180
-0.058728
-0.059589
-0.060137
-0.060685
-0.061624
-0.061702
-0.062485
-0.062955
-0.063424
-0.063894
-0.064911
-0.065537
-0.065929
-0.066633
-0.067103
-0.067729
-0.068042
-0.068277
-0.068903
-0.069764
-0.070234
-0.071095
-0.071408
-0.072112
-0.072738
-0.073208
-0.073756
-0.074225
-0.074695
-0.075321
-0.076260
-0.076808
-0.076965
-0.077591
-0.078374
-0.078687
-0.079469
-0.079469
-0.080644
-0.081583
-0.082287
-0.082835
-0.083305
-0.083774
-0.084244
-0.084792
-0.085496
-0.086044
-0.086357
-0.086983
-0.087688
-0.088314
-0.088627
-0.089410
-0.089958
-0.090662
-0.091367
-0.091601
-0.092149
-0.092619
-0.093558
-0.094106
-0.094810
-0.095202
-0.095593
-0.096532
-0.096767
-0.097785
-0.098098
-0.098411
-0.099663
-0.100054
-0.100915
-0.101463
-0.102403
-0.102716
-0.103264
-0.104046
-0.104359
-0.104672
-0.105690
-0.106551
-0.107099
-0.107568
-0.107960
-0.108508
-0.108977
-0.109525
-0.110464
-0.111012
-0.111560
-0.112265
-0.113126
-0.113830
-0.114221
-0.114691
-0.115239
-0.116256
-0.116726
-0.117196
-0.117743
-0.118448
-0.119622
-0.120326
-0.121187
-0.121500
-0.121892
-0.122674
-0.123379
-0.124005
-0.124396
-0.125179
-0.126118
-0.126744
-0.127449
-0.127997
-0.128388
-0.129406
-0.129640
-0.130110
-0.130893
-0.131832
-0.132536
-0.133241
-0.133632
-0.134024
-0.134571
-0.135511
-0.136137
-0.136606
-0.137076
-0.137702
-0.138720
-0.139659
-0.140285
-0.141146
-0.141459
-0.142085
-0.142633
-0.143103
-0.143886
-0.144199
-0.145294
-0.146234
-0.147095
-0.147642
-0.148112
-0.148347
-0.149286
-0.149834
-0.150538
-0.151165
-0.151713
-0.152730
-0.153434
-0.154295
-0.154843
-0.155235
-0.156017
-0.156409
-0.157191
-0.157896
-0.158365
-0.159461
-0.160322
-0.160635
-0.161575
-0.161966
-0.162514
-0.163453
-0.164001
-0.164627
-0.165097
-0.166271
-0.167210
-0.167680
-0.167993
-0.168619
-0.169245
-0.169949
-0.170419
-0.171045
-0.171984
-0.172767
-0.173706
-0.174724
-0.174880
-0.175193
-0.175976
-0.176602
-0.177072
-0.177698
-0.178403
-0.178716
-0.180124
-0.181142
-0.181612
-0.182159
-0.182316
-0.182942
-0.183725
-0.184351
-0.185055
-0.185369
-0.186386
-0.187560
-0.188421
-0.188891
-0.188969
-0.189517
-0.190456
-0.191082
-0.191708
-0.192648
-0.192882
-0.194213
-0.194917
-0.195387
-0.195857
-0.196326
-0.196952
-0.197500
-0.198205
-0.198831
-0.199535
-0.200553
-0.201492
-0.202118
-0.202510
-0.202979
-0.203449
-0.204232
-0.204779
-0.205484
-0.206188
-0.207128
-0.207910
-0.208615
-0.208771
-0.209554
-0.209789
-0.210337
-0.210963
-0.211667
-0.212450
-0.212998
-0.214094
-0.214407
-0.215268
-0.215502
-0.216129
-0.216676
-0.217146
-0.217929
-0.218633
-0.219103
-0.219964
-0.220590
-0.221294
-0.221999
-0.222390
-0.222860
-0.223564
-0.224112
-0.224660
-0.225521
-0.226147
-0.226773
-0.227869
-0.227947
-0.228652
-0.228887
-0.229513
-0.230139
-0.230765
-0.231313
-0.232017
-0.232722
-0.233348
-0.233739
-0.234444
-0.234835
-0.235305
-0.236009
-0.236479
-0.237183
-0.237731
-0.238122
-0.238983
-0.240157
-0.240470
-0.240862
-0.241566
-0.241723
-0.242427
-0.243132
-0.243758
-0.243993
-0.244775
-0.245480
-0.245949
-0.246576
-0.246889
-0.247202
-0.247828
-0.248297
-0.249158
-0.249706
-0.250019
-0.250880
-0.251507
-0.252054
-0.252367
-0.252446
-0.253150
-0.253307
-0.254246
-0.254559
-0.254950
-0.255811
-0.256124
-0.256751
-0.257220
-0.257690
-0.257846
-0.258238
-0.258786
-0.259333
-0.259647
-0.260351
-0.260977
-0.261838
-0.261760
-0.262308
-0.262777
-0.263247
-0.263795
-0.264030
-0.264656
-0.264734
-0.265282
-0.265673
-0.266299
-0.266847
-0.267160
-0.267630
-0.268021
-0.268491
-0.268804
-0.269509
-0.269587
-0.269978
-0.270683
-0.271230
-0.271465
-0.271857
-0.272326
-0.272796
-0.273187
-0.273735
-0.273735
-0.274048
-0.274518
-0.274674
-0.274987
-0.275535
-0.275848
-0.275927
-0.276475
-0.277101
-0.277179
-0.277649
-0.278118
-0.278588
-0.278666
-0.279057
-0.279527
-0.279762
-0.280232
-0.281014
-0.280936
-0.281484
-0.281875
-0.282188
-0.282658
-0.282814
-0.282971
-0.283128
-0.283675
-0.283832
-0.284302
-0.284849
-0.284849
-0.284849
-0.285554
-0.285554
-0.285945
-0.286102
-0.286415
-0.286806
-0.287041
-0.287119
-0.287511
-0.287432
-0.288058
-0.287745
-0.288450
-0.288685
-0.289154
-0.289154
-0.289389
-0.289546
-0.289859
-0.290015
-0.290250
-0.290407
-0.290407
-0.291033
-0.291111
-0.291502
-0.291346
-0.291581
-0.291737
-0.292129
-0.292363
-0.292598
-0.292520
-0.292833
-0.292989
-0.293146
-0.293224
-0.293459
-0.293850
-0.293459
-0.293694
-0.293850
-0.293929
-0.294085
-0.294320
-0.294555
-0.294790
-0.294868
-0.294868
-0.295025
-0.295338
-0.295259
-0.295651
-0.295416
-0.295494
-0.295807
-0.295807
-0.295964
-0.295964
-0.296120
-0.296199
-0.296433
-0.296433
-0.296746
-0.297138
-0.296903
-0.296746
-0.296981
-0.297216
-0.297216
-0.297294
-0.297529
-0.297138
-0.297373
-0.297529
-0.297529
-0.297686
-0.297842
-0.297764
-0.297999
-0.298077
-0.297999
-0.298155
-0.298155
-0.298155
-0.298390
-0.298155
-0.298234
-0.298312
-0.298390
-0.298547
-0.298468
-0.298312
-0.298468
-0.298390
-0.298703
-0.298312
-0.298312
-0.298468
-0.298155
-0.298468
-0.298390
-0.298703
-0.298547
-0.298547
-0.298468
-0.298703
-0.298547
-0.298547
-0.298547
-0.298390
-0.298860
-0.298312
-0.298625
-0.298390
-0.298625
-0.298625
-0.298312
-0.298781
-0.298781
-0.298547
-0.298390
-0.298468
-0.298547
-0.298547
-0.298781
-0.298390
-0.298312
-0.298390
-0.298312
-0.298390
-0.298547
-0.298312
-0.297999
-0.298234
-0.298390
-0.298234
-0.298390
-0.297842
-0.298390
-0.298234
-0.298077
-0.298155
-0.298312
-0.298312
-0.298077
-0.298155
-0.298077
-0.297764
-0.298077
-0.297920
-0.298077
-0.298077
-0.297999
-0.297764
-0.297607
-0.297842
-0.297999
-0.297451
-0.297764
-0.297607
-0.297842
-0.297842
-0.297686
-0.297842
-0.297686
-0.297216
-0.297138
-0.297529
-0.297138
-0.297294
-0.297294
-0.297138
-0.297138
-0.297451
-0.297060
-0.296746
-0.296903
-0.296825
-0.296433
-0.296277
-0.296512
-0.296277
-0.296590
-0.296277
-0.296277
-0.296512
-0.296590
-0.295964
-0.296120
-0.296199
-0.296120
-0.295885
-0.296042
-0.296277
-0.296355
-0.296355
-0.296199
-0.295885
-0.295572
-0.295651
-0.295494
-0.295416
-0.295259
-0.295494
-0.295416
-0.295416
-0.295494
-0.295807
-0.295103
-0.294946
-0.294946
-0.295025
-0.295181
-0.294790
-0.294946
-0.294946
-0.295181
-0.294790
-0.295181
-0.295025
-0.294633
-0.294790
-0.294946
-0.294946
-0.294711
-0.294555
-0.294555
-0.294868
-0.295025
-0.294946
-0.294711
-0.294790
-0.294555
-0.294633
-0.294555
-0.294711
-0.294320
-0.294398
-0.294868
-0.294711
-0.294868
-0.294477
-0.294477
-0.294164
-0.294007
-0.294164
-0.294007
-0.294085
-0.294242
-0.294242
-0.294633
-0.294477
-0.294320
-0.294242
-0.294007
-0.294242
-0.293929
-0.294007
-0.294242
-0.294164
-0.294164
-0.294164
-0.294007
-0.294007
-0.294085
-0.294085
-0.294007
-0.293929
-0.294007
-0.294085
-0.294085
-0.294164
-0.294164
-0.293929
-0.293850
-0.293850
-0.294007
-0.293850
-0.293929
-0.293850
-0.293772
-0.294085
-0.294242
-0.294320
-0.294398
-0.294007
-0.294164
-0.294007
-0.294164
-0.294164
-0.293929
-0.294085
-0.293929
-0.294085
-0.294398
-0.294398
-0.294164
-0.293929
-0.293694
-0.294164
-0.294085
-0.293772
-0.294242
-0.294007
-0.294242
-0.294555
-0.294633
-0.294398
-0.294320
-0.294242
-0.294555
-0.294007
-0.294320
-0.294633
-0.294164
-0.294633
-0.294946
-0.294790
-0.294711
-0.294868
-0.294790
-0.295103
-0.294946
-0.294868
-0.294790
-0.295103
-0.295572
-0.295572
-0.295572
-0.295416
-0.295416
-0.295494
-0.295181
-0.295259
-0.295494
-0.295494
-0.295416
-0.295572
-0.295729
-0.295885
-0.295964
-0.296042
-0.295807
-0.295729
-0.295807
-0.295964
-0.295729
-0.296120
-0.296355
-0.296590
-0.296668
-0.296668
-0.296590
-0.296668
-0.296668
-0.296825
-0.296825
-0.297138
-0.297138
-0.296825
-0.297060
-0.297216
-0.297294
-0.297373
-0.297373
-0.297451
-0.297607
-0.297686
-0.297842
-0.297842
-0.297842
-0.297999
-0.298234
-0.298312
-0.298312
-0.298390
-0.298468
-0.298390
-0.298468
-0.298625
-0.298860
-0.298625
-0.299095
-0.299173
-0.299173
-0.299173
-0.299251
-0.299329
-0.299486
-0.299799
-0.299877
-0.299799
-0.299799
-0.300112
-0.300112
-0.300425
-0.300425
-0.300582
-0.300582
-0.300895
-0.300973
-0.300895
-0.301130
-0.301130
-0.301208
-0.301756
-0.301599
-0.301991
-0.301677
-0.301756
-0.301991
-0.301991
-0.301991
-0.302382
-0.302382
-0.302538
-0.302695
-0.303008
-0.303243
-0.302930
-0.303165
-0.303478
-0.303243
-0.303478
-0.303556
-0.303634
-0.303791
-0.303947
-0.304104
-0.304104
-0.304260
-0.304260
-0.304495
-0.304417
-0.304652
-0.304887
-0.304965
-0.305121
-0.305278
-0.305513
-0.305591
-0.305591
-0.305904
-0.305669
-0.306139
-0.306374
-0.306374
-0.306452
-0.306452
-0.306452
-0.306452
-0.306765
-0.307000
-0.307000
-0.306922
-0.307235
-0.307313
-0.307469
-0.307939
-0.308252
-0.308252
-0.308096
-0.308252
-0.308487
-0.308565
-0.308643
-0.308722
-0.309035
-0.309113
-0.309661
-0.309583
-0.309739
-0.309818
-0.309818
-0.309974
-0.309974
-0.310131
-0.310600
-0.310678
-0.310757
-0.310913
-0.311148
-0.311461
-0.311618
-0.311539
-0.311539
-0.311696
-0.311931
-0.312244
-0.312322
-0.312870
-0.312713
-0.312635
-0.313027
-0.313027
-0.313183
-0.313340
-0.313653
-0.313888
-0.313731
-0.314044
-0.314279
-0.314592
-0.314827
-0.314905
-0.314827
-0.314827
-0.315218
-0.315296
-0.315375
-0.315453
-0.315609
-0.315844
-0.315844
-0.315844
-0.316470
-0.316392
-0.316549
-0.316549
-0.316705
-0.316784
-0.317253
-0.317331
-0.317644
-0.317879
-0.318114
-0.318114
-0.318114
-0.318349
-0.318349
-0.318897
-0.318975
-0.319366
-0.319288
-0.319523
-0.319679
-0.319601
-0.319914
-0.320619
-0.320384
-0.320540
-0.320697
-0.320854
-0.321323
-0.321167
-0.321323
-0.321480
-0.321636
-0.322028
-0.322262
-0.322575
-0.322419
-0.322810
-0.323123
-0.323358
-0.323280
-0.323515
-0.323671
-0.323906
-0.324063
-0.324376
-0.324376
-0.324532
-0.324767
-0.324924
-0.325315
-0.325315
-0.325471
-0.325706
-0.325785
-0.326019
-0.326176
-0.326724
-0.326959
-0.326802
-0.327037
-0.327193
-0.327350
-0.327585
-0.327506
-0.327898
-0.328289
-0.328524
-0.328759
-0.328837
-0.328759
-0.329228
-0.329150
-0.329463
-0.329541
-0.329855
-0.329698
-0.330168
-0.330637
-0.330716
-0.330872
-0.331107
-0.331185
-0.331342
-0.331890
-0.331577
-0.331968
-0.332437
-0.332437
-0.332751
-0.333298
-0.333220
-0.333612
-0.333768
-0.333925
-0.333846
-0.333846
-0.334551
-0.335020
-0.335020
-0.335255
-0.335490
-0.335647
-0.335960
-0.336038
-0.336116
-0.336116
-0.336586
-0.336586
-0.336977
-0.337212
-0.337447
-0.337603
-0.337916
-0.338073
-0.338151
-0.338464
-0.338777
-0.338621
-0.339090
-0.339247
-0.339403
-0.339795
-0.339951
-0.340343
-0.340734
-0.340656
-0.341125
-0.341360
-0.341673
-0.341673
-0.341908
-0.342221
-0.342221
-0.342456
-0.342847
-0.343082
-0.343160
-0.343395
-0.343630
-0.343865
-0.343865
-0.344648
-0.344491
-0.344726
-0.345039
-0.345274
-0.345587
-0.345822
-0.345900
-0.346213
-0.346135
-0.346683
-0.347152
-0.346917
-0.347074
-0.347465
-0.347622
-0.347857
-0.347935
-0.348483
-0.348952
-0.348796
-0.348874
-0.349109
-0.349579
-0.349970
-0.350048
-0.350283
-0.350518
-0.350596
-0.350987
-0.351144
-0.351535
-0.351927
-0.352240
-0.352318
-0.352553
-0.352788
-0.352866
-0.353179
-0.353414
-0.353649
-0.354118
-0.354431
-0.354431
-0.354510
-0.354823
-0.355057
-0.355371
-0.355605
-0.355684
-0.356231
-0.356231
-0.356701
-0.356779
-0.356936
-0.357327
-0.357562
-0.357640
-0.358110
-0.358188
-0.358580
-0.358658
-0.358814
-0.359127
-0.359597
-0.359832
-0.359988
-0.360223
-0.360223
-0.360849
-0.361084
-0.361397
-0.361867
-0.361945
-0.362337
-0.362493
-0.363041
-0.363198
-0.363432
-0.363432
-0.363980
-0.364137
-0.364137
-0.364293
-0.364841
-0.364998
-0.364998
-0.365624
-0.365546
-0.366015
-0.366093
-0.366563
-0.366798
-0.366720
-0.367502
-0.367424
-0.367815
-0.367894
-0.368207
-0.368285
-0.368520
-0.368833
-0.369146
-0.369224
-0.369537
-0.369772
-0.369772
-0.369929
-0.370242
-0.370790
-0.371024
-0.371572
-0.371651
-0.371964
-0.371885
-0.372199
-0.372746
-0.372668
-0.372825
-0.373138
-0.373607
-0.373842
-0.373764
-0.374547
-0.374390
-0.375016
-0.375329
-0.375095
-0.375642
-0.375721
-0.375955
-0.376425
-0.376582
-0.376973
-0.377208
-0.377521
-0.377677
-0.377912
-0.378069
-0.378460
-0.378538
-0.378930
-0.379243
-0.379321
-0.379556
-0.380182
-0.380339
-0.380495
-0.381043
-0.381278
-0.381356
-0.381669
-0.382139
-0.381826
-0.382452
-0.382452
-0.382687
-0.383235
-0.383313
-0.383626
-0.383861
-0.384017
-0.384252
-0.384487
-0.384800
-0.384878
-0.385348
-0.385426
-0.385504
-0.385896
-0.386052
-0.386131
-0.386835
-0.386835
-0.387148
-0.387774
-0.387774
-0.387931
-0.388322
-0.388557
-0.388948
-0.389183
-0.389261
-0.389653
-0.389731
-0.389966
-0.390670
-0.390827
-0.391218
-0.391375
-0.391453
-0.391923
-0.391923
-0.392236
-0.392862
-0.393097
-0.392940
-0.393331
-0.393488
-0.393723
-0.393801
-0.394349
-0.394584
-0.394818
-0.395053
-0.395053
-0.395523
-0.395601
-0.395836
-0.396149
-0.396775
-0.396854
-0.396932
-0.397480
-0.397714
-0.397714
-0.397949
-0.398341
-0.398419
-0.398889
-0.399202
-0.399358
-0.399671
-0.400141
-0.400376
-0.400532
-0.400924
-0.401393
-0.401393
-0.401785
-0.401863
-0.402411
-0.402489
-0.402724
-0.403350
-0.403115
-0.403585
-0.403820
-0.403976
-0.404367
-0.404211
-0.404759
-0.404915
-0.404915
-0.405541
-0.405698
-0.405855
-0.406324
-0.406246
-0.406716
-0.407107
-0.407263
-0.407420
-0.407655
-0.407968
-0.408203
-0.408359
-0.408907
-0.409220
-0.409455
-0.409768
-0.409846
-0.410081
-0.410551
-0.410942
-0.410942
-0.411177
-0.411568
-0.411881
-0.412116
-0.412664
-0.412821
-0.413290
-0.413212
-0.413603
-0.413682
-0.414073
-0.414073
-0.414699
-0.414856
-0.414934
-0.415090
-0.415560
-0.416030
-0.415951
-0.416421
-0.416891
-0.417125
-0.417204
-0.417517
-0.417830
-0.418221
-0.418534
-0.418613
-0.418847
-0.419160
-0.419552
-0.419473
-0.420100
-0.420256
-0.420413
-0.420882
-0.420726
-0.421039
-0.421274
-0.421665
-0.422056
-0.422291
-0.422761
-0.422839
-0.423152
-0.423544
-0.423700
-0.424013
-0.424248
-0.424561
-0.424874
-0.425187
-0.425344
-0.425813
-0.425970
-0.426439
-0.426674
-0.426753
-0.426831
-0.427379
-0.427379
-0.427770
-0.428005
-0.428318
-0.428475
-0.428631
-0.429257
-0.429257
-0.429492
-0.429883
-0.430353
-0.430431
-0.430823
-0.431136
-0.431449
-0.431527
-0.431918
-0.431997
-0.432701
-0.432858
-0.432936
-0.433327
-0.433640
-0.433640
-0.434188
-0.434423
-0.434423
-0.434893
-0.435127
-0.435910
-0.436145
-0.436067
-0.436536
-0.436771
-0.436849
-0.437241
-0.437554
-0.437710
-0.437867
-0.438337
-0.438493
-0.438806
-0.438884
-0.439511
-0.439667
-0.440137
-0.440606
-0.440841
-0.441154
-0.441389
-0.442015
-0.442250
-0.442641
-0.443033
-0.443424
-0.443346
-0.443581
-0.443815
-0.444285
-0.444285
-0.444755
-0.444989
-0.445146
-0.445929
-0.446007
-0.446242
-0.446477
-0.446868
-0.447259
-0.447494
-0.447494
-0.447885
-0.448355
-0.448277
-0.448512
-0.449059
-0.448981
-0.449607
-0.450077
-0.449920
-0.450547
-0.451016
-0.451329
-0.451329
-0.451799
-0.451877
-0.452034
-0.452503
-0.452738
-0.453208
-0.453443
-0.453756
-0.453912
-0.454695
-0.454773
-0.454695
-0.455243
-0.455634
-0.456104
-0.455947
-0.456495
-0.456886
-0.456886
-0.457669
-0.457747
-0.458217
-0.458217
-0.458608
-0.458921
-0.459156
-0.459626
-0.459782
-0.460017
-0.460330
-0.460330
-0.460878
-0.461348
-0.461583
-0.462052
-0.462209
-0.462522
-0.462757
-0.463070
-0.463070
-0.463539
-0.463931
-0.464087
-0.464244
-0.464479
-0.465105
-0.465105
-0.465340
-0.465809
-0.466044
-0.466357
-0.466201
-0.466670
-0.467062
-0.467296
-0.467688
-0.467766
-0.468079
-0.468549
-0.468862
-0.468940
-0.469175
-0.469488
-0.469957
-0.470505
-0.470505
-0.470897
-0.471445
-0.471679
-0.471914
-0.472227
-0.472540
-0.472619
-0.472697
-0.473167
-0.473558
-0.473793
-0.474106
-0.474262
-0.474810
-0.475123
-0.475123
-0.475280
-0.475749
-0.475984
-0.476063
-0.476767
-0.477080
-0.477158
-0.477237
-0.477706
-0.477863
-0.478332
-0.478332
-0.478724
-0.478959
-0.479115
-0.479115
-0.479663
-0.480133
-0.480446
-0.480446
-0.480680
-0.481228
-0.481620
-0.481698
-0.482089
-0.482481
-0.482794
-0.483263
-0.483420
-0.483576
-0.483576
-0.484281
-0.484437
-0.484437
-0.484829
-0.485298
-0.485690
-0.485925
-0.486081
-0.486394
-0.487020
-0.487255
-0.487412
-0.487568
-0.487960
-0.488273
-0.488586
-0.489212
-0.489525
-0.489525
-0.489760
-0.489916
-0.490464
-0.490699
-0.490856
-0.491247
-0.491560
-0.491717
-0.491873
-0.492108
-0.492656
-0.492656
-0.492969
-0.493204
-0.493830
-0.493830
-0.494143
-0.494691
-0.494769
-0.494847
-0.495395
-0.495552
-0.495787
-0.496256
-0.496334
-0.496882
-0.497195
-0.497587
-0.497822
-0.497900
-0.498291
-0.498604
-0.498761
-0.498839
-0.499230
-0.499543
-0.499700
-0.500013
-0.500404
-0.500796
-0.501109
-0.501422
-0.501578
-0.502126
-0.502283
-0.502596
-0.502596
-0.503144
-0.503222
-0.503614
-0.503770
-0.504161
-0.504631
-0.504788
-0.505570
-0.505492
-0.505570
-0.505883
-0.506353
-0.506588
-0.506666
-0.507057
-0.507370
-0.507449
-0.507997
-0.508388
-0.508388
-0.508545
-0.509405
-0.509014
-0.509484
-0.509640
-0.509953
-0.510501
-0.510893
-0.510971
-0.511362
-0.511910
-0.512380
-0.512615
-0.512771
-0.513006
-0.513162
-0.513632
-0.514023
-0.514180
-0.514336
-0.514650
-0.515119
-0.515354
-0.515589
-0.515667
-0.516371
-0.516137
-0.516606
-0.517076
-0.517389
-0.517467
-0.517780
-0.517937
-0.518093
-0.518798
-0.519189
-0.519189
-0.519424
-0.519659
-0.520207
-0.520363
-0.521068
-0.521224
-0.521146
-0.521616
-0.521929
-0.522555
-0.522946
-0.522946
-0.523337
-0.523651
-0.523572
-0.524355
-0.524512
-0.524903
-0.524903
-0.525138
-0.525529
-0.525842
-0.526077
-0.526625
-0.526781
-0.527173
-0.527329
-0.527564
-0.528034
-0.528112
-0.528347
-0.528973
-0.528973
-0.529364
-0.529912
-0.530225
-0.530304
-0.530617
-0.530930
-0.531556
-0.531556
-0.531712
-0.532182
-0.532339
-0.532886
-0.532808
-0.533434
-0.533669
-0.533513
-0.534217
-0.534530
-0.534687
-0.534843
-0.535391
-0.535548
-0.535704
-0.536252
-0.536017
-0.536409
-0.536722
-0.537113
-0.537583
-0.538052
-0.538052
-0.538209
-0.538678
-0.539148
-0.539305
-0.539383
-0.539852
-0.540400
-0.540635
-0.540870
-0.541574
-0.541887
-0.541966
-0.542279
-0.542827
-0.542748
-0.543218
-0.543296
-0.543688
-0.543922
-0.544236
-0.544627
-0.544940
-0.545253
-0.545488
-0.545801
-0.546192
-0.546349
-0.546584
-0.546818
-0.547053
-0.547210
-0.547601
-0.547836
-0.548227
-0.548697
-0.548697
-0.549010
-0.549401
-0.549714
-0.550106
-0.550732
-0.550419
-0.550888
-0.551123
-0.551671
-0.551593
-0.551906
-0.552454
-0.552689
-0.553315
-0.553315
-0.553706
-0.553784
-0.553863
-0.554019
-0.554802
-0.554880
-0.555115
-0.555741
-0.555741
-0.556133
-0.556680
-0.556680
-0.556994
-0.557541
-0.557463
-0.558011
-0.558559
-0.558481
-0.558794
-0.558872
-0.559420
-0.559733
-0.560124
-0.560203
-0.560907
-0.561455
-0.561377
-0.562081
-0.562394
-0.562551
-0.562707
-0.563177
-0.563490
-0.564038
-0.564116
-0.564194
-0.564586
-0.564899
-0.565055
-0.565290
-0.565603
-0.565916
-0.566386
-0.566308
-0.566777
-0.567012
-0.567403
-0.567482
-0.567795
-0.568264
-0.568343
-0.568734
-0.569047
-0.569438
-0.569751
-0.570143
-0.570378
-0.570534
-0.570926
-0.571160
-0.571708
-0.571865
-0.572334
-0.572647
-0.572647
-0.573117
-0.573352
-0.573195
-0.573430
-0.573743
-0.574213
-0.574448
-0.574917
-0.575152
-0.575622
-0.575857
-0.576013
-0.576248
-0.576483
-0.576874
-0.577031
-0.577344
-0.577657
-0.578205
-0.578596
-0.578596
-0.578831
-0.579535
-0.579692
-0.579692
-0.580474
-0.580318
-0.581101
-0.581022
-0.581179
-0.581414
-0.581727
-0.582196
-0.582666
-0.582823
-0.583214
-0.583527
-0.583762
-0.583840
-0.584231
-0.584544
-0.584858
-0.585092
-0.585249
-0.585562
-0.585953
-0.586345
-0.586501
-0.586579
-0.586893
-0.587362
-0.587206
-0.587988
-0.588067
-0.588380
-0.588615
-0.588849
-0.589162
-0.589710
-0.589475
-0.590102
-0.590493
-0.590806
-0.590884
-0.591119
-0.591510
-0.591824
-0.592215
-0.592371
-0.592528
-0.592763
-0.593076
-0.593546
-0.593780
-0.594093
-0.594328
-0.594641
-0.595111
-0.595346
-0.595581
-0.595815
-0.596207
-0.596207
-0.596833
-0.596989
-0.597224
-0.597616
-0.597850
-0.598476
-0.598398
-0.598946
-0.598946
-0.599024
-0.599572
-0.599885
-0.600120
-0.600668
-0.601451
-0.601529
-0.601764
-0.601999
-0.602468
-0.602860
-0.602938
-0.602938
-0.603486
-0.603642
-0.603955
-0.604582
-0.604816
-0.604660
-0.605208
-0.605443
-0.605756
-0.606147
-0.606225
-0.606617
-0.606538
-0.607008
-0.607243
-0.607712
-0.607947
-0.608260
-0.608730
-0.609199
-0.609591
-0.609826
-0.609982
-0.610060
-0.610295
-0.610843
-0.611156
-0.611313
-0.611626
-0.612095
-0.612095
-0.612565
-0.612956
-0.613269
-0.613348
-0.613739
-0.614052
-0.614287
-0.614444
-0.614678
-0.614991
-0.615539
-0.616009
-0.615931
-0.616400
-0.616557
-0.616557
-0.616948
-0.617183
-0.617731
-0.617966
-0.617887
-0.618122
-0.618827
-0.619061
-0.619140
-0.619453
-0.619922
-0.620001
-0.620549
-0.620940
-0.621175
-0.621644
-0.621644
-0.622192
-0.622662
-0.623053
-0.623131
-0.623445
-0.623601
-0.623836
-0.624149
-0.624462
-0.624697
-0.625323
-0.625558
-0.626027
-0.626184
-0.626184
-0.626341
-0.626810
-0.627202
-0.627436
-0.627749
-0.628141
-0.628376
-0.628689
-0.628923
-0.629393
-0.629863
-0.629863
-0.630489
-0.630332
-0.630880
-0.631115
-0.631350
-0.631819
-0.632133
-0.632133
-0.632602
-0.633072
-0.633228
-0.633698
-0.633620
-0.633776
-0.634011
-0.634559
-0.634950
-0.635185
-0.635889
-0.635968
-0.636437
-0.636437
-0.636672
-0.637377
-0.637377
-0.637924
-0.638003
-0.638238
-0.638785
-0.638864
-0.639099
-0.639412
-0.639646
-0.639959
-0.640429
-0.640507
-0.640664
-0.641134
-0.641681
-0.642229
-0.642386
-0.642464
-0.643012
-0.643169
-0.643482
-0.643873
-0.644030
-0.644030
-0.644421
-0.644969
-0.645282
-0.645517
-0.645751
-0.646065
-0.646378
-0.646769
-0.646691
-0.647082
-0.647552
-0.647943
-0.648413
-0.648726
-0.648882
-0.649039
-0.649430
-0.649743
-0.649821
-0.649978
-0.650604
-0.650604
-0.651152
-0.651152
-0.651778
-0.651778
-0.652248
-0.652796
-0.652796
-0.652952
-0.653422
