-0.535861
-0.536330
-0.536643
-0.536956
-0.537426
-0.537504
-0.537817
-0.537817
-0.538209
-0.538678
-0.539148
-0.539383
-0.539539
-0.539852
-0.540400
-0.540400
-0.541026
-0.541261
-0.541418
-0.541887
-0.542201
-0.542201
-0.542670
-0.542905
-0.543296
-0.543688
-0.543766
-0.544079
-0.544549
-0.544549
-0.545018
-0.545097
-0.545410
-0.545801
-0.545957
-0.546427
-0.546584
-0.546740
-0.547053
-0.547366
-0.547758
-0.547992
-0.548227
-0.548540
-0.548697
-0.549088
-0.549245
-0.549558
-0.549871
-0.550184
-0.550262
-0.550497
-0.550732
-0.551358
-0.551593
-0.551828
-0.552297
-0.552532
-0.552532
-0.553158
-0.553315
-0.553784
-0.554019
-0.554254
-0.554724
-0.554958
-0.555272
-0.555350
-0.555663
-0.556211
-0.556133
-0.556602
-0.556759
-0.556837
-0.557385
-0.557933
-0.557698
-0.558324
-0.558402
-0.559029
-0.559107
-0.559655
-0.559811
-0.559968
-0.560124
-0.560750
-0.560985
-0.561298
-0.561846
-0.561846
-0.562472
-0.562785
-0.563020
-0.563255
-0.563646
-0.563803
-0.563725
-0.564273
-0.564429
-0.564899
-0.565134
-0.565212
-0.565525
-0.566151
-0.566073
-0.566464
-0.566699
-0.567325
-0.567638
-0.567873
-0.568499
-0.568734
-0.568499
-0.568734
-0.569360
-0.569360
-0.569830
-0.570065
-0.570456
-0.570769
-0.571160
-0.571395
-0.571787
-0.571943
-0.572178
-0.572726
-0.572726
-0.573039
-0.573587
-0.573900
-0.574213
-0.574448
-0.574917
-0.575074
-0.575074
-0.575622
-0.575935
-0.576091
-0.576404
-0.576639
-0.577109
-0.577187
-0.577500
-0.577970
-0.578048
-0.578753
-0.578674
-0.579066
-0.579300
-0.579457
-0.579770
-0.580005
-0.580474
-0.580553
-0.581022
-0.581492
-0.581727
-0.581805
-0.582353
-0.582744
-0.582901
-0.583214
-0.583370
-0.583762
-0.584388
-0.584623
-0.584701
-0.584936
-0.585171
-0.585640
-0.585797
-0.586345
-0.586579
-0.586658
-0.587049
-0.587440
-0.587675
-0.587910
-0.588380
-0.588771
-0.588928
-0.589319
-0.589475
-0.589710
-0.590336
-0.590493
-0.590571
-0.590963
-0.591354
-0.591432
-0.591824
-0.592058
-0.592450
-0.592606
-0.592998
-0.593389
-0.593780
-0.594485
-0.594641
-0.594720
-0.595111
-0.595346
-0.595737
-0.596128
-0.596363
-0.596833
-0.596833
-0.597381
-0.597537
-0.598085
-0.598320
-0.598555
-0.598946
-0.598946
-0.599259
-0.599807
-0.600355
-0.600512
-0.600590
-0.600903
-0.601451
-0.601764
-0.602233
-0.602625
-0.602781
-0.603016
-0.603564
-0.603721
-0.603955
-0.604034
-0.604582
-0.604660
-0.605129
-0.605129
-0.605443
-0.606069
-0.605834
-0.605990
-0.606303
-0.607478
-0.607243
-0.607556
-0.607947
-0.608495
-0.608652
-0.608808
-0.609121
-0.609121
-0.609591
-0.609826
-0.610217
-0.610452
-0.610843
-0.611313
-0.611548
-0.611548
-0.612095
-0.612565
-0.612409
-0.612878
-0.613191
-0.613426
-0.613974
-0.614130
-0.614444
-0.614991
-0.615383
-0.615461
-0.615305
-0.615774
-0.616087
-0.616635
-0.616713
-0.616948
-0.617418
-0.617496
-0.617574
-0.617966
-0.618357
-0.618514
-0.619061
-0.619218
-0.619453
-0.619453
-0.620157
-0.620470
-0.620470
-0.621096
-0.621175
-0.621253
-0.621879
-0.622584
-0.622662
-0.622740
-0.623210
-0.623523
-0.623758
-0.623758
-0.624227
-0.624619
-0.624853
-0.625323
-0.625480
-0.625714
-0.626184
-0.626575
-0.626732
-0.627045
-0.627280
-0.627358
-0.627749
-0.627749
-0.628219
-0.628610
-0.628767
-0.629158
-0.629550
-0.629628
-0.630019
-0.630097
-0.630645
-0.631037
-0.631115
-0.631272
-0.631663
-0.632133
-0.632289
-0.632993
-0.633072
-0.633228
-0.633620
-0.633933
-0.634246
-0.634324
-0.634637
-0.635028
-0.635107
-0.635498
-0.635733
-0.635811
-0.636203
-0.636907
-0.636985
-0.637064
-0.637298
-0.637924
-0.638394
-0.638081
-0.638629
-0.638629
-0.639412
-0.639412
-0.639568
-0.639646
-0.640429
-0.640742
-0.641055
-0.641368
-0.641838
-0.642151
-0.641916
-0.642386
-0.642855
-0.642934
-0.643325
-0.643090
-0.644108
-0.643951
-0.644264
-0.644734
-0.645125
-0.645360
-0.645751
-0.645908
-0.646221
-0.646378
-0.646612
-0.647082
-0.647317
-0.647473
-0.647786
-0.648100
-0.648569
-0.648726
-0.649195
-0.649743
-0.649587
-0.650213
-0.650213
-0.650526
-0.650526
-0.650761
-0.651465
-0.651700
-0.652170
-0.652561
-0.652639
-0.653031
-0.653344
-0.653500
-0.653813
-0.654126
-0.654518
-0.654439
-0.654987
-0.655457
-0.655300
-0.656240
-0.656005
-0.656553
-0.657257
-0.657257
-0.657492
-0.657570
-0.657962
-0.658196
-0.658118
-0.658431
-0.658666
-0.659057
-0.659214
-0.659370
-0.659449
-0.659683
-0.659449
-0.659370
-0.659214
-0.659370
-0.659292
-0.659136
-0.658979
-0.658901
-0.658666
-0.658431
-0.658509
-0.657962
-0.657648
-0.657883
-0.657727
-0.657492
-0.657101
-0.656787
-0.656631
-0.656474
-0.656240
-0.656005
-0.655535
-0.654909
-0.654909
-0.654361
-0.654361
-0.654126
-0.653657
-0.653344
-0.653031
-0.652717
-0.652326
-0.652091
-0.651778
-0.651465
-0.651230
-0.650526
-0.650761
-0.650448
-0.650056
-0.649352
-0.649274
-0.648882
-0.648647
-0.648334
-0.648100
-0.647630
-0.647395
-0.646926
-0.646926
-0.646299
-0.646065
-0.645751
-0.645438
-0.645204
-0.644656
-0.644499
-0.644186
-0.643873
-0.643638
-0.643169
-0.643090
-0.642621
-0.642151
-0.641760
-0.641603
-0.641447
-0.641134
-0.640742
-0.640194
-0.639568
-0.639255
-0.639177
-0.638942
-0.638472
-0.638238
-0.637768
-0.637611
-0.636907
-0.636907
-0.636672
-0.636203
-0.635655
-0.635185
-0.635028
-0.634559
-0.634168
-0.634089
-0.633620
-0.633307
-0.633150
-0.632680
-0.632367
-0.631898
-0.631585
-0.631193
-0.631193
-0.630880
-0.630489
-0.630411
-0.629941
-0.629550
-0.628845
-0.628845
-0.628454
-0.628141
-0.628141
-0.627749
-0.627280
-0.626967
-0.626575
-0.626184
-0.625793
-0.625558
-0.625245
-0.624775
-0.624619
-0.624071
-0.623758
-0.623445
-0.623445
-0.622975
-0.622427
-0.622036
-0.621801
-0.621253
-0.621175
-0.620705
-0.620549
-0.620079
-0.619844
-0.619453
-0.618983
-0.618748
-0.618435
-0.618044
-0.617809
-0.617340
-0.617183
-0.616792
-0.616557
-0.616244
-0.615852
-0.615539
-0.615226
-0.614835
-0.614600
-0.613974
-0.614052
-0.613426
-0.613269
-0.612878
-0.612487
-0.612252
-0.611782
-0.611626
-0.610921
-0.610843
-0.610452
-0.610060
-0.609669
-0.609513
-0.609278
-0.608808
-0.608338
-0.608104
-0.607791
-0.607791
-0.607399
-0.606930
-0.606773
-0.606147
-0.605677
-0.605443
-0.605364
-0.604816
-0.604425
-0.604347
-0.603721
-0.603721
-0.603799
-0.602860
-0.602547
-0.602233
-0.601764
-0.601294
-0.601216
-0.600746
-0.600198
-0.599964
-0.599572
-0.599416
-0.598633
-0.598633
-0.598320
-0.597850
-0.597537
-0.597381
-0.596989
-0.596520
-0.596207
-0.595972
-0.595502
-0.595189
-0.594798
-0.594485
-0.594172
-0.594015
-0.593467
-0.593311
-0.592998
-0.592450
-0.592215
-0.591902
-0.591354
-0.591197
-0.590571
-0.590258
-0.590258
-0.589789
-0.589319
-0.589241
-0.588928
-0.589006
-0.588145
-0.587832
-0.587754
-0.587127
-0.586971
-0.586579
-0.586345
-0.585953
-0.585327
-0.585405
-0.584779
-0.584779
-0.584466
-0.583840
-0.583918
-0.583527
-0.583057
-0.582979
-0.582118
-0.581727
-0.581335
-0.581022
-0.581179
-0.580553
-0.579927
-0.579692
-0.579613
-0.579222
-0.579066
-0.578909
-0.578518
-0.577970
-0.577735
-0.577578
-0.577109
-0.576796
-0.576717
-0.576326
-0.575778
-0.575465
-0.575387
-0.575074
-0.574604
-0.574213
-0.573978
-0.573665
-0.573430
-0.572804
-0.572569
-0.572413
-0.572413
-0.571943
-0.571082
-0.570769
-0.570612
-0.570065
-0.569908
-0.569673
-0.569282
-0.568499
-0.568734
-0.568030
-0.567638
-0.567638
-0.567012
-0.566934
-0.566308
-0.566464
-0.565916
-0.565447
-0.565290
-0.564820
-0.564586
-0.564429
-0.564038
-0.563881
-0.563333
-0.563177
-0.562707
-0.562316
-0.561768
-0.561690
-0.561533
-0.560985
-0.560672
-0.560437
-0.559889
-0.559576
-0.559185
-0.558872
-0.558481
-0.557854
-0.557854
-0.557307
-0.556994
-0.556994
-0.556680
-0.556289
-0.555898
-0.555585
-0.555350
-0.555037
-0.554802
-0.554176
-0.553941
-0.553158
-0.553080
-0.553158
-0.552845
-0.552297
-0.551906
-0.551906
-0.551123
-0.550888
-0.550497
-0.550106
-0.549949
-0.549714
-0.549401
-0.549167
-0.548384
-0.548306
-0.547914
-0.547679
-0.547288
-0.546818
-0.546662
-0.546740
-0.546271
-0.545488
-0.545566
-0.545018
-0.544627
-0.544392
-0.544314
-0.543766
-0.543453
-0.543296
-0.542748
-0.542357
-0.542122
-0.541887
-0.541418
-0.541183
-0.540792
-0.540400
-0.540087
-0.539931
-0.539539
-0.538991
-0.538678
-0.538365
-0.537974
-0.537896
-0.537270
-0.537113
-0.536643
-0.536252
-0.536095
-0.535704
-0.535548
-0.534921
-0.534765
-0.534374
-0.534217
-0.533669
-0.533356
-0.532965
-0.532965
-0.532417
-0.531869
-0.531947
-0.531399
-0.531164
-0.530695
-0.530304
-0.529834
-0.529443
-0.529051
-0.528973
-0.528738
-0.528112
-0.527955
-0.527799
-0.527486
-0.527016
-0.526625
-0.526390
-0.525842
-0.525842
-0.525607
-0.524903
-0.524668
-0.524512
-0.524355
-0.523572
-0.523494
-0.523103
-0.522633
-0.522320
-0.522163
-0.521694
-0.521068
-0.521146
-0.520520
-0.519894
-0.519659
-0.519346
-0.518641
-0.518641
-0.518328
-0.517859
-0.517546
-0.517311
-0.517232
-0.516606
-0.516215
-0.516058
-0.515745
-0.515276
-0.515119
-0.515197
-0.514571
-0.514571
-0.513945
-0.513476
-0.513319
-0.512615
-0.512771
-0.512223
-0.511910
-0.511597
-0.511440
-0.510736
-0.510658
-0.510580
-0.510188
-0.509797
-0.509327
-0.509171
-0.508701
-0.508231
-0.507918
-0.507449
-0.507136
-0.506901
-0.506979
-0.506196
-0.506040
-0.505649
-0.505492
-0.504944
-0.504631
-0.504083
-0.503457
-0.503457
-0.503300
-0.502987
-0.502674
-0.502048
-0.501813
-0.501657
-0.501187
-0.500952
-0.500404
-0.500248
-0.499857
-0.499778
-0.499387
-0.499074
-0.498761
-0.497978
-0.497900
-0.497743
-0.497274
-0.496804
-0.496726
-0.496178
-0.495787
-0.495708
-0.495473
-0.495160
-0.494769
-0.494378
-0.493830
-0.493673
-0.493438
-0.492969
-0.492734
-0.492108
-0.492186
-0.491795
-0.491873
-0.491325
-0.490777
-0.490542
-0.490699
-0.489995
-0.489681
-0.489447
-0.488899
-0.488586
-0.488429
-0.487803
-0.487725
-0.487490
-0.486942
-0.486707
-0.486707
-0.486238
-0.485768
-0.485533
-0.485142
-0.484829
-0.484594
-0.484046
-0.483811
-0.483420
-0.483185
-0.482872
-0.482559
-0.482324
-0.481776
-0.481698
-0.480602
-0.480680
-0.480367
-0.480054
-0.479272
-0.478959
-0.478802
-0.478567
-0.478332
-0.478176
-0.477550
-0.477237
-0.477080
-0.476689
-0.476454
-0.476141
-0.475906
-0.475593
-0.475280
-0.474732
-0.474262
-0.474106
-0.473949
-0.473636
-0.473401
-0.472932
-0.472932
-0.472384
-0.472227
-0.471679
-0.471366
-0.470975
-0.470818
-0.470114
-0.469957
-0.469644
-0.469488
-0.469488
-0.469018
-0.468940
-0.468392
-0.468236
-0.467688
-0.467375
-0.467140
-0.466905
-0.466592
-0.466201
-0.465966
-0.465966
-0.465653
-0.464792
-0.464400
-0.464244
-0.464479
-0.463852
-0.463461
-0.463070
-0.462678
-0.462209
-0.461896
-0.461974
-0.461504
-0.461191
-0.460722
-0.460487
-0.459861
-0.459782
-0.459548
-0.459391
-0.459000
-0.458687
-0.458452
-0.457982
-0.457747
-0.457434
-0.457121
-0.456886
-0.456339
-0.456182
-0.456104
-0.455791
-0.455165
-0.454695
-0.454460
-0.454225
-0.453756
-0.453521
-0.453443
-0.452895
-0.452738
-0.452269
-0.452269
-0.451642
-0.451642
-0.451251
-0.450860
-0.450312
-0.450077
-0.449686
-0.449373
-0.448981
-0.448825
-0.448433
-0.448512
-0.448277
-0.447807
-0.447416
-0.446946
-0.447024
-0.446711
-0.446320
-0.446163
-0.445694
-0.445381
-0.445068
-0.444989
-0.444755
-0.444285
-0.443894
-0.443737
-0.443581
-0.443033
-0.442641
-0.442641
-0.442172
-0.441780
-0.441389
-0.440841
-0.440606
-0.440137
-0.439667
-0.439432
-0.438650
-0.438650
-0.438571
-0.437867
-0.437554
-0.437476
-0.437162
-0.436849
-0.436849
-0.436301
-0.435832
-0.435675
-0.435362
-0.435049
-0.434893
-0.434345
-0.434110
-0.433797
-0.433484
-0.433014
-0.432701
-0.432388
-0.431918
-0.431605
-0.431527
-0.431136
-0.430979
-0.430588
-0.430196
-0.430118
-0.429570
-0.428944
-0.429179
-0.428788
-0.428475
-0.428161
-0.427535
-0.427144
-0.426987
-0.426909
-0.426518
-0.426126
-0.425970
-0.425344
-0.425109
-0.424718
-0.424248
-0.424248
-0.423857
-0.423778
-0.423152
-0.422917
-0.422604
-0.422448
-0.422135
-0.421822
-0.421587
-0.421195
-0.421117
-0.420726
-0.420100
-0.420021
-0.419395
-0.418847
-0.418613
-0.418143
-0.417595
-0.417595
-0.417673
-0.417125
-0.416577
-0.416421
-0.416186
-0.415951
-0.415638
-0.415090
-0.414699
-0.414464
-0.414464
-0.413995
-0.413603
-0.413290
-0.412977
-0.412742
-0.412507
-0.412273
-0.411490
-0.411568
-0.411255
-0.410629
-0.410394
-0.410003
-0.409611
-0.409298
-0.408907
-0.408672
-0.408281
-0.408203
-0.407890
-0.407576
-0.407576
-0.406950
-0.406637
-0.406089
-0.405698
-0.405541
-0.405385
-0.405150
-0.404837
-0.404680
-0.404289
-0.403663
-0.403585
-0.403350
-0.403037
-0.402567
-0.402098
-0.401785
-0.401237
-0.401393
-0.400924
-0.400610
-0.400297
-0.399828
-0.399593
-0.399045
-0.398732
-0.398654
-0.398106
-0.397636
-0.397636
-0.397401
-0.397167
-0.396619
-0.396619
-0.396384
-0.395914
-0.395679
-0.395366
-0.394897
-0.394662
-0.394271
-0.393879
-0.393723
-0.393331
-0.392940
-0.392705
-0.392549
-0.392314
-0.392157
-0.391531
-0.391688
-0.391140
-0.390514
-0.390514
-0.390122
-0.389574
-0.389340
-0.389105
-0.388713
-0.388166
-0.388009
-0.387696
-0.387305
-0.387148
-0.387070
-0.386522
-0.386444
-0.385817
-0.385191
-0.385113
-0.384722
-0.384643
-0.384252
-0.383782
-0.383469
-0.383469
-0.383078
-0.382687
-0.382295
-0.382139
-0.381669
-0.381591
-0.381200
-0.380730
-0.380417
-0.380182
-0.379869
-0.379634
-0.379321
-0.379008
-0.378617
-0.378304
-0.377834
-0.377834
-0.377286
-0.377208
-0.376816
-0.376425
-0.376269
-0.376269
-0.375564
-0.375251
-0.375486
-0.374860
-0.374312
-0.373999
-0.373607
-0.373607
-0.373294
-0.373138
-0.372512
-0.372120
-0.372042
-0.371885
-0.371259
-0.371024
-0.370477
-0.370398
-0.369929
-0.369537
-0.369146
-0.369068
-0.368676
-0.368363
-0.368285
-0.367894
-0.367737
-0.367424
-0.367111
-0.366798
-0.366563
-0.366093
-0.365624
-0.365546
-0.365233
-0.364841
-0.364528
-0.363824
-0.364058
-0.363432
-0.363276
-0.363119
-0.362415
-0.362493
-0.362023
-0.361554
-0.361241
-0.361162
-0.360615
-0.360145
-0.359832
-0.359754
-0.359441
-0.358814
-0.358580
-0.358580
-0.358110
-0.357640
-0.357562
-0.357249
-0.356779
-0.356701
-0.356388
-0.356075
-0.355684
-0.355449
-0.355371
-0.354901
-0.354510
-0.354431
-0.354275
-0.353883
-0.353570
-0.353179
-0.352788
-0.352788
-0.352318
-0.352083
-0.351535
-0.351457
-0.351222
-0.350753
-0.350205
-0.349970
-0.349970
-0.349265
-0.349422
-0.348718
-0.348561
-0.348483
-0.347935
-0.347935
-0.347387
-0.347230
-0.346839
-0.346448
-0.346135
-0.345900
-0.345430
-0.345430
-0.345274
-0.344961
-0.344491
-0.343943
-0.344178
-0.343552
-0.343395
-0.343082
-0.342926
-0.342691
-0.342143
-0.342065
-0.341986
-0.341673
-0.341204
-0.341204
-0.340812
-0.340421
-0.340030
-0.339560
-0.339482
-0.339247
-0.338777
-0.338621
-0.338621
-0.338229
-0.337760
-0.337525
-0.337368
-0.336821
-0.336508
-0.336508
-0.335960
-0.335881
-0.335647
-0.335099
-0.334864
-0.334786
-0.334394
-0.334316
-0.333925
-0.333846
-0.333298
-0.332516
-0.332751
-0.332594
-0.332359
-0.331811
-0.331890
-0.331498
-0.330872
-0.330637
-0.330559
-0.330246
-0.329698
-0.329698
-0.329228
-0.329072
-0.328524
-0.328446
-0.328054
-0.327898
-0.327272
-0.327506
-0.327037
-0.326646
-0.326332
-0.325941
-0.325941
-0.325628
-0.325158
-0.325158
-0.324689
-0.324532
-0.324297
-0.323906
-0.323515
-0.323436
-0.322889
-0.322967
-0.322654
-0.322654
-0.322028
-0.321558
-0.321323
-0.320462
-0.320306
-0.320149
-0.319914
-0.319445
-0.319366
-0.318975
-0.318584
-0.318036
-0.318192
-0.317253
-0.317253
-0.316862
-0.317018
-0.316549
-0.316157
-0.316001
-0.315609
-0.315453
-0.315062
-0.314905
-0.314592
-0.314435
-0.314279
-0.314044
-0.313574
-0.313574
-0.313027
-0.312635
-0.312635
-0.312400
-0.312009
-0.311853
-0.311383
-0.311461
-0.310757
-0.310678
-0.310365
-0.309974
-0.309661
-0.309113
-0.308957
-0.308487
-0.308409
-0.308409
-0.308330
-0.307704
-0.307626
-0.307313
-0.307078
-0.306765
-0.306374
-0.306608
-0.305904
-0.305747
-0.305434
-0.304965
-0.304808
-0.304417
-0.304026
-0.303947
-0.303399
-0.303321
-0.303243
-0.302851
-0.302695
-0.301991
-0.302069
-0.301599
-0.301364
-0.301208
-0.300973
-0.300425
-0.300425
-0.300034
-0.299877
-0.299329
-0.298781
-0.298547
-0.298860
-0.298468
-0.297842
-0.297529
-0.297607
-0.297373
-0.297138
-0.296746
-0.296355
-0.296199
-0.296042
-0.295651
-0.295416
-0.295338
-0.294868
-0.294711
-0.294398
-0.294085
-0.293694
-0.293537
-0.293381
-0.292755
-0.292520
-0.292207
-0.291972
-0.291502
-0.291502
-0.291189
-0.291189
-0.290798
-0.290563
-0.290094
-0.289624
-0.289467
-0.289311
-0.288998
-0.288528
-0.288450
-0.288137
-0.287902
-0.287589
-0.287432
-0.287198
-0.287119
-0.286415
-0.286571
-0.286023
-0.285632
-0.285397
-0.285163
-0.284849
-0.284849
-0.284458
-0.284302
-0.283832
-0.283754
-0.283362
-0.283049
-0.282501
-0.282267
-0.281953
-0.281640
-0.281484
-0.281171
-0.280858
-0.280701
-0.280310
-0.280153
-0.279762
-0.279527
-0.278979
-0.278588
-0.278588
-0.278275
-0.277962
-0.277805
-0.277570
-0.277336
-0.277101
-0.276866
-0.276475
-0.276240
-0.275927
-0.275379
-0.275301
-0.274831
-0.274440
-0.274518
-0.274440
-0.274048
-0.273657
-0.273813
-0.273109
-0.272952
-0.272952
-0.272561
-0.272248
-0.272248
-0.271857
-0.271778
-0.271387
-0.271230
-0.271387
-0.270917
-0.270448
-0.270213
-0.269900
-0.269665
-0.269117
-0.268961
-0.268726
-0.268335
-0.268256
-0.268100
-0.267865
-0.267865
-0.267474
-0.267082
-0.266691
-0.266456
-0.266065
-0.266143
-0.266143
-0.265517
-0.265204
-0.265125
-0.265047
-0.264734
-0.264499
-0.264030
-0.263717
-0.263560
-0.263325
-0.263090
-0.262777
-0.262777
-0.262777
-0.262386
-0.261760
-0.261603
-0.261525
-0.261290
-0.260899
-0.260586
-0.260429
-0.260194
-0.259725
-0.259647
-0.259020
-0.259333
-0.258707
-0.258786
-0.258629
-0.258159
-0.257768
-0.257690
-0.257220
-0.257298
-0.256907
-0.256672
-0.256594
-0.256359
-0.256203
-0.256046
-0.255655
-0.255420
-0.254794
-0.254716
-0.254872
-0.254246
-0.253933
-0.253933
-0.253542
-0.253463
-0.253307
-0.253385
-0.252602
-0.252289
-0.252367
-0.252211
-0.251898
-0.251663
-0.251585
-0.251115
-0.251193
-0.250959
-0.250567
-0.250332
-0.250098
-0.250019
-0.249628
-0.249158
-0.248924
-0.248845
-0.248532
-0.248689
-0.248454
-0.247906
-0.247750
-0.247436
-0.247202
-0.247123
-0.246732
-0.246419
-0.246419
-0.246028
-0.246028
-0.245401
-0.245167
-0.245088
-0.244697
-0.244619
-0.244227
-0.244149
-0.243914
-0.243836
-0.243601
-0.243601
-0.243445
-0.243288
-0.242975
-0.242819
-0.242662
-0.242271
-0.242271
-0.241958
-0.241723
-0.241410
-0.241566
-0.241018
-0.240470
-0.240470
-0.239923
-0.239923
-0.239844
-0.239766
-0.239609
-0.239140
-0.238749
-0.238435
-0.238279
-0.238201
-0.237966
-0.237731
-0.237574
-0.237340
-0.236870
-0.237027
-0.236400
-0.236322
-0.235539
-0.235853
-0.235696
-0.235383
-0.235461
-0.235148
-0.234835
-0.234835
-0.234444
-0.234209
-0.234209
-0.233974
-0.233739
-0.233739
-0.233113
-0.233113
-0.232722
-0.232722
-0.232722
-0.232330
-0.232252
-0.231704
-0.231704
-0.231391
-0.231391
-0.231235
-0.230687
-0.230843
-0.230608
-0.230452
-0.230295
-0.229904
-0.229826
-0.229669
-0.229200
-0.229121
-0.228808
-0.228730
-0.228495
-0.228182
-0.228260
-0.228104
-0.227712
-0.227556
-0.227321
-0.227086
-0.226930
-0.226617
-0.226617
-0.226147
-0.226225
-0.226147
-0.225677
-0.225834
-0.225521
-0.225443
-0.224895
-0.224738
-0.224582
-0.224738
-0.224269
-0.223956
-0.223956
-0.223564
-0.223564
-0.223329
-0.223173
-0.223329
-0.222703
-0.222468
-0.222703
-0.222234
-0.222077
-0.221842
-0.221842
-0.221451
-0.221216
-0.220981
-0.221138
-0.220903
-0.220590
-0.220512
-0.220277
-0.220355
-0.220042
-0.219651
-0.219338
-0.219025
-0.219025
-0.218633
-0.218790
-0.218477
-0.218320
-0.218164
-0.218320
-0.218007
-0.218007
-0.217616
-0.217459
-0.217224
-0.217146
-0.217068
-0.216990
-0.216598
-0.216363
-0.216755
-0.216598
-0.216050
-0.215815
-0.215972
-0.215581
-0.215346
-0.215346
-0.214876
-0.214798
-0.214485
-0.214798
-0.214641
-0.214485
-0.214250
-0.213859
-0.213937
-0.213546
-0.213467
-0.213389
-0.213311
-0.213076
-0.212998
-0.213076
-0.212998
-0.212919
-0.212450
-0.212137
-0.212215
-0.211980
-0.211667
-0.211667
-0.211511
-0.211667
-0.211511
-0.211432
-0.211119
-0.211119
-0.210493
-0.210493
-0.210258
-0.210258
-0.210180
-0.209945
-0.209945
-0.209632
-0.209867
-0.209945
-0.209163
-0.209241
-0.208928
-0.208771
-0.208771
-0.208615
-0.208458
-0.208380
-0.208380
-0.208302
-0.208380
-0.208067
-0.207910
-0.207597
-0.207362
-0.207362
-0.207441
-0.207128
-0.207128
-0.207362
-0.207049
-0.206893
-0.207049
-0.206814
-0.206971
-0.206814
-0.206580
-0.206345
-0.206267
-0.206267
-0.206110
-0.205953
-0.205953
-0.205797
-0.205719
-0.205484
-0.205093
-0.205249
-0.204936
-0.205093
-0.205014
-0.204701
-0.204545
-0.204623
-0.204388
-0.204388
-0.204310
-0.204153
-0.204075
-0.203840
-0.203371
-0.203527
-0.203527
-0.203527
-0.203605
-0.203762
-0.203449
-0.203605
-0.203371
-0.203292
-0.203214
-0.202901
-0.202823
-0.202823
-0.202744
-0.202744
-0.202588
-0.202744
-0.202431
-0.202118
-0.202275
-0.202197
-0.202197
-0.201805
-0.201649
-0.201805
-0.201492
-0.201570
-0.202040
-0.201962
-0.201727
-0.201492
-0.201492
-0.201101
-0.201022
-0.201179
-0.201022
-0.200944
-0.200788
-0.201257
-0.201101
-0.200553
-0.200631
-0.200631
-0.200318
-0.200396
-0.200005
-0.200318
-0.200005
-0.199848
-0.200240
-0.200318
-0.200083
-0.200083
-0.200083
-0.199535
-0.199614
-0.199301
-0.199848
-0.199301
-0.199692
-0.199770
-0.199927
-0.199927
-0.199222
-0.199535
-0.198987
-0.198987
-0.199066
-0.199066
-0.198909
-0.199066
-0.198909
-0.199066
-0.199301
-0.199222
-0.198987
-0.198909
-0.198831
-0.198518
-0.198753
-0.198987
-0.198674
-0.198909
-0.198909
-0.199066
-0.198987
-0.199066
-0.198831
-0.198596
-0.198596
-0.198674
-0.198596
-0.198831
-0.198831
-0.198909
-0.199066
-0.199066
-0.198987
-0.199066
-0.198909
-0.198987
-0.198674
-0.198753
-0.199066
-0.198831
-0.198909
-0.198753
-0.199222
-0.198753
-0.198753
-0.198831
-0.198831
-0.198518
-0.198753
-0.198831
-0.199144
-0.198831
-0.198909
-0.198753
-0.198909
-0.198909
-0.198987
-0.198909
-0.198753
-0.199379
-0.199301
-0.199066
-0.199144
-0.198987
-0.199066
-0.199379
-0.199144
-0.199222
-0.198909
-0.198909
-0.199379
-0.199379
-0.199614
-0.199770
-0.199770
-0.199301
-0.199927
-0.199770
-0.199770
-0.199770
-0.199379
-0.199614
-0.199770
-0.199770
-0.199848
-0.199848
-0.199770
-0.200162
-0.200083
-0.200083
-0.200083
-0.200005
-0.199927
-0.199927
-0.200083
-0.200240
-0.200083
-0.200240
-0.200396
-0.200318
-0.200318
-0.200083
-0.200083
-0.200318
-0.201101
-0.200475
-0.200788
-0.200788
-0.200788
-0.200866
-0.201101
-0.200944
-0.200788
-0.200788
-0.201022
-0.201022
-0.201414
-0.201101
-0.201336
-0.201492
-0.201336
-0.201570
-0.201492
-0.201336
-0.201414
-0.202040
-0.202040
-0.202118
-0.201883
-0.202040
-0.201883
-0.202118
-0.201962
-0.202118
-0.202040
-0.202118
-0.202275
-0.202353
-0.202431
-0.202353
-0.202666
-0.202666
-0.202666
-0.202901
-0.202979
-0.202744
-0.202901
-0.202823
-0.203136
-0.203371
-0.203214
-0.203292
-0.203214
-0.203605
-0.203214
-0.203527
-0.203449
-0.203292
-0.203527
-0.203918
-0.203762
-0.203918
-0.203684
-0.203605
-0.203918
-0.203684
-0.203918
-0.203918
-0.204153
-0.203840
-0.204388
-0.203997
-0.204232
-0.204153
-0.204466
-0.204466
-0.204388
-0.204466
-0.204545
-0.204466
-0.204466
-0.204623
-0.205171
-0.204936
-0.204936
-0.205014
-0.204701
-0.204858
-0.204936
-0.204779
-0.204858
-0.205014
-0.205249
-0.205327
-0.205562
-0.205406
-0.205249
-0.205406
-0.205327
-0.205171
-0.205484
-0.205014
-0.205406
-0.205562
-0.205797
-0.205797
-0.205640
-0.205562
-0.205640
-0.205875
-0.205797
-0.205953
-0.205562
-0.206032
-0.205875
-0.206110
-0.205719
-0.205875
-0.205797
-0.205719
-0.205562
-0.205953
-0.205719
-0.205640
-0.205953
-0.205953
-0.206032
-0.206032
-0.206188
-0.206110
-0.205875
-0.205640
-0.205875
-0.205797
-0.205719
-0.205875
-0.205875
-0.206267
-0.205875
-0.205640
-0.205797
-0.205875
-0.205640
-0.205640
-0.205406
-0.205640
-0.205484
-0.205719
-0.205406
-0.205797
-0.205562
-0.205093
-0.205093
-0.205484
-0.204936
-0.205093
-0.205014
-0.205249
-0.205249
-0.204936
-0.204936
-0.204779
-0.204779
-0.204936
-0.204701
-0.204779
-0.204310
-0.204388
-0.204545
-0.204545
-0.204388
-0.204310
-0.204388
-0.204232
-0.204075
-0.203840
-0.203918
-0.203527
-0.203605
-0.203292
-0.203292
-0.203058
-0.202979
-0.202979
-0.202823
-0.202823
-0.202510
-0.202040
-0.202197
-0.201962
-0.202197
-0.201883
-0.201570
-0.201570
-0.201727
-0.201257
-0.201101
-0.200866
-0.200709
-0.200553
-0.200318
-0.200318
-0.200083
-0.200005
-0.199614
-0.199535
-0.199144
-0.198753
-0.198596
-0.198753
-0.198283
-0.198205
-0.197892
-0.197892
-0.197657
-0.197500
-0.197266
-0.196874
-0.197031
-0.196405
-0.196170
-0.196326
-0.196248
-0.195544
-0.195231
-0.195231
-0.195074
-0.194604
-0.194370
-0.193900
-0.193665
-0.193587
-0.193430
-0.192882
-0.192726
-0.192648
-0.192491
-0.192021
-0.191787
-0.191474
-0.191082
-0.190691
-0.190300
-0.190143
-0.189595
-0.189595
-0.189204
-0.188812
-0.188578
-0.188421
-0.187638
-0.187482
-0.186934
-0.186699
-0.186464
-0.185995
-0.185682
-0.185212
-0.184899
-0.184586
-0.184038
-0.183412
-0.183255
-0.183020
-0.182707
-0.182473
-0.182003
-0.181612
-0.181455
-0.180751
-0.180672
-0.179655
-0.179342
-0.178716
-0.178559
-0.178011
-0.177542
-0.177542
-0.176837
-0.176759
-0.176211
-0.175741
-0.175115
-0.174254
-0.174176
-0.173628
-0.173393
-0.173158
-0.172845
-0.172376
-0.171906
-0.171671
-0.170967
-0.170262
-0.169949
-0.169401
-0.168619
-0.168149
-0.167836
-0.167445
-0.167132
-0.166506
-0.166271
-0.165253
-0.164784
-0.164314
-0.163844
-0.163375
-0.162827
-0.162514
-0.161653
-0.161418
-0.160870
-0.159853
-0.159148
-0.158365
-0.158131
-0.157504
-0.156878
-0.156565
-0.156096
-0.155861
-0.155156
-0.154609
-0.153669
-0.152965
-0.152573
-0.151869
-0.151478
-0.151086
-0.150225
-0.149991
-0.149756
-0.148895
-0.148190
-0.147251
-0.146938
-0.146312
-0.145529
-0.145138
-0.144668
-0.144120
-0.143964
-0.143338
-0.142555
-0.141381
-0.140598
-0.140598
-0.139502
-0.138955
-0.138328
-0.137859
-0.137546
-0.136841
-0.136450
-0.135119
-0.134415
-0.134024
-0.133632
-0.132849
-0.132302
-0.131754
-0.131049
-0.130580
-0.129875
-0.129014
-0.127919
-0.127449
-0.127136
-0.126275
-0.125570
-0.124866
-0.124475
-0.123927
-0.123535
-0.122674
-0.121657
-0.120874
-0.120483
-0.119935
-0.118839
-0.118370
-0.117430
-0.116961
-0.116100
-0.115708
-0.114769
-0.113595
-0.112969
-0.112421
-0.111951
-0.111404
-0.110699
-0.109916
-0.109525
-0.108899
-0.108116
-0.107255
-0.106394
-0.105768
-0.105455
-0.105142
-0.104203
-0.103655
-0.103264
-0.102168
-0.102011
-0.100681
-0.099428
-0.098959
-0.098411
-0.097785
-0.097080
-0.096376
-0.095593
-0.095358
-0.094654
-0.093793
-0.093167
-0.092227
-0.091601
-0.091367
-0.090584
-0.089958
-0.089097
-0.088392
-0.088157
-0.087218
-0.085809
-0.085027
-0.084792
-0.084009
-0.083226
-0.082600
-0.081974
-0.081113
-0.080017
-0.079626
-0.078061
-0.077278
-0.076652
-0.076104
-0.075556
-0.074930
-0.074069
-0.073599
-0.073130
-0.072347
-0.071329
-0.070468
-0.069999
-0.069060
-0.068903
-0.068199
-0.067416
-0.066633
-0.066007
-0.065616
-0.064677
-0.063268
-0.062641
-0.062563
-0.061781
-0.061076
-0.060450
-0.059119
-0.058728
-0.058258
-0.057632
-0.056223
-0.055519
-0.055362
-0.054501
-0.053797
-0.053249
-0.052623
-0.051762
-0.050901
-0.050197
-0.049101
-0.048553
-0.047849
-0.047379
-0.046753
-0.045892
-0.045422
-0.044874
-0.044248
-0.043309
-0.042526
-0.041822
-0.041196
-0.040882
-0.040178
-0.039395
-0.038065
-0.037517
-0.036891
-0.036108
-0.035325
-0.034386
-0.033838
-0.033525
-0.032821
-0.031960
-0.031412
-0.030473
-0.029925
-0.029299
-0.028516
-0.027655
-0.027420
-0.026716
-0.026168
-0.025776
-0.024759
-0.023976
-0.023507
-0.022802
-0.021941
-0.021315
-0.020532
-0.019828
-0.019515
-0.018889
-0.017949
-0.017167
-0.016541
-0.016071
-0.015210
-0.014349
-0.013801
-0.013410
-0.012940
-0.012549
-0.011453
-0.010749
-0.010436
-0.009575
-0.008557
-0.007931
-0.007226
-0.006913
-0.006366
-0.005739
-0.005270
-0.004409
-0.003783
-0.003391
-0.002765
-0.001904
-0.001513
-0.000887
-0.000182
0.000131
0.000444
0.001461
0.002322
0.002557
0.003340
0.003966
0.004827
0.005140
0.005688
0.005923
0.006549
0.007488
0.007958
0.008662
0.009288
0.009915
0.010776
0.011323
0.011480
0.011871
0.012576
0.013358
0.014063
0.015002
0.015159
0.015941
0.016724
0.017115
0.017272
0.017976
0.018603
0.019307
0.020559
0.021029
0.021890
0.022125
0.022986
0.023690
0.024081
0.024551
0.024551
0.025725
0.026430
0.027134
0.027760
0.027917
0.028856
0.029091
0.029952
0.030186
0.030813
0.031595
0.032300
0.032848
0.033787
0.034100
0.034883
0.035509
0.035665
0.036292
0.036761
0.037074
0.038170
0.039109
0.039422
0.040596
0.041066
0.041614
0.042162
0.042318
0.042944
0.043414
0.044353
0.045058
0.045449
0.046075
0.046780
0.047249
0.047562
0.048267
0.048815
0.049441
0.050224
0.050771
0.051006
0.051554
0.052024
0.052728
0.053041
0.053433
0.053824
0.054372
0.055389
0.056250
0.056485
0.056955
0.057424
0.058129
0.058598
0.059068
0.059538
0.059929
0.060633
0.061651
0.062042
0.062434
0.063060
0.063842
0.063999
0.064703
0.065017
0.065486
0.066191
0.066973
0.068069
0.068147
0.068773
0.069321
0.069478
0.070104
0.070495
0.070965
0.071826
0.072374
0.072844
0.073548
0.073861
0.074409
0.075192
0.075348
0.075740
0.076287
0.077070
0.077931
0.078479
0.078870
0.080044
0.080357
0.080984
0.081531
0.081766
0.082079
0.083175
0.083723
0.084271
0.084897
0.084975
0.085601
0.086071
0.086541
0.087089
0.087323
0.088341
0.088889
0.089437
0.089515
0.090219
0.090611
0.091315
0.091941
0.092176
0.092646
0.093507
0.094368
0.094994
0.095777
0.096090
0.096559
0.096951
0.097264
0.097812
0.098359
0.098751
0.099299
0.099925
0.100238
0.100864
0.101255
0.101803
0.102430
0.102586
0.103056
0.103838
0.104308
0.104934
0.105404
0.105639
0.106265
0.106186
0.106734
0.107282
0.107908
0.108221
0.109004
0.109630
0.110100
0.110883
0.111117
0.111587
0.112057
0.112370
0.112761
0.113309
0.114327
0.114796
0.115266
0.115266
0.115814
0.116440
0.117066
0.117536
0.117770
0.118710
0.119179
0.119414
0.120197
0.120666
0.120823
0.121840
0.122310
0.122232
0.122858
0.123484
0.123954
0.124267
0.124736
0.125206
0.125597
0.125754
0.126380
0.126850
0.127319
0.128024
0.128572
0.128806
0.129198
0.129667
0.129980
0.130372
0.131468
0.131546
0.132172
0.132485
0.133111
0.133424
0.133894
0.134677
0.134833
0.135146
0.135772
0.135851
0.136399
0.136633
0.137416
0.137573
0.138355
0.138355
0.138981
0.139529
0.140077
0.140547
0.140938
0.141721
0.142191
0.142582
0.142895
0.143286
0.144147
0.144304
0.145087
0.145634
0.146182
0.146417
0.146730
0.147122
0.147513
0.148217
0.148452
0.148922
0.148843
0.149704
0.150018
0.150957
0.150879
0.150957
0.151818
0.152053
0.152835
0.153070
0.153383
0.153618
0.154166
0.154792
0.154792
0.155340
0.155653
0.156201
0.156749
0.157375
0.157766
0.158001
0.158079
0.158627
0.159019
0.159253
0.159488
0.160114
0.160740
0.161288
0.161680
0.162071
0.162619
0.163167
0.163480
0.163636
0.164184
0.164497
0.165045
0.165515
0.165828
0.166298
0.166924
0.167159
0.167315
0.167472
0.168020
0.168646
0.169115
0.169272
0.169507
0.170211
0.170759
0.170681
0.171385
0.171463
0.172090
0.172794
0.173185
0.173264
0.173655
0.173890
0.174516
0.174751
0.174986
0.175455
0.175690
0.176081
0.176786
0.177177
0.177412
0.177960
0.178586
0.178664
0.179056
0.179525
0.179917
0.180543
0.180856
0.181325
0.182108
0.182421
0.182813
0.182969
0.183282
0.183908
0.184378
0.185082
0.185552
0.185474
0.186100
0.186570
0.186726
0.187274
0.187352
0.187822
0.188213
0.188996
0.189309
0.189779
0.189935
0.190874
0.190640
0.191266
0.191501
0.191735
0.192205
0.192909
0.193222
0.193770
0.194162
0.194475
0.194710
0.195101
0.195492
0.195727
0.196588
0.196979
0.197371
0.197606
0.197919
0.198388
0.198701
0.199093
0.199406
0.199954
0.200502
0.201049
0.201597
0.202067
0.202537
0.202771
0.203084
0.203476
0.203476
0.203867
0.204728
0.204963
0.205433
0.205902
0.206294
0.206841
0.207154
0.207076
0.207546
0.207859
0.208720
0.209111
0.209503
0.209816
0.210364
0.210755
0.211459
0.211851
0.211929
0.212477
0.213025
0.213260
0.213573
0.214277
0.214668
0.214825
0.215138
0.215608
0.215764
0.216625
0.217016
0.217564
0.217643
0.217643
0.218112
0.218895
0.219051
0.219208
0.219991
0.220460
0.220852
0.221243
0.221478
0.221869
0.222730
0.222887
0.222730
0.223356
0.223513
0.224139
0.224609
0.225391
0.225548
0.225704
0.226409
0.226565
0.226800
0.227192
0.227739
0.228053
0.228522
0.228835
0.229305
0.229696
0.230009
0.230322
0.230401
0.230714
0.231418
0.232044
0.232357
0.232749
0.232827
0.233531
0.234079
0.234079
0.234392
0.235097
0.235566
0.235958
0.235958
0.236349
0.236740
0.237210
0.237445
0.237601
0.238071
0.238541
0.239245
0.239871
0.240028
0.240263
0.241045
0.241358
0.241358
0.241750
0.242298
0.243080
0.243315
0.243472
0.243785
0.244020
0.244333
0.245115
0.245194
0.245272
0.245976
0.246524
0.246524
0.247072
0.247463
0.247698
0.248011
0.248403
0.248637
0.248951
0.249577
0.249968
0.249968
0.250281
0.250516
0.251064
0.251690
0.251612
0.251925
0.252394
0.252864
0.252942
0.253412
0.253960
0.254429
0.254821
0.254821
0.255134
0.255525
0.256151
0.256308
0.256699
0.257091
0.257639
0.257717
0.257873
0.258578
0.258499
0.258734
0.259517
0.259830
0.260143
0.260691
0.261082
0.261239
0.261630
0.262178
0.262256
0.262726
0.263196
0.263509
0.263900
0.264135
0.264370
0.264683
0.265152
0.265231
0.265465
0.266013
0.266483
0.266796
0.267344
0.267500
0.267892
0.268283
0.268596
0.268753
0.268988
0.269536
0.270005
0.270162
0.270475
0.270944
0.271101
0.271492
0.271727
0.272275
0.272745
0.273058
0.273371
0.273840
0.274467
0.274388
0.274936
0.275406
0.275641
0.275954
0.276267
0.276736
0.276971
0.277206
0.277676
0.277910
0.278302
0.278615
0.278928
0.279319
0.279867
0.279945
0.280337
0.280650
0.281589
0.281902
0.282059
0.282685
0.283076
0.282998
0.283781
0.283937
0.284329
0.284642
0.285189
0.285189
0.285424
0.285737
0.286285
0.286285
0.286990
0.287224
0.287538
0.288085
0.288320
0.288868
0.289103
0.289416
0.289886
0.290120
0.290512
0.290981
0.291216
0.291842
0.292234
0.292390
0.293016
0.293095
0.293486
0.293799
0.294425
0.294504
0.294895
0.294895
0.295599
0.296069
0.296382
0.296695
0.297165
0.297400
0.297791
0.298261
0.298417
0.298808
0.299043
0.299513
0.299826
0.300061
0.300061
0.300765
0.301078
0.301704
0.302096
0.302644
0.302878
0.302957
0.303348
0.303661
0.304287
0.304522
0.304913
0.305227
0.305540
0.305931
0.306322
0.306635
0.307027
0.307105
0.307575
0.307809
0.308201
0.308436
0.309297
0.309688
0.309688
0.310392
0.310784
0.310862
0.311332
0.311566
0.311723
0.312662
0.312819
0.312975
0.313445
0.313601
0.313993
0.314384
0.314775
0.315558
0.315715
0.316263
0.316341
0.316732
0.317045
0.317515
0.317671
0.317906
0.318141
0.318532
0.318845
0.319315
0.319706
0.320333
0.320802
0.320567
0.321115
0.321507
0.322133
0.322524
0.322681
0.323072
0.323463
0.323776
0.324090
0.324246
0.324559
0.324716
0.325107
0.325577
0.326125
0.326281
0.326438
0.326829
0.327220
0.327299
0.327612
0.328003
0.328394
0.328942
0.329568
0.329725
0.330273
0.330038
0.330586
0.330899
0.330899
0.331369
0.331917
0.331917
0.332621
0.332778
0.332934
0.333169
0.333560
0.333952
0.334108
0.334656
0.335047
0.335439
0.335830
0.336221
0.336848
0.336534
0.336926
0.337395
0.337630
0.338022
0.338491
0.338961
0.339039
0.339352
0.339665
0.339822
0.339978
0.340526
0.340918
0.341387
0.341465
0.341779
0.342483
0.342405
0.342874
0.343109
0.343344
0.343735
0.343970
0.344205
0.344753
0.345066
0.345379
0.345457
0.345692
0.345849
0.346318
0.346631
0.347101
0.347179
0.347649
0.348118
0.348353
0.348745
0.348901
0.349136
0.349292
0.349762
0.350232
0.350623
0.350858
0.351171
0.351327
0.351562
0.351954
0.352032
0.352501
0.352815
0.353206
0.353597
0.353832
0.354067
0.354145
0.354693
0.354928
0.354928
0.355397
0.355632
0.356180
0.356650
0.356963
0.357198
0.357354
0.357746
0.358137
0.358215
0.358528
0.358763
0.359154
0.359468
0.359702
0.360485
0.360720
0.361033
0.361503
0.361659
0.362050
0.362520
0.362911
0.363068
0.363224
0.364007
0.363929
0.364242
0.364712
0.365181
0.365416
0.365651
0.365964
0.366199
0.366590
0.366903
0.367294
0.367216
0.367921
0.368234
0.368547
0.368782
0.369173
0.369251
0.369564
0.369956
0.370425
0.370738
0.370973
0.371521
0.371756
0.372225
0.372382
0.373008
0.372852
0.373478
0.373713
0.374182
0.374104
0.374652
0.375043
0.375356
0.375591
0.375982
0.375982
0.376530
0.376922
0.376922
0.377470
0.377704
0.378017
0.378565
0.378644
0.378878
0.379505
0.379818
0.379974
0.380131
0.380992
0.380992
0.381305
0.381774
0.381774
0.382322
0.382557
0.382870
0.383105
0.383809
0.383888
0.384357
0.384514
0.384749
0.385140
0.385218
0.385531
0.385923
0.386079
0.386549
0.387018
0.387253
0.387566
0.387801
0.388193
0.388349
0.388740
0.389132
0.389367
0.389914
0.390306
0.390149
0.390697
0.390932
0.391558
0.391636
0.391793
0.392497
0.392732
0.393202
0.393280
0.393593
0.393906
0.393750
0.394689
0.394611
0.395002
0.395472
0.395785
0.396098
0.396176
0.396567
0.397194
0.397350
0.397428
0.398211
0.398211
0.399385
0.399463
0.399855
0.400324
0.400246
0.400403
0.400872
0.401264
0.401733
0.402359
0.402281
0.402907
0.403142
0.403612
0.403612
0.403768
0.403925
0.404394
0.404864
0.405725
0.405334
0.405960
0.406195
0.406586
0.406821
0.406821
0.407603
0.407447
0.408230
0.408386
0.408699
0.408934
0.409325
0.409560
0.409952
0.410030
0.410186
0.411047
0.411282
0.411360
0.412065
0.412143
0.412378
0.412691
0.412691
0.413317
0.413239
0.414022
0.414178
0.414100
0.414883
0.415117
0.415274
0.415509
0.416057
0.416213
0.416526
0.416918
0.417465
0.417622
0.418013
0.418326
0.418639
0.418718
0.419187
0.419500
0.419970
0.420205
0.420361
0.420753
0.421222
0.421301
0.421692
0.421770
0.422240
0.422475
0.422788
0.422788
0.423414
0.423649
0.423962
0.424118
0.424275
0.424745
0.425136
0.425449
0.425605
0.425762
0.426075
0.426075
0.426545
0.426701
0.427249
0.427562
0.427640
0.428345
0.428345
0.428736
0.428971
0.429049
0.429676
0.429519
0.430145
0.430458
0.430693
0.431084
0.431163
0.431241
0.431554
0.431945
0.432180
0.432337
0.432806
0.432806
0.433198
0.433824
0.433980
0.434137
0.434528
0.434607
0.434998
0.435154
0.435467
0.435781
0.436328
0.436563
0.436720
0.436955
0.436955
0.436955
0.437816
0.437972
0.438363
0.438755
0.439068
0.439224
0.439459
0.439694
0.440085
0.440320
0.440790
0.441338
0.441729
0.441729
0.442120
0.442277
0.442512
0.442590
0.442903
0.443060
0.443686
0.443608
0.443921
0.444312
0.444547
0.444938
0.445095
0.445251
0.445721
0.445643
0.446347
0.446504
0.446973
0.447051
0.447756
0.447834
0.447912
0.448304
0.448460
0.448930
0.449165
0.449634
0.450104
0.450104
0.450339
0.450652
0.450808
0.451200
0.451435
0.451826
0.452217
0.452687
0.453000
0.452922
0.453156
0.453156
0.453861
0.454017
0.454565
0.454878
0.455191
0.455348
0.455661
0.456052
0.456131
0.456444
0.456913
0.457305
0.457383
0.457853
0.458166
0.458479
0.458557
0.458792
0.458948
0.459418
0.459809
0.460122
0.460514
0.460749
0.461375
0.461375
0.461688
0.462157
0.462001
0.462392
0.462940
0.463410
0.463958
0.463879
0.464271
0.464584
0.464819
0.464975
0.465288
0.465680
0.465836
0.466462
0.466462
0.466697
0.466932
0.467558
0.467793
0.467793
0.468263
0.468576
0.469045
0.469202
0.469671
0.469906
0.469984
0.469984
0.470454
0.470924
0.471158
0.471393
0.472254
0.472333
0.472724
0.472880
0.473194
0.473350
0.473741
0.473976
0.474133
0.474446
0.474994
0.475072
0.475307
0.475542
0.475542
0.476246
0.476403
0.476794
0.477577
0.477811
0.478046
0.478203
0.478203
0.478281
0.478751
0.479142
0.479299
0.479612
0.480081
0.480394
0.480864
0.481334
0.481334
0.481647
0.482116
0.482351
0.482586
0.483056
0.483369
0.483682
0.483838
0.484073
0.484386
0.484777
0.485247
0.485247
0.485795
0.485795
0.486265
0.486734
0.486812
0.487282
0.487595
0.487360
0.488300
0.488613
0.488691
0.488926
0.489239
0.489395
0.489395
0.489552
0.490100
0.490569
0.490882
0.491352
0.491743
0.491743
0.491822
0.492370
0.492448
0.492761
0.492996
0.493622
0.493778
0.494092
0.494483
0.494639
0.494718
0.495109
0.495657
0.495813
0.496205
0.496283
0.496674
0.496831
0.497066
0.497222
0.497535
0.497848
0.498240
0.498631
0.498631
0.499101
0.499257
0.499492
0.500040
0.500118
0.500588
0.500901
0.501214
0.501605
0.502310
0.502310
0.502623
0.502701
0.502936
0.502858
0.503327
0.503719
0.503954
0.504110
0.504580
0.504815
0.504736
0.505206
0.505362
0.505832
0.505989
0.506302
0.506458
0.506850
0.507084
0.507319
0.507476
0.508102
0.507867
0.508337
0.508885
0.509119
0.509667
0.509589
0.509667
0.509824
0.510215
0.510606
0.510606
0.510998
0.511311
0.511937
0.512015
0.512015
0.512563
0.512876
0.512876
0.513268
0.513581
0.513894
0.514129
0.514442
0.514677
0.514755
0.514990
0.515224
0.515772
0.516007
0.516242
0.516712
0.516946
0.517651
0.517259
0.517729
0.518120
0.518199
0.518590
0.518981
0.519138
0.519373
0.519451
0.519764
0.520390
0.520547
0.521016
0.521173
0.521721
0.522112
0.522269
0.522347
0.522973
0.523208
0.523443
0.523834
0.523991
0.524538
0.524852
0.525008
0.525008
0.525321
0.525634
0.526260
0.526260
0.526574
0.526965
0.527121
0.527278
0.527591
0.528061
0.528452
0.528374
0.529078
0.528922
0.529548
0.529704
0.529626
0.530096
0.530565
0.531113
0.530878
0.531270
0.531583
0.531896
0.532287
0.532131
0.532522
0.532835
0.533148
0.533618
0.533931
0.534087
0.534322
0.534870
0.535340
0.535105
0.535575
0.535966
0.536279
0.536436
0.536436
0.536905
0.537062
0.537453
0.537766
0.537844
0.538392
0.538862
0.539253
0.539331
0.539488
0.539879
0.539958
0.540271
0.540506
0.540819
0.541210
0.541758
0.541993
0.542619
0.542541
0.542932
0.543402
0.543558
0.543949
0.544497
0.544654
0.544654
0.545123
0.545358
0.545280
0.545750
0.545828
0.546376
0.546454
0.546767
0.546924
0.547315
0.547785
0.547941
0.547941
0.548333
0.548880
0.549272
0.549663
0.549741
0.550524
0.550602
0.550759
0.550681
0.551072
0.551620
0.552011
0.552324
0.552637
0.552716
0.552950
0.552872
0.553577
0.553733
0.554046
0.554281
0.554438
0.555142
0.554985
0.555377
0.555220
0.555768
0.556081
0.556629
0.556942
0.557020
0.557647
0.557803
0.558195
0.558038
0.558508
0.558586
0.558742
0.559369
0.559916
0.560073
0.560386
0.560777
0.561247
0.561090
0.561795
0.561951
0.562265
0.562891
0.563126
0.563360
0.563752
0.563908
0.564065
0.564613
0.564691
0.564926
0.565395
0.565865
0.565787
0.566491
0.566491
0.566491
0.566882
0.567039
0.567430
0.567822
0.568135
0.568213
0.568761
0.569074
0.568917
0.569309
0.569544
0.570248
0.570561
0.570796
0.571031
0.571109
0.571344
0.571344
0.571892
0.571813
0.572361
0.572674
0.573144
0.573535
0.573692
0.573770
0.573848
0.574005
0.574240
0.574788
0.575179
0.575649
0.575570
0.575883
0.576040
0.576118
0.576353
0.576901
0.577292
0.577684
0.577840
0.578388
0.578153
0.578701
0.578466
0.578858
0.579171
0.579719
0.579719
0.580188
0.580501
0.580658
0.581284
0.581206
0.581519
0.581989
0.582302
0.582771
0.582928
0.583241
0.583789
0.583710
0.583867
0.584180
0.584102
0.584493
0.585276
0.585511
0.585119
0.585824
0.585980
0.586059
0.586293
0.586215
0.586606
0.587546
0.587467
0.587937
0.587859
0.588015
0.588094
0.588407
0.588876
0.589111
0.589581
0.589737
0.590207
0.590442
0.590520
0.590363
0.591068
0.591068
0.591694
0.592085
0.592477
0.592633
0.592946
0.593025
0.593259
0.593103
0.593494
0.593964
0.594120
0.594199
0.594668
0.595060
0.595138
0.595373
0.595216
0.595686
0.596155
0.596547
0.596547
0.597016
0.597329
0.597408
0.597564
0.597642
0.597877
0.598425
0.598738
0.599051
0.599286
0.599599
0.599991
0.599991
0.600304
0.600460
0.601008
0.601165
0.601399
0.601791
0.602339
0.602339
0.602573
0.602965
0.603356
0.603591
0.603748
0.604295
0.604295
0.604608
0.604687
0.605156
0.604922
0.605469
0.605704
0.606096
0.606330
0.606565
0.606800
0.606957
0.607191
0.607348
0.607739
0.607818
0.608522
0.608679
0.608913
0.609226
0.609226
0.609461
0.609618
0.610087
0.610479
0.610635
0.610870
0.611261
0.611575
0.611888
0.612044
0.612201
0.612514
0.612905
0.613218
0.613453
0.613766
0.613688
0.614079
0.614236
0.614314
0.614470
0.615018
0.615175
0.615331
0.615331
0.616192
0.616349
0.616427
0.616584
0.617210
0.617523
0.617523
0.617993
0.617914
0.618384
0.618619
0.618854
0.619167
0.619558
0.619793
0.620028
0.620497
0.620576
0.620967
0.621123
0.620889
0.621515
0.621828
0.622297
0.622376
0.622611
0.622611
0.623158
0.623785
0.624176
0.624098
0.624411
0.624880
0.625350
0.625507
0.625663
0.625976
0.626211
0.626211
0.626367
0.626681
0.626994
0.627542
0.628011
0.627776
0.628324
0.628246
0.628716
0.628794
0.629342
0.629811
0.629655
0.630124
0.630516
0.630751
0.630907
0.631298
0.631612
0.631846
0.632238
0.632394
0.632551
0.632942
0.633099
0.633647
0.633647
0.634038
0.634273
0.634664
0.634664
0.634742
0.634977
0.635290
0.635760
0.635995
0.636308
0.636621
0.637012
0.636934
0.637482
0.637482
0.638265
0.638578
0.638891
0.638891
0.639282
0.639360
0.639595
0.639673
0.640143
0.640613
0.640847
0.641395
0.641708
0.641865
0.642178
0.642569
0.642335
0.642882
0.643274
0.643587
0.643587
0.643822
0.644291
0.644213
0.644526
0.644996
0.645152
0.645778
0.646013
0.645935
0.646326
0.646639
0.646718
0.646952
0.647109
0.647579
0.648440
0.648283
0.648674
0.648674
0.648596
0.648831
0.648909
0.649222
0.649848
0.650083
0.650631
0.650631
0.650944
0.650788
0.651257
0.651414
0.651570
0.652353
0.652588
0.652431
0.652979
0.653292
0.653449
0.653449
0.653605
0.653840
0.654232
0.654779
0.654858
0.655014
0.655327
0.655484
0.655719
0.655953
0.656110
0.656658
0.657049
0.657206
0.657441
0.657754
0.657675
0.657910
0.658145
0.658380
0.658928
0.659163
0.659632
0.659710
0.660024
0.659789
0.660415
0.660337
0.661119
0.661198
0.661667
0.661902
0.661902
0.662293
0.662528
0.662606
0.662606
0.662998
0.663389
0.663780
0.663702
0.664328
0.664407
0.664641
0.665033
0.665033
0.665581
0.666050
0.666442
0.666598
0.666363
0.666676
0.666911
0.666755
0.667224
0.667694
0.668398
0.668398
0.668790
0.668790
0.669338
0.669181
0.669416
0.669651
0.669729
0.670433
0.670825
0.671216
0.671294
0.671607
0.671764
0.671842
0.671921
0.672781
0.673016
0.673877
0.673956
0.674190
0.674582
0.674660
0.674582
0.674973
0.675364
0.675599
0.676069
0.676538
0.676460
0.677165
0.676773
0.677008
0.677399
0.677634
0.678182
0.678573
0.679043
0.679278
0.679356
0.679513
0.680374
0.680374
0.680765
0.681156
0.681469
0.681704
0.681939
0.682487
0.682409
0.682643
0.683035
0.683348
0.683739
0.684052
0.684365
0.684678
0.684992
0.685226
0.685618
0.685853
0.686400
0.686714
0.687105
0.687340
0.687574
0.687731
0.687966
0.688279
0.688983
0.689296
0.689531
0.689531
0.689923
0.690001
0.690627
0.690705
0.690940
0.691488
0.691645
0.691958
0.692192
0.692897
0.692975
0.693366
0.693523
0.693758
0.694384
0.694227
0.694854
0.695088
0.695558
0.695871
0.696262
0.696262
0.696732
0.697750
0.697358
0.697515
0.697828
0.698532
0.698532
0.698532
0.699080
0.699785
0.700176
0.700176
0.700411
0.701037
0.701115
0.701663
0.701976
0.702367
0.702367
0.702759
0.703072
0.703385
0.703463
0.703933
0.704324
0.704559
0.704794
0.705185
0.705577
0.705733
0.706046
0.706516
0.707064
0.707377
0.707690
0.707690
0.708394
0.708473
0.708707
0.708942
0.709412
0.709881
0.710116
0.710194
0.710586
0.710821
0.710977
0.711055
0.711525
0.711525
0.711760
0.711682
0.711603
0.711682
0.711525
0.711368
0.711447
0.711290
0.711134
0.711368
0.711290
0.710742
0.710429
0.710273
0.709960
0.709647
0.709647
0.709255
0.709412
0.709255
0.708942
0.708551
0.708316
0.707846
0.707768
0.707533
0.707455
0.706672
0.706281
0.706046
0.705811
0.705263
0.705029
0.704794
0.704872
0.704246
0.703933
0.703855
0.703542
0.703150
0.702759
0.702681
0.702367
0.701976
0.701507
0.700802
0.700254
0.700176
0.699785
0.699471
0.699080
0.698924
0.698767
0.698454
0.697906
0.697906
0.697515
0.697202
0.696654
0.696262
0.696028
0.695871
0.695167
0.695088
0.694697
0.694462
0.693914
0.693523
0.693132
0.692897
0.692819
0.692349
0.692036
0.691723
0.691410
0.691097
0.690784
0.690236
0.690001
0.689688
0.689609
0.689296
0.688827
0.688435
0.688044
0.687653
0.687183
0.686792
0.686087
0.686009
0.685853
0.685226
0.684992
0.684992
0.684522
0.683896
0.683426
0.683426
0.683191
0.682878
0.682330
0.682096
0.681704
0.681156
0.680608
0.680295
0.680061
0.679747
0.679043
0.678965
0.678260
0.677947
0.677947
0.677399
0.677008
0.676695
0.676382
0.675756
0.675599
0.675208
0.675051
0.674582
0.674269
0.674034
0.673877
0.673408
0.673016
0.672625
0.672312
0.671842
0.671529
0.671373
0.671060
0.670981
0.670355
0.669807
0.669338
0.669416
0.668790
0.668398
0.668320
0.668007
0.667459
0.667146
0.666598
0.666598
0.666207
0.665815
0.665502
0.664955
0.664798
0.664485
0.664094
0.664015
0.663546
0.663154
0.662919
0.662685
0.661980
0.661980
0.661589
0.661119
0.660650
0.660258
0.659867
0.659397
0.659319
0.658928
0.658849
0.658693
0.658223
0.657754
0.657597
0.657206
0.656971
0.656580
0.656188
0.655875
0.655484
0.655171
0.654858
0.654545
0.653840
0.653762
0.653527
0.653136
0.652744
0.652118
0.652197
0.651727
0.651570
0.651257
0.650709
0.650396
0.650162
0.649848
0.649457
0.649222
0.648831
0.648361
0.648127
0.647892
0.647344
0.647109
0.646718
0.646405
0.646326
0.645857
0.645622
0.645152
0.644839
0.644370
0.643900
0.643430
0.643117
0.642804
0.642961
0.642648
0.642100
0.641552
0.641082
0.641239
0.641004
0.640378
0.640300
0.639752
0.639125
0.639282
0.638891
0.638421
0.638186
0.637873
0.637482
0.637325
0.636934
0.636386
0.636229
0.635838
0.635525
0.635134
0.635369
0.634977
0.634586
0.634194
0.633881
0.633412
0.633177
0.632707
0.632551
0.632081
0.631846
0.631533
0.630985
0.630672
0.630751
0.630516
0.630124
0.629498
0.629185
0.628637
0.628637
0.628324
0.627933
0.627698
0.627228
0.627228
0.627072
0.626759
0.626367
0.626054
0.625507
0.625037
0.624802
0.624646
0.624646
0.624098
0.623863
0.623472
0.623393
0.622767
0.622611
0.622141
0.621437
0.621593
0.621280
0.621202
0.620810
0.620262
0.620184
0.619949
0.619558
0.619088
0.618932
0.618384
0.617993
0.617993
0.617758
0.617366
0.617210
0.616740
0.616427
0.615801
0.615488
0.615410
0.614940
0.614705
0.614470
0.614314
0.614079
0.613923
0.613296
0.613375
0.612905
0.611966
0.611888
0.611496
0.611418
0.611105
0.610870
0.610714
0.610322
0.610166
0.609618
0.609226
0.608835
0.608600
0.608209
0.608052
0.607896
0.607583
0.607818
0.607426
0.607113
0.606565
0.606096
0.606017
0.605548
0.605235
0.605000
0.605000
0.604608
0.604452
0.604139
0.603826
0.603356
0.602808
0.602573
0.602182
0.601947
0.602026
0.601947
0.601165
0.601008
0.600538
0.599912
0.599912
0.599677
0.599130
0.598660
0.598582
0.598503
0.598034
0.597956
0.597721
0.597251
0.596468
0.596468
0.596234
0.595686
0.595686
0.595607
0.595451
0.594825
0.594668
0.594433
0.594042
0.593572
0.593259
0.592946
0.592555
0.592711
0.592398
0.592320
0.591772
0.591694
0.591303
0.590520
0.589972
0.589659
0.589581
0.589268
0.588876
0.588798
0.588563
0.588015
0.587780
0.587467
0.587154
0.586998
0.586685
0.586372
0.586137
0.585745
0.585432
0.585119
0.584728
0.584415
0.583945
0.583945
0.583241
0.583006
0.582928
0.582693
0.582223
0.581832
0.581675
0.581284
0.581049
0.580267
0.580267
0.580110
0.579640
0.579484
0.579484
0.579014
0.578779
0.578153
0.577918
0.577605
0.577136
0.576979
0.576666
0.576431
0.576118
0.575805
0.575257
0.574944
0.575101
0.574709
0.574396
0.574005
0.573614
0.573144
0.573144
0.572987
0.572518
0.572205
0.571657
0.571344
0.571422
0.570952
0.570639
0.570326
0.569935
0.569778
0.569465
0.569309
0.568996
0.568761
0.568135
0.567978
0.567743
0.567117
0.567117
0.566648
0.566648
0.565943
0.565787
0.565630
0.565004
0.564691
0.565004
0.564456
0.563595
0.563673
0.563360
0.562891
0.562343
0.562265
0.561873
0.561482
0.561090
0.560699
0.560777
0.560230
0.559838
0.559369
0.559369
0.558977
0.558742
0.558508
0.558195
0.558116
0.557412
0.557020
0.557177
0.556864
0.556159
0.555768
0.555299
0.555455
0.554985
0.554281
0.554438
0.553968
0.553890
0.553577
0.553264
0.553107
0.552950
0.552794
0.552246
0.552089
0.551620
0.551228
0.551307
0.550681
0.550602
0.550133
0.549820
0.549507
0.549272
0.548802
0.548489
0.548176
0.547785
0.547706
0.547550
0.547158
0.546845
0.546376
0.546219
0.545750
0.545593
0.545437
0.544810
0.544889
0.544497
0.544184
0.543793
0.543793
0.543636
0.542854
0.542697
0.542306
0.541993
0.541993
0.541445
0.541367
0.541132
0.541132
0.540584
0.540036
0.539879
0.539331
0.539488
0.539018
0.538705
0.538392
0.538314
0.537923
0.537844
0.537375
0.536749
0.536357
0.536436
0.536044
0.535575
0.535418
0.535261
0.534870
0.534479
0.534087
0.533540
0.533461
0.533226
0.533148
0.532913
0.532679
0.532287
0.532052
0.531270
0.531035
0.530957
0.530565
0.530409
0.530487
0.529939
0.529548
0.529391
0.528843
0.528295
0.527982
0.528061
0.527434
0.527356
0.526887
0.526887
0.526417
0.526417
0.525947
0.525634
0.525008
0.524773
0.524617
0.524460
0.524382
0.523756
0.523678
0.523599
0.522973
0.522660
0.522347
0.521877
0.521643
0.521408
0.521016
0.521095
0.520468
0.520077
0.519686
0.519294
0.519060
0.519060
0.518590
0.518199
0.518355
0.518042
0.517729
0.517259
0.516633
0.516085
0.515929
0.515851
0.515459
0.515381
0.515303
0.514990
0.514598
0.514442
0.513659
0.513581
0.513111
0.512955
0.512563
0.512328
0.512172
0.511859
0.511467
0.510998
0.510606
0.510059
0.509902
0.509902
0.509511
0.509511
0.509354
0.508806
0.508650
0.508258
0.507867
0.507084
0.507084
0.507006
0.506536
0.506380
0.505754
0.505519
0.505284
0.504815
0.504345
0.503797
0.503719
0.503640
0.503640
0.503406
0.503171
0.503014
0.502388
0.502153
0.501527
0.501371
0.500979
0.500744
0.500431
0.500040
0.499570
0.499649
0.499336
0.498631
0.498475
0.497927
0.497692
0.497535
0.497379
0.497066
0.496753
0.496205
0.495813
0.495422
0.495109
0.494796
0.494639
0.494561
0.494248
0.494248
0.494013
0.493231
0.492683
0.492526
0.491978
0.491822
0.491743
0.491509
0.490961
0.490648
0.490413
0.490256
0.489239
0.489082
0.488926
0.488769
0.488378
0.488300
0.487908
0.487360
0.487282
0.486578
0.486343
0.486108
0.485795
0.485638
0.485247
0.484856
0.484777
0.484621
0.483838
0.483682
0.483290
0.482899
0.482742
0.482586
0.482351
0.481803
0.481412
0.481412
0.480786
0.480238
0.480003
0.479533
0.479533
0.479064
0.478594
0.478125
0.478203
0.477420
0.477342
0.476794
0.476324
0.476089
0.475933
0.475776
0.475463
0.475229
0.475072
0.474602
0.474368
0.473898
0.473585
0.473428
0.472959
0.472724
0.472567
0.472333
0.471863
0.471706
0.471237
0.470532
0.470454
0.470063
0.469593
0.469515
0.469123
0.469045
0.468732
0.468184
0.467715
0.467480
0.467323
0.466854
0.466619
0.466384
0.466149
0.465680
0.465523
0.464897
0.464897
0.464349
0.463801
0.463958
0.463645
0.463253
0.463018
0.462784
0.462392
0.462001
0.461844
0.461453
0.461140
0.460670
0.460279
0.460279
0.459809
0.459731
0.458948
0.458557
0.458401
0.458244
0.457774
0.457696
0.457226
0.456913
0.456913
0.456366
0.455661
0.455426
0.455113
0.454878
0.454565
0.454330
0.454096
0.453626
0.453704
0.453313
0.453078
0.452374
0.452217
0.451826
0.451826
0.451278
0.450730
0.450965
0.450260
0.449791
0.449947
0.449321
0.448930
0.448617
0.448695
0.448304
0.447834
0.447991
0.447521
0.446973
0.447130
0.446817
0.446190
0.445877
0.445486
0.445016
0.444860
0.444703
0.444468
0.443999
0.443764
0.443373
0.443138
0.442825
0.442512
0.442590
0.441807
0.441886
0.441416
0.441181
0.440477
0.440320
0.440164
0.439459
0.439538
0.438911
0.438677
0.438285
0.438129
0.438050
0.437659
0.437189
0.436955
0.436485
0.435937
0.435937
0.435467
0.435076
0.434920
0.434685
0.434215
0.433902
0.433354
0.433198
0.432963
0.432806
0.432728
0.432180
0.432024
0.431789
0.431476
0.430771
0.430536
0.430302
0.429910
0.429519
0.429519
0.429362
0.428893
0.428658
0.428501
0.427954
0.427640
0.427327
0.426936
0.426780
0.426701
0.426310
0.425997
0.425605
0.425292
0.425058
0.424510
0.424197
0.424275
0.424040
0.423570
0.423179
0.423101
0.422788
0.422475
0.421927
0.421614
0.421457
0.421144
0.420831
0.420361
0.420127
0.420283
0.419500
0.419031
0.418796
0.418561
0.418092
0.418013
0.417857
0.417387
0.417309
0.417074
0.416370
0.416057
0.415978
0.415509
0.415430
0.414804
0.414648
0.414256
0.413865
0.413395
0.413161
0.413082
0.412848
0.412691
0.412300
0.411987
0.411752
0.411595
0.410734
0.410734
0.410265
0.409717
0.409169
0.409012
0.408934
0.408699
0.408621
0.408308
0.407995
0.407682
0.407134
0.406742
0.406586
0.406116
0.406038
0.405725
0.405490
0.405255
0.404786
0.404551
0.403612
0.403455
0.403377
0.403064
0.402986
0.402516
0.402281
0.402046
0.401655
0.401342
0.400716
0.400716
0.400168
0.400011
0.399463
0.399307
0.398837
0.398446
0.398368
0.398055
0.397428
0.397037
0.396959
0.396489
0.396176
0.396254
0.395863
0.395706
0.395550
0.394845
0.394454
0.394141
0.393515
0.393593
0.393437
0.393358
0.392810
0.392419
0.392263
0.391558
0.391558
0.390932
0.390697
0.390228
0.390149
0.389836
0.389680
0.389445
0.388897
0.388506
0.388271
0.387801
0.387410
0.387097
0.387018
0.386784
0.386471
0.386079
0.385610
0.385297
0.385062
0.384592
0.384201
0.383888
0.383653
0.383262
0.383105
0.382792
0.382322
0.382322
0.381853
0.381383
0.381070
0.380835
0.380366
0.380209
0.379426
0.379348
0.379191
0.378409
0.378331
0.378174
0.377548
0.377548
0.377156
0.377078
0.376609
0.376061
0.375826
0.375435
0.375200
0.374808
0.374417
0.374104
0.374026
0.373400
0.373086
0.373008
0.372539
0.372382
0.371756
0.371599
0.371286
0.370738
0.370660
0.370425
0.370112
0.369486
0.369095
0.369173
0.368625
0.368547
0.367921
0.367764
0.367608
0.367216
0.366825
0.366434
0.366199
0.365964
0.365651
0.365181
0.364868
0.364946
0.364320
0.363929
0.363851
0.363303
0.362990
0.362442
0.362285
0.361972
0.361424
0.361111
0.360563
0.360642
0.359937
0.359702
0.359311
0.358998
0.358841
0.358607
0.358293
0.358059
0.357902
0.357432
0.357041
0.356650
0.356337
0.355632
0.355397
0.355397
0.354771
0.354380
0.354380
0.353754
0.353441
0.352971
0.352736
0.352501
0.352423
0.352110
0.351954
0.351719
0.351171
0.350780
0.350232
0.349997
0.349997
0.349684
0.349214
0.348745
0.348588
0.348353
0.348118
0.347727
0.347257
0.347336
0.346944
0.346396
0.346083
0.345849
0.345770
0.345379
0.344831
0.344675
0.344127
0.343970
0.343657
0.343266
0.343109
0.342874
0.342483
0.342483
0.341700
0.341465
0.341231
0.340604
0.340526
0.340448
0.340057
0.339430
0.339274
0.339117
0.338726
0.338569
0.338022
0.337865
0.337474
0.337239
0.337161
0.336769
0.336691
0.335987
0.335595
0.335282
0.335047
0.334891
0.334499
0.333952
0.333873
0.333638
0.333012
0.332856
0.332699
0.332386
0.331838
0.331369
0.331212
0.331134
0.330664
0.330742
0.330429
0.329882
0.329568
0.329021
0.329255
0.328394
0.328238
0.327925
0.327847
0.327377
0.326751
0.326751
0.326281
0.325968
0.325577
0.325264
0.325029
0.324481
0.324168
0.324090
0.323855
0.323542
0.323229
0.322916
0.322289
0.321976
0.321741
0.321428
0.321350
0.320333
0.320489
0.319941
0.319706
0.319080
0.318611
0.318532
0.318298
0.317750
0.317750
0.317358
0.317124
0.316497
0.316028
0.315715
0.315636
0.314932
0.314775
0.314228
0.314228
0.313680
0.313367
0.313132
0.312897
0.312114
0.312036
0.311801
0.311566
0.311410
0.311097
0.310627
0.310079
0.310001
0.309375
0.309297
0.308905
0.308436
0.308044
0.307731
0.307653
0.307105
0.306870
0.306244
0.306009
0.305853
0.305461
0.304992
0.304992
0.304444
0.304052
0.303739
0.303270
0.303035
0.302722
0.302252
0.301939
0.301704
0.301783
0.301391
0.300765
0.299982
0.299748
0.299278
0.299121
0.299043
0.298495
0.298261
0.298026
0.297556
0.297478
0.297086
0.296382
0.296147
0.295834
0.295286
0.295208
0.294817
0.294660
0.293877
0.293877
0.293095
0.292938
0.292155
0.292312
0.291764
0.291764
0.291686
0.290981
0.290825
0.290590
0.290120
0.289494
0.289416
0.289025
0.288712
0.288477
0.288085
0.287538
0.287224
0.286833
0.286442
0.285972
0.285972
0.285816
0.285189
0.285033
0.284485
0.284329
0.283937
0.283468
0.283311
0.282920
0.282450
0.282137
0.281824
0.281589
0.281354
0.280963
0.280258
0.279632
0.279554
0.279163
0.279006
0.278223
0.278302
0.277910
0.277676
0.277284
0.276971
0.276658
0.276188
0.275875
0.275484
0.275327
0.274858
0.274388
0.274153
0.273997
0.273684
0.273214
0.272823
0.272353
0.272040
0.271805
0.271571
0.271257
0.270631
0.270396
0.270318
0.269849
0.269222
0.269301
0.268753
0.268596
0.267814
0.267892
0.267500
0.267109
0.266718
0.266326
0.266013
0.265779
0.265152
0.264996
0.264761
0.264526
0.264291
0.263822
0.263352
0.263117
0.262726
0.262491
0.262100
0.261943
0.261552
0.261082
0.261239
0.260378
0.260300
0.259517
0.259517
0.259047
0.258343
0.258578
0.258186
0.257873
0.257325
0.256934
0.256621
0.256151
0.256386
0.255369
0.255369
0.255056
0.254899
0.254508
0.254351
0.254273
0.253647
0.253490
0.252942
0.252708
0.252394
0.252081
0.251847
0.251455
0.251220
0.250751
0.250516
0.250046
0.249812
0.249498
0.249107
0.249029
0.248637
0.248246
0.247698
0.247777
0.247229
0.246837
0.246368
0.245898
0.245898
0.245428
0.245115
0.244959
0.244489
0.244333
0.244020
0.243628
0.243237
0.242689
0.242611
0.242063
0.241985
0.241828
0.241280
0.241045
0.240497
0.240341
0.239480
0.239245
0.238775
0.238228
0.238306
0.237915
0.237836
0.237367
0.236740
0.236662
0.236349
0.236036
0.236036
0.235332
0.235253
0.234784
0.234314
0.234079
0.233688
0.233218
0.232984
0.232670
0.232201
0.232123
0.231888
0.231575
0.231262
0.230870
0.230479
0.230166
0.229461
0.229227
0.229227
0.228913
0.228600
0.228053
0.227818
0.227583
0.227035
0.226722
0.226018
0.225939
0.225626
0.225313
0.225000
0.224609
0.224217
0.224061
0.223513
0.222887
0.222495
0.222808
0.221947
0.221947
0.221713
0.221400
0.221087
0.220617
0.219756
0.219756
0.219365
0.218973
0.218660
0.218191
0.217956
0.217564
0.217173
0.216860
0.216234
0.216077
0.215295
0.215060
0.214981
0.214355
0.214277
0.214042
0.213729
0.213260
0.213103
0.212477
0.212007
0.211538
0.211459
0.211068
0.210520
0.210442
0.209894
0.209424
0.208876
0.208798
0.208250
0.207859
0.207859
0.207546
0.207154
0.206528
0.206294
0.205746
0.205354
0.204885
0.204493
0.204024
0.203711
0.203632
0.203163
0.203163
0.202302
0.202067
0.201676
0.201284
0.201049
0.200345
0.199954
0.199719
0.199562
0.198858
0.198467
0.198232
0.197762
0.197371
0.197136
0.196666
0.196510
0.196118
0.196040
0.195257
0.195023
0.194475
0.194240
0.193770
0.193301
0.193222
0.192675
0.192518
0.192048
0.191579
0.191109
0.190874
0.190248
0.189935
0.189544
0.188996
0.188839
0.188605
0.188291
0.187900
0.187039
0.187196
0.186804
0.186256
0.186022
0.185395
0.185161
0.184926
0.184691
0.184065
0.183752
0.183439
0.182969
0.182891
0.182421
0.182108
0.181717
0.181482
0.180934
0.180386
0.180151
0.179604
0.179369
0.178899
0.178821
0.178351
0.177960
0.177882
0.177647
0.176708
0.176473
0.176316
0.175925
0.175612
0.175220
0.174751
0.174516
0.174281
0.173890
0.173342
0.173029
0.172794
0.172011
0.172011
0.171933
0.171229
0.170994
0.170602
0.170211
0.169820
0.169350
0.169272
0.168881
0.168254
0.168020
0.167785
0.167628
0.167159
0.166846
0.166689
0.166141
0.165593
0.165515
0.165124
0.164732
0.164341
0.163950
0.163793
0.163245
0.163323
0.162619
0.162462
0.161915
0.161601
0.161132
0.160584
0.160584
0.159723
0.159566
0.159097
0.158392
0.158392
0.157766
0.157453
0.156905
0.156905
0.156827
0.156123
0.155888
0.155340
0.155262
0.154635
0.154322
0.154166
0.153461
0.153305
0.152992
0.152757
0.152209
0.152209
0.151739
0.151426
0.150800
0.150252
0.149861
0.149704
0.149548
0.148843
0.148452
0.147904
0.147669
0.147356
0.147043
0.146574
0.146182
0.145791
0.145400
0.145400
0.145087
0.144539
0.144460
0.143678
0.143365
0.143052
0.142817
0.142425
0.142269
0.141799
0.141721
0.141173
0.140703
0.140703
0.140234
0.139529
0.139060
0.139138
0.138668
0.138121
0.137807
0.137573
0.136946
0.136320
0.136007
0.135772
0.135851
0.135616
0.134911
0.134598
0.134364
0.134129
0.133424
0.132876
0.132407
0.132094
0.131781
0.131702
0.131233
0.131155
0.130528
0.130137
0.129824
0.129041
0.128885
0.128415
0.128259
0.127789
0.127554
0.127241
0.126693
0.126458
0.125989
0.125363
0.124658
0.124423
0.124267
0.123954
0.123406
0.123249
0.122701
0.122388
0.122153
0.121527
0.121214
0.120588
0.120588
0.119649
0.119649
0.119258
0.118631
0.118162
0.117614
0.117066
0.116440
0.116518
0.116205
0.115970
0.115657
0.115109
0.114874
0.114327
0.113622
0.113231
0.112839
0.112526
0.112057
0.111587
0.111431
0.111196
0.110726
0.110491
0.109865
0.109474
0.108769
0.108456
0.108143
0.107752
0.107517
0.107126
0.106813
0.106265
0.105717
0.105012
0.104778
0.104621
0.104386
0.104073
0.103604
0.103525
0.103056
0.102430
0.101725
0.101490
0.100942
0.100786
0.100708
0.099925
0.099847
0.099299
0.098673
0.098203
0.097655
0.097029
0.096638
0.096481
0.096090
0.095855
0.095385
0.095229
0.094603
0.094055
0.093742
0.092881
0.092646
0.092568
0.092176
0.091628
0.090924
0.090846
0.090611
0.089985
0.089672
0.088732
0.088341
0.088028
0.087871
0.087480
0.086854
0.086776
0.086149
0.085288
0.084975
0.084897
0.084271
0.084271
0.083880
0.083723
0.083019
0.082706
0.082471
0.081453
0.080827
0.080592
0.080123
0.079575
0.079340
0.078870
0.078401
0.078244
0.077696
0.076992
0.076522
0.076444
0.076287
0.075740
0.075426
0.074957
0.074565
0.074174
0.073704
0.073391
0.072844
0.072217
0.072139
0.071669
0.071043
0.070965
0.070339
0.069713
0.069400
0.068852
0.068382
0.068147
0.067599
0.067286
0.066973
0.066660
0.066269
0.066034
0.065408
0.064703
0.064156
0.063999
0.063842
0.063451
0.062903
0.062512
0.062199
0.061573
0.061103
0.060633
0.060242
0.059772
0.059616
0.059225
0.058364
0.057894
0.057503
0.057268
0.056798
0.056329
0.056094
0.055937
0.054920
0.054998
0.054372
0.054059
0.053589
0.053354
0.053041
0.052415
0.051867
0.051476
0.051163
0.051006
0.050302
0.050067
0.049676
0.049206
0.048658
0.048502
0.047954
0.047406
0.047093
0.046858
0.046467
0.045762
0.045293
0.044745
0.044588
0.044353
0.043805
0.043571
0.043179
0.042631
0.041927
0.041536
0.041066
0.040909
0.040205
0.039892
0.039031
0.038953
0.038483
0.037935
0.037466
0.037074
0.036605
0.036135
0.035822
0.035117
0.034961
0.034570
0.034335
0.033865
0.033317
0.032613
0.032221
0.032065
0.031517
0.031047
0.030421
0.030108
0.029639
0.029482
0.028699
0.028230
0.027995
0.027525
0.026977
0.026430
0.025960
0.025412
0.025177
0.024708
0.024395
0.023690
0.023299
0.022673
0.022516
0.021968
0.021420
0.021185
0.020559
0.020090
0.019698
0.019150
0.018446
0.018133
0.017742
0.017350
0.016724
0.016568
0.016176
0.015550
0.014924
0.014454
0.014141
0.013515
0.013202
0.012654
0.012341
0.011793
0.011637
0.010854
0.010149
0.009367
0.008662
0.008584
0.008193
0.007567
0.007410
0.006627
0.006392
0.005766
0.005062
0.004749
0.003966
0.003888
0.003418
0.003183
0.002401
0.002322
0.001853
0.001383
0.000757
0.000287
-0.000260
-0.000574
-0.001043
-0.001591
-0.001904
-0.002452
-0.002922
-0.002922
-0.003783
-0.004330
-0.004800
-0.005035
-0.005505
-0.005896
-0.006287
-0.006992
-0.007618
-0.007774
-0.008166
-0.009105
-0.009731
-0.010044
-0.010670
-0.011375
-0.011375
-0.011766
-0.012471
-0.012784
-0.013566
-0.014349
-0.015053
-0.015210
-0.015758
-0.016228
-0.016775
-0.017167
-0.017793
-0.018106
-0.018576
-0.019437
-0.019984
-0.020532
-0.021002
-0.021159
-0.021785
-0.022254
-0.023115
-0.023272
-0.023976
-0.024602
-0.025385
-0.025933
-0.026324
-0.026794
-0.027029
-0.027577
-0.028281
-0.028751
-0.029220
-0.030003
-0.030473
-0.031020
-0.031177
-0.031803
-0.032586
-0.032821
-0.033525
-0.033682
-0.034464
-0.035247
-0.036030
-0.036578
-0.036969
-0.037439
-0.037908
-0.038221
-0.039004
-0.039395
-0.040256
-0.040961
-0.041900
-0.042526
-0.042918
-0.043231
-0.043935
-0.044248
-0.044718
-0.045031
-0.045813
-0.046440
-0.047301
-0.047692
-0.048318
-0.048396
-0.049257
-0.050040
-0.050431
-0.051371
-0.051997
-0.053014
-0.053562
-0.053797
-0.054188
-0.054658
-0.055441
-0.056223
-0.056458
-0.057241
-0.057710
-0.058728
-0.059198
-0.059746
-0.060059
-0.060606
-0.060920
-0.062015
-0.062328
-0.062876
-0.063581
-0.064207
-0.064833
-0.065381
-0.065772
-0.066320
-0.067025
-0.067572
-0.068120
-0.068747
-0.069138
-0.070312
-0.071173
-0.071564
-0.071799
-0.072034
-0.073051
-0.073364
-0.073991
-0.074382
-0.075321
-0.075869
-0.076417
-0.077043
-0.077356
-0.078061
-0.078609
-0.079078
-0.080252
-0.080565
-0.081426
-0.082365
-0.082913
-0.083226
-0.083696
-0.084166
-0.084870
-0.085575
-0.086201
-0.086827
-0.087296
-0.087923
-0.088549
-0.088784
-0.089331
-0.090036
-0.090506
-0.091053
-0.091836
-0.092541
-0.093088
-0.093715
-0.094576
-0.094967
-0.095358
-0.095984
-0.096376
-0.097002
-0.097315
-0.098019
-0.098724
-0.099428
-0.100133
-0.100994
-0.101229
-0.101855
-0.102403
-0.102716
-0.103655
-0.104203
-0.104907
-0.105533
-0.106159
-0.106942
-0.107490
-0.107881
-0.108429
-0.109055
-0.109603
-0.110464
-0.111247
-0.111717
-0.112578
-0.113282
-0.113595
-0.114221
-0.114769
-0.115239
-0.116021
-0.116882
-0.117430
-0.117978
-0.118683
-0.119700
-0.120326
-0.121109
-0.121735
-0.122205
-0.122596
-0.123614
-0.124083
-0.124788
-0.125336
-0.126275
-0.127214
-0.127292
-0.127762
-0.128310
-0.128858
-0.129875
-0.130501
-0.131206
-0.131519
-0.132693
-0.133397
-0.134024
-0.134415
-0.134806
-0.135432
-0.136215
-0.136763
-0.137389
-0.138328
-0.139111
-0.139816
-0.140363
-0.141068
-0.141694
-0.142007
-0.142946
-0.143572
-0.144042
-0.144825
-0.145451
-0.146390
-0.146938
-0.147721
-0.148112
-0.148582
-0.149521
-0.150225
-0.151086
-0.151478
-0.152260
-0.153278
-0.153904
-0.154217
-0.154922
-0.155626
-0.156330
-0.156957
-0.157504
-0.158287
-0.159070
-0.160322
-0.161183
-0.161653
-0.162122
-0.162514
-0.163296
-0.164079
-0.164784
-0.165253
-0.166349
-0.166897
-0.167680
-0.168149
-0.168697
-0.169245
-0.169949
-0.170889
-0.171671
-0.172219
-0.172924
-0.173628
-0.174254
-0.175193
-0.175741
-0.176133
-0.176837
-0.177698
-0.178559
-0.178872
-0.179420
-0.180203
-0.180985
-0.181925
-0.182394
-0.182942
-0.183647
-0.184429
-0.185525
-0.186229
-0.186777
-0.187482
-0.187873
-0.188734
-0.189360
-0.189908
-0.190456
-0.191004
-0.191943
-0.193117
-0.193509
-0.194213
-0.194839
-0.195857
-0.196248
-0.196639
-0.197187
-0.197735
-0.199222
-0.200162
-0.200709
-0.201022
-0.201962
-0.202823
-0.203371
-0.203997
-0.204075
-0.204545
-0.205484
-0.206580
-0.207362
-0.207832
-0.208302
-0.208849
-0.209554
-0.210102
-0.210728
-0.211354
-0.212293
-0.212919
-0.213624
-0.214250
-0.214720
-0.215659
-0.216207
-0.217068
-0.217616
-0.217694
-0.218398
-0.219259
-0.220277
-0.221138
-0.221686
-0.222390
-0.222625
-0.223251
-0.224034
-0.224660
-0.225051
-0.225443
-0.226460
-0.227712
-0.227791
-0.228495
-0.229121
-0.229434
-0.230139
-0.230922
-0.231391
-0.231939
-0.232643
-0.233583
-0.234209
-0.234992
-0.234992
-0.235696
-0.236479
-0.237418
-0.237888
-0.238122
-0.238749
-0.239531
-0.240862
-0.240940
-0.241645
-0.242192
-0.243132
-0.243601
-0.244227
-0.244619
-0.244932
-0.245871
-0.246810
-0.247593
-0.247750
-0.248376
-0.248376
-0.249002
-0.249785
-0.250176
-0.250880
-0.251350
-0.252054
-0.252759
-0.253228
-0.253620
-0.254246
-0.254481
-0.255498
-0.255890
-0.256281
-0.256594
-0.257377
-0.258316
-0.258864
-0.259412
-0.259568
-0.259960
-0.260664
-0.260899
-0.261916
-0.262073
-0.262464
-0.263638
-0.264264
-0.264656
-0.264969
-0.265125
-0.265752
-0.266143
-0.266769
-0.267239
-0.267395
-0.267943
-0.268882
-0.269509
-0.269822
-0.270291
-0.270683
-0.270996
-0.271622
-0.271935
-0.272326
-0.272796
-0.273344
-0.273813
-0.274283
-0.274831
-0.275457
-0.275222
-0.275848
-0.276553
-0.276788
-0.277414
-0.277883
-0.278275
-0.279057
-0.278979
-0.279762
-0.279918
-0.280388
-0.280701
-0.280701
-0.281562
-0.281562
-0.282423
-0.282814
-0.283049
-0.283441
-0.284067
-0.283988
-0.284615
-0.285006
-0.285006
-0.285554
-0.285945
-0.286650
-0.286806
-0.287432
-0.287432
-0.287745
-0.288058
-0.288137
-0.288450
-0.288528
-0.289154
-0.289546
-0.289624
-0.290015
-0.290250
-0.290876
-0.290876
-0.291033
-0.291268
-0.291737
-0.291737
-0.292285
-0.292363
-0.292833
-0.293381
-0.293537
-0.293537
-0.294085
-0.294398
-0.294555
-0.294555
-0.294868
-0.295338
-0.295259
-0.295651
-0.296120
-0.296355
-0.296512
-0.296825
-0.296903
-0.297294
-0.297294
-0.297607
-0.297529
-0.298077
-0.298155
-0.298547
-0.298547
-0.298781
-0.298860
-0.299408
-0.299486
-0.299486
-0.299877
-0.300269
-0.300190
-0.300347
-0.300582
-0.300816
-0.301364
-0.301443
-0.301521
-0.301364
-0.301677
-0.301677
-0.301756
-0.302304
-0.302382
-0.302695
-0.302695
-0.302851
-0.303165
-0.302930
-0.302851
-0.303086
-0.303165
-0.303321
-0.303791
-0.303869
-0.303478
-0.304104
-0.303869
-0.303869
-0.303712
-0.303869
-0.304104
-0.304339
-0.304260
-0.304730
-0.304573
-0.304573
-0.304730
-0.305121
-0.305200
-0.304965
-0.304965
-0.304965
-0.305121
-0.305200
-0.304808
-0.305278
-0.305747
-0.305434
-0.305513
-0.305434
-0.305356
-0.305434
-0.305434
-0.305747
-0.305356
-0.305591
-0.305826
-0.305982
-0.306139
-0.306061
-0.305982
-0.305904
-0.305826
-0.305904
-0.305747
-0.305904
-0.305826
-0.306217
-0.306061
-0.305982
-0.305904
-0.305826
-0.305982
-0.306061
-0.305982
-0.305904
-0.305826
-0.305669
-0.306139
-0.306061
-0.306139
-0.306139
-0.305982
-0.305826
-0.305904
-0.305591
-0.305591
-0.305591
-0.305747
-0.305904
-0.305669
-0.305826
-0.305826
-0.305513
-0.305669
-0.305434
-0.305278
-0.305278
-0.305121
-0.305278
-0.305200
-0.305200
-0.305200
-0.305356
-0.305121
-0.305200
-0.305121
-0.304965
-0.304887
-0.304965
-0.305043
-0.305356
-0.305043
-0.305278
-0.305200
-0.304808
-0.304495
-0.304417
-0.304417
-0.304573
-0.304573
-0.304260
-0.304495
-0.304573
-0.304260
-0.304652
-0.304260
-0.304417
-0.303869
-0.304495
-0.304104
-0.304182
-0.303791
-0.304104
-0.304260
-0.303947
-0.304104
-0.303947
-0.303791
-0.303556
-0.303478
-0.303321
-0.303399
-0.303165
-0.303399
-0.303243
-0.303321
-0.303165
-0.303243
-0.303165
-0.303008
-0.302851
-0.302695
-0.302695
-0.302617
-0.302695
-0.302695
-0.303008
-0.302851
-0.302382
-0.302304
-0.302382
-0.302382
-0.302538
-0.302460
-0.302304
-0.302225
-0.302382
-0.302069
-0.301756
-0.301599
-0.301912
-0.301756
-0.301912
-0.301834
-0.301521
-0.301521
-0.301443
-0.301677
-0.301677
-0.301521
-0.301130
-0.301130
-0.301051
-0.301364
-0.300895
-0.300738
-0.300738
-0.300582
-0.300738
-0.300816
-0.300895
-0.300503
-0.300503
-0.300347
-0.300269
-0.300347
-0.300503
-0.300112
-0.300425
-0.300190
-0.299956
-0.299956
-0.300190
-0.299721
-0.299486
-0.299486
-0.299564
-0.299564
-0.299642
-0.299642
-0.299564
-0.299564
-0.299564
-0.299486
-0.299251
-0.299329
-0.299408
-0.299173
-0.299251
-0.298938
-0.298860
-0.298625
-0.298860
-0.298703
-0.298625
-0.298390
-0.298703
-0.298625
-0.298860
-0.298703
-0.298703
-0.298781
-0.298390
-0.298781
-0.298390
-0.298781
-0.298468
-0.298312
-0.298468
-0.298703
-0.298860
-0.298547
-0.298468
-0.298077
-0.298468
-0.298625
-0.298390
-0.298155
-0.298155
-0.298390
-0.298547
-0.298390
-0.298234
-0.298155
-0.298155
-0.298234
-0.298155
-0.297920
-0.298155
-0.298234
-0.297842
-0.297842
-0.298155
-0.298312
-0.297999
-0.297842
-0.298155
-0.297999
-0.298077
-0.298077
-0.298155
-0.297999
-0.297999
-0.298234
-0.298312
-0.298312
-0.297999
-0.297842
-0.297842
-0.298234
-0.298155
-0.298077
-0.297920
-0.298312
-0.298155
-0.298312
-0.297999
-0.298390
-0.298390
-0.298312
-0.298390
-0.298077
-0.298234
-0.298390
-0.298703
-0.298547
-0.298547
-0.298468
-0.298155
-0.298781
-0.298781
-0.298781
-0.298703
-0.298234
-0.298625
-0.298703
-0.298703
-0.299095
-0.298781
-0.298703
-0.298703
-0.298625
-0.298703
-0.298625
-0.298703
-0.298860
-0.299095
-0.299095
-0.299173
-0.299095
-0.299173
-0.299095
-0.299095
-0.299173
-0.299408
-0.299564
-0.299408
-0.299799
-0.299642
-0.299799
-0.299564
-0.299877
-0.299408
-0.299642
-0.299564
-0.299799
-0.300034
-0.299956
-0.300034
-0.300347
-0.300503
-0.300582
-0.300425
-0.300503
-0.300582
-0.300660
-0.300425
-0.300816
-0.301051
-0.301130
-0.301208
-0.301208
-0.301443
-0.301286
-0.301130
-0.301130
-0.301364
-0.301364
-0.301599
-0.301834
-0.302304
-0.302147
-0.302147
-0.302147
-0.302069
-0.302225
-0.302538
-0.302304
-0.302382
-0.302695
-0.302851
-0.302851
-0.303321
-0.303399
-0.303165
-0.303165
-0.303321
-0.303165
-0.303243
-0.303399
-0.303399
-0.303556
-0.303634
-0.303947
-0.304104
-0.304339
-0.304573
-0.304339
-0.304730
-0.304495
-0.304573
-0.304730
-0.304652
-0.305200
-0.305200
-0.305591
-0.305513
-0.305513
-0.305747
-0.306061
-0.305904
-0.305826
-0.306139
-0.306139
-0.306295
-0.306452
-0.306530
-0.306765
-0.307000
-0.306922
-0.306843
-0.306765
-0.307313
-0.307391
-0.307313
-0.307235
-0.307469
-0.307704
-0.307782
-0.308096
-0.308017
-0.307861
-0.308252
-0.308174
-0.308409
-0.308409
-0.308330
-0.308643
-0.308800
-0.309113
-0.309504
-0.309426
-0.309426
-0.309426
-0.309426
-0.309661
-0.309818
-0.310131
-0.310444
-0.310287
-0.310444
-0.310913
-0.311070
-0.310992
-0.310992
-0.311226
-0.311226
-0.311461
-0.311539
-0.311696
-0.311931
-0.312400
-0.312087
-0.312557
-0.312713
-0.312322
-0.312713
-0.312870
-0.313027
-0.313105
-0.313183
-0.313496
-0.314044
-0.314044
-0.314044
-0.314044
-0.314279
-0.314670
-0.314357
-0.314748
-0.314670
-0.315140
-0.314827
-0.315140
-0.315140
-0.315140
-0.315923
-0.315923
-0.315923
-0.316157
-0.316001
-0.316314
-0.316392
-0.316627
-0.316862
-0.317018
-0.317253
-0.317175
-0.317488
-0.317488
-0.317410
-0.317801
-0.317879
-0.317879
-0.318271
-0.318427
-0.318427
-0.318505
-0.319053
-0.319210
-0.319210
-0.319366
-0.319679
-0.319836
-0.320149
-0.320306
-0.320384
-0.320462
-0.320697
-0.321010
-0.321167
-0.321636
-0.321636
-0.321871
-0.321636
-0.321793
-0.322184
-0.322341
-0.322341
-0.322497
-0.322732
-0.322889
-0.323123
-0.323280
-0.323280
-0.323593
-0.324063
-0.323906
-0.324141
-0.324219
-0.324532
-0.324610
-0.324845
-0.325237
-0.325237
-0.325550
-0.325550
-0.325941
-0.326019
-0.326411
-0.326646
-0.326646
-0.326646
-0.327272
-0.327272
-0.327741
-0.327820
-0.327898
-0.328289
-0.328367
-0.328289
-0.328602
-0.329150
-0.328837
-0.329307
-0.329463
-0.329776
-0.329933
-0.329620
-0.330011
-0.330402
-0.330559
-0.330637
-0.330716
-0.331185
-0.331498
-0.331342
-0.331968
-0.331968
-0.332046
-0.332359
-0.332672
-0.332907
-0.332985
-0.333220
-0.333298
-0.333533
-0.333846
-0.334003
-0.334159
-0.334159
-0.334551
-0.334942
-0.335255
-0.335412
-0.335647
-0.335568
-0.335568
-0.335881
-0.336273
-0.336351
-0.336429
-0.336821
-0.337055
-0.336977
-0.337290
-0.337760
-0.337525
-0.337838
-0.338151
-0.338386
-0.338464
-0.338699
-0.339090
-0.339169
-0.339403
-0.339717
-0.340030
-0.340343
-0.340343
-0.340891
-0.340656
-0.340891
-0.341204
-0.341517
-0.341752
-0.342065
-0.341830
-0.342534
-0.342691
-0.342691
-0.343160
-0.343160
-0.343239
-0.343395
-0.343787
-0.344021
-0.344178
-0.344726
-0.344726
-0.344961
-0.345352
-0.345274
-0.345430
-0.345665
-0.346213
-0.346135
-0.346135
-0.346526
-0.346448
-0.346683
-0.346996
-0.347309
-0.347387
-0.347700
-0.347857
-0.348013
-0.348326
-0.348561
-0.348718
-0.348874
-0.348874
-0.349265
-0.349500
-0.349735
-0.350126
-0.350283
-0.350596
-0.350831
-0.350831
-0.351066
-0.351300
-0.351535
-0.351927
-0.352005
-0.352396
-0.352553
-0.352631
-0.352788
-0.353179
-0.353649
-0.353336
-0.353805
-0.353805
-0.354275
-0.354353
-0.354510
-0.354901
-0.355136
-0.355292
-0.355605
-0.355527
-0.355997
-0.356075
-0.356388
-0.357014
-0.356858
-0.357406
-0.357249
-0.357640
-0.357875
-0.358267
-0.358501
-0.358501
-0.358971
-0.359206
-0.359519
-0.359832
-0.359910
-0.360067
-0.360615
-0.360771
-0.361006
-0.361397
-0.361789
-0.361945
-0.362258
-0.362258
-0.362806
-0.362963
-0.363354
-0.363667
-0.363980
-0.364293
-0.364372
-0.364450
-0.364919
-0.365154
-0.365154
-0.365780
-0.365780
-0.366250
-0.366485
-0.366485
-0.366798
-0.366720
-0.366954
-0.367581
-0.367659
-0.367894
-0.368207
-0.368442
-0.368676
-0.368755
-0.368989
-0.369381
-0.369303
-0.369459
-0.369694
-0.369772
-0.370085
-0.370477
-0.370555
-0.371024
-0.371181
-0.371338
-0.371885
-0.372199
-0.372355
-0.372981
-0.372825
-0.373138
-0.373216
-0.373686
-0.373842
-0.374234
-0.374077
-0.374625
-0.374781
-0.375016
-0.375564
-0.375642
-0.375486
-0.376034
-0.376347
-0.376347
-0.376582
-0.376973
-0.377130
-0.377286
-0.377834
-0.377912
-0.378382
-0.378617
-0.378851
-0.379165
-0.379399
-0.379634
-0.379869
-0.380026
-0.380573
-0.380730
-0.381200
-0.381278
-0.381434
-0.381826
-0.381826
-0.382139
-0.382687
-0.382765
-0.383078
-0.383313
-0.383782
-0.384017
-0.383939
-0.384487
-0.384878
-0.384957
-0.384957
-0.385113
-0.385348
-0.385426
-0.386052
-0.386131
-0.386600
-0.386678
-0.387226
-0.387461
-0.387774
-0.388166
-0.388244
-0.388792
-0.388792
-0.389183
-0.389105
-0.389261
-0.389653
-0.389731
-0.390279
-0.390514
-0.390905
-0.391218
-0.391375
-0.391766
-0.391766
-0.392079
-0.392549
-0.392783
-0.392783
-0.393018
-0.393488
-0.393723
-0.394114
-0.394349
-0.394505
-0.394897
-0.395210
-0.395601
-0.395679
-0.395679
-0.396071
-0.396384
-0.396619
-0.396775
-0.397401
-0.397558
-0.397714
-0.397871
-0.398262
-0.398497
-0.398497
-0.399123
-0.399358
-0.399828
-0.399828
-0.400063
-0.400610
-0.400532
-0.401002
-0.401471
-0.401628
-0.401706
-0.402254
-0.402489
-0.402880
-0.403115
-0.403428
-0.403585
-0.403898
-0.404211
-0.404211
-0.404446
-0.404759
-0.405385
-0.405463
-0.405776
-0.405776
-0.406011
-0.406402
-0.406950
-0.406716
-0.407263
-0.407655
-0.408124
-0.407890
-0.408359
-0.408516
-0.408985
-0.409377
-0.409690
-0.410081
-0.410316
-0.410786
-0.410786
-0.411020
-0.411333
-0.411647
-0.412116
-0.411803
-0.412507
-0.412821
-0.412821
-0.413290
-0.413134
-0.413525
-0.413682
-0.414073
-0.414151
-0.414621
-0.414856
-0.415325
-0.415482
-0.415482
-0.415638
-0.416264
-0.416421
-0.416812
-0.417438
-0.417282
-0.417438
-0.417595
-0.417830
-0.418143
-0.418378
-0.418769
-0.419004
-0.419395
-0.419473
-0.419552
-0.419943
-0.420726
-0.420726
-0.421039
-0.421430
-0.421587
-0.421587
-0.421900
-0.422135
-0.422526
-0.422917
-0.422839
-0.423152
-0.423309
-0.423622
-0.424248
-0.424404
-0.424561
-0.424796
-0.425109
-0.425344
-0.425579
-0.425735
-0.425892
-0.426439
-0.426674
-0.426753
-0.427300
-0.427457
-0.427927
-0.427848
-0.428161
-0.428553
-0.428866
-0.429257
-0.429022
-0.429649
-0.429570
-0.429727
-0.430431
-0.430744
-0.430744
-0.431057
-0.431292
-0.431762
-0.431762
-0.431918
-0.432623
-0.432779
-0.433014
-0.433171
-0.433327
-0.433875
-0.434188
-0.434501
-0.434423
-0.434736
-0.434893
-0.435284
-0.435597
-0.436067
-0.436458
-0.436458
-0.436771
-0.437084
-0.437476
-0.437710
-0.437789
-0.438337
-0.438571
-0.438650
-0.438963
-0.439354
-0.439745
-0.439745
-0.440450
-0.440606
-0.440998
-0.441232
-0.441624
-0.442015
-0.442172
-0.442407
-0.442798
-0.443111
-0.443346
-0.443737
-0.443815
-0.444207
-0.444520
-0.444598
-0.444755
-0.444911
-0.445224
-0.445616
-0.445850
-0.445850
-0.446398
-0.446633
-0.447181
-0.447572
-0.447729
-0.447807
-0.448042
-0.448120
-0.448355
-0.448746
-0.448981
-0.449294
-0.449373
-0.449764
-0.450312
-0.450625
-0.450781
-0.451094
-0.451408
-0.451486
-0.452112
-0.452112
-0.452425
-0.452503
-0.452973
-0.453443
-0.453677
-0.453912
-0.454382
-0.454538
-0.454930
-0.455086
-0.455321
-0.455791
-0.455791
-0.456104
-0.456652
-0.457043
-0.456965
-0.457356
-0.457669
-0.457669
-0.458295
-0.458374
-0.458843
-0.458843
-0.459548
-0.459626
-0.459939
-0.460487
-0.460487
-0.460878
-0.461348
-0.461504
-0.461817
-0.462131
-0.462287
-0.462600
-0.463148
-0.463461
-0.463461
-0.463774
-0.464009
-0.464322
-0.464870
-0.465183
-0.465340
-0.465496
-0.465887
-0.465809
-0.466044
-0.466435
-0.466905
-0.467218
-0.467531
-0.467609
-0.467766
-0.468157
-0.468627
-0.468705
-0.468783
-0.469018
-0.469410
-0.469801
-0.469801
-0.470427
-0.471053
-0.471210
-0.471210
-0.471914
-0.471914
-0.472227
-0.472306
-0.472853
-0.473167
-0.473245
-0.473793
-0.473714
-0.474106
-0.474497
-0.474810
-0.475202
-0.475515
-0.475749
-0.475906
-0.476141
-0.476297
-0.476924
-0.477237
-0.477237
-0.477706
-0.477863
-0.478098
-0.478567
-0.478880
-0.479193
-0.479193
-0.479663
-0.479819
-0.480133
-0.480602
-0.480759
-0.481072
-0.481463
-0.482011
-0.482246
-0.482559
-0.482637
-0.483263
-0.483420
-0.483733
-0.484124
-0.484437
-0.484985
-0.485142
-0.485455
-0.485533
-0.485846
-0.486316
-0.486786
-0.486786
-0.487177
-0.487255
-0.487412
-0.487881
-0.488194
-0.488429
-0.488899
-0.489290
-0.489603
-0.489760
-0.489995
-0.490308
-0.490699
-0.490856
-0.491325
-0.491247
-0.491560
-0.491951
-0.492421
-0.492734
-0.493360
-0.493438
-0.493673
-0.494065
-0.494143
-0.494299
-0.494691
-0.495004
-0.495317
-0.495552
-0.495552
-0.496178
-0.496647
-0.496961
-0.497039
-0.497352
-0.497665
-0.497978
-0.498291
-0.498213
-0.498917
-0.498761
-0.499152
-0.499465
-0.499857
-0.500091
-0.500483
-0.500561
-0.501109
-0.501422
-0.501657
-0.501813
-0.502048
-0.502674
-0.502753
-0.502987
-0.503457
-0.503927
-0.504083
-0.504396
-0.504788
-0.504944
-0.505179
-0.505414
-0.506040
-0.506118
-0.506275
-0.506979
-0.507057
-0.507136
-0.507449
-0.508231
-0.507997
-0.508623
-0.508936
-0.509014
-0.509327
-0.509484
-0.509797
-0.509875
-0.510501
-0.510658
-0.511049
-0.511362
-0.511362
-0.511754
-0.512301
-0.512615
-0.512928
-0.513397
-0.513554
-0.513710
-0.513945
-0.514336
-0.514728
-0.515041
-0.515354
-0.515432
-0.516058
-0.516058
-0.516215
-0.516763
-0.516998
-0.517467
-0.517389
-0.517859
-0.518093
-0.518407
-0.518485
-0.518876
-0.519346
-0.519502
-0.520050
-0.520050
-0.520363
-0.520755
-0.520989
-0.521616
-0.521929
-0.522085
-0.522555
-0.522242
-0.522790
-0.523181
-0.523494
-0.523651
-0.524355
-0.524590
-0.524668
-0.524825
-0.525059
-0.525373
-0.525607
-0.525920
-0.526468
-0.526390
-0.526703
-0.527094
-0.527564
-0.527642
-0.527955
-0.528503
-0.528738
-0.528816
-0.529051
-0.529051
-0.529599
-0.529912
-0.529912
-0.530304
-0.530538
-0.531243
-0.531478
-0.531712
-0.531791
-0.532182
-0.532260
-0.532652
-0.533043
-0.533434
-0.533669
-0.533982
-0.534217
-0.534217
-0.534765
-0.535000
-0.535156
-0.535391
-0.535939
-0.536174
-0.536174
-0.536487
-0.536800
-0.537191
-0.537504
-0.537739
-0.538209
-0.538130
-0.538678
-0.538913
-0.539226
-0.539618
-0.539931
-0.540009
-0.540479
-0.540557
-0.540870
-0.541340
-0.541653
-0.542201
-0.542435
-0.542279
-0.542592
-0.543296
-0.543218
-0.544001
-0.544157
-0.544157
-0.544549
-0.545018
-0.545253
-0.545253
-0.545723
-0.546192
-0.546349
-0.546662
-0.546975
-0.547288
-0.547601
-0.547836
-0.548071
-0.548227
-0.548697
-0.548697
-0.549088
-0.549245
-0.549480
-0.549793
-0.549871
-0.550419
-0.550654
-0.550888
-0.551045
-0.551280
-0.551828
-0.551828
-0.552297
-0.552610
-0.553237
-0.552923
-0.553315
-0.553550
-0.554019
-0.554019
-0.554176
-0.554724
-0.554880
-0.555037
-0.555663
-0.556054
-0.556446
-0.556837
-0.556759
-0.556602
-0.557228
-0.557620
-0.557776
-0.558011
-0.558246
-0.558715
-0.558794
-0.559342
-0.559889
-0.560046
-0.560281
-0.560985
-0.561377
-0.561768
-0.561925
-0.562551
-0.562707
-0.563099
-0.563255
-0.563490
-0.563803
-0.564038
-0.564351
-0.564351
-0.564899
-0.565055
-0.565212
-0.565760
-0.566151
-0.566151
-0.566464
-0.566777
-0.567325
-0.567247
-0.567795
-0.568108
-0.568030
-0.568577
-0.568734
-0.568969
-0.569438
-0.569595
-0.569751
-0.570299
-0.570456
-0.570847
-0.571395
-0.571552
-0.571943
-0.572100
-0.572256
-0.573117
-0.573117
-0.573352
-0.573900
-0.574056
-0.574369
-0.574604
-0.574917
-0.575465
-0.575230
-0.575778
-0.576091
-0.576483
-0.576796
-0.576874
-0.577109
-0.577500
-0.577735
-0.577970
-0.578126
-0.578361
-0.578518
-0.579066
-0.579379
-0.579613
-0.580083
-0.580161
-0.580866
-0.580788
-0.581335
-0.581805
-0.581883
-0.581962
-0.582588
-0.582901
-0.583136
-0.583370
-0.583684
-0.584075
-0.584075
-0.584544
-0.584701
-0.584858
-0.585171
-0.585484
-0.586110
-0.586345
-0.586423
-0.586971
-0.587049
-0.587440
-0.587910
-0.588301
-0.588615
-0.588849
-0.589084
-0.589084
-0.589475
-0.590102
-0.590023
-0.590336
-0.590728
-0.591041
-0.591510
-0.592137
-0.592058
-0.592685
-0.592685
-0.592919
-0.592998
-0.593546
-0.594015
-0.594093
-0.594485
-0.594720
-0.595267
-0.595502
-0.595815
-0.596128
-0.596285
-0.596755
-0.596755
-0.597224
-0.597381
-0.597772
-0.598007
-0.598398
-0.598868
-0.599024
-0.599494
-0.599651
-0.600120
-0.600433
-0.600746
-0.600825
-0.601372
-0.601686
-0.602233
-0.602547
-0.602860
-0.603094
-0.603407
-0.603251
-0.603955
-0.604034
-0.604425
-0.605051
-0.605443
-0.605443
-0.605677
-0.606147
-0.606538
-0.606538
-0.606930
-0.607243
-0.607399
-0.607791
-0.608025
-0.607947
-0.608652
-0.608808
-0.609121
-0.609356
-0.609904
-0.610139
-0.610765
-0.610608
-0.611234
-0.611234
-0.611469
-0.611704
-0.612252
-0.612487
-0.612800
-0.613113
-0.613426
-0.613974
-0.614365
-0.614522
-0.614757
-0.615148
-0.615305
-0.615461
-0.615696
-0.615774
-0.616244
-0.616479
-0.616635
-0.617105
-0.617496
-0.617574
-0.618044
-0.617809
-0.618435
-0.619061
-0.618827
-0.619218
-0.619296
-0.619688
-0.620314
-0.620314
-0.620862
-0.621096
-0.621488
-0.621801
-0.621879
-0.622349
-0.622662
-0.622740
-0.623131
-0.623210
-0.623836
-0.623992
-0.624384
-0.624775
-0.624775
-0.625088
-0.625636
-0.626027
-0.626341
-0.626497
-0.626654
-0.627280
-0.627202
-0.627436
-0.627749
-0.628062
-0.628297
-0.628689
-0.628767
-0.629080
-0.629393
-0.629941
-0.630176
-0.630489
-0.630880
-0.631115
-0.631350
-0.631506
-0.631819
-0.632211
-0.632602
-0.632837
-0.632837
-0.633463
-0.633620
-0.633698
-0.634168
-0.634324
-0.634559
-0.634715
-0.635185
-0.635498
-0.635733
-0.635889
-0.636516
-0.637064
-0.636985
-0.637220
-0.637533
-0.637846
-0.638551
-0.638551
-0.638551
-0.639099
-0.639646
-0.639881
-0.639881
-0.640351
-0.640664
-0.641055
-0.641447
-0.641760
-0.642073
-0.641916
-0.642386
-0.642699
-0.642621
-0.643247
-0.643560
-0.644264
-0.644343
-0.644577
-0.644969
-0.645125
-0.645360
-0.645751
-0.645830
-0.645986
-0.646221
-0.647082
-0.647160
-0.647239
-0.647473
-0.648021
-0.648256
-0.648726
-0.648961
-0.648804
-0.649274
-0.649665
-0.649665
