6222.180
6208.500
6201.880
6200.890
6203.660
6209.320
6216.960
6225.990
6235.950
6246.620
6257.940
6269.460
6281.730
6293.780
6306.190
6318.940
6331.030
6343.800
6356.790
6369.370
6382.500
6395.320
6408.310
6421.200
6434.030
6447.060
6459.980
6473.080
6486.050
6498.680
6511.570
6524.720
6537.600
6550.460
6563.250
6576.160
6589.350
6602.340
6615.230
6628.050
6641.060
6653.990
6667.010
6680.050
6693.000
6706.010
6718.790
6732.120
6745.180
6757.950
6771.090
6783.850
6797.010
6810.210
6822.770
6835.550
6848.450
6861.640
6874.570
6887.560
6900.480
6913.420
6926.320
6939.320
6952.020
6964.990
6977.640
6990.530
7002.890
7015.630
7028.740
7041.540
7054.590
7067.580
7080.050
7093.120
7106.010
7118.850
7131.830
7144.940
7157.610
7169.970
7183.120
7195.880
7208.970
7221.920
7234.950
7247.960
7260.960
7273.870
7287.110
7300.090
7313.200
7326.360
7338.560
7351.780
7364.810
7378.430
7391.460
7404.520
7417.710
7430.650
7443.870
7457.040
7469.880
7482.790
7495.490
7508.480
7521.590
7534.400
7547.230
7560.130
7572.930
7585.760
7598.560
7610.980
7623.580
7636.320
7649.040
7661.230
7673.640
7686.290
7699.090
7711.830
7724.170
7736.820
7749.310
7761.870
7774.360
7786.920
7799.430
7811.930
7823.910
7836.340
7848.910
7861.320
7873.930
7886.450
7898.840
7911.380
7923.950
7936.640
7949.100
7961.230
7973.690
7985.930
7998.630
8011.170
8023.730
8036.200
8049.010
8061.590
8074.020
8086.540
8098.880
8111.530
8124.090
8136.620
8148.720
8161.150
8173.600
8186.140
8198.640
8210.780
8223.220
8235.640
8248.000
8260.710
8272.870
8285.280
8297.620
8309.190
8321.680
8334.050
8346.390
8358.880
8371.390
8383.640
8395.860
8408.110
8420.440
8432.700
8444.880
8457.270
8469.050
8481.290
8493.590
8505.810
8517.890
8530.220
8541.950
8554.230
8566.310
8578.260
8590.230
8602.290
8614.300
8625.530
8637.420
8649.640
8661.550
8673.450
8685.340
8696.900
8708.780
8720.420
8732.060
8743.570
8754.810
8766.210
8777.140
8788.290
8799.420
8810.410
8821.310
8832.500
8843.600
8854.480
8865.260
8876.090
8886.780
8897.500
8908.070
8917.770
8928.010
8938.740
8949.300
8959.140
8969.250
8979.260
8988.910
8998.800
9008.380
9017.940
9027.200
9036.140
9045.200
9054.260
9063.050
9071.670
9080.140
9088.520
9096.490
9104.460
9112.380
9120.060
9127.640
9135.190
9142.240
9149.220
9156.300
9163.080
9169.830
9176.340
9182.830
9189.250
9195.340
9201.880
9208.130
9214.060
9220.500
9226.570
9232.320
9238.390
9244.430
9250.640
9257.010
9263.120
9269.410
9275.990
9282.490
9289.450
9296.380
9303.610
9311.130
9318.530
9327.000
9335.720
9345.070
9354.310
9364.650
9375.080
9386.220
9397.870
9409.910
9422.620
9435.950
9449.950
9463.820
9478.800
9494.100
9509.930
9526.280
9542.780
9559.800
9577.100
9594.830
9612.950
9631.000
9649.440
9667.210
9685.990
9705.210
9724.420
9743.250
9762.530
9781.670
9800.820
9819.800
9839.070
9858.140
9877.200
9896.170
9914.550
9933.470
9952.160
9970.660
9989.200
10007.520
10025.500
10043.570
10061.720
10079.510
10097.010
10114.590
10131.870
10148.680
10165.680
10182.730
10199.790
10216.620
10233.510
10249.880
10266.290
10282.650
10298.800
10315.200
10331.560
10347.230
10362.760
10378.670
10394.490
10410.440
10425.820
10441.590
10457.230
10472.720
10488.260
10503.590
10518.950
10534.360
10549.270
10564.170
10579.240
10594.440
10609.510
10624.750
10639.720
10654.540
10669.500
10684.380
10698.870
10713.910
10728.380
10742.900
10757.450
10772.030
10786.590
10800.990
10815.370
10829.680
10844.020
10858.070
10872.280
10886.790
10900.590
10914.600
10928.620
10941.730
10955.590
10969.900
10983.550
10997.520
11011.000
11024.600
11038.510
11052.080
11065.390
11078.890
11092.220
11105.620
11118.490
11131.590
11144.760
11157.930
11171.270
11184.350
11197.410
11210.430
11223.290
11236.200
11249.210
11262.200
11274.930
11287.210
11300.260
11313.500
11326.720
11339.580
11352.690
11365.890
11379.280
11392.370
11405.580
11418.870
11432.120
11445.580
11458.650
11471.980
11485.500
11499.210
11512.590
11525.810
11539.630
11552.890
11566.180
11579.640
11593.060
11606.210
11619.750
11632.380
11645.420
11658.670
11671.610
11685.010
11698.150
11711.130
11723.910
11736.880
11749.980
11763.040
11775.840
11788.600
11801.050
11813.950
11826.810
11839.670
11852.280
11864.860
11877.680
11890.370
11903.300
11915.800
11928.380
11940.830
11953.710
11966.100
11978.910
11991.360
12004.030
12016.720
12029.360
12041.840
12054.830
12067.230
12079.860
12092.600
12105.130
12117.560
12130.080
12142.570
12155.140
12168.010
12180.330
12193.140
12205.550
12218.090
12230.660
12243.100
12255.610
12268.170
12279.930
12292.400
12305.300
12317.690
12330.210
12342.420
12354.750
12366.940
12379.250
12391.440
12403.960
12415.770
12427.910
12440.050
12452.000
12463.960
12470.850
12470.170
12470.070
12469.560
12468.370
12465.180
12460.170
12452.770
12444.250
12434.640
12424.600
12413.240
12402.100
12390.400
12378.120
12366.340
12354.250
12341.460
12328.030
12315.050
12302.290
12289.160
12276.430
12263.260
12250.620
12237.860
12225.150
12212.300
12199.470
12186.650
12173.820
12161.100
12148.080
12135.300
12122.380
12109.770
12097.230
12084.140
12071.640
12058.870
12046.310
12033.760
12021.290
12008.520
11995.840
11983.250
11970.810
11958.080
11945.460
11932.910
11920.400
11907.860
11895.370
11882.540
11870.120
11857.300
11845.000
11832.160
11819.360
11806.630
11793.790
11781.260
11768.680
11755.750
11743.140
11730.600
11717.690
11705.410
11693.040
11679.700
11667.060
11654.200
11641.430
11628.400
11615.520
11602.790
11589.980
11577.090
11564.100
11551.330
11538.690
11525.540
11512.480
11499.430
11486.420
11473.410
11460.530
11447.480
11434.310
11421.200
11408.040
11394.960
11381.690
11369.070
11355.770
11342.110
11328.850
11315.440
11302.120
11288.950
11275.580
11262.370
11249.270
11235.720
11222.570
11209.010
11196.070
11182.650
11169.260
11155.640
11142.530
11129.060
11115.930
11102.710
11089.190
11076.260
11063.070
11049.750
11036.700
11024.420
11011.340
10997.800
10984.660
10971.400
10958.440
10945.390
10932.100
10919.140
10906.070
10893.090
10880.090
10866.960
10854.290
10841.110
10828.300
10815.030
10802.120
10789.010
10775.670
10762.860
10749.530
10736.070
10722.700
10709.210
10696.020
10683.020
10669.650
10655.780
10642.140
10628.520
10614.690
10601.080
10587.280
10573.280
10559.390
10545.670
10531.990
10517.760
10504.080
10490.330
10475.980
10462.240
10448.310
10433.860
10419.880
10405.920
10392.100
10377.950
10363.900
10349.820
10335.730
10322.250
10308.350
10293.850
10279.520
10265.350
10250.800
10236.500
10222.090
10207.570
10193.190
10178.530
10163.980
10149.420
10135.170
10120.580
10105.520
10090.920
10075.860
10061.010
10046.190
10031.020
10016.080
10000.740
9985.650
9970.560
9955.380
9940.850
9925.400
9909.770
9894.050
9878.270
9862.250
9846.330
9830.400
9814.460
9798.410
9782.360
9765.990
9750.100
9733.790
9717.240
9700.600
9683.950
9667.100
9650.440
9633.220
9616.260
9599.190
9582.080
9564.760
9547.080
9530.020
9512.580
9494.450
9476.450
9458.310
9440.160
9421.750
9403.680
9385.420
9366.940
9348.330
9329.990
9311.320
9293.210
9274.540
9256.190
9237.900
9219.730
9201.440
9183.260
9165.110
9147.470
9129.880
9112.770
9095.360
9078.430
9062.100
9046.200
9030.310
9014.920
8999.600
8985.110
8970.760
8957.100
8943.800
8930.890
8918.440
8906.690
8895.300
8884.650
8874.000
8864.070
8854.280
8845.120
8836.390
8827.910
8819.340
8811.780
8804.320
8796.700
8789.590
8782.500
8775.880
8769.230
8762.210
8755.510
8748.690
8741.980
8735.240
8728.790
8722.020
8715.280
8708.650
8701.950
8694.920
8688.380
8681.170
8674.200
8667.030
8659.680
8652.290
8644.700
8636.980
8629.440
8621.700
8613.780
8605.590
8597.680
8589.920
8581.500
8572.760
8564.010
8555.570
8546.800
8537.640
8528.390
8519.240
8510.270
8501.090
8491.660
8481.750
8472.650
8462.930
8453.210
8443.290
8433.470
8423.070
8413.240
8402.850
8392.660
8382.200
8371.860
8361.300
8350.720
8340.700
8330.200
8319.120
8308.150
8297.180
8286.380
8275.320
8264.030
8252.960
8241.820
8230.530
8219.230
8207.930
8196.710
8185.280
8173.650
8161.950
8150.140
8138.610
8126.930
8114.930
8103.060
8091.360
8079.570
8067.590
8055.740
8044.010
8031.730
8019.840
8007.900
7995.610
7983.410
7971.160
7959.160
7946.890
7934.610
7922.220
7909.930
7898.150
7886.090
7873.840
7861.430
7849.210
7836.940
7824.620
7812.610
7800.150
7787.780
7775.500
7763.380
7750.810
7738.650
7727.130
7714.920
7702.440
7690.210
7677.940
7665.560
7653.180
7640.770
7628.420
7615.870
7603.820
7591.310
7579.010
7566.600
7554.300
7541.930
7529.560
7517.070
7504.700
7492.200
7480.010
7467.310
7454.730
7442.200
7429.710
7418.150
7405.600
7392.580
7380.010
7366.980
7354.500
7341.670
7328.980
7316.260
7303.420
7290.990
7277.980
7265.300
7252.690
7239.770
7227.040
7214.060
7201.270
7188.200
7175.460
7162.520
7149.670
7136.780
7124.040
7110.990
7098.000
7085.650
7072.920
7059.620
7046.710
7033.760
7020.760
7007.790
6994.800
6981.890
6968.970
6955.910
6943.000
6930.100
6917.210
6904.330
6891.160
6878.260
6865.240
6852.100
6839.240
6826.180
6813.190
6800.120
6786.880
6773.870
6761.050
6747.870
6734.820
6721.690
6708.950
6695.480
6682.260
6669.340
6656.290
6643.090
6630.040
6617.130
6603.900
6590.800
6578.280
6565.040
6552.110
6539.130
6525.950
6513.090
6500.090
6487.060
6474.080
6460.800
6448.110
6435.070
6422.270
6409.790
6396.750
6383.700
6370.650
6357.580
6344.360
6331.070
6318.380
6305.170
6292.100
6279.250
6266.240
6253.060
6240.280
6227.080
6214.180
6202.540
6197.810
6197.460
6200.940
6207.320
6215.200
