5425.220
5413.920
5408.470
5407.770
5410.710
5416.180
5423.180
5431.470
5440.760
5450.500
5460.560
5471.230
5482.180
5493.140
5504.380
5515.310
5526.280
5537.590
5549.300
5560.710
5572.120
5583.790
5595.250
5606.780
5618.190
5629.530
5641.220
5652.430
5664.170
5675.500
5686.830
5698.540
5710.010
5721.740
5733.010
5744.610
5756.170
5767.660
5779.290
5790.580
5802.200
5813.460
5824.980
5836.430
5848.130
5859.280
5870.720
5882.320
5893.960
5905.380
5916.810
5928.280
5939.880
5951.380
5962.630
5973.990
5985.540
5997.160
6008.650
6020.240
6031.530
6042.940
6054.430
6065.660
6076.880
6088.260
6099.660
6110.930
6121.550
6132.880
6144.010
6155.250
6166.630
6177.910
6188.910
6200.360
6211.570
6223.000
6234.150
6245.620
6256.750
6267.810
6279.310
6290.540
6301.820
6313.120
6324.750
6336.120
6347.250
6358.460
6369.870
6381.030
6392.510
6403.530
6413.960
6425.210
6436.360
6447.560
6458.790
6469.820
6480.680
6491.840
6502.910
6514.120
6524.830
6536.020
6546.960
6558.280
6569.420
6580.630
6591.950
6603.090
6614.350
6625.690
6637.130
6648.180
6659.490
6671.040
6682.050
6692.350
6703.640
6715.130
6726.120
6737.300
6748.150
6759.250
6770.330
6781.540
6792.580
6803.440
6814.290
6825.720
6836.620
6847.770
6858.610
6870.040
6880.990
6892.340
6903.170
6914.090
6924.970
6935.980
6946.690
6957.610
6968.260
6979.040
6989.700
7000.800
7011.480
7022.780
7033.590
7044.740
7055.810
7066.630
7077.730
7088.810
7099.890
7110.860
7121.660
7132.820
7143.830
7154.920
7165.990
7177.030
7187.800
7198.910
7209.780
7220.830
7231.570
7242.390
7253.120
7263.610
7274.460
7285.430
7296.440
7307.520
7318.350
7329.210
7340.430
7351.400
7362.240
7373.310
7384.230
7395.280
7405.980
7417.040
7427.830
7438.800
7449.160
7460.130
7470.970
7481.620
7492.130
7502.680
7513.260
7524.020
7534.430
7544.510
7554.530
7565.210
7575.610
7586.270
7596.660
7607.090
7617.480
7627.720
7637.990
7648.340
7658.510
7668.600
7678.650
7688.960
7699.090
7709.200
7719.120
7729.060
7739.130
7749.200
7758.840
7768.680
7778.630
7788.310
7798.060
7806.990
7816.800
7826.700
7836.090
7845.850
7855.040
7864.390
7873.640
7883.100
7892.310
7901.270
7910.420
7919.600
7928.230
7937.370
7946.260
7954.980
7963.820
7972.520
7981.520
7989.860
7998.280
8006.770
8014.910
8022.950
8030.760
8038.470
8045.880
8053.280
8060.740
8067.660
8074.820
8081.790
8088.680
8095.590
8102.140
8108.990
8115.540
8122.050
8128.420
8135.080
8141.430
8148.220
8154.900
8161.400
8167.890
8174.700
8181.480
8188.420
8195.530
8202.650
8210.090
8217.420
8225.510
8233.760
8242.690
8251.490
8260.950
8270.570
8280.710
8291.140
8301.890
8313.170
8324.890
8336.840
8348.710
8361.270
8374.220
8387.660
8401.070
8414.810
8428.710
8442.770
8457.130
8471.760
8486.260
8500.920
8515.060
8529.970
8545.150
8559.980
8575.270
8590.540
8605.560
8620.920
8635.710
8650.980
8666.130
8680.960
8696.030
8710.530
8725.200
8739.880
8754.470
8768.920
8783.320
8797.490
8811.860
8826.080
8840.170
8854.200
8867.840
8881.590
8894.640
8908.270
8921.820
8935.330
8948.770
8962.220
8975.290
8988.340
9001.560
9014.490
9027.400
9040.680
9053.190
9065.830
9078.600
9091.200
9104.040
9116.840
9129.440
9141.850
9154.260
9166.820
9178.990
9191.220
9203.240
9215.500
9227.470
9239.240
9251.450
9263.470
9275.620
9287.780
9299.350
9311.200
9322.980
9334.680
9346.390
9357.770
9369.120
9380.580
9392.010
9403.490
9414.540
9425.750
9436.970
9448.180
9459.640
9470.670
9482.030
9493.110
9504.350
9515.380
9526.210
9537.000
9548.400
9559.600
9570.180
9581.020
9592.100
9602.550
9613.560
9624.100
9635.060
9645.840
9656.720
9667.650
9678.660
9689.960
9701.340
9712.780
9724.350
9735.690
9747.330
9758.990
9770.480
9782.050
9793.250
9804.770
9815.470
9826.820
9838.120
9849.400
9860.180
9871.380
9882.440
9893.440
9904.360
9915.260
9926.640
9937.730
9949.030
9959.970
9971.260
9982.870
9994.260
10005.730
10017.180
10028.190
10039.670
10050.830
10061.750
10072.880
10083.660
10094.490
10104.920
10115.680
10126.480
10137.480
10148.030
10159.270
10170.000
10181.110
10192.050
10203.230
10214.540
10225.570
10236.750
10247.430
10258.390
10269.370
10280.650
10291.360
10302.290
10313.070
10324.030
10334.760
10345.330
10356.280
10366.930
10377.760
10388.870
10399.710
10410.470
10421.800
10432.740
10443.650
10454.790
10465.770
10476.700
10487.790
10498.690
10509.490
10520.180
10530.880
10541.710
10552.300
10563.050
10573.600
10584.290
10594.850
10605.800
10616.350
10627.220
10637.850
10648.930
10659.080
10669.970
10680.890
10691.900
10702.690
10713.380
10724.020
10734.590
10745.550
10756.410
10767.060
10777.500
10788.120
10798.710
10808.940
10819.350
10823.880
10823.500
10823.290
10822.860
10821.900
10819.470
10815.080
10808.910
10801.420
10793.150
10784.200
10774.920
10764.760
10754.660
10743.950
10733.370
10722.990
10711.830
10700.190
10688.790
10677.580
10666.330
10655.100
10643.710
10632.630
10621.740
10610.470
10599.460
10588.640
10577.490
10566.600
10555.450
10544.460
10533.430
10522.420
10511.440
10500.650
10489.680
10478.700
10467.810
10457.040
10446.440
10435.710
10424.750
10414.090
10403.330
10392.890
10381.990
10371.550
10360.700
10350.300
10339.470
10328.600
10318.060
10307.270
10296.440
10285.640
10274.520
10263.920
10252.610
10241.640
10230.500
10219.610
10208.450
10197.640
10186.650
10175.760
10165.150
10154.270
10143.030
10132.110
10120.910
10110.310
10099.230
10088.180
10077.300
10066.290
10055.390
10044.380
10033.380
10022.730
10011.590
10000.230
9988.940
9977.560
9966.220
9954.820
9943.500
9931.800
9920.560
9909.110
9897.730
9886.160
9875.550
9864.120
9852.610
9841.230
9829.790
9818.340
9806.800
9795.610
9784.210
9773.110
9761.590
9750.130
9738.950
9727.700
9716.780
9705.170
9694.030
9682.890
9671.610
9660.690
9649.350
9638.320
9627.200
9616.200
9604.960
9594.190
9583.820
9572.870
9561.810
9550.730
9539.740
9528.750
9517.770
9506.910
9495.720
9484.600
9473.820
9462.550
9451.590
9440.270
9429.060
9417.830
9406.470
9395.190
9383.730
9372.530
9361.100
9350.050
9338.460
9327.120
9315.600
9304.690
9293.830
9282.840
9271.460
9259.960
9248.820
9238.040
9226.920
9215.960
9204.910
9194.050
9182.980
9172.110
9161.100
9150.180
9139.110
9128.010
9116.430
9105.240
9093.740
9082.480
9071.110
9059.580
9048.200
9036.950
9025.560
9014.230
9003.210
8991.920
8980.380
8968.850
8957.440
8945.960
8934.400
8922.700
8911.440
8899.840
8888.150
8876.390
8865.060
8853.670
8841.940
8829.860
8818.200
8806.350
8794.560
8782.550
8770.720
8758.390
8746.390
8734.270
8722.350
8710.100
8698.450
8685.920
8673.590
8661.040
8648.290
8635.630
8622.820
8610.230
8597.560
8584.610
8571.620
8558.560
8545.740
8532.470
8519.420
8505.850
8492.390
8479.020
8465.650
8451.940
8438.280
8424.570
8410.790
8397.030
8383.120
8369.460
8355.550
8341.130
8326.820
8312.390
8297.940
8283.410
8269.010
8254.280
8239.760
8225.210
8210.320
8195.650
8181.080
8166.520
8151.580
8136.780
8121.870
8107.360
8092.900
8078.180
8063.740
8049.350
8035.000
8021.280
8007.160
7993.550
7980.260
7966.860
7953.770
7940.940
7928.410
7916.150
7904.480
7892.650
7881.190
7870.580
7860.010
7849.700
7839.920
7830.190
7820.910
7811.910
7803.130
7794.520
7786.410
7778.490
7770.790
7763.100
7755.580
7748.360
7741.000
7734.420
7727.320
7720.050
7712.780
7705.520
7698.430
7691.020
7683.600
7676.180
7668.640
7661.310
7653.830
7645.990
7638.460
7630.840
7623.020
7615.080
7607.260
7599.140
7591.270
7583.200
7575.150
7566.840
7558.410
7549.800
7541.370
7533.120
7524.380
7515.090
7505.880
7497.040
7487.890
7478.480
7469.120
7460.020
7450.600
7441.170
7431.740
7422.120
7412.770
7403.120
7393.440
7383.880
7373.780
7363.980
7354.200
7344.180
7334.270
7323.960
7313.590
7303.170
7293.010
7283.000
7272.380
7261.860
7251.130
7240.200
7229.670
7218.870
7207.990
7197.160
7186.260
7175.160
7164.260
7153.610
7143.080
7132.340
7121.360
7110.440
7099.690
7088.930
7078.440
7067.710
7056.950
7046.110
7035.530
7024.910
7013.980
7003.770
6992.910
6982.120
6971.220
6960.560
6949.790
6938.870
6928.050
6917.000
6906.250
6895.100
6884.170
6873.100
6862.460
6851.250
6840.240
6829.170
6818.170
6807.290
6795.980
6784.910
6774.100
6763.130
6752.110
6741.040
6729.870
6719.580
6708.930
6697.730
6686.590
6675.780
6664.480
6653.800
6642.910
6632.030
6620.750
6609.840
6599.140
6588.500
6577.390
6566.370
6555.530
6544.480
6533.720
6522.810
6511.760
6501.090
6490.080
6479.100
6468.300
6457.420
6447.240
6436.380
6425.350
6414.410
6403.380
6392.550
6381.690
6370.920
6359.840
6348.850
6337.810
6327.150
6315.990
6305.150
6294.170
6283.300
6272.230
6261.300
6250.170
6239.220
6228.360
6217.400
6206.350
6195.470
6184.620
6173.750
6163.300
6152.640
6141.450
6130.440
6119.480
6108.160
6097.330
6086.050
6075.150
6064.090
6053.200
6041.910
6030.750
6019.910
6008.860
5997.680
5986.480
5975.450
5964.090
5953.210
5942.110
5930.850
5919.690
5908.580
5897.570
5886.490
5875.360
5864.490
5853.190
5842.190
5831.050
5819.810
5808.780
5797.700
5786.710
5775.890
5764.780
5753.540
5742.580
5732.060
5721.020
5709.830
5698.730
5687.710
5676.760
5665.760
5654.620
5643.470
5632.190
5621.120
5610.220
5598.740
5587.930
5576.770
5565.620
5553.990
5542.680
5531.230
5520.100
5508.670
5497.530
5486.130
5474.870
5463.580
5452.330
5441.510
5430.250
5419.000
5409.140
5405.130
5405.110
5408.580
5414.180
5421.270
