6349.850
6336.640
6330.070
6328.150
6331.400
6336.280
6344.410
6353.250
6363.940
6374.560
6386.760
6398.510
6411.540
6423.810
6437.070
6449.720
6462.780
6475.430
6489.470
6502.290
6516.170
6529.040
6543.050
6555.790
6569.780
6582.500
6596.640
6609.410
6623.390
6636.400
6649.950
6663.150
6677.030
6689.890
6703.880
6716.820
6730.620
6743.580
6757.390
6770.360
6784.160
6797.030
6810.950
6823.910
6837.960
6850.470
6864.330
6877.330
6891.430
6904.160
6918.130
6930.890
6944.660
6957.570
6971.290
6983.940
6997.800
7010.530
7024.390
7037.300
7051.080
7064.010
7077.650
7090.400
7104.000
7116.770
7130.640
7143.420
7156.440
7169.210
7182.940
7195.890
7209.680
7222.450
7236.310
7248.760
7262.650
7275.570
7289.330
7302.090
7315.870
7328.390
7342.120
7355.150
7368.760
7381.550
7395.100
7407.950
7421.860
7434.620
7448.110
7460.970
7474.860
7487.250
7500.430
7512.840
7526.930
7539.700
7553.250
7566.080
7579.800
7592.380
7606.060
7618.740
7632.150
7644.950
7658.320
7670.530
7684.410
7696.930
7710.350
7723.000
7736.530
7749.160
7762.540
7774.900
7788.580
7801.040
7814.400
7826.300
7839.590
7852.220
7866.000
7878.370
7891.740
7904.340
7917.880
7930.070
7943.490
7956.070
7969.200
7981.820
7994.980
8007.410
8020.930
8033.240
8046.780
8059.400
8072.540
8085.050
8098.480
8110.790
8124.220
8136.570
8149.990
8161.840
8175.220
8187.880
8201.150
8213.440
8226.710
8239.140
8252.620
8264.920
8278.050
8290.380
8303.770
8315.890
8328.820
8340.900
8354.100
8366.430
8379.720
8391.870
8405.000
8417.230
8430.440
8442.570
8455.480
8467.630
8480.590
8492.110
8504.950
8517.290
8530.170
8542.020
8554.940
8566.860
8579.740
8591.620
8604.260
8616.280
8628.670
8640.390
8652.770
8664.350
8676.940
8688.530
8701.130
8712.560
8724.850
8736.370
8748.730
8760.070
8772.310
8783.600
8796.110
8806.690
8818.750
8830.110
8842.360
8853.620
8865.620
8876.700
8888.500
8899.420
8911.390
8922.000
8933.720
8944.410
8955.890
8966.630
8978.280
8988.830
9000.000
9010.380
9021.760
9032.180
9043.150
9053.010
9064.110
9074.310
9085.100
9094.330
9104.870
9114.650
9125.510
9135.030
9145.400
9154.450
9164.580
9173.920
9183.790
9192.400
9202.170
9210.790
9220.230
9228.390
9237.530
9245.670
9254.510
9262.590
9271.140
9278.830
9287.190
9294.580
9302.770
9310.060
9317.670
9324.570
9332.060
9338.620
9346.030
9352.150
9359.070
9365.100
9372.050
9377.710
9384.500
9389.740
9396.400
9401.620
9407.940
9413.230
9419.560
9424.940
9431.500
9437.070
9443.470
9449.160
9455.760
9461.980
9469.310
9475.830
9483.610
9490.460
9499.090
9507.120
9516.480
9525.590
9536.040
9546.240
9557.630
9568.640
9581.150
9593.280
9606.840
9620.220
9634.370
9648.490
9664.250
9679.600
9696.050
9712.290
9729.630
9746.500
9764.850
9782.590
9801.160
9819.380
9838.160
9856.630
9876.480
9895.550
9915.520
9934.750
9955.160
9974.430
9994.380
10013.740
10033.840
10053.340
10073.380
10092.170
10112.160
10131.160
10151.160
10169.820
10189.440
10207.830
10226.910
10245.150
10264.230
10282.100
10300.560
10318.170
10336.200
10353.170
10371.430
10388.540
10406.470
10423.100
10440.920
10457.320
10474.900
10490.950
10508.290
10524.420
10541.350
10556.990
10573.590
10589.660
10606.530
10622.060
10638.480
10653.980
10670.150
10685.620
10701.600
10716.610
10732.570
10747.400
10762.730
10777.410
10792.920
10807.640
10823.250
10837.810
10853.090
10867.420
10882.480
10896.830
10911.960
10925.990
10940.760
10954.770
10969.630
10983.510
10998.490
11012.130
11026.800
11040.450
11055.310
11068.960
11083.400
11096.810
11111.470
11125.040
11138.640
11152.010
11166.720
11180.170
11194.390
11207.620
11221.930
11235.360
11249.630
11262.820
11277.050
11290.330
11304.650
11317.550
11331.800
11344.890
11359.030
11372.280
11386.340
11399.280
11413.320
11426.260
11440.380
11453.270
11467.100
11479.900
11493.040
11505.770
11519.970
11532.980
11546.980
11559.820
11573.690
11586.590
11600.350
11613.050
11627.060
11639.780
11653.720
11666.360
11680.270
11693.180
11707.370
11720.230
11734.110
11747.140
11760.920
11773.920
11788.000
11800.790
11814.690
11827.490
11840.930
11853.700
11867.900
11880.720
11894.590
11907.720
11921.600
11934.290
11948.070
11960.660
11974.300
11987.000
12000.030
12012.570
12026.140
12038.490
12051.890
12064.210
12077.670
12090.060
12103.140
12115.480
12128.540
12140.830
12154.200
12166.800
12180.080
12192.550
12205.950
12218.340
12231.960
12244.470
12257.720
12270.210
12283.380
12296.070
12309.860
12322.030
12335.550
12348.040
12361.550
12374.060
12387.590
12400.340
12413.780
12426.520
12440.120
12452.390
12465.670
12478.440
12491.680
12503.850
12516.480
12529.060
12542.270
12554.390
12567.390
12579.250
12592.250
12604.330
12617.360
12629.370
12642.430
12654.280
12666.960
12678.920
12691.750
12698.850
12699.100
12698.400
12698.370
12696.900
12694.670
12688.870
12682.390
12673.340
12664.050
12653.330
12643.170
12631.130
12619.590
12606.790
12595.060
12582.710
12570.530
12556.560
12543.730
12530.390
12517.720
12504.210
12491.580
12478.130
12465.840
12452.560
12439.910
12426.850
12414.310
12401.010
12388.530
12375.020
12362.740
12349.250
12337.000
12323.600
12311.390
12297.840
12285.490
12272.290
12259.900
12246.690
12233.910
12220.320
12208.190
12194.610
12181.990
12168.310
12155.690
12142.440
12129.530
12116.170
12103.440
12089.800
12077.400
12063.580
12051.070
12037.470
12024.390
12011.130
11998.590
11985.050
11972.620
11959.050
11946.540
11933.230
11921.680
11908.080
11895.450
11882.110
11869.600
11856.080
11843.450
11829.970
11817.830
11804.490
11792.110
11778.670
11766.290
11753.500
11741.260
11727.790
11715.690
11702.080
11689.850
11676.480
11664.080
11650.550
11638.100
11624.760
11612.280
11599.020
11587.110
11573.610
11560.720
11547.000
11534.090
11520.380
11507.540
11493.940
11481.090
11467.050
11454.330
11440.370
11427.720
11414.030
11401.250
11387.320
11374.640
11360.830
11348.070
11334.030
11321.300
11307.390
11294.570
11281.000
11268.130
11254.290
11242.150
11228.440
11215.520
11201.670
11188.710
11175.070
11162.350
11148.630
11135.930
11122.270
11109.660
11095.930
11083.010
11069.410
11056.440
11042.710
11030.040
11016.140
11003.390
10989.350
10976.390
10962.360
10949.270
10935.220
10922.170
10908.140
10895.750
10881.620
10868.560
10854.150
10841.190
10826.960
10813.590
10799.180
10786.200
10771.990
10758.570
10744.360
10731.100
10716.980
10703.790
10689.400
10675.950
10661.400
10647.680
10633.250
10619.640
10604.820
10591.250
10576.660
10563.070
10548.300
10535.080
10520.340
10506.360
10491.470
10477.360
10462.350
10448.420
10433.410
10419.390
10404.380
10390.240
10374.910
10360.530
10345.760
10331.450
10315.970
10301.580
10286.190
10271.500
10255.870
10240.980
10225.270
10209.920
10194.090
10179.090
10162.830
10148.250
10131.950
10116.370
10099.690
10084.000
10067.170
10051.430
10034.800
10018.850
10001.810
9985.810
9968.490
9952.740
9935.470
9918.740
9901.290
9884.080
9866.480
9849.630
9831.570
9814.480
9795.820
9778.470
9759.870
9741.730
9723.530
9705.620
9686.380
9667.960
9648.720
9630.040
9610.600
9591.760
9572.390
9553.570
9533.700
9514.780
9495.300
9476.660
9457.170
9438.260
9418.440
9399.930
9380.590
9362.220
9343.010
9325.200
9306.520
9289.150
9270.670
9253.920
9236.790
9220.630
9203.950
9188.830
9172.840
9158.410
9143.870
9130.370
9116.580
9104.070
9091.290
9079.900
9068.270
9057.850
9046.960
9037.470
9027.030
9018.390
9009.500
9001.530
8993.220
8986.130
8978.250
8971.280
8964.110
8957.760
8951.150
8945.250
8938.030
8931.990
8925.120
8919.260
8912.690
8906.850
8899.730
8893.580
8886.500
8880.520
8873.520
8867.100
8859.730
8853.210
8845.450
8838.400
8830.560
8823.440
8815.280
8807.990
8799.380
8792.110
8783.160
8775.270
8767.010
8758.870
8749.590
8740.980
8731.770
8723.170
8713.440
8704.800
8694.800
8685.790
8675.870
8666.490
8656.190
8646.500
8636.340
8626.580
8615.850
8606.000
8595.100
8585.380
8574.220
8563.940
8552.850
8542.660
8531.490
8521.250
8510.290
8499.620
8487.890
8477.400
8465.690
8454.890
8443.120
8432.200
8420.350
8409.850
8397.790
8386.510
8374.950
8364.060
8351.960
8340.860
8328.440
8317.110
8305.170
8293.960
8281.450
8270.230
8257.900
8246.420
8234.130
8222.570
8210.510
8199.020
8186.480
8174.970
8162.140
8150.500
8138.000
8126.350
8113.490
8101.890
8088.890
8077.120
8064.320
8052.630
8039.750
8027.800
8014.770
8002.830
7989.680
7977.620
7964.570
7952.460
7939.380
7927.120
7914.020
7901.690
7889.260
7877.130
7863.710
7851.380
7837.870
7825.790
7812.370
7800.320
7787.070
7774.590
7761.660
7749.320
7735.940
7723.750
7710.300
7698.230
7684.600
7672.440
7659.050
7646.750
7633.300
7620.980
7607.660
7595.240
7581.730
7570.000
7556.670
7543.970
7530.480
7517.680
7504.150
7491.800
7478.340
7465.650
7452.440
7440.030
7426.360
7414.280
7401.010
7388.720
7375.330
7362.930
7349.520
7336.950
7323.290
7310.790
7297.510
7285.090
7271.440
7259.140
7245.620
7233.720
7220.210
7207.490
7193.930
7181.140
7167.580
7154.720
7141.030
7128.390
7114.880
7102.140
7088.590
7075.860
7062.380
7049.720
7035.840
7023.160
7009.430
6996.600
6982.780
6970.140
6956.210
6943.610
6929.780
6917.010
6903.300
6890.690
6876.860
6864.030
6850.290
6837.460
6823.790
6810.930
6797.050
6784.350
6770.830
6757.960
6744.430
6731.500
6717.970
6705.230
6691.610
6678.640
6664.790
6652.150
6638.330
6625.600
6611.610
6598.870
6585.100
6572.350
6558.330
6545.950
6532.380
6519.620
6505.490
6492.430
6478.550
6465.660
6451.770
6439.070
6425.020
6412.270
6398.250
6385.360
6371.830
6359.070
6345.220
6333.710
6327.390
6327.310
6329.920
6336.740
6344.040
