5043.080
5032.200
5026.840
5025.920
5028.290
5032.980
5039.250
5046.690
5055.050
5063.960
5073.470
5083.110
5093.220
5103.730
5113.870
5124.430
5134.600
5145.130
5156.060
5166.750
5177.460
5188.340
5198.960
5209.750
5220.620
5231.020
5241.620
5252.360
5262.840
5273.090
5283.470
5294.050
5304.630
5315.060
5325.390
5335.780
5346.350
5356.910
5367.070
5377.720
5388.120
5398.590
5409.160
5419.720
5430.340
5440.740
5451.410
5462.250
5472.880
5483.390
5494.090
5504.720
5515.680
5526.230
5537.180
5547.360
5558.320
5568.940
5579.850
5590.260
5601.010
5611.650
5622.510
5633.340
5643.890
5654.460
5665.280
5675.880
5686.150
5696.500
5707.330
5717.750
5728.420
5739.010
5749.500
5759.970
5770.460
5781.020
5791.520
5801.970
5812.490
5822.830
5833.430
5843.840
5854.370
5865.060
5875.680
5886.210
5896.860
5907.710
5918.160
5928.770
5939.390
5950.100
5960.120
5970.810
5981.520
5992.310
6003.070
6013.690
6024.450
6035.090
6045.550
6056.310
6066.670
6077.360
6087.650
6098.090
6108.580
6119.060
6129.680
6140.040
6150.510
6160.980
6171.230
6181.820
6192.080
6202.470
6212.910
6222.490
6232.900
6243.440
6253.950
6264.580
6274.540
6285.010
6295.380
6305.620
6315.740
6326.110
6336.280
6346.660
6356.720
6366.980
6377.190
6387.640
6398.130
6408.520
6418.750
6429.190
6439.680
6450.130
6460.560
6470.900
6481.290
6491.530
6502.000
6512.560
6523.210
6533.860
6544.440
6554.950
6565.390
6575.860
6586.450
6596.780
6607.540
6617.810
6628.140
6638.550
6649.100
6659.660
6670.300
6680.690
6691.060
6701.610
6711.990
6722.470
6732.700
6743.140
6753.540
6763.520
6773.810
6784.250
6794.740
6805.040
6815.580
6825.760
6836.140
6846.420
6856.690
6867.090
6877.290
6887.680
6897.730
6908.020
6918.290
6928.780
6938.970
6949.310
6959.510
6969.860
6979.970
6990.300
7000.470
7010.770
7020.890
7030.670
7040.650
7051.130
7061.250
7071.570
7081.500
7091.640
7101.600
7111.530
7121.390
7131.050
7140.490
7150.220
7159.520
7169.010
7178.460
7188.090
7197.370
7206.930
7216.420
7226.060
7235.260
7244.580
7253.950
7263.560
7272.800
7281.420
7290.740
7299.790
7308.980
7317.870
7326.610
7335.090
7343.640
7352.260
7360.760
7368.860
7377.300
7385.340
7393.730
7401.950
7410.170
7418.460
7426.870
7435.190
7443.640
7451.480
7459.650
7467.700
7475.640
7483.420
7491.050
7498.520
7505.870
7513.090
7520.320
7527.280
7534.300
7541.200
7548.150
7554.980
7561.710
7568.540
7575.110
7581.760
7588.500
7594.930
7601.580
7608.230
7614.830
7621.110
7627.870
7634.480
7641.170
7647.880
7654.970
7662.000
7669.300
7676.120
7684.000
7692.120
7700.250
7709.220
7718.010
7727.350
7737.000
7746.800
7756.730
7767.450
7778.290
7789.460
7800.780
7812.430
7824.450
7837.010
7849.630
7862.270
7875.410
7888.700
7902.090
7915.740
7929.380
7942.990
7956.540
7970.240
7984.310
7998.440
8012.520
8026.620
8040.720
8054.830
8068.670
8082.710
8096.570
8110.530
8124.290
8137.600
8151.050
8164.620
8178.110
8191.420
8204.520
8217.640
8230.890
8243.780
8256.760
8269.410
8282.390
8294.920
8306.900
8319.530
8332.160
8344.420
8356.770
8368.970
8381.230
8393.030
8404.940
8416.760
8428.540
8440.490
8451.970
8463.270
8474.970
8486.700
8498.330
8509.820
8521.440
8532.980
8544.590
8555.710
8567.140
8578.420
8589.830
8600.580
8611.450
8622.020
8633.130
8643.790
8654.920
8665.540
8676.220
8686.860
8697.810
8708.490
8719.140
8729.870
8740.530
8751.180
8761.940
8772.750
8783.480
8794.070
8804.870
8815.590
8826.290
8836.660
8847.050
8857.710
8868.210
8878.440
8888.350
8898.920
8909.470
8919.960
8930.610
8941.430
8951.950
8962.830
8973.240
8983.950
8994.560
9005.230
9015.790
9026.170
9036.300
9046.890
9057.240
9067.500
9077.700
9088.050
9098.330
9108.490
9118.600
9129.160
9139.420
9149.910
9159.850
9170.290
9180.780
9191.260
9201.740
9212.140
9222.580
9233.030
9243.150
9252.850
9263.000
9272.920
9282.650
9292.080
9301.560
9311.040
9320.770
9330.530
9340.070
9349.960
9359.330
9369.330
9379.490
9389.470
9399.360
9409.500
9419.220
9429.360
9439.610
9449.400
9459.630
9469.460
9479.430
9489.360
9498.830
9508.510
9518.080
9527.690
9537.400
9546.450
9556.010
9565.670
9575.290
9584.830
9594.500
9604.200
9613.820
9623.750
9633.530
9643.430
9653.660
9663.780
9673.820
9684.010
9694.210
9704.470
9714.590
9725.210
9735.130
9745.200
9755.550
9766.010
9776.170
9786.410
9796.660
9806.690
9816.920
9827.110
9837.350
9847.630
9857.740
9868.160
9878.580
9888.630
9898.930
9909.190
9919.610
9929.510
9940.010
9950.260
9960.520
9970.960
9981.460
9991.500
10001.800
10012.120
10022.600
10033.340
10043.420
10053.720
10063.990
10074.570
10084.450
10089.910
10090.000
10090.170
10090.270
10090.070
10088.130
10084.210
10078.880
10072.420
10065.150
10057.090
10048.610
10039.690
10030.350
10020.730
10011.040
10001.650
9991.650
9980.950
9970.580
9960.470
9950.350
9939.940
9929.990
9919.790
9910.000
9900.040
9890.120
9880.440
9870.480
9860.590
9850.790
9840.940
9831.100
9821.160
9811.600
9801.740
9791.910
9781.980
9772.010
9762.160
9752.280
9742.140
9731.880
9721.730
9711.600
9701.700
9691.320
9681.010
9670.490
9660.510
9650.210
9639.930
9629.600
9619.530
9609.550
9599.160
9589.040
9578.830
9568.770
9558.380
9548.490
9538.560
9528.320
9518.360
9508.500
9498.650
9489.280
9479.210
9469.090
9459.200
9449.300
9439.480
9429.660
9419.570
9409.850
9400.050
9390.250
9380.220
9370.500
9361.000
9351.300
9341.520
9331.530
9321.800
9312.100
9302.500
9292.620
9282.930
9273.400
9263.840
9254.060
9244.300
9235.130
9225.610
9215.640
9205.700
9196.050
9185.880
9175.810
9165.950
9156.010
9146.000
9135.860
9125.850
9116.190
9106.100
9096.470
9086.450
9076.530
9066.670
9056.650
9046.430
9036.480
9025.950
9015.700
9005.610
8995.210
8984.800
8974.700
8964.440
8954.030
8943.790
8933.290
8923.100
8913.050
8902.790
8892.920
8882.800
8872.730
8862.750
8852.610
8842.530
8832.470
8822.120
8812.000
8801.570
8791.150
8780.670
8770.200
8759.760
8749.280
8738.930
8728.470
8718.360
8708.190
8697.960
8687.540
8677.150
8666.760
8656.470
8646.070
8635.600
8625.290
8615.000
8604.590
8594.130
8583.720
8573.340
8562.840
8552.650
8541.890
8531.010
8520.510
8509.850
8499.010
8488.380
8477.440
8466.800
8456.000
8445.190
8434.920
8424.070
8413.110
8402.520
8391.340
8380.530
8369.680
8358.780
8347.990
8337.220
8326.380
8315.540
8304.380
8293.850
8282.930
8271.830
8260.710
8249.700
8238.700
8227.510
8216.160
8204.950
8193.550
8182.240
8170.700
8159.210
8148.210
8136.620
8124.880
8112.940
8101.190
8089.280
8077.520
8065.570
8053.770
8041.660
8029.690
8017.770
8005.930
7993.800
7981.570
7969.200
7956.720
7944.340
7931.770
7919.370
7906.540
7893.700
7880.810
7868.170
7855.340
7842.870
7829.620
7816.370
7802.960
7789.440
7776.060
7762.390
7748.880
7735.410
7721.850
7708.170
7694.360
7680.640
7667.210
7653.560
7639.580
7625.700
7612.080
7598.340
7584.750
7571.050
7557.400
7544.280
7530.770
7517.710
7504.720
7492.040
7479.500
7466.930
7455.020
7443.040
7431.300
7420.010
7408.840
7398.330
7387.640
7377.610
7367.730
7358.170
7349.390
7340.200
7331.470
7322.910
7314.810
7306.530
7298.890
7291.140
7283.650
7276.540
7269.210
7262.190
7255.180
7248.830
7241.920
7234.800
7228.010
7221.100
7214.210
7207.450
7200.600
7193.750
7186.950
7179.930
7173.080
7165.630
7158.640
7151.030
7143.540
7135.860
7128.080
7120.380
7112.530
7104.610
7096.550
7088.630
7080.700
7072.460
7064.440
7056.530
7048.290
7039.930
7031.410
7023.040
7014.390
7005.950
6997.330
6988.470
6979.600
6970.890
6961.900
6953.090
6944.200
6935.220
6925.670
6916.900
6907.340
6898.100
6888.660
6879.610
6870.050
6860.150
6850.850
6841.390
6831.790
6822.860
6813.320
6803.450
6793.900
6784.280
6774.750
6764.970
6755.400
6746.050
6736.390
6726.880
6717.160
6707.400
6698.200
6688.410
6678.650
6668.960
6659.210
6649.520
6639.810
6630.010
6620.100
6610.200
6600.310
6590.310
6580.320
6570.710
6560.650
6550.460
6540.330
6530.180
6520.070
6509.800
6499.710
6489.550
6479.440
6469.280
6459.060
6449.180
6439.240
6429.430
6418.860
6408.790
6398.710
6388.530
6378.230
6367.830
6357.430
6347.250
6336.750
6326.290
6315.760
6305.860
6295.100
6284.200
6273.710
6262.770
6252.230
6241.400
6230.920
6220.270
6209.590
6198.890
6188.180
6177.870
6167.130
6156.240
6145.890
6135.680
6124.890
6113.900
6103.660
6093.190
6082.590
6071.980
6061.350
6050.610
6040.700
6030.430
6019.550
6008.830
5998.170
5987.490
5976.900
5966.390
5955.690
5945.230
5934.530
5924.220
5913.490
5903.300
5892.700
5882.210
5871.760
5861.530
5850.840
5839.960
5830.020
5819.450
5808.920
5798.340
5787.930
5777.400
5767.470
5756.910
5746.060
5735.190
5724.750
5713.920
5702.940
5692.310
5681.720
5671.170
5660.520
5649.710
5639.200
5628.770
5618.160
5607.430
5597.000
5586.220
5575.800
5565.090
5554.530
5544.190
5533.400
5522.940
5512.230
5501.500
5491.040
5480.370
5469.780
5459.200
5448.440
5438.040
5427.350
5416.850
5406.340
5395.680
5385.260
5374.680
5363.990
5353.700
5343.350
5332.780
5321.950
5311.120
5300.660
5289.930
5279.260
5268.700
5257.830
5247.250
5236.330
5225.610
5215.220
5204.460
5193.470
5182.550
5171.750
5160.700
5149.940
5139.210
5128.350
5117.790
5106.750
5096.020
5085.400
5074.860
5064.010
5053.400
5043.910
5039.780
5039.620
5042.230
5047.130
5053.730
