6493.520
6479.610
6472.720
6471.760
6474.570
6480.800
6489.140
6498.670
6509.480
6520.950
6533.020
6545.580
6558.310
6571.400
6584.470
6597.890
6610.810
6624.360
6638.250
6651.920
6665.530
6679.320
6693.310
6707.020
6720.750
6734.300
6748.100
6761.950
6775.890
6789.080
6802.800
6816.660
6830.270
6844.240
6857.850
6871.500
6885.230
6898.910
6912.700
6926.220
6940.200
6953.710
6967.340
6981.050
6994.590
7008.260
7022.080
7035.770
7049.620
7063.270
7076.710
7090.390
7104.340
7117.810
7131.270
7144.680
7158.500
7172.100
7185.800
7199.550
7213.180
7226.870
7240.470
7254.150
7267.700
7281.460
7295.180
7308.640
7321.980
7335.440
7349.290
7363.040
7376.790
7390.700
7404.380
7417.860
7431.590
7445.230
7459.040
7472.620
7486.020
7499.620
7513.270
7527.040
7540.700
7554.160
7567.650
7581.370
7594.870
7608.340
7621.960
7635.370
7649.150
7662.600
7675.350
7688.830
7702.670
7716.210
7730.000
7743.260
7756.840
7770.490
7783.950
7797.400
7810.790
7824.150
7837.420
7851.190
7864.720
7878.080
7891.580
7904.950
7918.440
7931.510
7945.100
7958.420
7971.920
7985.150
7998.680
8011.000
8024.650
8037.990
8051.720
8065.270
8078.610
8092.190
8105.530
8118.930
8132.270
8145.640
8159.050
8172.440
8185.830
8199.090
8212.480
8225.850
8239.240
8252.800
8266.110
8279.480
8292.680
8306.200
8319.690
8332.850
8346.050
8359.180
8372.650
8386.150
8399.490
8412.670
8426.250
8439.490
8452.900
8466.000
8479.320
8492.440
8505.960
8519.180
8532.190
8545.570
8558.900
8572.190
8585.360
8598.670
8611.700
8624.900
8638.160
8651.720
8664.640
8677.720
8690.720
8703.240
8716.520
8729.650
8742.900
8756.030
8769.200
8782.270
8795.090
8807.990
8820.960
8833.860
8846.740
8859.470
8872.010
8884.880
8897.570
8910.330
8922.940
8935.560
8948.230
8960.900
8973.130
8985.840
8998.370
9010.720
9023.120
9034.720
9047.070
9059.690
9072.010
9084.520
9096.830
9108.830
9121.090
9133.510
9145.480
9157.700
9169.280
9181.410
9192.990
9205.050
9216.870
9228.700
9240.400
9252.150
9263.630
9275.400
9286.750
9298.360
9309.630
9321.050
9332.390
9342.840
9353.940
9365.250
9376.150
9387.180
9398.050
9408.630
9419.020
9429.640
9440.150
9450.070
9460.320
9470.310
9480.110
9489.700
9499.580
9509.030
9518.350
9527.730
9536.750
9545.850
9554.750
9563.360
9571.860
9580.440
9588.700
9596.860
9604.760
9612.720
9620.440
9627.890
9635.610
9643.170
9650.530
9657.800
9664.870
9672.080
9679.010
9685.890
9692.890
9699.580
9706.820
9713.800
9720.860
9727.850
9735.090
9742.320
9750.170
9757.870
9765.960
9774.160
9782.480
9790.860
9800.250
9810.150
9820.270
9830.750
9841.880
9853.330
9865.370
9877.700
9890.850
9904.260
9918.380
9932.900
9947.550
9963.020
9979.130
9995.500
10012.550
10029.420
10047.250
10065.310
10083.650
10102.110
10121.080
10139.940
10158.210
10177.400
10197.360
10217.130
10236.730
10256.490
10276.420
10296.420
10316.020
10335.560
10355.310
10374.970
10394.770
10413.640
10433.110
10452.590
10472.000
10491.250
10510.040
10528.850
10547.650
10566.500
10584.980
10603.170
10621.250
10639.440
10656.620
10674.440
10692.300
10709.830
10727.490
10744.920
10762.130
10779.310
10796.330
10813.240
10829.900
10846.870
10863.180
10879.840
10896.050
10912.690
10928.830
10944.910
10960.940
10977.010
10992.900
11009.040
11024.540
11040.100
11055.800
11071.470
11086.070
11101.350
11116.880
11132.140
11147.340
11162.570
11177.330
11192.240
11207.130
11222.200
11236.830
11251.600
11266.470
11281.080
11295.580
11310.500
11325.330
11339.920
11354.570
11369.200
11383.590
11398.360
11412.780
11427.250
11441.900
11456.110
11469.960
11484.310
11499.030
11513.780
11528.130
11542.600
11557.080
11571.500
11586.210
11600.550
11614.870
11629.070
11643.630
11657.840
11671.770
11686.250
11700.550
11714.820
11729.030
11742.920
11756.910
11771.200
11785.020
11799.290
11813.030
11826.920
11840.400
11854.210
11868.340
11882.350
11896.210
11910.030
11924.040
11937.780
11951.760
11965.320
11979.300
11993.370
12007.090
12020.720
12034.490
12048.390
12062.210
12076.200
12089.840
12103.750
12117.520
12131.630
12145.400
12159.140
12172.980
12186.720
12200.020
12213.900
12228.000
12242.100
12255.840
12269.830
12283.900
12297.330
12311.440
12325.160
12339.020
12352.770
12366.620
12379.980
12394.040
12407.840
12421.820
12435.410
12449.240
12463.060
12476.780
12490.490
12504.370
12517.690
12531.660
12545.470
12559.080
12572.780
12586.460
12600.350
12614.210
12627.960
12641.610
12655.590
12669.440
12683.220
12697.160
12710.840
12724.610
12738.110
12752.250
12765.710
12779.710
12793.450
12807.100
12820.780
12834.570
12848.120
12861.890
12875.540
12889.450
12902.470
12915.730
12929.490
12943.030
12956.400
12969.910
12983.170
12996.160
13009.460
13022.590
13035.820
13048.650
13061.370
13074.250
13087.000
13099.730
13107.250
13106.730
13106.430
13106.490
13105.210
13102.490
13096.850
13089.650
13080.810
13070.830
13060.330
13049.140
13037.090
13024.950
13012.230
12999.780
12987.320
12974.180
12960.380
12946.710
12933.520
12920.110
12906.930
12893.570
12880.330
12867.120
12854.280
12840.800
12828.030
12814.900
12801.540
12788.380
12775.150
12761.490
12748.180
12734.890
12721.830
12708.070
12694.780
12681.350
12667.970
12654.920
12641.480
12627.530
12614.210
12600.670
12587.080
12573.630
12559.730
12546.150
12532.620
12519.130
12505.200
12491.590
12478.330
12464.730
12451.060
12437.330
12423.560
12409.780
12396.180
12382.530
12368.960
12355.270
12341.200
12327.590
12313.970
12300.900
12287.230
12273.200
12259.460
12245.670
12231.940
12218.000
12204.280
12190.850
12177.240
12163.360
12150.010
12136.090
12122.860
12109.350
12095.690
12081.930
12068.300
12054.680
12040.990
12027.200
12013.540
11999.950
11986.540
11972.410
11959.160
11946.020
11932.370
11918.160
11904.410
11890.490
11876.580
11862.470
11848.940
11834.970
11820.920
11806.720
11793.130
11779.350
11765.750
11752.140
11738.060
11724.050
11710.440
11696.650
11682.920
11669.170
11655.490
11641.830
11628.260
11614.560
11600.890
11587.730
11574.440
11560.380
11546.420
11532.800
11519.100
11505.430
11492.000
11478.330
11464.530
11450.740
11437.240
11423.430
11409.850
11396.110
11382.220
11368.310
11354.470
11340.120
11326.370
11311.980
11298.260
11284.290
11270.000
11255.930
11241.730
11228.070
11213.770
11199.240
11184.620
11170.290
11155.850
11141.210
11127.060
11112.490
11097.810
11083.720
11069.130
11054.620
11040.290
11025.860
11011.260
10996.610
10981.990
10967.340
10952.990
10938.320
10923.400
10908.700
10894.200
10879.420
10864.480
10850.330
10835.700
10820.570
10805.640
10790.660
10775.960
10760.730
10745.690
10731.050
10715.980
10700.940
10685.780
10670.670
10655.930
10640.790
10625.420
10609.930
10594.760
10579.390
10563.980
10548.180
10532.730
10517.210
10501.730
10485.850
10469.900
10454.690
10438.540
10422.670
10406.200
10389.680
10373.430
10357.100
10340.690
10324.090
10307.370
10290.690
10273.770
10257.200
10240.200
10222.880
10205.540
10188.210
10170.890
10153.160
10135.590
10117.560
10099.610
10081.560
10063.460
10045.160
10027.350
10008.830
9989.840
9971.120
9951.960
9932.860
9913.840
9894.660
9875.510
9856.300
9836.740
9817.310
9797.960
9779.050
9759.880
9740.540
9721.240
9702.170
9683.200
9664.220
9645.770
9626.850
9608.700
9590.340
9572.600
9554.820
9537.900
9520.920
9504.460
9488.040
9472.250
9456.750
9441.800
9427.240
9413.250
9399.730
9386.670
9374.250
9361.880
9350.500
9339.410
9328.570
9318.100
9308.170
9298.740
9289.530
9280.360
9271.760
9263.670
9255.430
9247.280
9239.410
9232.610
9224.950
9217.210
9209.720
9202.210
9194.870
9187.490
9179.920
9172.480
9165.010
9157.500
9149.850
9142.160
9134.620
9126.590
9118.700
9110.540
9102.270
9093.860
9085.340
9076.840
9068.110
9059.100
9050.170
9041.030
9031.750
9023.120
9013.630
9003.480
8993.710
8983.770
8973.800
8963.520
8953.430
8942.980
8932.740
8922.100
8911.420
8900.900
8890.290
8879.520
8868.630
8857.460
8846.620
8835.150
8824.010
8812.730
8801.280
8789.890
8778.450
8766.670
8755.440
8744.120
8732.430
8720.340
8708.640
8696.440
8684.550
8672.600
8660.720
8648.540
8636.710
8624.550
8612.320
8600.120
8588.120
8575.960
8563.610
8551.260
8538.830
8526.360
8514.160
8501.510
8488.940
8476.360
8463.670
8451.040
8438.500
8426.190
8413.480
8400.530
8387.890
8375.020
8362.340
8349.300
8336.630
8323.610
8310.850
8297.760
8284.700
8271.680
8258.960
8245.900
8232.560
8219.460
8206.260
8193.120
8179.990
8166.710
8153.700
8140.380
8127.260
8114.020
8100.630
8088.330
8075.220
8061.600
8048.280
8034.800
8021.470
8007.950
7994.600
7981.290
7967.890
7954.620
7941.380
7928.210
7914.740
7901.180
7887.970
7874.590
7861.170
7847.700
7834.350
7820.930
7807.670
7794.130
7780.520
7767.090
7754.520
7741.120
7727.610
7713.890
7700.320
7686.710
7673.260
7659.740
7646.310
7632.730
7619.140
7605.900
7592.320
7579.000
7565.390
7551.950
7538.230
7524.820
7511.340
7497.800
7484.290
7470.860
7457.290
7443.940
7430.350
7417.060
7404.080
7390.680
7376.840
7363.180
7349.640
7336.200
7322.610
7308.970
7295.260
7281.680
7268.030
7254.520
7240.900
7227.260
7213.550
7199.690
7186.170
7172.550
7158.910
7145.010
7131.490
7117.920
7104.250
7090.530
7076.960
7063.400
7049.910
7036.110
7022.490
7009.100
6995.410
6981.660
6967.680
6954.370
6940.750
6926.880
6913.130
6899.550
6885.560
6872.260
6858.390
6844.680
6830.790
6817.040
6803.490
6789.630
6775.960
6762.220
6748.440
6734.990
6721.060
6707.410
6694.180
6680.420
6666.480
6652.530
6638.870
6624.880
6611.060
6597.430
6583.840
6570.200
6556.120
6542.520
6528.660
6515.280
6501.410
6487.620
6475.320
6470.380
6470.260
6474.260
6480.630
6489.020
