13793.080
13763.760
13748.090
13745.310
13751.020
13763.480
13780.220
13800.190
13822.530
13846.620
13871.880
13898.120
13925.340
13952.980
13980.810
14008.920
14035.870
14064.400
14093.630
14122.240
14151.060
14180.140
14209.250
14237.860
14266.530
14295.200
14324.170
14352.840
14381.750
14409.990
14438.650
14467.490
14496.670
14525.380
14553.790
14582.650
14611.370
14640.140
14669.070
14697.230
14725.530
14754.180
14782.720
14811.310
14839.550
14867.890
14896.380
14925.120
14953.580
14981.790
15010.250
15038.710
15067.270
15095.880
15124.010
15152.160
15180.650
15209.370
15238.440
15266.870
15295.670
15324.280
15353.100
15382.060
15410.650
15439.480
15468.210
15497.080
15524.940
15553.500
15582.710
15611.910
15640.930
15670.150
15699.010
15727.620
15756.340
15785.130
15813.780
15841.870
15870.510
15898.620
15927.110
15956.040
15984.150
16012.600
16040.790
16069.350
16097.710
16126.100
16154.540
16182.960
16211.310
16240.320
16267.420
16296.070
16325.030
16354.440
16383.640
16412.450
16441.700
16470.940
16500.140
16529.270
16558.580
16587.240
16616.050
16645.120
16674.530
16703.280
16732.260
16761.320
16790.490
16819.180
16847.680
16876.410
16904.910
16933.550
16962.070
16989.170
17017.240
17046.050
17074.610
17103.050
17131.160
17159.210
17187.250
17215.550
17243.330
17271.220
17299.000
17327.030
17354.530
17382.320
17410.380
17438.860
17467.120
17495.400
17523.470
17551.710
17580.160
17608.600
17637.140
17665.050
17693.580
17721.400
17749.820
17778.940
17807.260
17835.760
17864.440
17893.160
17921.590
17950.390
17979.060
18007.620
18036.370
18064.990
18093.060
18121.320
18150.100
18178.800
18207.630
18235.890
18264.450
18292.850
18321.640
18350.300
18378.910
18407.450
18436.020
18463.380
18492.060
18521.170
18549.900
18578.880
18607.900
18636.750
18665.480
18694.050
18722.840
18751.370
18780.200
18808.980
18836.740
18865.500
18893.950
18922.770
18950.990
18979.170
19007.480
19035.890
19064.470
19092.180
19120.480
19148.570
19176.990
19203.620
19231.610
19259.810
19288.240
19316.590
19344.910
19372.870
19401.180
19428.890
19457.430
19485.540
19513.330
19541.070
19568.730
19596.290
19624.420
19651.890
19679.410
19706.730
19734.050
19761.410
19788.450
19815.190
19841.630
19868.460
19894.580
19919.370
19945.410
19971.670
19997.690
20023.820
20049.070
20074.530
20100.240
20125.410
20150.460
20175.200
20199.750
20224.530
20248.670
20273.020
20297.440
20321.470
20345.660
20369.600
20394.090
20417.770
20441.740
20465.320
20489.650
20512.820
20536.280
20558.960
20581.790
20604.440
20626.670
20648.830
20670.570
20692.620
20713.970
20735.380
20756.090
20776.860
20798.060
20818.790
20838.870
20859.670
20880.160
20900.910
20921.800
20942.820
20963.350
20984.300
21005.840
21027.180
21048.630
21070.260
21092.200
21113.350
21136.150
21159.770
21183.730
21208.030
21232.750
21258.380
21284.670
21311.140
21338.550
21366.630
21395.480
21425.180
21454.640
21485.460
21517.140
21549.260
21581.720
21614.480
21647.600
21681.210
21715.280
21749.380
21783.230
21817.640
21850.750
21885.060
21920.100
21954.850
21989.420
22024.300
22058.550
22092.910
22126.850
22160.610
22194.690
22228.370
22261.860
22294.510
22327.830
22361.040
22394.030
22426.870
22459.480
22491.730
22524.220
22556.370
22588.380
22620.020
22652.190
22683.790
22714.170
22745.780
22777.170
22809.030
22840.940
22872.370
22903.780
22934.920
22965.810
22996.760
23028.070
23058.990
23089.720
23120.250
23150.970
23182.050
23212.460
23243.300
23273.890
23304.760
23335.500
23366.000
23395.800
23425.920
23456.390
23486.430
23515.640
23545.100
23575.090
23605.030
23634.610
23664.400
23693.550
23722.890
23752.090
23781.460
23810.420
23838.970
23867.830
23896.180
23924.920
23953.790
23982.600
24011.280
24040.280
24068.850
24097.920
24126.230
24154.950
24183.440
24212.080
24240.360
24267.600
24295.980
24324.900
24353.970
24382.560
24411.280
24439.940
24468.990
24497.580
24526.190
24554.890
24583.740
24612.560
24641.040
24669.350
24698.380
24727.160
24756.190
24785.130
24813.780
24843.100
24872.030
24901.420
24930.400
24959.490
24988.480
25016.220
25045.500
25075.180
25104.240
25133.360
25162.460
25191.330
25220.500
25249.280
25278.170
25307.240
25336.320
25365.300
25393.500
25422.480
25451.680
25480.990
25510.100
25539.130
25568.410
25598.110
25627.760
25657.800
25687.430
25717.420
25747.310
25776.140
25805.940
25836.060
25865.990
25895.810
25925.750
25955.410
25984.970
26014.100
26043.430
26073.130
26102.610
26131.860
26160.490
26189.370
26218.690
26247.980
26276.560
26304.950
26333.850
26362.970
26391.620
26420.030
26448.790
26477.350
26506.120
26534.820
26562.970
26591.330
26619.840
26648.470
26676.610
26704.540
26732.620
26760.850
26789.010
26817.040
26844.760
26872.300
26899.820
26927.830
26955.520
26983.380
27011.120
27038.530
27066.360
27094.290
27121.950
27149.700
27177.290
27205.790
27232.310
27259.720
27287.610
27315.530
27343.130
27370.670
27397.550
27424.700
27451.970
27479.800
27507.280
27534.210
27561.770
27588.490
27615.840
27642.880
27654.990
27655.000
27654.500
27653.810
27651.880
27646.340
27635.600
27620.410
27601.730
27580.630
27558.190
27534.040
27508.700
27482.500
27455.300
27427.990
27401.500
27372.810
27343.070
27312.990
27283.770
27254.550
27225.380
27196.180
27166.910
27137.670
27108.270
27078.940
27049.770
27020.220
26990.910
26961.230
26931.340
26901.740
26872.040
26842.070
26812.440
26782.090
26752.260
26722.040
26692.190
26662.820
26632.870
26603.050
26573.190
26543.700
26514.440
26485.260
26455.950
26426.890
26397.810
26369.120
26340.310
26311.220
26282.840
26253.970
26225.080
26196.030
26166.920
26137.980
26108.870
26079.790
26050.700
26020.850
25991.520
25961.910
25932.390
25903.910
25873.770
25842.950
25812.250
25782.130
25751.070
25720.690
25690.260
25660.100
25629.980
25599.770
25569.780
25540.010
25511.050
25481.650
25451.990
25422.300
25392.520
25362.890
25333.330
25303.550
25273.350
25242.670
25212.850
25181.880
25151.160
25121.550
25090.620
25059.100
25028.290
24997.140
24966.240
24935.570
24905.700
24875.530
24845.950
24816.440
24787.000
24758.260
24729.810
24700.760
24671.610
24642.400
24613.550
24584.130
24555.230
24525.940
24496.400
24467.450
24438.170
24408.810
24379.510
24351.600
24322.970
24293.340
24264.170
24235.080
24206.180
24177.780
24149.200
24121.040
24092.910
24065.270
24037.360
24009.340
23981.820
23954.210
23926.600
23899.110
23871.500
23844.250
23816.480
23789.340
23762.010
23734.600
23706.930
23679.020
23651.580
23624.390
23596.510
23568.010
23539.750
23511.230
23482.730
23454.250
23425.720
23397.000
23368.510
23339.970
23311.430
23282.550
23254.410
23225.750
23196.850
23168.000
23139.040
23110.110
23081.460
23052.330
23023.060
22993.860
22964.550
22935.430
22906.030
22877.740
22848.170
22817.820
22787.940
22758.200
22728.060
22697.810
22667.870
22638.190
22608.320
22578.250
22548.060
22517.910
22488.760
22458.970
22428.510
22398.780
22368.630
22338.920
22308.910
22278.710
22248.760
22218.530
22188.250
22158.090
22127.880
22098.980
22068.480
22037.880
22007.160
21976.360
21945.880
21915.780
21885.860
21855.800
21825.580
21795.230
21764.970
21735.810
21705.700
21675.150
21644.260
21613.250
21582.810
21551.810
21521.110
21489.610
21458.260
21426.960
21395.260
21363.350
21332.380
21300.630
21267.780
21235.540
21202.960
21169.880
21136.910
21104.300
21071.280
21038.320
21004.820
20971.390
20937.980
20905.000
20871.740
20838.170
20804.350
20771.220
20737.880
20704.600
20671.070
20637.950
20604.950
20572.310
20539.850
20506.920
20475.080
20443.440
20411.590
20380.000
20349.000
20318.620
20288.670
20259.580
20230.810
20202.800
20175.100
20148.460
20121.970
20097.000
20071.910
20047.140
20023.460
20000.100
19976.960
19954.330
19931.970
19910.360
19888.720
19867.000
19845.460
19824.120
19804.210
19783.430
19761.510
19739.970
19718.550
19697.320
19675.800
19654.540
19632.860
19611.300
19589.980
19568.360
19546.740
19525.520
19503.720
19481.930
19460.150
19438.390
19416.310
19393.730
19371.880
19349.640
19327.060
19304.600
19281.660
19258.920
19237.200
19213.960
19189.790
19165.690
19141.770
19117.540
19093.020
19068.290
19043.800
19019.000
18994.190
18969.390
18944.190
18919.570
18894.860
18869.830
18844.690
18819.320
18794.170
18769.210
18744.110
18718.890
18693.170
18667.810
18642.620
18617.290
18593.060
18567.690
18541.650
18515.540
18489.780
18463.950
18437.880
18411.870
18386.350
18360.210
18334.240
18307.920
18281.840
18256.120
18230.050
18203.470
18176.550
18149.690
18123.160
18096.310
18069.270
18041.930
18014.730
17987.650
17960.100
17933.000
17906.360
17878.520
17850.710
17822.750
17795.130
17766.810
17739.130
17711.430
17683.560
17655.810
17627.770
17600.050
17572.000
17544.670
17516.760
17488.290
17460.130
17432.280
17404.400
17376.790
17348.690
17320.930
17293.350
17265.600
17237.720
17209.050
17183.240
17155.730
17127.230
17098.820
17070.700
17042.780
17014.660
16986.650
16958.660
16930.140
16902.090
16873.840
16845.800
16817.210
16788.240
16759.540
16730.480
16701.630
16672.300
16643.580
16614.570
16585.570
16556.810
16527.510
16498.600
16471.340
16443.280
16414.020
16385.020
16356.590
16328.230
16299.920
16271.250
16242.920
16214.520
16186.330
16157.890
16129.460
16101.250
16072.650
16043.850
16015.020
15985.880
15956.850
15927.620
15898.600
15869.670
15840.390
15811.060
15782.250
15753.620
15726.050
15697.170
15668.020
15638.850
15610.240
15581.470
15552.600
15523.830
15495.030
15466.510
15437.570
15408.610
15379.770
15351.520
15322.820
15294.060
15265.030
15236.090
15207.010
15178.370
15149.600
15120.640
15092.020
15062.710
15034.220
15005.540
14976.890
14948.130
14919.120
14890.220
14861.650
14832.970
14803.910
14775.000
14746.600
14717.780
14689.010
14660.270
14631.130
14602.920
14573.940
14545.120
14515.760
14486.890
14458.010
14429.290
14400.290
14371.310
14342.120
14313.190
14284.380
14255.280
14227.400
14198.580
14168.990
14139.830
14110.420
14080.900
14051.690
14022.500
13993.230
13963.750
13934.180
13904.880
13875.750
13846.770
13817.190
13787.970
13761.370
13749.760
13748.440
13755.720
13769.250
13786.870
