6486.600
6472.750
6465.830
6464.740
6467.700
6473.940
6481.880
6491.430
6502.340
6513.410
6525.580
6538.220
6550.850
6564.050
6577.280
6590.540
6603.270
6616.590
6630.580
6644.280
6657.940
6671.830
6685.600
6699.220
6713.040
6726.610
6740.480
6754.070
6767.840
6781.260
6794.680
6808.650
6822.340
6836.040
6849.720
6863.510
6877.270
6890.850
6904.690
6918.190
6931.960
6945.410
6959.430
6973.000
6986.690
7000.410
7013.970
7027.740
7041.440
7055.210
7068.750
7082.300
7096.120
7109.750
7123.380
7136.710
7150.350
7163.990
7177.820
7191.320
7204.960
7218.660
7232.120
7245.730
7259.290
7272.770
7286.530
7300.070
7312.990
7326.420
7340.270
7353.930
7367.560
7381.040
7394.460
7408.260
7421.770
7435.280
7448.990
7462.220
7475.820
7489.160
7502.710
7516.320
7529.830
7543.340
7556.880
7570.430
7584.050
7597.500
7610.930
7624.340
7638.180
7651.710
7664.310
7677.750
7691.330
7705.180
7718.870
7732.410
7745.710
7759.180
7772.790
7786.300
7799.520
7812.990
7826.190
7839.570
7853.400
7866.660
7880.250
7893.530
7906.790
7920.360
7933.780
7947.040
7960.440
7973.800
7987.250
8000.010
8013.210
8026.910
8040.620
8053.900
8067.340
8080.690
8094.090
8107.780
8120.860
8134.120
8147.620
8160.920
8174.170
8187.220
8200.880
8214.010
8227.420
8241.010
8254.250
8267.440
8280.800
8294.030
8307.380
8320.510
8333.700
8346.520
8359.790
8373.310
8386.520
8399.430
8413.050
8425.840
8439.250
8452.250
8465.490
8478.660
8491.710
8504.930
8517.670
8530.830
8543.770
8557.080
8570.220
8583.300
8596.320
8609.450
8622.550
8635.700
8648.820
8661.630
8674.850
8687.220
8700.220
8713.440
8726.580
8739.550
8752.570
8765.550
8778.760
8791.450
8804.470
8817.180
8830.250
8843.160
8855.760
8868.590
8881.510
8894.350
8907.110
8919.770
8932.430
8945.200
8957.980
8970.210
8982.850
8995.460
9007.960
9019.570
9032.050
9044.290
9056.860
9069.420
9081.610
9093.920
9106.000
9118.270
9130.420
9142.700
9154.570
9166.640
9178.330
9190.000
9202.070
9213.900
9225.450
9237.180
9248.850
9260.620
9271.970
9283.040
9294.610
9305.860
9317.120
9327.470
9338.560
9350.000
9360.730
9371.800
9382.550
9393.110
9403.350
9414.070
9424.550
9434.650
9444.670
9454.570
9464.650
9474.430
9483.850
9493.510
9503.140
9512.380
9521.410
9530.270
9539.390
9548.310
9556.800
9565.500
9573.990
9582.160
9590.420
9598.490
9606.440
9614.130
9621.890
9629.490
9637.130
9644.530
9651.530
9658.770
9665.930
9673.050
9679.940
9686.790
9694.210
9701.420
9708.430
9715.820
9722.780
9730.130
9737.710
9745.500
9753.480
9761.700
9770.080
9778.430
9787.740
9797.660
9807.700
9818.170
9829.300
9840.930
9852.780
9864.980
9878.080
9891.530
9905.740
9920.510
9935.100
9950.600
9966.720
9983.370
10000.200
10017.390
10034.860
10052.790
10071.160
10089.690
10108.620
10127.650
10146.210
10165.480
10185.280
10204.860
10224.500
10244.560
10264.370
10284.260
10304.120
10323.710
10343.700
10363.230
10383.010
10402.000
10421.570
10441.000
10460.300
10479.650
10498.500
10517.460
10536.130
10554.920
10573.220
10591.300
10609.420
10627.850
10645.140
10662.900
10680.230
10698.100
10715.490
10732.970
10750.050
10767.130
10783.990
10800.620
10817.480
10834.260
10850.720
10866.850
10883.130
10899.580
10915.750
10931.910
10947.870
10963.930
10979.880
10995.890
11011.300
11026.710
11042.380
11057.820
11072.810
11088.000
11103.420
11118.630
11133.860
11149.020
11163.980
11179.070
11193.990
11209.040
11223.950
11238.800
11253.590
11268.140
11283.000
11297.890
11312.430
11327.410
11341.930
11356.830
11371.450
11385.940
11400.610
11415.270
11430.000
11444.340
11458.340
11472.760
11487.630
11502.490
11516.930
11531.460
11546.110
11560.610
11575.200
11589.560
11604.090
11618.320
11632.410
11646.440
11660.570
11674.940
11689.100
11703.450
11717.630
11731.600
11745.600
11759.780
11773.470
11787.410
11801.400
11815.020
11828.060
11841.940
11856.010
11869.990
11883.560
11897.410
11911.330
11924.830
11938.340
11952.110
11965.850
11979.530
11993.040
12006.260
12020.060
12033.600
12047.350
12061.120
12074.410
12088.020
12101.830
12115.690
12129.510
12143.150
12156.700
12170.590
12183.790
12197.670
12211.460
12225.360
12239.320
12253.200
12266.920
12280.290
12294.250
12307.810
12321.540
12335.210
12348.650
12362.170
12375.890
12389.300
12403.090
12416.710
12430.350
12443.740
12457.670
12471.040
12484.630
12498.180
12511.930
12525.490
12539.210
12552.650
12565.990
12579.830
12593.490
12607.400
12621.080
12634.630
12648.300
12662.180
12675.940
12689.460
12703.080
12716.500
12730.220
12743.890
12757.550
12771.000
12784.740
12798.620
12812.520
12825.840
12839.270
12852.970
12866.450
12879.390
12892.460
12906.100
12919.160
12932.730
12946.020
12958.920
12971.850
12984.970
12997.970
13010.830
13023.440
13036.250
13048.650
13061.480
13073.880
13080.510
13080.040
13079.670
13079.320
13078.210
13075.070
13069.570
13062.130
13053.300
13043.040
13032.480
13021.010
13008.980
12996.870
12984.130
12971.310
12958.880
12945.670
12931.600
12917.870
12904.300
12890.730
12877.560
12864.050
12850.590
12837.360
12824.280
12810.900
12797.760
12784.260
12771.070
12757.440
12744.190
12730.610
12717.260
12703.810
12690.400
12676.870
12663.570
12650.180
12636.520
12623.540
12610.030
12596.490
12583.100
12569.530
12556.070
12542.590
12529.010
12515.650
12502.210
12488.640
12474.970
12461.690
12448.320
12434.920
12421.630
12408.100
12394.500
12380.830
12367.480
12353.870
12340.580
12326.770
12313.110
12299.600
12286.010
12273.260
12259.810
12245.850
12232.230
12218.590
12204.920
12191.360
12177.580
12164.140
12150.630
12137.020
12123.610
12110.020
12096.700
12083.160
12069.580
12055.770
12042.250
12028.770
12015.140
12001.340
11987.850
11974.170
11960.890
11947.210
11933.670
11920.760
11907.030
11893.230
11879.620
11865.820
11852.110
11838.380
11824.510
11810.980
11797.060
11783.220
11769.340
11755.860
11742.410
11728.820
11715.180
11701.220
11687.530
11674.160
11660.600
11646.920
11633.270
11619.740
11606.300
11592.720
11579.110
11566.080
11552.480
11538.920
11525.080
11511.350
11497.760
11484.370
11470.400
11456.820
11443.110
11429.850
11416.100
11402.390
11389.050
11375.240
11361.350
11347.830
11333.760
11319.970
11306.120
11292.310
11278.440
11264.400
11250.310
11236.490
11222.460
11208.930
11194.800
11180.590
11166.300
11152.240
11137.850
11123.370
11109.140
11094.880
11080.630
11066.380
11052.040
11037.570
11023.500
11009.310
10994.720
10979.840
10965.180
10950.530
10936.030
10921.650
10907.000
10892.480
10877.980
10863.200
10848.810
10834.550
10819.990
10804.920
10790.350
10775.480
10760.800
10745.890
10731.000
10716.390
10701.630
10686.570
10671.710
10656.590
10642.130
10627.110
10612.010
10596.430
10581.270
10565.770
10550.690
10535.090
10519.420
10504.000
10488.410
10472.750
10456.970
10441.830
10425.810
10409.760
10393.350
10377.100
10360.760
10344.260
10327.910
10311.300
10294.580
10277.740
10260.910
10244.310
10227.520
10210.290
10193.070
10175.440
10158.170
10140.570
10122.780
10104.880
10086.970
10069.060
10050.990
10032.450
10014.720
9996.180
9977.480
9958.430
9939.700
9920.250
9901.180
9882.120
9862.980
9843.610
9824.350
9804.640
9785.530
9766.420
9746.890
9727.260
9708.080
9689.030
9670.050
9650.830
9632.130
9613.450
9595.130
9576.660
9558.800
9540.810
9523.900
9506.960
9490.150
9473.950
9457.850
9442.380
9427.490
9412.910
9398.800
9385.170
9372.170
9359.440
9347.330
9335.900
9324.650
9313.820
9303.400
9293.470
9283.460
9274.190
9265.310
9256.600
9248.150
9239.930
9231.820
9223.880
9216.890
9209.350
9201.700
9193.860
9186.300
9178.930
9171.210
9164.280
9156.420
9148.800
9141.120
9133.400
9125.760
9118.170
9110.070
9102.020
9093.740
9085.540
9076.980
9068.220
9059.540
9050.810
9041.710
9032.560
9023.440
9014.140
9005.360
8995.650
8985.870
8975.900
8965.900
8955.790
8945.640
8935.500
8924.950
8914.690
8904.110
8893.470
8882.540
8872.020
8861.180
8850.090
8838.880
8827.650
8816.450
8805.140
8793.870
8782.450
8770.910
8759.470
8747.980
8736.090
8725.080
8713.220
8701.140
8689.480
8677.280
8665.330
8653.380
8641.250
8629.110
8616.810
8604.790
8592.670
8580.250
8568.560
8556.120
8543.780
8531.490
8518.810
8506.320
8494.130
8481.750
8469.100
8456.710
8444.150
8431.560
8418.920
8406.950
8394.160
8381.450
8368.580
8355.890
8343.010
8330.190
8317.330
8304.570
8291.570
8278.540
8265.720
8252.720
8239.990
8227.050
8214.040
8200.870
8187.890
8174.710
8161.590
8148.460
8135.360
8122.100
8109.140
8095.860
8082.670
8070.280
8057.060
8043.610
8030.140
8016.820
8003.540
7990.290
7977.070
7963.610
7950.500
7937.150
7923.970
7910.760
7897.630
7884.060
7870.860
7857.480
7843.940
7830.630
7817.150
7804.060
7790.670
7777.320
7763.830
7750.740
7738.150
7724.740
7711.060
7697.460
7684.020
7670.700
7657.270
7643.970
7630.510
7617.120
7603.800
7590.670
7577.230
7563.850
7550.410
7537.230
7523.770
7510.470
7497.030
7483.480
7470.380
7457.020
7443.630
7430.170
7416.820
7403.560
7390.650
7377.280
7363.700
7350.130
7336.640
7323.140
7309.730
7296.150
7282.700
7269.380
7255.590
7242.190
7228.790
7215.270
7202.000
7188.330
7174.640
7161.170
7147.540
7134.190
7120.630
7107.060
7093.500
7079.640
7066.450
7052.810
7039.370
7025.680
7011.950
6998.480
6984.860
6971.390
6957.580
6943.930
6930.550
6916.950
6903.260
6889.810
6875.980
6862.770
6848.960
6835.450
6821.630
6807.960
6794.270
6780.670
6767.190
6753.260
6739.560
6725.870
6712.340
6698.700
6685.470
6672.060
6658.140
6644.680
6630.740
6617.000
6603.280
6589.630
6575.970
6562.360
6548.610
6534.770
6521.180
6507.830
6494.140
6480.410
6468.370
6463.300
6463.250
6467.040
6473.720
6481.950
