5299.990
5288.660
5283.020
5282.290
5284.990
5289.970
5296.480
5304.490
5313.050
5322.200
5331.930
5342.040
5352.370
5362.920
5373.470
5383.970
5394.400
5405.240
5416.500
5427.620
5438.520
5449.670
5460.810
5472.220
5483.210
5494.500
5505.700
5517.120
5528.500
5539.310
5550.870
5562.070
5573.760
5585.060
5596.310
5607.640
5618.940
5630.320
5641.720
5652.830
5663.990
5675.230
5686.550
5697.770
5708.860
5719.870
5730.950
5742.220
5753.420
5764.300
5775.300
5786.420
5797.540
5808.610
5819.400
5830.130
5841.210
5852.210
5863.110
5874.120
5885.080
5895.870
5906.800
5917.820
5928.540
5939.590
5950.550
5961.500
5971.680
5982.440
5993.570
6004.670
6015.660
6026.730
6037.520
6048.490
6059.530
6070.550
6081.300
6092.260
6103.160
6113.910
6124.800
6135.880
6146.770
6157.610
6168.740
6179.590
6190.740
6201.530
6212.350
6223.360
6234.280
6245.410
6255.620
6266.300
6277.340
6288.430
6299.340
6310.100
6320.920
6331.790
6342.620
6353.160
6363.750
6374.410
6385.080
6395.600
6406.550
6417.070
6427.930
6438.560
6449.520
6460.160
6470.880
6481.670
6492.420
6503.190
6514.130
6524.210
6534.960
6545.720
6556.840
6567.670
6578.300
6588.930
6599.430
6610.270
6621.020
6631.600
6642.290
6653.030
6663.670
6674.120
6684.950
6695.730
6706.530
6717.290
6728.020
6738.760
6749.430
6760.410
6771.050
6782.080
6792.760
6803.230
6813.890
6824.960
6835.790
6846.510
6857.540
6868.490
6879.180
6889.930
6900.770
6911.640
6922.690
6933.430
6944.110
6954.800
6965.710
6976.840
6987.430
6998.420
7009.090
7020.120
7030.920
7041.660
7052.220
7063.010
7073.470
7083.740
7094.290
7104.900
7115.390
7126.000
7136.660
7147.180
7157.510
7168.020
7178.520
7189.060
7199.690
7209.800
7219.900
7230.260
7240.810
7251.400
7261.440
7271.940
7282.310
7292.740
7303.020
7313.400
7323.760
7333.990
7343.960
7353.690
7363.540
7373.860
7384.040
7393.900
7403.990
7413.800
7423.740
7433.720
7443.560
7453.560
7463.070
7473.030
7482.640
7492.600
7502.480
7512.170
7521.840
7531.260
7540.840
7550.460
7559.820
7569.030
7578.370
7587.740
7596.960
7605.690
7614.720
7623.950
7633.510
7642.740
7651.990
7661.440
7670.580
7679.930
7689.330
7698.510
7707.630
7716.600
7725.420
7734.300
7743.290
7751.920
7760.340
7769.050
7777.410
7785.940
7794.190
7802.440
7811.020
7819.580
7827.420
7835.570
7843.730
7851.730
7859.670
7867.520
7875.410
7883.090
7890.750
7898.510
7905.700
7913.100
7920.300
7927.470
7934.480
7941.440
7948.740
7955.840
7962.840
7970.200
7977.170
7984.510
7992.140
7999.510
8007.250
8014.980
8022.910
8030.740
8039.370
8048.060
8057.140
8066.640
8076.400
8086.370
8096.870
8107.490
8118.490
8129.970
8141.710
8153.700
8165.670
8178.240
8191.130
8204.470
8217.690
8231.110
8244.850
8258.780
8272.690
8286.770
8300.950
8315.320
8329.000
8343.290
8357.910
8372.240
8386.830
8401.430
8416.080
8430.700
8445.210
8459.700
8474.270
8488.690
8503.060
8517.170
8531.190
8545.340
8559.550
8573.550
8587.480
8601.320
8615.190
8628.670
8642.390
8655.990
8669.530
8682.980
8695.910
8709.350
8722.820
8736.000
8749.510
8762.770
8775.580
8788.490
8801.250
8814.190
8826.910
8839.640
8851.950
8864.380
8876.780
8889.420
8901.760
8914.030
8926.490
8938.930
8950.990
8963.150
8975.440
8987.560
8999.660
9011.740
9023.500
9035.320
9047.330
9059.320
9071.460
9083.300
9095.170
9107.220
9118.920
9130.680
9142.510
9153.830
9165.310
9176.460
9187.890
9199.390
9210.220
9221.410
9232.420
9243.570
9254.510
9265.190
9276.140
9287.120
9297.910
9308.640
9319.250
9330.060
9341.540
9352.740
9363.840
9374.970
9386.240
9397.360
9408.960
9419.910
9431.290
9442.460
9453.830
9464.860
9475.970
9487.100
9498.190
9509.420
9520.560
9531.670
9542.540
9553.570
9564.380
9575.530
9586.400
9597.440
9607.610
9618.730
9629.800
9640.920
9651.840
9662.830
9673.820
9685.040
9695.730
9706.670
9717.560
9728.540
9739.210
9749.900
9760.770
9771.590
9782.080
9792.970
9803.640
9814.250
9824.870
9835.580
9846.310
9856.660
9867.310
9877.880
9888.260
9898.920
9909.550
9920.290
9930.920
9941.900
9952.340
9963.340
9974.010
9984.770
9995.420
10006.170
10016.730
10027.360
10038.100
10048.770
10059.590
10070.260
10080.940
10091.660
10102.240
10112.800
10123.400
10133.930
10144.540
10155.240
10165.910
10176.440
10187.040
10197.630
10208.510
10219.260
10229.880
10240.980
10251.900
10262.850
10273.830
10285.200
10296.140
10307.150
10318.440
10329.710
10340.880
10352.150
10363.190
10374.330
10385.380
10396.480
10407.480
10418.380
10429.220
10439.370
10450.310
10461.040
10471.860
10482.290
10492.980
10503.190
10513.770
10524.010
10534.650
10544.890
10555.210
10565.460
10575.750
10586.040
10596.310
10601.080
10600.750
10600.390
10600.100
10598.870
10596.490
10591.940
10585.620
10578.310
10569.880
10560.960
10551.430
10541.520
10531.110
10520.190
10509.570
10499.080
10487.850
10476.250
10464.750
10453.590
10442.510
10431.290
10419.960
10409.130
10398.190
10387.080
10376.170
10365.600
10354.540
10343.670
10332.860
10322.010
10311.100
10300.170
10289.280
10278.720
10267.700
10256.920
10245.970
10235.140
10224.250
10213.370
10202.470
10191.410
10180.420
10169.670
10158.570
10147.580
10136.410
10125.640
10114.700
10103.760
10092.830
10082.290
10071.380
10060.660
10049.560
10038.900
10028.130
10017.600
10006.870
9996.460
9985.900
9975.220
9964.830
9954.400
9944.860
9934.380
9923.850
9913.360
9902.790
9892.520
9881.840
9871.390
9860.800
9850.180
9839.740
9828.850
9817.880
9807.680
9796.730
9785.580
9774.630
9763.970
9753.290
9742.430
9731.890
9721.120
9710.820
9700.500
9690.200
9680.040
9670.520
9660.410
9650.400
9640.530
9630.180
9620.370
9610.340
9599.950
9589.940
9579.450
9569.080
9558.440
9548.180
9537.950
9527.240
9516.800
9506.150
9495.790
9485.500
9475.060
9464.650
9454.330
9443.810
9433.450
9422.950
9412.140
9401.950
9391.240
9380.230
9369.160
9358.170
9347.050
9336.160
9325.170
9314.100
9303.130
9292.240
9281.250
9270.330
9259.500
9248.410
9237.800
9226.720
9215.810
9204.930
9194.080
9183.570
9172.670
9161.950
9151.290
9140.730
9129.870
9119.580
9108.940
9098.000
9087.200
9076.260
9065.630
9054.920
9044.050
9033.440
9022.520
9011.870
9001.110
8990.330
8979.640
8968.880
8958.180
8947.140
8936.160
8925.280
8914.400
8903.470
8892.430
8881.660
8870.290
8859.470
8848.340
8838.070
8826.880
8815.520
8804.280
8793.270
8781.970
8770.560
8759.310
8748.200
8736.750
8725.390
8714.070
8702.330
8690.890
8679.540
8667.900
8656.020
8644.490
8632.740
8620.900
8608.980
8597.120
8585.060
8573.240
8561.320
8549.170
8537.430
8525.540
8513.200
8500.880
8488.340
8475.910
8463.590
8451.080
8438.460
8425.920
8413.340
8400.630
8388.150
8375.480
8362.540
8349.310
8336.300
8323.170
8310.020
8296.730
8283.480
8269.760
8256.570
8242.900
8229.310
8216.130
8202.370
8188.410
8174.300
8160.400
8146.220
8131.940
8117.710
8103.590
8089.340
8074.490
8060.120
8045.800
8031.770
8017.050
8002.480
7987.700
7973.250
7958.610
7944.040
7929.590
7915.240
7900.760
7886.580
7872.540
7858.410
7844.730
7831.260
7817.880
7804.860
7791.830
7779.270
7767.000
7754.860
7743.330
7732.120
7721.230
7710.280
7700.190
7690.260
7680.580
7671.250
7662.150
7653.310
7644.620
7636.360
7628.110
7620.240
7612.580
7604.770
7596.980
7589.610
7582.630
7575.130
7567.720
7560.080
7552.620
7545.040
7537.600
7530.160
7522.690
7514.950
7507.630
7499.830
7492.220
7484.500
7476.620
7468.400
7460.350
7451.880
7443.510
7434.890
7426.590
7417.960
7409.380
7400.490
7391.390
7382.520
7374.140
7365.040
7355.440
7345.670
7336.400
7326.830
7317.550
7307.880
7298.360
7288.920
7279.240
7269.830
7259.890
7250.330
7240.860
7231.080
7221.450
7211.470
7201.610
7191.720
7181.690
7171.620
7161.310
7151.070
7140.770
7130.420
7120.360
7110.070
7099.240
7088.340
7077.760
7067.090
7056.590
7045.940
7035.320
7024.510
7014.070
7003.390
6992.870
6982.510
6971.870
6961.290
6950.790
6940.160
6929.660
6919.060
6908.330
6897.390
6887.090
6876.470
6865.720
6855.190
6844.980
6834.140
6823.370
6812.710
6801.580
6790.680
6779.750
6768.790
6758.210
6747.000
6735.800
6725.060
6714.080
6703.250
6692.210
6681.350
6670.440
6659.410
6648.670
6637.730
6626.890
6616.250
6605.300
6594.600
6583.520
6572.750
6562.590
6551.880
6540.840
6530.230
6519.020
6508.370
6497.740
6486.820
6475.990
6465.210
6454.370
6443.620
6432.860
6422.150
6411.290
6400.520
6389.440
6378.630
6367.750
6356.850
6346.120
6335.470
6324.600
6313.840
6303.040
6292.920
6282.190
6271.110
6260.030
6249.310
6238.410
6227.180
6216.670
6205.920
6194.890
6183.910
6173.150
6162.420
6151.570
6140.850
6129.970
6119.130
6108.250
6097.290
6086.440
6075.670
6064.890
6053.890
6043.040
6032.330
6021.400
6011.250
6000.550
5989.500
5978.640
5967.860
5956.980
5946.550
5935.680
5924.880
5914.310
5903.680
5892.810
5882.110
5871.740
5861.060
5850.410
5839.790
5829.070
5818.390
5807.840
5797.180
5786.300
5775.660
5764.880
5754.250
5743.560
5733.020
5722.300
5711.540
5700.830
5689.950
5679.240
5668.370
5657.580
5646.960
5636.170
5625.460
5614.590
5603.950
5593.620
5582.920
5571.900
5561.030
5550.270
5539.840
5528.760
5518.130
5507.440
5496.630
5485.910
5475.150
5464.150
5454.040
5443.010
5432.140
5421.110
5409.990
5399.060
5387.900
5376.980
5366.240
5355.180
5344.110
5333.050
5322.120
5311.120
5300.030
5289.080
5279.370
5275.010
5274.940
5277.880
5283.300
5289.970
