13530.010
13500.920
13486.110
13482.910
13488.800
13500.790
13517.770
13537.700
13560.090
13584.100
13609.200
13635.970
13662.780
13690.410
13718.120
13746.410
13773.220
13801.750
13830.730
13859.630
13888.340
13916.950
13945.590
13974.210
14002.710
14031.100
14059.610
14088.240
14116.980
14144.880
14173.450
14202.150
14231.020
14259.890
14288.620
14317.870
14346.670
14376.220
14405.060
14434.700
14463.480
14492.960
14522.070
14551.420
14580.550
14609.600
14638.440
14667.620
14696.780
14725.530
14754.280
14782.890
14812.050
14840.870
14869.140
14897.020
14926.020
14954.670
14983.800
15012.220
15040.910
15069.720
15098.430
15127.420
15155.600
15183.940
15212.480
15241.120
15268.200
15296.330
15324.910
15353.350
15381.840
15410.100
15438.110
15466.150
15494.590
15522.640
15550.920
15578.830
15606.810
15634.730
15662.630
15691.120
15719.190
15747.430
15775.800
15804.440
15832.630
15860.660
15888.870
15917.380
15945.920
15974.420
16001.190
16029.510
16058.510
16087.640
16116.300
16144.900
16173.610
16202.330
16230.850
16259.750
16288.470
16316.980
16345.450
16374.170
16403.400
16432.230
16460.990
16489.980
16518.870
16547.830
16576.550
16605.550
16634.070
16663.080
16692.160
16719.650
16748.020
16777.360
16806.530
16835.590
16864.030
16893.080
16921.890
16950.410
16978.980
17007.610
17036.750
17065.680
17094.210
17123.170
17152.670
17181.890
17211.060
17240.590
17269.620
17298.850
17327.680
17357.120
17386.150
17415.090
17443.970
17472.320
17500.990
17530.400
17558.950
17587.490
17616.320
17645.200
17673.700
17702.060
17730.310
17758.870
17787.850
17816.280
17844.480
17872.590
17901.480
17930.370
17959.460
17987.990
18016.610
18046.040
18075.100
18104.260
18133.100
18162.060
18191.200
18219.330
18248.250
18277.960
18307.550
18337.030
18366.560
18395.780
18425.000
18453.900
18482.850
18511.870
18540.630
18569.100
18597.300
18625.730
18654.330
18682.790
18710.480
18738.330
18765.990
18794.040
18821.630
18848.820
18875.960
18903.370
18930.540
18956.480
18983.090
19010.260
19037.640
19064.630
19091.950
19118.730
19145.590
19172.440
19199.510
19226.600
19253.590
19280.860
19307.190
19334.330
19361.560
19388.830
19416.090
19443.710
19471.010
19498.410
19525.760
19552.680
19580.210
19607.440
19634.380
19660.310
19686.820
19714.030
19741.080
19767.640
19793.960
19820.210
19846.220
19872.430
19898.710
19924.040
19949.710
19974.850
20000.190
20025.270
20050.360
20075.460
20100.360
20125.490
20150.200
20174.600
20199.040
20223.470
20248.210
20272.530
20296.560
20320.410
20344.400
20368.360
20392.210
20415.620
20439.310
20463.000
20486.610
20510.130
20533.270
20556.490
20579.670
20603.030
20625.430
20648.170
20670.870
20693.850
20716.410
20739.430
20761.810
20784.330
20807.250
20830.390
20853.350
20876.390
20899.800
20922.240
20946.260
20970.840
20995.790
21020.350
21045.760
21071.400
21097.590
21123.420
21150.520
21178.240
21205.850
21234.700
21262.630
21291.410
21321.320
21351.480
21381.880
21412.430
21442.840
21474.170
21505.480
21536.830
21568.060
21599.320
21629.610
21661.130
21693.270
21725.180
21756.850
21788.650
21820.590
21852.180
21883.550
21914.940
21946.070
21977.310
22008.660
22039.090
22069.810
22101.110
22132.010
22162.870
22193.110
22223.400
22253.490
22283.540
22313.190
22342.810
22372.160
22401.610
22429.840
22459.060
22488.520
22517.800
22547.020
22576.410
22605.560
22634.340
22663.490
22692.100
22721.380
22750.390
22779.210
22807.040
22835.670
22864.110
22892.940
22920.950
22949.000
22977.310
23005.240
23033.340
23060.550
23088.640
23116.380
23144.000
23170.920
23198.340
23226.170
23253.940
23282.140
23309.720
23337.550
23365.020
23392.890
23420.600
23448.580
23476.060
23503.810
23530.890
23558.400
23586.380
23613.330
23641.140
23668.530
23696.060
23723.440
23750.700
23777.820
23805.240
23832.460
23860.050
23886.120
23913.510
23941.640
23969.270
23997.180
24024.650
24052.460
24080.370
24108.300
24135.690
24163.480
24191.040
24218.940
24246.200
24273.940
24301.480
24329.440
24357.460
24385.530
24413.650
24441.190
24469.500
24497.440
24525.730
24553.620
24581.490
24608.310
24636.250
24664.700
24692.930
24720.620
24748.440
24776.550
24804.520
24832.290
24859.600
24887.510
24915.310
24943.220
24970.220
24997.600
25025.640
25053.680
25081.270
25108.660
25136.690
25164.870
25192.820
25221.150
25249.120
25277.100
25305.160
25332.380
25360.850
25389.230
25417.790
25446.490
25475.150
25504.110
25532.210
25560.820
25589.420
25618.110
25646.320
25674.790
25702.670
25731.110
25759.510
25787.720
25815.580
25843.830
25872.270
25900.650
25928.960
25957.100
25985.310
26013.960
26042.580
26070.840
26099.100
26127.280
26156.170
26184.720
26213.310
26241.990
26270.680
26299.650
26328.680
26358.030
26387.070
26416.340
26444.950
26474.430
26504.220
26533.500
26562.350
26592.170
26621.530
26650.810
26679.270
26707.990
26736.890
26765.440
26792.600
26820.480
26848.870
26876.870
26904.300
26932.180
26958.550
26985.550
27012.340
27039.560
27066.620
27093.310
27120.250
27146.790
27173.750
27200.770
27214.250
27214.170
27215.020
27215.930
27215.090
27210.850
27201.700
27187.940
27170.950
27151.860
27131.040
27108.580
27085.340
27061.310
27036.080
27011.000
26986.090
26959.500
26931.310
26903.230
26875.670
26847.900
26820.280
26792.430
26764.840
26737.070
26709.450
26681.540
26654.390
26626.800
26599.120
26571.320
26543.840
26516.020
26488.510
26461.450
26434.390
26406.880
26379.560
26352.490
26325.660
26298.870
26272.080
26244.770
26217.250
26190.100
26162.590
26135.370
26107.750
26080.390
26052.920
26025.430
25997.780
25970.130
25942.910
25915.690
25887.850
25859.820
25831.860
25804.030
25776.290
25748.390
25720.160
25692.000
25663.740
25635.400
25607.110
25580.320
25551.610
25522.690
25493.880
25465.360
25436.450
25407.900
25379.230
25350.760
25322.600
25294.020
25265.400
25236.690
25209.000
25180.470
25152.220
25123.820
25095.560
25067.450
25039.260
25011.070
24982.600
24954.120
24925.690
24897.330
24868.630
24841.620
24812.880
24784.450
24755.910
24727.320
24698.690
24670.300
24641.820
24613.160
24584.780
24556.150
24527.290
24498.860
24470.790
24442.020
24412.910
24383.690
24354.740
24325.690
24296.750
24267.320
24237.830
24208.820
24179.550
24150.160
24120.540
24092.660
24063.620
24033.850
24004.230
23974.900
23945.570
23916.770
23887.720
23858.680
23829.670
23801.070
23772.280
23743.140
23714.910
23685.930
23657.250
23628.470
23599.820
23571.220
23542.430
23513.860
23485.370
23456.550
23427.730
23398.980
23370.280
23342.490
23313.570
23284.190
23254.650
23225.390
23195.800
23166.480
23137.000
23107.310
23077.890
23048.730
23019.440
22990.030
22961.340
22932.590
22903.570
22874.430
22845.700
22816.840
22788.650
22760.040
22731.330
22702.610
22674.000
22645.730
22616.890
22589.510
22560.550
22531.120
22502.050
22472.790
22443.650
22414.300
22384.970
22355.870
22326.510
22296.950
22267.470
22237.650
22209.350
22179.860
22150.650
22120.920
22091.510
22062.040
22033.070
22003.740
21974.660
21944.990
21915.920
21886.450
21856.800
21828.870
21799.560
21770.070
21740.080
21710.100
21680.420
21650.710
21621.280
21591.850
21562.320
21532.550
21502.850
21473.740
21444.140
21413.830
21383.270
21353.060
21323.300
21292.770
21262.030
21231.470
21200.650
21170.330
21139.470
21108.730
21078.400
21047.780
21016.070
20984.640
20952.690
20920.910
20888.870
20857.350
20825.440
20793.230
20761.130
20728.860
20696.940
20665.090
20633.130
20600.180
20567.510
20535.670
20503.180
20470.590
20438.110
20405.700
20373.790
20341.690
20309.710
20277.920
20246.200
20215.170
20183.820
20153.040
20122.040
20091.520
20062.180
20032.680
20003.830
19974.990
19946.990
19919.250
19892.440
19865.830
19839.580
19813.570
19788.260
19763.090
19738.560
19713.810
19690.010
19666.470
19643.020
19620.050
19596.990
19574.080
19552.920
19530.770
19507.920
19485.080
19462.350
19440.000
19417.550
19394.960
19372.170
19349.240
19326.500
19303.380
19280.320
19257.260
19233.930
19210.190
19186.630
19162.720
19138.580
19114.510
19090.830
19066.670
19042.620
19018.290
18994.070
18970.070
18947.160
18922.810
18898.020
18873.300
18848.900
18824.190
18799.480
18774.570
18749.250
18724.390
18699.120
18673.740
18648.220
18622.480
18596.960
18570.870
18544.280
18517.860
18491.400
18464.850
18438.290
18411.550
18385.020
18358.170
18331.850
18305.280
18279.770
18253.120
18225.910
18199.310
18172.410
18145.850
18118.670
18091.710
18064.840
18038.190
18011.660
17984.660
17958.010
17931.850
17905.390
17878.300
17851.460
17824.540
17797.950
17770.990
17743.910
17716.680
17689.490
17662.410
17635.150
17607.750
17581.080
17553.660
17526.040
17498.680
17470.800
17443.010
17415.050
17387.590
17359.600
17331.630
17303.330
17275.150
17247.140
17219.510
17191.030
17162.440
17134.010
17105.520
17077.170
17048.610
17020.070
16991.790
16963.440
16934.980
16906.360
16878.190
16851.140
16822.960
16794.220
16765.640
16737.030
16708.810
16680.630
16652.100
16623.640
16595.250
16567.210
16538.880
16510.980
16482.300
16453.720
16425.540
16397.160
16368.740
16340.070
16311.550
16283.670
16255.340
16226.810
16198.740
16170.350
16144.150
16116.210
16087.690
16059.480
16031.160
16003.190
15975.620
15947.410
15919.320
15891.490
15863.890
15836.530
15808.700
15781.350
15753.520
15725.800
15698.100
15670.050
15642.270
15614.250
15586.740
15559.000
15531.180
15503.240
15475.450
15447.560
15421.170
15393.210
15364.770
15336.200
15308.460
15280.360
15252.090
15223.760
15195.620
15167.650
15139.600
15111.460
15083.100
15055.180
15027.330
14999.350
14971.050
14943.090
14915.120
14887.380
14859.390
14831.510
14803.620
14775.560
14748.000
14720.150
14692.590
14664.490
14636.450
14608.460
14580.010
14551.700
14523.190
14494.520
14465.970
14437.310
14408.550
14379.780
14350.740
14322.240
14293.340
14264.400
14234.880
14205.670
14177.000
14148.010
14119.450
14090.430
14062.080
14033.530
14005.050
13976.240
13948.890
13920.200
13891.500
13862.550
13833.760
13804.870
13776.230
13747.620
13718.650
13690.060
13660.700
13631.840
13602.900
13574.580
13545.530
13516.500
13490.570
13478.750
13477.390
13484.350
13497.330
13514.460
