11225.340
11201.750
11189.450
11187.390
11192.560
11202.720
11216.820
11233.850
11252.440
11272.100
11293.320
11315.020
11337.810
11360.780
11383.680
11406.910
11429.930
11453.530
11477.760
11501.870
11525.830
11550.100
11574.340
11598.460
11622.670
11646.750
11671.000
11695.360
11719.670
11743.360
11767.500
11791.890
11816.200
11840.430
11864.680
11888.790
11912.820
11937.370
11961.500
11985.390
12009.470
12033.440
12057.760
12081.710
12105.870
12129.910
12153.780
12178.150
12202.310
12226.060
12249.820
12274.240
12298.340
12322.430
12346.310
12369.750
12394.050
12418.220
12442.480
12466.500
12490.630
12514.780
12538.950
12563.150
12587.000
12611.400
12635.480
12659.760
12683.200
12707.000
12731.160
12755.510
12779.770
12803.980
12828.010
12851.810
12876.040
12900.460
12924.280
12948.390
12972.340
12995.800
13020.020
13044.420
13068.140
13092.130
13116.440
13140.270
13164.460
13188.380
13212.320
13236.100
13260.270
13284.320
13306.910
13330.740
13355.130
13379.530
13403.550
13427.610
13451.490
13475.360
13499.810
13523.940
13547.710
13571.690
13595.620
13619.400
13643.480
13667.230
13691.560
13715.620
13739.520
13763.720
13787.500
13811.530
13835.510
13859.740
13883.960
13906.840
13930.700
13955.000
13979.330
14003.290
14027.390
14051.570
14075.620
14099.740
14123.230
14147.120
14170.990
14194.800
14218.390
14242.170
14265.900
14289.690
14314.120
14337.930
14361.810
14385.540
14409.090
14433.510
14457.010
14480.880
14504.730
14527.710
14551.940
14575.980
14599.830
14623.570
14647.490
14671.530
14695.390
14719.150
14743.000
14766.920
14790.510
14814.540
14837.590
14861.060
14884.970
14908.500
14932.480
14955.510
14979.040
15002.550
15026.210
15049.880
15072.900
15096.120
15119.370
15141.850
15164.890
15188.390
15211.850
15235.380
15258.810
15282.140
15305.480
15328.610
15351.950
15375.200
15398.220
15421.450
15444.400
15467.470
15490.700
15514.140
15537.130
15560.130
15583.240
15606.340
15629.730
15652.830
15675.940
15699.180
15722.690
15744.620
15767.570
15791.130
15814.570
15838.060
15861.150
15884.000
15907.370
15930.420
15953.510
15976.340
15999.430
16022.230
16044.700
16067.580
16090.740
16113.370
16135.940
16158.630
16181.350
16204.120
16226.660
16249.200
16271.720
16294.160
16316.960
16338.140
16360.490
16383.460
16406.200
16428.760
16450.970
16473.680
16495.960
16518.080
16540.760
16562.510
16584.730
16606.640
16628.120
16649.990
16671.770
16693.460
16715.200
16736.680
16758.170
16779.590
16801.200
16822.460
16844.020
16865.340
16886.090
16906.960
16927.890
16948.550
16969.660
16989.820
17010.700
17031.260
17051.760
17072.260
17092.700
17113.040
17133.410
17153.880
17173.610
17193.700
17213.710
17234.080
17254.270
17274.590
17294.430
17314.820
17335.090
17355.700
17376.240
17396.720
17417.580
17437.870
17459.060
17480.650
17502.560
17524.460
17546.530
17569.020
17591.740
17614.570
17637.490
17660.780
17684.250
17708.310
17731.730
17755.790
17780.450
17805.110
17830.200
17854.930
17880.230
17905.410
17931.270
17956.480
17981.860
18007.530
18031.950
18057.270
18083.350
18109.200
18134.610
18160.470
18185.770
18211.220
18236.200
18261.540
18286.380
18311.310
18336.270
18360.550
18385.000
18409.870
18434.720
18459.030
18483.500
18508.090
18532.330
18556.730
18580.830
18604.690
18628.490
18652.570
18675.550
18699.050
18723.150
18747.010
18771.020
18794.690
18818.490
18841.630
18865.040
18888.280
18911.670
18934.700
18958.020
18980.530
19003.480
19026.850
19050.030
19072.720
19095.450
19118.200
19141.330
19164.220
19186.650
19209.520
19232.430
19255.440
19277.260
19299.550
19322.680
19346.000
19369.040
19391.970
19414.740
19437.720
19460.780
19483.640
19506.700
19529.330
19552.380
19574.960
19597.890
19621.010
19643.990
19666.970
19689.950
19713.130
19736.360
19759.310
19782.280
19805.330
19828.750
19851.490
19873.650
19896.490
19919.760
19942.980
19965.860
19989.020
20011.920
20035.200
20058.140
20080.750
20103.800
20126.190
20149.130
20171.630
20194.000
20216.590
20239.430
20262.380
20285.060
20307.280
20329.900
20352.680
20375.330
20398.070
20420.810
20443.070
20464.660
20487.190
20510.700
20533.580
20556.200
20579.240
20602.180
20625.280
20647.660
20670.310
20693.070
20716.180
20739.170
20761.370
20783.900
20806.830
20829.920
20852.850
20875.260
20897.970
20920.710
20943.590
20966.080
20988.610
21010.630
21033.070
21054.680
21077.200
21099.900
21122.330
21144.600
21167.400
21189.720
21211.860
21234.190
21256.190
21278.700
21300.930
21322.800
21344.750
21367.030
21389.330
21412.040
21433.830
21456.010
21478.300
21500.990
21523.280
21545.380
21567.790
21590.020
21612.700
21634.930
21657.350
21679.760
21702.220
21725.290
21747.810
21770.610
21793.580
21816.730
21839.800
21862.800
21885.850
21908.510
21931.220
21953.910
21977.270
22000.240
22023.320
22046.110
22069.260
22092.070
22114.980
22137.880
22160.600
22183.650
22205.430
22228.070
22251.030
22274.080
22296.880
22319.800
22341.950
22364.300
22386.650
22409.580
22431.670
22453.760
22476.030
22497.790
22519.750
22541.300
22550.820
22550.620
22550.370
22550.190
22548.810
22544.590
22536.200
22524.420
22509.700
22493.210
22475.160
22455.970
22435.990
22415.040
22393.580
22371.810
22351.040
22328.580
22305.120
22281.750
22258.760
22236.050
22213.320
22190.840
22168.090
22145.870
22123.400
22101.030
22079.030
22056.570
22034.100
22011.730
21989.380
21966.720
21943.910
21921.790
21899.310
21876.710
21854.020
21831.450
21809.370
21787.000
21764.330
21741.880
21719.250
21696.870
21674.360
21651.670
21629.140
21606.550
21584.130
21561.650
21538.920
21516.130
21493.790
21471.740
21448.840
21426.170
21403.580
21380.890
21358.330
21335.910
21313.560
21290.860
21268.150
21245.820
21223.170
21201.830
21179.370
21156.550
21134.130
21111.780
21089.470
21066.930
21044.610
21022.700
21000.630
20978.330
20956.110
20933.940
20912.300
20890.090
20867.580
20845.420
20822.810
20800.950
20778.550
20756.110
20733.540
20711.060
20689.280
20666.390
20644.040
20622.660
20600.190
20577.620
20554.630
20532.180
20508.790
20486.090
20463.600
20441.150
20418.140
20395.510
20372.540
20349.760
20327.500
20304.380
20281.730
20258.460
20235.910
20212.800
20189.710
20166.810
20143.530
20120.730
20097.740
20074.570
20051.430
20028.980
20006.230
19982.880
19959.520
19936.020
19912.660
19889.560
19866.170
19842.910
19819.680
19796.650
19773.450
19749.710
19726.920
19703.600
19680.620
19657.200
19634.220
19610.810
19587.560
19564.900
19541.630
19518.480
19495.090
19471.970
19449.140
19426.850
19403.970
19380.440
19357.250
19334.190
19311.260
19287.740
19264.660
19241.360
19218.310
19194.920
19171.660
19148.370
19125.220
19102.450
19078.960
19055.430
19031.840
19008.130
18984.910
18961.720
18938.110
18914.650
18891.250
18867.650
18844.660
18822.130
18798.620
18774.960
18751.050
18727.520
18704.020
18680.300
18656.620
18633.160
18609.910
18586.080
18562.660
18538.740
18515.980
18492.530
18468.810
18445.270
18421.410
18398.140
18374.630
18351.320
18327.770
18304.150
18280.850
18257.450
18234.130
18211.480
18187.980
18163.900
18140.110
18116.260
18092.080
18067.980
18044.150
18020.310
17995.840
17971.690
17947.500
17923.650
17899.690
17875.290
17850.550
17825.820
17801.480
17776.900
17752.050
17727.560
17702.800
17678.480
17653.860
17628.940
17604.990
17579.940
17554.860
17529.810
17504.500
17478.840
17453.350
17428.280
17402.960
17378.010
17351.810
17326.490
17300.700
17275.390
17249.690
17223.310
17197.520
17171.530
17145.870
17119.750
17093.580
17067.540
17042.170
17016.410
16990.640
16965.050
16939.780
16914.780
16889.650
16864.410
16839.630
16815.040
16790.680
16766.720
16742.750
16718.860
16695.210
16672.270
16649.270
16626.830
16604.130
16581.530
16559.480
16537.740
16515.740
16493.910
16472.540
16451.320
16430.050
16408.900
16388.170
16366.730
16347.370
16326.790
16305.780
16284.630
16263.630
16243.280
16222.200
16201.500
16180.470
16159.150
16138.690
16117.480
16096.560
16075.480
16054.280
16033.060
16011.690
15990.510
15968.720
15947.260
15925.530
15904.200
15882.000
15860.350
15838.480
15816.240
15795.760
15773.550
15750.900
15728.290
15706.000
15683.380
15660.950
15638.240
15615.580
15593.180
15570.480
15547.640
15524.960
15502.730
15480.350
15457.210
15434.540
15411.580
15388.520
15366.150
15343.250
15320.530
15297.440
15274.730
15251.950
15228.980
15207.140
15184.240
15161.020
15138.030
15114.670
15091.500
15068.580
15045.450
15022.740
14999.550
14976.590
14953.160
14929.940
14907.580
14884.360
14861.110
14837.820
14814.480
14791.390
14768.370
14745.080
14721.750
14698.420
14675.560
14652.370
14629.110
14606.500
14583.380
14560.390
14537.030
14513.880
14490.420
14467.360
14444.230
14421.050
14397.720
14374.640
14351.120
14327.910
14305.190
14281.820
14258.480
14235.320
14212.010
14188.970
14165.820
14142.330
14119.250
14096.350
14072.990
14049.670
14026.280
14004.200
13980.870
13957.320
13933.740
13910.080
13886.790
13863.290
13839.770
13816.310
13792.750
13769.330
13745.820
13722.900
13699.450
13675.860
13652.370
13628.600
13605.210
13581.780
13558.190
13534.610
13511.220
13487.840
13464.350
13440.870
13418.520
13395.210
13371.010
13347.440
13323.810
13300.180
13276.750
13252.940
13229.540
13205.750
13182.390
13158.610
13134.900
13111.840
13088.240
13064.730
13041.040
13017.460
12993.670
12970.060
12946.590
12923.090
12899.460
12875.760
12852.060
12828.500
12806.350
12782.860
12758.760
12734.960
12711.350
12687.920
12663.900
12640.180
12616.400
12592.890
12569.310
12545.410
12521.710
12498.310
12474.800
12450.820
12426.830
12403.000
12379.110
12355.360
12331.930
12308.310
12284.340
12260.440
12236.770
12213.160
12189.740
12165.900
12141.790
12118.290
12094.740
12070.850
12046.990
12023.160
11999.440
11975.710
11952.100
11928.180
11904.290
11881.240
11857.350
11833.710
11810.040
11785.890
11762.230
11738.500
11714.960
11691.410
11667.300
11643.750
11620.280
11596.590
11573.630
11550.090
11526.210
11502.660
11478.610
11454.690
11431.050
11407.240
11383.570
11359.910
11336.250
11312.470
11288.750
11265.510
11242.170
11218.480
11197.130
11187.690
11187.140
11193.380
11204.900
11219.270
