6195.160
6182.080
6175.640
6174.690
6177.540
6183.350
6191.380
6200.650
6210.860
6222.020
6233.560
6245.470
6257.860
6270.410
6282.750
6295.630
6307.780
6320.880
6333.940
6347.010
6360.120
6373.330
6386.460
6399.690
6412.420
6425.630
6438.630
6452.080
6465.110
6477.990
6490.970
6504.290
6517.370
6530.610
6543.630
6556.680
6569.980
6582.990
6596.090
6609.160
6622.160
6635.400
6648.490
6661.580
6674.310
6687.300
6700.370
6713.510
6726.370
6739.390
6752.350
6765.570
6778.390
6791.310
6804.410
6817.280
6830.330
6843.330
6856.720
6869.530
6882.690
6895.860
6908.740
6921.950
6934.880
6948.010
6960.980
6974.270
6986.530
6999.370
7012.670
7025.680
7038.640
7051.610
7064.760
7077.770
7090.610
7103.550
7116.510
7129.310
7141.950
7154.820
7167.730
7180.740
7193.570
7206.390
7219.350
7232.100
7245.260
7257.920
7270.600
7283.610
7296.380
7309.180
7321.380
7334.130
7346.960
7360.090
7373.090
7385.920
7398.660
7411.570
7424.590
7437.440
7450.160
7463.140
7475.780
7488.610
7501.530
7514.470
7527.380
7540.420
7553.410
7566.350
7579.090
7592.120
7604.780
7617.900
7630.750
7642.970
7655.700
7668.860
7681.630
7694.750
7707.490
7720.470
7733.240
7746.010
7759.010
7771.640
7784.320
7797.120
7809.710
7822.420
7835.230
7847.880
7860.650
7873.570
7886.160
7898.930
7911.670
7924.430
7936.970
7949.650
7962.510
7974.890
7987.690
8000.440
8013.000
8025.910
8038.500
8051.030
8064.080
8076.440
8089.220
8101.930
8114.360
8127.120
8139.590
8151.840
8164.440
8177.340
8189.640
8202.400
8214.860
8227.380
8239.990
8252.440
8265.030
8277.380
8289.970
8301.740
8314.290
8326.790
8339.410
8351.980
8364.390
8377.030
8389.520
8401.910
8414.210
8426.680
8439.220
8451.370
8463.470
8475.630
8488.180
8500.330
8512.540
8524.690
8536.930
8549.280
8561.280
8573.370
8585.510
8597.400
8609.580
8621.000
8633.170
8645.080
8657.110
8669.400
8681.260
8693.180
8705.000
8716.650
8728.550
8740.360
8751.910
8763.300
8774.700
8786.070
8797.620
8808.920
8820.270
8831.560
8842.580
8853.970
8864.900
8875.960
8886.830
8897.660
8908.780
8918.800
8929.310
8940.570
8951.020
8961.800
8972.330
8982.720
8993.010
9003.390
9013.730
9023.740
9033.550
9043.450
9053.210
9062.850
9072.470
9081.950
9091.460
9100.510
9109.860
9118.560
9127.580
9136.220
9144.950
9153.490
9161.850
9170.320
9178.110
9186.160
9194.130
9201.800
9209.730
9217.240
9224.780
9232.170
9239.210
9246.400
9253.450
9260.810
9267.490
9274.510
9281.630
9288.590
9295.910
9303.110
9310.000
9317.560
9324.980
9332.900
9341.010
9349.060
9357.400
9365.590
9374.780
9384.730
9394.480
9404.800
9415.600
9426.690
9438.460
9450.490
9463.050
9476.080
9489.610
9503.830
9517.740
9532.590
9547.860
9563.700
9579.660
9595.820
9612.530
9629.410
9646.690
9664.200
9681.730
9699.350
9716.600
9734.670
9753.110
9771.480
9789.900
9808.210
9826.660
9845.280
9863.280
9881.680
9900.070
9918.020
9936.360
9954.020
9971.890
9989.820
10007.500
10025.340
10042.740
10060.370
10077.420
10094.600
10112.000
10128.880
10145.800
10162.540
10178.290
10195.280
10211.470
10228.090
10244.470
10260.630
10276.670
10292.470
10308.390
10324.220
10339.910
10355.390
10370.830
10386.170
10401.320
10416.730
10432.040
10447.110
10462.330
10477.180
10492.270
10507.260
10521.970
10536.610
10551.240
10566.020
10579.970
10594.330
10608.950
10623.310
10637.660
10652.120
10666.480
10680.690
10694.850
10709.150
10723.360
10737.190
10751.320
10764.970
10778.950
10792.820
10806.700
10820.230
10834.280
10847.890
10861.770
10875.210
10888.890
10902.600
10916.380
10929.740
10942.510
10956.210
10970.050
10983.750
10997.120
11010.540
11023.920
11037.730
11051.340
11064.610
11077.850
11091.560
11104.870
11118.020
11131.530
11144.940
11158.580
11172.040
11185.450
11198.570
11212.030
11225.390
11238.850
11252.060
11265.470
11278.540
11290.920
11304.140
11317.600
11330.940
11344.060
11357.200
11370.390
11383.380
11396.370
11409.610
11422.700
11435.770
11448.950
11461.940
11474.890
11488.170
11501.130
11514.400
11527.330
11540.510
11553.450
11566.520
11579.140
11592.250
11605.300
11618.260
11630.720
11643.650
11656.600
11669.480
11682.490
11695.760
11708.440
11721.390
11733.920
11746.860
11759.850
11772.690
11785.120
11797.960
11810.580
11823.470
11836.270
11848.920
11861.750
11874.470
11887.190
11899.990
11912.710
11925.240
11938.020
11950.960
11963.790
11976.510
11989.520
12002.290
12015.620
12028.370
12041.400
12054.480
12067.410
12080.730
12094.030
12106.700
12119.790
12132.640
12145.810
12158.810
12171.810
12184.900
12198.020
12210.740
12223.660
12236.460
12249.330
12262.330
12275.080
12287.070
12300.110
12312.590
12325.320
12337.980
12350.540
12362.700
12375.170
12387.230
12399.620
12411.930
12423.860
12435.880
12447.640
12459.770
12471.540
12476.800
12476.460
12475.820
12475.430
12474.020
12471.090
12465.660
12458.390
12449.630
12440.260
12429.700
12418.860
12407.070
12395.340
12382.980
12370.740
12358.950
12346.130
12332.750
12319.590
12306.540
12293.750
12281.100
12268.020
12255.360
12242.730
12230.240
12217.300
12204.840
12192.270
12179.490
12167.080
12154.380
12141.840
12128.920
12116.580
12103.980
12091.360
12078.770
12066.190
12053.810
12041.490
12028.800
12016.440
12003.800
11991.150
11978.800
11965.920
11953.610
11940.910
11928.370
11916.020
11903.470
11890.690
11878.170
11865.590
11852.740
11839.910
11827.160
11814.240
11801.550
11788.630
11775.510
11762.510
11749.440
11736.520
11723.830
11711.260
11698.290
11685.130
11672.150
11658.870
11646.150
11633.280
11620.040
11607.200
11594.440
11581.350
11568.430
11555.520
11542.800
11529.980
11517.100
11503.870
11491.020
11477.990
11465.130
11452.050
11439.110
11425.800
11413.210
11400.160
11387.310
11374.720
11361.900
11348.730
11335.420
11322.650
11309.330
11296.290
11283.140
11270.100
11256.700
11243.430
11230.540
11217.230
11204.340
11191.130
11177.840
11164.680
11151.340
11138.220
11124.960
11111.890
11098.730
11085.640
11072.530
11059.420
11046.260
11033.870
11020.780
11007.330
10994.010
10980.690
10967.600
10954.620
10941.520
10928.330
10915.280
10902.150
10889.410
10876.350
10863.150
10850.080
10837.090
10823.750
10810.880
10797.670
10784.610
10771.420
10758.340
10745.020
10731.780
10718.610
10705.550
10692.940
10679.650
10666.360
10652.850
10639.790
10626.690
10613.430
10599.950
10586.630
10573.590
10560.410
10547.070
10533.960
10520.970
10507.610
10494.430
10480.930
10467.640
10454.200
10441.000
10427.880
10414.390
10400.970
10387.370
10374.010
10360.650
10347.720
10334.360
10320.370
10306.830
10293.000
10279.250
10265.420
10251.520
10237.760
10223.940
10209.930
10195.810
10181.900
10168.110
10154.210
10139.850
10125.550
10111.390
10097.060
10082.750
10068.280
10053.880
10039.170
10024.580
10009.910
9995.110
9981.040
9966.090
9950.720
9935.600
9920.250
9904.760
9889.600
9874.170
9858.600
9842.990
9827.230
9811.540
9796.060
9780.110
9763.900
9747.520
9731.290
9715.170
9698.820
9682.420
9665.370
9648.830
9631.870
9615.210
9598.060
9581.420
9564.190
9546.640
9528.900
9511.400
9493.570
9475.760
9458.290
9440.410
9422.580
9404.660
9386.630
9368.610
9351.140
9333.160
9315.100
9296.870
9279.220
9261.530
9243.780
9226.080
9208.510
9191.200
9174.020
9156.950
9140.180
9123.790
9107.730
9091.850
9076.190
9060.990
9046.030
9031.510
9017.880
9004.050
8990.920
8978.390
8966.090
8954.220
8943.190
8932.140
8921.370
8911.300
8901.650
8892.070
8883.200
8874.270
8865.630
8857.390
8849.420
8841.490
8833.720
8826.610
8819.250
8811.690
8803.920
8796.720
8789.310
8781.850
8774.440
8766.840
8759.280
8751.800
8744.120
8736.130
8728.560
8720.490
8712.220
8703.820
8695.420
8686.680
8677.850
8669.420
8660.440
8651.210
8641.870
8632.660
8623.560
8614.580
8604.950
8595.080
8585.200
8575.370
8565.360
8555.220
8545.000
8534.600
8524.470
8514.080
8503.700
8493.010
8482.640
8472.190
8461.260
8450.130
8439.340
8428.370
8417.420
8406.330
8395.130
8384.010
8372.550
8361.380
8349.970
8339.090
8327.540
8315.690
8304.090
8292.470
8280.670
8268.810
8257.090
8245.430
8233.440
8221.800
8209.860
8197.980
8186.050
8174.180
8162.350
8150.020
8138.020
8125.980
8113.780
8101.700
8089.670
8077.550
8065.430
8052.930
8040.870
8029.200
8016.810
8004.230
7992.030
7979.810
7967.260
7954.880
7942.500
7930.010
7917.670
7905.420
7892.820
7880.660
7868.300
7855.800
7843.160
7830.750
7818.060
7805.650
7792.830
7780.480
7767.870
7755.500
7742.770
7730.230
7717.590
7705.660
7693.240
7680.370
7667.630
7654.990
7642.450
7629.880
7616.930
7604.340
7591.530
7578.990
7566.390
7554.040
7541.290
7528.630
7515.940
7503.350
7490.440
7477.890
7465.060
7452.430
7439.560
7426.800
7413.890
7400.750
7388.930
7375.880
7362.600
7349.590
7336.500
7323.420
7310.630
7297.650
7284.600
7271.590
7258.420
7245.620
7232.670
7219.820
7207.020
7193.970
7180.970
7167.990
7155.010
7141.960
7129.070
7116.110
7103.220
7090.160
7077.340
7064.650
7052.250
7039.170
7026.340
7013.300
7000.510
6987.670
6974.730
6961.960
6949.190
6936.270
6923.390
6910.520
6897.710
6885.070
6872.370
6859.420
6846.550
6833.830
6820.990
6808.080
6795.400
6782.600
6769.760
6756.750
6744.120
6731.280
6718.690
6705.590
6692.850
6680.110
6667.400
6654.510
6641.710
6628.760
6616.100
6603.270
6590.230
6577.360
6564.570
6551.930
6539.180
6526.110
6513.070
6500.150
6487.350
6474.490
6461.500
6448.450
6435.520
6422.610
6409.810
6396.690
6384.380
6371.310
6358.380
6345.310
6332.190
6319.040
6306.130
6293.180
6280.160
6267.090
6254.070
6240.940
6228.070
6215.430
6202.290
6189.360
6178.110
6173.360
6173.440
6177.090
6183.530
6191.440
